%  columns="iteration, evaluation, sigma, axis ratio, bestever, best, median, worst fitness function value, further objective values of best" (startseed=214809, 2015/07/31 2:57:36.10)
1 11 1.570522e+01 2.010786e+01  9.994574058697613950e+00  4.463447436057091267e+01  1.308160541610932341e+04  8.276373251209747791e+08
2 21 1.409223e+01 2.014433e+01  9.994574058697613950e+00  4.408274525668701926e+01  4.519110608757747372e+01  6.623652215932951367e+04
3 31 1.291115e+01 2.032146e+01  9.994574058697613950e+00  2.392596741649985503e+01  4.559815236162229724e+01  7.696816075549462403e+04
4 41 1.221615e+01 2.003276e+01  9.994574058697613950e+00  4.458086852050313098e+01  5.338943231484582066e+04  5.248810861132454872e+08
5 51 1.139045e+01 2.003612e+01  9.994574058697613950e+00  4.496534035393652573e+01  7.835364967667570454e+04  9.049353229953608513e+08
6 61 1.029817e+01 2.015258e+01  9.994574058697613950e+00  2.195534413081151115e+01  4.519116278602667336e+01  6.901517584999538958e+07
7 71 1.000732e+01 2.012652e+01  9.994574058697613950e+00  4.405924173781491504e+01  4.518112105126723321e+01  5.576775545025664615e+05
8 81 1.065393e+01 2.060602e+01  9.994574058697613950e+00  4.192899528180755198e+01  4.511358153558491324e+01  3.451981664042936609e+04
9 91 1.087368e+01 2.112235e+01  9.994574058697613950e+00  4.290838726924260982e+01  7.715994877733466240e+01  7.152345629727357998e+06
10 101 1.194602e+01 2.241152e+01  9.994574058697613950e+00  4.290884289012910102e+01  4.586580742981134051e+01  1.357543230694570811e+06
11 111 1.167597e+01 2.267658e+01  9.994574058697613950e+00  2.660143417189348369e+01  4.516620594706233049e+01  1.026852511978656730e+04
12 121 1.167727e+01 2.310719e+01  9.994574058697613950e+00  4.135302809620987574e+01  4.508173057715385568e+01  2.991171061378551258e+03
13 131 1.123836e+01 2.300176e+01  9.994574058697613950e+00  4.392829927029571024e+01  4.517791434630940017e+01  3.047173829717270905e+02
14 141 1.101409e+01 2.243761e+01  9.994574058697613950e+00  2.254555666777084255e+01  4.565924771473863331e+01  2.556385556204793659e+02
15 151 9.937847e+00 2.232288e+01  9.994574058697613950e+00  2.623487613062221868e+01  4.519150869951832306e+01  9.911859199598495252e+03
16 161 9.629448e+00 2.264344e+01  9.994574058697613950e+00  2.125946428709075420e+01  4.409403643694732722e+01  1.033856022968353791e+05
17 171 9.411406e+00 2.287088e+01  9.994574058697613950e+00  1.837544840563856852e+01  4.518342827646992532e+01  5.420767139566802143e+03
18 181 8.778919e+00 2.335773e+01  9.994574058697613950e+00  1.597189529632520433e+01  3.115417468851956784e+01  8.325792256363450861e+02
19 191 8.255095e+00 2.419299e+01  9.994574058697613950e+00  2.660418447439538170e+01  3.914551107719529455e+01  3.581360029623343507e+03
20 201 7.852656e+00 2.438829e+01  9.994574058697613950e+00  1.996083264439806371e+01  3.421805571339514529e+01  5.316110351043731498e+04
21 211 8.057422e+00 2.492414e+01  9.994574058697613950e+00  2.139499702961141026e+01  3.305154950509515288e+01  1.336532877863211434e+04
22 221 8.894383e+00 2.529482e+01  9.994574058697613950e+00  1.708162247758479779e+01  7.610288648140648604e+01  1.304153508485837665e+04
23 231 8.924162e+00 2.575474e+01  9.994574058697613950e+00  1.754225403802078986e+01  2.674770489269330653e+01  7.833992917266758127e+01
24 241 9.284416e+00 2.596234e+01  9.994574058697613950e+00  1.895830641666146832e+01  2.574882907335022963e+01  9.240494666187544226e+02
25 251 9.342605e+00 2.567062e+01  9.994574058697613950e+00  1.767561536897909846e+01  3.137862648361825180e+01  1.492155779989483051e+02
26 261 9.342841e+00 2.617513e+01  9.994574058697613950e+00  1.841235916484997759e+01  2.537961883259267637e+01  3.655421236263466085e+02
27 271 9.203327e+00 2.578760e+01  9.994574058697613950e+00  1.696353068593881375e+01  3.742854672610101829e+01  1.264157108455409571e+02
28 281 9.497731e+00 2.545062e+01  9.994574058697613950e+00  1.782095876807975898e+01  3.833367822353626764e+01  3.526874179082980163e+02
29 291 9.357049e+00 2.512148e+01  9.994574058697613950e+00  1.573719325068386787e+01  3.462370756686269146e+01  4.819240802458990220e+04
30 301 8.687073e+00 2.516422e+01  9.994574058697613950e+00  1.748673785878498421e+01  3.037518045986611170e+01  6.598263620042059301e+03
31 311 8.007230e+00 2.520109e+01  9.994574058697613950e+00  1.726039221901674736e+01  3.134345041612010974e+01  1.085856510091693110e+02
32 321 7.969340e+00 2.539293e+01  9.994574058697613950e+00  1.723716778838608121e+01  2.919979331072526918e+01  7.975898419931463650e+02
33 331 7.494036e+00 2.571880e+01  9.994574058697613950e+00  1.479315450891045991e+01  6.474606256218832812e+01  2.183806281496001975e+04
34 341 6.844708e+00 2.555172e+01  9.994574058697613950e+00  1.564717036533963501e+01  2.276230548796212361e+01  1.184181668327280903e+02
35 351 6.671464e+00 2.564808e+01  9.994574058697613950e+00  1.495372153544643723e+01  2.713031764890129338e+01  1.272787420674800387e+02
36 361 6.390654e+00 2.591938e+01  9.994574058697613950e+00  1.440292443533575906e+01  6.899975684469227133e+01  1.480711516491792099e+04
37 371 5.972064e+00 2.615929e+01  9.994574058697613950e+00  1.433972963594279015e+01  2.396045000122136415e+01  5.987299626497218924e+03
38 381 5.802636e+00 2.566101e+01  9.994574058697613950e+00  1.425210676947163435e+01  2.452224040997102605e+01  1.094104440656143993e+02
39 391 6.127493e+00 2.531674e+01  9.994574058697613950e+00  1.451563357178178926e+01  3.132014977325338023e+01  1.028214572600361498e+04
40 401 6.258944e+00 2.559146e+01  9.994574058697613950e+00  1.528875634540312056e+01  1.833177507892223090e+01  1.231633250462207070e+04
41 411 5.895509e+00 2.544150e+01  9.994574058697613950e+00  1.750248041195023063e+01  2.104538930295679222e+01  1.016653391432539320e+04
42 421 5.827582e+00 2.579803e+01  9.994574058697613950e+00  1.709990461107289050e+01  2.438438163684066140e+01  3.778463973606122295e+01
43 431 6.036157e+00 2.623988e+01  9.994574058697613950e+00  1.696452496357452233e+01  1.957918218707855118e+01  2.956222273014091684e+01
44 441 6.069873e+00 2.661970e+01  9.994574058697613950e+00  1.683734192660475415e+01  2.901922923163715495e+01  2.017088720626107659e+02
45 451 6.188516e+00 2.685040e+01  9.994574058697613950e+00  1.690581614514731967e+01  2.959046707414108468e+01  4.814437949162277164e+02
46 461 5.798258e+00 2.673623e+01  9.994574058697613950e+00  1.717577927673172056e+01  1.970155604868235955e+01  3.728727431767924116e+01
47 471 5.112918e+00 2.634837e+01  9.994574058697613950e+00  1.582311384934020282e+01  2.542833130634740968e+01  8.127004062529542239e+01
48 481 4.777868e+00 2.606297e+01  9.994574058697613950e+00  1.708694216434245661e+01  2.285844039544904049e+01  3.128298197129819869e+02
49 491 4.904783e+00 2.524241e+01  9.994574058697613950e+00  1.672800540574429107e+01  2.358559880002183107e+01  6.796011695768132199e+01
50 501 4.811661e+00 2.513432e+01  9.994574058697613950e+00  1.837596319249661647e+01  2.119372168211662455e+01  1.674827748383499113e+02
51 511 4.668358e+00 2.565467e+01  9.994574058697613950e+00  1.752080056473777958e+01  2.260433165227451013e+01  7.847663947162575937e+01
52 521 4.672967e+00 2.556935e+01  9.994574058697613950e+00  1.722786258522397418e+01  2.022918014147619559e+01  2.310913117514607507e+02
53 531 4.600765e+00 2.580095e+01  9.994574058697613950e+00  1.755493722129575573e+01  3.783429054205983277e+01  2.782126763849685176e+02
54 541 4.907416e+00 2.570955e+01  9.994574058697613950e+00  1.713816209088213682e+01  3.360539801754318745e+01  1.104709426436587165e+02
55 551 4.994660e+00 2.553630e+01  9.994574058697613950e+00  1.685523892868000573e+01  2.582548354668464441e+01  9.279160271778299318e+01
56 561 4.583157e+00 2.538325e+01  9.994574058697613950e+00  1.781862697559381914e+01  2.434600571176121520e+01  1.984479710006275752e+02
57 571 4.164154e+00 2.527706e+01  9.994574058697613950e+00  1.715286267889491612e+01  2.442441924825148192e+01  2.460577365269892312e+02
58 581 3.937640e+00 2.517484e+01  9.994574058697613950e+00  1.703385046106876644e+01  2.000722516691322994e+01  3.928128986144463397e+01
59 591 4.107341e+00 2.536407e+01  9.994574058697613950e+00  1.784172982085252457e+01  2.272692069301668027e+01  6.711043608063405941e+01
60 601 4.627556e+00 2.440195e+01  9.994574058697613950e+00  1.464745296782526118e+01  2.495299290696089400e+01  3.402492135119354089e+01
61 611 4.609860e+00 2.400503e+01  9.994574058697613950e+00  1.525161711463392145e+01  1.919692231342014210e+01  4.520470858528580038e+01
62 621 4.578888e+00 2.388344e+01  9.994574058697613950e+00  1.623452986330278591e+01  2.523016339973010247e+01  8.602575334377928584e+01
63 631 4.555303e+00 2.377658e+01  9.994574058697613950e+00  1.476141104106568314e+01  2.144237329231580702e+01  2.690205419857797438e+02
64 641 4.494374e+00 2.347249e+01  9.994574058697613950e+00  1.456787754625306697e+01  1.868787246058730744e+01  2.152041521911341349e+01
65 651 4.424233e+00 2.358123e+01  9.994574058697613950e+00  1.570898959432911113e+01  1.885582964059435085e+01  3.085186795675702456e+02
66 661 4.021593e+00 2.350921e+01  9.994574058697613950e+00  1.448837198436511109e+01  1.980963082206509540e+01  1.096618968987845051e+02
67 671 3.939257e+00 2.326850e+01  9.994574058697613950e+00  1.453725918226880154e+01  2.077987412134531553e+01  6.192247677300618989e+02
68 681 3.747354e+00 2.343516e+01  9.994574058697613950e+00  1.353327419364073414e+01  1.687530509218112229e+01  4.861476643280020227e+01
69 691 3.608864e+00 2.276442e+01  9.994574058697613950e+00  1.445192803637778667e+01  1.596574258076096697e+01  1.970847587678430273e+02
70 701 3.520595e+00 2.219433e+01  9.994574058697613950e+00  1.355149335405472222e+01  2.536483083695232210e+01  5.722089137010802062e+01
71 711 3.604248e+00 2.206412e+01  9.994574058697613950e+00  1.416697106017015884e+01  1.908804178015402897e+01  5.449598305802376075e+01
72 721 3.475131e+00 2.190215e+01  9.994574058697613950e+00  1.386380173912444391e+01  2.103027622526145990e+01  4.198198433169520740e+02
73 731 3.716370e+00 2.113006e+01  9.994574058697613950e+00  1.395948804603955473e+01  1.919697870688614216e+01  6.333033371311394433e+01
74 741 3.776511e+00 2.101719e+01  9.994574058697613950e+00  1.629522211574451518e+01  2.187674613948965430e+01  4.470539389408116193e+01
75 751 3.511696e+00 2.133737e+01  9.994574058697613950e+00  1.468106056638959700e+01  1.771184662972337520e+01  3.548026902595420751e+01
76 761 3.410490e+00 2.140991e+01  9.994574058697613950e+00  1.408180272821538104e+01  1.583679989213897343e+01  8.721546804104271189e+01
77 771 3.314237e+00 2.140859e+01  9.994574058697613950e+00  1.452936319091329054e+01  1.952878074789666130e+01  1.152888308159416511e+02
78 781 3.244451e+00 2.167562e+01  9.994574058697613950e+00  1.396445966408624528e+01  1.577051526266246739e+01  3.538071189773361880e+01
79 791 3.578835e+00 2.085207e+01  9.994574058697613950e+00  1.424438184426794329e+01  1.507593213595805359e+01  2.186842660697864815e+01
80 801 3.679477e+00 2.062660e+01  9.994574058697613950e+00  1.380162814876067756e+01  2.063279576228553935e+01  5.072601602369584839e+01
81 811 3.554979e+00 2.054238e+01  9.994574058697613950e+00  1.398405722517973793e+01  1.665067450307701336e+01  2.725528158408587487e+01
82 821 3.343323e+00 2.042560e+01  9.994574058697613950e+00  1.358670018145050484e+01  1.849640176055045515e+01  6.758106618038382862e+01
83 831 3.162135e+00 2.093544e+01  9.994574058697613950e+00  1.458313196296920822e+01  1.920429649176677600e+01  3.393899296611535732e+01
84 841 3.215897e+00 2.065431e+01  9.994574058697613950e+00  1.443149812423894929e+01  1.806941396421304447e+01  2.421944979321370539e+01
85 851 3.420746e+00 2.043542e+01  9.994574058697613950e+00  1.387620828160770436e+01  1.610909536513495155e+01  5.537540456556600788e+01
86 861 3.575860e+00 2.046959e+01  9.994574058697613950e+00  1.475427975520557489e+01  2.201756894980576362e+01  3.490203591920831627e+01
87 871 3.632993e+00 2.080997e+01  9.994574058697613950e+00  1.415735031215445439e+01  1.781464311770307773e+01  2.705074252630766196e+01
88 881 3.626463e+00 2.075132e+01  9.994574058697613950e+00  1.377218921286501363e+01  1.538308146872553550e+01  2.314467330800765055e+01
89 891 3.940020e+00 2.127545e+01  9.994574058697613950e+00  1.319183950813673967e+01  1.777646117195326170e+01  6.097633610972422247e+01
90 901 4.086642e+00 2.144146e+01  9.994574058697613950e+00  1.379516541501368820e+01  1.921383322595094256e+01  3.916499192383527372e+01
91 911 4.172130e+00 2.188351e+01  9.994574058697613950e+00  1.412407752991424026e+01  1.617773272132168927e+01  2.992226838626873331e+01
92 921 4.128424e+00 2.183321e+01  9.994574058697613950e+00  1.307982773022634504e+01  1.875623601212976865e+01  1.623668744563512689e+02
93 931 4.165709e+00 2.190613e+01  9.994574058697613950e+00  1.500040028338051989e+01  1.670057120742126244e+01  2.790044994528771483e+01
94 941 4.257132e+00 2.028170e+01  9.994574058697613950e+00  1.417429527305348813e+01  1.724082946438617725e+01  9.650792941890993859e+01
95 951 3.928116e+00 2.031450e+01  9.994574058697613950e+00  1.340292836145555277e+01  1.555241614893177626e+01  3.074400893219099729e+01
96 961 3.665774e+00 2.053190e+01  9.994574058697613950e+00  1.267661281070395596e+01  1.949747629828880946e+01  9.010152959792286254e+01
97 971 3.755794e+00 2.211867e+01  9.994574058697613950e+00  1.252449614673225042e+01  1.463879351914427929e+01  2.227567942769782405e+01
98 981 3.676895e+00 2.219142e+01  9.994574058697613950e+00  1.345928611524350593e+01  3.774988531076107279e+01  6.570608846099376024e+02
99 991 3.597574e+00 2.244462e+01  9.994574058697613950e+00  1.275317301636208178e+01  1.843962547902869886e+01  3.820756492524159853e+01
100 1001 3.949955e+00 2.094780e+01  9.994574058697613950e+00  1.343062604662781467e+01  1.412251462160621607e+01  6.644855926514576083e+01
101 1011 4.024920e+00 2.096956e+01  9.994574058697613950e+00  1.333641565638413162e+01  1.885879786208045417e+01  3.602497801108975750e+01
102 1021 4.210485e+00 2.044284e+01  9.994574058697613950e+00  1.524514598454989134e+01  2.181148494083014810e+01  5.280469318569537052e+01
103 1031 4.140508e+00 2.046798e+01  9.994574058697613950e+00  1.431400780914095883e+01  2.076507831972945439e+01  3.911963795026899504e+01
104 1041 3.832965e+00 2.056630e+01  9.994574058697613950e+00  1.401786470227692583e+01  1.681569170396806712e+01  4.965762700531202256e+01
105 1051 3.685020e+00 2.062429e+01  9.994574058697613950e+00  1.355855227352996017e+01  1.578356972833303473e+01  3.956459620403202138e+01
106 1061 3.490557e+00 2.076903e+01  9.994574058697613950e+00  1.373550248150181297e+01  1.635518810959819191e+01  5.204844029495177438e+01
107 1071 3.523463e+00 2.061878e+01  9.994574058697613950e+00  1.322119192425392598e+01  1.576956475550142756e+01  2.617040237097661759e+01
108 1081 3.504099e+00 2.043162e+01  9.994574058697613950e+00  1.358988736965243582e+01  2.112709218392365784e+01  6.400794824956295770e+01
109 1091 3.281223e+00 2.070301e+01  9.994574058697613950e+00  1.316212363472610392e+01  1.861678852667227346e+01  9.294103669763057951e+01
110 1101 3.255227e+00 2.072064e+01  9.994574058697613950e+00  1.510742446199204991e+01  2.113110334490467324e+01  4.718956884914223906e+02
111 1111 3.493592e+00 2.057092e+01  9.994574058697613950e+00  1.383247722902700438e+01  1.743052417703908930e+01  3.770732753513074442e+01
112 1121 3.640791e+00 2.036665e+01  9.994574058697613950e+00  1.334956186253765686e+01  1.596964831794747042e+01  5.652562641966723334e+01
113 1131 3.868187e+00 2.087231e+01  9.994574058697613950e+00  1.362085885664978413e+01  1.825517492276962273e+01  6.244296230764739164e+01
114 1141 3.830383e+00 2.037954e+01  9.994574058697613950e+00  1.307760572901270102e+01  1.896475064419222534e+01  3.006809013896496907e+01
115 1151 3.694956e+00 2.001544e+01  9.994574058697613950e+00  1.343678768045044158e+01  1.740946750110328622e+01  1.555301919240868358e+02
116 1161 3.675103e+00 1.993929e+01  9.994574058697613950e+00  1.385484740187865604e+01  1.556899318585741554e+01  2.515838750342457431e+01
117 1171 3.760977e+00 2.000227e+01  9.994574058697613950e+00  1.413134285883899288e+01  1.949581469967114344e+01  5.338059979682599732e+01
118 1181 3.996632e+00 2.053425e+01  9.994574058697613950e+00  1.508015673684828784e+01  1.926633489019626566e+01  2.392975636354794631e+02
119 1191 3.994431e+00 2.074274e+01  9.994574058697613950e+00  1.469150743104238188e+01  1.806669269113513465e+01  3.125523624825868296e+01
120 1201 4.172868e+00 2.118713e+01  9.994574058697613950e+00  1.366029892802574786e+01  2.433143201873762251e+01  8.924730928973972368e+02
121 1211 4.211556e+00 2.158002e+01  9.994574058697613950e+00  1.323928612809748806e+01  1.588720553882226127e+01  6.291534605375053957e+01
122 1221 4.117861e+00 2.170208e+01  9.994574058697613950e+00  1.386087703729893938e+01  2.748610849616628826e+01  6.656159855989950813e+01
123 1231 3.690806e+00 2.181470e+01  9.994574058697613950e+00  1.419316178686480789e+01  1.585239067221079168e+01  3.234771536645934731e+01
124 1241 3.458430e+00 2.211115e+01  9.994574058697613950e+00  1.358793379164896287e+01  1.544526873072110718e+01  2.611217190169536551e+01
125 1251 3.490268e+00 2.287174e+01  9.994574058697613950e+00  1.366854927432248701e+01  1.574205570476789617e+01  1.365254672223016996e+02
126 1261 3.475669e+00 2.306851e+01  9.994574058697613950e+00  1.333720841791744860e+01  1.522282187476803728e+01  3.302668127736897929e+01
127 1271 3.654614e+00 2.338163e+01  9.994574058697613950e+00  1.286956538146240447e+01  1.560930677925341925e+01  3.357696262104509088e+01
128 1281 3.487563e+00 2.331121e+01  9.994574058697613950e+00  1.288275188111291492e+01  1.460521304635551232e+01  2.333542980929906605e+02
129 1291 3.442090e+00 2.394891e+01  9.994574058697613950e+00  1.337866094322242994e+01  1.712421365489633729e+01  2.324826808081483520e+01
130 1301 3.378989e+00 2.397652e+01  9.994574058697613950e+00  1.326916714140697451e+01  1.534046538670795456e+01  4.580530791412027725e+01
131 1311 3.211623e+00 2.395221e+01  9.994574058697613950e+00  1.312890146269645975e+01  1.496514508339074645e+01  1.846481768295070225e+01
132 1321 3.019494e+00 2.293077e+01  9.994574058697613950e+00  1.406041654733984636e+01  1.585216209255973752e+01  3.618606588591594431e+01
133 1331 2.886366e+00 2.283500e+01  9.994574058697613950e+00  1.330947157494962951e+01  1.448034698150274124e+01  3.664197009003311223e+01
134 1341 2.709831e+00 2.266890e+01  9.994574058697613950e+00  1.284793536019711446e+01  1.373417938716971420e+01  3.427352740116705121e+01
135 1351 2.482011e+00 2.223446e+01  9.994574058697613950e+00  1.352206495515013707e+01  1.429889746853035071e+01  1.912039630548253299e+01
136 1361 2.263540e+00 2.183608e+01  9.994574058697613950e+00  1.377633247994373455e+01  1.478824142401030528e+01  1.911348972237486521e+01
137 1371 2.085607e+00 2.163631e+01  9.994574058697613950e+00  1.310845493585073562e+01  1.397427688500814469e+01  2.282404269731085478e+01
138 1381 2.021013e+00 2.112457e+01  9.994574058697613950e+00  1.310204773889833518e+01  1.401701382860163925e+01  1.996103309759029543e+01
139 1391 1.922202e+00 2.109219e+01  9.994574058697613950e+00  1.316096578842430809e+01  1.448957715458771744e+01  3.981965722322091494e+01
140 1401 1.794079e+00 2.106450e+01  9.994574058697613950e+00  1.297971415041228305e+01  1.375913928712351542e+01  2.911869241371806893e+01
141 1411 1.734820e+00 2.103561e+01  9.994574058697613950e+00  1.297052600409073619e+01  1.349502019750203630e+01  1.442997443776238065e+01
142 1421 1.569850e+00 2.094145e+01  9.994574058697613950e+00  1.286570129795724249e+01  1.381955602219598767e+01  2.544817028121838121e+01
143 1431 1.439404e+00 2.085074e+01  9.994574058697613950e+00  1.299632572881862203e+01  1.380563883424205862e+01  1.461168134243932748e+01
144 1441 1.406037e+00 2.098188e+01  9.994574058697613950e+00  1.286648417363601737e+01  1.337381985975562770e+01  1.592091057634997497e+01
145 1451 1.406984e+00 2.144649e+01  9.994574058697613950e+00  1.292061228933542338e+01  1.355082775722512523e+01  1.541092291571224671e+01
146 1461 1.363037e+00 2.149497e+01  9.994574058697613950e+00  1.282582824726664050e+01  1.344416635046552599e+01  2.090153454447633408e+01
147 1471 1.433114e+00 2.139948e+01  9.994574058697613950e+00  1.286104285105795597e+01  1.300710876572216890e+01  1.341300319103330096e+01
148 1481 1.704883e+00 2.166091e+01  9.994574058697613950e+00  1.290174591500795209e+01  1.342026496279223124e+01  1.553135217164240522e+01
149 1491 1.767193e+00 2.154347e+01  9.994574058697613950e+00  1.287239638298514954e+01  1.320754831728177514e+01  1.705631921355711000e+01
150 1501 1.763358e+00 2.203153e+01  9.994574058697613950e+00  1.307893851469416724e+01  1.399282318876404929e+01  1.707153388291996166e+01
151 1511 1.791083e+00 2.205829e+01  9.994574058697613950e+00  1.326986056519167434e+01  1.559788556545409932e+01  3.618023357086086378e+01
152 1521 1.701068e+00 2.188769e+01  9.994574058697613950e+00  1.311118845629703422e+01  1.373035337438943593e+01  1.676840700888460489e+01
153 1531 1.631663e+00 2.205202e+01  9.994574058697613950e+00  1.302107568389579129e+01  1.441221416277401701e+01  1.569905909742452010e+01
154 1541 1.532337e+00 2.209636e+01  9.994574058697613950e+00  1.338711029083015092e+01  1.464633678570726261e+01  1.986976947738715182e+01
155 1551 1.597043e+00 2.189609e+01  9.994574058697613950e+00  1.314614445252967023e+01  1.398551560733033483e+01  2.372554588917216023e+01
156 1561 1.543516e+00 2.189246e+01  9.994574058697613950e+00  1.292950495486353191e+01  1.358044764621612188e+01  1.549226199291561912e+01
157 1571 1.618533e+00 2.244738e+01  9.994574058697613950e+00  1.274557755256734026e+01  1.343831746893309997e+01  2.631065177518570408e+01
158 1581 1.692110e+00 2.223169e+01  9.994574058697613950e+00  1.269171996085127319e+01  1.314564248126721324e+01  1.681934455865564004e+01
159 1591 1.785997e+00 2.231826e+01  9.994574058697613950e+00  1.254850923287763109e+01  1.322758133198114194e+01  2.354152855983075199e+01
160 1601 1.879051e+00 2.225957e+01  9.994574058697613950e+00  1.244469611928090380e+01  1.308433744812159460e+01  1.556005373015886661e+01
161 1611 2.134856e+00 2.239427e+01  9.994574058697613950e+00  1.223988883303958453e+01  1.339250397456035024e+01  2.281993154739395990e+01
162 1621 2.417892e+00 2.257380e+01  9.994574058697613950e+00  1.239614557578007670e+01  1.418416374307719607e+01  1.962970600796307608e+01
163 1631 2.631814e+00 2.343651e+01  9.994574058697613950e+00  1.222844958958536310e+01  1.314739809900824064e+01  1.635113103136873391e+01
164 1641 2.739165e+00 2.368202e+01  9.994574058697613950e+00  1.227555034948290746e+01  1.355973508856195231e+01  2.185922156125744564e+01
165 1651 2.701605e+00 2.432165e+01  9.994574058697613950e+00  1.201275634861702990e+01  1.280397387041574220e+01  1.836707764886358518e+01
166 1661 2.812721e+00 2.513266e+01  9.994574058697613950e+00  1.226112609843934997e+01  1.322998211248022926e+01  1.971601748269771903e+01
167 1671 2.692205e+00 2.523713e+01  9.994574058697613950e+00  1.187850545483366105e+01  1.832659580272894573e+01  2.370940069115435023e+01
168 1681 2.440589e+00 2.526788e+01  9.994574058697613950e+00  1.167932452243491781e+01  1.249493688168048777e+01  1.774080110102628183e+01
169 1691 2.293460e+00 2.560568e+01  9.994574058697613950e+00  1.160240405835663147e+01  1.234634736646267150e+01  1.617640857614674488e+01
170 1701 2.236236e+00 2.592033e+01  9.994574058697613950e+00  1.106590511111751418e+01  1.237066272847774151e+01  1.795928817368084296e+01
171 1711 2.164681e+00 2.512023e+01  9.994574058697613950e+00  1.161538104588529663e+01  1.253528503305061648e+01  1.932481246030162580e+01
172 1721 2.110576e+00 2.512939e+01  9.994574058697613950e+00  1.185840910923179514e+01  1.234365241376028166e+01  1.452514202078506145e+01
173 1731 1.990706e+00 2.510703e+01  9.994574058697613950e+00  1.156306662590620249e+01  1.231519539808456365e+01  1.461567292364417447e+01
174 1741 1.958312e+00 2.545841e+01  9.994574058697613950e+00  1.119515686141006761e+01  1.213851371416783920e+01  1.361190759936026495e+01
175 1751 1.877314e+00 2.593929e+01  9.994574058697613950e+00  1.117302030355663511e+01  1.184768251881179779e+01  1.496518330100467686e+01
176 1761 1.978481e+00 2.612723e+01  9.994574058697613950e+00  1.170048255516256575e+01  1.310184360075202292e+01  2.060707803414683070e+01
177 1771 1.951720e+00 2.576670e+01  9.994574058697613950e+00  1.080528168158178204e+01  1.188286559158458644e+01  1.650905647143757093e+01
178 1781 2.039781e+00 2.884971e+01  9.994574058697613950e+00  1.025684447881448591e+01  1.140083017794057518e+01  1.397062177500949076e+01
179 1791 2.107066e+00 2.976618e+01  9.994574058697613950e+00  1.098621877689232562e+01  1.174641883123271313e+01  2.163019970679805226e+01
180 1801 2.001905e+00 3.013674e+01  9.994574058697613950e+00  1.023746455531787092e+01  1.222979784621905530e+01  1.756186136813775533e+01
181 1811 2.098840e+00 3.051328e+01  9.994574058697613950e+00  1.050739298015813894e+01  1.127934680910506238e+01  2.019450591899937919e+01
182 1821 1.979653e+00 3.043878e+01  9.994574058697613950e+00  1.027266856335424805e+01  1.512159895858584591e+01  4.140599828233089141e+01
183 1831 1.867676e+00 3.069428e+01  9.928532237711827690e+00  9.928532237711827690e+00  1.275713118413488090e+01  5.315950921898617526e+04
184 1841 1.769725e+00 3.116346e+01  9.928532237711827690e+00  1.073462283789974592e+01  1.315622767816603123e+01  7.315420461274534603e+01
185 1851 1.620605e+00 3.120422e+01  9.928532237711827690e+00  1.075246265449284522e+01  1.120588485912142218e+01  2.177029797415721291e+01
186 1861 1.628773e+00 3.051281e+01  9.928532237711827690e+00  1.021304874613072222e+01  1.188010453990397508e+01  1.756774078032058384e+01
187 1871 1.775604e+00 2.952681e+01  9.928532237711827690e+00  1.019526169157617623e+01  1.135361248910233201e+01  1.552190162521354821e+01
188 1881 1.850181e+00 2.970746e+01  9.928532237711827690e+00  1.024739087811529004e+01  1.140875283018445430e+01  2.210550071961210250e+01
189 1891 1.990531e+00 2.899438e+01  9.928532237711827690e+00  1.016332565855979553e+01  1.154510438137019435e+01  1.734687062952608301e+02
190 1901 2.019137e+00 2.861424e+01  9.928532237711827690e+00  1.004910286012751541e+01  1.138619329378008516e+01  2.464775970487026768e+01
191 1911 2.006515e+00 2.881559e+01  9.928532237711827690e+00  1.064845168534800557e+01  1.341952226852240670e+01  2.466503495131174617e+01
192 1921 2.005518e+00 2.952753e+01  9.928532237711827690e+00  1.051861413558033398e+01  1.395356897986421529e+01  1.975477929513148823e+01
193 1931 1.921849e+00 2.977364e+01  9.928532237711827690e+00  1.092192948011198261e+01  1.245882142893789535e+01  2.505239936060567629e+01
194 1941 1.949736e+00 3.054985e+01  9.928532237711827690e+00  1.045130077750568454e+01  1.161303235949399415e+01  1.869412226914560904e+01
195 1951 1.875892e+00 3.120546e+01  9.928532237711827690e+00  1.041413039212518576e+01  1.123563731198672855e+01  1.537338354908712112e+01
196 1961 1.805171e+00 3.141649e+01  9.928532237711827690e+00  1.042458022952552099e+01  1.255042600237391426e+01  4.084799994535013923e+01
197 1971 1.713103e+00 3.145915e+01  9.928532237711827690e+00  1.037612692252523239e+01  1.167270199768718086e+01  2.585439906473913041e+01
198 1981 1.697887e+00 3.203648e+01  9.928532237711827690e+00  1.034725994149735584e+01  1.092582248308086967e+01  1.467817732831439592e+01
199 1991 1.671466e+00 3.228424e+01  9.928532237711827690e+00  1.055112027630480576e+01  1.124996547611927156e+01  3.145741691033741461e+01
200 2001 1.714310e+00 3.355660e+01  9.928532237711827690e+00  1.068945610855538320e+01  1.101233984346889727e+01  1.438398327727800030e+01
201 2011 1.712352e+00 3.347002e+01  9.928532237711827690e+00  1.024870563197533180e+01  1.105731907339698594e+01  1.934322202199386354e+01
202 2021 1.772390e+00 3.366619e+01  9.749762063080929408e+00  9.749762063080929408e+00  1.120653423571578600e+01  2.509463635193083419e+01
203 2031 1.695070e+00 3.345077e+01  9.749762063080929408e+00  1.058669319005411324e+01  1.185097882106667377e+01  2.348921627594519634e+01
204 2041 1.721314e+00 3.390465e+01  9.749762063080929408e+00  1.029519273560403470e+01  1.123536524727492925e+01  1.461289686116588804e+01
205 2051 1.677100e+00 3.406119e+01  9.749762063080929408e+00  1.015590917618095013e+01  1.182832727586178123e+01  1.695851140558782433e+01
206 2061 1.659143e+00 3.442182e+01  9.749762063080929408e+00  1.055653592784818784e+01  1.150048478308490019e+01  3.852960946304602174e+01
207 2071 1.622117e+00 3.538484e+01  9.749762063080929408e+00  1.024615074504057155e+01  1.099050603429660988e+01  1.326282717825952240e+01
208 2081 1.577435e+00 3.623734e+01  9.749762063080929408e+00  9.855491712911499391e+00  1.154902374373684815e+01  3.156690963803882255e+01
209 2091 1.673410e+00 3.652888e+01  9.749762063080929408e+00  1.018811172847874325e+01  1.153275351165113172e+01  1.678614004847553076e+01
210 2101 1.767170e+00 3.602374e+01  9.749762063080929408e+00  1.020469559537923132e+01  1.108029109156668035e+01  1.751231707294678941e+01
211 2111 1.649437e+00 3.631771e+01  9.749762063080929408e+00  1.080181815279344804e+01  1.308005918525923406e+01  1.619309366368154457e+01
212 2121 1.581124e+00 3.622900e+01  9.749762063080929408e+00  1.018070337780570256e+01  1.200776220262875427e+01  6.371863984811567860e+01
213 2131 1.434843e+00 3.592685e+01  9.749762063080929408e+00  9.927174896070310339e+00  1.215544237184522203e+01  1.798928732404363728e+01
214 2141 1.425388e+00 3.571070e+01  9.749762063080929408e+00  1.006847071941915850e+01  1.056646640805164239e+01  1.837645962126444488e+01
215 2151 1.389454e+00 3.528979e+01  9.749762063080929408e+00  9.854202533760654248e+00  1.027440411682508881e+01  1.168988950515885072e+01
216 2161 1.350772e+00 3.456584e+01  9.749762063080929408e+00  9.993995559988798405e+00  1.190380328153485934e+01  1.913890031454382523e+01
217 2171 1.341090e+00 3.395274e+01  9.749762063080929408e+00  1.016561147787644792e+01  1.119444828912178380e+01  1.213497225949485703e+01
218 2181 1.373859e+00 3.363680e+01  9.749762063080929408e+00  1.040822006383318055e+01  1.093887078918799460e+01  1.271272860589462894e+01
219 2191 1.327371e+00 3.404383e+01  9.749762063080929408e+00  1.024856479868512871e+01  1.063624194597325712e+01  1.164795323940128036e+01
220 2201 1.319151e+00 3.415281e+01  9.749762063080929408e+00  1.009722914510968295e+01  1.114857423349178234e+01  1.239420507832412355e+01
221 2211 1.270001e+00 3.369342e+01  9.740518020144252276e+00  9.740518020144252276e+00  1.041695941616589138e+01  1.216033794781809796e+01
222 2221 1.272300e+00 3.250610e+01  9.740518020144252276e+00  1.010586937908828453e+01  1.084828016147911356e+01  1.165546680711705818e+01
223 2231 1.265135e+00 3.308531e+01  9.740518020144252276e+00  9.806921075725298920e+00  1.071368416580942373e+01  1.599255251709189096e+01
224 2241 1.303601e+00 3.518896e+01  9.740518020144252276e+00  9.822030678009259219e+00  1.148294548141622862e+01  1.590700739908516503e+01
225 2251 1.292725e+00 3.566417e+01  9.740518020144252276e+00  9.937665688382782747e+00  1.035149346487485289e+01  1.121408012899364337e+01
226 2261 1.289688e+00 3.553812e+01  9.740518020144252276e+00  9.874023158447633008e+00  1.070632732072581916e+01  1.702547885835949160e+01
227 2271 1.296270e+00 3.480151e+01  9.740518020144252276e+00  9.886075686246492467e+00  1.051419871509152770e+01  1.164698386769719463e+01
228 2281 1.212216e+00 3.496651e+01  9.740518020144252276e+00  1.036211440552826879e+01  1.181599183824049248e+01  1.700710811417608781e+01
229 2291 1.116805e+00 3.491397e+01  9.740518020144252276e+00  1.003688660385719800e+01  1.040205534003904475e+01  1.244464038370589520e+01
230 2301 9.843575e-01 3.528953e+01  9.740518020144252276e+00  9.882493738355870860e+00  1.026855028855604246e+01  1.231986809651743719e+01
231 2311 9.102500e-01 3.510467e+01  9.740518020144252276e+00  9.861284060626248404e+00  1.016316759074120313e+01  1.053923874493039392e+01
232 2321 9.005268e-01 3.487872e+01  9.740518020144252276e+00  9.787272758127476990e+00  1.016782874996181185e+01  1.314389276600552670e+01
233 2331 8.048797e-01 3.479938e+01  9.740518020144252276e+00  9.788724555302543706e+00  9.889290572003051949e+00  1.136755855116380864e+01
234 2341 7.835812e-01 3.493622e+01  9.740518020144252276e+00  9.762279377059055463e+00  1.010146973292583539e+01  1.094455498040935204e+01
235 2351 7.601165e-01 3.515221e+01  9.740518020144252276e+00  9.972458151341005106e+00  1.020157365073676559e+01  1.085374074334892391e+01
236 2361 7.091419e-01 3.521140e+01  9.740518020144252276e+00  9.952740033748684212e+00  1.023312665975946700e+01  1.094575101940097639e+01
237 2371 6.540101e-01 3.560963e+01  9.740518020144252276e+00  9.789751022805678105e+00  1.003761756421762286e+01  1.072265102141996884e+01
238 2381 6.770216e-01 3.696685e+01  9.740518020144252276e+00  9.783174563313036032e+00  9.985599403163195831e+00  1.051085834965708443e+01
239 2391 7.158397e-01 3.920257e+01  9.706159811841468255e+00  9.706159811841468255e+00  9.991850417392249994e+00  1.058103229383827681e+01
240 2401 7.305162e-01 4.109289e+01  9.706159811841468255e+00  9.871098218206581620e+00  1.012717588610081876e+01  1.033675990319444438e+01
241 2411 7.147407e-01 4.178665e+01  9.706159811841468255e+00  9.743124563702695085e+00  9.993912502119449925e+00  1.020195495914552808e+01
242 2421 7.540077e-01 4.207038e+01  9.706159811841468255e+00  9.791860028198440702e+00  9.891615583093704700e+00  1.039203936572509690e+01
243 2431 7.886696e-01 4.206055e+01  9.706159811841468255e+00  9.722901062254491578e+00  1.007128737086325465e+01  1.067201654671305455e+01
244 2441 8.419945e-01 4.192265e+01  9.706159811841468255e+00  9.750640730724660088e+00  9.949926680404885815e+00  1.125266696882743744e+01
245 2451 9.757113e-01 4.205816e+01  9.706159811841468255e+00  9.784946055289136524e+00  9.959091071974015108e+00  1.336182977615023759e+01
246 2461 1.026850e+00 4.277249e+01  9.698787717929103991e+00  9.698787717929103991e+00  1.033970255995211929e+01  1.268985955813714916e+01
247 2471 1.107513e+00 4.287701e+01  9.698787717929103991e+00  9.789146747979620145e+00  1.027647405398731451e+01  1.650945819757398425e+01
248 2481 1.187891e+00 4.336499e+01  9.698787717929103991e+00  9.796908229576708038e+00  9.980157753074397675e+00  1.303038658110433268e+01
249 2491 1.130670e+00 4.365073e+01  9.698787717929103991e+00  9.706318880021727935e+00  1.037971340813208876e+01  1.387888779386353200e+01
250 2501 1.069688e+00 4.284107e+01  9.672355910097424569e+00  9.672355910097424569e+00  1.024906624831543311e+01  1.193507967753157928e+01
251 2511 1.051222e+00 4.276412e+01  9.672355910097424569e+00  9.798471253817995219e+00  1.023436564343239397e+01  1.271177935913499724e+01
252 2521 1.055900e+00 4.309923e+01  9.672355910097424569e+00  9.791852693866109902e+00  1.042919315973280625e+01  1.244959773479083509e+01
253 2531 1.067114e+00 4.266340e+01  9.672355910097424569e+00  9.740550167950646099e+00  1.026988551836887531e+01  1.091917992222903777e+01
254 2541 1.086039e+00 4.247495e+01  9.672355910097424569e+00  9.749758455225292053e+00  1.025124644865675094e+01  1.141568455088816236e+01
255 2551 1.246389e+00 4.158707e+01  9.672355910097424569e+00  9.702951279765061443e+00  1.010749776497304353e+01  1.147923374347463366e+01
256 2561 1.343050e+00 4.171730e+01  9.646833583921855748e+00  9.646833583921855748e+00  1.029202228605061542e+01  1.221410644883124519e+01
257 2571 1.307007e+00 4.184507e+01  9.646833583921855748e+00  9.731877748937570516e+00  1.028321866583187116e+01  1.220140886692455062e+01
258 2581 1.312315e+00 4.183773e+01  9.646833583921855748e+00  9.815475418437227262e+00  1.057038520609610188e+01  1.223626844588639884e+01
259 2591 1.297747e+00 4.192215e+01  9.646833583921855748e+00  9.741969928468765971e+00  1.013047036086749131e+01  1.215816248692194357e+01
260 2601 1.240481e+00 4.175957e+01  9.646833583921855748e+00  9.714075821995171722e+00  1.042660338966344469e+01  1.182413377999843007e+01
261 2611 1.159652e+00 4.205470e+01  9.646833583921855748e+00  9.860183213581006356e+00  1.019592383000094493e+01  2.976539276767933018e+01
262 2621 1.201251e+00 4.134248e+01  9.646833583921855748e+00  9.972218585784952793e+00  1.037115766710633480e+01  1.054729672561642495e+01
263 2631 1.100512e+00 4.132986e+01  9.646833583921855748e+00  9.938033610511270766e+00  1.020739105886707065e+01  1.221016757651183227e+01
264 2641 1.012226e+00 4.186538e+01  9.646833583921855748e+00  9.722494227322483695e+00  1.008213787718851862e+01  1.123199860014223539e+01
265 2651 9.831601e-01 4.148165e+01  9.646833583921855748e+00  9.743503410128093734e+00  9.878165095119676664e+00  1.072402563749686344e+01
266 2661 9.964928e-01 4.149819e+01  9.646833583921855748e+00  9.726232567380503014e+00  9.874624828161476131e+00  1.035302938466826816e+01
267 2671 9.714471e-01 4.197617e+01  9.646833583921855748e+00  9.742351848733244779e+00  1.005689749432642088e+01  1.106374683861514008e+01
268 2681 9.624232e-01 4.217476e+01  9.609577679349916579e+00  9.609577679349916579e+00  1.007255445490207535e+01  1.089814121161302651e+01
269 2691 9.847784e-01 4.270835e+01  9.609577679349916579e+00  9.741935970894429531e+00  1.026911244374526611e+01  1.111730349428780507e+01
270 2701 9.550264e-01 4.358791e+01  9.609577679349916579e+00  9.732237075535524085e+00  1.016575170620601121e+01  1.075400032253805804e+01
271 2711 8.421881e-01 4.560236e+01  9.609577679349916579e+00  9.719331198387237691e+00  1.021459968789928041e+01  1.321060070277531828e+01
272 2721 7.891431e-01 4.549308e+01  9.609577679349916579e+00  9.790641956213303132e+00  9.965221990062380186e+00  1.117225841798171260e+01
273 2731 7.663158e-01 4.566566e+01  9.609577679349916579e+00  9.614272803508237430e+00  9.912294386488081699e+00  1.141805105544214172e+01
274 2741 7.514058e-01 4.564378e+01  9.609577679349916579e+00  9.725373819194377489e+00  9.820675932580929413e+00  1.025231171024928578e+01
275 2751 8.130487e-01 4.553563e+01  9.609577679349916579e+00  9.736717336205117590e+00  9.862861532664943809e+00  1.093719465198614138e+01
276 2761 7.868929e-01 4.557184e+01  9.609577679349916579e+00  9.735549483348568955e+00  9.837839013336681759e+00  1.055903160575335420e+01
277 2771 7.641318e-01 4.626093e+01  9.609577679349916579e+00  9.693283842767236536e+00  9.956465575058453865e+00  1.033654329761652768e+01
278 2781 7.883948e-01 4.604787e+01  9.609577679349916579e+00  9.788704795019057769e+00  9.896789386464343252e+00  1.027742964605391762e+01
279 2791 7.071485e-01 4.584246e+01  9.609577679349916579e+00  9.754951810282756597e+00  9.837256815972381219e+00  1.092725456851618837e+01
280 2801 6.605447e-01 4.701832e+01  9.565427820163574069e+00  9.565427820163574069e+00  9.785359330360719810e+00  9.990501800493136741e+00
281 2811 6.290971e-01 4.703873e+01  9.565427820163574069e+00  9.681276226294789566e+00  9.773841018146082860e+00  1.027093555208332276e+01
282 2821 6.396516e-01 4.732081e+01  9.565427820163574069e+00  9.678053279174347878e+00  9.748890269784983076e+00  9.928076317344762813e+00
283 2831 6.317121e-01 4.778643e+01  9.565427820163574069e+00  9.620412982299074045e+00  9.920853730013318383e+00  1.045573724707364427e+01
284 2841 6.440020e-01 4.789756e+01  9.565427820163574069e+00  9.702495447946526852e+00  9.822154401355895459e+00  9.953364793567354596e+00
285 2851 6.750006e-01 4.896341e+01  9.565427820163574069e+00  9.649576433299488443e+00  9.852466302968680978e+00  1.004523144185033168e+01
286 2861 6.446963e-01 4.874803e+01  9.565427820163574069e+00  9.675162031953000508e+00  9.720796158647665663e+00  1.017844446148277981e+01
287 2871 6.093075e-01 4.882668e+01  9.565427820163574069e+00  9.755672563608451142e+00  9.854701958277178875e+00  9.935029907764594270e+00
288 2881 6.079132e-01 4.906982e+01  9.565427820163574069e+00  9.666849170965582161e+00  9.801341599263158955e+00  9.889120234268888865e+00
289 2891 5.721106e-01 4.915911e+01  9.565427820163574069e+00  9.706377160542519533e+00  9.803100200062903724e+00  1.055609658993565070e+01
290 2901 5.522187e-01 4.970552e+01  9.565427820163574069e+00  9.655784011422406721e+00  9.818724206441837410e+00  9.955813560537929874e+00
291 2911 5.494795e-01 5.022744e+01  9.565427820163574069e+00  9.724029474303971909e+00  9.776164589472495337e+00  1.004478312379014682e+01
292 2921 5.674790e-01 4.975352e+01  9.565427820163574069e+00  9.665779710624683219e+00  9.746335107393669261e+00  1.008400604999465067e+01
293 2931 5.361560e-01 5.158497e+01  9.565427820163574069e+00  9.608524371709902923e+00  9.791733423511413292e+00  1.004896825264917304e+01
294 2941 5.166050e-01 5.225377e+01  9.565427820163574069e+00  9.671897290949571513e+00  9.742288713708488146e+00  1.004561965307876470e+01
295 2951 5.242071e-01 5.252123e+01  9.565427820163574069e+00  9.681369280538877575e+00  9.731954928150244655e+00  9.894863597151246637e+00
296 2961 5.684430e-01 5.084612e+01  9.565427820163574069e+00  9.648921059862617611e+00  9.765836192266554860e+00  9.844199003310196261e+00
297 2971 5.752330e-01 5.103699e+01  9.565427820163574069e+00  9.585401069822749420e+00  9.822440366834703340e+00  9.973618585048804164e+00
298 2981 6.190202e-01 5.115301e+01  9.565427820163574069e+00  9.630549526803108051e+00  9.728359499965943513e+00  1.027014287788534119e+01
299 2991 6.545649e-01 5.103150e+01  9.565427820163574069e+00  9.645482574760126937e+00  9.760216514830833745e+00  9.871174983656946011e+00
300 3001 7.506817e-01 5.197873e+01  9.565427820163574069e+00  9.620614365186661132e+00  9.728503839408872977e+00  9.833730598115627330e+00
301 3011 8.287743e-01 5.186487e+01  9.565427820163574069e+00  9.650041732228421765e+00  9.742903149468236990e+00  1.017310566307211239e+01
302 3021 9.236376e-01 5.201918e+01  9.565427820163574069e+00  9.643488986282632069e+00  9.758607120317448036e+00  9.954654350874740487e+00
303 3031 1.042041e+00 5.143484e+01  9.565427820163574069e+00  9.801101722034394115e+00  1.000973170478795815e+01  1.009778363137743362e+01
304 3041 1.051556e+00 5.126224e+01  9.565427820163574069e+00  9.708378042244628858e+00  9.903445791853371816e+00  1.036615228855603377e+01
305 3051 1.047536e+00 5.165543e+01  9.565427820163574069e+00  9.685880984958080475e+00  1.016525547014272846e+01  1.160741625550633138e+01
306 3061 1.044281e+00 5.188792e+01  9.565427820163574069e+00  9.710960200196065983e+00  1.008485736415610035e+01  1.088200654666490941e+01
307 3071 1.014158e+00 5.154194e+01  9.565427820163574069e+00  9.664735138532009273e+00  9.821644402796122719e+00  1.027335036705085081e+01
308 3081 9.635619e-01 5.162219e+01  9.565427820163574069e+00  9.651326601049902365e+00  9.830591701910501357e+00  1.018754766497442077e+01
309 3091 8.682592e-01 5.185279e+01  9.565427820163574069e+00  9.718319159343444369e+00  9.832986716963127094e+00  1.048007226389553459e+01
310 3101 8.051917e-01 5.252520e+01  9.565427820163574069e+00  9.735175702477992132e+00  9.898363527152685748e+00  1.047257888913810575e+01
311 3111 7.482868e-01 5.229403e+01  9.565427820163574069e+00  9.729507073979235088e+00  9.861315238859067023e+00  1.036225745728031633e+01
312 3121 7.357642e-01 5.320545e+01  9.565427820163574069e+00  9.655892775444838705e+00  9.761190409383885935e+00  1.004217738135127647e+01
313 3131 7.647284e-01 5.296419e+01  9.565427820163574069e+00  9.659636297700327390e+00  9.734346403914504009e+00  9.851256146313314588e+00
314 3141 7.018579e-01 5.335011e+01  9.565427820163574069e+00  9.685921541880968988e+00  9.790437802670631129e+00  1.004294531433334114e+01
315 3151 6.717125e-01 5.287946e+01  9.565427820163574069e+00  9.671666274276178754e+00  9.742340576692294363e+00  1.010187915314176443e+01
316 3161 6.686457e-01 5.318510e+01  9.565427820163574069e+00  9.663877871179781920e+00  9.780235996694699452e+00  1.003026011782176674e+01
317 3171 6.355142e-01 5.272753e+01  9.565427820163574069e+00  9.673571233161352367e+00  9.719943618237286032e+00  9.955198327758223442e+00
318 3181 5.863924e-01 5.267850e+01  9.565427820163574069e+00  9.683713185468054263e+00  9.781711719102322178e+00  9.872074343030657673e+00
319 3191 5.219876e-01 5.270769e+01  9.565427820163574069e+00  9.643064327268557889e+00  9.736014755802109732e+00  9.820381964738785996e+00
320 3201 4.659331e-01 5.191436e+01  9.565427820163574069e+00  9.604025616227851003e+00  9.750021165885083718e+00  1.017959814571024957e+01
321 3211 4.256894e-01 5.181372e+01  9.565427820163574069e+00  9.604491958783945904e+00  9.673328864821705508e+00  9.824209615510428151e+00
322 3221 4.283366e-01 5.186687e+01  9.565427820163574069e+00  9.616151524461381328e+00  9.720933953784527404e+00  9.818876074101753559e+00
323 3231 4.183826e-01 5.137531e+01  9.565427820163574069e+00  9.654987611845911033e+00  9.729413152628215045e+00  9.787984499705109087e+00
324 3241 4.024547e-01 5.154621e+01  9.565427820163574069e+00  9.613073755511431173e+00  9.738506151901207275e+00  9.867339533254579464e+00
325 3251 4.045257e-01 5.228286e+01  9.565427820163574069e+00  9.640301866925399921e+00  9.710530549725705285e+00  9.801255939119597471e+00
326 3261 3.740827e-01 5.249440e+01  9.565427820163574069e+00  9.661459665436458621e+00  9.750590423487583536e+00  9.857975352759872578e+00
327 3271 3.508442e-01 5.266617e+01  9.565427820163574069e+00  9.621955781924819817e+00  9.718445491099300781e+00  9.898183829862031047e+00
328 3281 3.445484e-01 5.144222e+01  9.565427820163574069e+00  9.614618066211782832e+00  9.704613089998131770e+00  9.777074200864177556e+00
329 3291 3.408370e-01 5.062381e+01  9.565427820163574069e+00  9.678493709724541816e+00  9.720902515658565335e+00  9.816896991219874025e+00
330 3301 3.348440e-01 5.179232e+01  9.565427820163574069e+00  9.594804181665434584e+00  9.676973259010065220e+00  9.794828894205952707e+00
331 3311 3.337561e-01 5.046258e+01  9.565427820163574069e+00  9.679388798535750738e+00  9.737097441882029969e+00  9.827921612417553021e+00
332 3321 3.049228e-01 5.067807e+01  9.565427820163574069e+00  9.602143376405795294e+00  9.712772554048626716e+00  9.815092959227584402e+00
333 3331 2.939201e-01 5.088914e+01  9.565427820163574069e+00  9.577977897150226738e+00  9.699386994340708057e+00  9.784080268693410076e+00
334 3341 2.827633e-01 5.125976e+01  9.565427820163574069e+00  9.643671160539343035e+00  9.711874443305164917e+00  9.765223155031266700e+00
335 3351 2.894355e-01 5.127439e+01  9.565427820163574069e+00  9.625115892652408078e+00  9.694765051479391715e+00  9.767927620789269127e+00
336 3361 3.143678e-01 5.237725e+01  9.565427820163574069e+00  9.601251715222542060e+00  9.721216316726383866e+00  9.844103608233913505e+00
337 3371 3.066092e-01 5.260806e+01  9.565427820163574069e+00  9.644850010430332077e+00  9.739668411590375996e+00  9.810207768403737205e+00
338 3381 2.906905e-01 5.249183e+01  9.565427820163574069e+00  9.608077345297976635e+00  9.720202445242641431e+00  9.798567065172360202e+00
339 3391 3.032730e-01 5.276018e+01  9.565427820163574069e+00  9.639020393638038087e+00  9.696129893261780097e+00  9.798510231941257587e+00
340 3401 3.208703e-01 5.392400e+01  9.565427820163574069e+00  9.659540998628667552e+00  9.700456743161254280e+00  9.823730945729062469e+00
341 3411 3.090374e-01 5.432457e+01  9.565427820163574069e+00  9.645891153567713872e+00  9.728083714175804531e+00  9.808839168409685172e+00
342 3421 2.897390e-01 5.350430e+01  9.565427820163574069e+00  9.670979007800438509e+00  9.723265701506779379e+00  9.802681517568677450e+00
343 3431 2.858626e-01 5.362711e+01  9.565427820163574069e+00  9.628027561762877440e+00  9.701896942974739702e+00  9.745107882788605735e+00
344 3441 2.942820e-01 5.346261e+01  9.565427820163574069e+00  9.629439535917420301e+00  9.716799980585427932e+00  9.785327086753195402e+00
345 3451 3.227610e-01 5.428610e+01  9.565427820163574069e+00  9.603424090177817618e+00  9.707864880359149851e+00  9.799003033603410628e+00
346 3461 3.198511e-01 5.494595e+01  9.565427820163574069e+00  9.606098560309558110e+00  9.708196841231529817e+00  9.806684204553899775e+00
347 3471 3.539865e-01 5.506527e+01  9.565427820163574069e+00  9.632942722952154924e+00  9.672391131951297183e+00  9.772368742095657979e+00
348 3481 3.744443e-01 5.645504e+01  9.565427820163574069e+00  9.609854699068364425e+00  9.693831614687681508e+00  9.841687858577936154e+00
349 3491 3.634675e-01 5.607060e+01  9.565427820163574069e+00  9.634393927232361321e+00  9.703109771115954629e+00  9.808195370890747000e+00
350 3501 3.353921e-01 5.625394e+01  9.565427820163574069e+00  9.612723226837459833e+00  9.668493928490480727e+00  9.807826128022590240e+00
351 3511 3.017433e-01 5.602173e+01  9.565427820163574069e+00  9.619746672926824616e+00  9.711219579634096988e+00  9.819302437111113946e+00
352 3521 2.714970e-01 5.598328e+01  9.565427820163574069e+00  9.589449322816873789e+00  9.681142573409299956e+00  9.804977513680823265e+00
353 3531 2.577066e-01 5.908572e+01  9.562439454214022305e+00  9.562439454214022305e+00  9.746695840355528162e+00  9.796384516994706360e+00
354 3541 2.418386e-01 5.845598e+01  9.562439454214022305e+00  9.572599557941879667e+00  9.691733005339877138e+00  9.746176673981358007e+00
355 3551 2.215325e-01 5.852052e+01  9.562439454214022305e+00  9.647050590757942246e+00  9.686919361046196997e+00  9.745236834452766672e+00
356 3561 1.995051e-01 5.785814e+01  9.562439454214022305e+00  9.622477791393823310e+00  9.702648822664080797e+00  9.805436953062166339e+00
357 3571 1.799467e-01 5.808704e+01  9.562439454214022305e+00  9.675039205014515531e+00  9.698514953091201818e+00  9.821577714600525866e+00
358 3581 1.641680e-01 5.819346e+01  9.562439454214022305e+00  9.594697425574111094e+00  9.672314912931758712e+00  9.724767317681004997e+00
359 3591 1.444297e-01 5.894372e+01  9.562439454214022305e+00  9.591095818256720307e+00  9.685144689397461093e+00  9.714134217820914685e+00
360 3601 1.282899e-01 5.822668e+01  9.562439454214022305e+00  9.585090627080971259e+00  9.691398824566604731e+00  9.762861025130449733e+00
361 3611 1.268247e-01 5.802059e+01  9.562439454214022305e+00  9.606379456911897208e+00  9.678539821179569458e+00  9.758157031170268780e+00
362 3621 1.252101e-01 5.808864e+01  9.562439454214022305e+00  9.686548844730072716e+00  9.714830667167873912e+00  9.809278746777712499e+00
363 3631 1.249769e-01 5.816797e+01  9.562439454214022305e+00  9.648643194276875334e+00  9.712158559359675536e+00  9.765538354542000476e+00
364 3641 1.184721e-01 5.820033e+01  9.562439454214022305e+00  9.585260636179185667e+00  9.724882838356295522e+00  9.821023225206140239e+00
365 3651 1.241593e-01 5.840211e+01  9.562439454214022305e+00  9.611571423690170590e+00  9.686377102379527315e+00  9.799614616587158267e+00
366 3661 1.313572e-01 5.849501e+01  9.562439454214022305e+00  9.582338975705861017e+00  9.678681118023028773e+00  9.737174617891367845e+00
367 3671 1.380339e-01 5.985058e+01  9.562439454214022305e+00  9.575830546814886546e+00  9.700582295247830444e+00  9.743115891072195112e+00
368 3681 1.314927e-01 6.016611e+01  9.562439454214022305e+00  9.662835968820816746e+00  9.693186689636853259e+00  9.817405420520678661e+00
369 3691 1.295728e-01 5.963919e+01  9.562439454214022305e+00  9.568510332136547447e+00  9.660405863614862199e+00  9.780966955666794860e+00
370 3701 1.250004e-01 5.907085e+01  9.562439454214022305e+00  9.643686884491366129e+00  9.707897232135906052e+00  9.761459579852266089e+00
371 3711 1.249806e-01 6.152674e+01  9.562439454214022305e+00  9.656206812771666037e+00  9.716045445244093415e+00  9.801661887794169914e+00
372 3721 1.239003e-01 6.136806e+01  9.562439454214022305e+00  9.631172575098656097e+00  9.727051065783392403e+00  9.825467727419187725e+00
373 3731 1.257949e-01 6.102489e+01  9.562439454214022305e+00  9.651530675676250226e+00  9.745540440353714473e+00  9.802813311493368431e+00
374 3741 1.271819e-01 6.327142e+01  9.562439454214022305e+00  9.692905642623788509e+00  9.731776170727817643e+00  9.798442302707311313e+00
375 3751 1.372449e-01 6.542809e+01  9.562439454214022305e+00  9.640805202321335088e+00  9.697996461739741392e+00  9.765963230589408184e+00
376 3761 1.560319e-01 6.780959e+01  9.562439454214022305e+00  9.655159991495368743e+00  9.697638432280687226e+00  9.762357172361079805e+00
377 3771 1.681000e-01 6.848645e+01  9.562439454214022305e+00  9.629509014688741431e+00  9.702176822736756634e+00  9.793646636239316194e+00
378 3781 1.739823e-01 6.928205e+01  9.562439454214022305e+00  9.582668982549096270e+00  9.685635449221940974e+00  9.746060336746820596e+00
379 3791 1.924682e-01 6.873249e+01  9.562439454214022305e+00  9.597395894540639461e+00  9.711931352054076427e+00  9.795361106550863894e+00
380 3801 1.879206e-01 7.037079e+01  9.562439454214022305e+00  9.609586360856599896e+00  9.665912141021486548e+00  9.747346568025241353e+00
381 3811 1.983827e-01 7.078762e+01  9.562439454214022305e+00  9.567879008548075603e+00  9.682289123467406000e+00  9.778222651853194947e+00
382 3821 2.173468e-01 6.860435e+01  9.562439454214022305e+00  9.593397656734930834e+00  9.705956437613885157e+00  9.746366721042365455e+00
383 3831 2.235109e-01 6.806598e+01  9.562439454214022305e+00  9.623944159230010342e+00  9.689168015687158686e+00  9.814444249915839080e+00
384 3841 2.330795e-01 6.747297e+01  9.562439454214022305e+00  9.595086535320712429e+00  9.697757229580075133e+00  9.801042435327058655e+00
385 3851 2.330216e-01 6.852116e+01  9.562439454214022305e+00  9.649796576577214680e+00  9.709615674303009314e+00  9.764547654167763824e+00
386 3861 2.038118e-01 6.952581e+01  9.562439454214022305e+00  9.689957089590757633e+00  9.714116194232015999e+00  9.798916980710599134e+00
387 3871 1.807057e-01 6.988654e+01  9.562439454214022305e+00  9.628362170218775162e+00  9.710267611951380218e+00  9.792524421449343208e+00
388 3881 1.701701e-01 7.012391e+01  9.562439454214022305e+00  9.618001329960847556e+00  9.685430190059260980e+00  9.777023532994983057e+00
389 3891 1.584197e-01 7.055027e+01  9.562439454214022305e+00  9.667026383777834297e+00  9.716439467702999266e+00  9.783092527850469011e+00
390 3901 1.562948e-01 6.909228e+01  9.562439454214022305e+00  9.622222390771568712e+00  9.722516784971507064e+00  9.796379819996408500e+00
391 3911 1.457678e-01 6.923854e+01  9.562439454214022305e+00  9.656417735930029167e+00  9.703364241978974292e+00  9.747400749961297350e+00
392 3921 1.396871e-01 6.958068e+01  9.562439454214022305e+00  9.563987860959993981e+00  9.696615671654125634e+00  9.791018760425362899e+00
393 3931 1.381394e-01 7.071372e+01  9.562439454214022305e+00  9.608873248578403192e+00  9.692239332256018969e+00  9.762402502334472487e+00
394 3941 1.386944e-01 7.102493e+01  9.562439454214022305e+00  9.574474765104154628e+00  9.702996659870169793e+00  9.764541184891079695e+00
395 3951 1.448373e-01 7.145114e+01  9.562439454214022305e+00  9.603792586108053086e+00  9.688903672903119713e+00  9.713529459549553380e+00
396 3961 1.481929e-01 7.197152e+01  9.562439454214022305e+00  9.588695006304305934e+00  9.703294507912998412e+00  9.743996199977566164e+00
397 3971 1.601891e-01 7.151834e+01  9.562439454214022305e+00  9.636703243582235956e+00  9.702166797208118254e+00  9.766783814781225814e+00
398 3981 1.539755e-01 7.256269e+01  9.562439454214022305e+00  9.618535432131052332e+00  9.714263065448463408e+00  9.817405051724207965e+00
399 3991 1.522646e-01 7.013777e+01  9.562439454214022305e+00  9.633330681437266563e+00  9.682603007050207822e+00  9.772515441731556507e+00
400 4001 1.343916e-01 6.938189e+01  9.562439454214022305e+00  9.622371941140427154e+00  9.702400651590723513e+00  9.733563889116494394e+00
401 4011 1.284976e-01 6.970323e+01  9.562439454214022305e+00  9.602912157968791718e+00  9.698670635148992858e+00  9.784853782666859345e+00
402 4021 1.294839e-01 6.969283e+01  9.562439454214022305e+00  9.563176521245386752e+00  9.684408860560250076e+00  9.712340733594908571e+00
403 4031 1.173268e-01 6.959205e+01  9.562439454214022305e+00  9.575896472763233191e+00  9.686306688593141700e+00  9.817931456434674686e+00
404 4041 1.059163e-01 6.941876e+01  9.562439454214022305e+00  9.664924412694704259e+00  9.691376268050831300e+00  9.827972651300244777e+00
405 4051 9.380304e-02 6.954678e+01  9.562439454214022305e+00  9.621095805213601082e+00  9.696308379756533924e+00  9.755452565305056112e+00
406 4061 8.995430e-02 7.057870e+01  9.562439454214022305e+00  9.662830339925944756e+00  9.702972476317444972e+00  9.807460307453299109e+00
407 4071 8.674730e-02 6.958944e+01  9.562439454214022305e+00  9.617704218712448849e+00  9.688168042358160648e+00  9.795648744561017196e+00
408 4081 8.530847e-02 6.957509e+01  9.562439454214022305e+00  9.646298054615453310e+00  9.705867610913685439e+00  9.768033014370432809e+00
409 4091 7.757524e-02 6.909610e+01  9.562439454214022305e+00  9.662076416902481313e+00  9.716416972552321951e+00  9.801518944949556555e+00
410 4101 7.187292e-02 6.903386e+01  9.562439454214022305e+00  9.599986153458637261e+00  9.672826053964103110e+00  9.730300734238376492e+00
411 4111 6.970941e-02 6.916307e+01  9.562439454214022305e+00  9.594171598454737548e+00  9.689240983123498907e+00  9.811721345111529047e+00
412 4121 6.879480e-02 7.039888e+01  9.562439454214022305e+00  9.608565231419836650e+00  9.696608355158042869e+00  9.754465674245043516e+00
413 4131 6.859107e-02 7.039491e+01  9.562439454214022305e+00  9.620661586837107038e+00  9.703055007670412735e+00  9.761724867109068171e+00
414 4141 7.470227e-02 7.053411e+01  9.562439454214022305e+00  9.617976604617997083e+00  9.688353372312109357e+00  9.802476396067161701e+00
415 4151 8.347352e-02 7.363199e+01  9.562439454214022305e+00  9.576586040863979576e+00  9.707727995585118563e+00  9.767640247730838610e+00
416 4161 8.272443e-02 7.469014e+01  9.562439454214022305e+00  9.623905657392812785e+00  9.712494000018132567e+00  9.786053208782226065e+00
417 4171 7.909984e-02 7.419625e+01  9.562439454214022305e+00  9.600469913431098234e+00  9.705576134933306065e+00  9.823899823035414869e+00
418 4181 8.313668e-02 7.678808e+01  9.562439454214022305e+00  9.643929566766907158e+00  9.693127077434928296e+00  9.773499039631115437e+00
419 4191 8.755256e-02 7.723449e+01  9.562439454214022305e+00  9.629638598269728789e+00  9.674327742528355145e+00  9.747744319245457589e+00
420 4201 8.661554e-02 7.708331e+01  9.562439454214022305e+00  9.601847920468767228e+00  9.720398234850847530e+00  9.772989192772696398e+00
421 4211 8.297551e-02 7.674110e+01  9.562439454214022305e+00  9.671747617229318195e+00  9.728497740660573712e+00  9.780313366360555705e+00
422 4221 8.235462e-02 7.761360e+01  9.562439454214022305e+00  9.598794132884597374e+00  9.701231147369561825e+00  9.735389487291604027e+00
423 4231 8.212221e-02 7.755314e+01  9.562439454214022305e+00  9.616523541685767285e+00  9.698053079830325274e+00  9.808439323252331477e+00
424 4241 8.276361e-02 7.678798e+01  9.562439454214022305e+00  9.586953190558983096e+00  9.693051724638781508e+00  9.790757247178536460e+00
425 4251 8.305421e-02 7.717050e+01  9.562439454214022305e+00  9.628762594224399507e+00  9.704757307892453611e+00  9.806675655286632320e+00
426 4261 7.825622e-02 7.746657e+01  9.562439454214022305e+00  9.630526639028715863e+00  9.718613928425433812e+00  9.821094182453309784e+00
427 4271 7.897396e-02 7.906236e+01  9.562439454214022305e+00  9.590684116876884602e+00  9.643453837773705573e+00  9.790978381780139017e+00
428 4281 8.163605e-02 8.047422e+01  9.562439454214022305e+00  9.614532741590766207e+00  9.677499558140729263e+00  9.800951549326734735e+00
429 4291 8.122327e-02 8.305053e+01  9.562439454214022305e+00  9.573344143008261753e+00  9.690633406552340290e+00  9.734930944307738088e+00
430 4301 7.826931e-02 8.473150e+01  9.562439454214022305e+00  9.567334988269697860e+00  9.682120147195860227e+00  9.768346888775731429e+00
431 4311 7.121338e-02 8.702823e+01  9.562439454214022305e+00  9.609901391019942452e+00  9.688779953163146885e+00  9.791900933570312660e+00
432 4321 7.294355e-02 8.605596e+01  9.562439454214022305e+00  9.631677283096221842e+00  9.698196287074672739e+00  9.792248306285209480e+00
433 4331 7.575894e-02 8.619051e+01  9.562439454214022305e+00  9.605467311625426774e+00  9.690251532038564264e+00  9.788423452070674102e+00
434 4341 7.455187e-02 8.455337e+01  9.562439454214022305e+00  9.627168352227013060e+00  9.691426092055124286e+00  9.808013702057602146e+00
435 4351 7.849332e-02 8.416829e+01  9.562439454214022305e+00  9.669343164024912340e+00  9.717191500412647898e+00  9.816829369274120864e+00
436 4361 8.385313e-02 8.384438e+01  9.562439454214022305e+00  9.619052167668122877e+00  9.691600928501062029e+00  9.774694370407429389e+00
437 4371 8.530805e-02 8.423250e+01  9.545886036746500380e+00  9.545886036746500380e+00  9.682535491804483030e+00  9.751631963425191785e+00
438 4381 7.534837e-02 8.402982e+01  9.545886036746500380e+00  9.572130455595912579e+00  9.671205689508306946e+00  9.782133751381843823e+00
439 4391 7.137581e-02 8.344125e+01  9.545886036746500380e+00  9.623160941046693395e+00  9.689811762228391245e+00  9.805650146468707362e+00
440 4401 7.319226e-02 8.413837e+01  9.545886036746500380e+00  9.575731828869290752e+00  9.668850593045185349e+00  9.779112910107043533e+00
441 4411 7.248195e-02 8.166652e+01  9.545886036746500380e+00  9.564183989392981644e+00  9.669781598972091885e+00  9.766767400117320364e+00
442 4421 7.724039e-02 8.461274e+01  9.545886036746500380e+00  9.604916746519570836e+00  9.664661302381292174e+00  9.773548899619230568e+00
443 4431 7.654418e-02 8.473733e+01  9.545886036746500380e+00  9.620306345861147079e+00  9.699146680773484519e+00  9.766917173062457991e+00
444 4441 7.475770e-02 8.539917e+01  9.545886036746500380e+00  9.603519466314295983e+00  9.716909016438032509e+00  9.781441383981725579e+00
445 4451 6.597596e-02 8.550562e+01  9.545886036746500380e+00  9.628500199713515784e+00  9.711029969811278306e+00  9.786666728723108832e+00
446 4461 6.451429e-02 8.509667e+01  9.545886036746500380e+00  9.585389957589129040e+00  9.723993973585702832e+00  9.734055070284115985e+00
447 4471 6.504618e-02 8.614435e+01  9.545886036746500380e+00  9.680276587593935389e+00  9.708527566954646915e+00  9.778368053835096774e+00
448 4481 6.582622e-02 8.633837e+01  9.545886036746500380e+00  9.584357232759625589e+00  9.692755141395540619e+00  9.816922075418162308e+00
449 4491 6.744505e-02 8.628217e+01  9.545886036746500380e+00  9.589524467304871180e+00  9.678844226652561389e+00  9.705849116582848879e+00
450 4501 6.805338e-02 8.576958e+01  9.545886036746500380e+00  9.623047551433758784e+00  9.699273494525021633e+00  9.749717588607724750e+00
451 4511 6.389876e-02 8.516607e+01  9.545886036746500380e+00  9.588055955756773940e+00  9.713226104627118218e+00  9.751910836981652508e+00
452 4521 6.306287e-02 8.525522e+01  9.545886036746500380e+00  9.620898365130281960e+00  9.689495253403569208e+00  9.762281841991056197e+00
453 4531 6.092940e-02 8.359212e+01  9.545886036746500380e+00  9.614968542798441931e+00  9.685866611472796706e+00  9.822972091322428767e+00
454 4541 6.092273e-02 8.259159e+01  9.545886036746500380e+00  9.647700023543906767e+00  9.690468251870608896e+00  9.779869592265454159e+00
455 4551 6.477959e-02 8.188950e+01  9.545886036746500380e+00  9.665059088145907751e+00  9.689217980492571769e+00  9.775664954525055350e+00
456 4561 6.394249e-02 8.175589e+01  9.545886036746500380e+00  9.606731282748089740e+00  9.710512352978286188e+00  9.785642152171735830e+00
457 4571 5.784731e-02 8.098777e+01  9.545886036746500380e+00  9.661425954391582138e+00  9.709803217423175425e+00  9.785716669992220673e+00
458 4581 5.159936e-02 8.163647e+01  9.545886036746500380e+00  9.649503708714268768e+00  9.719107220961817006e+00  9.788389230981518807e+00
459 4591 5.079275e-02 8.229308e+01  9.545886036746500380e+00  9.629407726114241228e+00  9.706081163119879562e+00  9.792250939966715251e+00
460 4601 5.148649e-02 8.212181e+01  9.545886036746500380e+00  9.595858235983138584e+00  9.688588405974567053e+00  9.822874646197268689e+00
461 4611 5.055235e-02 8.257622e+01  9.545886036746500380e+00  9.584914331127409426e+00  9.668408119224380926e+00  9.729433098944751279e+00
462 4621 5.087487e-02 7.835540e+01  9.545886036746500380e+00  9.629618117971476821e+00  9.717726198646964519e+00  9.797485195427512394e+00
463 4631 5.362886e-02 7.715890e+01  9.545886036746500380e+00  9.618191320775226316e+00  9.733234149101605226e+00  9.784318654817093730e+00
464 4641 5.471219e-02 7.596389e+01  9.545886036746500380e+00  9.616402419239244992e+00  9.683376555050523748e+00  9.771787696875369633e+00
465 4651 5.403788e-02 7.497528e+01  9.545886036746500380e+00  9.586930176999549857e+00  9.668780548796025442e+00  9.786858810278685539e+00
466 4661 5.508403e-02 7.493504e+01  9.545886036746500380e+00  9.611034755202773283e+00  9.691881411061961771e+00  9.788513962983207861e+00
467 4671 5.410716e-02 7.705673e+01  9.545886036746500380e+00  9.692713350161080044e+00  9.717931338716343959e+00  9.793526203561786048e+00
468 4681 5.177222e-02 7.948526e+01  9.545886036746500380e+00  9.606511323175890738e+00  9.690763040167809095e+00  9.795451585165549702e+00
469 4691 4.915229e-02 7.977667e+01  9.545886036746500380e+00  9.629967974891579630e+00  9.690643300195688425e+00  9.768122318723730046e+00
470 4701 4.749535e-02 8.035318e+01  9.545886036746500380e+00  9.574925984211983376e+00  9.679913481001708675e+00  9.777961657557336039e+00
471 4711 4.766349e-02 8.149687e+01  9.545886036746500380e+00  9.597958838551470251e+00  9.692912618838732897e+00  9.797173910591208568e+00
472 4721 4.967532e-02 8.242799e+01  9.545886036746500380e+00  9.591686790277279329e+00  9.676520031142979761e+00  9.796371831181515333e+00
473 4731 4.798690e-02 8.322541e+01  9.545886036746500380e+00  9.577883669697701663e+00  9.692812464799498429e+00  9.753953851819098020e+00
474 4741 4.709521e-02 8.433442e+01  9.545886036746500380e+00  9.674694960991818249e+00  9.699626961575615880e+00  9.795578641813948551e+00
475 4751 4.552448e-02 8.403033e+01  9.545886036746500380e+00  9.645299294301402426e+00  9.690447086714286229e+00  9.799559636432373821e+00
476 4761 4.664030e-02 8.491621e+01  9.545886036746500380e+00  9.643920538748353977e+00  9.718814105613663656e+00  9.741364451057611618e+00
477 4771 4.515676e-02 8.642830e+01  9.545886036746500380e+00  9.645771230099859039e+00  9.687079140527387722e+00  9.799858474990820412e+00
478 4781 4.496488e-02 8.759303e+01  9.545886036746500380e+00  9.649306245774432966e+00  9.693446745064880687e+00  9.773930239502831796e+00
479 4791 4.324456e-02 8.852988e+01  9.545886036746500380e+00  9.692649348155665479e+00  9.709650055993947149e+00  9.809575857499032381e+00
480 4801 4.463655e-02 8.849221e+01  9.545886036746500380e+00  9.682387353282463138e+00  9.732540474161609723e+00  9.796515359703656500e+00
481 4811 4.394470e-02 8.990327e+01  9.545886036746500380e+00  9.626679988530890242e+00  9.693944101595848295e+00  9.806419707512327832e+00
482 4821 4.368929e-02 9.042682e+01  9.545886036746500380e+00  9.635494533064370870e+00  9.735877884929534432e+00  9.768382937057191739e+00
483 4831 4.663607e-02 8.941408e+01  9.545886036746500380e+00  9.589019700043087013e+00  9.686005780064842696e+00  9.799730906385031304e+00
484 4841 4.829581e-02 9.023842e+01  9.545886036746500380e+00  9.606390242828840798e+00  9.709561918291374383e+00  9.804920428639885444e+00
485 4851 4.503184e-02 8.984707e+01  9.545886036746500380e+00  9.600662252537290442e+00  9.701649742185491476e+00  9.757822209138005576e+00
486 4861 4.588784e-02 8.955777e+01  9.545886036746500380e+00  9.625604666461576642e+00  9.693127308621640736e+00  9.794117094567576842e+00
487 4871 4.552750e-02 8.931652e+01  9.545886036746500380e+00  9.614828756785611219e+00  9.706394229547612440e+00  9.740755695944123715e+00
488 4881 4.790677e-02 8.924294e+01  9.545886036746500380e+00  9.620548014297650496e+00  9.715237586073378395e+00  9.781466626479959459e+00
489 4891 4.887696e-02 8.940228e+01  9.545886036746500380e+00  9.593207802153896679e+00  9.724273067479515475e+00  9.768474973817591334e+00
490 4901 5.450235e-02 8.832548e+01  9.545886036746500380e+00  9.638237882662867406e+00  9.692786661566252349e+00  9.790173814198459112e+00
491 4911 5.156478e-02 8.784080e+01  9.545886036746500380e+00  9.631672707920312604e+00  9.697759238358038658e+00  9.793294353710289002e+00
492 4921 5.078204e-02 8.856022e+01  9.545886036746500380e+00  9.628323621446439162e+00  9.690404328954940638e+00  9.791108418254470536e+00
493 4931 5.177512e-02 8.872090e+01  9.545886036746500380e+00  9.612021559128320902e+00  9.681800801302193449e+00  9.788978362579941361e+00
494 4941 5.156366e-02 9.275656e+01  9.545886036746500380e+00  9.603903928643372723e+00  9.704993132052891269e+00  9.805169404090268159e+00
495 4951 5.087294e-02 9.466402e+01  9.545886036746500380e+00  9.604782099807438911e+00  9.684911519915072375e+00  9.735757544996197055e+00
496 4961 4.923231e-02 9.555546e+01  9.545886036746500380e+00  9.606321284243234615e+00  9.726214453656620407e+00  9.815217611242324836e+00
497 4971 5.170702e-02 9.768528e+01  9.545886036746500380e+00  9.633495235037377924e+00  9.716474855302845270e+00  9.774322003846174667e+00
498 4981 5.522598e-02 9.971214e+01  9.545886036746500380e+00  9.597917194571454758e+00  9.683501318372831790e+00  9.779895730934381248e+00
499 4991 5.641163e-02 1.004105e+02  9.545886036746500380e+00  9.579104136028027128e+00  9.734463691389954931e+00  9.793870692385102217e+00
500 5001 5.824405e-02 9.965878e+01  9.545886036746500380e+00  9.563933650727506119e+00  9.684974755692618231e+00  9.730957834322440547e+00
501 5011 5.992868e-02 9.895213e+01  9.545886036746500380e+00  9.667125410591395962e+00  9.696975260905308147e+00  9.743046918983599980e+00
502 5021 6.187453e-02 9.989428e+01  9.545886036746500380e+00  9.637641659272178529e+00  9.695533084526582357e+00  9.734998475004552176e+00
503 5031 5.987842e-02 9.722506e+01  9.545886036746500380e+00  9.663844171086653390e+00  9.704010025840611675e+00  9.823163635126869409e+00
504 5041 5.871055e-02 9.804501e+01  9.545886036746500380e+00  9.669237491473596791e+00  9.703626162725162985e+00  9.774475564548135154e+00
505 5051 5.846593e-02 1.016119e+02  9.545886036746500380e+00  9.634435691106366662e+00  9.700855565580027928e+00  9.752064377219271663e+00
506 5061 5.787806e-02 1.060668e+02  9.545886036746500380e+00  9.607095609688748539e+00  9.706877132375151263e+00  9.797619050125080165e+00
507 5071 5.733458e-02 1.077778e+02  9.545886036746500380e+00  9.603084937604156934e+00  9.683351221421075294e+00  9.809215743518379327e+00
508 5081 5.558262e-02 1.085942e+02  9.545886036746500380e+00  9.634902399190597322e+00  9.721720944469275594e+00  9.801800888697091096e+00
509 5091 5.383862e-02 1.090824e+02  9.545886036746500380e+00  9.646920971827745106e+00  9.694510282199747309e+00  9.766209736053040658e+00
510 5101 5.227071e-02 1.082931e+02  9.545886036746500380e+00  9.665219177768767267e+00  9.706293323399300732e+00  9.781322324644028399e+00
511 5111 4.845786e-02 1.119256e+02  9.545886036746500380e+00  9.625992610938023830e+00  9.710091108835257501e+00  9.758109886312771764e+00
512 5121 4.467641e-02 1.163313e+02  9.545886036746500380e+00  9.652142554425479304e+00  9.712891072980095686e+00  9.812555171578381419e+00
513 5131 4.105743e-02 1.168238e+02  9.545886036746500380e+00  9.675745908637583881e+00  9.699307625686525824e+00  9.764185574073719565e+00
514 5141 4.161227e-02 1.224199e+02  9.545886036746500380e+00  9.596655378654928015e+00  9.691910140099754045e+00  9.764351755492118201e+00
515 5151 4.058410e-02 1.196355e+02  9.545886036746500380e+00  9.622049633285508108e+00  9.722043731816482293e+00  9.787401811091775983e+00
516 5161 4.317449e-02 1.202621e+02  9.545886036746500380e+00  9.589812964936522022e+00  9.737924628607991906e+00  9.776597605239921052e+00
517 5171 4.310010e-02 1.175820e+02  9.545886036746500380e+00  9.595894597516959834e+00  9.697709985103188046e+00  9.777329448876825424e+00
518 5181 4.103209e-02 1.186754e+02  9.545886036746500380e+00  9.610613145127571144e+00  9.729525769606134133e+00  9.812774950346584646e+00
519 5191 4.293856e-02 1.174639e+02  9.545886036746500380e+00  9.579806048292889287e+00  9.702056187689141353e+00  9.774747890439405396e+00
520 5201 4.523732e-02 1.177060e+02  9.545886036746500380e+00  9.602895023539277375e+00  9.671422234180898414e+00  9.762768878022109575e+00
521 5211 4.478472e-02 1.158229e+02  9.545886036746500380e+00  9.665543625702074593e+00  9.685841648686102090e+00  9.765615077493254859e+00
522 5221 4.126188e-02 1.156187e+02  9.545886036746500380e+00  9.622744813468040448e+00  9.701301483887629473e+00  9.781782382709856449e+00
523 5231 4.007107e-02 1.150098e+02  9.545886036746500380e+00  9.602835728257304027e+00  9.727154754583180463e+00  9.808310998019438287e+00
524 5241 3.571295e-02 1.142759e+02  9.545886036746500380e+00  9.657719943243055383e+00  9.715030524416695457e+00  9.772939696621834926e+00
525 5251 3.396244e-02 1.140722e+02  9.545886036746500380e+00  9.609484238413593005e+00  9.693952671204176141e+00  9.760199284555181265e+00
526 5261 3.382296e-02 1.132973e+02  9.545886036746500380e+00  9.649231109050221633e+00  9.685320491900144546e+00  9.788793573630854894e+00
527 5271 3.433099e-02 1.137975e+02  9.545886036746500380e+00  9.660200973107308187e+00  9.697906539974477269e+00  9.733167215247876314e+00
528 5281 3.488088e-02 1.155351e+02  9.545886036746500380e+00  9.624883440128982670e+00  9.696696543671267321e+00  9.795796229694701651e+00
529 5291 3.482852e-02 1.137659e+02  9.545886036746500380e+00  9.648212613292370676e+00  9.672804519943685619e+00  9.789206361364701792e+00
530 5301 3.727332e-02 1.138872e+02  9.545886036746500380e+00  9.622389773236433186e+00  9.719566012442481195e+00  9.781139835509074842e+00
531 5311 3.978169e-02 1.144524e+02  9.545886036746500380e+00  9.612076364045904597e+00  9.686208921647374126e+00  9.769506466882104334e+00
532 5321 3.942019e-02 1.120822e+02  9.545886036746500380e+00  9.628531947394206369e+00  9.680377920038404582e+00  9.816278153079608160e+00
533 5331 3.893795e-02 1.106951e+02  9.545886036746500380e+00  9.628844374556633667e+00  9.719916908678973400e+00  9.788739533652460523e+00
534 5341 4.040989e-02 1.098149e+02  9.545886036746500380e+00  9.582629032525428414e+00  9.704329763875620074e+00  9.722584951262273734e+00
535 5351 4.119732e-02 1.102862e+02  9.545886036746500380e+00  9.670266965090974054e+00  9.710859346268325254e+00  9.804978630018668539e+00
536 5361 3.941111e-02 1.111717e+02  9.545886036746500380e+00  9.612835351391051830e+00  9.686674926425354215e+00  9.829743230807515886e+00
537 5371 3.952654e-02 1.114268e+02  9.545886036746500380e+00  9.668800465730882365e+00  9.711257754927665076e+00  9.792393900576000121e+00
538 5381 4.198085e-02 1.124370e+02  9.545886036746500380e+00  9.641377130015849062e+00  9.684292777247556216e+00  9.799835834743733542e+00
539 5391 4.423386e-02 1.179405e+02  9.545886036746500380e+00  9.625476893143870782e+00  9.668883510506887546e+00  9.758088580730355233e+00
540 5401 4.607825e-02 1.186493e+02  9.545886036746500380e+00  9.579977050460056986e+00  9.710089868863152063e+00  9.795535627976022397e+00
541 5411 4.536397e-02 1.235117e+02  9.545886036746500380e+00  9.620534795621081159e+00  9.692756799780481103e+00  9.819223619226436384e+00
542 5421 4.587838e-02 1.214811e+02  9.545886036746500380e+00  9.607242284717358416e+00  9.668263921079955026e+00  9.732940906071410936e+00
543 5431 4.121250e-02 1.208053e+02  9.545886036746500380e+00  9.600606262951606240e+00  9.700870854746881378e+00  9.790366929231142379e+00
544 5441 4.116305e-02 1.234260e+02  9.545886036746500380e+00  9.659610353892507106e+00  9.704517543069989927e+00  9.814259003275294546e+00
545 5451 4.485783e-02 1.234067e+02  9.545886036746500380e+00  9.630722927268962508e+00  9.685534364279888564e+00  9.800922844987587368e+00
546 5461 5.307699e-02 1.222906e+02  9.545886036746500380e+00  9.655905767510233773e+00  9.702742665747255302e+00  9.792010079506406228e+00
547 5471 5.636303e-02 1.258171e+02  9.545886036746500380e+00  9.602425647435245182e+00  9.660657323928209195e+00  9.789621301606050707e+00
548 5481 5.591250e-02 1.254432e+02  9.545886036746500380e+00  9.606617848160110995e+00  9.684348061130389596e+00  9.778707135856762989e+00
549 5491 5.814832e-02 1.231723e+02  9.545886036746500380e+00  9.605632841262531585e+00  9.725579752887465901e+00  9.817334127744752337e+00
550 5501 6.200450e-02 1.196622e+02  9.545886036746500380e+00  9.657413529629348403e+00  9.693854104014199891e+00  9.789522596618226657e+00
551 5511 6.266430e-02 1.195923e+02  9.545886036746500380e+00  9.668774463324233182e+00  9.706698486126757786e+00  9.800065297303724776e+00
552 5521 6.132904e-02 1.140224e+02  9.545886036746500380e+00  9.624171756175789127e+00  9.700376923053458000e+00  9.826419808333353600e+00
553 5531 5.780898e-02 1.120461e+02  9.545886036746500380e+00  9.625177107702832302e+00  9.700934553122920079e+00  9.783966978784407686e+00
554 5541 5.385648e-02 1.141274e+02  9.545886036746500380e+00  9.628975744433995843e+00  9.709520422537398332e+00  9.806645224608443456e+00
555 5551 5.661013e-02 1.214589e+02  9.545886036746500380e+00  9.655327268672513341e+00  9.721534733308526910e+00  9.793032485163788436e+00
556 5561 5.703578e-02 1.225195e+02  9.545886036746500380e+00  9.608773250792957299e+00  9.687350514736952078e+00  9.758609636842960455e+00
557 5571 5.699347e-02 1.262411e+02  9.545886036746500380e+00  9.607856390564627702e+00  9.719078829761222948e+00  9.774229132150084709e+00
558 5581 6.059502e-02 1.290887e+02  9.545886036746500380e+00  9.671409142654214364e+00  9.700489956836637617e+00  9.754533843885168309e+00
559 5591 6.752119e-02 1.351960e+02  9.545886036746500380e+00  9.621313339025345357e+00  9.707345432094026449e+00  9.807712679979184500e+00
560 5601 7.075472e-02 1.375384e+02  9.545886036746500380e+00  9.633598081486713482e+00  9.706867606776349078e+00  9.775044121518726925e+00
561 5611 6.803852e-02 1.394607e+02  9.545886036746500380e+00  9.618526703607829020e+00  9.711812002078278994e+00  9.788728001868744144e+00
562 5621 7.096343e-02 1.389557e+02  9.545886036746500380e+00  9.666088752608626322e+00  9.713708201103393947e+00  9.811590212718451554e+00
563 5631 7.337778e-02 1.400022e+02  9.545886036746500380e+00  9.578807424391582614e+00  9.704506488840909384e+00  9.807743291625470761e+00
564 5641 7.343169e-02 1.395412e+02  9.545886036746500380e+00  9.664851934589819393e+00  9.708791197466485556e+00  9.780277856706854678e+00
