%  columns="iteration, evaluation, void, void, void, xmean" (startseed=214912, 2015/07/30 21:47:29.13)
0 1 0 0 0 1.000000e+00 1.000000e+00 1.000000e+00 1.000000e+00 1.000000e+00 1.000000e+00 1.000000e+00 1.000000e+00 1.000000e+00 1.000000e+00 
1 11 0 0 0 -6.815088e-01 1.706080e+00 1.009036e+00 2.070042e+00 6.165064e-02 2.695499e+00 5.940583e-01 1.455072e+01 1.364275e+00 8.134373e+00 
2 21 0 0 0 -3.528675e-01 1.769571e+00 1.001805e+00 6.623007e-01 3.409264e+00 4.942904e+00 5.664276e-01 1.330528e+01 -5.467869e+00 6.788547e+00 
3 31 0 0 0 2.633732e+00 2.542213e+00 1.528961e+00 -4.818156e-01 2.908617e+00 6.451654e+00 1.311169e+00 1.617440e+01 -3.956379e+00 1.033466e+00 
4 41 0 0 0 1.925650e+00 2.355665e+00 1.651404e+00 -1.672597e+00 2.100982e+00 9.314402e+00 6.718279e-01 1.618746e+01 3.298027e+00 2.033434e+00 
5 51 0 0 0 1.980532e+00 2.186772e+00 1.750295e+00 -2.340183e+00 2.975544e+00 6.077888e+00 2.713792e+00 9.692845e+00 3.240284e+00 3.449538e-01 
6 61 0 0 0 4.087951e-01 2.178670e+00 1.355473e+00 -3.861688e+00 6.127851e+00 5.966047e+00 3.179639e+00 1.382205e+01 8.280043e+00 -4.470533e-02 
7 71 0 0 0 9.294977e-01 2.121107e+00 1.236338e+00 -5.264268e+00 9.201508e+00 8.371307e+00 2.709479e+00 1.889249e+01 9.584571e+00 -5.983943e+00 
8 81 0 0 0 -2.246908e+00 1.818325e+00 1.341569e+00 -5.018346e+00 1.033929e+01 8.891607e+00 2.911011e+00 2.256139e+01 9.976190e+00 -5.076561e+00 
9 91 0 0 0 -5.432038e-01 1.534925e+00 1.195593e+00 -5.278163e+00 1.125211e+01 6.922053e+00 3.902384e+00 2.492509e+01 1.193471e+01 -5.184962e+00 
10 101 0 0 0 8.861213e-01 1.205990e+00 1.527215e+00 -4.388044e+00 1.370673e+01 7.095313e+00 7.204020e+00 3.233661e+01 1.940004e+01 -6.716519e+00 
11 111 0 0 0 1.148595e+00 1.677149e+00 1.162410e+00 -1.534372e+00 1.143896e+01 5.833886e+00 6.085435e+00 2.510596e+01 1.222547e+01 -3.308677e+00 
12 121 0 0 0 3.607832e-01 1.905320e+00 1.183162e+00 -4.045239e-01 1.111836e+01 4.588555e+00 6.844625e+00 2.354641e+01 1.230678e+01 -4.809164e+00 
13 131 0 0 0 2.192669e+00 1.625548e+00 1.403612e+00 -7.584454e-01 1.376711e+01 7.216912e+00 8.668114e+00 2.797527e+01 1.572427e+01 -7.173874e+00 
14 141 0 0 0 1.199764e+00 1.211369e+00 1.498226e+00 -1.184778e+00 1.526770e+01 1.145704e+01 8.530239e+00 3.282222e+01 1.656121e+01 -6.931385e+00 
15 151 0 0 0 2.869855e-01 1.200587e+00 1.432458e+00 -4.797753e-01 1.587789e+01 1.259952e+01 7.215648e+00 3.205072e+01 1.409664e+01 -6.758693e+00 
16 161 0 0 0 1.291496e+00 1.663364e+00 1.585185e+00 2.900637e+00 1.762643e+01 1.501589e+01 8.169512e+00 3.015858e+01 9.769368e+00 -5.121088e+00 
17 171 0 0 0 1.201828e+00 1.134696e+00 1.276222e+00 3.075402e+00 1.630379e+01 1.678932e+01 7.986399e+00 3.047511e+01 1.619686e+01 -8.856495e+00 
18 181 0 0 0 1.278567e+00 1.158488e+00 1.384656e+00 5.918058e+00 1.923864e+01 2.034013e+01 8.470327e+00 3.249361e+01 1.009183e+01 -3.126506e+00 
19 191 0 0 0 -2.519116e-01 8.591002e-01 1.359546e+00 3.547349e+00 2.124961e+01 2.221998e+01 7.760349e+00 3.178280e+01 1.476132e+01 -1.624621e+00 
20 201 0 0 0 -1.122849e+00 2.808301e-01 1.536606e+00 2.473809e+00 2.100983e+01 2.159762e+01 9.436967e+00 3.586384e+01 1.772781e+01 -3.431271e+00 
21 211 0 0 0 -2.426718e+00 1.686481e-01 1.375045e+00 2.190438e+00 1.746852e+01 2.236280e+01 1.064723e+01 3.354853e+01 2.102439e+01 -3.833987e+00 
22 221 0 0 0 -2.226254e+00 6.629792e-01 8.404647e-01 8.087405e-01 1.635976e+01 2.011685e+01 7.430478e+00 3.464659e+01 1.962964e+01 -4.140675e+00 
23 231 0 0 0 -1.970942e+00 1.018766e+00 9.574014e-01 1.550162e+00 1.277379e+01 1.922664e+01 7.616206e+00 3.856508e+01 1.977036e+01 -2.417239e+00 
24 241 0 0 0 -3.005288e+00 5.468914e-01 9.049342e-01 4.107418e+00 1.901624e+01 2.182559e+01 9.664233e+00 3.909701e+01 2.263029e+01 -2.522785e+00 
25 251 0 0 0 7.842390e-02 6.335962e-01 9.662108e-01 3.322095e+00 1.807523e+01 1.902501e+01 9.030367e+00 3.623683e+01 1.693740e+01 -2.373324e+00 
26 261 0 0 0 9.409826e-01 7.144072e-01 8.574238e-01 4.973289e+00 1.784446e+01 1.958692e+01 9.925797e+00 3.483528e+01 1.644874e+01 -3.769626e+00 
27 271 0 0 0 3.036269e+00 6.581013e-01 8.936417e-01 3.799073e+00 2.015402e+01 2.059064e+01 8.858609e+00 3.398754e+01 1.250097e+01 -3.741287e+00 
28 281 0 0 0 2.148283e+00 8.481248e-01 9.115802e-01 3.869074e+00 1.975881e+01 2.263148e+01 1.066340e+01 2.888785e+01 1.372356e+01 -5.886726e+00 
29 291 0 0 0 1.627425e+00 9.395095e-01 8.877586e-01 3.008216e+00 1.827280e+01 1.933936e+01 9.976150e+00 2.378728e+01 1.914742e+01 -5.108353e+00 
30 301 0 0 0 7.699289e-01 9.268806e-01 1.377207e+00 3.344766e+00 2.109372e+01 1.966074e+01 9.123275e+00 2.828152e+01 1.929263e+01 -3.687920e+00 
31 311 0 0 0 1.873155e+00 1.240012e+00 1.737785e+00 1.810686e+00 2.065132e+01 1.901215e+01 8.546874e+00 2.678313e+01 1.814175e+01 -3.878834e+00 
32 321 0 0 0 3.066350e+00 1.697818e+00 1.741845e+00 1.469151e+00 2.112432e+01 1.431001e+01 6.745443e+00 3.252572e+01 1.612164e+01 -2.585534e+00 
33 331 0 0 0 3.315240e+00 1.697898e+00 1.872888e+00 5.937823e-01 2.144835e+01 1.391397e+01 8.497669e+00 4.103229e+01 1.463362e+01 -6.316080e+00 
34 341 0 0 0 2.557244e+00 1.786819e+00 1.586284e+00 1.970006e+00 1.996246e+01 1.323030e+01 6.662252e+00 3.606305e+01 1.222389e+01 -5.163696e+00 
35 351 0 0 0 3.340621e+00 1.644452e+00 1.394573e+00 2.758534e+00 2.188119e+01 1.328234e+01 7.794769e+00 4.003505e+01 1.075771e+01 -4.341099e+00 
36 361 0 0 0 3.488601e+00 1.354445e+00 1.837300e+00 3.083622e+00 2.339614e+01 1.710046e+01 6.063933e+00 4.085159e+01 1.058721e+01 -3.537115e+00 
37 371 0 0 0 5.034013e+00 1.729687e+00 1.808056e+00 2.969028e+00 2.410399e+01 1.762337e+01 8.428368e+00 4.095666e+01 8.513501e+00 -5.833953e+00 
38 381 0 0 0 6.413395e+00 1.651897e+00 1.729169e+00 4.414442e+00 2.742859e+01 2.154940e+01 9.404987e+00 4.821790e+01 8.959657e+00 -4.945981e+00 
39 391 0 0 0 5.913745e+00 1.680709e+00 1.371469e+00 5.116153e+00 2.699657e+01 2.354176e+01 1.133640e+01 4.898542e+01 8.263723e+00 -6.087820e+00 
40 401 0 0 0 5.715615e+00 1.425137e+00 1.193109e+00 2.283186e+00 2.562555e+01 2.170126e+01 1.177351e+01 3.610385e+01 1.005894e+01 -9.401214e+00 
41 411 0 0 0 6.042221e+00 1.493809e+00 9.600035e-01 1.418558e+00 2.446712e+01 2.189406e+01 1.183903e+01 4.080602e+01 1.120272e+01 -9.451955e+00 
42 421 0 0 0 3.810129e+00 1.397114e+00 7.317625e-01 2.380615e+00 2.509449e+01 2.289157e+01 1.376421e+01 4.358783e+01 1.296561e+01 -6.091194e+00 
43 431 0 0 0 5.370394e+00 1.587605e+00 1.208137e+00 2.413420e+00 2.270777e+01 1.945497e+01 1.486807e+01 4.216783e+01 1.557973e+01 -5.602772e+00 
44 441 0 0 0 3.741688e+00 1.623404e+00 1.262788e+00 1.396292e+00 2.087601e+01 1.933448e+01 1.254062e+01 4.511588e+01 1.905848e+01 -5.618144e+00 
45 451 0 0 0 3.323352e+00 1.437526e+00 1.216892e+00 2.603603e+00 2.015892e+01 2.311707e+01 1.125209e+01 5.304234e+01 1.858012e+01 -2.929491e+00 
46 461 0 0 0 2.135498e+00 1.529798e+00 1.580992e+00 2.943044e+00 1.823027e+01 2.243017e+01 1.124701e+01 4.990031e+01 2.080096e+01 -2.346810e+00 
47 471 0 0 0 1.285816e+00 1.322197e+00 1.513572e+00 3.803350e+00 1.693876e+01 2.303899e+01 1.082465e+01 4.520683e+01 2.428019e+01 -2.691751e+00 
48 481 0 0 0 2.211300e+00 9.177650e-01 1.549450e+00 3.080151e+00 1.865182e+01 2.482178e+01 1.281486e+01 4.080555e+01 2.356880e+01 -4.292022e+00 
49 491 0 0 0 1.746743e+00 1.259270e+00 1.123630e+00 2.652724e+00 1.932963e+01 2.603300e+01 9.650833e+00 4.459527e+01 2.137621e+01 -2.516973e+00 
50 501 0 0 0 3.056026e+00 1.430797e+00 1.433391e+00 2.052241e+00 1.885268e+01 2.583149e+01 8.597156e+00 4.800015e+01 2.097367e+01 -2.752617e+00 
51 511 0 0 0 2.069602e+00 1.394667e+00 1.726397e+00 7.970350e-01 1.803036e+01 2.541764e+01 8.057574e+00 4.850679e+01 2.528638e+01 -1.821946e+00 
52 521 0 0 0 2.779313e+00 1.342247e+00 1.722301e+00 8.605118e-01 1.798732e+01 2.494427e+01 8.002848e+00 4.844007e+01 2.457413e+01 -4.157551e+00 
53 531 0 0 0 3.554747e+00 1.245119e+00 1.879443e+00 1.516639e+00 1.700940e+01 2.374423e+01 8.054268e+00 4.998220e+01 2.514190e+01 -4.014163e+00 
54 541 0 0 0 3.927065e+00 1.141546e+00 1.640425e+00 1.864604e+00 1.753095e+01 2.580787e+01 8.226196e+00 5.077845e+01 2.494924e+01 -2.349657e+00 
55 551 0 0 0 6.029160e+00 9.100314e-01 1.591817e+00 1.722445e+00 1.859968e+01 2.623397e+01 9.762515e+00 5.247615e+01 2.304630e+01 -2.264567e+00 
56 561 0 0 0 6.061418e+00 7.085203e-01 1.868327e+00 2.679297e+00 1.893942e+01 2.774243e+01 9.937390e+00 5.305396e+01 2.281976e+01 -3.413969e+00 
57 571 0 0 0 6.838766e+00 8.758329e-01 1.951133e+00 1.906505e+00 1.867183e+01 2.552258e+01 9.891766e+00 4.986152e+01 1.990603e+01 -2.859735e+00 
58 581 0 0 0 7.725566e+00 1.014530e+00 1.913194e+00 2.277279e+00 1.864205e+01 2.460626e+01 1.070956e+01 4.779732e+01 1.768009e+01 -2.902650e+00 
59 591 0 0 0 6.651152e+00 1.187016e+00 1.699110e+00 1.988060e+00 1.657488e+01 2.471468e+01 1.067769e+01 4.558245e+01 1.595669e+01 -2.908322e+00 
60 601 0 0 0 5.369793e+00 1.242678e+00 1.480217e+00 2.555142e+00 1.681628e+01 2.517317e+01 9.424627e+00 4.740094e+01 1.467891e+01 -3.645151e+00 
61 611 0 0 0 5.208089e+00 1.402714e+00 1.663050e+00 2.867250e+00 1.683689e+01 2.466310e+01 8.094095e+00 4.851551e+01 1.198053e+01 -2.677638e+00 
62 621 0 0 0 5.196305e+00 1.068920e+00 1.522404e+00 2.735517e+00 1.570416e+01 2.446926e+01 9.141400e+00 4.642330e+01 1.429801e+01 -3.618580e+00 
63 631 0 0 0 4.510573e+00 1.047043e+00 1.415622e+00 3.131123e+00 1.544899e+01 2.496100e+01 1.074157e+01 4.711042e+01 1.457849e+01 -3.785707e+00 
64 641 0 0 0 4.396337e+00 1.296349e+00 1.407329e+00 3.532708e+00 1.556461e+01 2.362911e+01 1.026954e+01 4.751301e+01 1.264231e+01 -3.670316e+00 
65 651 0 0 0 3.843854e+00 1.118168e+00 1.495143e+00 3.866999e+00 1.626216e+01 2.405955e+01 9.700034e+00 5.091994e+01 1.412554e+01 -3.301327e+00 
66 661 0 0 0 4.073270e+00 1.296971e+00 1.598106e+00 4.114489e+00 1.448326e+01 2.285567e+01 1.015285e+01 5.187141e+01 1.252808e+01 -2.653386e+00 
67 671 0 0 0 4.263085e+00 1.212434e+00 1.627359e+00 4.559053e+00 1.529525e+01 2.375265e+01 9.846984e+00 5.534217e+01 1.337893e+01 -1.689555e+00 
68 681 0 0 0 4.741935e+00 1.335058e+00 1.692867e+00 3.720246e+00 1.458817e+01 2.198595e+01 9.576462e+00 5.254975e+01 1.140211e+01 -1.661523e+00 
69 691 0 0 0 5.001244e+00 1.488551e+00 1.808643e+00 4.501454e+00 1.378139e+01 2.248769e+01 9.241311e+00 5.470468e+01 9.012479e+00 -2.142716e+00 
70 701 0 0 0 5.637653e+00 1.274695e+00 1.915861e+00 3.889806e+00 1.452675e+01 2.394570e+01 9.168734e+00 5.610024e+01 1.060537e+01 -1.986117e+00 
71 711 0 0 0 4.886504e+00 1.289139e+00 1.956858e+00 3.330293e+00 1.407291e+01 2.428020e+01 9.374293e+00 5.367231e+01 1.214217e+01 -1.872140e+00 
72 721 0 0 0 4.905274e+00 1.506052e+00 2.026224e+00 4.183145e+00 1.436900e+01 2.368340e+01 9.221443e+00 5.673984e+01 1.063805e+01 -1.041208e+00 
73 731 0 0 0 4.786831e+00 1.461664e+00 2.047619e+00 4.061538e+00 1.517029e+01 2.448975e+01 9.609022e+00 5.617905e+01 1.222879e+01 -1.567569e+00 
74 741 0 0 0 5.110127e+00 1.554287e+00 1.971767e+00 3.741373e+00 1.422485e+01 2.436671e+01 1.017989e+01 5.625638e+01 1.239122e+01 -1.851750e+00 
75 751 0 0 0 3.990771e+00 1.692409e+00 1.901983e+00 3.561068e+00 1.212264e+01 2.370194e+01 9.602718e+00 5.255452e+01 1.109146e+01 -1.507130e+00 
76 761 0 0 0 3.532803e+00 1.747161e+00 1.956657e+00 3.156369e+00 1.199401e+01 2.290871e+01 9.381171e+00 5.364198e+01 1.187791e+01 -1.195316e+00 
77 771 0 0 0 3.988854e+00 1.898738e+00 1.914710e+00 3.218446e+00 1.184256e+01 2.275949e+01 8.886769e+00 5.472869e+01 9.923724e+00 -8.416545e-01 
78 781 0 0 0 3.742424e+00 1.817193e+00 1.927184e+00 3.435259e+00 1.193986e+01 2.355564e+01 9.195898e+00 5.356493e+01 1.067415e+01 -8.731570e-01 
79 791 0 0 0 3.657164e+00 1.776537e+00 1.918346e+00 3.291167e+00 1.086267e+01 2.241311e+01 9.026708e+00 5.390492e+01 1.029137e+01 -1.451681e+00 
80 801 0 0 0 3.350197e+00 1.691921e+00 1.779672e+00 3.629930e+00 1.104755e+01 2.334828e+01 8.984156e+00 5.391568e+01 1.064304e+01 -1.258494e+00 
81 811 0 0 0 3.811440e+00 1.665612e+00 1.815817e+00 3.650534e+00 1.114751e+01 2.356885e+01 8.926569e+00 5.311691e+01 1.007937e+01 -4.330614e-01 
82 821 0 0 0 4.301176e+00 1.629168e+00 1.754958e+00 3.515297e+00 1.185056e+01 2.280985e+01 9.307645e+00 5.267978e+01 9.516828e+00 -5.478703e-01 
83 831 0 0 0 4.628291e+00 1.552509e+00 1.773206e+00 3.264134e+00 1.216327e+01 2.294703e+01 9.192402e+00 5.312391e+01 1.035616e+01 -9.543315e-01 
84 841 0 0 0 4.180990e+00 1.553879e+00 1.667194e+00 3.127934e+00 1.260405e+01 2.297990e+01 9.480580e+00 5.275441e+01 1.096770e+01 -6.887666e-01 
85 851 0 0 0 3.949606e+00 1.520963e+00 1.606876e+00 3.045117e+00 1.277143e+01 2.366182e+01 9.246281e+00 5.315378e+01 1.173555e+01 -8.437419e-01 
86 861 0 0 0 3.821450e+00 1.522743e+00 1.634681e+00 2.654966e+00 1.258399e+01 2.317637e+01 8.407712e+00 5.322225e+01 1.247601e+01 -8.800746e-01 
87 871 0 0 0 4.113004e+00 1.558578e+00 1.591476e+00 2.581309e+00 1.193812e+01 2.249767e+01 8.207050e+00 5.346405e+01 1.106553e+01 -1.218193e+00 
88 881 0 0 0 4.323624e+00 1.517063e+00 1.550379e+00 2.471203e+00 1.222463e+01 2.242050e+01 8.236152e+00 5.367840e+01 1.097674e+01 -8.404559e-01 
89 891 0 0 0 4.233390e+00 1.636171e+00 1.362467e+00 2.312621e+00 1.169136e+01 2.180304e+01 7.905423e+00 5.336689e+01 9.239489e+00 -7.068633e-01 
90 901 0 0 0 4.057636e+00 1.562618e+00 1.244420e+00 2.105915e+00 1.229587e+01 2.163738e+01 8.103547e+00 5.160999e+01 1.046673e+01 -9.361278e-01 
91 911 0 0 0 3.967550e+00 1.666782e+00 1.286477e+00 2.036096e+00 1.211091e+01 2.193593e+01 8.109152e+00 5.211842e+01 1.125005e+01 -7.311388e-01 
92 921 0 0 0 4.069077e+00 1.613732e+00 1.358946e+00 2.094065e+00 1.242531e+01 2.184843e+01 8.428036e+00 5.188955e+01 1.154429e+01 -9.356770e-01 
93 931 0 0 0 3.917227e+00 1.667490e+00 1.434947e+00 1.933861e+00 1.240732e+01 2.137124e+01 8.315346e+00 5.235216e+01 1.201942e+01 -9.420433e-01 
94 941 0 0 0 3.766854e+00 1.616729e+00 1.416451e+00 2.327483e+00 1.210213e+01 2.126143e+01 8.409832e+00 5.164731e+01 1.076488e+01 -8.359493e-01 
95 951 0 0 0 4.082319e+00 1.642321e+00 1.451126e+00 2.248991e+00 1.214625e+01 2.126346e+01 8.327680e+00 5.360404e+01 1.087241e+01 -7.831395e-01 
96 961 0 0 0 3.987232e+00 1.654764e+00 1.419933e+00 2.365799e+00 1.181190e+01 2.075328e+01 8.128983e+00 5.374578e+01 1.028393e+01 -5.573676e-01 
97 971 0 0 0 3.434691e+00 1.634211e+00 1.261981e+00 2.190402e+00 1.152622e+01 2.061965e+01 8.119483e+00 5.236791e+01 1.050983e+01 -6.254337e-01 
98 981 0 0 0 3.316211e+00 1.662211e+00 1.297613e+00 2.172964e+00 1.141507e+01 2.027534e+01 7.712726e+00 5.293219e+01 1.090545e+01 -6.638497e-01 
99 991 0 0 0 2.960716e+00 1.677812e+00 1.366540e+00 2.342019e+00 1.143563e+01 2.034866e+01 7.541620e+00 5.371071e+01 1.114972e+01 -3.672031e-01 
100 1001 0 0 0 2.922488e+00 1.624701e+00 1.302948e+00 2.361411e+00 1.148929e+01 2.023386e+01 7.657093e+00 5.472779e+01 1.117769e+01 -5.204551e-01 
101 1011 0 0 0 3.007963e+00 1.669211e+00 1.405636e+00 2.472450e+00 1.141573e+01 2.061321e+01 7.604605e+00 5.582829e+01 1.090243e+01 -2.818845e-01 
102 1021 0 0 0 3.250314e+00 1.590477e+00 1.292165e+00 2.382074e+00 1.215098e+01 2.096316e+01 7.548484e+00 5.646210e+01 1.098155e+01 -3.258168e-01 
103 1031 0 0 0 3.568132e+00 1.589155e+00 1.337957e+00 2.501414e+00 1.242325e+01 2.136811e+01 7.664333e+00 5.715755e+01 1.072652e+01 -5.295365e-01 
104 1041 0 0 0 2.846667e+00 1.667923e+00 1.346849e+00 2.440137e+00 1.171694e+01 2.085549e+01 7.203243e+00 5.774840e+01 1.133594e+01 -6.168882e-01 
105 1051 0 0 0 3.077952e+00 1.657105e+00 1.295660e+00 2.228807e+00 1.188235e+01 2.107351e+01 7.464738e+00 5.592330e+01 1.152408e+01 -6.982791e-01 
106 1061 0 0 0 3.208170e+00 1.672833e+00 1.210946e+00 2.068534e+00 1.166988e+01 2.052822e+01 7.387794e+00 5.489835e+01 1.082640e+01 -6.038186e-01 
107 1071 0 0 0 3.135864e+00 1.684867e+00 1.182923e+00 2.042678e+00 1.200347e+01 2.043942e+01 7.133502e+00 5.621805e+01 1.092683e+01 -3.725671e-01 
108 1081 0 0 0 3.027592e+00 1.634113e+00 1.278779e+00 2.230285e+00 1.262896e+01 2.071815e+01 7.019846e+00 5.634397e+01 1.178953e+01 -7.150096e-01 
109 1091 0 0 0 3.341903e+00 1.649090e+00 1.283941e+00 2.078956e+00 1.271105e+01 2.074115e+01 7.078021e+00 5.649919e+01 1.158620e+01 -3.579310e-01 
110 1101 0 0 0 3.479587e+00 1.693585e+00 1.340707e+00 2.111690e+00 1.264880e+01 2.060230e+01 7.456872e+00 5.553092e+01 1.122318e+01 -4.417021e-01 
111 1111 0 0 0 3.662162e+00 1.723311e+00 1.295861e+00 1.942158e+00 1.258701e+01 2.063923e+01 7.403976e+00 5.473238e+01 1.137218e+01 -3.013950e-01 
112 1121 0 0 0 3.620088e+00 1.724844e+00 1.320198e+00 1.959928e+00 1.233151e+01 2.065862e+01 7.577717e+00 5.347738e+01 1.106393e+01 -3.347019e-01 
113 1131 0 0 0 3.430854e+00 1.653439e+00 1.347142e+00 2.067970e+00 1.231293e+01 2.084085e+01 7.400747e+00 5.365668e+01 1.124079e+01 -3.297600e-01 
114 1141 0 0 0 3.353990e+00 1.620592e+00 1.294815e+00 2.166031e+00 1.256284e+01 2.122228e+01 7.459936e+00 5.357870e+01 1.140534e+01 -2.467751e-01 
115 1151 0 0 0 3.524740e+00 1.592628e+00 1.339242e+00 2.329136e+00 1.258796e+01 2.177356e+01 7.513820e+00 5.399288e+01 1.134864e+01 -1.361549e-01 
116 1161 0 0 0 3.584331e+00 1.593041e+00 1.317244e+00 2.178655e+00 1.272738e+01 2.149298e+01 7.419674e+00 5.351926e+01 1.146320e+01 -2.289671e-01 
117 1171 0 0 0 3.418856e+00 1.547248e+00 1.287039e+00 2.164126e+00 1.278084e+01 2.159301e+01 7.589410e+00 5.268300e+01 1.195994e+01 -2.768488e-01 
118 1181 0 0 0 3.188554e+00 1.590044e+00 1.316558e+00 2.484043e+00 1.242882e+01 2.164119e+01 7.923773e+00 5.292350e+01 1.142193e+01 -2.261602e-01 
119 1191 0 0 0 3.469102e+00 1.584352e+00 1.278626e+00 2.252965e+00 1.248148e+01 2.134300e+01 7.676649e+00 5.357013e+01 1.123288e+01 -1.151143e-01 
120 1201 0 0 0 3.510502e+00 1.652733e+00 1.265073e+00 2.176252e+00 1.227241e+01 2.115579e+01 7.829828e+00 5.315126e+01 1.083767e+01 -3.473167e-01 
121 1211 0 0 0 3.593579e+00 1.706789e+00 1.288024e+00 2.069612e+00 1.227870e+01 2.068335e+01 7.752976e+00 5.301067e+01 1.070303e+01 -2.076687e-01 
122 1221 0 0 0 3.838373e+00 1.717414e+00 1.200957e+00 1.829487e+00 1.229790e+01 2.050416e+01 7.656700e+00 5.304637e+01 1.052098e+01 -2.595678e-01 
123 1231 0 0 0 3.953276e+00 1.747321e+00 1.180609e+00 1.805992e+00 1.228025e+01 2.051949e+01 7.673204e+00 5.375852e+01 1.029135e+01 -2.559109e-01 
124 1241 0 0 0 3.826918e+00 1.699968e+00 1.188306e+00 1.802813e+00 1.243291e+01 2.066646e+01 7.607653e+00 5.353173e+01 1.089655e+01 -2.258334e-01 
125 1251 0 0 0 3.843163e+00 1.706031e+00 1.260126e+00 1.849295e+00 1.241298e+01 2.080547e+01 7.621490e+00 5.392639e+01 1.104237e+01 -3.659219e-01 
126 1261 0 0 0 3.847609e+00 1.683237e+00 1.230384e+00 1.883680e+00 1.264114e+01 2.075034e+01 7.745104e+00 5.342587e+01 1.124165e+01 -3.228583e-01 
127 1271 0 0 0 4.011781e+00 1.666225e+00 1.239237e+00 1.806873e+00 1.279956e+01 2.097580e+01 7.682548e+00 5.294675e+01 1.137734e+01 -3.022388e-01 
128 1281 0 0 0 3.934968e+00 1.668819e+00 1.194950e+00 1.825627e+00 1.287666e+01 2.117960e+01 7.708669e+00 5.272966e+01 1.115122e+01 -1.843302e-01 
129 1291 0 0 0 3.972258e+00 1.664083e+00 1.183780e+00 1.903144e+00 1.295211e+01 2.124116e+01 7.749434e+00 5.323838e+01 1.100248e+01 -1.747844e-01 
130 1301 0 0 0 4.011087e+00 1.646127e+00 1.217058e+00 1.913196e+00 1.295681e+01 2.112988e+01 7.621702e+00 5.315370e+01 1.094101e+01 -1.402234e-01 
131 1311 0 0 0 3.891397e+00 1.619832e+00 1.232883e+00 2.035545e+00 1.299158e+01 2.139993e+01 7.666766e+00 5.300050e+01 1.099083e+01 -1.670412e-01 
132 1321 0 0 0 3.892060e+00 1.609419e+00 1.229975e+00 1.941841e+00 1.292089e+01 2.129383e+01 7.532309e+00 5.301887e+01 1.115364e+01 -1.799605e-01 
133 1331 0 0 0 3.839793e+00 1.618175e+00 1.220831e+00 1.941608e+00 1.289630e+01 2.116530e+01 7.529272e+00 5.291299e+01 1.116178e+01 -3.072207e-01 
134 1341 0 0 0 3.734494e+00 1.631032e+00 1.213600e+00 1.991027e+00 1.279360e+01 2.118454e+01 7.541740e+00 5.295417e+01 1.103806e+01 -3.118785e-01 
135 1351 0 0 0 3.567106e+00 1.637150e+00 1.204151e+00 2.028524e+00 1.271160e+01 2.133547e+01 7.593296e+00 5.236732e+01 1.109631e+01 -2.618768e-01 
136 1361 0 0 0 3.573504e+00 1.644676e+00 1.208778e+00 1.996884e+00 1.272982e+01 2.113847e+01 7.577363e+00 5.255956e+01 1.113097e+01 -2.990120e-01 
137 1371 0 0 0 3.609484e+00 1.648797e+00 1.203830e+00 1.964795e+00 1.264361e+01 2.109826e+01 7.572320e+00 5.270469e+01 1.111987e+01 -2.869808e-01 
138 1381 0 0 0 3.653665e+00 1.646803e+00 1.199017e+00 1.900635e+00 1.268398e+01 2.093497e+01 7.449283e+00 5.300522e+01 1.118774e+01 -2.880606e-01 
139 1391 0 0 0 3.588518e+00 1.644157e+00 1.193008e+00 1.872121e+00 1.261170e+01 2.076781e+01 7.340345e+00 5.326983e+01 1.112230e+01 -2.702658e-01 
140 1401 0 0 0 3.564176e+00 1.650328e+00 1.196093e+00 1.857773e+00 1.255586e+01 2.071595e+01 7.232381e+00 5.331502e+01 1.110831e+01 -2.387648e-01 
141 1411 0 0 0 3.533622e+00 1.661477e+00 1.201432e+00 1.840823e+00 1.241999e+01 2.055016e+01 7.176181e+00 5.313353e+01 1.101714e+01 -1.327446e-01 
142 1421 0 0 0 3.453669e+00 1.672590e+00 1.203835e+00 1.834022e+00 1.236781e+01 2.046369e+01 7.174486e+00 5.297167e+01 1.108206e+01 -7.552583e-02 
143 1431 0 0 0 3.454802e+00 1.669078e+00 1.169609e+00 1.801243e+00 1.240272e+01 2.053618e+01 7.237081e+00 5.266477e+01 1.106719e+01 -8.722461e-02 
144 1441 0 0 0 3.505588e+00 1.662133e+00 1.140573e+00 1.756329e+00 1.241427e+01 2.035042e+01 7.171210e+00 5.267779e+01 1.096466e+01 -6.251651e-02 
145 1451 0 0 0 3.527481e+00 1.643297e+00 1.146274e+00 1.837884e+00 1.262249e+01 2.055085e+01 7.270976e+00 5.261243e+01 1.096832e+01 -1.058364e-01 
146 1461 0 0 0 3.517462e+00 1.639139e+00 1.121932e+00 1.755014e+00 1.254799e+01 2.058555e+01 7.165871e+00 5.249638e+01 1.102182e+01 -1.704114e-01 
147 1471 0 0 0 3.531522e+00 1.625873e+00 1.098254e+00 1.727647e+00 1.264148e+01 2.060894e+01 7.131769e+00 5.215641e+01 1.105420e+01 -1.930594e-01 
148 1481 0 0 0 3.410261e+00 1.626626e+00 1.129275e+00 1.809434e+00 1.255734e+01 2.073949e+01 7.210596e+00 5.219309e+01 1.113607e+01 -1.625853e-01 
149 1491 0 0 0 3.367168e+00 1.621232e+00 1.126107e+00 1.827419e+00 1.262499e+01 2.082345e+01 7.102852e+00 5.223905e+01 1.118412e+01 -1.801154e-01 
150 1501 0 0 0 3.430250e+00 1.601878e+00 1.136237e+00 1.852509e+00 1.277305e+01 2.086717e+01 7.163004e+00 5.192521e+01 1.122330e+01 -1.106298e-01 
151 1511 0 0 0 3.406896e+00 1.607592e+00 1.155124e+00 1.853608e+00 1.273871e+01 2.090200e+01 7.162130e+00 5.192704e+01 1.131595e+01 -8.922532e-02 
152 1521 0 0 0 3.438513e+00 1.590837e+00 1.137484e+00 1.830698e+00 1.288150e+01 2.098905e+01 7.205752e+00 5.138224e+01 1.137566e+01 -1.216341e-01 
153 1531 0 0 0 3.381517e+00 1.603853e+00 1.120127e+00 1.846850e+00 1.290558e+01 2.100404e+01 7.198913e+00 5.135282e+01 1.133875e+01 -6.501871e-02 
154 1541 0 0 0 3.393782e+00 1.609868e+00 1.138655e+00 1.880457e+00 1.294752e+01 2.107500e+01 7.138256e+00 5.138219e+01 1.121191e+01 -9.672121e-02 
155 1551 0 0 0 3.362950e+00 1.628709e+00 1.138518e+00 1.926625e+00 1.285836e+01 2.108536e+01 7.201572e+00 5.132479e+01 1.112918e+01 -8.371261e-02 
156 1561 0 0 0 3.336942e+00 1.617518e+00 1.147000e+00 1.971148e+00 1.282715e+01 2.120279e+01 7.282939e+00 5.077128e+01 1.104907e+01 -4.862820e-02 
157 1571 0 0 0 3.327612e+00 1.597263e+00 1.148354e+00 1.973598e+00 1.298858e+01 2.125280e+01 7.274552e+00 5.039217e+01 1.115986e+01 -1.070305e-01 
158 1581 0 0 0 3.374461e+00 1.574767e+00 1.136663e+00 1.969939e+00 1.306113e+01 2.123105e+01 7.269002e+00 4.993771e+01 1.104225e+01 -1.107521e-01 
159 1591 0 0 0 3.317964e+00 1.568592e+00 1.158213e+00 2.096889e+00 1.327331e+01 2.166815e+01 7.336694e+00 4.936507e+01 1.115116e+01 -1.223041e-01 
160 1601 0 0 0 3.445150e+00 1.574924e+00 1.170257e+00 2.050845e+00 1.322398e+01 2.161112e+01 7.374152e+00 4.967843e+01 1.110083e+01 -1.128134e-01 
161 1611 0 0 0 3.384460e+00 1.579580e+00 1.191995e+00 2.125424e+00 1.335038e+01 2.179000e+01 7.442251e+00 4.921200e+01 1.124776e+01 -5.146190e-02 
162 1621 0 0 0 3.467791e+00 1.589161e+00 1.201049e+00 2.189595e+00 1.351637e+01 2.210202e+01 7.539215e+00 4.924855e+01 1.107685e+01 -1.125772e-01 
163 1631 0 0 0 3.496012e+00 1.579111e+00 1.174142e+00 2.126648e+00 1.341315e+01 2.186641e+01 7.622956e+00 4.935037e+01 1.114511e+01 -1.318018e-01 
164 1641 0 0 0 3.533835e+00 1.578430e+00 1.152231e+00 2.040854e+00 1.346613e+01 2.179880e+01 7.545860e+00 4.918834e+01 1.121472e+01 -1.141429e-01 
165 1651 0 0 0 3.584085e+00 1.572425e+00 1.152341e+00 1.925376e+00 1.349869e+01 2.172224e+01 7.411407e+00 4.901282e+01 1.138898e+01 -4.957851e-02 
166 1661 0 0 0 3.657668e+00 1.551141e+00 1.146883e+00 1.900739e+00 1.352828e+01 2.173116e+01 7.412902e+00 4.850675e+01 1.135427e+01 -5.087433e-02 
167 1671 0 0 0 3.795423e+00 1.544516e+00 1.152288e+00 1.789572e+00 1.375639e+01 2.172515e+01 7.339333e+00 4.755795e+01 1.143153e+01 -8.174491e-02 
168 1681 0 0 0 4.009422e+00 1.546020e+00 1.176588e+00 1.747926e+00 1.405424e+01 2.183581e+01 7.416331e+00 4.712435e+01 1.166240e+01 -7.677729e-02 
169 1691 0 0 0 3.968041e+00 1.568812e+00 1.191286e+00 1.773736e+00 1.383010e+01 2.182909e+01 7.402188e+00 4.730608e+01 1.143046e+01 -3.598045e-02 
170 1701 0 0 0 3.943731e+00 1.585379e+00 1.176725e+00 1.792921e+00 1.364469e+01 2.181382e+01 7.546580e+00 4.756319e+01 1.127764e+01 -1.048090e-01 
171 1711 0 0 0 3.932805e+00 1.564423e+00 1.140730e+00 1.749095e+00 1.384918e+01 2.197574e+01 7.469121e+00 4.686214e+01 1.140539e+01 -1.420761e-01 
172 1721 0 0 0 4.067746e+00 1.555021e+00 1.159572e+00 1.693156e+00 1.409600e+01 2.230691e+01 7.547802e+00 4.589279e+01 1.163129e+01 -1.709241e-01 
173 1731 0 0 0 4.183725e+00 1.517158e+00 1.145159e+00 1.755513e+00 1.438311e+01 2.244931e+01 7.655064e+00 4.488331e+01 1.145222e+01 -2.111156e-01 
174 1741 0 0 0 4.188641e+00 1.502732e+00 1.187540e+00 1.818080e+00 1.464316e+01 2.249769e+01 7.427170e+00 4.470804e+01 1.144089e+01 -1.393464e-01 
175 1751 0 0 0 4.068466e+00 1.505692e+00 1.129308e+00 1.750979e+00 1.454308e+01 2.223594e+01 7.360786e+00 4.491329e+01 1.135459e+01 -9.869855e-02 
176 1761 0 0 0 4.100072e+00 1.494774e+00 1.139246e+00 1.800934e+00 1.468942e+01 2.264634e+01 7.472677e+00 4.421061e+01 1.144393e+01 -1.035933e-01 
177 1771 0 0 0 4.110177e+00 1.477943e+00 1.143324e+00 1.801508e+00 1.488129e+01 2.272501e+01 7.606476e+00 4.377738e+01 1.165550e+01 -1.815501e-01 
178 1781 0 0 0 4.099172e+00 1.456880e+00 1.132359e+00 1.827198e+00 1.503735e+01 2.289133e+01 7.602421e+00 4.288542e+01 1.158027e+01 -1.423370e-01 
179 1791 0 0 0 4.158104e+00 1.452948e+00 1.153762e+00 1.829798e+00 1.520290e+01 2.301298e+01 7.584469e+00 4.277569e+01 1.168483e+01 -1.122859e-01 
180 1801 0 0 0 4.134942e+00 1.445800e+00 1.118830e+00 1.847012e+00 1.532136e+01 2.325399e+01 7.700551e+00 4.203182e+01 1.170450e+01 -1.104430e-01 
181 1811 0 0 0 4.130755e+00 1.443775e+00 1.145462e+00 1.878762e+00 1.531814e+01 2.316492e+01 7.665303e+00 4.174707e+01 1.161730e+01 -1.292602e-01 
182 1821 0 0 0 4.119416e+00 1.455628e+00 1.110432e+00 1.805679e+00 1.531806e+01 2.305682e+01 7.563230e+00 4.159756e+01 1.150588e+01 -1.184429e-01 
183 1831 0 0 0 4.070267e+00 1.456482e+00 1.122229e+00 1.843016e+00 1.529132e+01 2.317344e+01 7.627715e+00 4.154353e+01 1.157971e+01 -8.227511e-02 
184 1841 0 0 0 4.122972e+00 1.440262e+00 1.151547e+00 1.938430e+00 1.557034e+01 2.343799e+01 7.660424e+00 4.161981e+01 1.164014e+01 -9.039577e-02 
185 1851 0 0 0 4.139265e+00 1.448988e+00 1.134575e+00 1.881333e+00 1.568132e+01 2.336058e+01 7.642833e+00 4.075734e+01 1.160736e+01 -9.258117e-02 
186 1861 0 0 0 4.207456e+00 1.436957e+00 1.138464e+00 1.914366e+00 1.588359e+01 2.348149e+01 7.681157e+00 4.040167e+01 1.153846e+01 -6.681789e-02 
187 1871 0 0 0 4.177335e+00 1.451834e+00 1.104017e+00 1.826583e+00 1.574775e+01 2.345538e+01 7.671622e+00 3.971415e+01 1.143966e+01 -4.420855e-02 
188 1881 0 0 0 4.340221e+00 1.417476e+00 1.102969e+00 1.769050e+00 1.608161e+01 2.359732e+01 7.681579e+00 3.884266e+01 1.164974e+01 -4.890429e-02 
189 1891 0 0 0 4.357179e+00 1.409868e+00 1.087258e+00 1.789622e+00 1.642880e+01 2.399278e+01 7.781922e+00 3.740531e+01 1.157694e+01 -7.483305e-02 
190 1901 0 0 0 4.332876e+00 1.404783e+00 1.079383e+00 1.863645e+00 1.650054e+01 2.411003e+01 7.871904e+00 3.722375e+01 1.145583e+01 -8.364381e-02 
191 1911 0 0 0 4.314322e+00 1.432929e+00 1.053910e+00 1.817352e+00 1.626698e+01 2.403419e+01 7.933339e+00 3.679228e+01 1.119546e+01 -1.271825e-01 
192 1921 0 0 0 4.421090e+00 1.429295e+00 1.058504e+00 1.751136e+00 1.643149e+01 2.409445e+01 7.930051e+00 3.584495e+01 1.128271e+01 -1.153866e-01 
193 1931 0 0 0 4.444799e+00 1.452388e+00 1.044027e+00 1.741099e+00 1.650636e+01 2.434504e+01 8.040490e+00 3.479313e+01 1.107866e+01 -1.048112e-01 
194 1941 0 0 0 4.427342e+00 1.445506e+00 1.010903e+00 1.718235e+00 1.645064e+01 2.431280e+01 7.979502e+00 3.463296e+01 1.101467e+01 -1.225014e-01 
195 1951 0 0 0 4.542711e+00 1.433918e+00 9.966370e-01 1.641112e+00 1.638722e+01 2.411722e+01 8.013226e+00 3.435796e+01 1.092820e+01 -1.088257e-01 
196 1961 0 0 0 4.597274e+00 1.421990e+00 9.886311e-01 1.645010e+00 1.658769e+01 2.420850e+01 8.125010e+00 3.369869e+01 1.098250e+01 -8.602899e-02 
197 1971 0 0 0 4.702099e+00 1.410956e+00 1.036986e+00 1.774597e+00 1.653833e+01 2.434155e+01 8.286181e+00 3.419109e+01 1.088741e+01 -1.019178e-01 
198 1981 0 0 0 4.864235e+00 1.403961e+00 1.031328e+00 1.771133e+00 1.695146e+01 2.481399e+01 8.355190e+00 3.271634e+01 1.070651e+01 -4.433800e-02 
199 1991 0 0 0 4.988159e+00 1.416832e+00 1.034213e+00 1.702709e+00 1.702839e+01 2.486194e+01 8.402717e+00 3.206196e+01 1.064471e+01 -3.571801e-02 
200 2001 0 0 0 4.854726e+00 1.420378e+00 1.011614e+00 1.682334e+00 1.702142e+01 2.475224e+01 8.243779e+00 3.163619e+01 1.061060e+01 -6.926383e-02 
201 2011 0 0 0 4.920679e+00 1.421014e+00 1.036375e+00 1.799815e+00 1.702394e+01 2.498289e+01 8.501874e+00 3.159979e+01 1.049120e+01 -6.433424e-02 
202 2021 0 0 0 5.040942e+00 1.408885e+00 1.024020e+00 1.777674e+00 1.701235e+01 2.486280e+01 8.491896e+00 3.152092e+01 1.034471e+01 -1.219203e-01 
203 2031 0 0 0 5.239011e+00 1.388805e+00 1.011980e+00 1.688119e+00 1.759464e+01 2.498477e+01 8.550563e+00 2.897779e+01 1.034155e+01 -9.090372e-02 
204 2041 0 0 0 5.266676e+00 1.376241e+00 1.025198e+00 1.697596e+00 1.781301e+01 2.492121e+01 8.531603e+00 2.859602e+01 1.047202e+01 -7.346781e-02 
205 2051 0 0 0 5.361186e+00 1.374139e+00 1.023663e+00 1.583370e+00 1.754194e+01 2.462514e+01 8.247364e+00 2.902403e+01 1.041135e+01 -1.790665e-01 
206 2061 0 0 0 5.416663e+00 1.382294e+00 1.027206e+00 1.536710e+00 1.752784e+01 2.451528e+01 8.289677e+00 2.842198e+01 1.040903e+01 -8.928543e-02 
207 2071 0 0 0 5.455292e+00 1.341272e+00 1.054925e+00 1.531740e+00 1.778167e+01 2.464734e+01 8.145717e+00 2.853439e+01 1.066767e+01 -9.271429e-02 
208 2081 0 0 0 5.194051e+00 1.355471e+00 1.044583e+00 1.589407e+00 1.760156e+01 2.434687e+01 8.135793e+00 2.946801e+01 1.069685e+01 -7.205022e-02 
209 2091 0 0 0 5.157048e+00 1.361668e+00 1.011568e+00 1.597029e+00 1.757882e+01 2.445777e+01 8.177317e+00 2.956640e+01 1.060237e+01 -1.156178e-01 
210 2101 0 0 0 5.324896e+00 1.377313e+00 9.803715e-01 1.505771e+00 1.775780e+01 2.460080e+01 8.234976e+00 2.789725e+01 1.031952e+01 -1.580972e-01 
211 2111 0 0 0 5.359756e+00 1.359193e+00 1.028977e+00 1.600229e+00 1.800772e+01 2.459671e+01 8.233975e+00 2.747147e+01 1.033568e+01 -1.693709e-01 
212 2121 0 0 0 5.523456e+00 1.339199e+00 1.036221e+00 1.603963e+00 1.838006e+01 2.480519e+01 8.353774e+00 2.560771e+01 1.019688e+01 -8.899473e-02 
213 2131 0 0 0 5.627853e+00 1.349740e+00 1.012834e+00 1.495918e+00 1.833386e+01 2.461066e+01 8.275028e+00 2.518735e+01 1.014522e+01 -7.628253e-02 
214 2141 0 0 0 5.725271e+00 1.348850e+00 1.009835e+00 1.521473e+00 1.834436e+01 2.474800e+01 8.435762e+00 2.461823e+01 9.992316e+00 -1.135242e-01 
215 2151 0 0 0 5.845753e+00 1.343539e+00 9.903364e-01 1.452028e+00 1.860792e+01 2.470311e+01 8.420508e+00 2.312694e+01 9.860188e+00 -9.377063e-02 
216 2161 0 0 0 5.780094e+00 1.335556e+00 9.497933e-01 1.402605e+00 1.850642e+01 2.478846e+01 8.481114e+00 2.285968e+01 9.877160e+00 -8.828692e-02 
217 2171 0 0 0 5.823802e+00 1.336611e+00 9.437460e-01 1.453332e+00 1.849224e+01 2.482839e+01 8.724769e+00 2.203291e+01 9.624352e+00 -1.271347e-01 
218 2181 0 0 0 6.044693e+00 1.352586e+00 9.337631e-01 1.391167e+00 1.873588e+01 2.480705e+01 8.752419e+00 1.976481e+01 9.209910e+00 -6.199261e-02 
219 2191 0 0 0 5.980547e+00 1.348253e+00 9.553513e-01 1.437177e+00 1.845021e+01 2.462214e+01 8.832600e+00 2.108841e+01 9.389269e+00 -8.835332e-02 
220 2201 0 0 0 5.867548e+00 1.311065e+00 9.704510e-01 1.499241e+00 1.858341e+01 2.481632e+01 8.799781e+00 2.132550e+01 9.658281e+00 -1.067583e-01 
221 2211 0 0 0 5.787932e+00 1.312456e+00 9.575029e-01 1.529809e+00 1.847110e+01 2.480676e+01 8.812095e+00 2.136216e+01 9.493242e+00 -1.147089e-01 
222 2221 0 0 0 5.888055e+00 1.308418e+00 9.209046e-01 1.451371e+00 1.871902e+01 2.471954e+01 8.855612e+00 2.003731e+01 9.382427e+00 -1.625445e-01 
223 2231 0 0 0 5.942297e+00 1.306459e+00 8.968513e-01 1.374219e+00 1.892792e+01 2.471524e+01 8.768757e+00 1.904133e+01 9.400058e+00 -1.297762e-01 
224 2241 0 0 0 5.993751e+00 1.343387e+00 8.710951e-01 1.313387e+00 1.892572e+01 2.477502e+01 8.781948e+00 1.906742e+01 9.330582e+00 -1.133129e-01 
225 2251 0 0 0 5.953494e+00 1.328941e+00 8.467897e-01 1.284712e+00 1.890828e+01 2.487919e+01 8.657848e+00 1.861212e+01 9.200478e+00 -7.242767e-02 
226 2261 0 0 0 5.872061e+00 1.340663e+00 8.187806e-01 1.246532e+00 1.860756e+01 2.454700e+01 8.659657e+00 1.895983e+01 9.142277e+00 -4.303386e-02 
227 2271 0 0 0 5.873188e+00 1.352757e+00 7.911267e-01 1.218973e+00 1.861605e+01 2.456622e+01 8.662736e+00 1.851380e+01 8.957744e+00 -1.363244e-01 
228 2281 0 0 0 5.852138e+00 1.364411e+00 8.291960e-01 1.276964e+00 1.863435e+01 2.444077e+01 8.671770e+00 1.888051e+01 8.990355e+00 -1.694158e-01 
229 2291 0 0 0 5.857452e+00 1.368419e+00 7.739517e-01 1.215305e+00 1.863785e+01 2.436830e+01 8.691220e+00 1.820548e+01 8.836871e+00 -1.288595e-01 
230 2301 0 0 0 6.081265e+00 1.347427e+00 7.833912e-01 1.161216e+00 1.919433e+01 2.460154e+01 8.682490e+00 1.703490e+01 8.963970e+00 -9.054129e-02 
231 2311 0 0 0 6.048632e+00 1.354018e+00 7.809355e-01 1.162642e+00 1.908596e+01 2.468854e+01 8.708294e+00 1.734530e+01 9.004794e+00 -8.687869e-02 
232 2321 0 0 0 5.898706e+00 1.350297e+00 8.018121e-01 1.266253e+00 1.885737e+01 2.471574e+01 8.704173e+00 1.866106e+01 9.064980e+00 -1.252066e-01 
233 2331 0 0 0 5.970634e+00 1.358385e+00 7.930022e-01 1.225641e+00 1.875524e+01 2.454492e+01 8.717904e+00 1.839260e+01 8.940227e+00 -1.253037e-01 
234 2341 0 0 0 6.053150e+00 1.362334e+00 7.614807e-01 1.180073e+00 1.899496e+01 2.473839e+01 8.842537e+00 1.677828e+01 8.825930e+00 -9.050213e-02 
235 2351 0 0 0 6.095322e+00 1.366043e+00 7.536779e-01 1.149704e+00 1.900843e+01 2.471245e+01 8.896609e+00 1.636257e+01 8.794313e+00 -1.054414e-01 
236 2361 0 0 0 6.105975e+00 1.380316e+00 7.278429e-01 1.098284e+00 1.910979e+01 2.458060e+01 8.851654e+00 1.590737e+01 8.671680e+00 -1.247098e-01 
237 2371 0 0 0 6.078333e+00 1.384499e+00 6.989264e-01 1.071551e+00 1.904273e+01 2.448642e+01 8.936708e+00 1.534562e+01 8.568959e+00 -1.601081e-01 
238 2381 0 0 0 6.199023e+00 1.379157e+00 7.117275e-01 1.076312e+00 1.915168e+01 2.451451e+01 8.998875e+00 1.476513e+01 8.515118e+00 -2.028237e-01 
239 2391 0 0 0 6.246543e+00 1.368476e+00 7.243154e-01 1.059228e+00 1.937123e+01 2.451791e+01 8.937090e+00 1.445913e+01 8.637891e+00 -1.476996e-01 
240 2401 0 0 0 6.145685e+00 1.374235e+00 7.438073e-01 1.092764e+00 1.911778e+01 2.450102e+01 8.842284e+00 1.609015e+01 8.818122e+00 -1.296321e-01 
241 2411 0 0 0 6.132492e+00 1.363842e+00 7.338670e-01 1.098797e+00 1.915498e+01 2.460467e+01 8.794950e+00 1.574590e+01 8.730063e+00 -1.133172e-01 
242 2421 0 0 0 6.130978e+00 1.378396e+00 7.209920e-01 1.060985e+00 1.915346e+01 2.459884e+01 8.748059e+00 1.582960e+01 8.751371e+00 -1.453573e-01 
243 2431 0 0 0 6.110450e+00 1.379554e+00 7.109839e-01 1.068411e+00 1.907715e+01 2.458588e+01 8.865051e+00 1.557764e+01 8.702944e+00 -1.763353e-01 
244 2441 0 0 0 6.123688e+00 1.375021e+00 6.950923e-01 1.059656e+00 1.907460e+01 2.463946e+01 8.895587e+00 1.526268e+01 8.627905e+00 -1.521443e-01 
245 2451 0 0 0 6.157247e+00 1.371668e+00 6.893795e-01 1.057736e+00 1.910595e+01 2.466986e+01 8.938316e+00 1.471083e+01 8.526037e+00 -1.820849e-01 
246 2461 0 0 0 6.246810e+00 1.372425e+00 6.780326e-01 1.048657e+00 1.908198e+01 2.470111e+01 9.047578e+00 1.433234e+01 8.371949e+00 -2.090553e-01 
247 2471 0 0 0 6.193156e+00 1.365902e+00 6.766672e-01 1.064934e+00 1.904066e+01 2.475215e+01 8.959100e+00 1.477912e+01 8.388577e+00 -1.824576e-01 
248 2481 0 0 0 6.215289e+00 1.362498e+00 6.751235e-01 1.064548e+00 1.904398e+01 2.488524e+01 8.996119e+00 1.472351e+01 8.423063e+00 -1.784996e-01 
249 2491 0 0 0 6.179591e+00 1.355594e+00 6.712772e-01 1.051202e+00 1.896034e+01 2.481135e+01 8.932232e+00 1.490953e+01 8.473737e+00 -1.346465e-01 
250 2501 0 0 0 6.205061e+00 1.356110e+00 6.709463e-01 1.018320e+00 1.905532e+01 2.468957e+01 8.841876e+00 1.454107e+01 8.429594e+00 -1.115993e-01 
251 2511 0 0 0 6.207855e+00 1.348633e+00 6.560059e-01 1.005180e+00 1.908067e+01 2.459656e+01 8.818940e+00 1.401963e+01 8.343708e+00 -9.321804e-02 
252 2521 0 0 0 6.207497e+00 1.348502e+00 6.744020e-01 1.024621e+00 1.907824e+01 2.439721e+01 8.850707e+00 1.392939e+01 8.274391e+00 -1.058025e-01 
253 2531 0 0 0 6.248939e+00 1.344756e+00 6.770675e-01 1.021546e+00 1.917316e+01 2.446078e+01 8.839795e+00 1.350813e+01 8.261614e+00 -1.048861e-01 
254 2541 0 0 0 6.297449e+00 1.354625e+00 6.631190e-01 1.007535e+00 1.919000e+01 2.444625e+01 8.970619e+00 1.296190e+01 8.131123e+00 -1.338832e-01 
255 2551 0 0 0 6.269517e+00 1.368234e+00 6.523394e-01 1.027305e+00 1.909988e+01 2.441412e+01 9.011662e+00 1.296774e+01 8.001177e+00 -1.393303e-01 
256 2561 0 0 0 6.255519e+00 1.364907e+00 6.128864e-01 9.857464e-01 1.903239e+01 2.431358e+01 9.039842e+00 1.204532e+01 7.801213e+00 -1.124887e-01 
257 2571 0 0 0 6.248751e+00 1.364572e+00 6.025487e-01 9.612588e-01 1.901757e+01 2.413702e+01 9.043884e+00 1.149864e+01 7.783636e+00 -1.001647e-01 
258 2581 0 0 0 6.296774e+00 1.353617e+00 6.095758e-01 9.655270e-01 1.916316e+01 2.415560e+01 9.098515e+00 1.079483e+01 7.733270e+00 -4.865510e-02 
259 2591 0 0 0 6.354281e+00 1.378533e+00 5.481422e-01 9.048099e-01 1.916751e+01 2.400538e+01 9.296632e+00 9.149094e+00 7.360803e+00 -1.089090e-01 
260 2601 0 0 0 6.218460e+00 1.373573e+00 5.569968e-01 9.048715e-01 1.898423e+01 2.375209e+01 9.140765e+00 9.697653e+00 7.460344e+00 -9.112309e-02 
261 2611 0 0 0 6.336999e+00 1.377798e+00 5.194993e-01 8.386277e-01 1.927414e+01 2.361429e+01 9.205762e+00 7.480893e+00 7.095315e+00 -9.320108e-02 
262 2621 0 0 0 6.253363e+00 1.355333e+00 5.247568e-01 8.780389e-01 1.910645e+01 2.347817e+01 9.154881e+00 7.947791e+00 7.132218e+00 -1.178190e-01 
263 2631 0 0 0 6.258315e+00 1.367505e+00 4.862541e-01 8.005142e-01 1.892199e+01 2.312916e+01 9.193342e+00 7.214785e+00 6.915038e+00 -1.423287e-01 
264 2641 0 0 0 6.478913e+00 1.367263e+00 4.666753e-01 7.954587e-01 1.919422e+01 2.331447e+01 9.481762e+00 4.866735e+00 6.558018e+00 -1.767928e-01 
265 2651 0 0 0 6.411658e+00 1.383832e+00 4.823116e-01 8.244324e-01 1.923150e+01 2.339076e+01 9.504677e+00 5.026983e+00 6.632933e+00 -2.021787e-01 
266 2661 0 0 0 6.311142e+00 1.371977e+00 4.806665e-01 8.099747e-01 1.914126e+01 2.324820e+01 9.364118e+00 5.515426e+00 6.738212e+00 -1.698968e-01 
267 2671 0 0 0 6.284374e+00 1.348200e+00 4.983487e-01 8.213233e-01 1.911033e+01 2.343710e+01 9.269084e+00 5.950814e+00 6.922864e+00 -9.829690e-02 
268 2681 0 0 0 6.264091e+00 1.360674e+00 4.550205e-01 7.856210e-01 1.905524e+01 2.311681e+01 9.443493e+00 4.077697e+00 6.542031e+00 -1.363386e-01 
269 2691 0 0 0 6.261935e+00 1.363276e+00 4.061418e-01 7.272420e-01 1.901502e+01 2.305344e+01 9.419201e+00 3.480434e+00 6.358212e+00 -1.114514e-01 
270 2701 0 0 0 6.258523e+00 1.372003e+00 4.259496e-01 7.515168e-01 1.904190e+01 2.313130e+01 9.459314e+00 3.573014e+00 6.421873e+00 -1.008046e-01 
271 2711 0 0 0 6.286810e+00 1.366963e+00 4.054237e-01 7.380712e-01 1.901366e+01 2.316116e+01 9.513147e+00 3.013012e+00 6.291878e+00 -1.065201e-01 
272 2721 0 0 0 6.324391e+00 1.357823e+00 3.880182e-01 7.124893e-01 1.899356e+01 2.307446e+01 9.581805e+00 2.364200e+00 6.179784e+00 -8.927494e-02 
273 2731 0 0 0 6.308675e+00 1.368379e+00 3.738287e-01 7.060571e-01 1.887103e+01 2.315028e+01 9.665652e+00 2.244650e+00 6.073012e+00 -1.116764e-01 
274 2741 0 0 0 6.245605e+00 1.369416e+00 3.829218e-01 7.219934e-01 1.877208e+01 2.315818e+01 9.618832e+00 2.849048e+00 6.165622e+00 -1.434815e-01 
275 2751 0 0 0 6.331057e+00 1.373948e+00 3.559948e-01 7.181113e-01 1.888440e+01 2.319914e+01 9.804249e+00 7.899366e-01 5.798319e+00 -1.565888e-01 
276 2761 0 0 0 6.369032e+00 1.376309e+00 3.340362e-01 6.861082e-01 1.893666e+01 2.309958e+01 9.844868e+00 2.440510e-02 5.674395e+00 -1.732144e-01 
277 2771 0 0 0 6.414140e+00 1.359133e+00 3.460510e-01 7.143697e-01 1.903865e+01 2.325172e+01 9.824464e+00 1.109151e-01 5.713380e+00 -1.736002e-01 
278 2781 0 0 0 6.427949e+00 1.365886e+00 3.819599e-01 7.588216e-01 1.900169e+01 2.324170e+01 9.825823e+00 1.313976e+00 5.907874e+00 -1.643709e-01 
279 2791 0 0 0 6.484270e+00 1.380016e+00 3.725472e-01 7.217157e-01 1.905246e+01 2.327605e+01 9.881406e+00 1.241321e+00 5.913985e+00 -2.035943e-01 
280 2801 0 0 0 6.506574e+00 1.368567e+00 3.603685e-01 7.028956e-01 1.907630e+01 2.321735e+01 9.946292e+00 3.653190e-01 5.822410e+00 -1.881246e-01 
281 2811 0 0 0 6.490679e+00 1.366122e+00 3.603389e-01 7.171134e-01 1.900281e+01 2.323362e+01 9.959661e+00 3.918455e-01 5.772289e+00 -1.907580e-01 
282 2821 0 0 0 6.521180e+00 1.357107e+00 3.572137e-01 7.093768e-01 1.899693e+01 2.326729e+01 9.975662e+00 3.146788e-01 5.796448e+00 -1.884942e-01 
283 2831 0 0 0 6.503700e+00 1.353070e+00 3.429712e-01 6.922796e-01 1.898852e+01 2.320765e+01 9.922434e+00 2.685054e-01 5.762332e+00 -1.842735e-01 
284 2841 0 0 0 6.514776e+00 1.348224e+00 3.356259e-01 6.858222e-01 1.894057e+01 2.320083e+01 9.905932e+00 -2.644823e-02 5.659536e+00 -1.813972e-01 
285 2851 0 0 0 6.441521e+00 1.342432e+00 3.351868e-01 6.798263e-01 1.880470e+01 2.316003e+01 9.820659e+00 5.240483e-01 5.735967e+00 -1.946701e-01 
286 2861 0 0 0 6.470644e+00 1.338716e+00 3.366243e-01 6.855274e-01 1.887362e+01 2.320310e+01 9.822004e+00 2.963737e-01 5.719789e+00 -2.136967e-01 
287 2871 0 0 0 6.470704e+00 1.335222e+00 3.275634e-01 6.859592e-01 1.894198e+01 2.328213e+01 9.834512e+00 1.562695e-03 5.708841e+00 -1.948959e-01 
288 2881 0 0 0 6.485446e+00 1.333866e+00 3.318341e-01 6.800978e-01 1.892324e+01 2.325926e+01 9.798276e+00 3.906677e-01 5.747599e+00 -1.995106e-01 
289 2891 0 0 0 6.523192e+00 1.323419e+00 3.311326e-01 6.705642e-01 1.893434e+01 2.322391e+01 9.820620e+00 7.370004e-02 5.744459e+00 -1.994233e-01 
290 2901 0 0 0 6.490685e+00 1.335765e+00 3.305171e-01 6.822782e-01 1.881862e+01 2.309085e+01 9.861240e+00 3.465993e-01 5.684116e+00 -2.252563e-01 
291 2911 0 0 0 6.540037e+00 1.331568e+00 3.369207e-01 6.677281e-01 1.893903e+01 2.316777e+01 9.870969e+00 1.916755e-01 5.771941e+00 -1.955021e-01 
292 2921 0 0 0 6.561528e+00 1.320794e+00 3.330374e-01 6.577610e-01 1.904602e+01 2.321830e+01 9.870337e+00 -2.416316e-01 5.802471e+00 -2.021031e-01 
293 2931 0 0 0 6.533989e+00 1.322850e+00 3.396978e-01 6.647311e-01 1.902153e+01 2.316021e+01 9.862401e+00 -1.026965e-01 5.858234e+00 -1.877060e-01 
294 2941 0 0 0 6.535608e+00 1.313495e+00 3.388544e-01 6.755045e-01 1.901436e+01 2.314360e+01 9.834132e+00 -1.855977e-01 5.822779e+00 -1.912036e-01 
295 2951 0 0 0 6.507094e+00 1.317282e+00 3.369194e-01 6.713044e-01 1.892212e+01 2.308234e+01 9.820754e+00 -1.682299e-02 5.827436e+00 -2.046640e-01 
296 2961 0 0 0 6.518463e+00 1.318691e+00 3.321214e-01 6.642282e-01 1.899313e+01 2.310353e+01 9.783568e+00 -1.619334e-01 5.786786e+00 -2.259553e-01 
297 2971 0 0 0 6.527316e+00 1.328532e+00 3.473343e-01 6.776068e-01 1.903898e+01 2.303310e+01 9.826527e+00 2.563664e-02 5.822868e+00 -2.171850e-01 
298 2981 0 0 0 6.543592e+00 1.332150e+00 3.428487e-01 6.770162e-01 1.905236e+01 2.301991e+01 9.865735e+00 -1.302002e-01 5.759443e+00 -2.183061e-01 
299 2991 0 0 0 6.521071e+00 1.328423e+00 3.419377e-01 6.728744e-01 1.907839e+01 2.295678e+01 9.802744e+00 -5.943517e-02 5.793240e+00 -2.105498e-01 
300 3001 0 0 0 6.498520e+00 1.331417e+00 3.408836e-01 6.721247e-01 1.901797e+01 2.294179e+01 9.805423e+00 4.609435e-02 5.791071e+00 -2.079030e-01 
301 3011 0 0 0 6.526954e+00 1.327221e+00 3.341558e-01 6.677387e-01 1.899210e+01 2.298928e+01 9.814573e+00 -6.647143e-02 5.742996e+00 -2.224048e-01 
302 3021 0 0 0 6.537726e+00 1.325293e+00 3.343687e-01 6.660644e-01 1.898888e+01 2.300884e+01 9.827026e+00 -1.032272e-01 5.749531e+00 -2.253651e-01 
303 3031 0 0 0 6.520891e+00 1.321391e+00 3.308067e-01 6.573690e-01 1.900257e+01 2.303765e+01 9.790296e+00 -1.276507e-01 5.783944e+00 -2.162987e-01 
304 3041 0 0 0 6.508047e+00 1.323552e+00 3.275040e-01 6.551414e-01 1.898126e+01 2.303883e+01 9.785683e+00 -6.772145e-02 5.776477e+00 -2.063731e-01 
305 3051 0 0 0 6.513612e+00 1.317665e+00 3.362895e-01 6.596752e-01 1.902603e+01 2.305333e+01 9.739458e+00 1.501177e-01 5.855980e+00 -1.859877e-01 
306 3061 0 0 0 6.517349e+00 1.320333e+00 3.390386e-01 6.612210e-01 1.899780e+01 2.302491e+01 9.749402e+00 1.406094e-01 5.843689e+00 -1.906281e-01 
307 3071 0 0 0 6.508906e+00 1.321805e+00 3.301863e-01 6.496540e-01 1.900233e+01 2.301614e+01 9.768874e+00 -1.021440e-01 5.826645e+00 -1.894977e-01 
308 3081 0 0 0 6.519112e+00 1.317490e+00 3.271558e-01 6.498446e-01 1.898573e+01 2.303949e+01 9.762545e+00 -1.305008e-01 5.813383e+00 -1.734645e-01 
309 3091 0 0 0 6.518981e+00 1.318642e+00 3.304003e-01 6.467391e-01 1.898629e+01 2.304419e+01 9.772590e+00 5.784109e-03 5.862546e+00 -1.789381e-01 
310 3101 0 0 0 6.516370e+00 1.318250e+00 3.272648e-01 6.421467e-01 1.897227e+01 2.305496e+01 9.764836e+00 2.928638e-03 5.844268e+00 -1.731385e-01 
311 3111 0 0 0 6.497358e+00 1.319231e+00 3.254016e-01 6.447657e-01 1.894896e+01 2.305816e+01 9.775246e+00 5.665279e-03 5.838473e+00 -1.663024e-01 
312 3121 0 0 0 6.498010e+00 1.321004e+00 3.258822e-01 6.517793e-01 1.895225e+01 2.305901e+01 9.790518e+00 -4.219416e-02 5.797185e+00 -1.743147e-01 
313 3131 0 0 0 6.502319e+00 1.321375e+00 3.285990e-01 6.521635e-01 1.899680e+01 2.308102e+01 9.790005e+00 -6.868604e-02 5.828290e+00 -1.607614e-01 
314 3141 0 0 0 6.495948e+00 1.322310e+00 3.281266e-01 6.513498e-01 1.897002e+01 2.307287e+01 9.797092e+00 -8.117171e-02 5.818214e+00 -1.645380e-01 
315 3151 0 0 0 6.501539e+00 1.321380e+00 3.271955e-01 6.490466e-01 1.896832e+01 2.306273e+01 9.795373e+00 -6.943915e-02 5.820196e+00 -1.594127e-01 
316 3161 0 0 0 6.518019e+00 1.323339e+00 3.277631e-01 6.543493e-01 1.898592e+01 2.308934e+01 9.835451e+00 -9.592505e-02 5.809516e+00 -1.670300e-01 
317 3171 0 0 0 6.541251e+00 1.322253e+00 3.282103e-01 6.558379e-01 1.899987e+01 2.312088e+01 9.839114e+00 -8.043181e-02 5.802415e+00 -1.709204e-01 
318 3181 0 0 0 6.548308e+00 1.321890e+00 3.322291e-01 6.612747e-01 1.900599e+01 2.314514e+01 9.855623e+00 -3.897125e-02 5.821741e+00 -1.678818e-01 
319 3191 0 0 0 6.527880e+00 1.324512e+00 3.325795e-01 6.607208e-01 1.898065e+01 2.311722e+01 9.847814e+00 3.284165e-02 5.824489e+00 -1.665246e-01 
320 3201 0 0 0 6.543020e+00 1.323913e+00 3.343190e-01 6.678535e-01 1.897457e+01 2.313562e+01 9.887210e+00 -3.806540e-02 5.800327e+00 -1.778349e-01 
321 3211 0 0 0 6.547332e+00 1.321765e+00 3.358317e-01 6.639814e-01 1.901841e+01 2.314405e+01 9.870709e+00 -1.717925e-01 5.823462e+00 -1.699457e-01 
322 3221 0 0 0 6.550449e+00 1.322892e+00 3.352759e-01 6.651104e-01 1.900272e+01 2.315903e+01 9.885420e+00 -1.682800e-01 5.805947e+00 -1.718287e-01 
323 3231 0 0 0 6.547150e+00 1.323007e+00 3.385232e-01 6.690146e-01 1.900102e+01 2.315699e+01 9.872495e+00 -8.204903e-02 5.810346e+00 -1.606433e-01 
324 3241 0 0 0 6.543665e+00 1.325227e+00 3.370112e-01 6.690885e-01 1.899072e+01 2.316388e+01 9.880410e+00 -4.463143e-02 5.801068e+00 -1.555802e-01 
325 3251 0 0 0 6.531542e+00 1.325889e+00 3.398567e-01 6.694996e-01 1.898410e+01 2.314723e+01 9.867673e+00 1.804342e-02 5.824203e+00 -1.483646e-01 
326 3261 0 0 0 6.525909e+00 1.325463e+00 3.379730e-01 6.685465e-01 1.896246e+01 2.313647e+01 9.877401e+00 -3.765533e-02 5.818480e+00 -1.376037e-01 
327 3271 0 0 0 6.529668e+00 1.322700e+00 3.359307e-01 6.633541e-01 1.897247e+01 2.314381e+01 9.861945e+00 -5.228350e-02 5.831077e+00 -1.254123e-01 
328 3281 0 0 0 6.525114e+00 1.322566e+00 3.369719e-01 6.646506e-01 1.897755e+01 2.311742e+01 9.842142e+00 -3.137774e-02 5.823249e+00 -1.284204e-01 
329 3291 0 0 0 6.520730e+00 1.322933e+00 3.373230e-01 6.656346e-01 1.896106e+01 2.310579e+01 9.831135e+00 -1.317585e-02 5.808572e+00 -1.270139e-01 
330 3301 0 0 0 6.541053e+00 1.318093e+00 3.385271e-01 6.646628e-01 1.900227e+01 2.315787e+01 9.821816e+00 -5.481808e-02 5.834387e+00 -1.178224e-01 
331 3311 0 0 0 6.533606e+00 1.321976e+00 3.351745e-01 6.623889e-01 1.898896e+01 2.314473e+01 9.840282e+00 -8.784281e-02 5.814003e+00 -1.149828e-01 
332 3321 0 0 0 6.512278e+00 1.321277e+00 3.316229e-01 6.593105e-01 1.895946e+01 2.310008e+01 9.813881e+00 -1.468540e-02 5.803821e+00 -1.233020e-01 
333 3331 0 0 0 6.515932e+00 1.319624e+00 3.299301e-01 6.570084e-01 1.896864e+01 2.313267e+01 9.806198e+00 2.825998e-02 5.817680e+00 -1.149658e-01 
334 3341 0 0 0 6.495057e+00 1.317213e+00 3.226646e-01 6.469604e-01 1.895709e+01 2.310026e+01 9.768488e+00 -1.767292e-02 5.811670e+00 -1.096489e-01 
335 3351 0 0 0 6.475857e+00 1.321468e+00 3.160526e-01 6.429326e-01 1.892794e+01 2.307165e+01 9.768948e+00 -7.546871e-02 5.767491e+00 -1.015102e-01 
336 3361 0 0 0 6.482279e+00 1.323971e+00 3.182638e-01 6.470814e-01 1.890497e+01 2.306432e+01 9.806110e+00 -1.371001e-01 5.738932e+00 -9.468385e-02 
337 3371 0 0 0 6.462925e+00 1.323052e+00 3.189050e-01 6.492243e-01 1.887837e+01 2.304871e+01 9.779707e+00 4.023312e-02 5.757230e+00 -9.599163e-02 
338 3381 0 0 0 6.468377e+00 1.326031e+00 3.241752e-01 6.539341e-01 1.888226e+01 2.306257e+01 9.805904e+00 7.676404e-02 5.771228e+00 -8.280309e-02 
339 3391 0 0 0 6.477266e+00 1.328622e+00 3.240286e-01 6.600820e-01 1.889716e+01 2.304955e+01 9.826061e+00 -4.534515e-02 5.726213e+00 -9.243662e-02 
340 3401 0 0 0 6.475547e+00 1.329887e+00 3.277841e-01 6.639612e-01 1.890156e+01 2.306820e+01 9.823161e+00 7.202864e-03 5.733590e+00 -7.839652e-02 
341 3411 0 0 0 6.476109e+00 1.330009e+00 3.289673e-01 6.643476e-01 1.891304e+01 2.304965e+01 9.818129e+00 2.440078e-02 5.731483e+00 -7.729910e-02 
342 3421 0 0 0 6.473034e+00 1.331925e+00 3.315566e-01 6.721964e-01 1.891456e+01 2.305072e+01 9.831448e+00 -5.823246e-03 5.711765e+00 -7.654674e-02 
343 3431 0 0 0 6.489237e+00 1.331795e+00 3.335317e-01 6.738124e-01 1.894408e+01 2.307787e+01 9.850696e+00 -6.581607e-02 5.728017e+00 -8.107460e-02 
344 3441 0 0 0 6.497991e+00 1.329776e+00 3.334447e-01 6.708536e-01 1.892295e+01 2.306340e+01 9.835929e+00 -4.520831e-02 5.717283e+00 -9.161426e-02 
345 3451 0 0 0 6.499779e+00 1.330637e+00 3.367305e-01 6.736119e-01 1.892954e+01 2.305461e+01 9.835180e+00 -7.653671e-02 5.716136e+00 -8.065523e-02 
346 3461 0 0 0 6.484981e+00 1.329255e+00 3.334429e-01 6.689873e-01 1.891593e+01 2.303801e+01 9.805321e+00 -2.272833e-02 5.721648e+00 -7.886502e-02 
347 3471 0 0 0 6.474027e+00 1.328647e+00 3.331104e-01 6.680616e-01 1.891200e+01 2.304603e+01 9.789796e+00 -4.281942e-02 5.725669e+00 -6.315634e-02 
348 3481 0 0 0 6.460379e+00 1.328010e+00 3.293052e-01 6.614929e-01 1.890131e+01 2.302116e+01 9.764450e+00 -7.473627e-02 5.727929e+00 -5.263330e-02 
349 3491 0 0 0 6.428059e+00 1.326496e+00 3.259798e-01 6.590355e-01 1.887168e+01 2.298497e+01 9.720076e+00 -5.271545e-02 5.714317e+00 -3.775604e-02 
350 3501 0 0 0 6.417569e+00 1.327804e+00 3.224569e-01 6.584897e-01 1.883772e+01 2.296940e+01 9.730856e+00 -6.997630e-02 5.693876e+00 -4.821292e-02 
351 3511 0 0 0 6.359152e+00 1.326326e+00 3.132149e-01 6.452289e-01 1.877004e+01 2.288239e+01 9.665079e+00 -1.036126e-02 5.689539e+00 -1.789982e-02 
352 3521 0 0 0 6.359573e+00 1.328213e+00 3.128381e-01 6.445763e-01 1.876509e+01 2.285508e+01 9.668040e+00 4.313948e-02 5.682338e+00 -3.216500e-02 
353 3531 0 0 0 6.357396e+00 1.328398e+00 3.116887e-01 6.470011e-01 1.873692e+01 2.283549e+01 9.704537e+00 -7.002779e-02 5.654813e+00 -2.860049e-02 
354 3541 0 0 0 6.353621e+00 1.323419e+00 3.081601e-01 6.444420e-01 1.873114e+01 2.283515e+01 9.676660e+00 -9.432613e-02 5.639441e+00 -2.442660e-02 
355 3551 0 0 0 6.346242e+00 1.323937e+00 3.032409e-01 6.454541e-01 1.869221e+01 2.283984e+01 9.701541e+00 -2.234840e-02 5.617620e+00 -3.738647e-02 
356 3561 0 0 0 6.352115e+00 1.327644e+00 3.045894e-01 6.505605e-01 1.871768e+01 2.282504e+01 9.736719e+00 -1.943050e-01 5.585983e+00 -3.435642e-02 
357 3571 0 0 0 6.337420e+00 1.331576e+00 3.014180e-01 6.461295e-01 1.870408e+01 2.281726e+01 9.707939e+00 -7.776968e-02 5.575913e+00 -2.069229e-02 
358 3581 0 0 0 6.339773e+00 1.330329e+00 3.093936e-01 6.530638e-01 1.871898e+01 2.286160e+01 9.708905e+00 1.251875e-01 5.631921e+00 -1.747050e-02 
359 3591 0 0 0 6.351889e+00 1.329695e+00 3.093479e-01 6.463501e-01 1.871254e+01 2.285590e+01 9.702402e+00 7.027459e-02 5.641588e+00 -8.950197e-03 
360 3601 0 0 0 6.333627e+00 1.328418e+00 3.036454e-01 6.384838e-01 1.868910e+01 2.281840e+01 9.689037e+00 1.942545e-02 5.640371e+00 -1.068746e-02 
361 3611 0 0 0 6.328049e+00 1.326902e+00 3.022493e-01 6.333264e-01 1.868733e+01 2.282137e+01 9.678713e+00 2.112286e-02 5.656216e+00 -1.820343e-02 
362 3621 0 0 0 6.344916e+00 1.327435e+00 3.018829e-01 6.335811e-01 1.869628e+01 2.282337e+01 9.707678e+00 -1.425328e-02 5.653473e+00 -2.821823e-02 
363 3631 0 0 0 6.345604e+00 1.326619e+00 3.025779e-01 6.352224e-01 1.871926e+01 2.281739e+01 9.711335e+00 -6.560955e-02 5.653833e+00 -2.374899e-02 
364 3641 0 0 0 6.324762e+00 1.326556e+00 2.981595e-01 6.286725e-01 1.868886e+01 2.278957e+01 9.688521e+00 -4.592462e-02 5.653418e+00 -2.391001e-02 
365 3651 0 0 0 6.318186e+00 1.327541e+00 2.942878e-01 6.239232e-01 1.866874e+01 2.276022e+01 9.676308e+00 -2.656963e-02 5.634938e+00 -1.764251e-02 
366 3661 0 0 0 6.310725e+00 1.326835e+00 2.887106e-01 6.190928e-01 1.866223e+01 2.276302e+01 9.664541e+00 -4.228507e-02 5.628495e+00 -1.429677e-02 
367 3671 0 0 0 6.316267e+00 1.327713e+00 2.854426e-01 6.154533e-01 1.867404e+01 2.277641e+01 9.667408e+00 -2.454993e-02 5.621977e+00 -1.875575e-02 
368 3681 0 0 0 6.324432e+00 1.326671e+00 2.869762e-01 6.176044e-01 1.867968e+01 2.276568e+01 9.657996e+00 -9.344518e-03 5.615659e+00 -2.410891e-02 
369 3691 0 0 0 6.338846e+00 1.330237e+00 2.916662e-01 6.244299e-01 1.870886e+01 2.279102e+01 9.690066e+00 -1.895993e-02 5.621281e+00 -3.637834e-02 
370 3701 0 0 0 6.340825e+00 1.330274e+00 2.939970e-01 6.254651e-01 1.871121e+01 2.278452e+01 9.697818e+00 2.421769e-02 5.637008e+00 -3.827107e-02 
371 3711 0 0 0 6.319081e+00 1.331979e+00 2.888965e-01 6.210923e-01 1.867048e+01 2.274047e+01 9.694836e+00 -1.791991e-02 5.609966e+00 -3.764241e-02 
372 3721 0 0 0 6.320623e+00 1.332065e+00 2.908082e-01 6.237625e-01 1.866863e+01 2.274695e+01 9.702426e+00 -1.631089e-02 5.614358e+00 -3.628848e-02 
373 3731 0 0 0 6.300314e+00 1.330407e+00 2.865959e-01 6.154892e-01 1.864709e+01 2.271223e+01 9.675702e+00 -5.380938e-02 5.617029e+00 -2.452028e-02 
374 3741 0 0 0 6.292303e+00 1.331041e+00 2.894462e-01 6.200694e-01 1.863694e+01 2.269528e+01 9.674080e+00 -2.279605e-02 5.616475e+00 -2.480958e-02 
375 3751 0 0 0 6.286472e+00 1.331311e+00 2.911367e-01 6.224052e-01 1.862747e+01 2.267240e+01 9.673949e+00 -1.563255e-02 5.615792e+00 -2.332426e-02 
376 3761 0 0 0 6.269929e+00 1.331894e+00 2.889116e-01 6.189443e-01 1.862289e+01 2.266923e+01 9.674660e+00 -3.125751e-02 5.630499e+00 -1.614390e-02 
377 3771 0 0 0 6.277809e+00 1.332422e+00 2.914622e-01 6.193085e-01 1.863742e+01 2.266973e+01 9.675435e+00 -8.240373e-03 5.640084e+00 -1.780046e-02 
378 3781 0 0 0 6.277226e+00 1.334053e+00 2.905736e-01 6.213341e-01 1.864810e+01 2.266493e+01 9.691026e+00 -9.419681e-02 5.626265e+00 -1.606620e-02 
379 3791 0 0 0 6.272071e+00 1.335710e+00 2.878779e-01 6.175146e-01 1.864874e+01 2.267505e+01 9.680898e+00 -9.676675e-02 5.627156e+00 -1.979582e-02 
380 3801 0 0 0 6.271082e+00 1.337563e+00 2.902486e-01 6.218244e-01 1.865508e+01 2.267631e+01 9.685855e+00 -1.108903e-01 5.619931e+00 -1.589690e-02 
381 3811 0 0 0 6.265775e+00 1.335729e+00 2.896409e-01 6.211190e-01 1.862842e+01 2.267196e+01 9.676259e+00 -4.778253e-02 5.615866e+00 -1.638286e-02 
382 3821 0 0 0 6.254944e+00 1.334900e+00 2.877963e-01 6.205153e-01 1.860719e+01 2.265466e+01 9.675565e+00 -2.974591e-02 5.612384e+00 -2.499398e-02 
383 3831 0 0 0 6.265387e+00 1.335943e+00 2.903879e-01 6.240307e-01 1.861643e+01 2.267285e+01 9.690645e+00 -4.707254e-02 5.606416e+00 -2.139600e-02 
384 3841 0 0 0 6.248620e+00 1.337371e+00 2.900288e-01 6.230585e-01 1.860496e+01 2.266217e+01 9.676287e+00 -4.605329e-03 5.611816e+00 -2.007583e-02 
385 3851 0 0 0 6.246132e+00 1.338521e+00 2.892539e-01 6.217895e-01 1.860662e+01 2.266227e+01 9.673171e+00 -1.327014e-02 5.608325e+00 -1.702391e-02 
386 3861 0 0 0 6.252255e+00 1.336786e+00 2.933503e-01 6.247857e-01 1.861915e+01 2.267304e+01 9.666811e+00 1.707101e-02 5.625391e+00 -1.325199e-02 
387 3871 0 0 0 6.246114e+00 1.338442e+00 2.914298e-01 6.248271e-01 1.859687e+01 2.265087e+01 9.683479e+00 -4.594389e-02 5.599834e+00 -1.374820e-02 
388 3881 0 0 0 6.230436e+00 1.339842e+00 2.904175e-01 6.234782e-01 1.858191e+01 2.262806e+01 9.666537e+00 -9.227981e-03 5.592037e+00 -6.349708e-03 
389 3891 0 0 0 6.239210e+00 1.339155e+00 2.910578e-01 6.250561e-01 1.859978e+01 2.264364e+01 9.668510e+00 -1.301108e-02 5.597392e+00 -9.140569e-03 
390 3901 0 0 0 6.234421e+00 1.337964e+00 2.898349e-01 6.220030e-01 1.858423e+01 2.263094e+01 9.667509e+00 -1.221195e-02 5.604545e+00 -5.448629e-03 
391 3911 0 0 0 6.239833e+00 1.336680e+00 2.911627e-01 6.220193e-01 1.859348e+01 2.263613e+01 9.663020e+00 -8.363005e-03 5.615192e+00 -3.602376e-03 
392 3921 0 0 0 6.238168e+00 1.336903e+00 2.887797e-01 6.196976e-01 1.858706e+01 2.264089e+01 9.673044e+00 -3.277581e-02 5.611540e+00 -2.738823e-03 
393 3931 0 0 0 6.244665e+00 1.336077e+00 2.895772e-01 6.193213e-01 1.859461e+01 2.264415e+01 9.672222e+00 -3.502816e-02 5.617405e+00 -6.658571e-03 
394 3941 0 0 0 6.242405e+00 1.336237e+00 2.909398e-01 6.220972e-01 1.858611e+01 2.263283e+01 9.683267e+00 -3.160913e-02 5.616132e+00 -6.899260e-03 
395 3951 0 0 0 6.243314e+00 1.335370e+00 2.919110e-01 6.235065e-01 1.858254e+01 2.263731e+01 9.685296e+00 -2.182670e-02 5.622045e+00 -9.293359e-03 
396 3961 0 0 0 6.245374e+00 1.334982e+00 2.919716e-01 6.225855e-01 1.858033e+01 2.263113e+01 9.689673e+00 -9.466308e-03 5.628546e+00 -1.293273e-02 
397 3971 0 0 0 6.251156e+00 1.333939e+00 2.912296e-01 6.227324e-01 1.858171e+01 2.264118e+01 9.694539e+00 -4.939383e-02 5.623225e+00 -1.128686e-02 
398 3981 0 0 0 6.247736e+00 1.334705e+00 2.890161e-01 6.199310e-01 1.857299e+01 2.263784e+01 9.692191e+00 -3.900689e-02 5.620255e+00 -8.987823e-03 
399 3991 0 0 0 6.248913e+00 1.334654e+00 2.898846e-01 6.200087e-01 1.857863e+01 2.264209e+01 9.693058e+00 -3.177770e-02 5.627310e+00 -7.922943e-03 
400 4001 0 0 0 6.246472e+00 1.336333e+00 2.886715e-01 6.195036e-01 1.857453e+01 2.263520e+01 9.706235e+00 -4.971380e-02 5.620244e+00 -7.455126e-03 
401 4011 0 0 0 6.249067e+00 1.335322e+00 2.896292e-01 6.195500e-01 1.858018e+01 2.263628e+01 9.708536e+00 -5.191251e-02 5.631956e+00 -8.003300e-03 
402 4021 0 0 0 6.249851e+00 1.334915e+00 2.907170e-01 6.213268e-01 1.857576e+01 2.264273e+01 9.711006e+00 -4.992092e-02 5.631174e+00 -9.715063e-03 
403 4031 0 0 0 6.258503e+00 1.333838e+00 2.917353e-01 6.216606e-01 1.858982e+01 2.265837e+01 9.706588e+00 -4.971150e-02 5.638754e+00 -7.960340e-03 
404 4041 0 0 0 6.255498e+00 1.333749e+00 2.917994e-01 6.217102e-01 1.858752e+01 2.265858e+01 9.705361e+00 -5.518510e-02 5.641728e+00 -4.978466e-03 
405 4051 0 0 0 6.262038e+00 1.333997e+00 2.909722e-01 6.205538e-01 1.859293e+01 2.267325e+01 9.706771e+00 -6.249073e-02 5.634390e+00 -3.779471e-03 
406 4061 0 0 0 6.256065e+00 1.334186e+00 2.899502e-01 6.193568e-01 1.858483e+01 2.266394e+01 9.703395e+00 -5.906339e-02 5.634109e+00 -1.706109e-03 
407 4071 0 0 0 6.253239e+00 1.334758e+00 2.897761e-01 6.188739e-01 1.857861e+01 2.265468e+01 9.699711e+00 -3.874682e-02 5.630278e+00 -2.361176e-03 
408 4081 0 0 0 6.254640e+00 1.334663e+00 2.901403e-01 6.193516e-01 1.858128e+01 2.266044e+01 9.698705e+00 -4.513438e-02 5.630272e+00 -2.438495e-03 
409 4091 0 0 0 6.256287e+00 1.334215e+00 2.911747e-01 6.203676e-01 1.858095e+01 2.266164e+01 9.698719e+00 -2.526699e-02 5.633429e+00 -5.371915e-03 
410 4101 0 0 0 6.256194e+00 1.333886e+00 2.908506e-01 6.195632e-01 1.858119e+01 2.265892e+01 9.701343e+00 -2.080823e-02 5.639594e+00 -7.310975e-03 
411 4111 0 0 0 6.251252e+00 1.333625e+00 2.900418e-01 6.182785e-01 1.857311e+01 2.265130e+01 9.700024e+00 -1.471360e-02 5.642483e+00 -8.092207e-03 
412 4121 0 0 0 6.248615e+00 1.333102e+00 2.896502e-01 6.171271e-01 1.856989e+01 2.264767e+01 9.692633e+00 -3.374735e-03 5.645691e+00 -8.957015e-03 
413 4131 0 0 0 6.249765e+00 1.332038e+00 2.885492e-01 6.158409e-01 1.856892e+01 2.264657e+01 9.689499e+00 -2.104830e-02 5.642237e+00 -9.055073e-03 
414 4141 0 0 0 6.247926e+00 1.332980e+00 2.873117e-01 6.137979e-01 1.856625e+01 2.264569e+01 9.693182e+00 -2.314122e-02 5.641804e+00 -7.672271e-03 
415 4151 0 0 0 6.243709e+00 1.333411e+00 2.867227e-01 6.137067e-01 1.856323e+01 2.264382e+01 9.693261e+00 -2.882789e-02 5.641095e+00 -6.671183e-03 
416 4161 0 0 0 6.239130e+00 1.333356e+00 2.872558e-01 6.136076e-01 1.855551e+01 2.263502e+01 9.690303e+00 -1.017315e-02 5.646084e+00 -7.089184e-03 
417 4171 0 0 0 6.237149e+00 1.333992e+00 2.874244e-01 6.147157e-01 1.855511e+01 2.263087e+01 9.688897e+00 -1.470534e-02 5.639704e+00 -8.889278e-03 
418 4181 0 0 0 6.244246e+00 1.333492e+00 2.885916e-01 6.162608e-01 1.855458e+01 2.263205e+01 9.696963e+00 -6.814666e-03 5.639593e+00 -1.224304e-02 
419 4191 0 0 0 6.247364e+00 1.333036e+00 2.879467e-01 6.152676e-01 1.855882e+01 2.264064e+01 9.696848e+00 -1.539283e-02 5.641789e+00 -1.078153e-02 
420 4201 0 0 0 6.249337e+00 1.332683e+00 2.872645e-01 6.144544e-01 1.856154e+01 2.264685e+01 9.700122e+00 -3.056526e-02 5.643038e+00 -1.194585e-02 
421 4211 0 0 0 6.250916e+00 1.333020e+00 2.874087e-01 6.150965e-01 1.856450e+01 2.264771e+01 9.697157e+00 -3.001086e-02 5.637874e+00 -1.125243e-02 
422 4221 0 0 0 6.256314e+00 1.333347e+00 2.883584e-01 6.161339e-01 1.857292e+01 2.265502e+01 9.704386e+00 -3.325443e-02 5.640318e+00 -1.315476e-02 
423 4231 0 0 0 6.257738e+00 1.333125e+00 2.888065e-01 6.165173e-01 1.857446e+01 2.266112e+01 9.704558e+00 -3.447209e-02 5.642409e+00 -1.444979e-02 
424 4241 0 0 0 6.257718e+00 1.333278e+00 2.893047e-01 6.175661e-01 1.857356e+01 2.265873e+01 9.706181e+00 -2.791279e-02 5.640137e+00 -1.695018e-02 
425 4251 0 0 0 6.255703e+00 1.334312e+00 2.894804e-01 6.186094e-01 1.856542e+01 2.265260e+01 9.707499e+00 -1.895453e-02 5.632259e+00 -1.735638e-02 
426 4261 0 0 0 6.248669e+00 1.334607e+00 2.887442e-01 6.169463e-01 1.855546e+01 2.264110e+01 9.709749e+00 -2.067674e-02 5.636040e+00 -1.719997e-02 
427 4271 0 0 0 6.244329e+00 1.334921e+00 2.891284e-01 6.176507e-01 1.855072e+01 2.264034e+01 9.708312e+00 -5.758072e-03 5.636393e+00 -1.416019e-02 
428 4281 0 0 0 6.245999e+00 1.335390e+00 2.893655e-01 6.177339e-01 1.855386e+01 2.264388e+01 9.714385e+00 -1.181930e-02 5.637648e+00 -1.517620e-02 
429 4291 0 0 0 6.243340e+00 1.335841e+00 2.881688e-01 6.166460e-01 1.855251e+01 2.264405e+01 9.715960e+00 -1.885091e-02 5.637516e+00 -1.237246e-02 
430 4301 0 0 0 6.238557e+00 1.335850e+00 2.879888e-01 6.162840e-01 1.854852e+01 2.264382e+01 9.708560e+00 -2.099575e-02 5.637400e+00 -7.632531e-03 
431 4311 0 0 0 6.233495e+00 1.336296e+00 2.887425e-01 6.174731e-01 1.854703e+01 2.263855e+01 9.704628e+00 -2.039650e-02 5.636912e+00 -6.839178e-03 
432 4321 0 0 0 6.227395e+00 1.336228e+00 2.881213e-01 6.170539e-01 1.853662e+01 2.263226e+01 9.702529e+00 -1.997274e-02 5.634630e+00 -8.481965e-03 
433 4331 0 0 0 6.236268e+00 1.335918e+00 2.879646e-01 6.171044e-01 1.855069e+01 2.264393e+01 9.698140e+00 -2.793697e-02 5.629922e+00 -1.213288e-02 
434 4341 0 0 0 6.230621e+00 1.337101e+00 2.876579e-01 6.178669e-01 1.855312e+01 2.263781e+01 9.698315e+00 -4.192600e-02 5.624798e+00 -9.857303e-03 
435 4351 0 0 0 6.235880e+00 1.336078e+00 2.891599e-01 6.209503e-01 1.855084e+01 2.264691e+01 9.705851e+00 -6.682313e-02 5.619046e+00 -1.353883e-02 
436 4361 0 0 0 6.232027e+00 1.335950e+00 2.887547e-01 6.212260e-01 1.854758e+01 2.264889e+01 9.693986e+00 -5.057285e-02 5.611985e+00 -9.098737e-03 
437 4371 0 0 0 6.235932e+00 1.336267e+00 2.905704e-01 6.237317e-01 1.856040e+01 2.264995e+01 9.697916e+00 -6.942444e-02 5.615208e+00 -1.138705e-02 
438 4381 0 0 0 6.238691e+00 1.337042e+00 2.917121e-01 6.257916e-01 1.855986e+01 2.264807e+01 9.702235e+00 -5.537534e-02 5.611912e+00 -1.261536e-02 
439 4391 0 0 0 6.235086e+00 1.336689e+00 2.904025e-01 6.232156e-01 1.855279e+01 2.263839e+01 9.700144e+00 -5.749020e-02 5.613433e+00 -9.046475e-03 
440 4401 0 0 0 6.243502e+00 1.336940e+00 2.920938e-01 6.237124e-01 1.855919e+01 2.263701e+01 9.705113e+00 -4.904993e-02 5.617603e+00 -1.257159e-02 
441 4411 0 0 0 6.245372e+00 1.336590e+00 2.924309e-01 6.244497e-01 1.855691e+01 2.264377e+01 9.706241e+00 -2.831625e-02 5.618106e+00 -7.846507e-03 
442 4421 0 0 0 6.245541e+00 1.336365e+00 2.910012e-01 6.237406e-01 1.854872e+01 2.264135e+01 9.709938e+00 -1.891345e-02 5.612559e+00 -7.107224e-03 
443 4431 0 0 0 6.248947e+00 1.337563e+00 2.915577e-01 6.262905e-01 1.855397e+01 2.265243e+01 9.707645e+00 -2.083621e-02 5.597558e+00 -3.656867e-03 
444 4441 0 0 0 6.237891e+00 1.337929e+00 2.891471e-01 6.226190e-01 1.854101e+01 2.262786e+01 9.696007e+00 -2.699719e-02 5.592905e+00 -1.988661e-03 
445 4451 0 0 0 6.233310e+00 1.338167e+00 2.892152e-01 6.212155e-01 1.853805e+01 2.261039e+01 9.691347e+00 -1.393009e-02 5.600383e+00 -2.102929e-03 
446 4461 0 0 0 6.245893e+00 1.336692e+00 2.912443e-01 6.248264e-01 1.854617e+01 2.262905e+01 9.705037e+00 -1.211051e-02 5.604491e+00 -8.351295e-03 
447 4471 0 0 0 6.243474e+00 1.335333e+00 2.904602e-01 6.231273e-01 1.853746e+01 2.262695e+01 9.696295e+00 4.799402e-03 5.608640e+00 -1.152168e-02 
448 4481 0 0 0 6.250824e+00 1.335127e+00 2.893066e-01 6.221726e-01 1.854300e+01 2.262516e+01 9.699908e+00 -4.021783e-02 5.596175e+00 -1.323025e-02 
449 4491 0 0 0 6.237333e+00 1.335514e+00 2.885582e-01 6.216421e-01 1.852396e+01 2.261129e+01 9.697060e+00 -2.669002e-02 5.596687e+00 -1.049485e-02 
450 4501 0 0 0 6.237198e+00 1.335291e+00 2.888915e-01 6.201122e-01 1.853188e+01 2.261426e+01 9.694386e+00 -3.333783e-02 5.609273e+00 -9.800096e-03 
451 4511 0 0 0 6.230150e+00 1.335992e+00 2.889910e-01 6.191999e-01 1.853258e+01 2.260604e+01 9.690903e+00 -2.849150e-02 5.617869e+00 -8.666126e-03 
452 4521 0 0 0 6.224585e+00 1.337215e+00 2.875835e-01 6.196762e-01 1.852631e+01 2.260800e+01 9.691234e+00 -4.003497e-02 5.603249e+00 -7.354520e-03 
453 4531 0 0 0 6.234147e+00 1.336510e+00 2.892815e-01 6.218437e-01 1.853395e+01 2.261802e+01 9.693842e+00 -3.657502e-02 5.604633e+00 -1.133827e-02 
454 4541 0 0 0 6.238845e+00 1.336485e+00 2.891697e-01 6.218742e-01 1.853939e+01 2.262704e+01 9.691730e+00 -2.293442e-02 5.602353e+00 -1.222427e-02 
455 4551 0 0 0 6.239815e+00 1.336355e+00 2.894938e-01 6.217387e-01 1.854389e+01 2.262960e+01 9.697254e+00 -2.358057e-02 5.609734e+00 -1.200740e-02 
456 4561 0 0 0 6.237230e+00 1.336599e+00 2.887570e-01 6.212747e-01 1.854078e+01 2.262727e+01 9.698168e+00 -4.325696e-02 5.603815e+00 -9.126409e-03 
457 4571 0 0 0 6.240944e+00 1.336106e+00 2.894531e-01 6.219725e-01 1.854596e+01 2.263369e+01 9.697334e+00 -4.204297e-02 5.608455e+00 -7.375833e-03 
458 4581 0 0 0 6.242467e+00 1.335383e+00 2.890923e-01 6.217229e-01 1.854305e+01 2.263554e+01 9.696880e+00 -4.113941e-02 5.607633e+00 -7.028472e-03 
459 4591 0 0 0 6.245009e+00 1.334565e+00 2.891869e-01 6.212032e-01 1.854309e+01 2.263488e+01 9.696537e+00 -3.778833e-02 5.612533e+00 -8.594423e-03 
460 4601 0 0 0 6.240631e+00 1.333951e+00 2.883620e-01 6.193876e-01 1.853918e+01 2.263016e+01 9.688442e+00 -2.895921e-02 5.616085e+00 -7.352962e-03 
461 4611 0 0 0 6.236060e+00 1.334262e+00 2.876216e-01 6.192186e-01 1.853146e+01 2.262084e+01 9.687892e+00 -3.993504e-02 5.607619e+00 -5.816448e-03 
462 4621 0 0 0 6.232136e+00 1.334676e+00 2.879819e-01 6.197375e-01 1.852771e+01 2.260950e+01 9.686031e+00 -3.802675e-02 5.605885e+00 -7.415061e-03 
463 4631 0 0 0 6.234121e+00 1.334884e+00 2.886945e-01 6.202083e-01 1.853180e+01 2.261069e+01 9.692099e+00 -4.269404e-02 5.610091e+00 -9.275480e-03 
464 4641 0 0 0 6.234330e+00 1.334703e+00 2.889677e-01 6.207247e-01 1.853094e+01 2.261016e+01 9.692812e+00 -5.014134e-02 5.609895e+00 -1.176802e-02 
465 4651 0 0 0 6.235781e+00 1.334307e+00 2.895483e-01 6.203779e-01 1.853351e+01 2.260917e+01 9.690537e+00 -4.085831e-02 5.613661e+00 -1.088172e-02 
466 4661 0 0 0 6.234348e+00 1.334642e+00 2.894469e-01 6.199722e-01 1.853648e+01 2.260798e+01 9.689803e+00 -3.963640e-02 5.615432e+00 -1.026739e-02 
467 4671 0 0 0 6.239447e+00 1.334404e+00 2.892102e-01 6.199787e-01 1.853895e+01 2.261118e+01 9.697692e+00 -5.102045e-02 5.613996e+00 -1.207787e-02 
468 4681 0 0 0 6.243810e+00 1.334494e+00 2.894259e-01 6.207705e-01 1.854265e+01 2.261269e+01 9.707979e+00 -6.436575e-02 5.613032e+00 -1.570736e-02 
469 4691 0 0 0 6.240065e+00 1.333527e+00 2.888961e-01 6.191608e-01 1.853555e+01 2.260956e+01 9.703278e+00 -4.902961e-02 5.619818e+00 -1.508853e-02 
470 4701 0 0 0 6.230372e+00 1.334804e+00 2.887570e-01 6.191827e-01 1.853107e+01 2.259084e+01 9.698479e+00 -5.085712e-02 5.615554e+00 -1.619084e-02 
471 4711 0 0 0 6.230034e+00 1.335491e+00 2.883803e-01 6.200140e-01 1.852720e+01 2.259429e+01 9.696087e+00 -4.113907e-02 5.605630e+00 -1.701892e-02 
472 4721 0 0 0 6.225971e+00 1.336008e+00 2.885496e-01 6.197170e-01 1.852509e+01 2.259254e+01 9.695081e+00 -2.831278e-02 5.610730e+00 -1.663975e-02 
473 4731 0 0 0 6.230869e+00 1.335504e+00 2.888836e-01 6.199207e-01 1.852741e+01 2.260006e+01 9.701023e+00 -3.630704e-02 5.613257e+00 -1.970132e-02 
474 4741 0 0 0 6.233148e+00 1.335751e+00 2.890943e-01 6.208692e-01 1.853014e+01 2.260626e+01 9.711332e+00 -4.468702e-02 5.613315e+00 -2.379601e-02 
475 4751 0 0 0 6.228890e+00 1.335665e+00 2.882168e-01 6.195794e-01 1.852179e+01 2.259491e+01 9.708317e+00 -3.388707e-02 5.611306e+00 -2.559095e-02 
476 4761 0 0 0 6.231846e+00 1.334646e+00 2.883367e-01 6.196628e-01 1.852297e+01 2.260015e+01 9.709181e+00 -2.214623e-02 5.615762e+00 -2.707371e-02 
477 4771 0 0 0 6.237260e+00 1.333905e+00 2.876836e-01 6.196675e-01 1.852746e+01 2.260121e+01 9.711479e+00 -4.502966e-02 5.610659e+00 -2.787229e-02 
478 4781 0 0 0 6.242152e+00 1.334303e+00 2.890454e-01 6.218050e-01 1.853169e+01 2.260457e+01 9.718655e+00 -6.447497e-02 5.604966e+00 -2.934052e-02 
479 4791 0 0 0 6.235166e+00 1.334586e+00 2.885758e-01 6.202844e-01 1.852142e+01 2.258980e+01 9.714149e+00 -3.916493e-02 5.607890e+00 -2.768236e-02 
480 4801 0 0 0 6.234206e+00 1.334378e+00 2.890636e-01 6.208336e-01 1.851546e+01 2.258448e+01 9.717446e+00 -3.239099e-02 5.609023e+00 -2.951159e-02 
481 4811 0 0 0 6.234380e+00 1.333436e+00 2.881507e-01 6.196367e-01 1.851256e+01 2.258967e+01 9.714761e+00 -3.544715e-02 5.608401e+00 -2.452358e-02 
482 4821 0 0 0 6.229165e+00 1.333595e+00 2.892328e-01 6.202590e-01 1.851076e+01 2.258317e+01 9.712874e+00 -3.570924e-02 5.614800e+00 -2.185793e-02 
483 4831 0 0 0 6.227902e+00 1.333077e+00 2.896245e-01 6.197868e-01 1.850465e+01 2.257143e+01 9.714424e+00 -2.827352e-02 5.619118e+00 -2.423073e-02 
484 4841 0 0 0 6.238740e+00 1.331957e+00 2.903769e-01 6.198567e-01 1.851466e+01 2.258121e+01 9.717303e+00 -3.020970e-02 5.624243e+00 -2.725710e-02 
485 4851 0 0 0 6.229089e+00 1.333490e+00 2.889201e-01 6.192391e-01 1.850444e+01 2.257131e+01 9.718053e+00 -2.138168e-02 5.616387e+00 -2.777646e-02 
486 4861 0 0 0 6.225462e+00 1.333500e+00 2.890813e-01 6.188044e-01 1.850382e+01 2.256699e+01 9.710175e+00 -2.284835e-02 5.618048e+00 -2.719647e-02 
487 4871 0 0 0 6.224482e+00 1.332821e+00 2.888137e-01 6.188497e-01 1.850292e+01 2.256692e+01 9.700417e+00 -2.729652e-02 5.613683e+00 -2.533037e-02 
488 4881 0 0 0 6.227869e+00 1.333059e+00 2.895542e-01 6.207049e-01 1.850890e+01 2.257820e+01 9.701658e+00 -4.092450e-02 5.609591e+00 -2.579044e-02 
489 4891 0 0 0 6.227492e+00 1.334781e+00 2.896323e-01 6.214640e-01 1.851601e+01 2.258366e+01 9.710826e+00 -3.124519e-02 5.610848e+00 -2.803238e-02 
490 4901 0 0 0 6.224796e+00 1.333935e+00 2.906548e-01 6.213363e-01 1.851482e+01 2.257712e+01 9.697519e+00 -2.060267e-02 5.616251e+00 -2.595911e-02 
491 4911 0 0 0 6.222673e+00 1.334061e+00 2.911960e-01 6.215116e-01 1.851330e+01 2.257356e+01 9.689467e+00 7.329050e-05 5.619381e+00 -2.349879e-02 
492 4921 0 0 0 6.227054e+00 1.333582e+00 2.924797e-01 6.227708e-01 1.851859e+01 2.257198e+01 9.690809e+00 -7.630514e-03 5.620363e+00 -2.556586e-02 
493 4931 0 0 0 6.225623e+00 1.332607e+00 2.926902e-01 6.228956e-01 1.850922e+01 2.256305e+01 9.688915e+00 -1.119539e-03 5.621533e+00 -2.291423e-02 
494 4941 0 0 0 6.223345e+00 1.333605e+00 2.923293e-01 6.230722e-01 1.851463e+01 2.257033e+01 9.685000e+00 -2.696742e-03 5.617513e+00 -1.960615e-02 
495 4951 0 0 0 6.216708e+00 1.334717e+00 2.928495e-01 6.236179e-01 1.850999e+01 2.255727e+01 9.681978e+00 -6.681712e-03 5.613996e+00 -1.976459e-02 
496 4961 0 0 0 6.219151e+00 1.333816e+00 2.922919e-01 6.237226e-01 1.850781e+01 2.255828e+01 9.679633e+00 -2.276717e-02 5.606241e+00 -2.069446e-02 
497 4971 0 0 0 6.225710e+00 1.334242e+00 2.922850e-01 6.239749e-01 1.851984e+01 2.257117e+01 9.686356e+00 -3.590443e-02 5.606233e+00 -2.052345e-02 
498 4981 0 0 0 6.231439e+00 1.334257e+00 2.927016e-01 6.250889e-01 1.852740e+01 2.257818e+01 9.690306e+00 -3.966649e-02 5.603863e+00 -2.202474e-02 
499 4991 0 0 0 6.231382e+00 1.334204e+00 2.926755e-01 6.261179e-01 1.852581e+01 2.258050e+01 9.686507e+00 -3.569060e-02 5.596711e+00 -2.065764e-02 
500 5001 0 0 0 6.230807e+00 1.334175e+00 2.931300e-01 6.265897e-01 1.852434e+01 2.257725e+01 9.683425e+00 -2.914882e-02 5.596432e+00 -2.158720e-02 
501 5011 0 0 0 6.226537e+00 1.334361e+00 2.930203e-01 6.259532e-01 1.851964e+01 2.257045e+01 9.682511e+00 -2.383210e-02 5.598641e+00 -2.311474e-02 
502 5021 0 0 0 6.225515e+00 1.334184e+00 2.929319e-01 6.258814e-01 1.852073e+01 2.257267e+01 9.677786e+00 -2.981166e-02 5.598331e+00 -2.021280e-02 
503 5031 0 0 0 6.230545e+00 1.333575e+00 2.923530e-01 6.249249e-01 1.852680e+01 2.258368e+01 9.675741e+00 -2.768313e-02 5.600261e+00 -1.860569e-02 
504 5041 0 0 0 6.231399e+00 1.334584e+00 2.928072e-01 6.263909e-01 1.852960e+01 2.259014e+01 9.684050e+00 -3.046065e-02 5.598229e+00 -2.176747e-02 
505 5051 0 0 0 6.233268e+00 1.334173e+00 2.942774e-01 6.277948e-01 1.853159e+01 2.259067e+01 9.685702e+00 -3.602740e-02 5.603427e+00 -2.172256e-02 
506 5061 0 0 0 6.232532e+00 1.334837e+00 2.940298e-01 6.277861e-01 1.853153e+01 2.258929e+01 9.687398e+00 -4.514102e-02 5.600211e+00 -2.281184e-02 
507 5071 0 0 0 6.229550e+00 1.334862e+00 2.932123e-01 6.268882e-01 1.852832e+01 2.258718e+01 9.689147e+00 -4.042815e-02 5.601936e+00 -2.385307e-02 
508 5081 0 0 0 6.227567e+00 1.335287e+00 2.932541e-01 6.270649e-01 1.852568e+01 2.258500e+01 9.691597e+00 -3.582206e-02 5.602528e+00 -2.263570e-02 
509 5091 0 0 0 6.225611e+00 1.335174e+00 2.929014e-01 6.266357e-01 1.852594e+01 2.258310e+01 9.683937e+00 -4.353220e-02 5.600241e+00 -2.143762e-02 
510 5101 0 0 0 6.221469e+00 1.335319e+00 2.923552e-01 6.262795e-01 1.852092e+01 2.257509e+01 9.675471e+00 -3.712327e-02 5.594634e+00 -1.936147e-02 
511 5111 0 0 0 6.219027e+00 1.335854e+00 2.922493e-01 6.264929e-01 1.851976e+01 2.257207e+01 9.674770e+00 -3.991706e-02 5.590974e+00 -2.087554e-02 
512 5121 0 0 0 6.222773e+00 1.335887e+00 2.926443e-01 6.268870e-01 1.852456e+01 2.257373e+01 9.675190e+00 -4.325336e-02 5.589627e+00 -2.146120e-02 
513 5131 0 0 0 6.223719e+00 1.335496e+00 2.928547e-01 6.269500e-01 1.852398e+01 2.257555e+01 9.673730e+00 -4.058742e-02 5.591607e+00 -1.937739e-02 
514 5141 0 0 0 6.225090e+00 1.335187e+00 2.932229e-01 6.272711e-01 1.852228e+01 2.257571e+01 9.672424e+00 -3.011327e-02 5.593173e+00 -1.934502e-02 
515 5151 0 0 0 6.228783e+00 1.334648e+00 2.930528e-01 6.267093e-01 1.852370e+01 2.257724e+01 9.680226e+00 -3.914353e-02 5.596851e+00 -2.014213e-02 
516 5161 0 0 0 6.228490e+00 1.334062e+00 2.928856e-01 6.259005e-01 1.852028e+01 2.257341e+01 9.680492e+00 -3.491910e-02 5.599563e+00 -1.925810e-02 
517 5171 0 0 0 6.227387e+00 1.334088e+00 2.924242e-01 6.249812e-01 1.851681e+01 2.257027e+01 9.683844e+00 -3.524860e-02 5.602313e+00 -1.828936e-02 
518 5181 0 0 0 6.228670e+00 1.334453e+00 2.920735e-01 6.250906e-01 1.851765e+01 2.257624e+01 9.688745e+00 -3.041673e-02 5.601357e+00 -1.758509e-02 
519 5191 0 0 0 6.230786e+00 1.334392e+00 2.922259e-01 6.249963e-01 1.852221e+01 2.257770e+01 9.683403e+00 -2.735600e-02 5.601338e+00 -1.644333e-02 
520 5201 0 0 0 6.232207e+00 1.333573e+00 2.928817e-01 6.253227e-01 1.852095e+01 2.257548e+01 9.683464e+00 -1.205464e-02 5.606442e+00 -1.815638e-02 
521 5211 0 0 0 6.227867e+00 1.334103e+00 2.925479e-01 6.247954e-01 1.851598e+01 2.256691e+01 9.683383e+00 -3.893505e-03 5.606921e+00 -1.765259e-02 
522 5221 0 0 0 6.232941e+00 1.334439e+00 2.925670e-01 6.254697e-01 1.852282e+01 2.257591e+01 9.688540e+00 -1.408356e-02 5.604402e+00 -1.736034e-02 
523 5231 0 0 0 6.232692e+00 1.334552e+00 2.927334e-01 6.256188e-01 1.852369e+01 2.257380e+01 9.690045e+00 -1.437633e-02 5.605159e+00 -2.115145e-02 
524 5241 0 0 0 6.228611e+00 1.334884e+00 2.927731e-01 6.258250e-01 1.851838e+01 2.256715e+01 9.684203e+00 -9.899291e-03 5.600887e+00 -1.983777e-02 
525 5251 0 0 0 6.229653e+00 1.334892e+00 2.925352e-01 6.261337e-01 1.851706e+01 2.256830e+01 9.685545e+00 -7.617441e-03 5.596491e+00 -1.962697e-02 
526 5261 0 0 0 6.230841e+00 1.334368e+00 2.925965e-01 6.251958e-01 1.851526e+01 2.256426e+01 9.691373e+00 -1.018930e-02 5.603491e+00 -2.045177e-02 
527 5271 0 0 0 6.227346e+00 1.335506e+00 2.926416e-01 6.259372e-01 1.851306e+01 2.256149e+01 9.695534e+00 -2.018241e-02 5.599152e+00 -2.181613e-02 
528 5281 0 0 0 6.230697e+00 1.334928e+00 2.927711e-01 6.251834e-01 1.851492e+01 2.256244e+01 9.698224e+00 -1.838405e-02 5.604716e+00 -2.395202e-02 
529 5291 0 0 0 6.235090e+00 1.334724e+00 2.928899e-01 6.253510e-01 1.851779e+01 2.256724e+01 9.698581e+00 -1.503767e-02 5.603874e+00 -2.274330e-02 
530 5301 0 0 0 6.235699e+00 1.334657e+00 2.929401e-01 6.260357e-01 1.852035e+01 2.257140e+01 9.698207e+00 -1.252003e-02 5.603041e+00 -2.496039e-02 
531 5311 0 0 0 6.235441e+00 1.334829e+00 2.931339e-01 6.262599e-01 1.852128e+01 2.257253e+01 9.697078e+00 -1.398279e-02 5.603218e+00 -2.389169e-02 
532 5321 0 0 0 6.232587e+00 1.335602e+00 2.924585e-01 6.263950e-01 1.852034e+01 2.257411e+01 9.693494e+00 -1.372380e-02 5.596632e+00 -2.267241e-02 
533 5331 0 0 0 6.233781e+00 1.335452e+00 2.926553e-01 6.262909e-01 1.852134e+01 2.257623e+01 9.691428e+00 -1.130610e-02 5.598381e+00 -2.092353e-02 
534 5341 0 0 0 6.235778e+00 1.335069e+00 2.921887e-01 6.256743e-01 1.852491e+01 2.258118e+01 9.690883e+00 -2.321705e-02 5.598464e+00 -2.125097e-02 
535 5351 0 0 0 6.239221e+00 1.334838e+00 2.920247e-01 6.255857e-01 1.852960e+01 2.258660e+01 9.690903e+00 -3.108755e-02 5.597526e+00 -2.069939e-02 
536 5361 0 0 0 6.239733e+00 1.334882e+00 2.920042e-01 6.254595e-01 1.853023e+01 2.258966e+01 9.691777e+00 -2.356981e-02 5.599261e+00 -1.903979e-02 
537 5371 0 0 0 6.239068e+00 1.334431e+00 2.920208e-01 6.249907e-01 1.852874e+01 2.258618e+01 9.688241e+00 -1.381697e-02 5.602385e+00 -2.001966e-02 
538 5381 0 0 0 6.238337e+00 1.334934e+00 2.917842e-01 6.254863e-01 1.852936e+01 2.258916e+01 9.688922e+00 -2.490062e-02 5.596667e+00 -2.117234e-02 
539 5391 0 0 0 6.239301e+00 1.334717e+00 2.919193e-01 6.254678e-01 1.852932e+01 2.258947e+01 9.684934e+00 -1.678623e-02 5.596283e+00 -2.014216e-02 
540 5401 0 0 0 6.239358e+00 1.334553e+00 2.915970e-01 6.243907e-01 1.852792e+01 2.258658e+01 9.685629e+00 -7.247047e-03 5.600695e+00 -2.008408e-02 
541 5411 0 0 0 6.240853e+00 1.334398e+00 2.917231e-01 6.245316e-01 1.852850e+01 2.258809e+01 9.685815e+00 -6.959034e-03 5.599907e+00 -1.953190e-02 
542 5421 0 0 0 6.240452e+00 1.334634e+00 2.918773e-01 6.251514e-01 1.853072e+01 2.259328e+01 9.683484e+00 -6.253636e-03 5.597680e+00 -1.952932e-02 
543 5431 0 0 0 6.240094e+00 1.334696e+00 2.915785e-01 6.246386e-01 1.853193e+01 2.259374e+01 9.682846e+00 -1.300410e-02 5.597426e+00 -2.044074e-02 
544 5441 0 0 0 6.239690e+00 1.334266e+00 2.912356e-01 6.240247e-01 1.853162e+01 2.259496e+01 9.680554e+00 -1.095744e-02 5.598861e+00 -1.904788e-02 
545 5451 0 0 0 6.239696e+00 1.334356e+00 2.913225e-01 6.237263e-01 1.853167e+01 2.259468e+01 9.679624e+00 -6.437467e-03 5.600845e+00 -1.751689e-02 
546 5461 0 0 0 6.242008e+00 1.334279e+00 2.912207e-01 6.235763e-01 1.853581e+01 2.259953e+01 9.676812e+00 1.896339e-04 5.600759e+00 -1.649390e-02 
547 5471 0 0 0 6.242399e+00 1.334499e+00 2.916584e-01 6.243038e-01 1.853830e+01 2.259801e+01 9.674605e+00 -1.150088e-02 5.597400e+00 -1.551908e-02 
548 5481 0 0 0 6.243229e+00 1.334756e+00 2.913759e-01 6.236541e-01 1.853867e+01 2.259937e+01 9.673787e+00 -6.335662e-03 5.597994e+00 -1.564125e-02 
549 5491 0 0 0 6.241701e+00 1.334336e+00 2.914784e-01 6.231919e-01 1.853715e+01 2.259487e+01 9.666577e+00 2.784395e-03 5.599930e+00 -1.371288e-02 
550 5501 0 0 0 6.238707e+00 1.334787e+00 2.909812e-01 6.228803e-01 1.853488e+01 2.259269e+01 9.667331e+00 1.939223e-03 5.599049e+00 -1.310445e-02 
551 5511 0 0 0 6.240977e+00 1.334008e+00 2.912687e-01 6.230158e-01 1.853335e+01 2.259144e+01 9.668493e+00 -3.885796e-03 5.599954e+00 -1.312535e-02 
552 5521 0 0 0 6.244071e+00 1.333371e+00 2.916565e-01 6.228085e-01 1.853623e+01 2.259376e+01 9.667071e+00 -5.744567e-03 5.603943e+00 -1.276526e-02 
553 5531 0 0 0 6.244794e+00 1.333507e+00 2.914919e-01 6.226719e-01 1.853697e+01 2.259564e+01 9.673651e+00 -5.694576e-03 5.607368e+00 -1.436703e-02 
554 5541 0 0 0 6.247984e+00 1.333550e+00 2.914626e-01 6.231407e-01 1.854012e+01 2.260246e+01 9.676482e+00 -1.774685e-02 5.603155e+00 -1.693518e-02 
555 5551 0 0 0 6.249545e+00 1.333961e+00 2.915915e-01 6.239084e-01 1.854233e+01 2.260678e+01 9.678539e+00 -2.254683e-02 5.600161e+00 -1.695004e-02 
556 5561 0 0 0 6.251309e+00 1.333018e+00 2.918225e-01 6.235842e-01 1.853892e+01 2.260279e+01 9.678246e+00 -1.974516e-02 5.602573e+00 -1.586198e-02 
557 5571 0 0 0 6.250594e+00 1.333325e+00 2.911134e-01 6.236258e-01 1.854025e+01 2.260638e+01 9.677098e+00 -3.380163e-02 5.596256e+00 -1.587703e-02 
558 5581 0 0 0 6.252868e+00 1.333423e+00 2.910110e-01 6.237801e-01 1.854135e+01 2.261184e+01 9.681912e+00 -2.787204e-02 5.596632e+00 -1.691742e-02 
559 5591 0 0 0 6.252102e+00 1.333961e+00 2.915007e-01 6.247556e-01 1.854697e+01 2.261419e+01 9.680968e+00 -3.604232e-02 5.594782e+00 -1.725898e-02 
560 5601 0 0 0 6.251472e+00 1.334214e+00 2.911538e-01 6.247232e-01 1.854311e+01 2.261085e+01 9.683603e+00 -4.146147e-02 5.591019e+00 -1.738711e-02 
561 5611 0 0 0 6.250656e+00 1.334334e+00 2.915890e-01 6.253825e-01 1.854410e+01 2.261177e+01 9.682320e+00 -3.911536e-02 5.592019e+00 -1.755232e-02 
562 5621 0 0 0 6.251404e+00 1.334058e+00 2.915261e-01 6.248644e-01 1.854299e+01 2.260990e+01 9.684909e+00 -3.189706e-02 5.595431e+00 -1.755248e-02 
563 5631 0 0 0 6.250081e+00 1.334208e+00 2.918179e-01 6.249820e-01 1.854369e+01 2.260926e+01 9.681164e+00 -2.935454e-02 5.596334e+00 -1.609015e-02 
564 5641 0 0 0 6.250173e+00 1.334345e+00 2.917008e-01 6.252706e-01 1.854299e+01 2.260987e+01 9.681771e+00 -2.903312e-02 5.593629e+00 -1.686959e-02 
565 5651 0 0 0 6.248906e+00 1.334597e+00 2.918796e-01 6.255218e-01 1.854182e+01 2.260797e+01 9.682538e+00 -2.660957e-02 5.593523e+00 -1.734492e-02 
566 5661 0 0 0 6.249801e+00 1.334500e+00 2.917754e-01 6.253626e-01 1.854205e+01 2.260926e+01 9.683483e+00 -2.640604e-02 5.594026e+00 -1.718980e-02 
567 5671 0 0 0 6.247297e+00 1.334793e+00 2.920129e-01 6.260590e-01 1.853967e+01 2.260675e+01 9.682530e+00 -2.929394e-02 5.591094e+00 -1.797697e-02 
568 5681 0 0 0 6.247074e+00 1.335015e+00 2.923071e-01 6.261665e-01 1.853952e+01 2.260476e+01 9.683666e+00 -2.148590e-02 5.593073e+00 -1.870995e-02 
569 5691 0 0 0 6.245917e+00 1.335345e+00 2.921531e-01 6.261580e-01 1.853853e+01 2.260481e+01 9.683253e+00 -1.906633e-02 5.591087e+00 -1.910952e-02 
570 5701 0 0 0 6.248285e+00 1.335111e+00 2.921801e-01 6.260826e-01 1.854055e+01 2.260772e+01 9.683288e+00 -2.183991e-02 5.591535e+00 -1.860733e-02 
571 5711 0 0 0 6.247904e+00 1.334777e+00 2.923046e-01 6.255723e-01 1.853900e+01 2.260277e+01 9.681779e+00 -1.592221e-02 5.594654e+00 -1.730148e-02 
572 5721 0 0 0 6.250327e+00 1.334496e+00 2.917175e-01 6.247952e-01 1.854056e+01 2.260600e+01 9.683269e+00 -1.540170e-02 5.595613e+00 -1.720579e-02 
573 5731 0 0 0 6.249802e+00 1.334241e+00 2.914223e-01 6.242156e-01 1.853840e+01 2.260324e+01 9.681338e+00 -1.002815e-02 5.595894e+00 -1.559986e-02 
574 5741 0 0 0 6.250908e+00 1.333751e+00 2.910793e-01 6.234918e-01 1.853808e+01 2.260334e+01 9.681357e+00 -9.523591e-03 5.598219e+00 -1.483369e-02 
575 5751 0 0 0 6.250098e+00 1.334104e+00 2.912295e-01 6.242026e-01 1.853706e+01 2.260332e+01 9.685527e+00 -2.041151e-02 5.595807e+00 -1.616680e-02 
576 5761 0 0 0 6.251294e+00 1.333765e+00 2.913423e-01 6.240549e-01 1.853762e+01 2.260401e+01 9.686216e+00 -2.287733e-02 5.598020e+00 -1.650116e-02 
577 5771 0 0 0 6.251334e+00 1.333641e+00 2.914845e-01 6.237569e-01 1.853648e+01 2.260134e+01 9.685928e+00 -1.938869e-02 5.600001e+00 -1.643041e-02 
578 5781 0 0 0 6.252160e+00 1.333983e+00 2.914957e-01 6.243392e-01 1.853839e+01 2.260689e+01 9.687361e+00 -2.471377e-02 5.597086e+00 -1.712029e-02 
579 5791 0 0 0 6.252629e+00 1.333875e+00 2.922191e-01 6.245628e-01 1.853959e+01 2.260651e+01 9.684973e+00 -1.463904e-02 5.601884e+00 -1.711014e-02 
580 5801 0 0 0 6.252454e+00 1.333757e+00 2.919836e-01 6.242587e-01 1.853850e+01 2.260437e+01 9.685521e+00 -1.686379e-02 5.601287e+00 -1.617852e-02 
581 5811 0 0 0 6.252420e+00 1.333820e+00 2.922040e-01 6.247542e-01 1.853906e+01 2.260706e+01 9.685073e+00 -1.445650e-02 5.601024e+00 -1.672887e-02 
582 5821 0 0 0 6.254973e+00 1.333601e+00 2.922919e-01 6.249505e-01 1.854064e+01 2.261010e+01 9.687792e+00 -1.702997e-02 5.601558e+00 -1.657032e-02 
583 5831 0 0 0 6.253978e+00 1.333566e+00 2.920765e-01 6.246837e-01 1.853978e+01 2.260872e+01 9.686749e+00 -1.655489e-02 5.601604e+00 -1.592512e-02 
584 5841 0 0 0 6.255021e+00 1.333563e+00 2.919649e-01 6.248438e-01 1.854268e+01 2.261128e+01 9.683869e+00 -1.908766e-02 5.598746e+00 -1.534790e-02 
585 5851 0 0 0 6.254108e+00 1.333796e+00 2.918415e-01 6.249652e-01 1.854287e+01 2.261261e+01 9.684363e+00 -2.285547e-02 5.596924e+00 -1.534130e-02 
586 5861 0 0 0 6.253447e+00 1.333427e+00 2.917522e-01 6.246812e-01 1.854227e+01 2.261067e+01 9.680675e+00 -2.315475e-02 5.596817e+00 -1.408451e-02 
587 5871 0 0 0 6.252972e+00 1.333425e+00 2.916277e-01 6.247115e-01 1.853963e+01 2.260879e+01 9.681555e+00 -2.199031e-02 5.595557e+00 -1.455399e-02 
588 5881 0 0 0 6.252281e+00 1.333106e+00 2.914923e-01 6.240179e-01 1.853788e+01 2.260630e+01 9.678918e+00 -1.573973e-02 5.597907e+00 -1.340727e-02 
589 5891 0 0 0 6.252956e+00 1.333118e+00 2.915456e-01 6.239951e-01 1.853783e+01 2.260581e+01 9.680778e+00 -1.522495e-02 5.599084e+00 -1.364534e-02 
590 5901 0 0 0 6.251619e+00 1.333228e+00 2.913246e-01 6.239020e-01 1.853838e+01 2.260647e+01 9.678108e+00 -1.825773e-02 5.597887e+00 -1.287817e-02 
591 5911 0 0 0 6.253107e+00 1.332794e+00 2.911878e-01 6.235201e-01 1.854063e+01 2.260917e+01 9.676852e+00 -1.770816e-02 5.599732e+00 -1.244503e-02 
592 5921 0 0 0 6.253635e+00 1.332867e+00 2.913298e-01 6.237604e-01 1.854276e+01 2.261214e+01 9.675406e+00 -1.456217e-02 5.599823e+00 -1.154169e-02 
593 5931 0 0 0 6.252774e+00 1.332976e+00 2.913504e-01 6.237743e-01 1.854251e+01 2.261161e+01 9.674985e+00 -1.333199e-02 5.600020e+00 -1.151117e-02 
594 5941 0 0 0 6.252588e+00 1.332911e+00 2.913284e-01 6.238696e-01 1.854171e+01 2.261202e+01 9.675100e+00 -1.356904e-02 5.599644e+00 -1.107139e-02 
595 5951 0 0 0 6.250889e+00 1.333149e+00 2.913299e-01 6.238850e-01 1.854093e+01 2.261077e+01 9.674942e+00 -1.231426e-02 5.599305e+00 -1.097252e-02 
596 5961 0 0 0 6.249336e+00 1.333478e+00 2.913462e-01 6.242014e-01 1.854179e+01 2.261154e+01 9.672654e+00 -1.231539e-02 5.596865e+00 -9.949177e-03 
597 5971 0 0 0 6.249926e+00 1.333307e+00 2.914954e-01 6.242067e-01 1.854165e+01 2.261122e+01 9.673150e+00 -1.141963e-02 5.597888e+00 -9.800872e-03 
598 5981 0 0 0 6.247171e+00 1.333319e+00 2.913956e-01 6.237743e-01 1.853895e+01 2.260696e+01 9.670135e+00 -4.062338e-03 5.598910e+00 -8.228646e-03 
599 5991 0 0 0 6.248195e+00 1.333074e+00 2.913602e-01 6.235175e-01 1.853795e+01 2.260583e+01 9.672816e+00 2.261967e-03 5.601779e+00 -9.162588e-03 
600 6001 0 0 0 6.245621e+00 1.333399e+00 2.917158e-01 6.242649e-01 1.853879e+01 2.260605e+01 9.666242e+00 6.566360e-03 5.598851e+00 -8.561139e-03 
601 6011 0 0 0 6.247096e+00 1.333139e+00 2.916261e-01 6.242120e-01 1.854004e+01 2.260776e+01 9.665373e+00 -2.300660e-03 5.597650e+00 -7.229296e-03 
602 6021 0 0 0 6.247764e+00 1.333191e+00 2.918673e-01 6.246868e-01 1.854032e+01 2.260866e+01 9.665405e+00 -7.902154e-03 5.595838e+00 -7.326443e-03 
603 6031 0 0 0 6.250081e+00 1.333248e+00 2.917423e-01 6.246584e-01 1.854078e+01 2.261057e+01 9.671427e+00 -1.673073e-02 5.595798e+00 -8.276011e-03 
604 6041 0 0 0 6.251669e+00 1.332978e+00 2.911789e-01 6.244212e-01 1.854007e+01 2.261395e+01 9.673269e+00 -1.849687e-02 5.593585e+00 -8.218175e-03 
605 6051 0 0 0 6.253814e+00 1.332223e+00 2.907941e-01 6.235207e-01 1.854000e+01 2.261237e+01 9.672890e+00 -1.627870e-02 5.596033e+00 -7.723804e-03 
606 6061 0 0 0 6.252059e+00 1.332462e+00 2.910006e-01 6.239263e-01 1.853874e+01 2.260835e+01 9.672205e+00 -1.796984e-02 5.594781e+00 -8.179637e-03 
607 6071 0 0 0 6.249963e+00 1.332488e+00 2.913882e-01 6.239919e-01 1.853527e+01 2.260231e+01 9.673605e+00 -1.891394e-02 5.596470e+00 -7.735211e-03 
608 6081 0 0 0 6.253560e+00 1.331946e+00 2.911774e-01 6.233275e-01 1.853613e+01 2.260344e+01 9.676740e+00 -2.439924e-02 5.598979e+00 -7.853154e-03 
609 6091 0 0 0 6.253355e+00 1.331257e+00 2.913111e-01 6.224850e-01 1.853336e+01 2.259784e+01 9.672207e+00 -9.825672e-03 5.603898e+00 -4.953191e-03 
610 6101 0 0 0 6.255439e+00 1.331316e+00 2.913103e-01 6.224040e-01 1.853631e+01 2.260151e+01 9.675338e+00 -8.661025e-03 5.605681e+00 -5.612648e-03 
611 6111 0 0 0 6.256635e+00 1.331103e+00 2.915814e-01 6.225093e-01 1.853737e+01 2.260337e+01 9.676021e+00 -8.357998e-03 5.607284e+00 -5.924108e-03 
612 6121 0 0 0 6.258658e+00 1.330732e+00 2.920000e-01 6.229398e-01 1.854046e+01 2.260745e+01 9.673199e+00 -7.998290e-03 5.607716e+00 -5.388971e-03 
613 6131 0 0 0 6.259000e+00 1.330574e+00 2.918120e-01 6.223972e-01 1.854231e+01 2.260780e+01 9.673117e+00 -2.723885e-03 5.611114e+00 -5.035319e-03 
614 6141 0 0 0 6.261036e+00 1.329814e+00 2.912835e-01 6.211553e-01 1.854217e+01 2.260865e+01 9.672312e+00 -2.931325e-03 5.614145e+00 -3.521648e-03 
615 6151 0 0 0 6.262796e+00 1.329334e+00 2.913243e-01 6.207946e-01 1.854380e+01 2.260957e+01 9.669077e+00 2.578115e-03 5.615320e+00 -2.400171e-03 
616 6161 0 0 0 6.261285e+00 1.329867e+00 2.920634e-01 6.221111e-01 1.854204e+01 2.260755e+01 9.669084e+00 6.595855e-03 5.613528e+00 -3.212344e-03 
617 6171 0 0 0 6.263676e+00 1.329694e+00 2.916989e-01 6.219923e-01 1.854479e+01 2.261172e+01 9.667050e+00 -2.130829e-03 5.610300e+00 -2.479684e-03 
618 6181 0 0 0 6.262153e+00 1.330090e+00 2.919186e-01 6.228169e-01 1.854449e+01 2.261287e+01 9.667078e+00 6.421132e-05 5.608847e+00 -3.597909e-03 
619 6191 0 0 0 6.263506e+00 1.330260e+00 2.918381e-01 6.232108e-01 1.854586e+01 2.261735e+01 9.666761e+00 3.974746e-03 5.607006e+00 -2.964101e-03 
620 6201 0 0 0 6.266275e+00 1.330353e+00 2.919073e-01 6.231312e-01 1.854905e+01 2.262134e+01 9.669397e+00 -5.268200e-05 5.608294e+00 -4.629424e-03 
621 6211 0 0 0 6.266010e+00 1.329215e+00 2.914896e-01 6.219470e-01 1.854569e+01 2.261843e+01 9.667497e+00 -6.238775e-03 5.611345e+00 -1.356616e-03 
622 6221 0 0 0 6.267029e+00 1.329011e+00 2.912269e-01 6.213244e-01 1.854409e+01 2.261580e+01 9.668848e+00 -1.059731e-03 5.612177e+00 -1.683377e-03 
623 6231 0 0 0 6.269166e+00 1.329383e+00 2.918117e-01 6.222435e-01 1.854550e+01 2.261778e+01 9.675068e+00 -1.003483e-02 5.611145e+00 -4.080840e-03 
624 6241 0 0 0 6.266989e+00 1.329183e+00 2.920778e-01 6.228001e-01 1.854137e+01 2.261323e+01 9.671382e+00 -5.104352e-03 5.608088e+00 -3.006798e-03 
625 6251 0 0 0 6.264736e+00 1.329704e+00 2.919635e-01 6.233243e-01 1.854109e+01 2.261474e+01 9.666653e+00 -8.694517e-05 5.603332e+00 -3.245849e-03 
626 6261 0 0 0 6.261243e+00 1.330564e+00 2.925364e-01 6.246151e-01 1.854203e+01 2.261557e+01 9.664473e+00 -1.302639e-04 5.600664e+00 -4.285741e-03 
627 6271 0 0 0 6.265361e+00 1.329967e+00 2.924017e-01 6.240100e-01 1.854434e+01 2.261798e+01 9.665781e+00 -5.566154e-03 5.602405e+00 -4.312568e-03 
628 6281 0 0 0 6.268392e+00 1.329937e+00 2.928502e-01 6.249407e-01 1.854733e+01 2.262436e+01 9.666285e+00 -1.575391e-02 5.599353e+00 -5.148330e-03 
629 6291 0 0 0 6.268705e+00 1.329452e+00 2.925881e-01 6.240966e-01 1.854783e+01 2.262353e+01 9.662574e+00 -9.070854e-03 5.601505e+00 -2.736755e-03 
630 6301 0 0 0 6.269428e+00 1.328926e+00 2.922416e-01 6.230524e-01 1.854805e+01 2.262359e+01 9.659827e+00 1.299216e-03 5.604688e+00 -5.255346e-04 
631 6311 0 0 0 6.270314e+00 1.328880e+00 2.926901e-01 6.236465e-01 1.854738e+01 2.262246e+01 9.661176e+00 2.273420e-03 5.604641e+00 -1.515155e-03 
632 6321 0 0 0 6.269622e+00 1.328686e+00 2.929968e-01 6.234980e-01 1.854639e+01 2.261848e+01 9.660121e+00 8.786666e-03 5.608206e+00 -1.504880e-03 
633 6331 0 0 0 6.273825e+00 1.328447e+00 2.928211e-01 6.229498e-01 1.854913e+01 2.262195e+01 9.667306e+00 5.042218e-03 5.612277e+00 -2.555239e-03 
634 6341 0 0 0 6.274422e+00 1.328186e+00 2.923520e-01 6.222793e-01 1.854911e+01 2.262169e+01 9.666429e+00 8.074596e-03 5.612806e+00 -1.841311e-03 
635 6351 0 0 0 6.275174e+00 1.327933e+00 2.922739e-01 6.216064e-01 1.854858e+01 2.261884e+01 9.666520e+00 1.487962e-02 5.616310e+00 -1.305160e-03 
636 6361 0 0 0 6.273585e+00 1.328040e+00 2.922243e-01 6.216513e-01 1.854942e+01 2.261946e+01 9.663240e+00 1.101050e-02 5.614597e+00 -4.752075e-04 
637 6371 0 0 0 6.272311e+00 1.328056e+00 2.922455e-01 6.214435e-01 1.854941e+01 2.261791e+01 9.661656e+00 1.763220e-02 5.616231e+00 1.678952e-04 
638 6381 0 0 0 6.269766e+00 1.328327e+00 2.919878e-01 6.212744e-01 1.854702e+01 2.261453e+01 9.661016e+00 1.367272e-02 5.614115e+00 7.001467e-04 
639 6391 0 0 0 6.269719e+00 1.328533e+00 2.918027e-01 6.215401e-01 1.854910e+01 2.261868e+01 9.660149e+00 1.016262e-02 5.611292e+00 4.293343e-04 
640 6401 0 0 0 6.269099e+00 1.328850e+00 2.919724e-01 6.221873e-01 1.855236e+01 2.262386e+01 9.657427e+00 9.269514e-03 5.609055e+00 6.866378e-04 
641 6411 0 0 0 6.270277e+00 1.328923e+00 2.922614e-01 6.225498e-01 1.855502e+01 2.262568e+01 9.657153e+00 9.531040e-03 5.609341e+00 8.075038e-04 
642 6421 0 0 0 6.272918e+00 1.328782e+00 2.923563e-01 6.228257e-01 1.855777e+01 2.262951e+01 9.659404e+00 9.472949e-03 5.609447e+00 1.897472e-04 
643 6431 0 0 0 6.271518e+00 1.329339e+00 2.923238e-01 6.233822e-01 1.855732e+01 2.262907e+01 9.661603e+00 6.449587e-03 5.606743e+00 -1.140326e-03 
644 6441 0 0 0 6.272112e+00 1.329014e+00 2.913529e-01 6.218602e-01 1.855810e+01 2.262920e+01 9.662089e+00 6.106536e-03 5.608800e+00 8.015813e-04 
645 6451 0 0 0 6.273804e+00 1.329159e+00 2.915761e-01 6.229404e-01 1.856125e+01 2.263499e+01 9.661465e+00 -7.812347e-03 5.603061e+00 5.159747e-04 
646 6461 0 0 0 6.271563e+00 1.329349e+00 2.916555e-01 6.230245e-01 1.855853e+01 2.263076e+01 9.660792e+00 -7.315796e-03 5.602444e+00 2.295640e-04 
647 6471 0 0 0 6.272133e+00 1.329436e+00 2.918386e-01 6.237999e-01 1.856241e+01 2.263596e+01 9.660832e+00 -8.659592e-03 5.601426e+00 -1.947722e-04 
648 6481 0 0 0 6.273677e+00 1.329561e+00 2.920571e-01 6.243551e-01 1.856492e+01 2.264031e+01 9.662981e+00 -1.647556e-02 5.600354e+00 -7.446189e-04 
649 6491 0 0 0 6.275627e+00 1.329642e+00 2.916747e-01 6.245263e-01 1.856757e+01 2.264617e+01 9.668052e+00 -2.761145e-02 5.597498e+00 -2.049222e-03 
650 6501 0 0 0 6.273575e+00 1.330139e+00 2.918881e-01 6.256176e-01 1.856723e+01 2.264672e+01 9.670029e+00 -3.113785e-02 5.593951e+00 -5.064651e-03 
651 6511 0 0 0 6.279047e+00 1.329520e+00 2.915966e-01 6.251005e-01 1.857253e+01 2.265320e+01 9.675247e+00 -3.908826e-02 5.597268e+00 -5.038500e-03 
652 6521 0 0 0 6.276649e+00 1.329628e+00 2.916240e-01 6.254425e-01 1.856898e+01 2.265052e+01 9.676928e+00 -4.278099e-02 5.595613e+00 -6.177104e-03 
653 6531 0 0 0 6.273765e+00 1.329896e+00 2.909748e-01 6.254188e-01 1.856774e+01 2.264926e+01 9.674143e+00 -6.309707e-02 5.587568e+00 -5.281061e-03 
654 6541 0 0 0 6.273161e+00 1.329051e+00 2.913560e-01 6.240784e-01 1.856373e+01 2.263792e+01 9.668422e+00 -3.474318e-02 5.597198e+00 -4.020944e-03 
655 6551 0 0 0 6.270437e+00 1.328660e+00 2.909572e-01 6.232461e-01 1.855623e+01 2.262731e+01 9.665804e+00 -3.016662e-02 5.597502e+00 -2.914422e-03 
656 6561 0 0 0 6.266747e+00 1.329102e+00 2.909743e-01 6.238649e-01 1.855130e+01 2.262296e+01 9.666274e+00 -2.820402e-02 5.594613e+00 -3.634393e-03 
657 6571 0 0 0 6.266837e+00 1.328784e+00 2.916099e-01 6.234898e-01 1.854824e+01 2.261592e+01 9.662051e+00 -1.253804e-02 5.598767e+00 -2.693256e-03 
658 6581 0 0 0 6.272330e+00 1.328569e+00 2.911248e-01 6.236660e-01 1.855288e+01 2.262644e+01 9.664679e+00 -2.514639e-02 5.593950e+00 -2.886637e-03 
659 6591 0 0 0 6.272157e+00 1.328386e+00 2.906527e-01 6.230576e-01 1.854973e+01 2.262335e+01 9.667029e+00 -2.546026e-02 5.594418e+00 -1.527640e-03 
660 6601 0 0 0 6.271094e+00 1.329445e+00 2.911941e-01 6.250337e-01 1.855281e+01 2.263063e+01 9.671421e+00 -3.259146e-02 5.589941e+00 -5.360869e-03 
661 6611 0 0 0 6.268134e+00 1.329046e+00 2.909582e-01 6.246605e-01 1.855037e+01 2.263005e+01 9.663805e+00 -1.911368e-02 5.590181e+00 -1.984677e-03 
662 6621 0 0 0 6.267936e+00 1.328170e+00 2.904504e-01 6.226885e-01 1.854788e+01 2.262629e+01 9.657762e+00 -5.890804e-03 5.597161e+00 1.601654e-03 
663 6631 0 0 0 6.270437e+00 1.328072e+00 2.908493e-01 6.234550e-01 1.854719e+01 2.262895e+01 9.666627e+00 -1.177662e-02 5.598675e+00 3.994135e-04 
664 6641 0 0 0 6.276234e+00 1.328041e+00 2.915539e-01 6.247261e-01 1.855412e+01 2.263922e+01 9.673054e+00 -3.090568e-02 5.596812e+00 -1.571005e-03 
665 6651 0 0 0 6.278344e+00 1.328369e+00 2.915061e-01 6.256736e-01 1.855960e+01 2.264816e+01 9.672777e+00 -2.883897e-02 5.593071e+00 -2.263271e-03 
666 6661 0 0 0 6.276634e+00 1.328907e+00 2.920452e-01 6.258845e-01 1.856090e+01 2.264714e+01 9.671040e+00 -3.189249e-02 5.594370e+00 -4.896171e-03 
667 6671 0 0 0 6.273163e+00 1.328402e+00 2.926139e-01 6.255445e-01 1.854921e+01 2.263041e+01 9.672153e+00 -2.242197e-02 5.597221e+00 -6.093792e-03 
668 6681 0 0 0 6.274702e+00 1.328670e+00 2.925976e-01 6.247957e-01 1.854814e+01 2.262437e+01 9.680891e+00 -2.123048e-02 5.602486e+00 -7.862414e-03 
669 6691 0 0 0 6.276247e+00 1.328319e+00 2.924667e-01 6.241910e-01 1.854678e+01 2.262616e+01 9.682507e+00 -2.651706e-02 5.603462e+00 -7.447305e-03 
670 6701 0 0 0 6.278998e+00 1.327896e+00 2.925184e-01 6.233367e-01 1.854706e+01 2.262593e+01 9.687399e+00 -2.366814e-02 5.609347e+00 -8.854653e-03 
671 6711 0 0 0 6.276550e+00 1.327522e+00 2.922642e-01 6.223222e-01 1.854255e+01 2.261796e+01 9.687049e+00 -2.042830e-02 5.613075e+00 -6.734675e-03 
672 6721 0 0 0 6.280340e+00 1.327773e+00 2.922209e-01 6.242351e-01 1.855258e+01 2.263484e+01 9.686418e+00 -4.512034e-02 5.603024e+00 -7.281115e-03 
673 6731 0 0 0 6.280065e+00 1.327537e+00 2.924932e-01 6.237389e-01 1.854833e+01 2.262939e+01 9.685562e+00 -3.509871e-02 5.606903e+00 -7.368720e-03 
