%  columns="iteration, evaluation, sigma, axis ratio, bestever, best, median, worst fitness function value, further objective values of best" (startseed=211503, 2015/08/19 7:50:16.04)
1 41 3.232369e+03 1.172969e+04  3.042657325098371857e+01  1.771304704310910836e+02  2.031052162657717615e+07  4.228467647650308500e+15
2 81 3.520166e+03 1.165469e+04  3.042657325098371857e+01  2.755254486627470669e+02  6.963408796002892777e+05  6.548849165779606000e+15
3 121 4.510347e+03 1.194943e+04  3.042657325098371857e+01  2.866760274200947833e+02  2.887237852307150092e+02  2.340017429421367500e+15
4 161 4.929508e+03 1.233341e+04  3.042657325098371857e+01  4.727368739127851427e+01  2.887482224871683343e+02  1.481777266225954500e+15
5 201 4.710090e+03 1.262441e+04  3.042657325098371857e+01  2.880734250405363923e+02  3.114907139370131190e+05  5.612613035128465576e+11
6 241 4.538474e+03 1.309894e+04  3.042657325098371857e+01  6.866494579679365984e+01  8.095420172637435608e+05  4.519348447196987200e+16
7 281 4.061589e+03 1.356962e+04  3.042657325098371857e+01  7.761190755179826795e+01  6.539267847201908007e+05  8.336261080022390400e+16
8 321 3.701993e+03 1.348894e+04  3.042657325098371857e+01  6.224248689295120585e+01  2.638913938264666649e+04  1.709315710202971697e+08
9 361 3.072270e+03 1.390284e+04  3.042657325098371857e+01  1.627186569416375619e+02  8.347878119876702840e+04  1.083990871075134575e+08
10 401 3.473459e+03 1.580400e+04  3.042657325098371857e+01  1.817653728151543930e+02  2.387409828047640913e+05  1.906946231397424698e+09
11 441 3.069487e+03 1.639839e+04  3.042657325098371857e+01  5.070434076116980293e+01  4.595869945949719113e+04  1.767050601218786463e+07
12 481 3.465977e+03 1.682898e+04  3.042657325098371857e+01  6.976894208693724408e+01  3.804815018385227631e+03  1.180936481863652915e+07
13 521 2.964741e+03 1.700361e+04  3.042657325098371857e+01  9.896064832272763567e+01  2.887786873542119110e+02  5.023096758839925528e+08
14 561 2.740631e+03 1.720888e+04  3.042657325098371857e+01  2.539280536352181628e+02  1.304236024669445578e+04  6.041837235194914974e+06
15 601 3.051920e+03 1.726341e+04  3.042657325098371857e+01  5.642642481758242923e+01  6.074532280723150507e+03  5.249685938081226777e+05
16 641 3.045543e+03 1.867195e+04  3.042657325098371857e+01  5.321732537674500918e+01  2.887743521968728828e+02  5.341406494553850498e+05
17 681 2.814467e+03 1.780457e+04  3.042657325098371857e+01  5.587246662129489039e+01  2.887521487351434644e+02  1.425684653329664376e+06
18 721 2.600216e+03 1.784130e+04  3.042657325098371857e+01  1.220558362325976134e+02  2.887783009853576459e+02  3.725217108013812453e+07
19 761 2.604067e+03 1.794503e+04  3.042657325098371857e+01  4.928331539455857069e+01  2.887644798909320230e+02  3.284388438864147756e+05
20 801 2.730096e+03 1.792251e+04  3.042657325098371857e+01  4.821159120895932659e+01  2.887438087712558286e+02  2.500690426499682071e+05
21 841 2.463177e+03 1.724564e+04  3.042657325098371857e+01  4.876502522020809494e+01  2.887323451165115102e+02  1.158261817736130615e+05
22 881 2.233850e+03 1.775842e+04  3.042657325098371857e+01  4.507619262955306993e+01  2.886644266510236321e+02  1.098224890197521308e+05
23 921 2.088962e+03 1.767888e+04  3.042657325098371857e+01  5.331815367375126868e+01  2.777310608547880406e+02  2.489804546527184721e+05
24 961 1.950564e+03 1.708489e+04  3.042657325098371857e+01  4.639916308423412517e+01  2.874852467648039465e+02  2.529580099996749050e+04
25 1001 2.041151e+03 1.653077e+04  3.042657325098371857e+01  4.650899807199587599e+01  2.874437226354662016e+02  1.296259909159019298e+04
26 1041 1.937581e+03 1.615586e+04  3.042657325098371857e+01  4.519508368062121662e+01  2.808429139829265750e+02  2.045928225988365739e+03
27 1081 1.767247e+03 1.678820e+04  3.042657325098371857e+01  5.028781850871445158e+01  2.523627360928250312e+02  1.311281922300509723e+04
28 1121 1.750366e+03 1.742440e+04  3.042657325098371857e+01  4.615847316599993633e+01  2.493552742973232057e+02  5.079386752507321034e+03
29 1161 1.670795e+03 1.889281e+04  3.042657325098371857e+01  4.516946238507824773e+01  2.177081266750658415e+02  5.188737936014696970e+03
30 1201 1.626127e+03 1.881446e+04  3.042657325098371857e+01  4.799611761317378722e+01  2.677742405340247842e+02  3.234866533489669564e+03
31 1241 1.578510e+03 1.971816e+04  3.042657325098371857e+01  4.532442348771232332e+01  1.315985482688765273e+02  1.719517425789817480e+03
32 1281 1.605657e+03 2.053715e+04  3.042657325098371857e+01  4.618412383199130744e+01  1.986074636524759001e+02  8.330504455314772713e+03
33 1321 1.645707e+03 2.233139e+04  3.042657325098371857e+01  4.511745721402046883e+01  1.142978385704728481e+02  1.669075743756752672e+03
34 1361 1.814323e+03 2.417620e+04  3.042657325098371857e+01  4.564815201899235575e+01  9.338711998941070647e+01  1.027724627513853648e+03
35 1401 1.834670e+03 2.476802e+04  3.042657325098371857e+01  4.490583365880124234e+01  1.357688546340726816e+02  8.273625143961056892e+03
36 1441 1.956799e+03 2.674783e+04  3.042657325098371857e+01  4.516452766095927984e+01  1.495941490715199791e+02  4.624537079617940435e+03
37 1481 1.926758e+03 2.679573e+04  3.042657325098371857e+01  4.529133701755560537e+01  2.048130416238901148e+02  4.122318063541667470e+03
38 1521 1.801666e+03 2.669445e+04  3.042657325098371857e+01  4.799395586807166580e+01  2.043677812851831845e+02  2.182989530200124591e+03
39 1561 1.853557e+03 2.560586e+04  3.042657325098371857e+01  4.589317702397153909e+01  2.115406656716288012e+02  1.595189463405265997e+03
40 1601 1.984158e+03 2.608118e+04  3.042657325098371857e+01  4.468823649873549186e+01  1.143782448681777737e+02  4.171120558266209173e+02
41 1641 2.078095e+03 2.819580e+04  3.042657325098371857e+01  4.488883311989892633e+01  1.325159164199413055e+02  2.545976787391362450e+03
42 1681 2.138547e+03 3.141361e+04  3.042657325098371857e+01  4.456464956845098868e+01  2.745081761269477738e+02  4.945898731305411275e+03
43 1721 2.021360e+03 3.339677e+04  3.042657325098371857e+01  4.795421346347384883e+01  2.145254272183448165e+02  1.268715316684172467e+04
44 1761 1.912970e+03 3.672948e+04  3.042657325098371857e+01  4.472887977001428084e+01  1.417491000671711845e+02  4.003499779038995257e+03
45 1801 1.828226e+03 3.891795e+04  3.042657325098371857e+01  4.445050163439547219e+01  1.455722354137890875e+02  1.763110019140019176e+03
46 1841 1.876848e+03 3.985413e+04  3.042657325098371857e+01  4.495301119466053308e+01  9.155679411737570206e+01  7.949866120026841827e+02
47 1881 1.824396e+03 4.183789e+04  3.042657325098371857e+01  4.585828298760530686e+01  9.299258829986965225e+01  6.378470139791588736e+02
48 1921 1.940924e+03 4.425367e+04  3.042657325098371857e+01  4.443635268913094905e+01  8.976148568614316048e+01  5.373068346199606822e+02
49 1961 2.046517e+03 4.924888e+04  3.042657325098371857e+01  4.420649911458384906e+01  1.252035611890856899e+02  1.338176617522364722e+03
50 2001 1.938330e+03 5.414278e+04  3.042657325098371857e+01  4.509831395110369101e+01  9.888125866912406536e+01  2.852067631735167765e+02
51 2041 1.930918e+03 5.535310e+04  3.042657325098371857e+01  4.544493231323131965e+01  7.720191176240042807e+01  3.983066335948507231e+02
52 2081 1.948590e+03 6.149784e+04  3.042657325098371857e+01  4.477273496431534738e+01  7.184978271196607125e+01  3.587819384235535836e+02
53 2121 1.914152e+03 6.415801e+04  3.042657325098371857e+01  4.484224728190652343e+01  6.833699140590462662e+01  9.906237274981031078e+02
54 2161 1.750608e+03 6.430882e+04  3.042657325098371857e+01  4.428019741546626165e+01  6.406754176631693554e+01  3.569345156278206446e+02
55 2201 1.693329e+03 6.540589e+04  3.042657325098371857e+01  4.440693829730420106e+01  6.252881451605311014e+01  2.582388957641029492e+02
56 2241 1.950928e+03 6.455546e+04  3.042657325098371857e+01  4.367767662792905980e+01  5.133228845010461328e+01  1.920823583846986367e+02
57 2281 1.849207e+03 6.607222e+04  3.042657325098371857e+01  4.415586594450473257e+01  6.922663837666286213e+01  4.087779817434901588e+02
58 2321 1.689438e+03 7.016687e+04  3.042657325098371857e+01  4.374866890628520366e+01  6.554269728259092176e+01  7.509809517432721577e+02
59 2361 1.757839e+03 7.380003e+04  3.042657325098371857e+01  4.455535856112855697e+01  5.240167086507209149e+01  1.658841709108510258e+02
60 2401 1.697666e+03 7.125281e+04  3.042657325098371857e+01  4.400740773662238325e+01  6.066776221416427006e+01  2.813535551660133365e+02
61 2441 1.388899e+03 7.117007e+04  3.042657325098371857e+01  4.445102155467215255e+01  5.311939734466307073e+01  1.902338107610160023e+02
62 2481 1.157969e+03 7.139964e+04  3.042657325098371857e+01  4.423392364635852658e+01  5.125138189567130809e+01  3.004322074901140240e+02
63 2521 1.183398e+03 7.500912e+04  3.042657325098371857e+01  4.397637392355521513e+01  4.806212630192052160e+01  9.214644521242880160e+01
64 2561 1.287677e+03 7.706474e+04  3.042657325098371857e+01  4.391088286457780043e+01  4.737400123508947303e+01  1.316661509378628807e+02
65 2601 1.343169e+03 7.837618e+04  3.042657325098371857e+01  4.414623075767892146e+01  4.627690079149260782e+01  7.541258086974943353e+01
66 2641 1.218485e+03 8.181571e+04  3.042657325098371857e+01  4.394501117830988335e+01  4.684813649083992004e+01  1.088005655061616466e+02
67 2681 1.272282e+03 8.311472e+04  3.042657325098371857e+01  4.394012392609370465e+01  4.700733721625672956e+01  8.372491781404849576e+01
68 2721 1.442029e+03 8.444090e+04  3.042657325098371857e+01  4.391462491394877787e+01  4.488858255756461801e+01  8.404801818582879491e+01
69 2761 1.566459e+03 8.898051e+04  3.042657325098371857e+01  4.378767814479276410e+01  4.609332052721749307e+01  9.528143367843243539e+01
70 2801 1.516492e+03 9.403476e+04  3.042657325098371857e+01  4.367027172050568140e+01  4.551211816654949160e+01  1.208617283274510044e+02
71 2841 1.433742e+03 9.909287e+04  3.042657325098371857e+01  4.383037513291733944e+01  4.618537130906281618e+01  1.281603166254498376e+02
72 2881 1.276757e+03 1.031386e+05  3.042657325098371857e+01  4.377594752769626041e+01  4.540269499634938200e+01  6.165831621389376949e+01
73 2921 1.115889e+03 1.070911e+05  3.042657325098371857e+01  4.377674865545372285e+01  4.546350412691839438e+01  5.794565980864746280e+01
74 2961 1.061323e+03 1.116719e+05  3.042657325098371857e+01  4.380293829380214987e+01  4.567761788605737650e+01  5.452601896391769998e+01
75 3001 1.272638e+03 1.186488e+05  3.042657325098371857e+01  4.384953138967399866e+01  4.463974623081185911e+01  6.553916042259427854e+01
76 3041 1.402276e+03 1.230660e+05  3.042657325098371857e+01  4.375508406443661613e+01  4.475653281154151841e+01  6.285200867020714810e+01
77 3081 1.415497e+03 1.253522e+05  3.042657325098371857e+01  4.394565559202681015e+01  4.602565693093868049e+01  6.310923245342432608e+01
78 3121 1.501147e+03 1.283339e+05  3.042657325098371857e+01  4.389852718116165420e+01  4.609620573699567103e+01  5.939303235329269626e+01
79 3161 1.314070e+03 1.281486e+05  3.042657325098371857e+01  4.384703320604982935e+01  4.586510339286433435e+01  5.892578547509405951e+01
80 3201 1.258896e+03 1.278762e+05  3.042657325098371857e+01  4.373059624310790383e+01  4.502973314180682962e+01  5.531511632787770338e+01
81 3241 1.260561e+03 1.235787e+05  3.042657325098371857e+01  4.368671668693447430e+01  4.520955966169109530e+01  5.600846009667002079e+01
82 3281 1.266839e+03 1.212293e+05  3.042657325098371857e+01  4.367747091893161837e+01  4.446715452260072254e+01  5.141410061698704226e+01
83 3321 1.169186e+03 1.214120e+05  3.042657325098371857e+01  4.381834635773224562e+01  4.438640844116499551e+01  5.828537204936814931e+01
84 3361 1.146386e+03 1.212515e+05  3.042657325098371857e+01  4.365642373470534210e+01  4.435187991966228083e+01  4.715328284332086639e+01
85 3401 1.027123e+03 1.229592e+05  3.042657325098371857e+01  4.366103618750490512e+01  4.416958331495810341e+01  4.813656904755429622e+01
86 3441 9.960872e+02 1.287918e+05  3.042657325098371857e+01  4.368984515807911606e+01  4.399981595054491379e+01  4.769751501745054156e+01
87 3481 9.611180e+02 1.442259e+05  3.042657325098371857e+01  4.373207525413081953e+01  4.414352259741225737e+01  4.901557188542541610e+01
88 3521 8.954416e+02 1.541723e+05  3.042657325098371857e+01  4.369307324486193522e+01  4.403870334058717617e+01  4.586990563429979773e+01
89 3561 8.229576e+02 1.569235e+05  3.042657325098371857e+01  4.371752566244607152e+01  4.393402134039182982e+01  4.502711663603933800e+01
90 3601 7.001294e+02 1.600863e+05  3.042657325098371857e+01  4.367020078319731624e+01  4.386474117354413238e+01  4.590039238454529880e+01
91 3641 5.985375e+02 1.576716e+05  3.042657325098371857e+01  4.367381744429881962e+01  4.382191938877765836e+01  4.446055078561268914e+01
92 3681 5.370903e+02 1.563247e+05  3.042657325098371857e+01  4.370694205683387423e+01  4.386227940596824482e+01  4.425873425886289425e+01
93 3721 4.752603e+02 1.739793e+05  3.042657325098371857e+01  4.361272248395574991e+01  4.380037780152125038e+01  4.405140878752413158e+01
94 3761 4.853754e+02 1.777688e+05  3.042657325098371857e+01  4.366598847902886149e+01  4.376561782970468073e+01  4.414837424763041440e+01
95 3801 4.712031e+02 1.883598e+05  3.042657325098371857e+01  4.364305881528160569e+01  4.375368110988658543e+01  4.402165496332638384e+01
96 3841 4.291889e+02 1.855453e+05  3.042657325098371857e+01  4.362951774566722918e+01  4.374389465604485849e+01  4.406025516115115437e+01
97 3881 4.296131e+02 1.811124e+05  3.042657325098371857e+01  4.361676261486562822e+01  4.371466551989658456e+01  4.394442403545424014e+01
98 3921 4.211929e+02 1.893279e+05  3.042657325098371857e+01  4.364820693456449874e+01  4.372482184078053535e+01  4.394075883874923960e+01
99 3961 4.253413e+02 1.845547e+05  3.042657325098371857e+01  4.365760854762268650e+01  4.371816430806869391e+01  4.388154847863626884e+01
100 4001 4.234895e+02 1.842656e+05  3.042657325098371857e+01  4.363904926749031432e+01  4.371682654501687182e+01  4.390527095815461678e+01
101 4041 4.649694e+02 1.958628e+05  3.042657325098371857e+01  4.364359434096640200e+01  4.371028677085553227e+01  4.379666742420367598e+01
102 4081 4.647229e+02 2.095869e+05  3.042657325098371857e+01  4.363274249706907426e+01  4.372511799557710788e+01  4.395093356313552846e+01
103 4121 4.471925e+02 2.232813e+05  3.042657325098371857e+01  4.364357251258498138e+01  4.370481796939007069e+01  4.382211890496194684e+01
104 4161 4.668833e+02 2.268491e+05  3.042657325098371857e+01  4.361805730556045546e+01  4.370711629974346124e+01  4.403068779672959465e+01
105 4201 5.398354e+02 2.271246e+05  3.042657325098371857e+01  4.364131163617334863e+01  4.370827304303382732e+01  4.383812924841032554e+01
106 4241 5.365094e+02 2.436167e+05  3.042657325098371857e+01  4.364411511165670987e+01  4.371825853590065947e+01  4.390741175907392346e+01
107 4281 5.207214e+02 2.572006e+05  3.042657325098371857e+01  4.365570585474272036e+01  4.370274658795087674e+01  4.392614962276323354e+01
108 4321 4.336264e+02 2.635456e+05  3.042657325098371857e+01  4.363712395265893207e+01  4.369552762251412759e+01  4.394218835553996882e+01
109 4361 4.263682e+02 2.696748e+05  3.042657325098371857e+01  4.365742338649508270e+01  4.369432005646729067e+01  4.376580846883357623e+01
110 4401 4.199983e+02 2.753150e+05  3.042657325098371857e+01  4.364036991164987711e+01  4.368599596631916882e+01  4.377159276244920250e+01
111 4441 3.985798e+02 2.856007e+05  3.042657325098371857e+01  4.364476169411131679e+01  4.368868116575950467e+01  4.375948809253870309e+01
112 4481 4.240507e+02 3.088665e+05  3.042657325098371857e+01  4.363290332851552478e+01  4.368098583675127600e+01  4.378145621933251874e+01
113 4521 5.048952e+02 3.382570e+05  3.042657325098371857e+01  4.364622969824431209e+01  4.368382772516098100e+01  4.375870353832460324e+01
114 4561 4.968883e+02 3.447488e+05  3.042657325098371857e+01  4.364873676249357715e+01  4.369370277776411626e+01  4.388337996718329492e+01
115 4601 4.532032e+02 3.526286e+05  3.042657325098371857e+01  4.364488800696201309e+01  4.369403325991824261e+01  4.384144385262487731e+01
116 4641 4.972295e+02 3.320568e+05  3.042657325098371857e+01  4.363617220223492410e+01  4.368976047060225198e+01  4.377917874749248739e+01
117 4681 5.795989e+02 3.361689e+05  3.042657325098371857e+01  4.363428416667492371e+01  4.368984741672423411e+01  4.379367325779261222e+01
118 4721 7.289481e+02 3.227740e+05  3.042657325098371857e+01  4.362914199326189646e+01  4.369551289041726250e+01  4.384011225976553305e+01
119 4761 7.639963e+02 3.243218e+05  3.042657325098371857e+01  4.365854122866287668e+01  4.370850303548205318e+01  4.381560217256337353e+01
120 4801 6.980529e+02 3.155617e+05  3.042657325098371857e+01  4.365065203521136539e+01  4.371320975970384382e+01  4.384288726009747705e+01
121 4841 6.598627e+02 3.316732e+05  3.042657325098371857e+01  4.363871092389787520e+01  4.369879388901699713e+01  4.378127842657162461e+01
122 4881 5.945676e+02 3.470466e+05  3.042657325098371857e+01  4.364932276595175153e+01  4.371675800665290978e+01  4.380576536523131637e+01
123 4921 6.378433e+02 3.464927e+05  3.042657325098371857e+01  4.363322713901800398e+01  4.368966018332531576e+01  4.378520619546140580e+01
124 4961 5.851119e+02 3.763076e+05  3.042657325098371857e+01  4.362839726299689858e+01  4.368629427348767535e+01  4.384992731939482269e+01
125 5001 5.350141e+02 3.988367e+05  3.042657325098371857e+01  4.364151821172190893e+01  4.369270357074364597e+01  4.381832413567016715e+01
126 5041 4.472969e+02 4.253189e+05  3.042657325098371857e+01  4.363513345925960607e+01  4.369466019229527376e+01  4.378585284133659883e+01
127 5081 4.266245e+02 4.301346e+05  3.042657325098371857e+01  4.363781417414234198e+01  4.369016998988583111e+01  4.378225204689451289e+01
128 5121 4.084173e+02 4.669573e+05  3.042657325098371857e+01  4.363522950322345650e+01  4.368178811968726905e+01  4.373760326943274634e+01
129 5161 4.325403e+02 4.937672e+05  3.042657325098371857e+01  4.363722988020387561e+01  4.368312590055030142e+01  4.376484335962381778e+01
130 5201 4.126326e+02 4.793883e+05  3.042657325098371857e+01  4.363397479943642310e+01  4.367388562446650724e+01  4.379035066203903170e+01
131 5241 4.232735e+02 4.854307e+05  3.042657325098371857e+01  4.362691969366617428e+01  4.366750704981720332e+01  4.375966515864381989e+01
132 5281 4.484905e+02 4.397487e+05  3.042657325098371857e+01  4.363554685506142050e+01  4.368284660967506028e+01  4.376681115821695300e+01
133 5321 5.226387e+02 4.070685e+05  3.042657325098371857e+01  4.363557590874866321e+01  4.367580935794349983e+01  4.376414109373226324e+01
134 5361 4.725211e+02 4.016655e+05  3.042657325098371857e+01  4.360392909311172360e+01  4.367238907126116487e+01  4.379067791596014558e+01
135 5401 3.880205e+02 4.193485e+05  3.042657325098371857e+01  4.362359313874887334e+01  4.366628807981115301e+01  4.373251662282397945e+01
136 5441 3.733305e+02 4.461887e+05  3.042657325098371857e+01  4.361200688686510318e+01  4.366144283171949780e+01  4.373136681216533361e+01
137 5481 3.176087e+02 4.507367e+05  3.042657325098371857e+01  4.361923612790378968e+01  4.366429875168255847e+01  4.373674565824133253e+01
138 5521 3.064726e+02 4.745185e+05  3.042657325098371857e+01  4.363191972641777738e+01  4.366737108971817349e+01  4.372838577370424673e+01
139 5561 3.080772e+02 4.551257e+05  3.042657325098371857e+01  4.362829348511660754e+01  4.365944299278675089e+01  4.372308477108302327e+01
140 5601 3.487254e+02 4.357117e+05  3.042657325098371857e+01  4.360710459029859010e+01  4.365399999936252584e+01  4.371214931448282925e+01
141 5641 3.157073e+02 4.445392e+05  3.042657325098371857e+01  4.363544998860805180e+01  4.365842889015291917e+01  4.375101443431609027e+01
142 5681 3.477143e+02 4.710593e+05  3.042657325098371857e+01  4.361640303376633199e+01  4.366119346820308067e+01  4.376019574567546755e+01
143 5721 3.434007e+02 4.720604e+05  3.042657325098371857e+01  4.361873090523037888e+01  4.365354399592435186e+01  4.371841262174780240e+01
144 5761 3.336638e+02 4.679640e+05  3.042657325098371857e+01  4.362948709212097498e+01  4.366152052323375443e+01  4.375107719999620315e+01
145 5801 2.916885e+02 4.719809e+05  3.042657325098371857e+01  4.362393193040953321e+01  4.365651679442248678e+01  4.372154870396285276e+01
146 5841 2.593833e+02 5.020583e+05  3.042657325098371857e+01  4.360910077005765828e+01  4.364923627972555664e+01  4.370866795433713747e+01
147 5881 2.437486e+02 4.968809e+05  3.042657325098371857e+01  4.362863354200612775e+01  4.365534494023998491e+01  4.373245277830851307e+01
148 5921 2.291477e+02 4.820730e+05  3.042657325098371857e+01  4.362685295429923826e+01  4.366292343784337504e+01  4.371470765339972075e+01
149 5961 2.086877e+02 4.596883e+05  3.042657325098371857e+01  4.362773107834756559e+01  4.365895810560033397e+01  4.371477834144301511e+01
150 6001 2.014917e+02 5.082947e+05  3.042657325098371857e+01  4.361685133610343712e+01  4.364764230403402223e+01  4.370697150359526972e+01
151 6041 2.159836e+02 5.163986e+05  3.042657325098371857e+01  4.362247534449998909e+01  4.364869014281521231e+01  4.371328471958057094e+01
152 6081 1.833494e+02 5.572351e+05  3.042657325098371857e+01  4.360474066834177620e+01  4.365734201743738652e+01  4.373002155150571468e+01
153 6121 1.743752e+02 5.667226e+05  3.042657325098371857e+01  4.362218778111272854e+01  4.364804852442224359e+01  4.371069120630940574e+01
154 6161 1.730986e+02 6.222855e+05  3.042657325098371857e+01  4.362860371135282378e+01  4.364939875766012278e+01  4.372287151907944747e+01
155 6201 1.869677e+02 6.157552e+05  3.042657325098371857e+01  4.361902512664342169e+01  4.364346302658537979e+01  4.367782424282758313e+01
156 6241 2.227870e+02 6.051769e+05  3.042657325098371857e+01  4.362747975835094394e+01  4.366093964557478557e+01  4.369395158765578202e+01
157 6281 2.400152e+02 5.913219e+05  3.042657325098371857e+01  4.361422171962478700e+01  4.365234180078012116e+01  4.371998492024111016e+01
158 6321 2.222480e+02 5.669743e+05  3.042657325098371857e+01  4.361225441973645189e+01  4.365016423076130536e+01  4.370742317353503381e+01
159 6361 2.310963e+02 5.833329e+05  3.042657325098371857e+01  4.361614105302358269e+01  4.365772387128893683e+01  4.370549294738326296e+01
160 6401 2.064636e+02 5.790540e+05  3.042657325098371857e+01  4.361385847086080503e+01  4.365393868543048228e+01  4.371768521827030440e+01
161 6441 2.028609e+02 5.728634e+05  3.042657325098371857e+01  4.361928281755587022e+01  4.364597600774712305e+01  4.373026369850678918e+01
162 6481 2.090477e+02 6.403156e+05  3.042657325098371857e+01  4.361408036485688910e+01  4.365083638341205585e+01  4.370139113320432500e+01
163 6521 1.923419e+02 6.222851e+05  3.042657325098371857e+01  4.362229060488748189e+01  4.364974481198530043e+01  4.370232155510386463e+01
164 6561 1.864502e+02 6.290647e+05  3.042657325098371857e+01  4.361593710766431542e+01  4.365050892746453570e+01  4.370555853173821959e+01
165 6601 1.697930e+02 6.057494e+05  3.042657325098371857e+01  4.362353266686081810e+01  4.364774373168840782e+01  4.372969548798926809e+01
166 6641 1.741502e+02 6.253252e+05  3.042657325098371857e+01  4.361846068038714463e+01  4.364585276100696376e+01  4.371737734832870359e+01
167 6681 1.622506e+02 6.222519e+05  3.042657325098371857e+01  4.361432508819438425e+01  4.364561016650159786e+01  4.369421940110049007e+01
168 6721 1.628372e+02 6.090495e+05  3.042657325098371857e+01  4.362095062296916836e+01  4.364266682307635392e+01  4.371162746087215112e+01
169 6761 1.587488e+02 6.442767e+05  3.042657325098371857e+01  4.361490961184206583e+01  4.365026192298149255e+01  4.370993268049311808e+01
170 6801 1.451758e+02 6.587092e+05  3.042657325098371857e+01  4.361765589299469070e+01  4.365437686835261388e+01  4.372222430642410274e+01
171 6841 1.603746e+02 6.488250e+05  3.042657325098371857e+01  4.361740737476828400e+01  4.364178650913733293e+01  4.371636643529373600e+01
172 6881 1.880476e+02 5.922137e+05  3.042657325098371857e+01  4.361558283082423060e+01  4.364030532332674284e+01  4.371539256471260160e+01
173 6921 1.977138e+02 5.738195e+05  3.042657325098371857e+01  4.360042908059076439e+01  4.364940435759925208e+01  4.369766701191018399e+01
174 6961 2.012479e+02 5.449701e+05  3.042657325098371857e+01  4.361558150562058245e+01  4.364805022460453188e+01  4.370934855418014564e+01
175 7001 2.060485e+02 5.259082e+05  3.042657325098371857e+01  4.362156159060437233e+01  4.364175431237188718e+01  4.370602580860106201e+01
176 7041 1.969216e+02 5.304981e+05  3.042657325098371857e+01  4.360701830401039558e+01  4.364166336546516334e+01  4.370261855422393182e+01
177 7081 1.807195e+02 5.333993e+05  3.042657325098371857e+01  4.361562530443602981e+01  4.365071124436612138e+01  4.372479526679952500e+01
178 7121 1.917754e+02 5.571410e+05  3.042657325098371857e+01  4.361973541228213946e+01  4.364887831837870635e+01  4.371825394981614465e+01
179 7161 1.843434e+02 5.917857e+05  3.042657325098371857e+01  4.361555157322603549e+01  4.364454189992606103e+01  4.370857755552336954e+01
180 7201 1.770116e+02 5.919255e+05  3.042657325098371857e+01  4.361712285057016913e+01  4.364471753940235033e+01  4.369538917777884279e+01
181 7241 1.802232e+02 5.715709e+05  3.042657325098371857e+01  4.361920060749740458e+01  4.365224293500001806e+01  4.371043662298913546e+01
182 7281 1.773575e+02 5.889822e+05  3.042657325098371857e+01  4.361860735403487865e+01  4.364214157930918958e+01  4.372727791671210440e+01
183 7321 1.714021e+02 6.063086e+05  3.042657325098371857e+01  4.360752604723085568e+01  4.363901783023362668e+01  4.369755293808424312e+01
184 7361 1.908336e+02 5.899608e+05  3.042657325098371857e+01  4.361442038482803696e+01  4.364296798607736605e+01  4.371007200208647703e+01
185 7401 1.670303e+02 6.000639e+05  3.042657325098371857e+01  4.361501166620701042e+01  4.364828741161527148e+01  4.370181467439938672e+01
186 7441 1.817237e+02 6.110419e+05  3.042657325098371857e+01  4.360698672832416634e+01  4.364338902662561992e+01  4.372999472175234104e+01
187 7481 1.927238e+02 6.088839e+05  3.042657325098371857e+01  4.361335197300883948e+01  4.364543186193408530e+01  4.369059788201173689e+01
188 7521 1.703367e+02 5.853356e+05  3.042657325098371857e+01  4.360826683943302839e+01  4.365935007412298319e+01  4.374565096311263801e+01
189 7561 1.710246e+02 5.766554e+05  3.042657325098371857e+01  4.361315735260343729e+01  4.365171298609111261e+01  4.373093721188989491e+01
190 7601 1.578943e+02 6.004954e+05  3.042657325098371857e+01  4.361198380623897464e+01  4.364857032588302843e+01  4.374782700937920055e+01
191 7641 1.814647e+02 6.436016e+05  3.042657325098371857e+01  4.360733488469703900e+01  4.364348377845924176e+01  4.369987583582494040e+01
192 7681 2.097252e+02 6.424280e+05  3.042657325098371857e+01  4.360726727421786109e+01  4.365364284684216045e+01  4.372000276026372489e+01
193 7721 2.233049e+02 5.848180e+05  3.042657325098371857e+01  4.361094859779414179e+01  4.365644324678490307e+01  4.372440743500045102e+01
194 7761 2.252515e+02 5.779614e+05  3.042657325098371857e+01  4.362183923842728461e+01  4.364027286929655958e+01  4.373312494057605448e+01
195 7801 2.371976e+02 5.658661e+05  3.042657325098371857e+01  4.361886645741384427e+01  4.364798001805910133e+01  4.371577461901821238e+01
196 7841 2.539799e+02 5.361293e+05  3.042657325098371857e+01  4.362055598426319847e+01  4.365534673786439157e+01  4.371683552673331263e+01
197 7881 2.725221e+02 5.389322e+05  3.042657325098371857e+01  4.361799529695913691e+01  4.364295693014407362e+01  4.369614699277210690e+01
198 7921 3.131930e+02 5.269178e+05  3.042657325098371857e+01  4.360446890780123397e+01  4.364485354156171582e+01  4.371226615657739956e+01
199 7961 3.221205e+02 5.522099e+05  3.042657325098371857e+01  4.360864989899752686e+01  4.364026329429818674e+01  4.368178223089326195e+01
200 8001 3.621951e+02 5.012849e+05  3.042657325098371857e+01  4.361658504907326517e+01  4.366058537109741167e+01  4.374190456441298380e+01
201 8041 3.517915e+02 4.920341e+05  3.042657325098371857e+01  4.361281309862366129e+01  4.364812650907416014e+01  4.373362518145960109e+01
202 8081 3.775414e+02 5.027190e+05  3.042657325098371857e+01  4.360792802968307313e+01  4.365118011652677410e+01  4.370525751669261183e+01
203 8121 2.969273e+02 4.906123e+05  3.042657325098371857e+01  4.361040045081944072e+01  4.365231083896053121e+01  4.371740090977723270e+01
204 8161 2.785110e+02 4.838959e+05  3.042657325098371857e+01  4.359647449189494495e+01  4.363972154496325118e+01  4.369530646144991692e+01
205 8201 2.626003e+02 4.668252e+05  3.042657325098371857e+01  4.361969547370578226e+01  4.364651550929170298e+01  4.370202901652118044e+01
206 8241 2.357690e+02 4.704246e+05  3.042657325098371857e+01  4.360302387072429298e+01  4.364298841051123645e+01  4.370850104690437377e+01
207 8281 2.189656e+02 4.666450e+05  3.042657325098371857e+01  4.361265664125878061e+01  4.364980077520367985e+01  4.372717162627908039e+01
208 8321 2.150650e+02 4.884372e+05  3.042657325098371857e+01  4.359454046464262689e+01  4.364589428832121598e+01  4.373547397351167376e+01
209 8361 1.838295e+02 4.833844e+05  3.042657325098371857e+01  4.360651622686657447e+01  4.363560724241871469e+01  4.372410473921099339e+01
210 8401 1.818919e+02 5.188682e+05  3.042657325098371857e+01  4.361044188773052355e+01  4.365329120914751115e+01  4.370048143175704070e+01
211 8441 1.714618e+02 5.164074e+05  3.042657325098371857e+01  4.361092238974791258e+01  4.364032028006320019e+01  4.368535490435629498e+01
212 8481 1.591704e+02 5.086445e+05  3.042657325098371857e+01  4.360551235102619927e+01  4.365458452587544969e+01  4.373676890402811779e+01
213 8521 1.347156e+02 5.173901e+05  3.042657325098371857e+01  4.360084901074179697e+01  4.364509302240620769e+01  4.372733574043367355e+01
214 8561 1.249665e+02 5.028147e+05  3.042657325098371857e+01  4.360831839126829834e+01  4.364726319273997035e+01  4.369419001238442490e+01
215 8601 1.273123e+02 4.808104e+05  3.042657325098371857e+01  4.361010101772836123e+01  4.365135949502690949e+01  4.370996674717308395e+01
216 8641 1.414632e+02 4.539909e+05  3.042657325098371857e+01  4.361445561558851125e+01  4.365485676802018844e+01  4.372400061481597078e+01
217 8681 1.296544e+02 4.549073e+05  3.042657325098371857e+01  4.360053864559277059e+01  4.364589130736818845e+01  4.372662482566624931e+01
218 8721 1.133949e+02 4.832411e+05  3.042657325098371857e+01  4.361447993198762418e+01  4.364289232343648450e+01  4.370268646059486883e+01
219 8761 1.086265e+02 4.960266e+05  3.042657325098371857e+01  4.360930512898151079e+01  4.364635144701337310e+01  4.371223048647700438e+01
220 8801 1.017966e+02 5.000893e+05  3.042657325098371857e+01  4.360170114738841818e+01  4.364354326818771312e+01  4.371267667757685871e+01
221 8841 1.064226e+02 5.039574e+05  3.042657325098371857e+01  4.361321953203916735e+01  4.364731596081968945e+01  4.372413278028409422e+01
222 8881 9.615301e+01 5.224533e+05  3.042657325098371857e+01  4.360435672715324529e+01  4.364418343557651525e+01  4.370026405755936594e+01
223 8921 8.796896e+01 5.067125e+05  3.042657325098371857e+01  4.360887005309147924e+01  4.364642746956019437e+01  4.371466305721300216e+01
224 8961 8.248294e+01 5.048548e+05  3.042657325098371857e+01  4.361716881572310456e+01  4.364982491646739504e+01  4.374755082712964338e+01
225 9001 7.509136e+01 5.085942e+05  3.042657325098371857e+01  4.360750784538294766e+01  4.363169771562678534e+01  4.369978038614278404e+01
226 9041 7.010653e+01 5.331100e+05  3.042657325098371857e+01  4.360366938496149203e+01  4.364916811190376933e+01  4.371268126773398421e+01
227 9081 7.095461e+01 5.715358e+05  3.042657325098371857e+01  4.360764063047301420e+01  4.363969015313330146e+01  4.373457708180033165e+01
228 9121 7.588196e+01 5.705249e+05  3.042657325098371857e+01  4.360487916828351729e+01  4.363686862298477820e+01  4.369877608690705273e+01
229 9161 7.854007e+01 5.868402e+05  3.042657325098371857e+01  4.360685608207234765e+01  4.364213612311981194e+01  4.372443861362457085e+01
230 9201 7.287775e+01 5.957167e+05  3.042657325098371857e+01  4.360748014919240489e+01  4.364518235081509090e+01  4.370595059423214934e+01
231 9241 8.330907e+01 5.932515e+05  3.042657325098371857e+01  4.361499323352354196e+01  4.363880629597738903e+01  4.371069898198111758e+01
232 9281 7.744169e+01 5.988914e+05  3.042657325098371857e+01  4.360591057886191635e+01  4.364633894434518879e+01  4.373010255054503403e+01
233 9321 8.194391e+01 6.028483e+05  3.042657325098371857e+01  4.361102139882882511e+01  4.364434934725584014e+01  4.372716198293588263e+01
234 9361 1.014706e+02 6.016937e+05  3.042657325098371857e+01  4.360260960363905980e+01  4.364086375224488279e+01  4.373401479624242683e+01
235 9401 9.696129e+01 5.929088e+05  3.042657325098371857e+01  4.360390145615931345e+01  4.363886440197686056e+01  4.370722374704210722e+01
236 9441 1.141682e+02 6.185402e+05  3.042657325098371857e+01  4.361485135890302445e+01  4.364934827443772747e+01  4.372242306328273287e+01
237 9481 1.293560e+02 6.283877e+05  3.042657325098371857e+01  4.360468730366292789e+01  4.365145518907557687e+01  4.367166621459701048e+01
238 9521 1.303198e+02 6.444423e+05  3.042657325098371857e+01  4.359568130886576398e+01  4.364196301439893944e+01  4.369525003163128929e+01
239 9561 1.208389e+02 6.119784e+05  3.042657325098371857e+01  4.360353810080589199e+01  4.364409734817314757e+01  4.370911947271071085e+01
240 9601 1.059492e+02 5.860652e+05  3.042657325098371857e+01  4.361385245504737895e+01  4.364585826456098516e+01  4.373029062674144996e+01
241 9641 1.161226e+02 5.924869e+05  3.042657325098371857e+01  4.360883435833257948e+01  4.364352488091309112e+01  4.370465206658825252e+01
242 9681 1.301284e+02 6.112572e+05  3.042657325098371857e+01  4.361404823548110699e+01  4.363651959743803843e+01  4.374284834440213388e+01
243 9721 1.233001e+02 5.970207e+05  3.042657325098371857e+01  4.360850797591138672e+01  4.365504892431765427e+01  4.372777485018335142e+01
244 9761 1.409298e+02 6.272247e+05  3.042657325098371857e+01  4.360885910258851084e+01  4.364322072099066219e+01  4.369919674285502964e+01
245 9801 1.662046e+02 6.187729e+05  3.042657325098371857e+01  4.360524248601847574e+01  4.364237342284772581e+01  4.370349534858026175e+01
246 9841 1.612870e+02 6.101863e+05  3.042657325098371857e+01  4.361760588856774490e+01  4.365721855757435321e+01  4.370921466654984755e+01
247 9881 1.390055e+02 6.353262e+05  3.042657325098371857e+01  4.360263821297269260e+01  4.364300714651579938e+01  4.370686981787468994e+01
248 9921 1.260280e+02 6.502774e+05  3.042657325098371857e+01  4.359690096231943812e+01  4.364509016712224820e+01  4.373069810185412365e+01
249 9961 1.214990e+02 7.100071e+05  3.042657325098371857e+01  4.360530534620725973e+01  4.364691968631490226e+01  4.370905322597948839e+01
250 10001 1.194172e+02 7.474482e+05  3.042657325098371857e+01  4.360976040676614218e+01  4.363871266642261304e+01  4.372108179242597714e+01
251 10041 1.082630e+02 7.903873e+05  3.042657325098371857e+01  4.360219074383714144e+01  4.364439369807682567e+01  4.371855708226541282e+01
252 10081 9.558908e+01 8.083478e+05  3.042657325098371857e+01  4.360799932857321437e+01  4.364678126778902367e+01  4.370698894003687940e+01
253 10121 7.804135e+01 8.800391e+05  3.042657325098371857e+01  4.360775793624328145e+01  4.364735633961954875e+01  4.373054211467079710e+01
254 10161 9.387680e+01 9.543443e+05  3.042657325098371857e+01  4.360417052781324543e+01  4.363657965410868655e+01  4.370888186152531318e+01
255 10201 8.175063e+01 9.730961e+05  3.042657325098371857e+01  4.359831120130593263e+01  4.364374415156706277e+01  4.375083850984266576e+01
256 10241 8.275904e+01 1.011782e+06  3.042657325098371857e+01  4.361394896101617746e+01  4.365744237085552015e+01  4.374444693326028499e+01
257 10281 7.635502e+01 9.916346e+05  3.042657325098371857e+01  4.360136889203651123e+01  4.364330186164359304e+01  4.372643140594588829e+01
258 10321 7.639495e+01 9.762937e+05  3.042657325098371857e+01  4.360716928539979165e+01  4.364958397281547775e+01  4.371762333480270257e+01
259 10361 9.041140e+01 1.005880e+06  3.042657325098371857e+01  4.360572947727274595e+01  4.365025857617928295e+01  4.373043193685617780e+01
260 10401 9.320722e+01 1.057222e+06  3.042657325098371857e+01  4.360219674529804479e+01  4.364740429722033355e+01  4.375052105128538926e+01
261 10441 1.005771e+02 1.137517e+06  3.042657325098371857e+01  4.361099886032685902e+01  4.364237714933827306e+01  4.371796486567669149e+01
262 10481 9.592903e+01 1.124640e+06  3.042657325098371857e+01  4.360858396550474225e+01  4.364274209769852320e+01  4.372419406815123466e+01
263 10521 9.168214e+01 1.081882e+06  3.042657325098371857e+01  4.360107121118227269e+01  4.364667084403488673e+01  4.370910243362100545e+01
264 10561 8.725281e+01 1.190100e+06  3.042657325098371857e+01  4.361105028636597325e+01  4.364215741305707752e+01  4.372740856915345375e+01
265 10601 9.398831e+01 1.215489e+06  3.042657325098371857e+01  4.360740172173832008e+01  4.364599871403430598e+01  4.368156917734044953e+01
266 10641 9.630158e+01 1.253053e+06  3.042657325098371857e+01  4.360189993019350396e+01  4.363696793676236041e+01  4.369655673697937459e+01
267 10681 9.508422e+01 1.228997e+06  3.042657325098371857e+01  4.361297845356482838e+01  4.365799485926567058e+01  4.373027103609803135e+01
268 10721 8.402037e+01 1.265047e+06  3.042657325098371857e+01  4.360278506568074874e+01  4.363917967224543304e+01  4.373303013516517979e+01
269 10761 7.881789e+01 1.229320e+06  3.042657325098371857e+01  4.360588630765565910e+01  4.364073731859033245e+01  4.372230268027901445e+01
270 10801 7.810248e+01 1.225553e+06  3.042657325098371857e+01  4.360224166836740523e+01  4.364435249462336230e+01  4.371114854656543969e+01
271 10841 8.642462e+01 1.218543e+06  3.042657325098371857e+01  4.359508408326684048e+01  4.364881071041671134e+01  4.376003317192477482e+01
272 10881 8.542085e+01 1.214150e+06  3.042657325098371857e+01  4.361231538202161317e+01  4.363995107003854912e+01  4.371126282054873968e+01
273 10921 8.745873e+01 1.272488e+06  3.042657325098371857e+01  4.360831253913328709e+01  4.364175757849288573e+01  4.370655986212182853e+01
274 10961 8.482700e+01 1.297056e+06  3.042657325098371857e+01  4.360835985113358504e+01  4.363632007190532391e+01  4.370757033764615329e+01
275 11001 7.448921e+01 1.294100e+06  3.042657325098371857e+01  4.359760386734588877e+01  4.363996083083296895e+01  4.370541430056800891e+01
276 11041 7.173108e+01 1.285689e+06  3.042657325098371857e+01  4.361397096967787235e+01  4.365057343380112798e+01  4.369569929428404009e+01
277 11081 6.050248e+01 1.280711e+06  3.042657325098371857e+01  4.360862624576325430e+01  4.363793863886830593e+01  4.369430319366593096e+01
278 11121 5.821364e+01 1.266040e+06  3.042657325098371857e+01  4.360918742213294053e+01  4.363778385102115465e+01  4.370579387107672176e+01
279 11161 6.057137e+01 1.222396e+06  3.042657325098371857e+01  4.360803714316489277e+01  4.364440722073337042e+01  4.371888690443093139e+01
280 11201 6.013458e+01 1.234626e+06  3.042657325098371857e+01  4.360172231441387680e+01  4.364199965636798595e+01  4.370753007610069574e+01
281 11241 6.206599e+01 1.263260e+06  3.042657325098371857e+01  4.361363129213503242e+01  4.364285925047408909e+01  4.373204736432296613e+01
282 11281 6.502526e+01 1.418188e+06  3.042657325098371857e+01  4.361224613309162379e+01  4.364025775693210818e+01  4.368983637845042267e+01
283 11321 6.769905e+01 1.528618e+06  3.042657325098371857e+01  4.360902073134077028e+01  4.364414401133818444e+01  4.370661924804680609e+01
284 11361 6.117575e+01 1.503596e+06  3.042657325098371857e+01  4.361098525227426848e+01  4.364048221151139728e+01  4.370940594344887131e+01
285 11401 6.161587e+01 1.487350e+06  3.042657325098371857e+01  4.360259371709940979e+01  4.364490507536109476e+01  4.373241952934728971e+01
286 11441 6.806397e+01 1.385693e+06  3.042657325098371857e+01  4.361023594682477977e+01  4.365036997576589783e+01  4.371531691131109909e+01
287 11481 6.387482e+01 1.369299e+06  3.042657325098371857e+01  4.360681895500616179e+01  4.365311423225863052e+01  4.368920348721793800e+01
288 11521 5.871013e+01 1.366255e+06  3.042657325098371857e+01  4.360110854869326857e+01  4.363986153602952811e+01  4.368936248808248735e+01
289 11561 5.191953e+01 1.288814e+06  3.042657325098371857e+01  4.361529145053299317e+01  4.364404890949658267e+01  4.374022140778712497e+01
290 11601 5.181597e+01 1.315364e+06  3.042657325098371857e+01  4.360581594877034917e+01  4.363136947840811075e+01  4.371466460067395587e+01
291 11641 5.496173e+01 1.278500e+06  3.042657325098371857e+01  4.361319372861182586e+01  4.364488607521067820e+01  4.372169144287585141e+01
292 11681 6.603202e+01 1.270588e+06  3.042657325098371857e+01  4.360857266113547581e+01  4.363907749101326061e+01  4.370591198128673227e+01
293 11721 6.379854e+01 1.265543e+06  3.042657325098371857e+01  4.361367931019056243e+01  4.364251043647802675e+01  4.370776983682360850e+01
294 11761 6.634168e+01 1.203999e+06  3.042657325098371857e+01  4.361266278170619159e+01  4.364850138480350950e+01  4.372268145302130193e+01
295 11801 6.498595e+01 1.193523e+06  3.042657325098371857e+01  4.360410289185578137e+01  4.363827879576458457e+01  4.369564823734295800e+01
296 11841 6.445300e+01 1.218967e+06  3.042657325098371857e+01  4.360909158005824793e+01  4.364208981635445639e+01  4.372042361118426612e+01
297 11881 6.128311e+01 1.242300e+06  3.042657325098371857e+01  4.361179501035764616e+01  4.364597805500700645e+01  4.373896104961541198e+01
298 11921 5.748878e+01 1.212402e+06  3.042657325098371857e+01  4.360593808713153408e+01  4.364826089922719632e+01  4.370864645019341310e+01
299 11961 6.339057e+01 1.241552e+06  3.042657325098371857e+01  4.360915859399462136e+01  4.363471976403533859e+01  4.368534241095073156e+01
300 12001 6.343918e+01 1.284949e+06  3.042657325098371857e+01  4.360038581606283969e+01  4.363389771063043554e+01  4.369488148009238415e+01
301 12041 6.769857e+01 1.341862e+06  3.042657325098371857e+01  4.360895518269694549e+01  4.363153791980997198e+01  4.370138892389014984e+01
302 12081 6.444858e+01 1.370229e+06  3.042657325098371857e+01  4.361192617350049261e+01  4.364277764128597425e+01  4.372520770592537076e+01
303 12121 6.676873e+01 1.406827e+06  3.042657325098371857e+01  4.359567338417461713e+01  4.364540861185558640e+01  4.373420861146308880e+01
304 12161 6.486384e+01 1.537313e+06  3.042657325098371857e+01  4.360577908884657461e+01  4.364104976530986590e+01  4.369886791913881297e+01
305 12201 5.897475e+01 1.681744e+06  3.042657325098371857e+01  4.360364071714747070e+01  4.364350418400610465e+01  4.371403757443676596e+01
306 12241 5.081830e+01 1.756708e+06  3.042657325098371857e+01  4.360450598396879229e+01  4.364262673650282665e+01  4.373324008971255239e+01
307 12281 5.837214e+01 1.786463e+06  3.042657325098371857e+01  4.361045202642192464e+01  4.363552247186615318e+01  4.370497571084597865e+01
308 12321 6.240339e+01 1.914044e+06  3.042657325098371857e+01  4.360853901278350975e+01  4.363910246399170489e+01  4.371849626578591597e+01
309 12361 6.237338e+01 2.004608e+06  3.042657325098371857e+01  4.360287481118547248e+01  4.363590869194818822e+01  4.372100157852821667e+01
310 12401 6.140052e+01 2.071996e+06  3.042657325098371857e+01  4.361086680928120529e+01  4.364655547485555331e+01  4.371600787288979006e+01
311 12441 5.455637e+01 1.952260e+06  3.042657325098371857e+01  4.361242996235561975e+01  4.363877233727384919e+01  4.368945898492690816e+01
312 12481 5.020425e+01 1.919969e+06  3.042657325098371857e+01  4.360772177317394238e+01  4.364681686440154351e+01  4.371639030168309148e+01
313 12521 4.149121e+01 1.982020e+06  3.042657325098371857e+01  4.359458749190832805e+01  4.364473789263483638e+01  4.373148932815793444e+01
314 12561 3.980662e+01 2.048629e+06  3.042657325098371857e+01  4.360655218290084889e+01  4.364044643698184700e+01  4.371831650427578353e+01
315 12601 3.289359e+01 2.080345e+06  3.042657325098371857e+01  4.360261615812578384e+01  4.364622208959477234e+01  4.370167222536376528e+01
316 12641 3.332652e+01 2.000776e+06  3.042657325098371857e+01  4.359724442282162471e+01  4.363947135913034714e+01  4.370331928092100782e+01
317 12681 3.290412e+01 1.945934e+06  3.042657325098371857e+01  4.361166722431256204e+01  4.364176657837416684e+01  4.371382594762456364e+01
318 12721 3.300119e+01 2.086762e+06  3.042657325098371857e+01  4.362254120860500706e+01  4.364824585101296606e+01  4.371744060975196788e+01
319 12761 3.439862e+01 2.007909e+06  3.042657325098371857e+01  4.359921039219447181e+01  4.363863683423393525e+01  4.370005820222833393e+01
320 12801 3.148029e+01 2.057001e+06  3.042657325098371857e+01  4.361333184125108886e+01  4.365567976911061976e+01  4.372012557680125155e+01
321 12841 3.700186e+01 2.092082e+06  3.042657325098371857e+01  4.360783438444681792e+01  4.364760215141313893e+01  4.372757119497109102e+01
322 12881 3.672253e+01 2.057614e+06  3.042657325098371857e+01  4.360603272240745554e+01  4.364494390212025365e+01  4.372799454522243678e+01
323 12921 3.641398e+01 2.524551e+06  3.042657325098371857e+01  4.360293286176122507e+01  4.364345865011352288e+01  4.371343662479072378e+01
324 12961 3.788557e+01 2.747104e+06  3.042657325098371857e+01  4.360957850048448847e+01  4.364140548070529491e+01  4.371647912820171911e+01
325 13001 3.628010e+01 2.595825e+06  3.042657325098371857e+01  4.360943543842285663e+01  4.363571126587261517e+01  4.370944942922017873e+01
326 13041 3.973644e+01 2.735784e+06  3.042657325098371857e+01  4.360896409519745021e+01  4.364635564486080455e+01  4.370332778466735846e+01
327 13081 4.184416e+01 2.905441e+06  3.042657325098371857e+01  4.359324477504245721e+01  4.363397468074800400e+01  4.373208187406400071e+01
328 13121 4.840284e+01 2.895415e+06  3.042657325098371857e+01  4.360997774417947426e+01  4.364119803369217010e+01  4.370869950563037776e+01
329 13161 5.413581e+01 3.006192e+06  3.042657325098371857e+01  4.360625095565465870e+01  4.364293300060955261e+01  4.370964211713339154e+01
330 13201 5.202761e+01 2.853404e+06  3.042657325098371857e+01  4.361086369302175569e+01  4.363247993478278630e+01  4.368211184624993138e+01
331 13241 4.632433e+01 2.741706e+06  3.042657325098371857e+01  4.361756869747979692e+01  4.364364594318348622e+01  4.373155925711368042e+01
332 13281 5.033086e+01 2.996932e+06  3.042657325098371857e+01  4.361165848757335084e+01  4.364430173827176418e+01  4.373392976679861022e+01
333 13321 4.774653e+01 2.997514e+06  3.042657325098371857e+01  4.360822485044016616e+01  4.364921491955204402e+01  4.371050778297450989e+01
334 13361 4.821515e+01 2.815812e+06  3.042657325098371857e+01  4.360947356303772438e+01  4.364321070443425299e+01  4.373540585935127467e+01
335 13401 5.207457e+01 2.953102e+06  3.042657325098371857e+01  4.360596558316205318e+01  4.363857939824591625e+01  4.371628570709069805e+01
336 13441 5.955241e+01 2.987572e+06  3.042657325098371857e+01  4.360315491737312499e+01  4.365237472272967523e+01  4.372123913267256512e+01
337 13481 5.317499e+01 2.894603e+06  3.042657325098371857e+01  4.360986967456233288e+01  4.364113020373288521e+01  4.370218425551492913e+01
338 13521 4.620961e+01 2.900146e+06  3.042657325098371857e+01  4.360572294072502331e+01  4.363915784377420692e+01  4.371742842588604105e+01
339 13561 4.269731e+01 2.754814e+06  3.042657325098371857e+01  4.360401468127221136e+01  4.364803144825089021e+01  4.372421124555393845e+01
340 13601 4.066765e+01 2.692569e+06  3.042657325098371857e+01  4.360455490780251608e+01  4.363982013709625818e+01  4.373689965721180783e+01
341 13641 3.972783e+01 2.535028e+06  3.042657325098371857e+01  4.361401743595898495e+01  4.363784516512912148e+01  4.372744481836646457e+01
342 13681 3.590976e+01 2.492680e+06  3.042657325098371857e+01  4.361178673884470669e+01  4.364103342203810598e+01  4.371270799424858922e+01
343 13721 3.944262e+01 2.611580e+06  3.042657325098371857e+01  4.360397625785245168e+01  4.364597588055220712e+01  4.369620073358068169e+01
344 13761 4.099375e+01 2.655303e+06  3.042657325098371857e+01  4.360447811113363770e+01  4.364425843053133747e+01  4.371774991750036321e+01
345 13801 4.282389e+01 2.609337e+06  3.042657325098371857e+01  4.361428730124013242e+01  4.363500022949095580e+01  4.372459816593314486e+01
346 13841 4.798320e+01 2.766356e+06  3.042657325098371857e+01  4.361825816349355023e+01  4.364226749053834453e+01  4.373161934292679121e+01
347 13881 4.986139e+01 2.854306e+06  3.042657325098371857e+01  4.361198663410097964e+01  4.364189444420879482e+01  4.371314352537212500e+01
348 13921 4.736590e+01 2.898085e+06  3.042657325098371857e+01  4.360617813793935227e+01  4.364283625181784032e+01  4.375692597427909192e+01
349 13961 4.876400e+01 2.840440e+06  3.042657325098371857e+01  4.360734082091722996e+01  4.363863878990695611e+01  4.368399083334809063e+01
350 14001 5.253607e+01 2.889631e+06  3.042657325098371857e+01  4.360203201979605581e+01  4.363427533719347906e+01  4.369492590857192482e+01
351 14041 4.951592e+01 2.862400e+06  3.042657325098371857e+01  4.360394634785111379e+01  4.364226508954357087e+01  4.371873399064327970e+01
352 14081 4.457713e+01 2.822883e+06  3.042657325098371857e+01  4.360744061304025365e+01  4.364993903743039283e+01  4.371074418366829661e+01
353 14121 4.095767e+01 2.947010e+06  3.042657325098371857e+01  4.361022034794825686e+01  4.364529834057276503e+01  4.373086918882661678e+01
354 14161 4.110665e+01 2.950692e+06  3.042657325098371857e+01  4.360247974369828228e+01  4.364653645535189241e+01  4.371877359805959173e+01
355 14201 3.877132e+01 2.837319e+06  3.042657325098371857e+01  4.360879013289894601e+01  4.363747237218048269e+01  4.372149525686341320e+01
356 14241 4.292936e+01 2.834441e+06  3.042657325098371857e+01  4.361151263443397852e+01  4.364574760546632604e+01  4.376316201148850382e+01
357 14281 4.084115e+01 3.116701e+06  3.042657325098371857e+01  4.360812840257716516e+01  4.363157563684771389e+01  4.371866671441739527e+01
358 14321 4.035224e+01 3.147325e+06  3.042657325098371857e+01  4.360591140808318045e+01  4.363545150601797928e+01  4.372781197366859374e+01
359 14361 3.666659e+01 3.236792e+06  3.042657325098371857e+01  4.361731377371705065e+01  4.364697174248932754e+01  4.371860154964996781e+01
360 14401 3.532914e+01 3.337374e+06  3.042657325098371857e+01  4.360762386781293287e+01  4.364066542589365838e+01  4.373631278332801031e+01
361 14441 4.036275e+01 3.417350e+06  3.042657325098371857e+01  4.362341585666333543e+01  4.364719627362175913e+01  4.372555840262580062e+01
362 14481 4.063073e+01 3.490928e+06  3.042657325098371857e+01  4.360695450768615444e+01  4.363480674212892296e+01  4.370974675246638697e+01
363 14521 4.245721e+01 3.694822e+06  3.042657325098371857e+01  4.360543423134949848e+01  4.363196209147984916e+01  4.370679922530038652e+01
364 14561 4.119345e+01 3.630529e+06  3.042657325098371857e+01  4.360853930922166910e+01  4.363766815953150058e+01  4.374765798879300149e+01
365 14601 4.434894e+01 3.553895e+06  3.042657325098371857e+01  4.361053699496709157e+01  4.363952325199157656e+01  4.369195214718575926e+01
366 14641 4.015019e+01 3.572046e+06  3.042657325098371857e+01  4.360553741624637070e+01  4.363820030786848747e+01  4.369053208602852578e+01
367 14681 3.870202e+01 3.593411e+06  3.042657325098371857e+01  4.361033007944074313e+01  4.364455127057485839e+01  4.374982380636988921e+01
368 14721 4.201132e+01 3.405243e+06  3.042657325098371857e+01  4.361124863076267388e+01  4.363801307923100126e+01  4.370994758193435814e+01
369 14761 3.793577e+01 3.281059e+06  3.042657325098371857e+01  4.361258849029309914e+01  4.364523773495702130e+01  4.374986848157475094e+01
370 14801 3.791378e+01 3.462844e+06  3.042657325098371857e+01  4.360425205924774872e+01  4.363961340567269787e+01  4.373547620471133257e+01
371 14841 4.093807e+01 3.477504e+06  3.042657325098371857e+01  4.360425463852573102e+01  4.364158522868662260e+01  4.371782608331480446e+01
372 14881 4.071864e+01 3.483784e+06  3.042657325098371857e+01  4.360845273408215661e+01  4.363966867616715462e+01  4.373062268614972226e+01
373 14921 4.146513e+01 3.456902e+06  3.042657325098371857e+01  4.359970923511180985e+01  4.365136878465472137e+01  4.372960067659138872e+01
374 14961 4.718698e+01 3.513099e+06  3.042657325098371857e+01  4.361006191604487015e+01  4.363075389768390266e+01  4.372337909049274884e+01
375 15001 4.474777e+01 3.423140e+06  3.042657325098371857e+01  4.360653981842423121e+01  4.363828519982151732e+01  4.371484512407830891e+01
376 15041 4.161053e+01 3.524257e+06  3.042657325098371857e+01  4.361438214385628243e+01  4.364060006694305116e+01  4.373310986018469748e+01
377 15081 4.159154e+01 3.407434e+06  3.042657325098371857e+01  4.360239481795748873e+01  4.364719738312524555e+01  4.371095084836316147e+01
378 15121 4.271606e+01 3.334260e+06  3.042657325098371857e+01  4.360725858570534541e+01  4.363344838793389613e+01  4.372131775041630419e+01
379 15161 4.651588e+01 3.496006e+06  3.042657325098371857e+01  4.361257791194775280e+01  4.363806526441440070e+01  4.369860149824150142e+01
380 15201 4.682321e+01 3.343472e+06  3.042657325098371857e+01  4.360243122702950558e+01  4.363599049186996837e+01  4.368226691244964854e+01
381 15241 4.261002e+01 3.334933e+06  3.042657325098371857e+01  4.360914108466260330e+01  4.364654629249716322e+01  4.373258390245646154e+01
382 15281 4.044082e+01 3.267253e+06  3.042657325098371857e+01  4.361368291058889923e+01  4.363479326705177641e+01  4.369526713140858476e+01
383 15321 3.721996e+01 3.244831e+06  3.042657325098371857e+01  4.360584903070784435e+01  4.363544460695862170e+01  4.372104115551896086e+01
384 15361 4.127296e+01 3.318186e+06  3.042657325098371857e+01  4.360364095542912821e+01  4.364250550590381295e+01  4.371144437769720525e+01
385 15401 4.772359e+01 3.482382e+06  3.042657325098371857e+01  4.360681373302607255e+01  4.364190664019259458e+01  4.370583080706087742e+01
386 15441 6.122673e+01 3.664079e+06  3.042657325098371857e+01  4.359995915128016009e+01  4.363455395996453490e+01  4.373539086333349246e+01
387 15481 6.542132e+01 3.688155e+06  3.042657325098371857e+01  4.360634008897347513e+01  4.364218560362111532e+01  4.371450432717910672e+01
388 15521 6.250841e+01 3.495341e+06  3.042657325098371857e+01  4.360780860984077378e+01  4.364404791719203303e+01  4.372202239530484746e+01
389 15561 6.203439e+01 3.605044e+06  3.042657325098371857e+01  4.360531998046253932e+01  4.364622144075429588e+01  4.370528691564457802e+01
390 15601 6.583003e+01 3.677702e+06  3.042657325098371857e+01  4.360293307033491317e+01  4.363512060274609894e+01  4.370807988684267542e+01
391 15641 6.138959e+01 3.792524e+06  3.042657325098371857e+01  4.360351686481080691e+01  4.364869872545963148e+01  4.370623408785234432e+01
392 15681 6.121408e+01 3.830897e+06  3.042657325098371857e+01  4.359971945150746109e+01  4.363306990224525350e+01  4.372694276297757199e+01
393 15721 7.358157e+01 3.942101e+06  3.042657325098371857e+01  4.360915611069430042e+01  4.364220619270150792e+01  4.370203348596928095e+01
394 15761 8.143639e+01 3.816357e+06  3.042657325098371857e+01  4.360733156448176118e+01  4.364142186910535059e+01  4.371864280833428751e+01
395 15801 7.621468e+01 3.964619e+06  3.042657325098371857e+01  4.360358648596961473e+01  4.364388452032616073e+01  4.373521616365427178e+01
396 15841 9.130004e+01 4.114368e+06  3.042657325098371857e+01  4.360074464950270112e+01  4.364281594969423139e+01  4.371146519638301697e+01
397 15881 7.953550e+01 4.303469e+06  3.042657325098371857e+01  4.360376345491689420e+01  4.365811050510514235e+01  4.372953122067963960e+01
398 15921 7.651576e+01 4.573021e+06  3.042657325098371857e+01  4.360910583579207156e+01  4.363730772397616420e+01  4.369332104627427071e+01
399 15961 7.142519e+01 4.880214e+06  3.042657325098371857e+01  4.359978302526147331e+01  4.363660217982833700e+01  4.373061217103356313e+01
400 16001 7.449251e+01 4.958046e+06  3.042657325098371857e+01  4.360546314003418900e+01  4.364453751469783072e+01  4.371913079418525427e+01
401 16041 7.223115e+01 4.691964e+06  3.042657325098371857e+01  4.359931067925285930e+01  4.364159741663792147e+01  4.372474855649423375e+01
402 16081 7.382085e+01 5.026575e+06  3.042657325098371857e+01  4.361352434615229612e+01  4.364693218050894075e+01  4.372450387168461816e+01
403 16121 7.290849e+01 5.167309e+06  3.042657325098371857e+01  4.361358647776700082e+01  4.365532356045706308e+01  4.369882321438712580e+01
404 16161 6.600939e+01 4.999705e+06  3.042657325098371857e+01  4.360113955331960511e+01  4.362837635710182838e+01  4.372674307588734166e+01
405 16201 6.724468e+01 5.733038e+06  3.042657325098371857e+01  4.360977621069709187e+01  4.363903355881110002e+01  4.372756928944746591e+01
406 16241 6.054616e+01 5.224722e+06  3.042657325098371857e+01  4.360946808715928569e+01  4.364570879651575552e+01  4.368590023290821023e+01
407 16281 5.241570e+01 5.087096e+06  3.042657325098371857e+01  4.359516846358411613e+01  4.363396561556297115e+01  4.369527867289623657e+01
408 16321 4.877093e+01 5.046722e+06  3.042657325098371857e+01  4.360207705335267292e+01  4.364643655693974011e+01  4.369326224343957676e+01
409 16361 4.896892e+01 5.033522e+06  3.042657325098371857e+01  4.361016570602416209e+01  4.364557455641408978e+01  4.370906081318794634e+01
410 16401 5.336520e+01 4.964699e+06  3.042657325098371857e+01  4.360334054965158401e+01  4.364505312988254104e+01  4.370217375958100803e+01
411 16441 5.896675e+01 5.039275e+06  3.042657325098371857e+01  4.360460244125560791e+01  4.363394340704859076e+01  4.370807274827787126e+01
412 16481 5.045766e+01 5.521422e+06  3.042657325098371857e+01  4.360762481810227342e+01  4.364107942661556194e+01  4.372566552576253684e+01
413 16521 4.940687e+01 5.378777e+06  3.042657325098371857e+01  4.361857497518963811e+01  4.364930338329747883e+01  4.370332194489157729e+01
414 16561 5.282266e+01 5.270765e+06  3.042657325098371857e+01  4.359942032302667059e+01  4.363449842685268720e+01  4.369461120063508730e+01
415 16601 5.099743e+01 4.979154e+06  3.042657325098371857e+01  4.361065919561052340e+01  4.363992905388487031e+01  4.372331752326038412e+01
416 16641 4.064996e+01 4.837805e+06  3.042657325098371857e+01  4.361134804486241734e+01  4.364892752924288999e+01  4.371875592385675446e+01
417 16681 4.137816e+01 4.669421e+06  3.042657325098371857e+01  4.361087364130108313e+01  4.364212922564659891e+01  4.371269538949572109e+01
418 16721 4.593461e+01 5.089721e+06  3.042657325098371857e+01  4.360898216387953141e+01  4.364663786282240210e+01  4.372307141721786650e+01
419 16761 5.368592e+01 5.105708e+06  3.042657325098371857e+01  4.360325857171046948e+01  4.365481517074547213e+01  4.371780983148531163e+01
420 16801 5.464528e+01 4.882289e+06  3.042657325098371857e+01  4.360408942165356905e+01  4.364034799299399481e+01  4.370315420136206797e+01
421 16841 5.555989e+01 5.258517e+06  3.042657325098371857e+01  4.360956716006457157e+01  4.364018200736167330e+01  4.370607632806705567e+01
422 16881 5.045385e+01 5.219074e+06  3.042657325098371857e+01  4.360849411856125357e+01  4.363188900644454549e+01  4.377210154199998016e+01
423 16921 4.250704e+01 5.168799e+06  3.042657325098371857e+01  4.360976216255215832e+01  4.364570256265410819e+01  4.371728849443879028e+01
424 16961 4.489412e+01 5.214470e+06  3.042657325098371857e+01  4.361043329190759721e+01  4.364329870045239801e+01  4.368448467151248593e+01
425 17001 4.368082e+01 4.960175e+06  3.042657325098371857e+01  4.360518893150416631e+01  4.364071870723595481e+01  4.371239013025402187e+01
426 17041 4.797815e+01 4.869749e+06  3.042657325098371857e+01  4.360216691994595095e+01  4.364767780716245937e+01  4.371831149811425377e+01
427 17081 4.608029e+01 4.850864e+06  3.042657325098371857e+01  4.360523426420501636e+01  4.364322342549310463e+01  4.369394212995488402e+01
428 17121 4.762278e+01 4.885863e+06  3.042657325098371857e+01  4.361029148601328131e+01  4.365634048474301210e+01  4.372622491812475687e+01
429 17161 5.036284e+01 4.947625e+06  3.042657325098371857e+01  4.360955719978256440e+01  4.364116960806298806e+01  4.371795559074931958e+01
430 17201 5.235750e+01 5.142601e+06  3.042657325098371857e+01  4.361241981158150338e+01  4.364191669140987528e+01  4.372583716170331058e+01
431 17241 5.194244e+01 5.187993e+06  3.042657325098371857e+01  4.360718932830862826e+01  4.363579219864548975e+01  4.371404813491912478e+01
432 17281 4.893821e+01 5.172259e+06  3.042657325098371857e+01  4.360563318333089455e+01  4.364229828650329068e+01  4.374134162707611750e+01
433 17321 5.956350e+01 5.344303e+06  3.042657325098371857e+01  4.361234063468530309e+01  4.364437972542948785e+01  4.371050564035428465e+01
434 17361 6.056506e+01 5.373820e+06  3.042657325098371857e+01  4.360811552661955659e+01  4.364395999665339332e+01  4.372918738929583782e+01
435 17401 5.594831e+01 5.174123e+06  3.042657325098371857e+01  4.360993085062743546e+01  4.363476952786336227e+01  4.370761693504657330e+01
436 17441 6.371529e+01 5.215958e+06  3.042657325098371857e+01  4.360210360690064135e+01  4.363804293181968319e+01  4.372474178809883938e+01
437 17481 6.914132e+01 5.219922e+06  3.042657325098371857e+01  4.360478220872050770e+01  4.364799839041497620e+01  4.372228680747402763e+01
438 17521 6.400123e+01 5.215907e+06  3.042657325098371857e+01  4.360841314301741534e+01  4.364848834146349787e+01  4.370063023105539202e+01
439 17561 6.453648e+01 5.143094e+06  3.042657325098371857e+01  4.360788668723627381e+01  4.363560084476122825e+01  4.373423604572629131e+01
440 17601 8.002792e+01 5.159832e+06  3.042657325098371857e+01  4.360658929964469621e+01  4.363819821874872673e+01  4.372371439433197793e+01
441 17641 8.032798e+01 5.066062e+06  3.042657325098371857e+01  4.360544042509054208e+01  4.364196890162389053e+01  4.372675233230275182e+01
442 17681 8.139522e+01 5.289395e+06  3.042657325098371857e+01  4.360312457829852661e+01  4.363464028852825294e+01  4.372822900461539319e+01
443 17721 8.383881e+01 5.617148e+06  3.042657325098371857e+01  4.360184828254836731e+01  4.364660481111168622e+01  4.371585039149687191e+01
444 17761 7.501422e+01 5.768127e+06  3.042657325098371857e+01  4.361263133533603309e+01  4.364648496518643128e+01  4.371410759558389714e+01
445 17801 7.021176e+01 5.651431e+06  3.042657325098371857e+01  4.360443084306821504e+01  4.364673292211696776e+01  4.371988744910711233e+01
446 17841 6.165919e+01 5.795507e+06  3.042657325098371857e+01  4.359204626351223055e+01  4.365008209740798861e+01  4.369888255100133279e+01
447 17881 5.983974e+01 5.428084e+06  3.042657325098371857e+01  4.359347314253916039e+01  4.363632111530012025e+01  4.369861115802125084e+01
448 17921 6.256668e+01 5.674417e+06  3.042657325098371857e+01  4.360683526797106424e+01  4.363718323213755923e+01  4.373601448290968818e+01
449 17961 5.828430e+01 5.731944e+06  3.042657325098371857e+01  4.360763489277496774e+01  4.363699769380659177e+01  4.375475851981028796e+01
450 18001 6.023103e+01 5.868114e+06  3.042657325098371857e+01  4.360642415444661424e+01  4.364587420578450860e+01  4.371076916701568393e+01
451 18041 5.937179e+01 6.043753e+06  3.042657325098371857e+01  4.360433696795276148e+01  4.363634854558114284e+01  4.374658704466652637e+01
452 18081 5.533063e+01 6.159831e+06  3.042657325098371857e+01  4.360019400539869139e+01  4.363623467808268686e+01  4.370111982170530496e+01
453 18121 4.867965e+01 5.972163e+06  3.042657325098371857e+01  4.360726040476052390e+01  4.363715422007113887e+01  4.370995421693944394e+01
454 18161 4.958294e+01 5.864239e+06  3.042657325098371857e+01  4.360123831625617186e+01  4.364009832420057933e+01  4.370762590225203326e+01
455 18201 5.503162e+01 6.310177e+06  3.042657325098371857e+01  4.360074736708928356e+01  4.364690752894465930e+01  4.375257492548382032e+01
456 18241 5.600088e+01 6.137884e+06  3.042657325098371857e+01  4.361278708698976203e+01  4.363801935868271187e+01  4.370848772852073694e+01
457 18281 5.861528e+01 6.685228e+06  3.042657325098371857e+01  4.361285426002817189e+01  4.365001857847146027e+01  4.377309020926125527e+01
458 18321 5.968514e+01 6.984484e+06  3.042657325098371857e+01  4.360338714505330415e+01  4.363251899300112768e+01  4.368535549274132279e+01
459 18361 6.296755e+01 6.569300e+06  3.042657325098371857e+01  4.360914837750490136e+01  4.363998597255069711e+01  4.374127859136413576e+01
460 18401 6.348552e+01 6.906503e+06  3.042657325098371857e+01  4.361111918203994264e+01  4.365415992902126163e+01  4.374887209436769098e+01
461 18441 5.919074e+01 6.614941e+06  3.042657325098371857e+01  4.360452228350956716e+01  4.364035241774507767e+01  4.369123816736142629e+01
462 18481 6.216929e+01 6.391687e+06  3.042657325098371857e+01  4.360815768449641894e+01  4.363518542405816447e+01  4.368819191563598991e+01
463 18521 5.627993e+01 6.449651e+06  3.042657325098371857e+01  4.361000823422804018e+01  4.364634833453123974e+01  4.371196886236722889e+01
464 18561 5.305255e+01 6.421835e+06  3.042657325098371857e+01  4.360290291397889462e+01  4.363574279192287975e+01  4.369454434370237550e+01
465 18601 5.847306e+01 6.809359e+06  3.042657325098371857e+01  4.360841496389082295e+01  4.364454293338626201e+01  4.370013908523378632e+01
466 18641 5.853770e+01 6.308630e+06  3.042657325098371857e+01  4.359158985821271415e+01  4.363069001129649394e+01  4.369684065127669470e+01
467 18681 4.897440e+01 6.462316e+06  3.042657325098371857e+01  4.360310251812725824e+01  4.364173373215866292e+01  4.371943815912887032e+01
468 18721 5.154299e+01 6.533108e+06  3.042657325098371857e+01  4.360949166543868927e+01  4.364122275828151487e+01  4.373433201856542496e+01
469 18761 4.974091e+01 7.016425e+06  3.042657325098371857e+01  4.360417950553970456e+01  4.363739607485694449e+01  4.370524547564590989e+01
470 18801 5.836746e+01 7.134855e+06  3.042657325098371857e+01  4.361667514477197471e+01  4.363985164745557910e+01  4.373484125546720236e+01
471 18841 6.711134e+01 6.893170e+06  3.042657325098371857e+01  4.360479917700739350e+01  4.364032033344686567e+01  4.370667158846367073e+01
472 18881 6.966400e+01 6.973888e+06  3.042657325098371857e+01  4.360964435308899567e+01  4.364062401446917505e+01  4.372060476026952358e+01
473 18921 7.079564e+01 7.202630e+06  3.042657325098371857e+01  4.360860986087189417e+01  4.363702599848345898e+01  4.370327909596472438e+01
474 18961 7.080482e+01 7.151016e+06  3.042657325098371857e+01  4.360977429747993028e+01  4.363707559077971609e+01  4.376655180875170714e+01
475 19001 7.205223e+01 7.280859e+06  3.042657325098371857e+01  4.360348824441382476e+01  4.363741157407116589e+01  4.370724629587186172e+01
476 19041 6.951420e+01 7.158375e+06  3.042657325098371857e+01  4.359968779836335528e+01  4.364891014394761015e+01  4.372416052026495947e+01
477 19081 6.551330e+01 7.338091e+06  3.042657325098371857e+01  4.360815423098575394e+01  4.364311981462715551e+01  4.370150063861789391e+01
478 19121 5.871362e+01 7.774290e+06  3.042657325098371857e+01  4.360439782298085731e+01  4.364604351449698072e+01  4.368901710529962656e+01
479 19161 5.708128e+01 7.154928e+06  3.042657325098371857e+01  4.360682064426912063e+01  4.364841839668358148e+01  4.372801762040762696e+01
480 19201 5.508669e+01 7.128645e+06  3.042657325098371857e+01  4.361938271318482663e+01  4.364507704807127197e+01  4.372282707257330969e+01
481 19241 5.280888e+01 6.912846e+06  3.042657325098371857e+01  4.360164322239947410e+01  4.363953423385913766e+01  4.368516248728086282e+01
482 19281 5.432085e+01 7.370939e+06  3.042657325098371857e+01  4.360905431982060065e+01  4.363262520826935997e+01  4.369289529201427058e+01
483 19321 5.639701e+01 7.660536e+06  3.042657325098371857e+01  4.361022095718278990e+01  4.363162669310099773e+01  4.369050068040391466e+01
484 19361 5.659513e+01 7.562394e+06  3.042657325098371857e+01  4.360005594442485233e+01  4.363942968494257713e+01  4.369952513430719421e+01
485 19401 5.157347e+01 7.755720e+06  3.042657325098371857e+01  4.360614232174454230e+01  4.364233082677722564e+01  4.367775899493933878e+01
486 19441 4.962843e+01 7.684130e+06  3.042657325098371857e+01  4.361254461903409663e+01  4.364518780339295745e+01  4.371832577259732489e+01
487 19481 5.108167e+01 8.175470e+06  3.042657325098371857e+01  4.360891910107754654e+01  4.364428400937759278e+01  4.374241389780129197e+01
488 19521 5.383879e+01 8.714021e+06  3.042657325098371857e+01  4.360835555774629313e+01  4.363986942069728769e+01  4.371377952746394868e+01
489 19561 5.226558e+01 8.857856e+06  3.042657325098371857e+01  4.360694431437699592e+01  4.363875749027181428e+01  4.371267180771053518e+01
490 19601 5.258508e+01 8.987916e+06  3.042657325098371857e+01  4.360782231824346411e+01  4.364888306209724078e+01  4.372813223906311464e+01
491 19641 5.143229e+01 8.720672e+06  3.042657325098371857e+01  4.360380007005191771e+01  4.363741318915046463e+01  4.368846981752504632e+01
492 19681 4.882424e+01 8.850036e+06  3.042657325098371857e+01  4.360196478698861000e+01  4.364286178370126379e+01  4.373004449492447065e+01
493 19721 4.535379e+01 8.795497e+06  3.042657325098371857e+01  4.360006035504166988e+01  4.363330723632812891e+01  4.373257930496501444e+01
494 19761 4.523498e+01 8.459901e+06  3.042657325098371857e+01  4.360790358237686348e+01  4.363934424444525462e+01  4.372753432905610538e+01
495 19801 4.683128e+01 8.660865e+06  3.042657325098371857e+01  4.361034372725363539e+01  4.364257624929356894e+01  4.369202702365922875e+01
496 19841 4.364329e+01 9.086818e+06  3.042657325098371857e+01  4.361021719443199629e+01  4.363830293773101232e+01  4.369269354038404174e+01
497 19881 4.134265e+01 8.914467e+06  3.042657325098371857e+01  4.360666556659263904e+01  4.364479167561826500e+01  4.370861867517051991e+01
498 19921 4.320752e+01 8.819772e+06  3.042657325098371857e+01  4.360222662617299250e+01  4.363150904994021317e+01  4.375857201255686846e+01
499 19961 3.913805e+01 9.116799e+06  3.042657325098371857e+01  4.360686702154873018e+01  4.364976343158163274e+01  4.370151946668813991e+01
500 20001 4.028855e+01 8.622428e+06  3.042657325098371857e+01  4.360853992055426431e+01  4.364934259053481469e+01  4.372228161712176586e+01
501 20041 4.409528e+01 8.638564e+06  3.042657325098371857e+01  4.360158205608865956e+01  4.364137754442636208e+01  4.372653030981554423e+01
502 20081 4.659450e+01 8.643306e+06  3.042657325098371857e+01  4.360550286730568814e+01  4.363631558252235010e+01  4.373995538513677417e+01
503 20121 4.266282e+01 8.863777e+06  3.042657325098371857e+01  4.360201974943596070e+01  4.363811205804982762e+01  4.369997518665464042e+01
504 20161 4.738942e+01 9.652411e+06  3.042657325098371857e+01  4.360396500221842331e+01  4.364016691860759067e+01  4.372294619122822468e+01
505 20201 5.186157e+01 9.874132e+06  3.042657325098371857e+01  4.360235721706318657e+01  4.364823979433361956e+01  4.374087789021981365e+01
506 20241 5.884324e+01 9.226533e+06  3.042657325098371857e+01  4.360456614967051081e+01  4.364586691035408705e+01  4.371897368008967533e+01
507 20281 5.660733e+01 9.282418e+06  3.042657325098371857e+01  4.360270957551924909e+01  4.363408615621962383e+01  4.369657728665715979e+01
508 20321 5.601634e+01 9.253538e+06  3.042657325098371857e+01  4.361186978908643397e+01  4.365270234327741150e+01  4.371070822303195058e+01
509 20361 6.080825e+01 9.698703e+06  3.042657325098371857e+01  4.360345730968180789e+01  4.365161044833747894e+01  4.370720712236170868e+01
510 20401 6.858185e+01 9.734951e+06  3.042657325098371857e+01  4.360087873858273610e+01  4.364219470402292700e+01  4.371224013505950268e+01
511 20441 5.906908e+01 9.578518e+06  3.042657325098371857e+01  4.359992896463531054e+01  4.365324042455215192e+01  4.371517213140580793e+01
512 20481 5.085966e+01 1.048437e+07  3.042657325098371857e+01  4.360596404135014836e+01  4.363879223776145011e+01  4.373926563976726101e+01
