%  columns="iteration, evaluation, sigma, max axis length, min axis length, all principal axes lengths (sorted square roots of eigenvalues of C)" (startseed=210383, 2015/08/18 18:6:38.84)
1 41 3.308684e+03 9.761940e-01 8.850950e-05 8.850950e-05 9.345427e-05 9.565003e-05 9.689423e-05 1.024383e-04 1.681290e-04 6.104252e-04 2.890829e-03 9.761940e-01 
2 81 3.629844e+03 9.600565e-01 8.765979e-05 8.765979e-05 8.819528e-05 9.055250e-05 9.640796e-05 1.008949e-04 1.657689e-04 6.285972e-04 2.949188e-03 9.600565e-01 
3 121 4.527289e+03 9.595120e-01 8.493464e-05 8.493464e-05 8.587780e-05 8.807484e-05 9.142889e-05 9.911239e-05 1.599369e-04 6.011829e-04 2.956584e-03 9.595120e-01 
4 161 4.787499e+03 1.016068e+00 8.094275e-05 8.094275e-05 8.160369e-05 8.398163e-05 9.257977e-05 1.005657e-04 1.509128e-04 5.868654e-04 2.779115e-03 1.016068e+00 
5 201 4.941441e+03 9.926469e-01 7.585229e-05 7.585229e-05 7.961298e-05 8.075068e-05 8.885898e-05 9.809497e-05 1.574967e-04 5.529923e-04 2.639703e-03 9.926469e-01 
6 241 4.770908e+03 9.733452e-01 7.217584e-05 7.217584e-05 7.616175e-05 7.739674e-05 8.848126e-05 9.694298e-05 1.496556e-04 5.275044e-04 2.481325e-03 9.733452e-01 
7 281 4.279408e+03 9.233506e-01 7.034629e-05 7.034629e-05 7.275373e-05 7.567316e-05 8.586436e-05 9.679656e-05 1.429966e-04 4.969947e-04 2.337414e-03 9.233506e-01 
8 321 4.294993e+03 9.201716e-01 6.879130e-05 6.879130e-05 7.296623e-05 7.419361e-05 8.472639e-05 1.000543e-04 1.370938e-04 4.670474e-04 2.242117e-03 9.201716e-01 
9 361 3.778618e+03 8.829086e-01 6.702432e-05 6.702432e-05 6.888283e-05 7.157369e-05 8.306421e-05 9.583695e-05 1.308019e-04 4.371650e-04 2.123425e-03 8.829086e-01 
10 401 3.874078e+03 9.089325e-01 6.454708e-05 6.454708e-05 6.676682e-05 6.869110e-05 8.190390e-05 9.418794e-05 1.275753e-04 4.265328e-04 2.030219e-03 9.089325e-01 
11 441 3.376736e+03 8.626150e-01 6.170162e-05 6.170162e-05 6.371493e-05 6.767771e-05 8.212255e-05 8.905028e-05 1.211995e-04 4.013636e-04 1.934564e-03 8.626150e-01 
12 481 2.940582e+03 8.339705e-01 5.961790e-05 5.961790e-05 6.118616e-05 6.769451e-05 8.389273e-05 8.543020e-05 1.179986e-04 3.843681e-04 1.841301e-03 8.339705e-01 
13 521 2.997043e+03 8.414281e-01 5.660308e-05 5.660308e-05 6.101152e-05 6.699930e-05 8.017196e-05 8.568707e-05 1.181938e-04 3.719758e-04 1.757907e-03 8.414281e-01 
14 561 3.189079e+03 8.101150e-01 5.743206e-05 5.743206e-05 5.842432e-05 6.635405e-05 7.633408e-05 8.084458e-05 1.188554e-04 3.500674e-04 1.799981e-03 8.101150e-01 
15 601 3.487531e+03 7.960702e-01 5.482077e-05 5.482077e-05 5.880538e-05 6.321794e-05 7.434712e-05 7.902486e-05 1.175947e-04 3.317384e-04 1.767220e-03 7.960702e-01 
16 641 3.426198e+03 7.823892e-01 5.356073e-05 5.356073e-05 5.765485e-05 6.132944e-05 7.172791e-05 7.944599e-05 1.156028e-04 3.210763e-04 1.694664e-03 7.823892e-01 
17 681 2.889094e+03 7.775676e-01 5.151312e-05 5.151312e-05 5.459600e-05 5.792073e-05 6.922815e-05 7.473121e-05 1.128877e-04 3.050529e-04 1.616784e-03 7.775676e-01 
18 721 3.088176e+03 7.749071e-01 5.187075e-05 5.187075e-05 5.413166e-05 5.597727e-05 6.739303e-05 7.221024e-05 1.134441e-04 2.940612e-04 1.582186e-03 7.749071e-01 
19 761 2.842516e+03 7.399894e-01 5.054528e-05 5.054528e-05 5.206365e-05 5.459101e-05 6.544040e-05 7.246728e-05 1.082388e-04 2.791049e-04 1.500517e-03 7.399894e-01 
20 801 2.989448e+03 7.383997e-01 5.013636e-05 5.013636e-05 5.124243e-05 5.537710e-05 6.209087e-05 7.536084e-05 1.075659e-04 2.640636e-04 1.448552e-03 7.383997e-01 
21 841 2.993573e+03 7.027549e-01 4.791310e-05 4.791310e-05 5.140223e-05 5.390111e-05 5.936286e-05 7.693251e-05 1.029380e-04 2.506749e-04 1.403357e-03 7.027549e-01 
22 881 2.559662e+03 6.592627e-01 4.605686e-05 4.605686e-05 5.063008e-05 5.203331e-05 5.954875e-05 7.781229e-05 1.018328e-04 2.382482e-04 1.358867e-03 6.592627e-01 
23 921 2.328299e+03 6.588833e-01 4.524503e-05 4.524503e-05 4.929746e-05 5.024654e-05 5.918139e-05 7.358011e-05 9.751360e-05 2.277982e-04 1.305111e-03 6.588833e-01 
24 961 2.052793e+03 6.595950e-01 4.258117e-05 4.258117e-05 4.717353e-05 5.105692e-05 5.701030e-05 7.564339e-05 9.415930e-05 2.254790e-04 1.243743e-03 6.595950e-01 
25 1001 2.057391e+03 6.277479e-01 3.997515e-05 3.997515e-05 4.684588e-05 5.035220e-05 5.826234e-05 7.249250e-05 9.926856e-05 2.135014e-04 1.228599e-03 6.277479e-01 
26 1041 1.892111e+03 6.329173e-01 3.732152e-05 3.732152e-05 4.424624e-05 5.129145e-05 5.684621e-05 6.846407e-05 9.673357e-05 2.047968e-04 1.197867e-03 6.329173e-01 
27 1081 1.910448e+03 6.119095e-01 3.498782e-05 3.498782e-05 4.359544e-05 5.096602e-05 5.474092e-05 6.934222e-05 9.804739e-05 1.939387e-04 1.189919e-03 6.119095e-01 
28 1121 1.750234e+03 6.023524e-01 3.340036e-05 3.340036e-05 4.415169e-05 5.196818e-05 5.280808e-05 6.724777e-05 9.531381e-05 1.858548e-04 1.133326e-03 6.023524e-01 
29 1161 1.837164e+03 5.923567e-01 3.195686e-05 3.195686e-05 4.328326e-05 5.078786e-05 5.436326e-05 6.598206e-05 9.817779e-05 1.897483e-04 1.108667e-03 5.923567e-01 
30 1201 1.742904e+03 5.853621e-01 3.080836e-05 3.080836e-05 4.192071e-05 4.922436e-05 5.507197e-05 6.711567e-05 9.343210e-05 1.850202e-04 1.092191e-03 5.853621e-01 
31 1241 1.568022e+03 5.603132e-01 2.884641e-05 2.884641e-05 4.225467e-05 4.993956e-05 5.405653e-05 7.158360e-05 8.895972e-05 1.741699e-04 1.075915e-03 5.603132e-01 
32 1281 1.723291e+03 5.816664e-01 2.697725e-05 2.697725e-05 4.200608e-05 4.889835e-05 5.700488e-05 7.127867e-05 8.557080e-05 1.663896e-04 1.034054e-03 5.816664e-01 
33 1321 1.920160e+03 6.042583e-01 2.544294e-05 2.544294e-05 4.137107e-05 4.979037e-05 5.725003e-05 7.211944e-05 8.503737e-05 1.704439e-04 1.049822e-03 6.042583e-01 
34 1361 1.966918e+03 6.237525e-01 2.405871e-05 2.405871e-05 3.954181e-05 4.852787e-05 5.709426e-05 7.554018e-05 8.475158e-05 1.674388e-04 9.911172e-04 6.237525e-01 
35 1401 2.151965e+03 6.551729e-01 2.266667e-05 2.266667e-05 3.977606e-05 4.794629e-05 5.660642e-05 7.271342e-05 8.297526e-05 1.673527e-04 9.815170e-04 6.551729e-01 
36 1441 1.876536e+03 6.517215e-01 2.126237e-05 2.126237e-05 4.079516e-05 4.699711e-05 5.525034e-05 6.798350e-05 7.930648e-05 1.591882e-04 9.719075e-04 6.517215e-01 
37 1481 1.865661e+03 6.361193e-01 2.043726e-05 2.043726e-05 3.937111e-05 4.531795e-05 5.625487e-05 6.710086e-05 7.689074e-05 1.533105e-04 9.860690e-04 6.361193e-01 
38 1521 1.871163e+03 6.049408e-01 1.910385e-05 1.910385e-05 3.821021e-05 4.462188e-05 6.066108e-05 6.800911e-05 7.612600e-05 1.470451e-04 9.803234e-04 6.049408e-01 
39 1561 1.796563e+03 5.798322e-01 1.808274e-05 1.808274e-05 3.703244e-05 4.412235e-05 5.873018e-05 6.427407e-05 7.320897e-05 1.497564e-04 9.591744e-04 5.798322e-01 
40 1601 1.789346e+03 5.713413e-01 1.710952e-05 1.710952e-05 3.607160e-05 4.681072e-05 5.722952e-05 6.293348e-05 7.381072e-05 1.466590e-04 9.324067e-04 5.713413e-01 
41 1641 1.856702e+03 5.710833e-01 1.610616e-05 1.610616e-05 3.627091e-05 4.630850e-05 5.842697e-05 6.104498e-05 7.785813e-05 1.384784e-04 8.939039e-04 5.710833e-01 
42 1681 1.698856e+03 5.451241e-01 1.493928e-05 1.493928e-05 3.634497e-05 4.566768e-05 5.585005e-05 5.760465e-05 7.870215e-05 1.346194e-04 8.935245e-04 5.451241e-01 
43 1721 1.841877e+03 5.537730e-01 1.411122e-05 1.411122e-05 3.574994e-05 4.547465e-05 5.319285e-05 5.716947e-05 8.051115e-05 1.318654e-04 9.557861e-04 5.537730e-01 
44 1761 1.672992e+03 5.346421e-01 1.320416e-05 1.320416e-05 3.594120e-05 4.294133e-05 5.126281e-05 5.556931e-05 7.695506e-05 1.273016e-04 9.595926e-04 5.346421e-01 
45 1801 1.565330e+03 5.189804e-01 1.267396e-05 1.267396e-05 3.527952e-05 4.142050e-05 4.917000e-05 5.455128e-05 7.432465e-05 1.249436e-04 9.644517e-04 5.189804e-01 
46 1841 1.604674e+03 5.627074e-01 1.201444e-05 1.201444e-05 3.341015e-05 4.034359e-05 4.576983e-05 5.462263e-05 7.572533e-05 1.230269e-04 9.801595e-04 5.627074e-01 
47 1881 1.446244e+03 5.802028e-01 1.184771e-05 1.184771e-05 3.372993e-05 3.906652e-05 4.458359e-05 5.284297e-05 7.210314e-05 1.183449e-04 9.718060e-04 5.802028e-01 
48 1921 1.463765e+03 5.768181e-01 1.107643e-05 1.107643e-05 3.301013e-05 3.921840e-05 4.432460e-05 5.114311e-05 7.133897e-05 1.135363e-04 9.330255e-04 5.768181e-01 
49 1961 1.341547e+03 5.760155e-01 1.049852e-05 1.049852e-05 3.271911e-05 3.806402e-05 4.367024e-05 4.835528e-05 6.843224e-05 1.135388e-04 9.030993e-04 5.760155e-01 
50 2001 1.345249e+03 5.649455e-01 9.810129e-06 9.810129e-06 3.109196e-05 3.710291e-05 4.234890e-05 4.661341e-05 6.807503e-05 1.170723e-04 8.906498e-04 5.649455e-01 
51 2041 1.414877e+03 5.309362e-01 9.219139e-06 9.219139e-06 3.071718e-05 3.683580e-05 4.487530e-05 4.559635e-05 6.825297e-05 1.131490e-04 8.521968e-04 5.309362e-01 
52 2081 1.350378e+03 5.106741e-01 8.602628e-06 8.602628e-06 2.987160e-05 3.513504e-05 4.344315e-05 4.671491e-05 6.899986e-05 1.095169e-04 8.116229e-04 5.106741e-01 
53 2121 1.300231e+03 4.942084e-01 8.136888e-06 8.136888e-06 2.920221e-05 3.496077e-05 4.238025e-05 4.550749e-05 6.723089e-05 1.062861e-04 7.748650e-04 4.942084e-01 
54 2161 1.114208e+03 4.928049e-01 7.628942e-06 7.628942e-06 2.773786e-05 3.504698e-05 4.165772e-05 4.404865e-05 6.822966e-05 1.048706e-04 7.459274e-04 4.928049e-01 
55 2201 1.116175e+03 4.752288e-01 7.196788e-06 7.196788e-06 2.691942e-05 3.347630e-05 4.053048e-05 4.580088e-05 6.720230e-05 1.026411e-04 7.446787e-04 4.752288e-01 
56 2241 1.063669e+03 4.918634e-01 6.871876e-06 6.871876e-06 2.784976e-05 3.202826e-05 3.879669e-05 4.581067e-05 6.409761e-05 1.008431e-04 7.055432e-04 4.918634e-01 
57 2281 1.039727e+03 5.011378e-01 6.539851e-06 6.539851e-06 2.748873e-05 3.122153e-05 3.741693e-05 4.585508e-05 6.160328e-05 1.006178e-04 7.016924e-04 5.011378e-01 
58 2321 9.848051e+02 4.764495e-01 6.133622e-06 6.133622e-06 2.641876e-05 3.011206e-05 3.615340e-05 4.572354e-05 6.188246e-05 9.947528e-05 6.827504e-04 4.764495e-01 
59 2361 1.000714e+03 4.563594e-01 5.741543e-06 5.741543e-06 2.519026e-05 2.982469e-05 3.546834e-05 4.553935e-05 6.066763e-05 9.610145e-05 7.120916e-04 4.563594e-01 
60 2401 1.005098e+03 4.380992e-01 5.409357e-06 5.409357e-06 2.511799e-05 2.882817e-05 3.435335e-05 4.431013e-05 6.020195e-05 9.343807e-05 7.459090e-04 4.380992e-01 
61 2441 8.806929e+02 4.400013e-01 5.108808e-06 5.108808e-06 2.440380e-05 2.749165e-05 3.518991e-05 4.265399e-05 5.774598e-05 9.018348e-05 7.510475e-04 4.400013e-01 
62 2481 9.489691e+02 4.282475e-01 4.844941e-06 4.844941e-06 2.535184e-05 2.636714e-05 3.507996e-05 4.531535e-05 5.596328e-05 9.379154e-05 7.565856e-04 4.282475e-01 
63 2521 8.863693e+02 4.040914e-01 4.643410e-06 4.643410e-06 2.505850e-05 2.606645e-05 3.334913e-05 4.498171e-05 5.401622e-05 8.879006e-05 7.301007e-04 4.040914e-01 
64 2561 8.113008e+02 3.931290e-01 4.364831e-06 4.364831e-06 2.407904e-05 2.472032e-05 3.229745e-05 4.352674e-05 5.620798e-05 8.576385e-05 7.498388e-04 3.931290e-01 
65 2601 6.895591e+02 3.817464e-01 4.152404e-06 4.152404e-06 2.313178e-05 2.380633e-05 3.315563e-05 4.192290e-05 5.438228e-05 8.553708e-05 7.330188e-04 3.817464e-01 
66 2641 6.926432e+02 3.746719e-01 3.976846e-06 3.976846e-06 2.203495e-05 2.423121e-05 3.268729e-05 4.288084e-05 5.509737e-05 8.499046e-05 7.894428e-04 3.746719e-01 
67 2681 7.587522e+02 3.681519e-01 3.731425e-06 3.731425e-06 2.253099e-05 2.578109e-05 3.179762e-05 4.059692e-05 5.973945e-05 8.230480e-05 8.224073e-04 3.681519e-01 
68 2721 8.109441e+02 3.757833e-01 3.474916e-06 3.474916e-06 2.179812e-05 2.537461e-05 3.057691e-05 3.949695e-05 6.052551e-05 8.067355e-05 8.068072e-04 3.757833e-01 
69 2761 7.486909e+02 3.736990e-01 3.309641e-06 3.309641e-06 2.076328e-05 2.438480e-05 3.033690e-05 3.971432e-05 5.765026e-05 8.212960e-05 7.798008e-04 3.736990e-01 
70 2801 7.439531e+02 4.118229e-01 3.122462e-06 3.122462e-06 2.002811e-05 2.362473e-05 2.974591e-05 3.809850e-05 5.409440e-05 8.170058e-05 7.711926e-04 4.118229e-01 
71 2841 7.392877e+02 4.081513e-01 2.953372e-06 2.953372e-06 1.902909e-05 2.290998e-05 3.069321e-05 3.884708e-05 5.204264e-05 8.122783e-05 7.752878e-04 4.081513e-01 
72 2881 6.878334e+02 4.182137e-01 2.831249e-06 2.831249e-06 1.815681e-05 2.287649e-05 3.096586e-05 3.977854e-05 4.914965e-05 8.114420e-05 7.720468e-04 4.182137e-01 
73 2921 6.988394e+02 4.184882e-01 2.637290e-06 2.637290e-06 1.776556e-05 2.389318e-05 3.068947e-05 3.953484e-05 4.699042e-05 7.772433e-05 7.607936e-04 4.184882e-01 
74 2961 8.054800e+02 3.994208e-01 2.472509e-06 2.472509e-06 1.676053e-05 2.339702e-05 2.907188e-05 4.291348e-05 4.886908e-05 8.155503e-05 7.328281e-04 3.994208e-01 
75 3001 7.586847e+02 3.793257e-01 2.331453e-06 2.331453e-06 1.586268e-05 2.299714e-05 2.840926e-05 4.029738e-05 4.706034e-05 7.888211e-05 7.331799e-04 3.793257e-01 
76 3041 7.304129e+02 3.613811e-01 2.227813e-06 2.227813e-06 1.519309e-05 2.268338e-05 2.813746e-05 4.000450e-05 4.847932e-05 7.531436e-05 7.036150e-04 3.613811e-01 
77 3081 7.011002e+02 3.570883e-01 2.135039e-06 2.135039e-06 1.436808e-05 2.314040e-05 2.858810e-05 3.838500e-05 4.716853e-05 7.204640e-05 6.989204e-04 3.570883e-01 
78 3121 6.941952e+02 3.430210e-01 2.041405e-06 2.041405e-06 1.342952e-05 2.411388e-05 2.862299e-05 3.590359e-05 4.605285e-05 7.640401e-05 6.696422e-04 3.430210e-01 
79 3161 6.012148e+02 3.290364e-01 1.917771e-06 1.917771e-06 1.270422e-05 2.430084e-05 2.802234e-05 3.486494e-05 4.448226e-05 7.312840e-05 6.729670e-04 3.290364e-01 
80 3201 5.680408e+02 3.316570e-01 1.795751e-06 1.795751e-06 1.204153e-05 2.327913e-05 2.957691e-05 3.318590e-05 4.246876e-05 7.319628e-05 6.790898e-04 3.316570e-01 
81 3241 5.154084e+02 3.236639e-01 1.689693e-06 1.689693e-06 1.145423e-05 2.348877e-05 2.992416e-05 3.158818e-05 4.083161e-05 7.211702e-05 6.644803e-04 3.236639e-01 
82 3281 4.451749e+02 3.153368e-01 1.606967e-06 1.606967e-06 1.080107e-05 2.299561e-05 2.877315e-05 3.138989e-05 4.059576e-05 7.535752e-05 6.441751e-04 3.153368e-01 
83 3321 4.029382e+02 3.265507e-01 1.540034e-06 1.540034e-06 1.055777e-05 2.360715e-05 2.745415e-05 3.015278e-05 3.855739e-05 7.324736e-05 6.525516e-04 3.265507e-01 
84 3361 4.231734e+02 3.341534e-01 1.466262e-06 1.466262e-06 9.964367e-06 2.281908e-05 2.688964e-05 2.956910e-05 3.744666e-05 6.982470e-05 6.651783e-04 3.341534e-01 
85 3401 4.573036e+02 3.637827e-01 1.416304e-06 1.416304e-06 9.406282e-06 2.220851e-05 2.733490e-05 3.009773e-05 3.700215e-05 6.938728e-05 6.681492e-04 3.637827e-01 
86 3441 4.279184e+02 3.655655e-01 1.326387e-06 1.326387e-06 8.828641e-06 2.156692e-05 2.640233e-05 2.964520e-05 3.768695e-05 7.238869e-05 6.639888e-04 3.655655e-01 
87 3481 4.057448e+02 3.595939e-01 1.291733e-06 1.291733e-06 8.191645e-06 2.129332e-05 2.622305e-05 3.112379e-05 3.612909e-05 6.954201e-05 6.619549e-04 3.595939e-01 
88 3521 3.698299e+02 3.576881e-01 1.272821e-06 1.272821e-06 7.741923e-06 2.075501e-05 2.557167e-05 3.197315e-05 3.475558e-05 6.771414e-05 6.211220e-04 3.576881e-01 
89 3561 3.466070e+02 3.518615e-01 1.223947e-06 1.223947e-06 7.222062e-06 2.007332e-05 2.566211e-05 3.219355e-05 3.425269e-05 6.881956e-05 5.957453e-04 3.518615e-01 
90 3601 3.835666e+02 3.515655e-01 1.183082e-06 1.183082e-06 6.905695e-06 1.955409e-05 2.463816e-05 3.271035e-05 3.395053e-05 7.001763e-05 6.190413e-04 3.515655e-01 
91 3641 3.768328e+02 3.406274e-01 1.156249e-06 1.156249e-06 6.441468e-06 1.901277e-05 2.463223e-05 3.290970e-05 3.382863e-05 6.808964e-05 6.071797e-04 3.406274e-01 
92 3681 3.706201e+02 3.405224e-01 1.109241e-06 1.109241e-06 6.213126e-06 1.914103e-05 2.496515e-05 3.213217e-05 3.347669e-05 6.670806e-05 5.798219e-04 3.405224e-01 
93 3721 3.714901e+02 3.320188e-01 1.089853e-06 1.089853e-06 5.948198e-06 1.863850e-05 2.526036e-05 3.120862e-05 3.195210e-05 6.619783e-05 5.780029e-04 3.320188e-01 
94 3761 3.761704e+02 3.289550e-01 1.091923e-06 1.091923e-06 5.621935e-06 1.824231e-05 2.584548e-05 3.077962e-05 3.309177e-05 6.750257e-05 5.652453e-04 3.289550e-01 
95 3801 3.188722e+02 3.142153e-01 1.048919e-06 1.048919e-06 5.326062e-06 1.782097e-05 2.557140e-05 3.076268e-05 3.443969e-05 6.548343e-05 5.461126e-04 3.142153e-01 
96 3841 2.694244e+02 3.195305e-01 1.018747e-06 1.018747e-06 5.144112e-06 1.700035e-05 2.479851e-05 2.920545e-05 3.341424e-05 6.452724e-05 5.242987e-04 3.195305e-01 
97 3881 2.341928e+02 3.299260e-01 9.872273e-07 9.872273e-07 4.905575e-06 1.653759e-05 2.469015e-05 2.868473e-05 3.195404e-05 6.387319e-05 5.157355e-04 3.299260e-01 
98 3921 2.044452e+02 3.320674e-01 9.726110e-07 9.726110e-07 4.871495e-06 1.595687e-05 2.419619e-05 2.758116e-05 3.079691e-05 6.154289e-05 4.896985e-04 3.320674e-01 
99 3961 1.909279e+02 3.363553e-01 9.508961e-07 9.508961e-07 4.703400e-06 1.541760e-05 2.381183e-05 2.768233e-05 3.075099e-05 6.175739e-05 4.686964e-04 3.363553e-01 
100 4001 1.934289e+02 3.337296e-01 9.545314e-07 9.545314e-07 4.769992e-06 1.545427e-05 2.356876e-05 2.786653e-05 3.032156e-05 6.229430e-05 4.580757e-04 3.337296e-01 
101 4041 1.999886e+02 3.318441e-01 9.838316e-07 9.838316e-07 4.614711e-06 1.594106e-05 2.281178e-05 2.863620e-05 3.045397e-05 6.080483e-05 4.734911e-04 3.318441e-01 
102 4081 1.940545e+02 3.437142e-01 9.370374e-07 9.370374e-07 4.575005e-06 1.535462e-05 2.195592e-05 2.698099e-05 3.094255e-05 6.265696e-05 4.755972e-04 3.437142e-01 
103 4121 2.040658e+02 3.431027e-01 9.218362e-07 9.218362e-07 4.504816e-06 1.474180e-05 2.158801e-05 2.698172e-05 3.127730e-05 6.461330e-05 4.827967e-04 3.431027e-01 
104 4161 2.336047e+02 3.574731e-01 9.475522e-07 9.475522e-07 4.313154e-06 1.450239e-05 2.211893e-05 2.654392e-05 2.949206e-05 6.446334e-05 4.995225e-04 3.574731e-01 
105 4201 2.173397e+02 3.451517e-01 9.028637e-07 9.028637e-07 4.159009e-06 1.371674e-05 2.165520e-05 2.579677e-05 2.775676e-05 6.369472e-05 4.877222e-04 3.451517e-01 
106 4241 1.972010e+02 3.372818e-01 8.688849e-07 8.688849e-07 4.051438e-06 1.345209e-05 2.204320e-05 2.575532e-05 2.747942e-05 6.444272e-05 4.630847e-04 3.372818e-01 
107 4281 1.986561e+02 3.374264e-01 8.558541e-07 8.558541e-07 4.063109e-06 1.279196e-05 2.159077e-05 2.442366e-05 2.665906e-05 6.328087e-05 4.542331e-04 3.374264e-01 
108 4321 1.994626e+02 3.259668e-01 8.485976e-07 8.485976e-07 3.967958e-06 1.283601e-05 2.039241e-05 2.388241e-05 2.641216e-05 6.343754e-05 4.334938e-04 3.259668e-01 
109 4361 2.089854e+02 3.189577e-01 8.678696e-07 8.678696e-07 4.047810e-06 1.266148e-05 1.970661e-05 2.296511e-05 2.555840e-05 6.351990e-05 4.180803e-04 3.189577e-01 
110 4401 2.292235e+02 3.181860e-01 8.473667e-07 8.473667e-07 4.009696e-06 1.215772e-05 1.970721e-05 2.398920e-05 2.584674e-05 6.579621e-05 4.143228e-04 3.181860e-01 
111 4441 2.323880e+02 3.235776e-01 8.304071e-07 8.304071e-07 3.849857e-06 1.197899e-05 1.901700e-05 2.295913e-05 2.642837e-05 6.476872e-05 4.106688e-04 3.235776e-01 
112 4481 2.332874e+02 3.122049e-01 8.194232e-07 8.194232e-07 3.828275e-06 1.172647e-05 1.835122e-05 2.315718e-05 2.685639e-05 6.624261e-05 4.001282e-04 3.122049e-01 
113 4521 2.469190e+02 3.281533e-01 8.210555e-07 8.210555e-07 3.814337e-06 1.166755e-05 1.775861e-05 2.320650e-05 2.756817e-05 6.525623e-05 4.033491e-04 3.281533e-01 
114 4561 2.793117e+02 3.276828e-01 8.127943e-07 8.127943e-07 3.658145e-06 1.163613e-05 1.727478e-05 2.396308e-05 2.818846e-05 6.494158e-05 4.020849e-04 3.276828e-01 
115 4601 2.544345e+02 3.451213e-01 7.714458e-07 7.714458e-07 3.557110e-06 1.165366e-05 1.738463e-05 2.412990e-05 2.739952e-05 6.249798e-05 3.957213e-04 3.451213e-01 
116 4641 2.301595e+02 3.300741e-01 7.530560e-07 7.530560e-07 3.377593e-06 1.117996e-05 1.748432e-05 2.404439e-05 2.765691e-05 5.929237e-05 3.897653e-04 3.300741e-01 
117 4681 2.077029e+02 3.218781e-01 7.349191e-07 7.349191e-07 3.187137e-06 1.113592e-05 1.700857e-05 2.375508e-05 2.777722e-05 5.766224e-05 3.769179e-04 3.218781e-01 
118 4721 2.033335e+02 3.329084e-01 7.204464e-07 7.204464e-07 3.183862e-06 1.107135e-05 1.640321e-05 2.415805e-05 2.878448e-05 5.505043e-05 3.781391e-04 3.329084e-01 
119 4761 1.807754e+02 3.250180e-01 6.957308e-07 6.957308e-07 3.134294e-06 1.119963e-05 1.594232e-05 2.329343e-05 2.912053e-05 5.655329e-05 3.710454e-04 3.250180e-01 
120 4801 1.791387e+02 3.230014e-01 6.699142e-07 6.699142e-07 3.043981e-06 1.103476e-05 1.596032e-05 2.361344e-05 2.886957e-05 5.719549e-05 3.753677e-04 3.230014e-01 
121 4841 1.699720e+02 3.283596e-01 6.496721e-07 6.496721e-07 2.994133e-06 1.056478e-05 1.572396e-05 2.317945e-05 2.895479e-05 5.564864e-05 3.850744e-04 3.283596e-01 
122 4881 1.899437e+02 3.201713e-01 6.192211e-07 6.192211e-07 3.087348e-06 1.068016e-05 1.530903e-05 2.238969e-05 2.926064e-05 5.611041e-05 3.913736e-04 3.201713e-01 
123 4921 2.033306e+02 3.067776e-01 6.120540e-07 6.120540e-07 2.982595e-06 1.095792e-05 1.487221e-05 2.163410e-05 2.913947e-05 5.675398e-05 3.970084e-04 3.067776e-01 
124 4961 2.114609e+02 2.965395e-01 5.942312e-07 5.942312e-07 2.955089e-06 1.100087e-05 1.560467e-05 2.122869e-05 2.866850e-05 5.977853e-05 3.955263e-04 2.965395e-01 
125 5001 1.945835e+02 2.956023e-01 5.959800e-07 5.959800e-07 2.931914e-06 1.060827e-05 1.543145e-05 2.157923e-05 2.900806e-05 6.005864e-05 3.785025e-04 2.956023e-01 
126 5041 1.949681e+02 2.848950e-01 6.331047e-07 6.331047e-07 2.733246e-06 1.026030e-05 1.534836e-05 2.008471e-05 2.799467e-05 6.073067e-05 3.725066e-04 2.848950e-01 
127 5081 1.662475e+02 2.843177e-01 6.057711e-07 6.057711e-07 2.646687e-06 1.036109e-05 1.482195e-05 1.905270e-05 2.744895e-05 5.775731e-05 3.550892e-04 2.843177e-01 
128 5121 1.462556e+02 2.754050e-01 5.909705e-07 5.909705e-07 2.528650e-06 1.003078e-05 1.413587e-05 1.840153e-05 2.699481e-05 5.689939e-05 3.506485e-04 2.754050e-01 
129 5161 1.372415e+02 2.935399e-01 5.693154e-07 5.693154e-07 2.476815e-06 9.806641e-06 1.384862e-05 1.840050e-05 2.750211e-05 5.779388e-05 3.532218e-04 2.935399e-01 
130 5201 1.239172e+02 2.980767e-01 5.589155e-07 5.589155e-07 2.417132e-06 9.494792e-06 1.359100e-05 1.820728e-05 2.754629e-05 5.700061e-05 3.602721e-04 2.980767e-01 
131 5241 1.218675e+02 3.019134e-01 5.311484e-07 5.311484e-07 2.337721e-06 9.292929e-06 1.298134e-05 1.906805e-05 2.732426e-05 5.659563e-05 3.496387e-04 3.019134e-01 
132 5281 1.146748e+02 2.972176e-01 5.182262e-07 5.182262e-07 2.268790e-06 8.927477e-06 1.311456e-05 1.907388e-05 2.891270e-05 5.732183e-05 3.457699e-04 2.972176e-01 
133 5321 1.124505e+02 2.872309e-01 5.047313e-07 5.047313e-07 2.233505e-06 8.882718e-06 1.311436e-05 1.966399e-05 2.903305e-05 5.572564e-05 3.309050e-04 2.872309e-01 
134 5361 1.017574e+02 2.877876e-01 4.918460e-07 4.918460e-07 2.128308e-06 9.091879e-06 1.288017e-05 1.935189e-05 2.973296e-05 5.695865e-05 3.231054e-04 2.877876e-01 
135 5401 9.818856e+01 2.868121e-01 4.956225e-07 4.956225e-07 2.037521e-06 9.070205e-06 1.239863e-05 2.002898e-05 2.913579e-05 5.460274e-05 3.086061e-04 2.868121e-01 
136 5441 8.327647e+01 2.914004e-01 4.769691e-07 4.769691e-07 1.946822e-06 8.914693e-06 1.249700e-05 1.975324e-05 2.884178e-05 5.365093e-05 3.073412e-04 2.914004e-01 
137 5481 8.189289e+01 2.938352e-01 4.771190e-07 4.771190e-07 1.960563e-06 8.986359e-06 1.243916e-05 1.998830e-05 2.831193e-05 5.304218e-05 3.045066e-04 2.938352e-01 
138 5521 7.373149e+01 2.900992e-01 4.615353e-07 4.615353e-07 1.890331e-06 9.465108e-06 1.208453e-05 1.936300e-05 2.839035e-05 5.153297e-05 3.034166e-04 2.900992e-01 
139 5561 7.713208e+01 2.808716e-01 4.533110e-07 4.533110e-07 1.852084e-06 9.378577e-06 1.163551e-05 1.873730e-05 2.849599e-05 4.971585e-05 3.104534e-04 2.808716e-01 
140 5601 7.811279e+01 2.838975e-01 4.429777e-07 4.429777e-07 1.912560e-06 9.193129e-06 1.149792e-05 1.853685e-05 2.805742e-05 4.882086e-05 3.159188e-04 2.838975e-01 
141 5641 7.068579e+01 2.807206e-01 4.576541e-07 4.576541e-07 1.870697e-06 8.697390e-06 1.122386e-05 1.857526e-05 2.757777e-05 4.715537e-05 3.077714e-04 2.807206e-01 
142 5681 8.344735e+01 2.734187e-01 4.605369e-07 4.605369e-07 2.016728e-06 8.597297e-06 1.109482e-05 1.893460e-05 2.629843e-05 4.466728e-05 2.990282e-04 2.734187e-01 
143 5721 8.958246e+01 2.769479e-01 4.451446e-07 4.451446e-07 2.124739e-06 8.448870e-06 1.080110e-05 1.884573e-05 2.622376e-05 4.255894e-05 3.015770e-04 2.769479e-01 
144 5761 9.550403e+01 2.758316e-01 4.453302e-07 4.453302e-07 2.045486e-06 8.334736e-06 1.047811e-05 1.880072e-05 2.668341e-05 4.103131e-05 2.995243e-04 2.758316e-01 
145 5801 9.913148e+01 2.825625e-01 4.689695e-07 4.689695e-07 1.953890e-06 8.081470e-06 1.054500e-05 1.815164e-05 2.671571e-05 4.043835e-05 3.076532e-04 2.825625e-01 
146 5841 1.021755e+02 2.942831e-01 4.630952e-07 4.630952e-07 1.874949e-06 8.232328e-06 1.063473e-05 1.751416e-05 2.587263e-05 3.900028e-05 3.008328e-04 2.942831e-01 
147 5881 9.750427e+01 3.037991e-01 4.478424e-07 4.478424e-07 1.811771e-06 7.979188e-06 1.063311e-05 1.791533e-05 2.484854e-05 4.090630e-05 2.949734e-04 3.037991e-01 
148 5921 9.974313e+01 2.958200e-01 4.302405e-07 4.302405e-07 1.835259e-06 7.854244e-06 1.096124e-05 1.723227e-05 2.408904e-05 4.286776e-05 2.916574e-04 2.958200e-01 
149 5961 8.734639e+01 3.030187e-01 4.235999e-07 4.235999e-07 1.810534e-06 7.867217e-06 1.072011e-05 1.701262e-05 2.367945e-05 4.407570e-05 2.846345e-04 3.030187e-01 
150 6001 8.134531e+01 3.119162e-01 4.277216e-07 4.277216e-07 1.831788e-06 7.740172e-06 1.031566e-05 1.685886e-05 2.332785e-05 4.637575e-05 2.805053e-04 3.119162e-01 
151 6041 8.723465e+01 3.010706e-01 4.175574e-07 4.175574e-07 1.879980e-06 7.510747e-06 1.010468e-05 1.730618e-05 2.362190e-05 4.592629e-05 2.792598e-04 3.010706e-01 
152 6081 7.854136e+01 2.966135e-01 4.052454e-07 4.052454e-07 1.813169e-06 7.271045e-06 1.032513e-05 1.725043e-05 2.274295e-05 4.416724e-05 2.736015e-04 2.966135e-01 
153 6121 7.031425e+01 2.896273e-01 4.203171e-07 4.203171e-07 1.743046e-06 7.179311e-06 1.013546e-05 1.652028e-05 2.177910e-05 4.555336e-05 2.686120e-04 2.896273e-01 
154 6161 7.400957e+01 2.991670e-01 4.246400e-07 4.246400e-07 1.785518e-06 7.546356e-06 1.032291e-05 1.581919e-05 2.110988e-05 4.683907e-05 2.568737e-04 2.991670e-01 
155 6201 8.881625e+01 3.034729e-01 4.056391e-07 4.056391e-07 1.811379e-06 7.853128e-06 1.011386e-05 1.622725e-05 2.056543e-05 4.850909e-05 2.485268e-04 3.034729e-01 
156 6241 9.254348e+01 3.142775e-01 3.922684e-07 3.922684e-07 1.755313e-06 7.910641e-06 9.857145e-06 1.625366e-05 2.016583e-05 4.936689e-05 2.454559e-04 3.142775e-01 
157 6281 9.385654e+01 3.210114e-01 3.777519e-07 3.777519e-07 1.715418e-06 7.906561e-06 9.667492e-06 1.666908e-05 1.989312e-05 4.805700e-05 2.413625e-04 3.210114e-01 
158 6321 1.070660e+02 3.189803e-01 3.713955e-07 3.713955e-07 1.674543e-06 7.856200e-06 9.527637e-06 1.670966e-05 2.009708e-05 4.938808e-05 2.513861e-04 3.189803e-01 
159 6361 1.070307e+02 3.197815e-01 3.593260e-07 3.593260e-07 1.646698e-06 7.708025e-06 9.518771e-06 1.660546e-05 2.094514e-05 4.816864e-05 2.605607e-04 3.197815e-01 
160 6401 1.165137e+02 3.319384e-01 3.527235e-07 3.527235e-07 1.681051e-06 7.340708e-06 9.425833e-06 1.602462e-05 2.243661e-05 4.759934e-05 2.560275e-04 3.319384e-01 
161 6441 1.235514e+02 3.170724e-01 3.426255e-07 3.426255e-07 1.631862e-06 7.637981e-06 9.575074e-06 1.571029e-05 2.207409e-05 4.742175e-05 2.528319e-04 3.170724e-01 
162 6481 1.409313e+02 3.044537e-01 3.387782e-07 3.387782e-07 1.541725e-06 7.654803e-06 9.850395e-06 1.584742e-05 2.103335e-05 5.031272e-05 2.483990e-04 3.044537e-01 
163 6521 1.624046e+02 3.096387e-01 3.392858e-07 3.392858e-07 1.464285e-06 7.506619e-06 9.861523e-06 1.509573e-05 2.057937e-05 5.191693e-05 2.588399e-04 3.096387e-01 
164 6561 1.766784e+02 2.994326e-01 3.231168e-07 3.231168e-07 1.415966e-06 7.233521e-06 1.020288e-05 1.488967e-05 2.079283e-05 5.269231e-05 2.626599e-04 2.994326e-01 
165 6601 1.743317e+02 2.978681e-01 3.078005e-07 3.078005e-07 1.345668e-06 7.126354e-06 1.032462e-05 1.455576e-05 2.261251e-05 5.094897e-05 2.660393e-04 2.978681e-01 
166 6641 1.665120e+02 3.052508e-01 3.078118e-07 3.078118e-07 1.337257e-06 6.947373e-06 9.880566e-06 1.406773e-05 2.168996e-05 5.160236e-05 2.576290e-04 3.052508e-01 
167 6681 1.819122e+02 3.014733e-01 3.121678e-07 3.121678e-07 1.294539e-06 7.081788e-06 1.025422e-05 1.463632e-05 2.108589e-05 4.938955e-05 2.573201e-04 3.014733e-01 
168 6721 1.878856e+02 2.917716e-01 3.189563e-07 3.189563e-07 1.298797e-06 6.903345e-06 1.066936e-05 1.442711e-05 2.084960e-05 4.820328e-05 2.584154e-04 2.917716e-01 
169 6761 2.137546e+02 2.979528e-01 3.119765e-07 3.119765e-07 1.264861e-06 6.768389e-06 1.062263e-05 1.492559e-05 2.048536e-05 4.671749e-05 2.713777e-04 2.979528e-01 
170 6801 2.452116e+02 2.978129e-01 3.145865e-07 3.145865e-07 1.227259e-06 6.725841e-06 1.066298e-05 1.538225e-05 1.978045e-05 4.659111e-05 2.654574e-04 2.978129e-01 
171 6841 2.345938e+02 2.960859e-01 3.054898e-07 3.054898e-07 1.193597e-06 6.670264e-06 1.081841e-05 1.557926e-05 1.939809e-05 4.619432e-05 2.638161e-04 2.960859e-01 
172 6881 2.336916e+02 2.913235e-01 2.998814e-07 2.998814e-07 1.166246e-06 6.351458e-06 1.048123e-05 1.663692e-05 1.910965e-05 4.543943e-05 2.501248e-04 2.913235e-01 
173 6921 2.580600e+02 2.832863e-01 2.929353e-07 2.929353e-07 1.226938e-06 6.137804e-06 1.098031e-05 1.725737e-05 1.848161e-05 4.383431e-05 2.407220e-04 2.832863e-01 
174 6961 2.342891e+02 2.797815e-01 2.824903e-07 2.824903e-07 1.187449e-06 5.964474e-06 1.072437e-05 1.765467e-05 1.952239e-05 4.280882e-05 2.292466e-04 2.797815e-01 
175 7001 2.122952e+02 2.714858e-01 2.676777e-07 2.676777e-07 1.140609e-06 5.931468e-06 1.056497e-05 1.811133e-05 1.977609e-05 4.593314e-05 2.327074e-04 2.714858e-01 
176 7041 2.189612e+02 2.671431e-01 2.617512e-07 2.617512e-07 1.202994e-06 5.885677e-06 1.063637e-05 1.764811e-05 1.921774e-05 4.626803e-05 2.335225e-04 2.671431e-01 
177 7081 1.999978e+02 2.666153e-01 2.539785e-07 2.539785e-07 1.198730e-06 6.048912e-06 1.053253e-05 1.747700e-05 1.903775e-05 4.504833e-05 2.272998e-04 2.666153e-01 
178 7121 1.947198e+02 2.653351e-01 2.381978e-07 2.381978e-07 1.152230e-06 5.938718e-06 1.028040e-05 1.891194e-05 1.981332e-05 4.373047e-05 2.220353e-04 2.653351e-01 
179 7161 2.195027e+02 2.593759e-01 2.439001e-07 2.439001e-07 1.086725e-06 5.902077e-06 1.025552e-05 1.879636e-05 1.962233e-05 4.453915e-05 2.160041e-04 2.593759e-01 
180 7201 2.157730e+02 2.532774e-01 2.349597e-07 2.349597e-07 1.036339e-06 5.729297e-06 1.047060e-05 1.904765e-05 1.976932e-05 4.682429e-05 2.213760e-04 2.532774e-01 
181 7241 1.799183e+02 2.436881e-01 2.224747e-07 2.224747e-07 1.032171e-06 5.572843e-06 1.024660e-05 1.815086e-05 1.933020e-05 4.571708e-05 2.224367e-04 2.436881e-01 
182 7281 1.766660e+02 2.401787e-01 2.122750e-07 2.122750e-07 1.010439e-06 5.196255e-06 1.021807e-05 1.799395e-05 1.914293e-05 4.360579e-05 2.239387e-04 2.401787e-01 
183 7321 1.649435e+02 2.347770e-01 2.065375e-07 2.065375e-07 1.041973e-06 5.235980e-06 1.011293e-05 1.715353e-05 1.901943e-05 4.253372e-05 2.226424e-04 2.347770e-01 
184 7361 1.632910e+02 2.465684e-01 2.050468e-07 2.050468e-07 1.044569e-06 5.274294e-06 9.666812e-06 1.681071e-05 1.839553e-05 4.184880e-05 2.218128e-04 2.465684e-01 
185 7401 1.648611e+02 2.548279e-01 2.021657e-07 2.021657e-07 1.026993e-06 5.145177e-06 9.515569e-06 1.634864e-05 1.846402e-05 4.365588e-05 2.286972e-04 2.548279e-01 
186 7441 1.758662e+02 2.575732e-01 2.043083e-07 2.043083e-07 1.140159e-06 4.977023e-06 9.116183e-06 1.587995e-05 1.785580e-05 4.349034e-05 2.236486e-04 2.575732e-01 
187 7481 1.753389e+02 2.491288e-01 2.041326e-07 2.041326e-07 1.129930e-06 5.288951e-06 8.824225e-06 1.533243e-05 1.764979e-05 4.385527e-05 2.275278e-04 2.491288e-01 
188 7521 1.635550e+02 2.437133e-01 1.976320e-07 1.976320e-07 1.116567e-06 5.382839e-06 8.374737e-06 1.523003e-05 1.732520e-05 4.277810e-05 2.249010e-04 2.437133e-01 
189 7561 1.634026e+02 2.539008e-01 1.916754e-07 1.916754e-07 1.100675e-06 5.195283e-06 8.416562e-06 1.530671e-05 1.650165e-05 4.094043e-05 2.189537e-04 2.539008e-01 
190 7601 1.554399e+02 2.489863e-01 1.811012e-07 1.811012e-07 1.060873e-06 5.397413e-06 8.173977e-06 1.474358e-05 1.674091e-05 3.869004e-05 2.151346e-04 2.489863e-01 
191 7641 1.377171e+02 2.432027e-01 1.822451e-07 1.822451e-07 1.012517e-06 5.492198e-06 7.884793e-06 1.418596e-05 1.604966e-05 3.811726e-05 2.233915e-04 2.432027e-01 
192 7681 1.421117e+02 2.563220e-01 1.792517e-07 1.792517e-07 9.862285e-07 5.192450e-06 8.193306e-06 1.413059e-05 1.530632e-05 3.625858e-05 2.191578e-04 2.563220e-01 
193 7721 1.461711e+02 2.543649e-01 1.795988e-07 1.795988e-07 9.565982e-07 5.290339e-06 7.917368e-06 1.378497e-05 1.486434e-05 3.774081e-05 2.185068e-04 2.543649e-01 
194 7761 1.402676e+02 2.592383e-01 1.781890e-07 1.781890e-07 9.434424e-07 5.016610e-06 7.624189e-06 1.332423e-05 1.411229e-05 3.844039e-05 2.151410e-04 2.592383e-01 
195 7801 1.608710e+02 2.781289e-01 1.782741e-07 1.782741e-07 9.529963e-07 5.031952e-06 8.120376e-06 1.280356e-05 1.402052e-05 3.885020e-05 2.175602e-04 2.781289e-01 
196 7841 1.564068e+02 2.790676e-01 1.702674e-07 1.702674e-07 9.189544e-07 4.818482e-06 8.195259e-06 1.245176e-05 1.394941e-05 3.786500e-05 2.109475e-04 2.790676e-01 
197 7881 1.442558e+02 2.816580e-01 1.664869e-07 1.664869e-07 9.061447e-07 5.050970e-06 8.144711e-06 1.201211e-05 1.369849e-05 3.649364e-05 2.064056e-04 2.816580e-01 
198 7921 1.235146e+02 2.744944e-01 1.721158e-07 1.721158e-07 8.711275e-07 5.175822e-06 7.853604e-06 1.130126e-05 1.369145e-05 3.516746e-05 2.021805e-04 2.744944e-01 
199 7961 1.164161e+02 2.802088e-01 1.655803e-07 1.655803e-07 8.713731e-07 5.199326e-06 7.945773e-06 1.111688e-05 1.445859e-05 3.586470e-05 2.020005e-04 2.802088e-01 
200 8001 1.126355e+02 2.842351e-01 1.656509e-07 1.656509e-07 8.301411e-07 5.068394e-06 7.806800e-06 1.061966e-05 1.501288e-05 3.506766e-05 2.136233e-04 2.842351e-01 
201 8041 1.140529e+02 2.929367e-01 1.634759e-07 1.634759e-07 8.480259e-07 5.150265e-06 8.178496e-06 1.026136e-05 1.449948e-05 3.288058e-05 2.066565e-04 2.929367e-01 
202 8081 1.002306e+02 2.930657e-01 1.567233e-07 1.567233e-07 8.243157e-07 4.920003e-06 8.079289e-06 1.026077e-05 1.412478e-05 3.318305e-05 2.015577e-04 2.930657e-01 
203 8121 9.955977e+01 2.833237e-01 1.505628e-07 1.505628e-07 7.953726e-07 5.073208e-06 7.896245e-06 1.037388e-05 1.380353e-05 3.245949e-05 1.963366e-04 2.833237e-01 
204 8161 9.269249e+01 2.702326e-01 1.423116e-07 1.423116e-07 7.717413e-07 4.923635e-06 7.783566e-06 1.032349e-05 1.348946e-05 3.216391e-05 1.971725e-04 2.702326e-01 
205 8201 9.235806e+01 2.885573e-01 1.515209e-07 1.515209e-07 7.832708e-07 4.754005e-06 7.896312e-06 1.061354e-05 1.311161e-05 3.240726e-05 1.923956e-04 2.885573e-01 
206 8241 9.007778e+01 2.894739e-01 1.630399e-07 1.630399e-07 7.519462e-07 4.824035e-06 7.599032e-06 1.026737e-05 1.313982e-05 3.154689e-05 1.899388e-04 2.894739e-01 
207 8281 1.015747e+02 2.865307e-01 1.587852e-07 1.587852e-07 8.060732e-07 4.690584e-06 7.677399e-06 1.022510e-05 1.278953e-05 3.421768e-05 1.802146e-04 2.865307e-01 
208 8321 1.090874e+02 2.851744e-01 1.601015e-07 1.601015e-07 8.562215e-07 4.679346e-06 7.834682e-06 1.006101e-05 1.235109e-05 3.363197e-05 1.782268e-04 2.851744e-01 
209 8361 1.147534e+02 2.834392e-01 1.540999e-07 1.540999e-07 8.499116e-07 4.635490e-06 7.804823e-06 9.958805e-06 1.292707e-05 3.479903e-05 2.038343e-04 2.834392e-01 
210 8401 1.249264e+02 3.056475e-01 1.522809e-07 1.522809e-07 8.342164e-07 4.629720e-06 7.342878e-06 9.644038e-06 1.281574e-05 3.395167e-05 1.966553e-04 3.056475e-01 
211 8441 1.077941e+02 3.039830e-01 1.508475e-07 1.508475e-07 8.397770e-07 4.406743e-06 7.805433e-06 9.258332e-06 1.241286e-05 3.376400e-05 1.916389e-04 3.039830e-01 
212 8481 1.158908e+02 2.945799e-01 1.450852e-07 1.450852e-07 8.430800e-07 4.229066e-06 7.789645e-06 8.917090e-06 1.279769e-05 3.383503e-05 1.874736e-04 2.945799e-01 
213 8521 1.076972e+02 3.063945e-01 1.479230e-07 1.479230e-07 8.407031e-07 4.240990e-06 7.582443e-06 8.698121e-06 1.258650e-05 3.458538e-05 1.873940e-04 3.063945e-01 
214 8561 1.158560e+02 3.026929e-01 1.474865e-07 1.474865e-07 8.082078e-07 4.121725e-06 7.410884e-06 8.544161e-06 1.267471e-05 3.559480e-05 1.883492e-04 3.026929e-01 
215 8601 1.293249e+02 2.924295e-01 1.497198e-07 1.497198e-07 7.948882e-07 4.241295e-06 7.875932e-06 8.562857e-06 1.232750e-05 3.597753e-05 1.875824e-04 2.924295e-01 
216 8641 1.227229e+02 2.936791e-01 1.452534e-07 1.452534e-07 7.975462e-07 4.306962e-06 7.396890e-06 8.735911e-06 1.228851e-05 3.772277e-05 1.819898e-04 2.936791e-01 
217 8681 1.163080e+02 2.865263e-01 1.435029e-07 1.435029e-07 8.018812e-07 4.311178e-06 7.498113e-06 8.626000e-06 1.215323e-05 3.632005e-05 1.931354e-04 2.865263e-01 
218 8721 1.055121e+02 2.682061e-01 1.451974e-07 1.451974e-07 7.709378e-07 4.290551e-06 7.519898e-06 8.352122e-06 1.206115e-05 3.603450e-05 1.920143e-04 2.682061e-01 
219 8761 9.534849e+01 2.611494e-01 1.465462e-07 1.465462e-07 7.467387e-07 4.257814e-06 7.507392e-06 8.531273e-06 1.145276e-05 3.544538e-05 1.989941e-04 2.611494e-01 
220 8801 1.077987e+02 2.588319e-01 1.554083e-07 1.554083e-07 7.300558e-07 4.126559e-06 7.333745e-06 8.335477e-06 1.167141e-05 3.344221e-05 2.091962e-04 2.588319e-01 
221 8841 1.217199e+02 2.470586e-01 1.487441e-07 1.487441e-07 7.123613e-07 4.545140e-06 7.666023e-06 8.578575e-06 1.148456e-05 3.398980e-05 2.239975e-04 2.470586e-01 
222 8881 1.198299e+02 2.489684e-01 1.444672e-07 1.444672e-07 7.182423e-07 4.345006e-06 7.832007e-06 9.250154e-06 1.136872e-05 3.330323e-05 2.346488e-04 2.489684e-01 
223 8921 1.475964e+02 2.452198e-01 1.436148e-07 1.436148e-07 6.979219e-07 4.221664e-06 7.493851e-06 9.664965e-06 1.163159e-05 3.199182e-05 2.577172e-04 2.452198e-01 
224 8961 1.544842e+02 2.382374e-01 1.384429e-07 1.384429e-07 7.260154e-07 4.145978e-06 7.775557e-06 9.627003e-06 1.138388e-05 3.131770e-05 2.529504e-04 2.382374e-01 
225 9001 1.541575e+02 2.349861e-01 1.382940e-07 1.382940e-07 7.542466e-07 4.148438e-06 7.592201e-06 9.361710e-06 1.158014e-05 3.201525e-05 2.462258e-04 2.349861e-01 
226 9041 1.465884e+02 2.423452e-01 1.337055e-07 1.337055e-07 7.236935e-07 4.092626e-06 7.521767e-06 9.386118e-06 1.129570e-05 3.261881e-05 2.417297e-04 2.423452e-01 
227 9081 1.290360e+02 2.435536e-01 1.303472e-07 1.303472e-07 7.158681e-07 4.092755e-06 7.621023e-06 9.000740e-06 1.143737e-05 3.179265e-05 2.353699e-04 2.435536e-01 
228 9121 1.276895e+02 2.401029e-01 1.319452e-07 1.319452e-07 6.902851e-07 4.096076e-06 7.430345e-06 8.781303e-06 1.100152e-05 3.335756e-05 2.287169e-04 2.401029e-01 
229 9161 1.347009e+02 2.367283e-01 1.258288e-07 1.258288e-07 7.601696e-07 3.904790e-06 7.891884e-06 8.726349e-06 1.096834e-05 3.298928e-05 2.168740e-04 2.367283e-01 
230 9201 1.355262e+02 2.368406e-01 1.287872e-07 1.287872e-07 7.873586e-07 3.777417e-06 7.664584e-06 8.898619e-06 1.030198e-05 3.129931e-05 2.095829e-04 2.368406e-01 
231 9241 1.250116e+02 2.255386e-01 1.290332e-07 1.290332e-07 8.062991e-07 3.670813e-06 7.619433e-06 8.871247e-06 1.044967e-05 3.241573e-05 1.996530e-04 2.255386e-01 
232 9281 1.267290e+02 2.168823e-01 1.301870e-07 1.301870e-07 8.137000e-07 3.573860e-06 7.791554e-06 8.850925e-06 1.049010e-05 3.146084e-05 1.942469e-04 2.168823e-01 
233 9321 1.232455e+02 2.143765e-01 1.269109e-07 1.269109e-07 8.201077e-07 3.408953e-06 7.556492e-06 8.527403e-06 1.022438e-05 2.996530e-05 1.919023e-04 2.143765e-01 
234 9361 1.114452e+02 2.139057e-01 1.248082e-07 1.248082e-07 7.744625e-07 3.476392e-06 7.754400e-06 8.137615e-06 1.002809e-05 2.917101e-05 1.861417e-04 2.139057e-01 
235 9401 1.099637e+02 2.175683e-01 1.273508e-07 1.273508e-07 7.476601e-07 3.429544e-06 7.460296e-06 8.303746e-06 1.001949e-05 2.859531e-05 1.881639e-04 2.175683e-01 
236 9441 1.171683e+02 2.070282e-01 1.264551e-07 1.264551e-07 7.307055e-07 3.737578e-06 7.407279e-06 8.480898e-06 1.044378e-05 2.938698e-05 1.909182e-04 2.070282e-01 
237 9481 1.199844e+02 2.109010e-01 1.242676e-07 1.242676e-07 7.404220e-07 3.794508e-06 7.367250e-06 8.500735e-06 1.018498e-05 2.867413e-05 1.831896e-04 2.109010e-01 
238 9521 1.130493e+02 2.069439e-01 1.186566e-07 1.186566e-07 7.347497e-07 4.016727e-06 7.381635e-06 8.034331e-06 9.788057e-06 2.897510e-05 1.801520e-04 2.069439e-01 
239 9561 1.179566e+02 2.009574e-01 1.205104e-07 1.205104e-07 7.094918e-07 4.215304e-06 7.333788e-06 7.847345e-06 9.558959e-06 2.806617e-05 1.708540e-04 2.009574e-01 
240 9601 1.130629e+02 1.936315e-01 1.260448e-07 1.260448e-07 7.037577e-07 4.115002e-06 7.037484e-06 8.157010e-06 9.356793e-06 2.691541e-05 1.670757e-04 1.936315e-01 
241 9641 9.634137e+01 1.949504e-01 1.228774e-07 1.228774e-07 6.957934e-07 4.043811e-06 6.811498e-06 8.077639e-06 9.551011e-06 2.562990e-05 1.595117e-04 1.949504e-01 
242 9681 9.137288e+01 2.038718e-01 1.226482e-07 1.226482e-07 6.600650e-07 3.896334e-06 6.605109e-06 8.316951e-06 9.360573e-06 2.448302e-05 1.536613e-04 2.038718e-01 
243 9721 8.967099e+01 2.010951e-01 1.161479e-07 1.161479e-07 6.873177e-07 3.737961e-06 6.557796e-06 8.518827e-06 9.187391e-06 2.554143e-05 1.536981e-04 2.010951e-01 
244 9761 8.225602e+01 2.036701e-01 1.104867e-07 1.104867e-07 7.154114e-07 3.552780e-06 6.409728e-06 8.358668e-06 9.149307e-06 2.502456e-05 1.512417e-04 2.036701e-01 
245 9801 7.643166e+01 2.069287e-01 1.108576e-07 1.108576e-07 7.043091e-07 3.787244e-06 6.605175e-06 8.180067e-06 9.147856e-06 2.458632e-05 1.502257e-04 2.069287e-01 
246 9841 9.360743e+01 2.247052e-01 1.093995e-07 1.093995e-07 7.161887e-07 3.694646e-06 6.416179e-06 8.201353e-06 9.028115e-06 2.544445e-05 1.549100e-04 2.247052e-01 
247 9881 9.181571e+01 2.199122e-01 1.059465e-07 1.059465e-07 6.892648e-07 3.584259e-06 6.390138e-06 7.896839e-06 8.990315e-06 2.482775e-05 1.606646e-04 2.199122e-01 
248 9921 9.406785e+01 2.120944e-01 1.125298e-07 1.125298e-07 6.801893e-07 3.501074e-06 6.266925e-06 7.620568e-06 9.217977e-06 2.439629e-05 1.616849e-04 2.120944e-01 
249 9961 9.411476e+01 2.085162e-01 1.098554e-07 1.098554e-07 7.048096e-07 3.593803e-06 6.044472e-06 7.626528e-06 8.946887e-06 2.390565e-05 1.644494e-04 2.085162e-01 
250 10001 9.555103e+01 2.107999e-01 1.074277e-07 1.074277e-07 6.865875e-07 3.546741e-06 5.897536e-06 7.468298e-06 8.932140e-06 2.475317e-05 1.591383e-04 2.107999e-01 
251 10041 9.858336e+01 2.077021e-01 1.071505e-07 1.071505e-07 6.844104e-07 3.513047e-06 5.845639e-06 7.248261e-06 8.479635e-06 2.416779e-05 1.558987e-04 2.077021e-01 
252 10081 9.101641e+01 2.140109e-01 1.079252e-07 1.079252e-07 6.666311e-07 3.495269e-06 5.841444e-06 6.893817e-06 8.518896e-06 2.311373e-05 1.539491e-04 2.140109e-01 
253 10121 9.831157e+01 2.264743e-01 1.049464e-07 1.049464e-07 6.529814e-07 3.666099e-06 5.983273e-06 6.743290e-06 8.321732e-06 2.341207e-05 1.476313e-04 2.264743e-01 
254 10161 1.054011e+02 2.263438e-01 1.027311e-07 1.027311e-07 6.278061e-07 3.796215e-06 6.265227e-06 6.500891e-06 7.928445e-06 2.309804e-05 1.493670e-04 2.263438e-01 
255 10201 9.800841e+01 2.191029e-01 1.057443e-07 1.057443e-07 6.130859e-07 3.692099e-06 6.258583e-06 6.361276e-06 7.683057e-06 2.351056e-05 1.540335e-04 2.191029e-01 
256 10241 9.095998e+01 2.207002e-01 1.042191e-07 1.042191e-07 5.995113e-07 3.530130e-06 6.132225e-06 6.245320e-06 7.596621e-06 2.556073e-05 1.480502e-04 2.207002e-01 
257 10281 1.002353e+02 2.231992e-01 1.045761e-07 1.045761e-07 5.828168e-07 3.712856e-06 6.051449e-06 6.202205e-06 7.541611e-06 2.620369e-05 1.435121e-04 2.231992e-01 
258 10321 9.663834e+01 2.250300e-01 1.022753e-07 1.022753e-07 5.825315e-07 3.546859e-06 5.986728e-06 6.211581e-06 7.137210e-06 2.747160e-05 1.429851e-04 2.250300e-01 
259 10361 1.027806e+02 2.261736e-01 1.011032e-07 1.011032e-07 5.529262e-07 3.402267e-06 5.815728e-06 6.430576e-06 7.160025e-06 2.671547e-05 1.411453e-04 2.261736e-01 
260 10401 1.060558e+02 2.361576e-01 1.041941e-07 1.041941e-07 5.520086e-07 3.599265e-06 5.826445e-06 6.269352e-06 6.949070e-06 2.632955e-05 1.359819e-04 2.361576e-01 
261 10441 1.075107e+02 2.302624e-01 1.066230e-07 1.066230e-07 5.285733e-07 3.518444e-06 5.916931e-06 6.023414e-06 7.043778e-06 2.641265e-05 1.342233e-04 2.302624e-01 
262 10481 9.359062e+01 2.237446e-01 1.037038e-07 1.037038e-07 5.321191e-07 3.393489e-06 5.728717e-06 6.007470e-06 7.057239e-06 2.688265e-05 1.320306e-04 2.237446e-01 
263 10521 8.724603e+01 2.268681e-01 1.020770e-07 1.020770e-07 5.355006e-07 3.367716e-06 5.447691e-06 5.628817e-06 7.043895e-06 2.634717e-05 1.327134e-04 2.268681e-01 
264 10561 1.027286e+02 2.327262e-01 9.871734e-08 9.871734e-08 5.663971e-07 3.232494e-06 5.264968e-06 5.500170e-06 6.977552e-06 2.574984e-05 1.327638e-04 2.327262e-01 
265 10601 1.243230e+02 2.458823e-01 9.583653e-08 9.583653e-08 5.640913e-07 3.363371e-06 5.319416e-06 5.472052e-06 6.763357e-06 2.556729e-05 1.313490e-04 2.458823e-01 
266 10641 1.264473e+02 2.370892e-01 9.171294e-08 9.171294e-08 5.910610e-07 3.388888e-06 5.138302e-06 5.731139e-06 7.018568e-06 2.470498e-05 1.337449e-04 2.370892e-01 
267 10681 1.292876e+02 2.304352e-01 8.971396e-08 8.971396e-08 6.098003e-07 3.326917e-06 5.156434e-06 5.834996e-06 7.294361e-06 2.512823e-05 1.322502e-04 2.304352e-01 
268 10721 1.344134e+02 2.755663e-01 8.753210e-08 8.753210e-08 5.912497e-07 3.264586e-06 5.435823e-06 5.544356e-06 7.157326e-06 2.394927e-05 1.328568e-04 2.755663e-01 
269 10761 1.234168e+02 2.743966e-01 8.712416e-08 8.712416e-08 5.843683e-07 3.211554e-06 5.591267e-06 6.097433e-06 6.936599e-06 2.451168e-05 1.321732e-04 2.743966e-01 
270 10801 1.182808e+02 2.621111e-01 8.296397e-08 8.296397e-08 5.705218e-07 3.069586e-06 5.447977e-06 6.224073e-06 6.763379e-06 2.405335e-05 1.264189e-04 2.621111e-01 
271 10841 1.174411e+02 2.517307e-01 8.340045e-08 8.340045e-08 5.544085e-07 3.184953e-06 5.331281e-06 5.923621e-06 6.556365e-06 2.483858e-05 1.301060e-04 2.517307e-01 
272 10881 1.379165e+02 2.557111e-01 8.337545e-08 8.337545e-08 5.424100e-07 3.246828e-06 5.369721e-06 5.809707e-06 6.369953e-06 2.532119e-05 1.295412e-04 2.557111e-01 
273 10921 1.282394e+02 2.611815e-01 8.071567e-08 8.071567e-08 5.535837e-07 3.140014e-06 5.309580e-06 5.631589e-06 6.712787e-06 2.516924e-05 1.281093e-04 2.611815e-01 
274 10961 1.336883e+02 2.555536e-01 8.345275e-08 8.345275e-08 5.470210e-07 3.247150e-06 5.097533e-06 5.522435e-06 6.678128e-06 2.491951e-05 1.280191e-04 2.555536e-01 
275 11001 1.258890e+02 2.501658e-01 8.173024e-08 8.173024e-08 5.370499e-07 3.129296e-06 4.917532e-06 5.562043e-06 6.513118e-06 2.753687e-05 1.315357e-04 2.501658e-01 
276 11041 1.390303e+02 2.558560e-01 8.447099e-08 8.447099e-08 5.392800e-07 2.979198e-06 4.796126e-06 5.505236e-06 7.078919e-06 2.730198e-05 1.395405e-04 2.558560e-01 
277 11081 1.242573e+02 2.656942e-01 8.123838e-08 8.123838e-08 5.145240e-07 2.995307e-06 4.494456e-06 5.352424e-06 6.951218e-06 2.787006e-05 1.396078e-04 2.656942e-01 
278 11121 1.239265e+02 2.680684e-01 7.881798e-08 7.881798e-08 4.903182e-07 2.971773e-06 4.230882e-06 5.457653e-06 6.792859e-06 2.704267e-05 1.444077e-04 2.680684e-01 
279 11161 1.188428e+02 2.634554e-01 7.755354e-08 7.755354e-08 4.779744e-07 2.882262e-06 3.986649e-06 5.535337e-06 6.543358e-06 2.682449e-05 1.483767e-04 2.634554e-01 
280 11201 1.095415e+02 2.542800e-01 7.543175e-08 7.543175e-08 4.803842e-07 2.831861e-06 3.884582e-06 5.426126e-06 6.315574e-06 2.603916e-05 1.551822e-04 2.542800e-01 
281 11241 1.214807e+02 2.569473e-01 7.296307e-08 7.296307e-08 4.776140e-07 2.878348e-06 3.778629e-06 5.360544e-06 6.423813e-06 2.596025e-05 1.498079e-04 2.569473e-01 
282 11281 1.123060e+02 2.551805e-01 7.152996e-08 7.152996e-08 4.651350e-07 3.066152e-06 3.778019e-06 5.323032e-06 6.452717e-06 2.546184e-05 1.452318e-04 2.551805e-01 
283 11321 1.044983e+02 2.543018e-01 6.887319e-08 6.887319e-08 4.542824e-07 2.978893e-06 4.083205e-06 5.172597e-06 6.624445e-06 2.530849e-05 1.419149e-04 2.543018e-01 
284 11361 1.046677e+02 2.508470e-01 7.078087e-08 7.078087e-08 4.717334e-07 2.874292e-06 4.196470e-06 4.931264e-06 6.608443e-06 2.445997e-05 1.385128e-04 2.508470e-01 
285 11401 1.090515e+02 2.375291e-01 7.221355e-08 7.221355e-08 4.756757e-07 2.913330e-06 4.191986e-06 5.037493e-06 6.667048e-06 2.447625e-05 1.419168e-04 2.375291e-01 
286 11441 1.084823e+02 2.308902e-01 7.138497e-08 7.138497e-08 4.680512e-07 3.008833e-06 4.064686e-06 4.928778e-06 6.569413e-06 2.479494e-05 1.443552e-04 2.308902e-01 
287 11481 9.222452e+01 2.192307e-01 7.092945e-08 7.092945e-08 4.569179e-07 2.872666e-06 3.973437e-06 4.709261e-06 6.359263e-06 2.401996e-05 1.418808e-04 2.192307e-01 
288 11521 8.487158e+01 2.271400e-01 6.835929e-08 6.835929e-08 4.388996e-07 2.773665e-06 3.909863e-06 4.910224e-06 6.609425e-06 2.404026e-05 1.431910e-04 2.271400e-01 
289 11561 7.984208e+01 2.297232e-01 6.703054e-08 6.703054e-08 4.462511e-07 2.857208e-06 3.772864e-06 4.954630e-06 6.422979e-06 2.296739e-05 1.394424e-04 2.297232e-01 
290 11601 9.151670e+01 2.512066e-01 6.960328e-08 6.960328e-08 4.271574e-07 2.914614e-06 3.758905e-06 4.845658e-06 6.249187e-06 2.266994e-05 1.431830e-04 2.512066e-01 
291 11641 9.086412e+01 2.437308e-01 6.927073e-08 6.927073e-08 4.357195e-07 2.789625e-06 3.818002e-06 5.086193e-06 6.078304e-06 2.222217e-05 1.402778e-04 2.437308e-01 
292 11681 9.359781e+01 2.386507e-01 6.502407e-08 6.502407e-08 4.379211e-07 2.828193e-06 4.420753e-06 5.169009e-06 5.911252e-06 2.161061e-05 1.455600e-04 2.386507e-01 
293 11721 8.825002e+01 2.274602e-01 6.231922e-08 6.231922e-08 4.489353e-07 2.905240e-06 4.369710e-06 5.216960e-06 6.068041e-06 2.048664e-05 1.402116e-04 2.274602e-01 
294 11761 7.566851e+01 2.257184e-01 6.147580e-08 6.147580e-08 4.263855e-07 2.883751e-06 4.304734e-06 5.158793e-06 6.019441e-06 2.050694e-05 1.383049e-04 2.257184e-01 
295 11801 7.686757e+01 2.460550e-01 6.104574e-08 6.104574e-08 4.491392e-07 2.960162e-06 4.284072e-06 5.143284e-06 6.075480e-06 2.080006e-05 1.350290e-04 2.460550e-01 
296 11841 8.288309e+01 2.678998e-01 5.898187e-08 5.898187e-08 4.424269e-07 2.814610e-06 4.289235e-06 4.946088e-06 5.988293e-06 1.969449e-05 1.298771e-04 2.678998e-01 
297 11881 7.881021e+01 2.798647e-01 5.997942e-08 5.997942e-08 4.288381e-07 2.761332e-06 4.176605e-06 4.796676e-06 5.864552e-06 1.932741e-05 1.285113e-04 2.798647e-01 
298 11921 8.076576e+01 2.873778e-01 5.840036e-08 5.840036e-08 4.190720e-07 2.814207e-06 4.053964e-06 4.673736e-06 6.409048e-06 1.953095e-05 1.316589e-04 2.873778e-01 
299 11961 8.817794e+01 2.810041e-01 6.631789e-08 6.631789e-08 4.104194e-07 3.012880e-06 3.952965e-06 4.628158e-06 6.504045e-06 2.048695e-05 1.297175e-04 2.810041e-01 
300 12001 8.184040e+01 2.767922e-01 6.427851e-08 6.427851e-08 4.186555e-07 2.988525e-06 3.839930e-06 4.905516e-06 6.260027e-06 2.242477e-05 1.302648e-04 2.767922e-01 
301 12041 8.140389e+01 2.727034e-01 6.240686e-08 6.240686e-08 4.463228e-07 2.962804e-06 4.059705e-06 4.616262e-06 6.086542e-06 2.268849e-05 1.330348e-04 2.727034e-01 
302 12081 7.310318e+01 2.692247e-01 6.380789e-08 6.380789e-08 4.720445e-07 2.941272e-06 3.866506e-06 4.596966e-06 5.834541e-06 2.298012e-05 1.329185e-04 2.692247e-01 
303 12121 6.417515e+01 2.754462e-01 6.809050e-08 6.809050e-08 4.503721e-07 2.831691e-06 3.882172e-06 4.698802e-06 5.589741e-06 2.240587e-05 1.302996e-04 2.754462e-01 
304 12161 6.105021e+01 2.798273e-01 6.989755e-08 6.989755e-08 4.339980e-07 2.677356e-06 3.900995e-06 4.948173e-06 5.497447e-06 2.161812e-05 1.248713e-04 2.798273e-01 
305 12201 5.314174e+01 2.821409e-01 6.974738e-08 6.974738e-08 4.170627e-07 2.682638e-06 3.932486e-06 4.966287e-06 5.333594e-06 2.309897e-05 1.224524e-04 2.821409e-01 
306 12241 4.982923e+01 2.699080e-01 7.031281e-08 7.031281e-08 4.205901e-07 2.703225e-06 4.024250e-06 4.792672e-06 5.346371e-06 2.211387e-05 1.252688e-04 2.699080e-01 
307 12281 4.493088e+01 2.633972e-01 6.906461e-08 6.906461e-08 4.118953e-07 2.698099e-06 3.935965e-06 4.844134e-06 5.657185e-06 2.228237e-05 1.247210e-04 2.633972e-01 
308 12321 4.549105e+01 2.673980e-01 6.600345e-08 6.600345e-08 3.895917e-07 2.725010e-06 3.907016e-06 4.750204e-06 5.648275e-06 2.387277e-05 1.223559e-04 2.673980e-01 
309 12361 4.700018e+01 2.561633e-01 6.610516e-08 6.610516e-08 3.750187e-07 2.720147e-06 3.925234e-06 4.862459e-06 5.877071e-06 2.522644e-05 1.203360e-04 2.561633e-01 
310 12401 4.727825e+01 2.540019e-01 6.497966e-08 6.497966e-08 3.930769e-07 2.762039e-06 3.940603e-06 4.680214e-06 5.812310e-06 2.515214e-05 1.168244e-04 2.540019e-01 
311 12441 4.670486e+01 2.507813e-01 6.503162e-08 6.503162e-08 3.881002e-07 2.687827e-06 3.778336e-06 4.749761e-06 5.835571e-06 2.453526e-05 1.138456e-04 2.507813e-01 
312 12481 4.881884e+01 2.553904e-01 6.765003e-08 6.765003e-08 3.930014e-07 2.629636e-06 3.653399e-06 4.825083e-06 5.764072e-06 2.382674e-05 1.078555e-04 2.553904e-01 
313 12521 4.678008e+01 2.528361e-01 6.734178e-08 6.734178e-08 3.801120e-07 2.843125e-06 3.586065e-06 4.594310e-06 5.851991e-06 2.523962e-05 1.054569e-04 2.528361e-01 
314 12561 5.031127e+01 2.470054e-01 6.618342e-08 6.618342e-08 3.838463e-07 2.745191e-06 3.659809e-06 4.572556e-06 5.833798e-06 2.630412e-05 1.046631e-04 2.470054e-01 
315 12601 4.874247e+01 2.506325e-01 6.264479e-08 6.264479e-08 3.691938e-07 2.664415e-06 3.547013e-06 4.579464e-06 5.641956e-06 2.750976e-05 1.127217e-04 2.506325e-01 
316 12641 4.650111e+01 2.396913e-01 6.111839e-08 6.111839e-08 3.600457e-07 2.565620e-06 3.549944e-06 4.654129e-06 5.644088e-06 2.661618e-05 1.106488e-04 2.396913e-01 
317 12681 4.482252e+01 2.312110e-01 5.989227e-08 5.989227e-08 3.587209e-07 2.601433e-06 3.428655e-06 4.490573e-06 5.457462e-06 2.616903e-05 1.085995e-04 2.312110e-01 
318 12721 5.226949e+01 2.317751e-01 5.779551e-08 5.779551e-08 3.914190e-07 2.897637e-06 3.349502e-06 4.388525e-06 5.530201e-06 2.660158e-05 1.096446e-04 2.317751e-01 
319 12761 5.254943e+01 2.317928e-01 5.834335e-08 5.834335e-08 3.812874e-07 2.920950e-06 3.242172e-06 4.269771e-06 5.436383e-06 2.624826e-05 1.075883e-04 2.317928e-01 
320 12801 5.372279e+01 2.244863e-01 6.073045e-08 6.073045e-08 3.980356e-07 2.849533e-06 3.234847e-06 4.126235e-06 5.300728e-06 2.569363e-05 1.039623e-04 2.244863e-01 
321 12841 5.208794e+01 2.238792e-01 5.991604e-08 5.991604e-08 4.175023e-07 2.783807e-06 3.282832e-06 4.028924e-06 5.091753e-06 2.460068e-05 1.143484e-04 2.238792e-01 
322 12881 5.040494e+01 2.355333e-01 5.956801e-08 5.956801e-08 4.256766e-07 2.796200e-06 3.126480e-06 3.916729e-06 5.061117e-06 2.498669e-05 1.114525e-04 2.355333e-01 
323 12921 4.786043e+01 2.310364e-01 5.592872e-08 5.592872e-08 4.110824e-07 2.808994e-06 3.274683e-06 4.011651e-06 5.039185e-06 2.598103e-05 1.100636e-04 2.310364e-01 
324 12961 4.444048e+01 2.314449e-01 5.491190e-08 5.491190e-08 4.234922e-07 2.860136e-06 3.402514e-06 4.116385e-06 5.254230e-06 2.633105e-05 1.086918e-04 2.314449e-01 
325 13001 4.633811e+01 2.262308e-01 5.367563e-08 5.367563e-08 4.121421e-07 2.841121e-06 3.372271e-06 3.977288e-06 5.043378e-06 2.958218e-05 1.028552e-04 2.262308e-01 
326 13041 4.460470e+01 2.213843e-01 5.369997e-08 5.369997e-08 4.170519e-07 2.726375e-06 3.323256e-06 3.967918e-06 4.782262e-06 3.123071e-05 1.048328e-04 2.213843e-01 
327 13081 4.480444e+01 2.173047e-01 5.248586e-08 5.248586e-08 4.236652e-07 2.742236e-06 3.625281e-06 4.007124e-06 4.781780e-06 3.087546e-05 1.012943e-04 2.173047e-01 
328 13121 4.428076e+01 2.106919e-01 4.991437e-08 4.991437e-08 4.258044e-07 2.897976e-06 3.520303e-06 3.881280e-06 4.676609e-06 3.019223e-05 9.931435e-05 2.106919e-01 
329 13161 4.210950e+01 2.041019e-01 4.900172e-08 4.900172e-08 4.260471e-07 2.911622e-06 3.488989e-06 3.737534e-06 4.773696e-06 2.892012e-05 1.032490e-04 2.041019e-01 
330 13201 3.950275e+01 1.957622e-01 4.837706e-08 4.837706e-08 4.188706e-07 2.824411e-06 3.359015e-06 3.821355e-06 4.625448e-06 2.886721e-05 1.043350e-04 1.957622e-01 
331 13241 3.640010e+01 1.967636e-01 4.751231e-08 4.751231e-08 4.054830e-07 2.874357e-06 3.488534e-06 3.969876e-06 4.396974e-06 2.893402e-05 9.844975e-05 1.967636e-01 
332 13281 4.333279e+01 1.974741e-01 4.887593e-08 4.887593e-08 4.085109e-07 2.773881e-06 3.407077e-06 4.224659e-06 4.349944e-06 2.926178e-05 9.293742e-05 1.974741e-01 
333 13321 4.639014e+01 1.995889e-01 4.640117e-08 4.640117e-08 3.934468e-07 2.783795e-06 3.274290e-06 4.306802e-06 4.804182e-06 2.932173e-05 8.882399e-05 1.995889e-01 
334 13361 5.136316e+01 1.937088e-01 4.673783e-08 4.673783e-08 3.820129e-07 2.779536e-06 3.193524e-06 4.519196e-06 4.790369e-06 3.001384e-05 8.627836e-05 1.937088e-01 
335 13401 5.984499e+01 1.867146e-01 4.756709e-08 4.756709e-08 3.788257e-07 2.813420e-06 3.196221e-06 4.491625e-06 4.922193e-06 2.925664e-05 8.584184e-05 1.867146e-01 
336 13441 6.636867e+01 1.944304e-01 4.914152e-08 4.914152e-08 3.796079e-07 2.726990e-06 3.010990e-06 4.552192e-06 5.002939e-06 2.758522e-05 8.504862e-05 1.944304e-01 
337 13481 6.747379e+01 1.924296e-01 4.835612e-08 4.835612e-08 3.595726e-07 2.622529e-06 2.925818e-06 4.612026e-06 4.827824e-06 2.853563e-05 8.271913e-05 1.924296e-01 
338 13521 6.577432e+01 1.993133e-01 4.862341e-08 4.862341e-08 3.602213e-07 2.509272e-06 2.819334e-06 4.389094e-06 4.927753e-06 2.809459e-05 8.323147e-05 1.993133e-01 
339 13561 6.236086e+01 1.919888e-01 4.752037e-08 4.752037e-08 3.565946e-07 2.517042e-06 2.761712e-06 4.440159e-06 5.059953e-06 2.751510e-05 8.620068e-05 1.919888e-01 
340 13601 6.262126e+01 1.885625e-01 4.865605e-08 4.865605e-08 3.632193e-07 2.523946e-06 2.668105e-06 4.474713e-06 5.067558e-06 2.751650e-05 8.733860e-05 1.885625e-01 
341 13641 5.843591e+01 1.929561e-01 4.696766e-08 4.696766e-08 3.674897e-07 2.442015e-06 2.507824e-06 4.305314e-06 5.485164e-06 2.721701e-05 8.790418e-05 1.929561e-01 
342 13681 4.964356e+01 1.988602e-01 4.690208e-08 4.690208e-08 3.584603e-07 2.390313e-06 2.452212e-06 4.255171e-06 5.573344e-06 2.672387e-05 8.980244e-05 1.988602e-01 
343 13721 4.190517e+01 1.974336e-01 4.509178e-08 4.509178e-08 3.584253e-07 2.326381e-06 2.425150e-06 4.006241e-06 5.534614e-06 2.528055e-05 8.871668e-05 1.974336e-01 
344 13761 4.135152e+01 1.940838e-01 4.619831e-08 4.619831e-08 3.936412e-07 2.187941e-06 2.437452e-06 3.880409e-06 5.547063e-06 2.477111e-05 9.289710e-05 1.940838e-01 
345 13801 4.339708e+01 1.940664e-01 4.664849e-08 4.664849e-08 4.006494e-07 2.107580e-06 2.485858e-06 3.874606e-06 5.533613e-06 2.457627e-05 9.074923e-05 1.940664e-01 
346 13841 4.224719e+01 2.135963e-01 4.698060e-08 4.698060e-08 3.937130e-07 2.019464e-06 2.423603e-06 3.817082e-06 5.531775e-06 2.414316e-05 8.751098e-05 2.135963e-01 
347 13881 3.352821e+01 2.115952e-01 4.518696e-08 4.518696e-08 3.762651e-07 1.918458e-06 2.364082e-06 3.669671e-06 5.402856e-06 2.382025e-05 8.457341e-05 2.115952e-01 
348 13921 2.991483e+01 2.158429e-01 4.312540e-08 4.312540e-08 3.557417e-07 1.906186e-06 2.458640e-06 3.764335e-06 5.279974e-06 2.434350e-05 7.998510e-05 2.158429e-01 
349 13961 3.050241e+01 2.141043e-01 4.215883e-08 4.215883e-08 3.453695e-07 1.981584e-06 2.477423e-06 3.702985e-06 5.555179e-06 2.466230e-05 8.068598e-05 2.141043e-01 
350 14001 2.526568e+01 2.115939e-01 4.132060e-08 4.132060e-08 3.410836e-07 2.001552e-06 2.407701e-06 3.563437e-06 5.293048e-06 2.379529e-05 7.721839e-05 2.115939e-01 
351 14041 2.839218e+01 2.177971e-01 4.016580e-08 4.016580e-08 3.322275e-07 1.960103e-06 2.314942e-06 3.557725e-06 5.132998e-06 2.420589e-05 7.276399e-05 2.177971e-01 
352 14081 2.697331e+01 2.146720e-01 3.900203e-08 3.900203e-08 3.314873e-07 1.913517e-06 2.294575e-06 3.686071e-06 5.025120e-06 2.352563e-05 7.012348e-05 2.146720e-01 
353 14121 3.165686e+01 2.088975e-01 3.752739e-08 3.752739e-08 3.241962e-07 1.951280e-06 2.290943e-06 3.867886e-06 4.832075e-06 2.294614e-05 7.102225e-05 2.088975e-01 
354 14161 3.229549e+01 2.132252e-01 3.823985e-08 3.823985e-08 3.273540e-07 1.877173e-06 2.167749e-06 3.882937e-06 4.779228e-06 2.290587e-05 7.215717e-05 2.132252e-01 
355 14201 3.231419e+01 2.120754e-01 3.890683e-08 3.890683e-08 3.069609e-07 1.800916e-06 2.181049e-06 3.728112e-06 4.534400e-06 2.163264e-05 7.534782e-05 2.120754e-01 
356 14241 3.429250e+01 2.032231e-01 4.066075e-08 4.066075e-08 3.032010e-07 1.695207e-06 2.260775e-06 3.573423e-06 4.406158e-06 2.087161e-05 7.342785e-05 2.032231e-01 
357 14281 3.471698e+01 1.945777e-01 4.068332e-08 4.068332e-08 3.018984e-07 1.662818e-06 2.327563e-06 3.709528e-06 4.265077e-06 2.086669e-05 7.104210e-05 1.945777e-01 
358 14321 3.986771e+01 1.957145e-01 3.942572e-08 3.942572e-08 3.134534e-07 1.617331e-06 2.405322e-06 3.907790e-06 4.318246e-06 2.080477e-05 7.124549e-05 1.957145e-01 
359 14361 4.404323e+01 1.872935e-01 3.953248e-08 3.953248e-08 3.049297e-07 1.578851e-06 2.421138e-06 4.197799e-06 4.914953e-06 2.036448e-05 6.944652e-05 1.872935e-01 
360 14401 4.693689e+01 1.904456e-01 4.140424e-08 4.140424e-08 3.030960e-07 1.645096e-06 2.350864e-06 4.503262e-06 4.989798e-06 2.067639e-05 7.067556e-05 1.904456e-01 
361 14441 4.427950e+01 1.931513e-01 4.059055e-08 4.059055e-08 2.964521e-07 1.583480e-06 2.370064e-06 4.521009e-06 5.027417e-06 2.097054e-05 6.841642e-05 1.931513e-01 
362 14481 4.623995e+01 1.935658e-01 4.208574e-08 4.208574e-08 3.048378e-07 1.540984e-06 2.293124e-06 4.651717e-06 5.062326e-06 2.036777e-05 6.733938e-05 1.935658e-01 
363 14521 5.062110e+01 1.967289e-01 4.052254e-08 4.052254e-08 3.233834e-07 1.440910e-06 2.235735e-06 4.533782e-06 5.037043e-06 2.088364e-05 6.982607e-05 1.967289e-01 
364 14561 5.474523e+01 1.984728e-01 3.949760e-08 3.949760e-08 3.064823e-07 1.576702e-06 2.295541e-06 4.597413e-06 4.927314e-06 2.136694e-05 6.841073e-05 1.984728e-01 
365 14601 5.525283e+01 2.034550e-01 4.002002e-08 4.002002e-08 3.023264e-07 1.578318e-06 2.339705e-06 4.536188e-06 4.951604e-06 2.103605e-05 6.677356e-05 2.034550e-01 
366 14641 5.280612e+01 2.080255e-01 4.120228e-08 4.120228e-08 3.002524e-07 1.549934e-06 2.305221e-06 4.399212e-06 4.805018e-06 2.077483e-05 6.733700e-05 2.080255e-01 
367 14681 5.394458e+01 2.029870e-01 3.958231e-08 3.958231e-08 3.124353e-07 1.537001e-06 2.336965e-06 4.267793e-06 4.953254e-06 2.036324e-05 6.846655e-05 2.029870e-01 
368 14721 5.562134e+01 2.151222e-01 3.950503e-08 3.950503e-08 3.157823e-07 1.486685e-06 2.289935e-06 4.160548e-06 4.912139e-06 2.029359e-05 6.980019e-05 2.151222e-01 
369 14761 5.496198e+01 2.112957e-01 3.958883e-08 3.958883e-08 3.077099e-07 1.468837e-06 2.253942e-06 4.069503e-06 4.719131e-06 2.008523e-05 7.348196e-05 2.112957e-01 
370 14801 5.852379e+01 2.067928e-01 4.053498e-08 4.053498e-08 3.020451e-07 1.430046e-06 2.276932e-06 3.965197e-06 4.859902e-06 2.062486e-05 7.645985e-05 2.067928e-01 
371 14841 5.300208e+01 2.025744e-01 3.944288e-08 3.944288e-08 2.937411e-07 1.367932e-06 2.171944e-06 3.897685e-06 4.826934e-06 2.150074e-05 7.710174e-05 2.025744e-01 
372 14881 5.392266e+01 1.910527e-01 3.976558e-08 3.976558e-08 2.837142e-07 1.358676e-06 2.093400e-06 3.993700e-06 5.023100e-06 2.064086e-05 7.463217e-05 1.910527e-01 
373 14921 4.612996e+01 1.899371e-01 4.092978e-08 4.092978e-08 2.783271e-07 1.316813e-06 2.031422e-06 3.886268e-06 5.049381e-06 2.017555e-05 8.086351e-05 1.899371e-01 
374 14961 3.959958e+01 1.840196e-01 4.108349e-08 4.108349e-08 2.756745e-07 1.318287e-06 1.956541e-06 3.918708e-06 4.891704e-06 2.049584e-05 8.222169e-05 1.840196e-01 
375 15001 3.751759e+01 1.930450e-01 4.135495e-08 4.135495e-08 2.678931e-07 1.377569e-06 1.885010e-06 3.729750e-06 4.647225e-06 1.988019e-05 7.837298e-05 1.930450e-01 
376 15041 3.551437e+01 1.887734e-01 4.112346e-08 4.112346e-08 2.554022e-07 1.339239e-06 1.872184e-06 3.716631e-06 4.756737e-06 1.963874e-05 7.576771e-05 1.887734e-01 
377 15081 3.557206e+01 1.948326e-01 4.035852e-08 4.035852e-08 2.518595e-07 1.309569e-06 1.881453e-06 3.836169e-06 4.963484e-06 1.967293e-05 7.496122e-05 1.948326e-01 
378 15121 3.259435e+01 1.924423e-01 3.949356e-08 3.949356e-08 2.487629e-07 1.242688e-06 1.853586e-06 3.732019e-06 5.082274e-06 1.895207e-05 7.307097e-05 1.924423e-01 
379 15161 3.213660e+01 1.895943e-01 4.110183e-08 4.110183e-08 2.468320e-07 1.228181e-06 1.878965e-06 3.540581e-06 5.052168e-06 1.864135e-05 7.566616e-05 1.895943e-01 
380 15201 3.316649e+01 1.823577e-01 4.261901e-08 4.261901e-08 2.509582e-07 1.212394e-06 1.856161e-06 3.488335e-06 4.905381e-06 1.859661e-05 8.119322e-05 1.823577e-01 
381 15241 3.651669e+01 1.907657e-01 4.205255e-08 4.205255e-08 2.631039e-07 1.228701e-06 1.904179e-06 3.360181e-06 4.697718e-06 1.792398e-05 7.836687e-05 1.907657e-01 
382 15281 3.964802e+01 2.034549e-01 4.175072e-08 4.175072e-08 2.569078e-07 1.195080e-06 1.804131e-06 3.431083e-06 4.676326e-06 1.874144e-05 7.752134e-05 2.034549e-01 
383 15321 4.282345e+01 2.102082e-01 4.106032e-08 4.106032e-08 2.476430e-07 1.209772e-06 1.772999e-06 3.335134e-06 4.644399e-06 1.873503e-05 7.965455e-05 2.102082e-01 
384 15361 4.487270e+01 2.036727e-01 4.064718e-08 4.064718e-08 2.433038e-07 1.164758e-06 1.744693e-06 3.419376e-06 4.737198e-06 1.757989e-05 7.773641e-05 2.036727e-01 
385 15401 4.849573e+01 2.123095e-01 3.959574e-08 3.959574e-08 2.512322e-07 1.128361e-06 1.738108e-06 3.388101e-06 4.693890e-06 1.678205e-05 7.830412e-05 2.123095e-01 
386 15441 5.718504e+01 2.359614e-01 3.776281e-08 3.776281e-08 2.764683e-07 1.085842e-06 1.745672e-06 3.388047e-06 4.888448e-06 1.751148e-05 7.586830e-05 2.359614e-01 
387 15481 5.534335e+01 2.294435e-01 3.780609e-08 3.780609e-08 2.789189e-07 1.032470e-06 1.796511e-06 3.384475e-06 4.802650e-06 1.748398e-05 7.461723e-05 2.294435e-01 
388 15521 5.385214e+01 2.241029e-01 3.783224e-08 3.783224e-08 2.921512e-07 1.024067e-06 1.789261e-06 3.316844e-06 4.650263e-06 1.779998e-05 7.130348e-05 2.241029e-01 
389 15561 4.998640e+01 2.154817e-01 3.970185e-08 3.970185e-08 2.835363e-07 1.010570e-06 1.754571e-06 3.258140e-06 4.617301e-06 1.676010e-05 7.094280e-05 2.154817e-01 
390 15601 4.714462e+01 2.077697e-01 3.748258e-08 3.748258e-08 2.732826e-07 9.811645e-07 1.751136e-06 3.193288e-06 4.655361e-06 1.682889e-05 7.254190e-05 2.077697e-01 
391 15641 4.653335e+01 2.037671e-01 3.647149e-08 3.647149e-08 3.049256e-07 9.680372e-07 1.743241e-06 3.060884e-06 4.558706e-06 1.709270e-05 7.452176e-05 2.037671e-01 
392 15681 5.294890e+01 2.012554e-01 3.526081e-08 3.526081e-08 2.932816e-07 9.929763e-07 1.743717e-06 3.133285e-06 4.730297e-06 1.624211e-05 7.749841e-05 2.012554e-01 
393 15721 5.910264e+01 2.081151e-01 3.389759e-08 3.389759e-08 2.751363e-07 9.569550e-07 1.720076e-06 3.031642e-06 5.109268e-06 1.619573e-05 7.511407e-05 2.081151e-01 
394 15761 5.423535e+01 1.990573e-01 3.283754e-08 3.283754e-08 2.700257e-07 9.163504e-07 1.663336e-06 3.137099e-06 5.269694e-06 1.623806e-05 7.266096e-05 1.990573e-01 
395 15801 5.501161e+01 1.954115e-01 3.256048e-08 3.256048e-08 2.588646e-07 9.203752e-07 1.601169e-06 3.345783e-06 5.061134e-06 1.590947e-05 7.173701e-05 1.954115e-01 
396 15841 6.452239e+01 2.042389e-01 3.227110e-08 3.227110e-08 2.474020e-07 9.375381e-07 1.506293e-06 3.501816e-06 5.045786e-06 1.553000e-05 7.063256e-05 2.042389e-01 
397 15881 6.549225e+01 1.941320e-01 3.200223e-08 3.200223e-08 2.324145e-07 9.429995e-07 1.496432e-06 3.714104e-06 4.957449e-06 1.493657e-05 7.283597e-05 1.941320e-01 
398 15921 6.324597e+01 1.938514e-01 3.180635e-08 3.180635e-08 2.535239e-07 9.012631e-07 1.459081e-06 3.716494e-06 5.017560e-06 1.475094e-05 6.969945e-05 1.938514e-01 
399 15961 6.259870e+01 2.013728e-01 3.216280e-08 3.216280e-08 2.529508e-07 8.515348e-07 1.425660e-06 3.682102e-06 4.858355e-06 1.473899e-05 7.065918e-05 2.013728e-01 
400 16001 6.632114e+01 1.988556e-01 3.200312e-08 3.200312e-08 2.452555e-07 8.377574e-07 1.397746e-06 3.626193e-06 4.953505e-06 1.413593e-05 7.007077e-05 1.988556e-01 
401 16041 7.056614e+01 1.994918e-01 3.257274e-08 3.257274e-08 2.421700e-07 8.617869e-07 1.339251e-06 3.593125e-06 4.831424e-06 1.534580e-05 6.849746e-05 1.994918e-01 
402 16081 6.000793e+01 1.914017e-01 3.187865e-08 3.187865e-08 2.590988e-07 8.457905e-07 1.296900e-06 3.537255e-06 4.925399e-06 1.499756e-05 6.650349e-05 1.914017e-01 
403 16121 6.437523e+01 1.979682e-01 3.051608e-08 3.051608e-08 2.637151e-07 8.385429e-07 1.234249e-06 3.640568e-06 5.102901e-06 1.475964e-05 6.548182e-05 1.979682e-01 
404 16161 6.111118e+01 1.904909e-01 2.983935e-08 2.983935e-08 2.542546e-07 8.051662e-07 1.218473e-06 3.638153e-06 4.884506e-06 1.456338e-05 6.416945e-05 1.904909e-01 
405 16201 5.722220e+01 1.970354e-01 2.962684e-08 2.962684e-08 2.421489e-07 8.141602e-07 1.195718e-06 3.549234e-06 4.908048e-06 1.494973e-05 6.261885e-05 1.970354e-01 
406 16241 5.339564e+01 1.958039e-01 2.823419e-08 2.823419e-08 2.398711e-07 7.927428e-07 1.205611e-06 3.669064e-06 4.929896e-06 1.454510e-05 6.317209e-05 1.958039e-01 
407 16281 4.825189e+01 2.077954e-01 2.768746e-08 2.768746e-08 2.380624e-07 7.632753e-07 1.255455e-06 3.648168e-06 4.811695e-06 1.458341e-05 6.139063e-05 2.077954e-01 
408 16321 4.455998e+01 2.081339e-01 2.801481e-08 2.801481e-08 2.313222e-07 7.329902e-07 1.264889e-06 3.577496e-06 4.892672e-06 1.413068e-05 6.189760e-05 2.081339e-01 
409 16361 4.257046e+01 2.034384e-01 2.848388e-08 2.848388e-08 2.201913e-07 7.420398e-07 1.225000e-06 3.493163e-06 4.888280e-06 1.401886e-05 6.570405e-05 2.034384e-01 
410 16401 4.122582e+01 2.073948e-01 2.829288e-08 2.829288e-08 2.245360e-07 7.198000e-07 1.147655e-06 3.512248e-06 4.769658e-06 1.412812e-05 6.401794e-05 2.073948e-01 
411 16441 3.821291e+01 2.196545e-01 2.754597e-08 2.754597e-08 2.186810e-07 7.332342e-07 1.147534e-06 3.401623e-06 4.700320e-06 1.407703e-05 6.284130e-05 2.196545e-01 
412 16481 3.770546e+01 2.350232e-01 2.678026e-08 2.678026e-08 2.156488e-07 7.155102e-07 1.104050e-06 3.273858e-06 4.686186e-06 1.325931e-05 6.173946e-05 2.350232e-01 
413 16521 3.730256e+01 2.419676e-01 2.594925e-08 2.594925e-08 2.251559e-07 6.965718e-07 1.120088e-06 3.292677e-06 4.534614e-06 1.287587e-05 6.085167e-05 2.419676e-01 
414 16561 4.286427e+01 2.480120e-01 2.641527e-08 2.641527e-08 2.284484e-07 6.983645e-07 1.128079e-06 3.314123e-06 4.413313e-06 1.334523e-05 5.934054e-05 2.480120e-01 
415 16601 4.302876e+01 2.419169e-01 2.633102e-08 2.633102e-08 2.324154e-07 7.209637e-07 1.111823e-06 3.213431e-06 4.349487e-06 1.354575e-05 6.365596e-05 2.419169e-01 
416 16641 4.737758e+01 2.443909e-01 2.525703e-08 2.525703e-08 2.279576e-07 7.846881e-07 1.110713e-06 3.148449e-06 4.326892e-06 1.328749e-05 6.406190e-05 2.443909e-01 
417 16681 4.342492e+01 2.454908e-01 2.503556e-08 2.503556e-08 2.246216e-07 8.696897e-07 1.102826e-06 3.166262e-06 4.206955e-06 1.323342e-05 6.125717e-05 2.454908e-01 
418 16721 3.854811e+01 2.312810e-01 2.423298e-08 2.423298e-08 2.258325e-07 8.524425e-07 1.110945e-06 3.053748e-06 4.113688e-06 1.335338e-05 5.907895e-05 2.312810e-01 
419 16761 3.451422e+01 2.398681e-01 2.474946e-08 2.474946e-08 2.118158e-07 8.375828e-07 1.099901e-06 3.117992e-06 3.897231e-06 1.372101e-05 5.753683e-05 2.398681e-01 
420 16801 3.118634e+01 2.392211e-01 2.388699e-08 2.388699e-08 2.072330e-07 8.022157e-07 1.077140e-06 3.115365e-06 3.743915e-06 1.315003e-05 5.716957e-05 2.392211e-01 
