%  columns="iteration, evaluation, sigma, max axis length, min axis length, all principal axes lengths (sorted square roots of eigenvalues of C)" (startseed=216303, 2015/08/19 21:53:47.04)
1 41 3.242912e+03 9.782459e-01 9.043396e-05 9.043396e-05 9.619800e-05 9.747660e-05 9.849970e-05 1.037164e-04 1.680086e-04 6.207439e-04 2.587092e-03 9.782459e-01 
2 81 3.393873e+03 9.398495e-01 8.836179e-05 8.836179e-05 9.313146e-05 9.493816e-05 9.608671e-05 1.001766e-04 1.716347e-04 5.941000e-04 2.713454e-03 9.398495e-01 
3 121 3.378723e+03 8.939651e-01 8.585974e-05 8.585974e-05 8.927024e-05 9.066950e-05 9.150197e-05 9.372608e-05 1.710172e-04 5.744281e-04 2.685806e-03 8.939651e-01 
4 161 4.339191e+03 8.554909e-01 8.225422e-05 8.225422e-05 8.549795e-05 8.788301e-05 8.998314e-05 9.558463e-05 1.655657e-04 5.633209e-04 2.696254e-03 8.554909e-01 
5 201 5.130112e+03 8.508875e-01 7.881908e-05 7.881908e-05 8.323146e-05 8.569689e-05 8.749530e-05 9.092850e-05 1.599562e-04 5.473685e-04 2.602368e-03 8.508875e-01 
6 241 5.329100e+03 8.232543e-01 7.725345e-05 7.725345e-05 8.070525e-05 8.118719e-05 8.326574e-05 8.805564e-05 1.525673e-04 5.458580e-04 2.443636e-03 8.232543e-01 
7 281 4.880414e+03 8.129073e-01 7.441245e-05 7.441245e-05 7.641717e-05 7.778954e-05 8.212560e-05 8.471540e-05 1.508957e-04 5.231581e-04 2.296419e-03 8.129073e-01 
8 321 4.078015e+03 7.725000e-01 7.089693e-05 7.089693e-05 7.251474e-05 7.564123e-05 8.023747e-05 8.174403e-05 1.450617e-04 4.938007e-04 2.240212e-03 7.725000e-01 
9 361 4.060772e+03 7.186582e-01 6.780873e-05 6.780873e-05 7.012349e-05 7.371558e-05 7.770281e-05 8.381074e-05 1.382832e-04 4.866328e-04 2.136000e-03 7.186582e-01 
10 401 3.918186e+03 6.797810e-01 6.636178e-05 6.636178e-05 7.033557e-05 7.300987e-05 7.519958e-05 8.135749e-05 1.319887e-04 4.816067e-04 2.031867e-03 6.797810e-01 
11 441 3.627426e+03 6.424934e-01 6.267979e-05 6.267979e-05 6.821117e-05 7.161914e-05 7.326165e-05 8.156173e-05 1.300757e-04 4.662658e-04 1.932528e-03 6.424934e-01 
12 481 3.400552e+03 6.189173e-01 6.161832e-05 6.161832e-05 6.654457e-05 7.070403e-05 7.175217e-05 7.976780e-05 1.272492e-04 4.581859e-04 1.840047e-03 6.189173e-01 
13 521 3.287791e+03 6.040692e-01 5.826857e-05 5.826857e-05 6.428170e-05 6.825382e-05 7.359747e-05 7.845811e-05 1.224876e-04 4.537694e-04 1.742389e-03 6.040692e-01 
14 561 3.389474e+03 5.930342e-01 5.539877e-05 5.539877e-05 6.118719e-05 6.794156e-05 7.446518e-05 8.095232e-05 1.169222e-04 4.302160e-04 1.641119e-03 5.930342e-01 
15 601 3.105820e+03 5.788716e-01 5.236794e-05 5.236794e-05 5.916049e-05 6.647951e-05 6.992540e-05 7.836249e-05 1.140734e-04 4.175595e-04 1.548206e-03 5.788716e-01 
16 641 2.951452e+03 5.598828e-01 4.993707e-05 4.993707e-05 6.036273e-05 6.672419e-05 6.814047e-05 7.652574e-05 1.144572e-04 4.032215e-04 1.475320e-03 5.598828e-01 
17 681 3.077715e+03 5.685469e-01 4.778911e-05 4.778911e-05 5.936992e-05 6.299246e-05 6.934909e-05 7.272577e-05 1.125247e-04 3.861362e-04 1.436811e-03 5.685469e-01 
18 721 2.864713e+03 5.397275e-01 4.627099e-05 4.627099e-05 5.997171e-05 6.221059e-05 6.706064e-05 6.949947e-05 1.108391e-04 3.626195e-04 1.404546e-03 5.397275e-01 
19 761 2.733627e+03 5.244540e-01 4.396630e-05 4.396630e-05 5.814197e-05 6.215358e-05 6.340030e-05 6.668283e-05 1.058772e-04 3.532767e-04 1.321806e-03 5.244540e-01 
20 801 2.860194e+03 5.312440e-01 4.335852e-05 4.335852e-05 5.506694e-05 6.096285e-05 6.299695e-05 6.487179e-05 1.032675e-04 3.468215e-04 1.241085e-03 5.312440e-01 
21 841 2.710436e+03 5.161093e-01 4.101955e-05 4.101955e-05 5.242836e-05 5.950272e-05 6.116985e-05 6.387714e-05 1.029189e-04 3.396585e-04 1.203123e-03 5.161093e-01 
22 881 2.565447e+03 5.050483e-01 3.891067e-05 3.891067e-05 5.234835e-05 5.712407e-05 5.890512e-05 6.342263e-05 1.007858e-04 3.316963e-04 1.177042e-03 5.050483e-01 
23 921 2.968286e+03 4.848889e-01 3.666456e-05 3.666456e-05 5.136646e-05 5.503913e-05 6.124132e-05 6.256945e-05 1.022902e-04 3.195419e-04 1.159092e-03 4.848889e-01 
24 961 2.496645e+03 4.647613e-01 3.492262e-05 3.492262e-05 5.022945e-05 5.328008e-05 5.889918e-05 6.037952e-05 9.849347e-05 3.182501e-04 1.127504e-03 4.647613e-01 
25 1001 2.391540e+03 4.516498e-01 3.762810e-05 3.762810e-05 4.722975e-05 5.090892e-05 5.556167e-05 5.793536e-05 9.593038e-05 3.008130e-04 1.082203e-03 4.516498e-01 
26 1041 2.111253e+03 4.447440e-01 3.745806e-05 3.745806e-05 4.548441e-05 4.867031e-05 5.220604e-05 5.671538e-05 9.110026e-05 2.864762e-04 1.063524e-03 4.447440e-01 
27 1081 2.200821e+03 4.675937e-01 3.798523e-05 3.798523e-05 4.332436e-05 4.666029e-05 5.189115e-05 5.498983e-05 8.807825e-05 2.763402e-04 1.057555e-03 4.675937e-01 
28 1121 2.285415e+03 4.605831e-01 3.678439e-05 3.678439e-05 4.073076e-05 4.691200e-05 5.068327e-05 5.556930e-05 8.738107e-05 2.608319e-04 1.069415e-03 4.605831e-01 
29 1161 2.318090e+03 4.540299e-01 3.742554e-05 3.742554e-05 4.102779e-05 4.595412e-05 5.086909e-05 5.326981e-05 8.492583e-05 2.491309e-04 1.040925e-03 4.540299e-01 
30 1201 2.034769e+03 4.415939e-01 3.718541e-05 3.718541e-05 4.100090e-05 4.488322e-05 5.013977e-05 5.207000e-05 8.058528e-05 2.422188e-04 9.985541e-04 4.415939e-01 
31 1241 2.151575e+03 4.495440e-01 3.486568e-05 3.486568e-05 3.940347e-05 4.469916e-05 4.981208e-05 5.218752e-05 8.020313e-05 2.414276e-04 9.844221e-04 4.495440e-01 
32 1281 2.218202e+03 4.657320e-01 3.277016e-05 3.277016e-05 3.937346e-05 4.251856e-05 4.836938e-05 5.205875e-05 7.706356e-05 2.410455e-04 9.704265e-04 4.657320e-01 
33 1321 2.169247e+03 4.907014e-01 3.101828e-05 3.101828e-05 3.852483e-05 4.074770e-05 4.765438e-05 5.112249e-05 7.410661e-05 2.332631e-04 9.363143e-04 4.907014e-01 
34 1361 2.005415e+03 4.985332e-01 2.970133e-05 2.970133e-05 3.795869e-05 3.989155e-05 4.683252e-05 4.896097e-05 7.205740e-05 2.255745e-04 9.166982e-04 4.985332e-01 
35 1401 1.881771e+03 4.891587e-01 2.806948e-05 2.806948e-05 3.692037e-05 3.829953e-05 4.433568e-05 4.939778e-05 7.280805e-05 2.216319e-04 9.245252e-04 4.891587e-01 
36 1441 1.886343e+03 4.973392e-01 2.601629e-05 2.601629e-05 3.580320e-05 3.668215e-05 4.313724e-05 4.839965e-05 7.014664e-05 2.147209e-04 9.347475e-04 4.973392e-01 
37 1481 1.865933e+03 4.978779e-01 2.451029e-05 2.451029e-05 3.470869e-05 3.518966e-05 4.301808e-05 4.987810e-05 6.938427e-05 2.085889e-04 9.719749e-04 4.978779e-01 
38 1521 2.239172e+03 4.717226e-01 2.307196e-05 2.307196e-05 3.353527e-05 3.500682e-05 4.259676e-05 5.149535e-05 7.410540e-05 2.054348e-04 9.992356e-04 4.717226e-01 
39 1561 2.207370e+03 4.935867e-01 2.181118e-05 2.181118e-05 3.353629e-05 3.416451e-05 4.119448e-05 5.138026e-05 7.014516e-05 2.015254e-04 9.857367e-04 4.935867e-01 
40 1601 2.004472e+03 4.832474e-01 2.050565e-05 2.050565e-05 3.249654e-05 3.285789e-05 4.145877e-05 4.990103e-05 6.971921e-05 2.009899e-04 1.025568e-03 4.832474e-01 
41 1641 1.976675e+03 4.603151e-01 1.951341e-05 1.951341e-05 3.255804e-05 3.282578e-05 4.185898e-05 4.963939e-05 7.098658e-05 2.188972e-04 1.002686e-03 4.603151e-01 
42 1681 1.866821e+03 4.445082e-01 1.828734e-05 1.828734e-05 3.116977e-05 3.304402e-05 4.016595e-05 4.852551e-05 7.152807e-05 2.125838e-04 9.905172e-04 4.445082e-01 
43 1721 1.743599e+03 4.618957e-01 1.721215e-05 1.721215e-05 2.997655e-05 3.280453e-05 3.844906e-05 4.578895e-05 7.076859e-05 2.040971e-04 9.485915e-04 4.618957e-01 
44 1761 1.821305e+03 4.454149e-01 1.631097e-05 1.631097e-05 2.948607e-05 3.429376e-05 3.739760e-05 4.460566e-05 6.973973e-05 2.166676e-04 1.018929e-03 4.454149e-01 
45 1801 1.991632e+03 4.347803e-01 1.550039e-05 1.550039e-05 2.941422e-05 3.511000e-05 3.574788e-05 4.485217e-05 6.885894e-05 2.111169e-04 1.123321e-03 4.347803e-01 
46 1841 1.982581e+03 4.260836e-01 1.497832e-05 1.497832e-05 2.916761e-05 3.480557e-05 3.666751e-05 4.445048e-05 6.809814e-05 2.024729e-04 1.097497e-03 4.260836e-01 
47 1881 1.682323e+03 4.179869e-01 1.394687e-05 1.394687e-05 2.806783e-05 3.344318e-05 3.544179e-05 4.342115e-05 6.693351e-05 1.967800e-04 1.077846e-03 4.179869e-01 
48 1921 1.786332e+03 4.148187e-01 1.305432e-05 1.305432e-05 2.761522e-05 3.244182e-05 3.579882e-05 4.243520e-05 6.821283e-05 1.967128e-04 1.037179e-03 4.148187e-01 
49 1961 1.809066e+03 4.004110e-01 1.225627e-05 1.225627e-05 2.631389e-05 3.261382e-05 3.670450e-05 4.558545e-05 6.730440e-05 1.967804e-04 9.863592e-04 4.004110e-01 
50 2001 1.770059e+03 3.902241e-01 1.167392e-05 1.167392e-05 2.527191e-05 3.083507e-05 3.679231e-05 4.547907e-05 6.693102e-05 1.871743e-04 9.647830e-04 3.902241e-01 
51 2041 1.817249e+03 3.859714e-01 1.111274e-05 1.111274e-05 2.539149e-05 2.921888e-05 3.653068e-05 4.524882e-05 6.578920e-05 1.826559e-04 1.002503e-03 3.859714e-01 
52 2081 1.862395e+03 3.739798e-01 1.056633e-05 1.056633e-05 2.416297e-05 2.781594e-05 3.644607e-05 4.424702e-05 6.637668e-05 1.775851e-04 9.933564e-04 3.739798e-01 
53 2121 1.849314e+03 3.565034e-01 9.904471e-06 9.904471e-06 2.317553e-05 2.742802e-05 3.640494e-05 4.341802e-05 6.825200e-05 1.688643e-04 9.609005e-04 3.565034e-01 
54 2161 1.585649e+03 3.496064e-01 9.196588e-06 9.196588e-06 2.242044e-05 2.672231e-05 3.422591e-05 4.076361e-05 6.783045e-05 1.655594e-04 9.682072e-04 3.496064e-01 
55 2201 1.435418e+03 3.425139e-01 8.643749e-06 8.643749e-06 2.220601e-05 2.553835e-05 3.509892e-05 3.878616e-05 6.884558e-05 1.619759e-04 9.839108e-04 3.425139e-01 
56 2241 1.408207e+03 3.453324e-01 8.234083e-06 8.234083e-06 2.186069e-05 2.699084e-05 3.499080e-05 3.834023e-05 6.885522e-05 1.619646e-04 1.036795e-03 3.453324e-01 
57 2281 1.567240e+03 3.471344e-01 7.681024e-06 7.681024e-06 2.154835e-05 2.633180e-05 3.498401e-05 3.844207e-05 6.740241e-05 1.683281e-04 1.018756e-03 3.471344e-01 
58 2321 1.442924e+03 3.471405e-01 7.195939e-06 7.195939e-06 2.151478e-05 2.499988e-05 3.442790e-05 3.782331e-05 6.464405e-05 1.656477e-04 1.001783e-03 3.471405e-01 
59 2361 1.451115e+03 3.279627e-01 6.747823e-06 6.747823e-06 2.240111e-05 2.402150e-05 3.356697e-05 3.635009e-05 6.756897e-05 1.653566e-04 1.033666e-03 3.279627e-01 
60 2401 1.280612e+03 3.285541e-01 6.420232e-06 6.420232e-06 2.171675e-05 2.382538e-05 3.378160e-05 3.499376e-05 6.384418e-05 1.571733e-04 1.021318e-03 3.285541e-01 
61 2441 1.247557e+03 3.247136e-01 6.039604e-06 6.039604e-06 2.136380e-05 2.333035e-05 3.330507e-05 3.653876e-05 6.133293e-05 1.554081e-04 9.828528e-04 3.247136e-01 
62 2481 1.188180e+03 3.059409e-01 5.651651e-06 5.651651e-06 2.051230e-05 2.259542e-05 3.320961e-05 3.573831e-05 6.317310e-05 1.533287e-04 9.692582e-04 3.059409e-01 
63 2521 1.065270e+03 3.074807e-01 5.322572e-06 5.322572e-06 1.949620e-05 2.149296e-05 3.230800e-05 3.713521e-05 6.048502e-05 1.501487e-04 9.394855e-04 3.074807e-01 
64 2561 9.436155e+02 3.161360e-01 5.006280e-06 5.006280e-06 1.886843e-05 2.047455e-05 3.165219e-05 3.720695e-05 5.871491e-05 1.423018e-04 9.456635e-04 3.161360e-01 
65 2601 8.864878e+02 3.231265e-01 4.766842e-06 4.766842e-06 1.852329e-05 2.083717e-05 3.037893e-05 3.639269e-05 6.055531e-05 1.346476e-04 9.764920e-04 3.231265e-01 
66 2641 8.478046e+02 3.236051e-01 4.471654e-06 4.471654e-06 1.784610e-05 2.050858e-05 3.073771e-05 3.623263e-05 5.819254e-05 1.357785e-04 1.083098e-03 3.236051e-01 
67 2681 8.208362e+02 3.143917e-01 4.214390e-06 4.214390e-06 1.696932e-05 1.997571e-05 2.968862e-05 3.593540e-05 5.670137e-05 1.329109e-04 1.034326e-03 3.143917e-01 
68 2721 7.515337e+02 3.356201e-01 3.999531e-06 3.999531e-06 1.638272e-05 1.946666e-05 2.913865e-05 3.515445e-05 5.686481e-05 1.287086e-04 1.014417e-03 3.356201e-01 
69 2761 7.738485e+02 3.281410e-01 3.724834e-06 3.724834e-06 1.549733e-05 1.954153e-05 2.797931e-05 3.670629e-05 5.502208e-05 1.291060e-04 1.016696e-03 3.281410e-01 
70 2801 7.626520e+02 3.231930e-01 3.469745e-06 3.469745e-06 1.512762e-05 1.869736e-05 2.605076e-05 3.657296e-05 5.521735e-05 1.255906e-04 1.006378e-03 3.231930e-01 
71 2841 6.913184e+02 3.106933e-01 3.272500e-06 3.272500e-06 1.429948e-05 1.813025e-05 2.501683e-05 3.567747e-05 5.279558e-05 1.199524e-04 9.931904e-04 3.106933e-01 
72 2881 6.954063e+02 3.256219e-01 3.131879e-06 3.131879e-06 1.351963e-05 1.783490e-05 2.424511e-05 3.442842e-05 5.179899e-05 1.180786e-04 1.009690e-03 3.256219e-01 
73 2921 7.035527e+02 3.308906e-01 3.019210e-06 3.019210e-06 1.280624e-05 1.798388e-05 2.393302e-05 3.244264e-05 4.976423e-05 1.141884e-04 1.024494e-03 3.308906e-01 
74 2961 7.072606e+02 3.227643e-01 2.900299e-06 2.900299e-06 1.257568e-05 1.723263e-05 2.291343e-05 3.227695e-05 4.789337e-05 1.112938e-04 1.040401e-03 3.227643e-01 
75 3001 5.824897e+02 3.266262e-01 2.768230e-06 2.768230e-06 1.198461e-05 1.646716e-05 2.220923e-05 3.143497e-05 4.912982e-05 1.113266e-04 1.043627e-03 3.266262e-01 
76 3041 6.321436e+02 3.199115e-01 2.640282e-06 2.640282e-06 1.172870e-05 1.725654e-05 2.161884e-05 3.034146e-05 4.990053e-05 1.062676e-04 1.125296e-03 3.199115e-01 
77 3081 6.366528e+02 3.134931e-01 2.481987e-06 2.481987e-06 1.123638e-05 1.700495e-05 2.100011e-05 2.963632e-05 4.776422e-05 1.048481e-04 1.149610e-03 3.134931e-01 
78 3121 6.483484e+02 3.262875e-01 2.386451e-06 2.386451e-06 1.061919e-05 1.586585e-05 2.141805e-05 2.931649e-05 4.619281e-05 1.145814e-04 1.105803e-03 3.262875e-01 
79 3161 5.956104e+02 3.272185e-01 2.287076e-06 2.287076e-06 1.027643e-05 1.543348e-05 2.022033e-05 2.871050e-05 4.503301e-05 1.129455e-04 1.045698e-03 3.272185e-01 
80 3201 5.921201e+02 3.161347e-01 2.135922e-06 2.135922e-06 9.855896e-06 1.568894e-05 2.012883e-05 2.747991e-05 4.518911e-05 1.095895e-04 1.005774e-03 3.161347e-01 
81 3241 5.264640e+02 3.137040e-01 2.058070e-06 2.058070e-06 9.350261e-06 1.503814e-05 1.907082e-05 2.840866e-05 4.488584e-05 1.039681e-04 9.795232e-04 3.137040e-01 
82 3281 4.812150e+02 3.261105e-01 1.937313e-06 1.937313e-06 8.854820e-06 1.475940e-05 1.929809e-05 2.770830e-05 4.291564e-05 1.013703e-04 9.566273e-04 3.261105e-01 
83 3321 4.795812e+02 3.127452e-01 1.835532e-06 1.835532e-06 8.568425e-06 1.393630e-05 1.933488e-05 2.679271e-05 4.558166e-05 9.931704e-05 9.193866e-04 3.127452e-01 
84 3361 4.464130e+02 3.205109e-01 1.753768e-06 1.753768e-06 8.115111e-06 1.388959e-05 1.909331e-05 2.604370e-05 4.584450e-05 1.041072e-04 8.773091e-04 3.205109e-01 
85 3401 4.232325e+02 3.139647e-01 1.659210e-06 1.659210e-06 7.755333e-06 1.389859e-05 1.875799e-05 2.648904e-05 4.455819e-05 1.046628e-04 9.009713e-04 3.139647e-01 
86 3441 4.410480e+02 3.118784e-01 1.584481e-06 1.584481e-06 7.253182e-06 1.360877e-05 1.909057e-05 2.526692e-05 4.499780e-05 1.145143e-04 8.677106e-04 3.118784e-01 
87 3481 4.076289e+02 3.008295e-01 1.502149e-06 1.502149e-06 6.826798e-06 1.389838e-05 1.820233e-05 2.456640e-05 4.518185e-05 1.156416e-04 8.805476e-04 3.008295e-01 
88 3521 3.701199e+02 2.864544e-01 1.475645e-06 1.475645e-06 6.657488e-06 1.332574e-05 1.776257e-05 2.379126e-05 4.323840e-05 1.150465e-04 8.762492e-04 2.864544e-01 
89 3561 3.471474e+02 2.813862e-01 1.520602e-06 1.520602e-06 6.305241e-06 1.274976e-05 1.739921e-05 2.366774e-05 4.209265e-05 1.142097e-04 8.424574e-04 2.813862e-01 
90 3601 3.670696e+02 2.806310e-01 1.461096e-06 1.461096e-06 6.049740e-06 1.293953e-05 1.661686e-05 2.353436e-05 4.388888e-05 1.132794e-04 8.347233e-04 2.806310e-01 
91 3641 4.389194e+02 2.940366e-01 1.386294e-06 1.386294e-06 5.597232e-06 1.267452e-05 1.682227e-05 2.657087e-05 4.268828e-05 1.144584e-04 8.093414e-04 2.940366e-01 
92 3681 5.552850e+02 2.922922e-01 1.358292e-06 1.358292e-06 5.232368e-06 1.232772e-05 1.594025e-05 2.626809e-05 4.107805e-05 1.123488e-04 8.380909e-04 2.922922e-01 
93 3721 5.009690e+02 2.838469e-01 1.294880e-06 1.294880e-06 4.944679e-06 1.177417e-05 1.586964e-05 2.550928e-05 4.019275e-05 1.113831e-04 8.084759e-04 2.838469e-01 
94 3761 4.360521e+02 2.726173e-01 1.206769e-06 1.206769e-06 4.667595e-06 1.191223e-05 1.529419e-05 2.437700e-05 3.836003e-05 1.107605e-04 8.239431e-04 2.726173e-01 
95 3801 3.991559e+02 2.636238e-01 1.131648e-06 1.131648e-06 4.453968e-06 1.247307e-05 1.572805e-05 2.379177e-05 3.655789e-05 1.117696e-04 7.885538e-04 2.636238e-01 
96 3841 4.181912e+02 2.656775e-01 1.127395e-06 1.127395e-06 4.190225e-06 1.198216e-05 1.590422e-05 2.289054e-05 3.625092e-05 1.208630e-04 7.647338e-04 2.656775e-01 
97 3881 3.925737e+02 2.591203e-01 1.115630e-06 1.115630e-06 3.981647e-06 1.175674e-05 1.533468e-05 2.212895e-05 3.505697e-05 1.186083e-04 7.460060e-04 2.591203e-01 
98 3921 3.759875e+02 2.523945e-01 1.074431e-06 1.074431e-06 3.718112e-06 1.131885e-05 1.507410e-05 2.094173e-05 3.494097e-05 1.184238e-04 7.356001e-04 2.523945e-01 
99 3961 3.647318e+02 2.506995e-01 1.054757e-06 1.054757e-06 3.507681e-06 1.124209e-05 1.495159e-05 2.003960e-05 3.385681e-05 1.154036e-04 7.612112e-04 2.506995e-01 
100 4001 3.264965e+02 2.460856e-01 1.029402e-06 1.029402e-06 3.391327e-06 1.066396e-05 1.448256e-05 1.992813e-05 3.381545e-05 1.136529e-04 7.474631e-04 2.460856e-01 
101 4041 3.191408e+02 2.460082e-01 1.006051e-06 1.006051e-06 3.356287e-06 1.094844e-05 1.444599e-05 1.973430e-05 3.419213e-05 1.160215e-04 7.277151e-04 2.460082e-01 
102 4081 3.453001e+02 2.682378e-01 9.660384e-07 9.660384e-07 3.196602e-06 1.097476e-05 1.428973e-05 2.012428e-05 3.362507e-05 1.220033e-04 6.860338e-04 2.682378e-01 
103 4121 3.011075e+02 2.636326e-01 9.298765e-07 9.298765e-07 3.000717e-06 1.064124e-05 1.430907e-05 2.020817e-05 3.179619e-05 1.233482e-04 6.983036e-04 2.636326e-01 
104 4161 2.844231e+02 2.571237e-01 9.433498e-07 9.433498e-07 2.855244e-06 1.018695e-05 1.429155e-05 2.022075e-05 3.081175e-05 1.236903e-04 6.664625e-04 2.571237e-01 
105 4201 2.348340e+02 2.596761e-01 9.007096e-07 9.007096e-07 2.695617e-06 1.007864e-05 1.458310e-05 1.987282e-05 3.092165e-05 1.207382e-04 6.588517e-04 2.596761e-01 
106 4241 2.403720e+02 2.649101e-01 8.717401e-07 8.717401e-07 2.701212e-06 9.843905e-06 1.472852e-05 1.899663e-05 3.219732e-05 1.167801e-04 6.477575e-04 2.649101e-01 
107 4281 2.429938e+02 2.641693e-01 9.071284e-07 9.071284e-07 2.598762e-06 9.666611e-06 1.440348e-05 1.859583e-05 3.152531e-05 1.138209e-04 6.398402e-04 2.641693e-01 
108 4321 2.269941e+02 2.525557e-01 8.805699e-07 8.805699e-07 2.501812e-06 9.556405e-06 1.403521e-05 1.865417e-05 3.101249e-05 1.114536e-04 6.316456e-04 2.525557e-01 
109 4361 1.953114e+02 2.459668e-01 8.702949e-07 8.702949e-07 2.457167e-06 9.096496e-06 1.484087e-05 1.782758e-05 3.132874e-05 1.094717e-04 6.364297e-04 2.459668e-01 
110 4401 1.893283e+02 2.426471e-01 8.467367e-07 8.467367e-07 2.354141e-06 8.591515e-06 1.429602e-05 1.746402e-05 3.207026e-05 1.057315e-04 6.134701e-04 2.426471e-01 
111 4441 1.774266e+02 2.422461e-01 8.137729e-07 8.137729e-07 2.353903e-06 8.678261e-06 1.379896e-05 1.713814e-05 3.116960e-05 9.985846e-05 6.141607e-04 2.422461e-01 
112 4481 1.835750e+02 2.360069e-01 8.128015e-07 8.128015e-07 2.410546e-06 8.687991e-06 1.387674e-05 1.713920e-05 3.092519e-05 9.910108e-05 6.308758e-04 2.360069e-01 
113 4521 1.852635e+02 2.384598e-01 7.778471e-07 7.778471e-07 2.369371e-06 8.705701e-06 1.381868e-05 1.700457e-05 3.114540e-05 9.755624e-05 6.174282e-04 2.384598e-01 
114 4561 1.943272e+02 2.445727e-01 7.744458e-07 7.744458e-07 2.351613e-06 8.855407e-06 1.406235e-05 1.617180e-05 3.048734e-05 9.681772e-05 6.722406e-04 2.445727e-01 
115 4601 1.971049e+02 2.483715e-01 7.630441e-07 7.630441e-07 2.347466e-06 8.758467e-06 1.377092e-05 1.591509e-05 3.132062e-05 9.854869e-05 6.368794e-04 2.483715e-01 
116 4641 1.887668e+02 2.452073e-01 7.982683e-07 7.982683e-07 2.298607e-06 8.336436e-06 1.360124e-05 1.655952e-05 3.146354e-05 1.014409e-04 6.299325e-04 2.452073e-01 
117 4681 1.831012e+02 2.342657e-01 7.747626e-07 7.747626e-07 2.180688e-06 8.051514e-06 1.343424e-05 1.562965e-05 3.119332e-05 9.897056e-05 6.591082e-04 2.342657e-01 
118 4721 1.606727e+02 2.265347e-01 7.422485e-07 7.422485e-07 2.106457e-06 8.148223e-06 1.328829e-05 1.607182e-05 3.155285e-05 1.041468e-04 6.494616e-04 2.265347e-01 
119 4761 1.423773e+02 2.179427e-01 7.529674e-07 7.529674e-07 2.048511e-06 7.818707e-06 1.269779e-05 1.527855e-05 3.025392e-05 1.035528e-04 6.523229e-04 2.179427e-01 
120 4801 1.487071e+02 2.180219e-01 7.572506e-07 7.572506e-07 2.095308e-06 7.831484e-06 1.295463e-05 1.466290e-05 3.185295e-05 1.002024e-04 6.723340e-04 2.180219e-01 
121 4841 1.279113e+02 2.132007e-01 7.322533e-07 7.322533e-07 2.003942e-06 7.597334e-06 1.252059e-05 1.444442e-05 3.097321e-05 9.967792e-05 6.710494e-04 2.132007e-01 
122 4881 1.184152e+02 2.141163e-01 7.270081e-07 7.270081e-07 1.934729e-06 7.214711e-06 1.242449e-05 1.423055e-05 2.974882e-05 9.478865e-05 6.966076e-04 2.141163e-01 
123 4921 1.295419e+02 2.190112e-01 7.599247e-07 7.599247e-07 2.034958e-06 6.853465e-06 1.251652e-05 1.426944e-05 2.967351e-05 9.370506e-05 6.723917e-04 2.190112e-01 
124 4961 1.345326e+02 2.197751e-01 7.507973e-07 7.507973e-07 1.999726e-06 6.585991e-06 1.264602e-05 1.501823e-05 3.052054e-05 9.258174e-05 6.766943e-04 2.197751e-01 
125 5001 1.435154e+02 2.485960e-01 7.157622e-07 7.157622e-07 1.922960e-06 6.241242e-06 1.286542e-05 1.446077e-05 3.097628e-05 9.102859e-05 6.531252e-04 2.485960e-01 
126 5041 1.482784e+02 2.477161e-01 7.041662e-07 7.041662e-07 1.840906e-06 6.065563e-06 1.233966e-05 1.413615e-05 3.283222e-05 9.130852e-05 6.584747e-04 2.477161e-01 
127 5081 1.543537e+02 2.488764e-01 7.027596e-07 7.027596e-07 1.790439e-06 5.913216e-06 1.259605e-05 1.439259e-05 3.244255e-05 9.414754e-05 6.483059e-04 2.488764e-01 
128 5121 1.357809e+02 2.387464e-01 6.805810e-07 6.805810e-07 1.702760e-06 5.910086e-06 1.247489e-05 1.455967e-05 3.236255e-05 9.013275e-05 6.339023e-04 2.387464e-01 
129 5161 1.476362e+02 2.339807e-01 6.481633e-07 6.481633e-07 1.739243e-06 5.622006e-06 1.251955e-05 1.396622e-05 3.168351e-05 9.008434e-05 6.776319e-04 2.339807e-01 
130 5201 1.391774e+02 2.229684e-01 6.375954e-07 6.375954e-07 1.699393e-06 5.633781e-06 1.216660e-05 1.369469e-05 3.112566e-05 8.614046e-05 7.054603e-04 2.229684e-01 
131 5241 1.339772e+02 2.277882e-01 6.153676e-07 6.153676e-07 1.692243e-06 5.453887e-06 1.192726e-05 1.348423e-05 3.148623e-05 9.141052e-05 6.674870e-04 2.277882e-01 
132 5281 1.348234e+02 2.237528e-01 6.430394e-07 6.430394e-07 1.615459e-06 5.693956e-06 1.152298e-05 1.346428e-05 3.172967e-05 8.797675e-05 6.834281e-04 2.237528e-01 
133 5321 1.299309e+02 2.158414e-01 6.499801e-07 6.499801e-07 1.539426e-06 5.695007e-06 1.117922e-05 1.348506e-05 3.184154e-05 8.726448e-05 7.216995e-04 2.158414e-01 
134 5361 1.247832e+02 2.140697e-01 6.462698e-07 6.462698e-07 1.519061e-06 5.498707e-06 1.097737e-05 1.364650e-05 3.116556e-05 8.262101e-05 7.440519e-04 2.140697e-01 
135 5401 1.085330e+02 2.124908e-01 6.488262e-07 6.488262e-07 1.469723e-06 5.414498e-06 1.066662e-05 1.302291e-05 3.045192e-05 8.342982e-05 7.187315e-04 2.124908e-01 
136 5441 8.792639e+01 2.075367e-01 6.097177e-07 6.097177e-07 1.422904e-06 5.600734e-06 1.022279e-05 1.263528e-05 3.075644e-05 8.033602e-05 7.166836e-04 2.075367e-01 
137 5481 8.391381e+01 1.993909e-01 6.019819e-07 6.019819e-07 1.406611e-06 5.496061e-06 9.786285e-06 1.293149e-05 2.972250e-05 8.137477e-05 7.275651e-04 1.993909e-01 
138 5521 9.972298e+01 2.138229e-01 6.251315e-07 6.251315e-07 1.355340e-06 5.835043e-06 9.758947e-06 1.260450e-05 3.042084e-05 8.237346e-05 7.170489e-04 2.138229e-01 
139 5561 9.987014e+01 2.411204e-01 6.492709e-07 6.492709e-07 1.326791e-06 5.828742e-06 9.465367e-06 1.218471e-05 2.947643e-05 7.835894e-05 7.194484e-04 2.411204e-01 
140 5601 1.095925e+02 2.295846e-01 6.270345e-07 6.270345e-07 1.279381e-06 5.933013e-06 9.215654e-06 1.315154e-05 2.911857e-05 7.772375e-05 7.471617e-04 2.295846e-01 
141 5641 1.332897e+02 2.304258e-01 6.332268e-07 6.332268e-07 1.315221e-06 6.138399e-06 9.395343e-06 1.457020e-05 2.900155e-05 7.427425e-05 7.431630e-04 2.304258e-01 
142 5681 1.304851e+02 2.497978e-01 6.030465e-07 6.030465e-07 1.251261e-06 6.091597e-06 9.089809e-06 1.450537e-05 2.951529e-05 7.367086e-05 7.371193e-04 2.497978e-01 
143 5721 1.280357e+02 2.450978e-01 5.979118e-07 5.979118e-07 1.235562e-06 5.953949e-06 8.767378e-06 1.434804e-05 3.072848e-05 7.076536e-05 7.531272e-04 2.450978e-01 
144 5761 1.352181e+02 2.382816e-01 5.970495e-07 5.970495e-07 1.225455e-06 5.864680e-06 8.563670e-06 1.427242e-05 3.316717e-05 7.096905e-05 7.242434e-04 2.382816e-01 
145 5801 1.303721e+02 2.353756e-01 5.630648e-07 5.630648e-07 1.213973e-06 5.755740e-06 8.628741e-06 1.365606e-05 3.308147e-05 6.697779e-05 7.222079e-04 2.353756e-01 
146 5841 1.438449e+02 2.322074e-01 5.998357e-07 5.998357e-07 1.228636e-06 5.511694e-06 8.934969e-06 1.365516e-05 3.282688e-05 6.787715e-05 7.095259e-04 2.322074e-01 
147 5881 1.480168e+02 2.241530e-01 5.868190e-07 5.868190e-07 1.292601e-06 5.525512e-06 8.636489e-06 1.332940e-05 3.264327e-05 6.497530e-05 6.747162e-04 2.241530e-01 
148 5921 1.316982e+02 2.239432e-01 5.832560e-07 5.832560e-07 1.261407e-06 5.506099e-06 8.407036e-06 1.306755e-05 3.108318e-05 6.645461e-05 6.546462e-04 2.239432e-01 
149 5961 1.189464e+02 2.237524e-01 5.740497e-07 5.740497e-07 1.261174e-06 5.348326e-06 8.133079e-06 1.272487e-05 3.074080e-05 6.690511e-05 6.276637e-04 2.237524e-01 
150 6001 1.278705e+02 2.136158e-01 5.511542e-07 5.511542e-07 1.273186e-06 5.717378e-06 7.712602e-06 1.225739e-05 3.102413e-05 6.657354e-05 6.651223e-04 2.136158e-01 
151 6041 1.196212e+02 2.153425e-01 5.367638e-07 5.367638e-07 1.239114e-06 5.778299e-06 7.457250e-06 1.182362e-05 3.032194e-05 6.740174e-05 6.472362e-04 2.153425e-01 
152 6081 1.021599e+02 2.113518e-01 5.162080e-07 5.162080e-07 1.192337e-06 5.811771e-06 7.336233e-06 1.208154e-05 2.923027e-05 6.371751e-05 6.322614e-04 2.113518e-01 
153 6121 9.367474e+01 2.007171e-01 4.921223e-07 4.921223e-07 1.147600e-06 5.869006e-06 7.122614e-06 1.180318e-05 2.821950e-05 6.341972e-05 6.335854e-04 2.007171e-01 
154 6161 8.418089e+01 1.961992e-01 4.717041e-07 4.717041e-07 1.150656e-06 5.753384e-06 7.159358e-06 1.132592e-05 2.764681e-05 6.216735e-05 6.435331e-04 1.961992e-01 
155 6201 7.711702e+01 2.047453e-01 4.534382e-07 4.534382e-07 1.142139e-06 5.567573e-06 6.929473e-06 1.087688e-05 2.693143e-05 5.814146e-05 6.563974e-04 2.047453e-01 
156 6241 8.017703e+01 2.088580e-01 4.559303e-07 4.559303e-07 1.117683e-06 5.775993e-06 6.711654e-06 1.111099e-05 2.721086e-05 5.752848e-05 6.719615e-04 2.088580e-01 
157 6281 7.654635e+01 2.007339e-01 4.418858e-07 4.418858e-07 1.086495e-06 5.795108e-06 7.079959e-06 1.135931e-05 2.705244e-05 5.644014e-05 6.519363e-04 2.007339e-01 
158 6321 7.647442e+01 2.036601e-01 4.378844e-07 4.378844e-07 1.061494e-06 5.575172e-06 7.167848e-06 1.133697e-05 2.701517e-05 5.636374e-05 6.331454e-04 2.036601e-01 
159 6361 7.302966e+01 1.931854e-01 4.188967e-07 4.188967e-07 1.043014e-06 6.053325e-06 7.096008e-06 1.109441e-05 2.657067e-05 5.706660e-05 6.195210e-04 1.931854e-01 
160 6401 7.584555e+01 1.849014e-01 4.057289e-07 4.057289e-07 1.006509e-06 5.813274e-06 7.079238e-06 1.111617e-05 2.883447e-05 5.507217e-05 6.058692e-04 1.849014e-01 
161 6441 6.902332e+01 1.796474e-01 4.016881e-07 4.016881e-07 9.682824e-07 5.590396e-06 7.028616e-06 1.093389e-05 2.794352e-05 5.550943e-05 5.851885e-04 1.796474e-01 
162 6481 6.569054e+01 1.728266e-01 3.857916e-07 3.857916e-07 9.985206e-07 5.398111e-06 7.342569e-06 1.042859e-05 2.655674e-05 5.678238e-05 5.807075e-04 1.728266e-01 
163 6521 7.107836e+01 1.726605e-01 3.804677e-07 3.804677e-07 1.012454e-06 5.294477e-06 7.085380e-06 1.012892e-05 2.593034e-05 6.103315e-05 5.594201e-04 1.726605e-01 
164 6561 7.223044e+01 1.765981e-01 4.135763e-07 4.135763e-07 9.889719e-07 5.263082e-06 6.871281e-06 1.050826e-05 2.554182e-05 6.132974e-05 5.479677e-04 1.765981e-01 
165 6601 5.882091e+01 1.795724e-01 4.219266e-07 4.219266e-07 1.001752e-06 5.482944e-06 6.712092e-06 1.002398e-05 2.546444e-05 6.311745e-05 5.216683e-04 1.795724e-01 
166 6641 5.315394e+01 1.709997e-01 4.305930e-07 4.305930e-07 1.004955e-06 5.393350e-06 6.490619e-06 1.073523e-05 2.565601e-05 6.193237e-05 5.070137e-04 1.709997e-01 
167 6681 5.233876e+01 1.639071e-01 4.211923e-07 4.211923e-07 9.850735e-07 5.139304e-06 6.465500e-06 1.070771e-05 2.726880e-05 6.124288e-05 5.161068e-04 1.639071e-01 
168 6721 5.485986e+01 1.606590e-01 4.154434e-07 4.154434e-07 9.375939e-07 5.146823e-06 6.538020e-06 1.080553e-05 2.757552e-05 6.020708e-05 5.029745e-04 1.606590e-01 
169 6761 5.085725e+01 1.561155e-01 4.117733e-07 4.117733e-07 8.993807e-07 5.072434e-06 6.480754e-06 1.088767e-05 2.767532e-05 5.778288e-05 4.971378e-04 1.561155e-01 
170 6801 5.379621e+01 1.585142e-01 3.958354e-07 3.958354e-07 8.960091e-07 4.928715e-06 7.123096e-06 1.066927e-05 2.717883e-05 5.516182e-05 4.868039e-04 1.585142e-01 
171 6841 6.192864e+01 1.544110e-01 3.803473e-07 3.803473e-07 9.039546e-07 4.955311e-06 7.297862e-06 1.076614e-05 2.632721e-05 5.609904e-05 5.273847e-04 1.544110e-01 
172 6881 6.851260e+01 1.546053e-01 3.775610e-07 3.775610e-07 8.655222e-07 5.180555e-06 7.259877e-06 1.072321e-05 2.645601e-05 5.456643e-05 5.430042e-04 1.546053e-01 
173 6921 6.985314e+01 1.534561e-01 4.083630e-07 4.083630e-07 8.601964e-07 5.100633e-06 7.061004e-06 1.032164e-05 2.611885e-05 5.431839e-05 5.353122e-04 1.534561e-01 
174 6961 7.523248e+01 1.527023e-01 4.057635e-07 4.057635e-07 8.474307e-07 4.860802e-06 7.014588e-06 1.059328e-05 2.533273e-05 5.202917e-05 5.176180e-04 1.527023e-01 
175 7001 7.571190e+01 1.497457e-01 4.238475e-07 4.238475e-07 8.193685e-07 4.966217e-06 6.910478e-06 1.029237e-05 2.522852e-05 5.242708e-05 5.072609e-04 1.497457e-01 
176 7041 6.764590e+01 1.491654e-01 4.219394e-07 4.219394e-07 7.868270e-07 4.919362e-06 6.718201e-06 1.064361e-05 2.492303e-05 5.191837e-05 4.901636e-04 1.491654e-01 
177 7081 6.245095e+01 1.463594e-01 4.136916e-07 4.136916e-07 7.566227e-07 4.762622e-06 6.740130e-06 1.056014e-05 2.457126e-05 5.167813e-05 4.741568e-04 1.463594e-01 
178 7121 6.006687e+01 1.469344e-01 4.209701e-07 4.209701e-07 7.814094e-07 4.555600e-06 6.915473e-06 1.035559e-05 2.390619e-05 5.079243e-05 4.918818e-04 1.469344e-01 
179 7161 5.508787e+01 1.444525e-01 4.187781e-07 4.187781e-07 8.038989e-07 4.516722e-06 6.655033e-06 9.701730e-06 2.391865e-05 5.189542e-05 5.040717e-04 1.444525e-01 
180 7201 5.998692e+01 1.472963e-01 4.259436e-07 4.259436e-07 8.015756e-07 4.646119e-06 6.432118e-06 9.742786e-06 2.481811e-05 5.083014e-05 4.842670e-04 1.472963e-01 
181 7241 7.124742e+01 1.553027e-01 4.248827e-07 4.248827e-07 7.961599e-07 4.614757e-06 6.163305e-06 9.551037e-06 2.466784e-05 4.924039e-05 4.660477e-04 1.553027e-01 
182 7281 7.937040e+01 1.609432e-01 4.406193e-07 4.406193e-07 7.771522e-07 4.533139e-06 6.108118e-06 9.265102e-06 2.481338e-05 4.951183e-05 4.764686e-04 1.609432e-01 
183 7321 7.857115e+01 1.685318e-01 4.372159e-07 4.372159e-07 7.618996e-07 4.571607e-06 5.933462e-06 9.398962e-06 2.371108e-05 4.852667e-05 4.694950e-04 1.685318e-01 
184 7361 8.122461e+01 1.768525e-01 4.299812e-07 4.299812e-07 7.439162e-07 4.377132e-06 6.392617e-06 9.298223e-06 2.364117e-05 4.639287e-05 4.784827e-04 1.768525e-01 
185 7401 8.543507e+01 1.802351e-01 4.677456e-07 4.677456e-07 7.539444e-07 4.749843e-06 6.350824e-06 9.192690e-06 2.327554e-05 4.623859e-05 4.735276e-04 1.802351e-01 
186 7441 9.219173e+01 1.803140e-01 4.755816e-07 4.755816e-07 7.957870e-07 4.677540e-06 6.091801e-06 8.912941e-06 2.232250e-05 4.979986e-05 4.653362e-04 1.803140e-01 
187 7481 1.033855e+02 1.807935e-01 4.700197e-07 4.700197e-07 7.863954e-07 4.798274e-06 6.061230e-06 8.630228e-06 2.281336e-05 5.209650e-05 4.483131e-04 1.807935e-01 
188 7521 1.199611e+02 1.804896e-01 4.511087e-07 4.511087e-07 8.518670e-07 4.732767e-06 5.808014e-06 8.344021e-06 2.331365e-05 5.571268e-05 4.625086e-04 1.804896e-01 
189 7561 1.142208e+02 1.715632e-01 4.532527e-07 4.532527e-07 8.352076e-07 4.613134e-06 5.756057e-06 8.044202e-06 2.452518e-05 5.715163e-05 4.518963e-04 1.715632e-01 
190 7601 9.383492e+01 1.660265e-01 4.677269e-07 4.677269e-07 8.089784e-07 4.336953e-06 5.507455e-06 7.872780e-06 2.364693e-05 5.483692e-05 4.484633e-04 1.660265e-01 
191 7641 8.239314e+01 1.584875e-01 4.600163e-07 4.600163e-07 7.872169e-07 4.269028e-06 5.364444e-06 7.862094e-06 2.266572e-05 5.295709e-05 4.473633e-04 1.584875e-01 
192 7681 8.963603e+01 1.701400e-01 4.387092e-07 4.387092e-07 8.034517e-07 4.310731e-06 5.778730e-06 7.780097e-06 2.357832e-05 5.468108e-05 4.490804e-04 1.701400e-01 
193 7721 9.188187e+01 1.703408e-01 4.265876e-07 4.265876e-07 7.638782e-07 4.085906e-06 5.742787e-06 7.706700e-06 2.336211e-05 5.600378e-05 4.491551e-04 1.703408e-01 
194 7761 9.323430e+01 1.668281e-01 4.216896e-07 4.216896e-07 7.534393e-07 3.991971e-06 5.794104e-06 7.431654e-06 2.259805e-05 5.384811e-05 4.335696e-04 1.668281e-01 
195 7801 8.312321e+01 1.661166e-01 4.227851e-07 4.227851e-07 7.361661e-07 3.960151e-06 5.963384e-06 7.483853e-06 2.159168e-05 5.494957e-05 4.599777e-04 1.661166e-01 
196 7841 7.908907e+01 1.618118e-01 3.957640e-07 3.957640e-07 7.070260e-07 4.199082e-06 6.082499e-06 7.339578e-06 2.086284e-05 5.461526e-05 4.522609e-04 1.618118e-01 
197 7881 8.005262e+01 1.631388e-01 4.096822e-07 4.096822e-07 6.764015e-07 4.102384e-06 5.951275e-06 7.406313e-06 2.075727e-05 5.429537e-05 4.522905e-04 1.631388e-01 
198 7921 7.841603e+01 1.665105e-01 4.135773e-07 4.135773e-07 6.484879e-07 4.165626e-06 6.019982e-06 7.178833e-06 2.104086e-05 5.306572e-05 4.330836e-04 1.665105e-01 
199 7961 8.042485e+01 1.602950e-01 3.979607e-07 3.979607e-07 6.974242e-07 4.351115e-06 6.008598e-06 7.258787e-06 2.022266e-05 5.217500e-05 4.362014e-04 1.602950e-01 
200 8001 7.916215e+01 1.559725e-01 3.966303e-07 3.966303e-07 6.748356e-07 4.294733e-06 6.206627e-06 7.304128e-06 1.992291e-05 5.102532e-05 4.284555e-04 1.559725e-01 
201 8041 7.607833e+01 1.465175e-01 3.874967e-07 3.874967e-07 6.678099e-07 4.312500e-06 6.275080e-06 7.610176e-06 2.009101e-05 5.035954e-05 4.188630e-04 1.465175e-01 
202 8081 7.525481e+01 1.456156e-01 3.702401e-07 3.702401e-07 6.245632e-07 4.326093e-06 6.132961e-06 7.664230e-06 1.909278e-05 5.061035e-05 4.098378e-04 1.456156e-01 
203 8121 8.965602e+01 1.454235e-01 3.681515e-07 3.681515e-07 6.367993e-07 4.114411e-06 6.137093e-06 8.346144e-06 1.887312e-05 5.125975e-05 4.051881e-04 1.454235e-01 
204 8161 8.306778e+01 1.427170e-01 3.582081e-07 3.582081e-07 6.220336e-07 4.028931e-06 6.109081e-06 8.331323e-06 1.853638e-05 5.157544e-05 4.009580e-04 1.427170e-01 
205 8201 8.880894e+01 1.429986e-01 3.769977e-07 3.769977e-07 5.917360e-07 3.917478e-06 6.315554e-06 8.207113e-06 1.820094e-05 5.146496e-05 4.010180e-04 1.429986e-01 
206 8241 1.042401e+02 1.453473e-01 3.914247e-07 3.914247e-07 5.768816e-07 3.863843e-06 6.172881e-06 8.312311e-06 1.763215e-05 5.154829e-05 4.105097e-04 1.453473e-01 
207 8281 9.425263e+01 1.447841e-01 3.866533e-07 3.866533e-07 5.632755e-07 4.016935e-06 6.129210e-06 8.021765e-06 1.687788e-05 4.952912e-05 4.134698e-04 1.447841e-01 
208 8321 9.801285e+01 1.482889e-01 3.764088e-07 3.764088e-07 5.823685e-07 3.929609e-06 6.004489e-06 8.071208e-06 1.692994e-05 4.834808e-05 4.387943e-04 1.482889e-01 
209 8361 9.305871e+01 1.433744e-01 3.818791e-07 3.818791e-07 5.850633e-07 4.019985e-06 5.695801e-06 7.889601e-06 1.692731e-05 4.605348e-05 4.363700e-04 1.433744e-01 
210 8401 8.056488e+01 1.504208e-01 3.834033e-07 3.834033e-07 5.659122e-07 3.955026e-06 5.599496e-06 7.633185e-06 1.644746e-05 4.495634e-05 4.246960e-04 1.504208e-01 
211 8441 7.843405e+01 1.519948e-01 3.747029e-07 3.747029e-07 5.678095e-07 3.846962e-06 5.414228e-06 7.441966e-06 1.645763e-05 4.439797e-05 4.158701e-04 1.519948e-01 
212 8481 7.005215e+01 1.499750e-01 3.615615e-07 3.615615e-07 5.523713e-07 3.888236e-06 5.184222e-06 7.199532e-06 1.623587e-05 4.338952e-05 4.150783e-04 1.499750e-01 
213 8521 7.256982e+01 1.463951e-01 3.459653e-07 3.459653e-07 5.546709e-07 4.152738e-06 5.450582e-06 7.202396e-06 1.595594e-05 4.134607e-05 4.212402e-04 1.463951e-01 
214 8561 7.040993e+01 1.487996e-01 3.453926e-07 3.453926e-07 5.242717e-07 3.998872e-06 5.317004e-06 7.251148e-06 1.671060e-05 4.185863e-05 4.198567e-04 1.487996e-01 
215 8601 6.367278e+01 1.498198e-01 3.445924e-07 3.445924e-07 5.115289e-07 3.838427e-06 5.256597e-06 6.902145e-06 1.705577e-05 4.281649e-05 4.263647e-04 1.498198e-01 
216 8641 6.484036e+01 1.489328e-01 3.620572e-07 3.620572e-07 5.002204e-07 3.776205e-06 5.113854e-06 6.700565e-06 1.790789e-05 4.543138e-05 4.317027e-04 1.489328e-01 
217 8681 5.979125e+01 1.497313e-01 3.538526e-07 3.538526e-07 4.837148e-07 3.720822e-06 4.930473e-06 6.387064e-06 1.738777e-05 4.469796e-05 4.411857e-04 1.497313e-01 
218 8721 5.719641e+01 1.485931e-01 3.566984e-07 3.566984e-07 4.747634e-07 3.555791e-06 4.903947e-06 6.607637e-06 1.761816e-05 4.533190e-05 4.410317e-04 1.485931e-01 
219 8761 5.264903e+01 1.575161e-01 3.429344e-07 3.429344e-07 4.549645e-07 3.528279e-06 4.744244e-06 6.435023e-06 1.756750e-05 4.379109e-05 4.334363e-04 1.575161e-01 
220 8801 5.850851e+01 1.601426e-01 3.418285e-07 3.418285e-07 4.682991e-07 3.421436e-06 4.881406e-06 6.376613e-06 1.780312e-05 4.332998e-05 4.135058e-04 1.601426e-01 
221 8841 6.593814e+01 1.605034e-01 3.321597e-07 3.321597e-07 4.689936e-07 3.618494e-06 4.811001e-06 6.396218e-06 1.813170e-05 4.127728e-05 4.183067e-04 1.605034e-01 
222 8881 6.453121e+01 1.638592e-01 3.377761e-07 3.377761e-07 4.604192e-07 3.458857e-06 4.521782e-06 6.162865e-06 1.748192e-05 4.019653e-05 4.311501e-04 1.638592e-01 
223 8921 6.472852e+01 1.625045e-01 3.442678e-07 3.442678e-07 4.473312e-07 3.489727e-06 4.707412e-06 5.969010e-06 1.666329e-05 3.984197e-05 4.236767e-04 1.625045e-01 
224 8961 6.725550e+01 1.608891e-01 3.425536e-07 3.425536e-07 4.355925e-07 3.500308e-06 4.727923e-06 6.027682e-06 1.708803e-05 3.908356e-05 4.099477e-04 1.608891e-01 
225 9001 7.210912e+01 1.628670e-01 3.329310e-07 3.329310e-07 4.491934e-07 3.526524e-06 4.787460e-06 5.994602e-06 1.734206e-05 3.869423e-05 4.143492e-04 1.628670e-01 
226 9041 7.304908e+01 1.619815e-01 3.301703e-07 3.301703e-07 4.329314e-07 3.439818e-06 4.784087e-06 5.969862e-06 1.669635e-05 4.071702e-05 4.051282e-04 1.619815e-01 
227 9081 7.006863e+01 1.654652e-01 3.143202e-07 3.143202e-07 4.287031e-07 3.306427e-06 4.730888e-06 5.825800e-06 1.648199e-05 3.917444e-05 3.935205e-04 1.654652e-01 
228 9121 6.994623e+01 1.758865e-01 3.223858e-07 3.223858e-07 4.371333e-07 3.284387e-06 4.608972e-06 5.850950e-06 1.607424e-05 3.780216e-05 3.897858e-04 1.758865e-01 
229 9161 6.784094e+01 1.748981e-01 3.360257e-07 3.360257e-07 4.333867e-07 3.207513e-06 4.724384e-06 5.769157e-06 1.517453e-05 3.823595e-05 3.790042e-04 1.748981e-01 
230 9201 6.738689e+01 1.862653e-01 3.342141e-07 3.342141e-07 4.285827e-07 3.039271e-06 4.738469e-06 5.566406e-06 1.457509e-05 3.757863e-05 3.665762e-04 1.862653e-01 
231 9241 7.044940e+01 1.822982e-01 3.408844e-07 3.408844e-07 4.135961e-07 2.959171e-06 4.853493e-06 5.703997e-06 1.472688e-05 3.847708e-05 3.693037e-04 1.822982e-01 
232 9281 6.332490e+01 1.955143e-01 3.417253e-07 3.417253e-07 4.048338e-07 3.052532e-06 4.885082e-06 5.731766e-06 1.409482e-05 3.918586e-05 3.511628e-04 1.955143e-01 
233 9321 5.912603e+01 1.955188e-01 3.431517e-07 3.431517e-07 4.201585e-07 2.946811e-06 4.714376e-06 5.688672e-06 1.356195e-05 3.790211e-05 3.318296e-04 1.955188e-01 
234 9361 6.073549e+01 1.902472e-01 3.452146e-07 3.452146e-07 4.421103e-07 2.966671e-06 4.722726e-06 5.782906e-06 1.375393e-05 3.826297e-05 3.183241e-04 1.902472e-01 
235 9401 6.556576e+01 2.001148e-01 3.525522e-07 3.525522e-07 4.574246e-07 2.813578e-06 4.854514e-06 5.748058e-06 1.340097e-05 3.819327e-05 3.117611e-04 2.001148e-01 
236 9441 6.186171e+01 1.919789e-01 3.361017e-07 3.361017e-07 4.713025e-07 2.697848e-06 4.887772e-06 5.571475e-06 1.300958e-05 3.883145e-05 3.015563e-04 1.919789e-01 
237 9481 6.501370e+01 1.919774e-01 3.292709e-07 3.292709e-07 4.916553e-07 2.666661e-06 4.766334e-06 5.918955e-06 1.234564e-05 3.891920e-05 3.032199e-04 1.919774e-01 
238 9521 6.052269e+01 1.836961e-01 3.147938e-07 3.147938e-07 4.770193e-07 2.633379e-06 4.749103e-06 6.151248e-06 1.194830e-05 3.954963e-05 2.944507e-04 1.836961e-01 
239 9561 5.888447e+01 1.816291e-01 3.002168e-07 3.002168e-07 4.545260e-07 2.669408e-06 5.230540e-06 6.156347e-06 1.190721e-05 3.843397e-05 2.950870e-04 1.816291e-01 
240 9601 5.155640e+01 1.798565e-01 2.966934e-07 2.966934e-07 4.433233e-07 2.702545e-06 5.043937e-06 6.277507e-06 1.185009e-05 3.724778e-05 2.934641e-04 1.798565e-01 
241 9641 4.357706e+01 1.729021e-01 2.908028e-07 2.908028e-07 4.412172e-07 2.570637e-06 4.978711e-06 6.275379e-06 1.160462e-05 3.642648e-05 2.757344e-04 1.729021e-01 
242 9681 3.935263e+01 1.740990e-01 2.868275e-07 2.868275e-07 4.533077e-07 2.493996e-06 5.054951e-06 6.262061e-06 1.107663e-05 3.706748e-05 2.721537e-04 1.740990e-01 
243 9721 3.925518e+01 1.726385e-01 2.765160e-07 2.765160e-07 4.363212e-07 2.437303e-06 5.061074e-06 6.134124e-06 1.095454e-05 3.718575e-05 2.662218e-04 1.726385e-01 
244 9761 3.916830e+01 1.786970e-01 2.797246e-07 2.797246e-07 4.149191e-07 2.408382e-06 5.133703e-06 5.905391e-06 1.114369e-05 3.646552e-05 2.580464e-04 1.786970e-01 
245 9801 3.914813e+01 1.794201e-01 2.804040e-07 2.804040e-07 4.229433e-07 2.334888e-06 4.948528e-06 5.839617e-06 1.129528e-05 3.558631e-05 2.552858e-04 1.794201e-01 
246 9841 4.488532e+01 1.782828e-01 2.713538e-07 2.713538e-07 4.244742e-07 2.285493e-06 5.088408e-06 5.829369e-06 1.179003e-05 3.984217e-05 2.502672e-04 1.782828e-01 
247 9881 4.453197e+01 1.755219e-01 2.609781e-07 2.609781e-07 4.302212e-07 2.318810e-06 5.218351e-06 5.803560e-06 1.247878e-05 3.773085e-05 2.647854e-04 1.755219e-01 
248 9921 5.350605e+01 1.733120e-01 2.683987e-07 2.683987e-07 4.255398e-07 2.235741e-06 5.180936e-06 6.199241e-06 1.296901e-05 3.841778e-05 2.587186e-04 1.733120e-01 
249 9961 6.811055e+01 1.746010e-01 2.701540e-07 2.701540e-07 4.113083e-07 2.198560e-06 4.939232e-06 6.246536e-06 1.471947e-05 3.935320e-05 2.560681e-04 1.746010e-01 
250 10001 7.674037e+01 1.738796e-01 2.678520e-07 2.678520e-07 4.025983e-07 2.111452e-06 4.747310e-06 6.421670e-06 1.494299e-05 3.957265e-05 2.503865e-04 1.738796e-01 
251 10041 7.445368e+01 1.741894e-01 2.781736e-07 2.781736e-07 4.126321e-07 2.041262e-06 4.782145e-06 6.283764e-06 1.441573e-05 3.937873e-05 2.507619e-04 1.741894e-01 
252 10081 6.901050e+01 1.743307e-01 2.712369e-07 2.712369e-07 4.120619e-07 1.967816e-06 4.708889e-06 5.987225e-06 1.375611e-05 3.921714e-05 2.550918e-04 1.743307e-01 
253 10121 6.887454e+01 1.695880e-01 2.703708e-07 2.703708e-07 4.260388e-07 1.923284e-06 4.756846e-06 5.889943e-06 1.381806e-05 3.953106e-05 2.469252e-04 1.695880e-01 
254 10161 7.333944e+01 1.799610e-01 2.636774e-07 2.636774e-07 4.161726e-07 1.840035e-06 4.877075e-06 5.707333e-06 1.327437e-05 3.829203e-05 2.363171e-04 1.799610e-01 
255 10201 6.185728e+01 1.725242e-01 2.518250e-07 2.518250e-07 4.000489e-07 1.794570e-06 4.907685e-06 5.552018e-06 1.329495e-05 4.062615e-05 2.341870e-04 1.725242e-01 
256 10241 5.671164e+01 1.739009e-01 2.478968e-07 2.478968e-07 4.124419e-07 1.786227e-06 4.826188e-06 5.360543e-06 1.293597e-05 4.000955e-05 2.297845e-04 1.739009e-01 
257 10281 5.530899e+01 1.726936e-01 2.337240e-07 2.337240e-07 4.065894e-07 1.747782e-06 4.808268e-06 5.355407e-06 1.320805e-05 4.103321e-05 2.241304e-04 1.726936e-01 
258 10321 5.844706e+01 1.635227e-01 2.327795e-07 2.327795e-07 4.022981e-07 1.770796e-06 4.563435e-06 5.303602e-06 1.268315e-05 4.077769e-05 2.280505e-04 1.635227e-01 
259 10361 5.669996e+01 1.624166e-01 2.260656e-07 2.260656e-07 3.972875e-07 1.782481e-06 4.389882e-06 5.207879e-06 1.278751e-05 3.983222e-05 2.420537e-04 1.624166e-01 
260 10401 5.916559e+01 1.554599e-01 2.251348e-07 2.251348e-07 3.924613e-07 1.730103e-06 4.463636e-06 5.140593e-06 1.281929e-05 3.908057e-05 2.333805e-04 1.554599e-01 
261 10441 6.678309e+01 1.536621e-01 2.217261e-07 2.217261e-07 3.974853e-07 1.666627e-06 4.367997e-06 5.478595e-06 1.250752e-05 3.800991e-05 2.362551e-04 1.536621e-01 
262 10481 6.626177e+01 1.479134e-01 2.340571e-07 2.340571e-07 4.038321e-07 1.627364e-06 4.388464e-06 5.596567e-06 1.237880e-05 4.108068e-05 2.549956e-04 1.479134e-01 
263 10521 6.675324e+01 1.463550e-01 2.503454e-07 2.503454e-07 3.869699e-07 1.620397e-06 4.205313e-06 5.484818e-06 1.225122e-05 4.072197e-05 2.710071e-04 1.463550e-01 
264 10561 7.413091e+01 1.439527e-01 2.591851e-07 2.591851e-07 4.081386e-07 1.609522e-06 4.069570e-06 5.507958e-06 1.188702e-05 3.981497e-05 2.769491e-04 1.439527e-01 
265 10601 6.720066e+01 1.426484e-01 2.513809e-07 2.513809e-07 4.189496e-07 1.540651e-06 4.001114e-06 5.303349e-06 1.145452e-05 4.123436e-05 2.709803e-04 1.426484e-01 
266 10641 5.969659e+01 1.372239e-01 2.412440e-07 2.412440e-07 4.193765e-07 1.505742e-06 4.096343e-06 5.198128e-06 1.212390e-05 4.078507e-05 2.642590e-04 1.372239e-01 
267 10681 6.658050e+01 1.372969e-01 2.456451e-07 2.456451e-07 4.183554e-07 1.545276e-06 4.193169e-06 5.244291e-06 1.253293e-05 3.972831e-05 2.585354e-04 1.372969e-01 
268 10721 6.244853e+01 1.413163e-01 2.392662e-07 2.392662e-07 4.077416e-07 1.544218e-06 4.226237e-06 5.361758e-06 1.232538e-05 3.868450e-05 2.735834e-04 1.413163e-01 
269 10761 7.000705e+01 1.493749e-01 2.390115e-07 2.390115e-07 3.870367e-07 1.532623e-06 4.348079e-06 5.437683e-06 1.205219e-05 3.889197e-05 2.740818e-04 1.493749e-01 
270 10801 7.559549e+01 1.502911e-01 2.366271e-07 2.366271e-07 3.888254e-07 1.487348e-06 4.407330e-06 5.714425e-06 1.196254e-05 3.791960e-05 2.744747e-04 1.502911e-01 
271 10841 7.494123e+01 1.450126e-01 2.426423e-07 2.426423e-07 3.710920e-07 1.545022e-06 4.385683e-06 5.739706e-06 1.187530e-05 4.096051e-05 2.710435e-04 1.450126e-01 
272 10881 6.935739e+01 1.499816e-01 2.377713e-07 2.377713e-07 3.575339e-07 1.475644e-06 4.431477e-06 5.874655e-06 1.132888e-05 3.994751e-05 2.604523e-04 1.499816e-01 
273 10921 8.087830e+01 1.492137e-01 2.356987e-07 2.356987e-07 3.438821e-07 1.555335e-06 4.299103e-06 6.033576e-06 1.273518e-05 4.182827e-05 2.680930e-04 1.492137e-01 
274 10961 8.332196e+01 1.456619e-01 2.384645e-07 2.384645e-07 3.430572e-07 1.526564e-06 4.237099e-06 5.822890e-06 1.364003e-05 4.222631e-05 2.693242e-04 1.456619e-01 
275 11001 9.296164e+01 1.522679e-01 2.395719e-07 2.395719e-07 3.408457e-07 1.505611e-06 4.266742e-06 5.497892e-06 1.439601e-05 4.143653e-05 2.629249e-04 1.522679e-01 
276 11041 8.552212e+01 1.570301e-01 2.393644e-07 2.393644e-07 3.253219e-07 1.491693e-06 4.213225e-06 5.379256e-06 1.446246e-05 4.324499e-05 2.542478e-04 1.570301e-01 
277 11081 7.427631e+01 1.602977e-01 2.353138e-07 2.353138e-07 3.059228e-07 1.419123e-06 4.071188e-06 5.213832e-06 1.431046e-05 4.247206e-05 2.490427e-04 1.602977e-01 
278 11121 6.141110e+01 1.583872e-01 2.316405e-07 2.316405e-07 2.893611e-07 1.382603e-06 3.992768e-06 5.089129e-06 1.385779e-05 4.114800e-05 2.372990e-04 1.583872e-01 
279 11161 5.781016e+01 1.623563e-01 2.204162e-07 2.204162e-07 2.879499e-07 1.399590e-06 4.068196e-06 5.003017e-06 1.361058e-05 4.207483e-05 2.440432e-04 1.623563e-01 
280 11201 5.395874e+01 1.627782e-01 2.203036e-07 2.203036e-07 2.824418e-07 1.411871e-06 4.019602e-06 4.755740e-06 1.474730e-05 4.276569e-05 2.424975e-04 1.627782e-01 
281 11241 5.854811e+01 1.692559e-01 2.153041e-07 2.153041e-07 2.692168e-07 1.354612e-06 4.138641e-06 4.792662e-06 1.403980e-05 4.539508e-05 2.394358e-04 1.692559e-01 
282 11281 6.259470e+01 1.688545e-01 2.104192e-07 2.104192e-07 2.614937e-07 1.338243e-06 4.107258e-06 4.888290e-06 1.381827e-05 4.777872e-05 2.401336e-04 1.688545e-01 
283 11321 6.171810e+01 1.658758e-01 2.167396e-07 2.167396e-07 2.477404e-07 1.300050e-06 4.224842e-06 5.274274e-06 1.336333e-05 4.630327e-05 2.265626e-04 1.658758e-01 
284 11361 5.290826e+01 1.715568e-01 2.098485e-07 2.098485e-07 2.428292e-07 1.260566e-06 4.132562e-06 5.254414e-06 1.331252e-05 4.548540e-05 2.171920e-04 1.715568e-01 
285 11401 4.502112e+01 1.680371e-01 2.016203e-07 2.016203e-07 2.345708e-07 1.253896e-06 3.849161e-06 5.043428e-06 1.281277e-05 4.562044e-05 2.148423e-04 1.680371e-01 
286 11441 4.007774e+01 1.626132e-01 1.943636e-07 1.943636e-07 2.225870e-07 1.229642e-06 3.851832e-06 4.970360e-06 1.239183e-05 4.467930e-05 2.113644e-04 1.626132e-01 
287 11481 5.082041e+01 1.708349e-01 2.035830e-07 2.035830e-07 2.263408e-07 1.218990e-06 3.685445e-06 4.898929e-06 1.241957e-05 4.852361e-05 2.181175e-04 1.708349e-01 
288 11521 5.193634e+01 1.691051e-01 2.020444e-07 2.020444e-07 2.283887e-07 1.180581e-06 3.559704e-06 4.961977e-06 1.243150e-05 4.749706e-05 2.051962e-04 1.691051e-01 
289 11561 6.323782e+01 1.811857e-01 1.979990e-07 1.979990e-07 2.188238e-07 1.115688e-06 3.396600e-06 4.909209e-06 1.202717e-05 4.687095e-05 2.208843e-04 1.811857e-01 
290 11601 5.735864e+01 1.780207e-01 1.936899e-07 1.936899e-07 2.153426e-07 1.145338e-06 3.328139e-06 5.043032e-06 1.219743e-05 4.586458e-05 2.243475e-04 1.780207e-01 
291 11641 5.372062e+01 1.715388e-01 1.934943e-07 1.934943e-07 2.147972e-07 1.138030e-06 3.200271e-06 4.892567e-06 1.255376e-05 4.406833e-05 2.261816e-04 1.715388e-01 
292 11681 4.782857e+01 1.698304e-01 1.917967e-07 1.917967e-07 2.077192e-07 1.086784e-06 3.240206e-06 4.743658e-06 1.222763e-05 4.361721e-05 2.231866e-04 1.698304e-01 
293 11721 4.847162e+01 1.652362e-01 1.952007e-07 1.952007e-07 2.032562e-07 1.052743e-06 3.326597e-06 4.685737e-06 1.186538e-05 4.504415e-05 2.289870e-04 1.652362e-01 
294 11761 4.413550e+01 1.585621e-01 1.926319e-07 1.926319e-07 1.993625e-07 1.018984e-06 3.235845e-06 4.852058e-06 1.165870e-05 4.380752e-05 2.259744e-04 1.585621e-01 
295 11801 4.874502e+01 1.610077e-01 1.892810e-07 1.892810e-07 1.952519e-07 1.134158e-06 3.237774e-06 4.768724e-06 1.192069e-05 4.236158e-05 2.249954e-04 1.610077e-01 
296 11841 5.120593e+01 1.626338e-01 1.806306e-07 1.806306e-07 1.929533e-07 1.128732e-06 3.102809e-06 5.192267e-06 1.256945e-05 4.158535e-05 2.129719e-04 1.626338e-01 
297 11881 4.963297e+01 1.701392e-01 1.753797e-07 1.753797e-07 1.936908e-07 1.133973e-06 3.025494e-06 5.239802e-06 1.293395e-05 4.087903e-05 2.039826e-04 1.701392e-01 
298 11921 5.002687e+01 1.648925e-01 1.715267e-07 1.715267e-07 1.889427e-07 1.110879e-06 3.073059e-06 5.175545e-06 1.273626e-05 4.226844e-05 2.059226e-04 1.648925e-01 
299 11961 5.058682e+01 1.588635e-01 1.702311e-07 1.702311e-07 1.992503e-07 1.055605e-06 2.883112e-06 5.168248e-06 1.302724e-05 4.278298e-05 2.124100e-04 1.588635e-01 
300 12001 4.918644e+01 1.521318e-01 1.706184e-07 1.706184e-07 1.959200e-07 1.013031e-06 2.964772e-06 4.912756e-06 1.242387e-05 4.468964e-05 2.204441e-04 1.521318e-01 
301 12041 4.400316e+01 1.488062e-01 1.693600e-07 1.693600e-07 1.984708e-07 9.800068e-07 2.906143e-06 5.019870e-06 1.196500e-05 4.428036e-05 2.206883e-04 1.488062e-01 
302 12081 4.381335e+01 1.516043e-01 1.573849e-07 1.573849e-07 1.947830e-07 9.452363e-07 3.026754e-06 5.126127e-06 1.157065e-05 4.282095e-05 2.135197e-04 1.516043e-01 
303 12121 4.107844e+01 1.546107e-01 1.547184e-07 1.547184e-07 1.942329e-07 9.125723e-07 2.975294e-06 4.941479e-06 1.095677e-05 4.173331e-05 2.117532e-04 1.546107e-01 
304 12161 4.558343e+01 1.508474e-01 1.475682e-07 1.475682e-07 1.974035e-07 9.010582e-07 2.976405e-06 5.063139e-06 1.110325e-05 4.188894e-05 2.185049e-04 1.508474e-01 
305 12201 4.905262e+01 1.460055e-01 1.451066e-07 1.451066e-07 2.109690e-07 9.006553e-07 2.922348e-06 5.057616e-06 1.112719e-05 4.221232e-05 2.097323e-04 1.460055e-01 
306 12241 5.670411e+01 1.574041e-01 1.407265e-07 1.407265e-07 2.272390e-07 9.453690e-07 2.950919e-06 4.956859e-06 1.065316e-05 4.281615e-05 2.048933e-04 1.574041e-01 
307 12281 5.131074e+01 1.546446e-01 1.396973e-07 1.396973e-07 2.290516e-07 9.657739e-07 2.893257e-06 4.781843e-06 1.074151e-05 4.219657e-05 2.010447e-04 1.546446e-01 
308 12321 4.928609e+01 1.511202e-01 1.367237e-07 1.367237e-07 2.257213e-07 9.464654e-07 2.800091e-06 4.535211e-06 1.087874e-05 4.119021e-05 2.156357e-04 1.511202e-01 
309 12361 5.433864e+01 1.597211e-01 1.344555e-07 1.344555e-07 2.171493e-07 9.395083e-07 2.657384e-06 4.554086e-06 1.049881e-05 3.949155e-05 2.114817e-04 1.597211e-01 
310 12401 5.763488e+01 1.709104e-01 1.296303e-07 1.296303e-07 2.272344e-07 9.312100e-07 2.834336e-06 4.351450e-06 1.054442e-05 3.819131e-05 2.080423e-04 1.709104e-01 
311 12441 4.909494e+01 1.825029e-01 1.246051e-07 1.246051e-07 2.202186e-07 9.403683e-07 2.729254e-06 4.277174e-06 1.069448e-05 3.782867e-05 2.009798e-04 1.825029e-01 
312 12481 4.596753e+01 1.847353e-01 1.269208e-07 1.269208e-07 2.263403e-07 9.220474e-07 2.712725e-06 4.110955e-06 1.071050e-05 3.680531e-05 2.042958e-04 1.847353e-01 
313 12521 4.993322e+01 1.839138e-01 1.224217e-07 1.224217e-07 2.240549e-07 8.653084e-07 2.757207e-06 4.199656e-06 1.065214e-05 3.977855e-05 2.080909e-04 1.839138e-01 
314 12561 5.048534e+01 1.811737e-01 1.271678e-07 1.271678e-07 2.195305e-07 8.455361e-07 2.725742e-06 4.153345e-06 1.031481e-05 3.930313e-05 2.018475e-04 1.811737e-01 
315 12601 4.810943e+01 1.841419e-01 1.251493e-07 1.251493e-07 2.231734e-07 8.826422e-07 2.943615e-06 4.112868e-06 9.910570e-06 3.908208e-05 1.953274e-04 1.841419e-01 
316 12641 4.571928e+01 1.874469e-01 1.207565e-07 1.207565e-07 2.295814e-07 9.367296e-07 2.951105e-06 4.023858e-06 9.610267e-06 3.801229e-05 1.930606e-04 1.874469e-01 
317 12681 4.455634e+01 1.852210e-01 1.283479e-07 1.283479e-07 2.223809e-07 8.940464e-07 2.908132e-06 4.365153e-06 9.558467e-06 3.830154e-05 1.943709e-04 1.852210e-01 
318 12721 4.653845e+01 1.900235e-01 1.251402e-07 1.251402e-07 2.296678e-07 9.078811e-07 2.834579e-06 4.311652e-06 9.133190e-06 3.857246e-05 1.945080e-04 1.900235e-01 
319 12761 4.628466e+01 1.854790e-01 1.234160e-07 1.234160e-07 2.334259e-07 9.180713e-07 2.730314e-06 4.194257e-06 8.940401e-06 3.622850e-05 2.070916e-04 1.854790e-01 
320 12801 4.922107e+01 1.931786e-01 1.206287e-07 1.206287e-07 2.275756e-07 9.090794e-07 2.872232e-06 4.126168e-06 8.399465e-06 3.415174e-05 2.082555e-04 1.931786e-01 
321 12841 4.882372e+01 1.983289e-01 1.196568e-07 1.196568e-07 2.301412e-07 8.915907e-07 2.945567e-06 4.173617e-06 7.965994e-06 3.257412e-05 2.023246e-04 1.983289e-01 
322 12881 5.118010e+01 2.063016e-01 1.177099e-07 1.177099e-07 2.293779e-07 8.518368e-07 2.945383e-06 4.068354e-06 7.849853e-06 3.239149e-05 1.915249e-04 2.063016e-01 
323 12921 5.648662e+01 2.060316e-01 1.174883e-07 1.174883e-07 2.265383e-07 8.332364e-07 2.869913e-06 4.163688e-06 8.234399e-06 3.353959e-05 1.841903e-04 2.060316e-01 
324 12961 5.060199e+01 1.968759e-01 1.158364e-07 1.158364e-07 2.201400e-07 8.644074e-07 2.769970e-06 4.136529e-06 7.952231e-06 3.288232e-05 1.809826e-04 1.968759e-01 
325 13001 4.741028e+01 1.895889e-01 1.130376e-07 1.130376e-07 2.226006e-07 8.212518e-07 2.795755e-06 4.062139e-06 7.808589e-06 3.446525e-05 1.814368e-04 1.895889e-01 
326 13041 4.267421e+01 1.826127e-01 1.073361e-07 1.073361e-07 2.220458e-07 8.099713e-07 2.639423e-06 4.129920e-06 7.602374e-06 3.379315e-05 1.728369e-04 1.826127e-01 
327 13081 3.913678e+01 1.736913e-01 1.063506e-07 1.063506e-07 2.144261e-07 7.861451e-07 2.571160e-06 4.057152e-06 7.359921e-06 3.357750e-05 1.712822e-04 1.736913e-01 
328 13121 4.643444e+01 1.734759e-01 1.082930e-07 1.082930e-07 2.083050e-07 7.666780e-07 2.594345e-06 4.002574e-06 7.837689e-06 3.330602e-05 1.715604e-04 1.734759e-01 
329 13161 5.836422e+01 1.823749e-01 1.061159e-07 1.061159e-07 2.061633e-07 7.912075e-07 2.563656e-06 4.187534e-06 8.710642e-06 3.210230e-05 1.700469e-04 1.823749e-01 
330 13201 6.988373e+01 1.847844e-01 1.023436e-07 1.023436e-07 2.016837e-07 7.676911e-07 2.580140e-06 4.637327e-06 8.441999e-06 3.258398e-05 1.649089e-04 1.847844e-01 
331 13241 7.572694e+01 1.889639e-01 1.025281e-07 1.025281e-07 1.962527e-07 7.524102e-07 2.606922e-06 4.812506e-06 8.495225e-06 3.197182e-05 1.590126e-04 1.889639e-01 
332 13281 7.881455e+01 1.873781e-01 1.013127e-07 1.013127e-07 1.958482e-07 7.255435e-07 2.540191e-06 4.638957e-06 8.529177e-06 3.167239e-05 1.726607e-04 1.873781e-01 
333 13321 7.800531e+01 1.838787e-01 9.858960e-08 9.858960e-08 1.949940e-07 7.224894e-07 2.653400e-06 4.445695e-06 8.140242e-06 3.228975e-05 1.694028e-04 1.838787e-01 
334 13361 8.084177e+01 1.943154e-01 9.717882e-08 9.717882e-08 1.900405e-07 7.104642e-07 2.598312e-06 4.736656e-06 7.976731e-06 3.162079e-05 1.650694e-04 1.943154e-01 
335 13401 8.436209e+01 1.878582e-01 9.505420e-08 9.505420e-08 2.075294e-07 7.062279e-07 2.717597e-06 4.721124e-06 7.587797e-06 3.092270e-05 1.702781e-04 1.878582e-01 
336 13441 7.427928e+01 1.892674e-01 9.339006e-08 9.339006e-08 2.010621e-07 6.801098e-07 2.593330e-06 4.574412e-06 7.817485e-06 3.159404e-05 1.652528e-04 1.892674e-01 
337 13481 7.577247e+01 1.859045e-01 9.030138e-08 9.030138e-08 2.017393e-07 6.497036e-07 2.614161e-06 4.461140e-06 7.992907e-06 3.266623e-05 1.602068e-04 1.859045e-01 
338 13521 7.200485e+01 1.800432e-01 9.057986e-08 9.057986e-08 1.900894e-07 6.274133e-07 2.546442e-06 4.420829e-06 7.738232e-06 3.162576e-05 1.619930e-04 1.800432e-01 
339 13561 6.595383e+01 1.763153e-01 8.600484e-08 8.600484e-08 1.951790e-07 6.115731e-07 2.492803e-06 4.211063e-06 7.410326e-06 3.203013e-05 1.562139e-04 1.763153e-01 
340 13601 7.152419e+01 1.833748e-01 8.268415e-08 8.268415e-08 1.934327e-07 5.977875e-07 2.455669e-06 4.565599e-06 7.487000e-06 3.264268e-05 1.463144e-04 1.833748e-01 
341 13641 7.092656e+01 1.863460e-01 7.915160e-08 7.915160e-08 1.819225e-07 6.248485e-07 2.437652e-06 4.557875e-06 7.303439e-06 3.317581e-05 1.495735e-04 1.863460e-01 
342 13681 7.986173e+01 1.900463e-01 8.043045e-08 8.043045e-08 1.791739e-07 5.997441e-07 2.488545e-06 4.374869e-06 6.921680e-06 3.279326e-05 1.617664e-04 1.900463e-01 
343 13721 8.052491e+01 1.781589e-01 7.854837e-08 7.854837e-08 1.732406e-07 5.812331e-07 2.621435e-06 4.138620e-06 7.549174e-06 3.457669e-05 1.597208e-04 1.781589e-01 
344 13761 8.818641e+01 1.730252e-01 7.604712e-08 7.604712e-08 1.698957e-07 5.775250e-07 2.637909e-06 4.240795e-06 7.520276e-06 3.435103e-05 1.545029e-04 1.730252e-01 
345 13801 8.082737e+01 1.663966e-01 7.526774e-08 7.526774e-08 1.650357e-07 5.699495e-07 2.567890e-06 4.216746e-06 7.825646e-06 3.257303e-05 1.523942e-04 1.663966e-01 
346 13841 7.841529e+01 1.691341e-01 7.661640e-08 7.661640e-08 1.550248e-07 5.577507e-07 2.486103e-06 4.251795e-06 7.673258e-06 3.354499e-05 1.481788e-04 1.691341e-01 
347 13881 7.770416e+01 1.686441e-01 7.562675e-08 7.562675e-08 1.734589e-07 5.305119e-07 2.502572e-06 4.294238e-06 7.407882e-06 3.291096e-05 1.414666e-04 1.686441e-01 
348 13921 7.484318e+01 1.703681e-01 7.327873e-08 7.327873e-08 1.723632e-07 6.136196e-07 2.420011e-06 4.267177e-06 7.017783e-06 3.251807e-05 1.362328e-04 1.703681e-01 
349 13961 6.610209e+01 1.736019e-01 7.087383e-08 7.087383e-08 1.657171e-07 6.336273e-07 2.335181e-06 4.251181e-06 6.814482e-06 3.344327e-05 1.426418e-04 1.736019e-01 
350 14001 6.271088e+01 1.696481e-01 6.943819e-08 6.943819e-08 1.649321e-07 6.250872e-07 2.529528e-06 4.270012e-06 6.525490e-06 3.302105e-05 1.377611e-04 1.696481e-01 
351 14041 5.461917e+01 1.724912e-01 6.866212e-08 6.866212e-08 1.627590e-07 6.200494e-07 2.570660e-06 4.087060e-06 6.133305e-06 3.287726e-05 1.427737e-04 1.724912e-01 
352 14081 4.993221e+01 1.624585e-01 6.698518e-08 6.698518e-08 1.684583e-07 6.394860e-07 2.533426e-06 4.130407e-06 6.242549e-06 3.316454e-05 1.357453e-04 1.624585e-01 
353 14121 4.807947e+01 1.567870e-01 6.458990e-08 6.458990e-08 1.686579e-07 6.534114e-07 2.542765e-06 4.067832e-06 6.224220e-06 3.343779e-05 1.327750e-04 1.567870e-01 
354 14161 4.835371e+01 1.627697e-01 6.458064e-08 6.458064e-08 1.693911e-07 6.408524e-07 2.447725e-06 3.951289e-06 5.957845e-06 3.271385e-05 1.416211e-04 1.627697e-01 
355 14201 4.453835e+01 1.623189e-01 6.269221e-08 6.269221e-08 1.646868e-07 6.177547e-07 2.501036e-06 3.716626e-06 5.963744e-06 3.171905e-05 1.391299e-04 1.623189e-01 
356 14241 4.149289e+01 1.646051e-01 6.369177e-08 6.369177e-08 1.612367e-07 6.094249e-07 2.348017e-06 3.628233e-06 5.760049e-06 3.351625e-05 1.461503e-04 1.646051e-01 
357 14281 4.788360e+01 1.651857e-01 6.094207e-08 6.094207e-08 1.774283e-07 5.901833e-07 2.285293e-06 3.550151e-06 5.625786e-06 3.503054e-05 1.512134e-04 1.651857e-01 
358 14321 5.237128e+01 1.629586e-01 6.192313e-08 6.192313e-08 1.731012e-07 6.004057e-07 2.232110e-06 3.751540e-06 5.550695e-06 3.498611e-05 1.557097e-04 1.629586e-01 
359 14361 5.078365e+01 1.634664e-01 5.901817e-08 5.901817e-08 1.731069e-07 6.095053e-07 2.172482e-06 3.580820e-06 5.498235e-06 3.353676e-05 1.533065e-04 1.634664e-01 
360 14401 5.276248e+01 1.593013e-01 5.961322e-08 5.961322e-08 1.720215e-07 6.203994e-07 2.092406e-06 3.596863e-06 5.395901e-06 3.397910e-05 1.585373e-04 1.593013e-01 
361 14441 5.113159e+01 1.586871e-01 5.748514e-08 5.748514e-08 1.706483e-07 6.428276e-07 2.024084e-06 3.613589e-06 5.432943e-06 3.503833e-05 1.552435e-04 1.586871e-01 
362 14481 5.097218e+01 1.515159e-01 6.006649e-08 6.006649e-08 1.685179e-07 6.643696e-07 1.958279e-06 3.543920e-06 5.670584e-06 3.329233e-05 1.550671e-04 1.515159e-01 
363 14521 4.974274e+01 1.485329e-01 5.798092e-08 5.798092e-08 1.677714e-07 6.605004e-07 1.858530e-06 3.412411e-06 5.627654e-06 3.267371e-05 1.555123e-04 1.485329e-01 
364 14561 5.000201e+01 1.402672e-01 5.657337e-08 5.657337e-08 1.640743e-07 6.341717e-07 1.834202e-06 3.522974e-06 5.676121e-06 3.147597e-05 1.576482e-04 1.402672e-01 
365 14601 4.841006e+01 1.336163e-01 5.528279e-08 5.528279e-08 1.530615e-07 6.003882e-07 1.841524e-06 3.511898e-06 5.645150e-06 3.117712e-05 1.639446e-04 1.336163e-01 
366 14641 5.550906e+01 1.297019e-01 5.436431e-08 5.436431e-08 1.585288e-07 5.855538e-07 1.817723e-06 3.440735e-06 5.791943e-06 3.028322e-05 1.729271e-04 1.297019e-01 
367 14681 5.677508e+01 1.275493e-01 5.288099e-08 5.288099e-08 1.595643e-07 5.725287e-07 1.747423e-06 3.438940e-06 5.743067e-06 3.011907e-05 1.977398e-04 1.275493e-01 
368 14721 5.716146e+01 1.239362e-01 5.680252e-08 5.680252e-08 1.622653e-07 5.540023e-07 1.720239e-06 3.413233e-06 5.705832e-06 2.963634e-05 1.931407e-04 1.239362e-01 
369 14761 5.761676e+01 1.234772e-01 5.550077e-08 5.550077e-08 1.665540e-07 5.554968e-07 1.730046e-06 3.474423e-06 5.566167e-06 3.065669e-05 1.879465e-04 1.234772e-01 
370 14801 6.446364e+01 1.190484e-01 5.266074e-08 5.266074e-08 1.661212e-07 6.514711e-07 1.649124e-06 3.471280e-06 5.330252e-06 3.165494e-05 1.816982e-04 1.190484e-01 
371 14841 6.896093e+01 1.202347e-01 5.387415e-08 5.387415e-08 1.688325e-07 6.419680e-07 1.619684e-06 3.563094e-06 5.406489e-06 3.129302e-05 1.784637e-04 1.202347e-01 
372 14881 6.509879e+01 1.175837e-01 5.174660e-08 5.174660e-08 1.671780e-07 6.433215e-07 1.569715e-06 3.507135e-06 5.182053e-06 3.093053e-05 1.740824e-04 1.175837e-01 
373 14921 6.810067e+01 1.121820e-01 5.102327e-08 5.102327e-08 1.677095e-07 6.327593e-07 1.503489e-06 3.648520e-06 5.278352e-06 3.092888e-05 1.691173e-04 1.121820e-01 
374 14961 5.994626e+01 1.122176e-01 5.215699e-08 5.215699e-08 1.696218e-07 6.152861e-07 1.599793e-06 3.568516e-06 5.396955e-06 2.990650e-05 1.637133e-04 1.122176e-01 
375 15001 5.869346e+01 1.107639e-01 5.365794e-08 5.365794e-08 1.632991e-07 5.987627e-07 1.588541e-06 3.486789e-06 5.418415e-06 2.898185e-05 1.619105e-04 1.107639e-01 
376 15041 6.963896e+01 1.078048e-01 5.285225e-08 5.285225e-08 1.592642e-07 5.819215e-07 1.579973e-06 3.496852e-06 5.846798e-06 3.328953e-05 1.542902e-04 1.078048e-01 
377 15081 6.435854e+01 1.068326e-01 5.304877e-08 5.304877e-08 1.483613e-07 5.810595e-07 1.563036e-06 3.416765e-06 5.955916e-06 3.361313e-05 1.493106e-04 1.068326e-01 
378 15121 6.087743e+01 1.042222e-01 5.397649e-08 5.397649e-08 1.531926e-07 6.329811e-07 1.487031e-06 3.418591e-06 5.868327e-06 3.195993e-05 1.598514e-04 1.042222e-01 
379 15161 5.628256e+01 1.031354e-01 5.264924e-08 5.264924e-08 1.530535e-07 6.102363e-07 1.419124e-06 3.450460e-06 5.652886e-06 3.111687e-05 1.498000e-04 1.031354e-01 
380 15201 4.982358e+01 1.035498e-01 5.130769e-08 5.130769e-08 1.492636e-07 5.961718e-07 1.430624e-06 3.460399e-06 5.593982e-06 3.093926e-05 1.427382e-04 1.035498e-01 
381 15241 4.706760e+01 1.033571e-01 5.096110e-08 5.096110e-08 1.481560e-07 6.115727e-07 1.469939e-06 3.341746e-06 5.805963e-06 2.958296e-05 1.488281e-04 1.033571e-01 
382 15281 4.337018e+01 1.091968e-01 5.086133e-08 5.086133e-08 1.445845e-07 5.830850e-07 1.434768e-06 3.474907e-06 5.884131e-06 2.911386e-05 1.424701e-04 1.091968e-01 
383 15321 3.948258e+01 1.117120e-01 4.971254e-08 4.971254e-08 1.415119e-07 5.467882e-07 1.481643e-06 3.385837e-06 5.755784e-06 2.922895e-05 1.375814e-04 1.117120e-01 
384 15361 3.428112e+01 1.139251e-01 4.739490e-08 4.739490e-08 1.422338e-07 5.370461e-07 1.399183e-06 3.327853e-06 5.722361e-06 2.793066e-05 1.344417e-04 1.139251e-01 
385 15401 3.175738e+01 1.121185e-01 4.665066e-08 4.665066e-08 1.401322e-07 5.207533e-07 1.362478e-06 3.320608e-06 5.572285e-06 2.727098e-05 1.324364e-04 1.121185e-01 
386 15441 3.402184e+01 1.084237e-01 4.887872e-08 4.887872e-08 1.389214e-07 5.461545e-07 1.367317e-06 3.139824e-06 5.554131e-06 2.570412e-05 1.407159e-04 1.084237e-01 
387 15481 3.349572e+01 1.134332e-01 4.657399e-08 4.657399e-08 1.427750e-07 5.700502e-07 1.400461e-06 2.967691e-06 5.495656e-06 2.474957e-05 1.375503e-04 1.134332e-01 
388 15521 2.941181e+01 1.099302e-01 4.534785e-08 4.534785e-08 1.384323e-07 5.615974e-07 1.378939e-06 2.904389e-06 5.469995e-06 2.356413e-05 1.365703e-04 1.099302e-01 
389 15561 2.817412e+01 1.043458e-01 4.394733e-08 4.394733e-08 1.355630e-07 5.744539e-07 1.382182e-06 2.871362e-06 5.634792e-06 2.258348e-05 1.353861e-04 1.043458e-01 
390 15601 2.909970e+01 9.826615e-02 4.354050e-08 4.354050e-08 1.333118e-07 5.493787e-07 1.409115e-06 2.878747e-06 5.612810e-06 2.254044e-05 1.349069e-04 9.826615e-02 
391 15641 2.835831e+01 9.401000e-02 4.420917e-08 4.420917e-08 1.312594e-07 5.532151e-07 1.404724e-06 2.943893e-06 5.509022e-06 2.250420e-05 1.316907e-04 9.401000e-02 
392 15681 3.210182e+01 9.491655e-02 4.253289e-08 4.253289e-08 1.331769e-07 5.349998e-07 1.419915e-06 2.955414e-06 5.256872e-06 2.407951e-05 1.455426e-04 9.491655e-02 
393 15721 3.141098e+01 9.055092e-02 4.327505e-08 4.327505e-08 1.279417e-07 5.104067e-07 1.357905e-06 2.955517e-06 5.024988e-06 2.549528e-05 1.416890e-04 9.055092e-02 
394 15761 3.003985e+01 8.840073e-02 4.186383e-08 4.186383e-08 1.240161e-07 5.220232e-07 1.310732e-06 2.979919e-06 4.879225e-06 2.610822e-05 1.499954e-04 8.840073e-02 
395 15801 3.578661e+01 9.800540e-02 4.164706e-08 4.164706e-08 1.311433e-07 5.172786e-07 1.330146e-06 2.884967e-06 4.755280e-06 2.885160e-05 1.533761e-04 9.800540e-02 
396 15841 3.173332e+01 9.768547e-02 3.966324e-08 3.966324e-08 1.342237e-07 4.965984e-07 1.316298e-06 2.889569e-06 4.563229e-06 2.984617e-05 1.479352e-04 9.768547e-02 
397 15881 3.114994e+01 9.836496e-02 4.026858e-08 4.026858e-08 1.359367e-07 4.752424e-07 1.259335e-06 3.015613e-06 4.455814e-06 3.002616e-05 1.532465e-04 9.836496e-02 
398 15921 2.823984e+01 9.452020e-02 3.918469e-08 3.918469e-08 1.335305e-07 4.745878e-07 1.346083e-06 3.075414e-06 4.303481e-06 2.905758e-05 1.546780e-04 9.452020e-02 
399 15961 2.443980e+01 9.527389e-02 3.985241e-08 3.985241e-08 1.304468e-07 4.658218e-07 1.343936e-06 3.016999e-06 4.073265e-06 2.902239e-05 1.593836e-04 9.527389e-02 
400 16001 2.550487e+01 9.907049e-02 3.803162e-08 3.803162e-08 1.245421e-07 4.883486e-07 1.357797e-06 2.984420e-06 4.312918e-06 3.003935e-05 1.605578e-04 9.907049e-02 
401 16041 2.616523e+01 9.662753e-02 3.954968e-08 3.954968e-08 1.243845e-07 4.662206e-07 1.409394e-06 3.022844e-06 4.354783e-06 2.881707e-05 1.568709e-04 9.662753e-02 
402 16081 2.505751e+01 9.140108e-02 4.097107e-08 4.097107e-08 1.305973e-07 4.552272e-07 1.459308e-06 3.009633e-06 4.323731e-06 2.855703e-05 1.518054e-04 9.140108e-02 
403 16121 2.503206e+01 9.261039e-02 3.947637e-08 3.947637e-08 1.312812e-07 4.758265e-07 1.389145e-06 3.016104e-06 4.307586e-06 2.734419e-05 1.492239e-04 9.261039e-02 
404 16161 2.399637e+01 9.456190e-02 3.742915e-08 3.742915e-08 1.289677e-07 4.595089e-07 1.361177e-06 3.034361e-06 4.175822e-06 2.680050e-05 1.424415e-04 9.456190e-02 
405 16201 2.343772e+01 9.178579e-02 3.557761e-08 3.557761e-08 1.304277e-07 4.583049e-07 1.309234e-06 2.991118e-06 4.017243e-06 2.533926e-05 1.473817e-04 9.178579e-02 
406 16241 2.025100e+01 8.640968e-02 3.487342e-08 3.487342e-08 1.308232e-07 4.876730e-07 1.282074e-06 2.875156e-06 3.964112e-06 2.549686e-05 1.466680e-04 8.640968e-02 
407 16281 1.725526e+01 8.350043e-02 3.368703e-08 3.368703e-08 1.316884e-07 4.680335e-07 1.296726e-06 2.860630e-06 3.874536e-06 2.460329e-05 1.432746e-04 8.350043e-02 
408 16321 1.681403e+01 8.229089e-02 3.509047e-08 3.509047e-08 1.265096e-07 4.567245e-07 1.297769e-06 2.975379e-06 3.716329e-06 2.396515e-05 1.360724e-04 8.229089e-02 
409 16361 1.574440e+01 8.665276e-02 3.377252e-08 3.377252e-08 1.212902e-07 4.532599e-07 1.282382e-06 2.865127e-06 3.535508e-06 2.415734e-05 1.297064e-04 8.665276e-02 
410 16401 1.599030e+01 8.511059e-02 3.221498e-08 3.221498e-08 1.233719e-07 4.555451e-07 1.322179e-06 2.753351e-06 3.547507e-06 2.402380e-05 1.308371e-04 8.511059e-02 
411 16441 1.687183e+01 8.687746e-02 3.266893e-08 3.266893e-08 1.259796e-07 4.529054e-07 1.322277e-06 2.683507e-06 3.772974e-06 2.421463e-05 1.272741e-04 8.687746e-02 
412 16481 2.128804e+01 9.028633e-02 3.394793e-08 3.394793e-08 1.313890e-07 4.290588e-07 1.436525e-06 2.779556e-06 3.678280e-06 2.506149e-05 1.230398e-04 9.028633e-02 
413 16521 2.317636e+01 9.133835e-02 3.294573e-08 3.294573e-08 1.308226e-07 4.329793e-07 1.458279e-06 2.657250e-06 3.544770e-06 2.691337e-05 1.174941e-04 9.133835e-02 
414 16561 2.732664e+01 9.619208e-02 3.278078e-08 3.278078e-08 1.287162e-07 4.866170e-07 1.408906e-06 2.669978e-06 3.351982e-06 2.707240e-05 1.124691e-04 9.619208e-02 
415 16601 2.778901e+01 9.363185e-02 3.304393e-08 3.304393e-08 1.302117e-07 4.749710e-07 1.486261e-06 2.632726e-06 3.267152e-06 2.664027e-05 1.169647e-04 9.363185e-02 
416 16641 2.608740e+01 9.477229e-02 3.281780e-08 3.281780e-08 1.270247e-07 4.590434e-07 1.462082e-06 2.652112e-06 3.147659e-06 2.624002e-05 1.136044e-04 9.477229e-02 
417 16681 2.663138e+01 9.120453e-02 3.142523e-08 3.142523e-08 1.251247e-07 4.452976e-07 1.416798e-06 2.645674e-06 3.265658e-06 2.698301e-05 1.117548e-04 9.120453e-02 
418 16721 2.302938e+01 8.702524e-02 3.018295e-08 3.018295e-08 1.246773e-07 4.354229e-07 1.351951e-06 2.538452e-06 3.140485e-06 2.602828e-05 1.080547e-04 8.702524e-02 
419 16761 2.104753e+01 8.646170e-02 2.959003e-08 2.959003e-08 1.216598e-07 4.295617e-07 1.314654e-06 2.557182e-06 3.199238e-06 2.542713e-05 1.116396e-04 8.646170e-02 
420 16801 2.063781e+01 8.340579e-02 2.943248e-08 2.943248e-08 1.193714e-07 4.336322e-07 1.342578e-06 2.455844e-06 3.189002e-06 2.468825e-05 1.080492e-04 8.340579e-02 
421 16841 2.187027e+01 8.444282e-02 2.942450e-08 2.942450e-08 1.181954e-07 4.398483e-07 1.317921e-06 2.631492e-06 3.191875e-06 2.451207e-05 1.074112e-04 8.444282e-02 
422 16881 2.310797e+01 8.463302e-02 2.882922e-08 2.882922e-08 1.190781e-07 4.489524e-07 1.310459e-06 2.701998e-06 3.165457e-06 2.451869e-05 1.078656e-04 8.463302e-02 
423 16921 2.330179e+01 8.116408e-02 2.783476e-08 2.783476e-08 1.153520e-07 4.341173e-07 1.350428e-06 2.632882e-06 3.019693e-06 2.438043e-05 1.087534e-04 8.116408e-02 
424 16961 2.255310e+01 8.196003e-02 2.668653e-08 2.668653e-08 1.157956e-07 4.229754e-07 1.330788e-06 2.609309e-06 3.094329e-06 2.434639e-05 1.091534e-04 8.196003e-02 
425 17001 2.293175e+01 8.263522e-02 2.693379e-08 2.693379e-08 1.118293e-07 4.173922e-07 1.377033e-06 2.523850e-06 3.184826e-06 2.307029e-05 1.078320e-04 8.263522e-02 
426 17041 2.205696e+01 8.071690e-02 2.637171e-08 2.637171e-08 1.107775e-07 4.060992e-07 1.369365e-06 2.693766e-06 3.521584e-06 2.291172e-05 1.052128e-04 8.071690e-02 
427 17081 2.017408e+01 7.676019e-02 2.629273e-08 2.629273e-08 1.072402e-07 3.906418e-07 1.405424e-06 2.700510e-06 3.607572e-06 2.257733e-05 1.019745e-04 7.676019e-02 
428 17121 1.744392e+01 7.408400e-02 2.493749e-08 2.493749e-08 1.027246e-07 3.796143e-07 1.376196e-06 2.628203e-06 3.729000e-06 2.198415e-05 1.012737e-04 7.408400e-02 
429 17161 1.560519e+01 7.139129e-02 2.375576e-08 2.375576e-08 1.008190e-07 3.740378e-07 1.454966e-06 2.673010e-06 3.540052e-06 2.169101e-05 9.593066e-05 7.139129e-02 
430 17201 1.591802e+01 7.244150e-02 2.336740e-08 2.336740e-08 9.932256e-08 3.704886e-07 1.534787e-06 2.660518e-06 3.365915e-06 2.123876e-05 9.551190e-05 7.244150e-02 
431 17241 1.646701e+01 7.319627e-02 2.382455e-08 2.382455e-08 1.055419e-07 3.635378e-07 1.604358e-06 2.516045e-06 3.201524e-06 2.171136e-05 9.505321e-05 7.319627e-02 
432 17281 1.608969e+01 7.069808e-02 2.349258e-08 2.349258e-08 1.049307e-07 3.640289e-07 1.693404e-06 2.347871e-06 3.113449e-06 2.275591e-05 9.362629e-05 7.069808e-02 
433 17321 1.682077e+01 7.253800e-02 2.409074e-08 2.409074e-08 1.012568e-07 3.604912e-07 1.672021e-06 2.313019e-06 3.059887e-06 2.177025e-05 9.150912e-05 7.253800e-02 
434 17361 1.466866e+01 7.005929e-02 2.316057e-08 2.316057e-08 9.742963e-08 3.534960e-07 1.638066e-06 2.229924e-06 3.003620e-06 2.281054e-05 8.714186e-05 7.005929e-02 
