%  columns="iteration, evaluation, sigma, max axis length, min axis length, all principal axes lengths (sorted square roots of eigenvalues of C)" (startseed=207928, 2015/08/19 20:2:15.28)
1 41 3.051035e+03 1.026121e+00 8.500476e-05 8.500476e-05 9.472801e-05 9.734207e-05 1.009129e-04 1.036247e-04 1.702838e-04 5.904152e-04 2.596123e-03 1.026121e+00 
2 81 3.134214e+03 9.702909e-01 8.173280e-05 8.173280e-05 9.302191e-05 9.441229e-05 9.977513e-05 1.025714e-04 1.690230e-04 5.772633e-04 2.495016e-03 9.702909e-01 
3 121 3.339461e+03 9.031564e-01 8.034553e-05 8.034553e-05 8.904165e-05 9.480605e-05 9.619511e-05 1.007284e-04 1.702517e-04 5.589138e-04 2.405701e-03 9.031564e-01 
4 161 3.823204e+03 8.721589e-01 7.761814e-05 7.761814e-05 8.765824e-05 9.199255e-05 9.619910e-05 1.081120e-04 1.662388e-04 5.337859e-04 2.392328e-03 8.721589e-01 
5 201 4.885953e+03 8.321961e-01 7.414798e-05 7.414798e-05 8.296708e-05 8.924227e-05 9.373925e-05 1.097339e-04 1.621071e-04 5.527805e-04 2.354926e-03 8.321961e-01 
6 241 4.910305e+03 7.984419e-01 7.173980e-05 7.173980e-05 8.132990e-05 8.451484e-05 8.725583e-05 1.089241e-04 1.546944e-04 5.310601e-04 2.210940e-03 7.984419e-01 
7 281 5.025007e+03 7.708970e-01 6.885914e-05 6.885914e-05 7.784957e-05 7.997187e-05 8.661225e-05 1.052082e-04 1.542933e-04 5.037978e-04 2.175970e-03 7.708970e-01 
8 321 4.503975e+03 7.569626e-01 6.535755e-05 6.535755e-05 7.516523e-05 7.626527e-05 8.551197e-05 1.028861e-04 1.481778e-04 4.858622e-04 2.087424e-03 7.569626e-01 
9 361 4.109811e+03 7.166513e-01 6.195067e-05 6.195067e-05 7.101342e-05 7.447330e-05 8.100584e-05 9.978552e-05 1.425334e-04 4.706812e-04 2.002323e-03 7.166513e-01 
10 401 4.165639e+03 6.762691e-01 6.084701e-05 6.084701e-05 6.873888e-05 7.210632e-05 8.146449e-05 9.956542e-05 1.381084e-04 4.598331e-04 2.008934e-03 6.762691e-01 
11 441 3.835350e+03 6.446610e-01 5.884146e-05 5.884146e-05 6.606677e-05 6.851414e-05 7.850198e-05 9.503433e-05 1.342516e-04 4.532628e-04 1.932561e-03 6.446610e-01 
12 481 3.558349e+03 6.156891e-01 5.780171e-05 5.780171e-05 6.293578e-05 6.843486e-05 7.793821e-05 9.230913e-05 1.286034e-04 4.429964e-04 1.838435e-03 6.156891e-01 
13 521 3.318110e+03 5.984550e-01 5.743843e-05 5.743843e-05 6.183560e-05 6.805923e-05 7.568045e-05 8.752076e-05 1.292641e-04 4.216445e-04 1.780947e-03 5.984550e-01 
14 561 3.011231e+03 6.104806e-01 5.470369e-05 5.470369e-05 6.040337e-05 6.524370e-05 7.266704e-05 8.434788e-05 1.273671e-04 4.112683e-04 1.778546e-03 6.104806e-01 
15 601 2.780282e+03 5.944281e-01 5.372908e-05 5.372908e-05 5.921125e-05 6.306795e-05 7.253271e-05 8.196552e-05 1.252523e-04 4.010184e-04 1.784546e-03 5.944281e-01 
16 641 3.076067e+03 6.384335e-01 5.185603e-05 5.185603e-05 5.639439e-05 6.050147e-05 7.050278e-05 7.997236e-05 1.225538e-04 3.922362e-04 1.846221e-03 6.384335e-01 
17 681 3.009385e+03 6.152497e-01 5.097340e-05 5.097340e-05 5.364824e-05 5.851216e-05 7.295421e-05 7.532455e-05 1.193307e-04 3.810146e-04 1.793631e-03 6.152497e-01 
18 721 2.712094e+03 5.952848e-01 4.856936e-05 4.856936e-05 5.201098e-05 5.715932e-05 7.209760e-05 7.345748e-05 1.147321e-04 3.719269e-04 1.729344e-03 5.952848e-01 
19 761 2.694585e+03 5.789240e-01 4.819090e-05 4.819090e-05 5.099338e-05 5.405226e-05 6.850179e-05 7.593098e-05 1.139254e-04 3.634699e-04 1.726410e-03 5.789240e-01 
20 801 2.727726e+03 5.898005e-01 4.809345e-05 4.809345e-05 5.093141e-05 5.405110e-05 6.494623e-05 7.614780e-05 1.115047e-04 3.515115e-04 1.632267e-03 5.898005e-01 
21 841 2.255021e+03 6.196246e-01 4.595712e-05 4.595712e-05 4.882618e-05 5.631003e-05 6.154341e-05 7.342738e-05 1.095215e-04 3.330555e-04 1.539213e-03 6.196246e-01 
22 881 2.211201e+03 6.099142e-01 4.341246e-05 4.341246e-05 4.736196e-05 5.610161e-05 5.961590e-05 7.218360e-05 1.099676e-04 3.182321e-04 1.496830e-03 6.099142e-01 
23 921 2.218003e+03 6.357115e-01 4.277929e-05 4.277929e-05 4.686925e-05 5.528156e-05 5.802928e-05 7.119856e-05 1.174789e-04 3.142169e-04 1.433337e-03 6.357115e-01 
24 961 2.155838e+03 6.258309e-01 4.523082e-05 4.523082e-05 4.709084e-05 5.249260e-05 5.739768e-05 6.712786e-05 1.137972e-04 2.992358e-04 1.423241e-03 6.258309e-01 
25 1001 2.206255e+03 6.121550e-01 4.377811e-05 4.377811e-05 4.684559e-05 5.605043e-05 5.933332e-05 6.723045e-05 1.138055e-04 2.881027e-04 1.366461e-03 6.121550e-01 
26 1041 2.351753e+03 6.012875e-01 4.179331e-05 4.179331e-05 4.636794e-05 5.446861e-05 5.814881e-05 6.760961e-05 1.125008e-04 2.818414e-04 1.333904e-03 6.012875e-01 
27 1081 2.145773e+03 5.732411e-01 3.931417e-05 3.931417e-05 4.496074e-05 5.288796e-05 6.209369e-05 6.626003e-05 1.115390e-04 2.814326e-04 1.310935e-03 5.732411e-01 
28 1121 2.104174e+03 5.711351e-01 3.718710e-05 3.718710e-05 4.288264e-05 5.218835e-05 6.070046e-05 6.386505e-05 1.074184e-04 2.700608e-04 1.233821e-03 5.711351e-01 
29 1161 2.147931e+03 5.816099e-01 3.537962e-05 3.537962e-05 4.093010e-05 5.396761e-05 5.875624e-05 6.214843e-05 1.020559e-04 2.625497e-04 1.189710e-03 5.816099e-01 
30 1201 1.811333e+03 5.630383e-01 3.341457e-05 3.341457e-05 3.899964e-05 5.157260e-05 5.653848e-05 6.101099e-05 1.081408e-04 2.510796e-04 1.147043e-03 5.630383e-01 
31 1241 1.803703e+03 5.406074e-01 3.178682e-05 3.178682e-05 3.957589e-05 5.131113e-05 5.704842e-05 6.381673e-05 1.061863e-04 2.385261e-04 1.118900e-03 5.406074e-01 
32 1281 1.693425e+03 5.135408e-01 2.993342e-05 2.993342e-05 3.774436e-05 5.071569e-05 5.796571e-05 6.333821e-05 1.084854e-04 2.310034e-04 1.117519e-03 5.135408e-01 
33 1321 1.757421e+03 4.938092e-01 2.815391e-05 2.815391e-05 3.637355e-05 4.936682e-05 5.753999e-05 6.619013e-05 1.065533e-04 2.190754e-04 1.148418e-03 4.938092e-01 
34 1361 1.579177e+03 4.825090e-01 2.652904e-05 2.652904e-05 3.513798e-05 4.961333e-05 5.630121e-05 6.609560e-05 1.063689e-04 2.111065e-04 1.192551e-03 4.825090e-01 
35 1401 1.755891e+03 4.726412e-01 2.463354e-05 2.463354e-05 3.544242e-05 4.803592e-05 5.600912e-05 6.291526e-05 1.031814e-04 2.088806e-04 1.164947e-03 4.726412e-01 
36 1441 1.704162e+03 4.977888e-01 2.368940e-05 2.368940e-05 3.490824e-05 4.673337e-05 5.491214e-05 6.024613e-05 1.028662e-04 2.014576e-04 1.137017e-03 4.977888e-01 
37 1481 1.847682e+03 4.836162e-01 2.249751e-05 2.249751e-05 3.596768e-05 4.580263e-05 5.364596e-05 6.635896e-05 1.030901e-04 1.910411e-04 1.118167e-03 4.836162e-01 
38 1521 1.877520e+03 4.887569e-01 2.115469e-05 2.115469e-05 3.428910e-05 4.471378e-05 5.259881e-05 6.851477e-05 1.001313e-04 1.972420e-04 1.073643e-03 4.887569e-01 
39 1561 1.745403e+03 4.726505e-01 1.980215e-05 1.980215e-05 3.312057e-05 4.375761e-05 5.160048e-05 6.706156e-05 9.961042e-05 1.895396e-04 1.056407e-03 4.726505e-01 
40 1601 1.559896e+03 4.867961e-01 1.879262e-05 1.879262e-05 3.268780e-05 4.160748e-05 5.107956e-05 6.517857e-05 9.454162e-05 1.865337e-04 1.012874e-03 4.867961e-01 
41 1641 1.484492e+03 4.789640e-01 1.805465e-05 1.805465e-05 3.174404e-05 4.072123e-05 5.013812e-05 6.402387e-05 9.658528e-05 1.843223e-04 1.003352e-03 4.789640e-01 
42 1681 1.321776e+03 4.599058e-01 1.716883e-05 1.716883e-05 3.096634e-05 3.964242e-05 5.219105e-05 6.357425e-05 9.331182e-05 1.818518e-04 9.774027e-04 4.599058e-01 
43 1721 1.327295e+03 4.649106e-01 1.597420e-05 1.597420e-05 3.045617e-05 4.122204e-05 5.166932e-05 6.204159e-05 9.476213e-05 1.814537e-04 9.480213e-04 4.649106e-01 
44 1761 1.298635e+03 4.792197e-01 1.495930e-05 1.495930e-05 2.940560e-05 4.087037e-05 5.078873e-05 6.049985e-05 9.309902e-05 1.760800e-04 9.334234e-04 4.792197e-01 
45 1801 1.331094e+03 4.655820e-01 1.405640e-05 1.405640e-05 2.874938e-05 4.169744e-05 4.919966e-05 6.091076e-05 9.372026e-05 1.691679e-04 9.296669e-04 4.655820e-01 
46 1841 1.446995e+03 4.646491e-01 1.307212e-05 1.307212e-05 2.771706e-05 4.012787e-05 4.988076e-05 6.072635e-05 9.053463e-05 1.714461e-04 8.992623e-04 4.646491e-01 
47 1881 1.480125e+03 4.529066e-01 1.218873e-05 1.218873e-05 2.673237e-05 4.253579e-05 4.940788e-05 5.924849e-05 8.746359e-05 1.771063e-04 8.907714e-04 4.529066e-01 
48 1921 1.420817e+03 4.477887e-01 1.204770e-05 1.204770e-05 2.572828e-05 4.083889e-05 4.819648e-05 5.931867e-05 9.047202e-05 1.744662e-04 9.171333e-04 4.477887e-01 
49 1961 1.450089e+03 4.491686e-01 1.143754e-05 1.143754e-05 2.477550e-05 4.041617e-05 4.788118e-05 5.768301e-05 8.926994e-05 1.765006e-04 9.848022e-04 4.491686e-01 
50 2001 1.385500e+03 4.471195e-01 1.087721e-05 1.087721e-05 2.609237e-05 3.940782e-05 4.548751e-05 5.708918e-05 8.788763e-05 1.761975e-04 9.817986e-04 4.471195e-01 
51 2041 1.286069e+03 4.382450e-01 1.013272e-05 1.013272e-05 2.632071e-05 3.942113e-05 4.440787e-05 5.615794e-05 8.414235e-05 1.721379e-04 9.511887e-04 4.382450e-01 
52 2081 1.124071e+03 4.336170e-01 9.606216e-06 9.606216e-06 2.600196e-05 3.861957e-05 4.417440e-05 5.433109e-05 8.347426e-05 1.641003e-04 9.488235e-04 4.336170e-01 
53 2121 1.078198e+03 4.325406e-01 9.155113e-06 9.155113e-06 2.646229e-05 3.866131e-05 4.452284e-05 5.233568e-05 8.814650e-05 1.616759e-04 9.282488e-04 4.325406e-01 
54 2161 1.051805e+03 4.315216e-01 8.678533e-06 8.678533e-06 2.512169e-05 3.980036e-05 4.813173e-05 4.959535e-05 8.731797e-05 1.546919e-04 8.940612e-04 4.315216e-01 
55 2201 9.518216e+02 4.120609e-01 8.145346e-06 8.145346e-06 2.428033e-05 3.913542e-05 4.653283e-05 4.777997e-05 8.308047e-05 1.544860e-04 8.770110e-04 4.120609e-01 
56 2241 8.541426e+02 4.095771e-01 7.624590e-06 7.624590e-06 2.381041e-05 3.891959e-05 4.539927e-05 5.023631e-05 8.137210e-05 1.499056e-04 8.369193e-04 4.095771e-01 
57 2281 9.399031e+02 3.894977e-01 7.152829e-06 7.152829e-06 2.326743e-05 3.954770e-05 4.845427e-05 5.117766e-05 8.092025e-05 1.417825e-04 8.507312e-04 3.894977e-01 
58 2321 8.568172e+02 4.055515e-01 6.719529e-06 6.719529e-06 2.301148e-05 3.827777e-05 4.867100e-05 4.974165e-05 7.923462e-05 1.383906e-04 8.685243e-04 4.055515e-01 
59 2361 8.354743e+02 3.966861e-01 6.278022e-06 6.278022e-06 2.276700e-05 3.745805e-05 4.803206e-05 5.236582e-05 7.940357e-05 1.372031e-04 9.112987e-04 3.966861e-01 
60 2401 8.377650e+02 3.812574e-01 5.987261e-06 5.987261e-06 2.184170e-05 3.607317e-05 5.022218e-05 5.506841e-05 8.055232e-05 1.375034e-04 9.234156e-04 3.812574e-01 
61 2441 8.097518e+02 3.790710e-01 5.569089e-06 5.569089e-06 2.076974e-05 3.666304e-05 5.009176e-05 5.430152e-05 8.038922e-05 1.378495e-04 8.868176e-04 3.790710e-01 
62 2481 8.744235e+02 3.873182e-01 5.375420e-06 5.375420e-06 1.985986e-05 3.585918e-05 4.801096e-05 5.304425e-05 7.777116e-05 1.350333e-04 9.779426e-04 3.873182e-01 
63 2521 9.406590e+02 3.877988e-01 5.210368e-06 5.210368e-06 1.893600e-05 3.508255e-05 4.832666e-05 5.256142e-05 7.470428e-05 1.371817e-04 9.637199e-04 3.877988e-01 
64 2561 9.141117e+02 3.732745e-01 4.870851e-06 4.870851e-06 1.800033e-05 3.534509e-05 4.625924e-05 5.137646e-05 7.108046e-05 1.385620e-04 9.539141e-04 3.732745e-01 
65 2601 8.414762e+02 3.666323e-01 4.682239e-06 4.682239e-06 1.706094e-05 3.363017e-05 4.442065e-05 5.231368e-05 7.049324e-05 1.350673e-04 9.259994e-04 3.666323e-01 
66 2641 7.725275e+02 3.521127e-01 4.392357e-06 4.392357e-06 1.620735e-05 3.279731e-05 4.421197e-05 5.128386e-05 6.989738e-05 1.307930e-04 9.797008e-04 3.521127e-01 
67 2681 7.125922e+02 3.390552e-01 4.111614e-06 4.111614e-06 1.548632e-05 3.405159e-05 4.371488e-05 4.910093e-05 6.966655e-05 1.285486e-04 9.544647e-04 3.390552e-01 
68 2721 6.519016e+02 3.360834e-01 3.907463e-06 3.907463e-06 1.488442e-05 3.384900e-05 4.318080e-05 4.627548e-05 6.568552e-05 1.244761e-04 9.381524e-04 3.360834e-01 
69 2761 6.642634e+02 3.324286e-01 3.701457e-06 3.701457e-06 1.472844e-05 3.233713e-05 4.289915e-05 4.684599e-05 6.665776e-05 1.187575e-04 9.442875e-04 3.324286e-01 
70 2801 7.044352e+02 3.256508e-01 3.468882e-06 3.468882e-06 1.416018e-05 3.136574e-05 4.169651e-05 5.124601e-05 6.553366e-05 1.148734e-04 9.796866e-04 3.256508e-01 
71 2841 8.561900e+02 3.390324e-01 3.430851e-06 3.430851e-06 1.357245e-05 3.162016e-05 4.108878e-05 5.065227e-05 7.179184e-05 1.124336e-04 9.858754e-04 3.390324e-01 
72 2881 8.154678e+02 3.308648e-01 3.248669e-06 3.248669e-06 1.302001e-05 3.120397e-05 3.961404e-05 5.098727e-05 7.096648e-05 1.108319e-04 9.472790e-04 3.308648e-01 
73 2921 7.052244e+02 3.371547e-01 3.095955e-06 3.095955e-06 1.229698e-05 3.149009e-05 3.831416e-05 5.021574e-05 6.810780e-05 1.066515e-04 9.459701e-04 3.371547e-01 
74 2961 7.770957e+02 3.244050e-01 2.936218e-06 2.936218e-06 1.174944e-05 3.121016e-05 3.688078e-05 5.082652e-05 6.699985e-05 1.041921e-04 1.005141e-03 3.244050e-01 
75 3001 7.900417e+02 3.113984e-01 2.785149e-06 2.785149e-06 1.126916e-05 3.105049e-05 3.572975e-05 4.948994e-05 6.801629e-05 1.039188e-04 9.998155e-04 3.113984e-01 
76 3041 7.346500e+02 3.120874e-01 2.645192e-06 2.645192e-06 1.073811e-05 3.076278e-05 3.450581e-05 4.924579e-05 6.690433e-05 1.042402e-04 9.792437e-04 3.120874e-01 
77 3081 7.585402e+02 3.001442e-01 2.491747e-06 2.491747e-06 1.003718e-05 3.013935e-05 3.312540e-05 4.723046e-05 6.690850e-05 1.064616e-04 9.387568e-04 3.001442e-01 
78 3121 7.639463e+02 3.061727e-01 2.345198e-06 2.345198e-06 9.358101e-06 2.931237e-05 3.232889e-05 4.558346e-05 6.482849e-05 1.072594e-04 9.450486e-04 3.061727e-01 
79 3161 7.458584e+02 2.996974e-01 2.298089e-06 2.298089e-06 8.969445e-06 2.841137e-05 3.189435e-05 4.278634e-05 6.570659e-05 1.083833e-04 9.394119e-04 2.996974e-01 
80 3201 7.228002e+02 2.852157e-01 2.229676e-06 2.229676e-06 8.777375e-06 2.714451e-05 3.113197e-05 4.161544e-05 6.672949e-05 1.056640e-04 9.059781e-04 2.852157e-01 
81 3241 6.890890e+02 2.893010e-01 2.112075e-06 2.112075e-06 8.423885e-06 2.652974e-05 3.053719e-05 4.312787e-05 6.704223e-05 1.046938e-04 9.208946e-04 2.893010e-01 
82 3281 7.030732e+02 2.889139e-01 2.019768e-06 2.019768e-06 7.863611e-06 2.655044e-05 3.055478e-05 4.379094e-05 6.427990e-05 1.015296e-04 9.275531e-04 2.889139e-01 
83 3321 7.419663e+02 2.940321e-01 1.930846e-06 1.930846e-06 7.394580e-06 2.645877e-05 3.060487e-05 4.418760e-05 6.342338e-05 1.023207e-04 9.020975e-04 2.940321e-01 
84 3361 6.887418e+02 2.885930e-01 1.859128e-06 1.859128e-06 7.087949e-06 2.565881e-05 3.028089e-05 4.502165e-05 6.139156e-05 9.949617e-05 8.968522e-04 2.885930e-01 
85 3401 6.302451e+02 2.823166e-01 1.810296e-06 1.810296e-06 6.759558e-06 2.602799e-05 2.980169e-05 4.538397e-05 5.847686e-05 1.012353e-04 8.625470e-04 2.823166e-01 
86 3441 6.511599e+02 2.727922e-01 1.705373e-06 1.705373e-06 6.521057e-06 2.563210e-05 2.998830e-05 4.431012e-05 5.594227e-05 9.788403e-05 8.533509e-04 2.727922e-01 
87 3481 5.302856e+02 2.673869e-01 1.605542e-06 1.605542e-06 6.184958e-06 2.550075e-05 3.038020e-05 4.526061e-05 5.337783e-05 9.601740e-05 8.528028e-04 2.673869e-01 
88 3521 5.955627e+02 2.813028e-01 1.552091e-06 1.552091e-06 6.245262e-06 2.521021e-05 2.934548e-05 4.285559e-05 5.210602e-05 9.905327e-05 8.550439e-04 2.813028e-01 
89 3561 6.666709e+02 2.640453e-01 1.514122e-06 1.514122e-06 5.855941e-06 2.540866e-05 2.872605e-05 4.315662e-05 4.947308e-05 1.102636e-04 8.510613e-04 2.640453e-01 
90 3601 6.363595e+02 2.548478e-01 1.419501e-06 1.419501e-06 5.506505e-06 2.463767e-05 2.930922e-05 4.311543e-05 4.794185e-05 1.085420e-04 8.490112e-04 2.548478e-01 
91 3641 4.880881e+02 2.439184e-01 1.347708e-06 1.347708e-06 5.169560e-06 2.421999e-05 2.891881e-05 4.198271e-05 4.500498e-05 1.102061e-04 8.456039e-04 2.439184e-01 
92 3681 4.614030e+02 2.272645e-01 1.284424e-06 1.284424e-06 4.905011e-06 2.456338e-05 2.825003e-05 4.012645e-05 4.439792e-05 1.055643e-04 8.245007e-04 2.272645e-01 
93 3721 4.572144e+02 2.197084e-01 1.228285e-06 1.228285e-06 4.817277e-06 2.442036e-05 2.688030e-05 3.783612e-05 4.310366e-05 1.043204e-04 7.819998e-04 2.197084e-01 
94 3761 3.966638e+02 2.162289e-01 1.175268e-06 1.175268e-06 4.550436e-06 2.321363e-05 2.592591e-05 3.592568e-05 4.101868e-05 1.022450e-04 7.897593e-04 2.162289e-01 
95 3801 4.251180e+02 2.258380e-01 1.114056e-06 1.114056e-06 4.250403e-06 2.304777e-05 2.621401e-05 3.445687e-05 4.212676e-05 9.838368e-05 7.751831e-04 2.258380e-01 
96 3841 3.936064e+02 2.451550e-01 1.062928e-06 1.062928e-06 4.028451e-06 2.224317e-05 2.629732e-05 3.354390e-05 4.263768e-05 9.502974e-05 7.366210e-04 2.451550e-01 
97 3881 3.653658e+02 2.411049e-01 1.011596e-06 1.011596e-06 3.814973e-06 2.171971e-05 2.669172e-05 3.138081e-05 4.206829e-05 9.269762e-05 7.104808e-04 2.411049e-01 
98 3921 3.850790e+02 2.387899e-01 1.006220e-06 1.006220e-06 3.628344e-06 2.069390e-05 2.587652e-05 3.042312e-05 4.071982e-05 9.780110e-05 6.833681e-04 2.387899e-01 
99 3961 4.074760e+02 2.327253e-01 9.571348e-07 9.571348e-07 3.377214e-06 2.054169e-05 2.498337e-05 2.917920e-05 3.823160e-05 1.022587e-04 7.151645e-04 2.327253e-01 
100 4001 4.534000e+02 2.386657e-01 9.511158e-07 9.511158e-07 3.181780e-06 2.033965e-05 2.486646e-05 2.842218e-05 3.910240e-05 1.022535e-04 6.873359e-04 2.386657e-01 
101 4041 4.886791e+02 2.285755e-01 9.237071e-07 9.237071e-07 3.010634e-06 2.096662e-05 2.510415e-05 3.021128e-05 3.890370e-05 1.030610e-04 6.822700e-04 2.285755e-01 
102 4081 5.105331e+02 2.240600e-01 9.168733e-07 9.168733e-07 2.848189e-06 2.029028e-05 2.404810e-05 3.133724e-05 3.777917e-05 1.023225e-04 7.048311e-04 2.240600e-01 
103 4121 6.102555e+02 2.146742e-01 8.851645e-07 8.851645e-07 2.723881e-06 2.051572e-05 2.399181e-05 3.114420e-05 3.897311e-05 1.058564e-04 7.585137e-04 2.146742e-01 
104 4161 5.806576e+02 2.029537e-01 8.411958e-07 8.411958e-07 2.658682e-06 2.092482e-05 2.314372e-05 3.095888e-05 3.810698e-05 1.016311e-04 7.390632e-04 2.029537e-01 
105 4201 5.919381e+02 1.924935e-01 8.198322e-07 8.198322e-07 2.515804e-06 2.081186e-05 2.365948e-05 3.094576e-05 3.726954e-05 1.024624e-04 7.278099e-04 1.924935e-01 
106 4241 4.806876e+02 1.847722e-01 7.859501e-07 7.859501e-07 2.383761e-06 2.004613e-05 2.387491e-05 3.209581e-05 3.502421e-05 9.959419e-05 7.230098e-04 1.847722e-01 
107 4281 4.264634e+02 1.879601e-01 7.634338e-07 7.634338e-07 2.272320e-06 1.932969e-05 2.263667e-05 3.216083e-05 3.393917e-05 9.677971e-05 6.902953e-04 1.879601e-01 
108 4321 4.888985e+02 1.911450e-01 7.407010e-07 7.407010e-07 2.214363e-06 1.897288e-05 2.199852e-05 3.108502e-05 3.391720e-05 1.010366e-04 6.922671e-04 1.911450e-01 
109 4361 5.337120e+02 1.917500e-01 6.987699e-07 6.987699e-07 2.116365e-06 1.898353e-05 2.179533e-05 3.043375e-05 3.442360e-05 1.005119e-04 6.974106e-04 1.917500e-01 
110 4401 4.919238e+02 1.983376e-01 6.835395e-07 6.835395e-07 1.981578e-06 1.849038e-05 2.111682e-05 2.942291e-05 3.340554e-05 9.842814e-05 6.919229e-04 1.983376e-01 
111 4441 4.304959e+02 1.930677e-01 6.665764e-07 6.665764e-07 1.878711e-06 1.800952e-05 2.055994e-05 2.871842e-05 3.204510e-05 9.524333e-05 6.775057e-04 1.930677e-01 
112 4481 4.157144e+02 1.917278e-01 6.679755e-07 6.679755e-07 1.779379e-06 1.735092e-05 2.075081e-05 2.726562e-05 3.136616e-05 9.404750e-05 6.545719e-04 1.917278e-01 
113 4521 3.725445e+02 1.902177e-01 6.717839e-07 6.717839e-07 1.778207e-06 1.647300e-05 1.994672e-05 2.628717e-05 3.072873e-05 9.205291e-05 6.386782e-04 1.902177e-01 
114 4561 3.171218e+02 1.875182e-01 6.447016e-07 6.447016e-07 1.843757e-06 1.611935e-05 1.899325e-05 2.558835e-05 2.974647e-05 8.853048e-05 6.128763e-04 1.875182e-01 
115 4601 3.045629e+02 1.868008e-01 6.375018e-07 6.375018e-07 1.870408e-06 1.554051e-05 1.856236e-05 2.502344e-05 2.947612e-05 8.915875e-05 5.735127e-04 1.868008e-01 
116 4641 3.394334e+02 1.829182e-01 6.293344e-07 6.293344e-07 1.785783e-06 1.540736e-05 1.787794e-05 2.396201e-05 3.068461e-05 9.328996e-05 5.637512e-04 1.829182e-01 
117 4681 3.104072e+02 1.796449e-01 6.170589e-07 6.170589e-07 1.705093e-06 1.533813e-05 1.719406e-05 2.389693e-05 2.959397e-05 9.211558e-05 5.475340e-04 1.796449e-01 
118 4721 2.900389e+02 1.792711e-01 5.927565e-07 5.927565e-07 1.663279e-06 1.496304e-05 1.755927e-05 2.296115e-05 2.860754e-05 8.923628e-05 5.490812e-04 1.792711e-01 
119 4761 2.925109e+02 1.733168e-01 5.869364e-07 5.869364e-07 1.585784e-06 1.506752e-05 1.691583e-05 2.586624e-05 2.983768e-05 8.849595e-05 5.264181e-04 1.733168e-01 
120 4801 3.195514e+02 1.764864e-01 5.757387e-07 5.757387e-07 1.518628e-06 1.478795e-05 1.839606e-05 2.475149e-05 2.896073e-05 8.477738e-05 5.396628e-04 1.764864e-01 
121 4841 2.753011e+02 1.812671e-01 5.584233e-07 5.584233e-07 1.491635e-06 1.425987e-05 1.762639e-05 2.457453e-05 2.891374e-05 8.018029e-05 5.391734e-04 1.812671e-01 
122 4881 2.522093e+02 1.754044e-01 5.371445e-07 5.371445e-07 1.498575e-06 1.440126e-05 1.735962e-05 2.399142e-05 2.818411e-05 7.732720e-05 5.392169e-04 1.754044e-01 
123 4921 2.387547e+02 1.743994e-01 5.078854e-07 5.078854e-07 1.476088e-06 1.500197e-05 1.745490e-05 2.474243e-05 2.736226e-05 7.287621e-05 5.563130e-04 1.743994e-01 
124 4961 2.589527e+02 1.733035e-01 5.151129e-07 5.151129e-07 1.434792e-06 1.452086e-05 1.746401e-05 2.389729e-05 2.774840e-05 7.720404e-05 5.513253e-04 1.733035e-01 
125 5001 2.632734e+02 1.757374e-01 4.950974e-07 4.950974e-07 1.406448e-06 1.422185e-05 1.725647e-05 2.389738e-05 2.662170e-05 7.386647e-05 5.444720e-04 1.757374e-01 
126 5041 2.428975e+02 1.675803e-01 4.933663e-07 4.933663e-07 1.411352e-06 1.411498e-05 1.762231e-05 2.451552e-05 2.571011e-05 7.513476e-05 5.542229e-04 1.675803e-01 
127 5081 2.266152e+02 1.668484e-01 4.760973e-07 4.760973e-07 1.343820e-06 1.436351e-05 1.756316e-05 2.418326e-05 2.608661e-05 7.443568e-05 5.402585e-04 1.668484e-01 
128 5121 2.078990e+02 1.594899e-01 4.642386e-07 4.642386e-07 1.332001e-06 1.415926e-05 1.717198e-05 2.489205e-05 2.597600e-05 7.725944e-05 5.285332e-04 1.594899e-01 
129 5161 2.072138e+02 1.517353e-01 4.932639e-07 4.932639e-07 1.328483e-06 1.425906e-05 1.718594e-05 2.429068e-05 2.711939e-05 7.445330e-05 5.392211e-04 1.517353e-01 
130 5201 1.965103e+02 1.527449e-01 4.774886e-07 4.774886e-07 1.283966e-06 1.415058e-05 1.701568e-05 2.381292e-05 2.626931e-05 8.081779e-05 5.490687e-04 1.527449e-01 
131 5241 2.080379e+02 1.645205e-01 4.692779e-07 4.692779e-07 1.237482e-06 1.359520e-05 1.615998e-05 2.330408e-05 2.746772e-05 8.163460e-05 5.595926e-04 1.645205e-01 
132 5281 2.131692e+02 1.620284e-01 4.654283e-07 4.654283e-07 1.233637e-06 1.473799e-05 1.541210e-05 2.309408e-05 2.646705e-05 8.026883e-05 5.832511e-04 1.620284e-01 
133 5321 2.453853e+02 1.683546e-01 4.501806e-07 4.501806e-07 1.212742e-06 1.415571e-05 1.541713e-05 2.238497e-05 2.788910e-05 7.888434e-05 5.634334e-04 1.683546e-01 
134 5361 2.226702e+02 1.714349e-01 4.448660e-07 4.448660e-07 1.174690e-06 1.361046e-05 1.511044e-05 2.233210e-05 2.785433e-05 7.564652e-05 5.355566e-04 1.714349e-01 
135 5401 2.403852e+02 1.652830e-01 4.487422e-07 4.487422e-07 1.172671e-06 1.396044e-05 1.501269e-05 2.156047e-05 2.901918e-05 7.166575e-05 5.247772e-04 1.652830e-01 
136 5441 2.569049e+02 1.633476e-01 4.324726e-07 4.324726e-07 1.111955e-06 1.358753e-05 1.519153e-05 2.147248e-05 2.933752e-05 6.909130e-05 5.132998e-04 1.633476e-01 
137 5481 2.704481e+02 1.611458e-01 4.208850e-07 4.208850e-07 1.105375e-06 1.308613e-05 1.503566e-05 2.175464e-05 2.978639e-05 6.613023e-05 5.298169e-04 1.611458e-01 
138 5521 3.465391e+02 1.632745e-01 4.127721e-07 4.127721e-07 1.057520e-06 1.319356e-05 1.542632e-05 2.105478e-05 2.977476e-05 6.617953e-05 5.901908e-04 1.632745e-01 
139 5561 4.029778e+02 1.574319e-01 4.098351e-07 4.098351e-07 1.027293e-06 1.298099e-05 1.592259e-05 2.027911e-05 2.944903e-05 6.342995e-05 5.812204e-04 1.574319e-01 
140 5601 4.374473e+02 1.561419e-01 4.119443e-07 4.119443e-07 9.803048e-07 1.235286e-05 1.583888e-05 1.981403e-05 3.062938e-05 6.282635e-05 5.919579e-04 1.561419e-01 
141 5641 4.222002e+02 1.491820e-01 4.103366e-07 4.103366e-07 9.386485e-07 1.205618e-05 1.554773e-05 1.896675e-05 3.100531e-05 5.929288e-05 5.875160e-04 1.491820e-01 
142 5681 4.546163e+02 1.511026e-01 3.981605e-07 3.981605e-07 8.865572e-07 1.200941e-05 1.587027e-05 1.799108e-05 2.988175e-05 6.125382e-05 5.758456e-04 1.511026e-01 
143 5721 4.648433e+02 1.568407e-01 3.853102e-07 3.853102e-07 8.495841e-07 1.196191e-05 1.513873e-05 1.723796e-05 2.897108e-05 6.158649e-05 5.582706e-04 1.568407e-01 
144 5761 4.904763e+02 1.571285e-01 3.859341e-07 3.859341e-07 8.347444e-07 1.188027e-05 1.523775e-05 1.642588e-05 3.007052e-05 5.920991e-05 5.499067e-04 1.571285e-01 
145 5801 4.674307e+02 1.538762e-01 3.858552e-07 3.858552e-07 7.885266e-07 1.226220e-05 1.492523e-05 1.617250e-05 2.968490e-05 5.797925e-05 5.391930e-04 1.538762e-01 
146 5841 4.577587e+02 1.528096e-01 3.729042e-07 3.729042e-07 7.583766e-07 1.236407e-05 1.429281e-05 1.677375e-05 3.082602e-05 5.565587e-05 5.241549e-04 1.528096e-01 
147 5881 4.446495e+02 1.530807e-01 3.731666e-07 3.731666e-07 7.559010e-07 1.176785e-05 1.429463e-05 1.607139e-05 2.999104e-05 5.261427e-05 5.179376e-04 1.530807e-01 
148 5921 5.131965e+02 1.598556e-01 3.674384e-07 3.674384e-07 7.319546e-07 1.267637e-05 1.413839e-05 1.616229e-05 3.161372e-05 5.275238e-05 5.166970e-04 1.598556e-01 
149 5961 5.672382e+02 1.630198e-01 3.592640e-07 3.592640e-07 6.860927e-07 1.247241e-05 1.366604e-05 1.577613e-05 3.101967e-05 5.303840e-05 5.297075e-04 1.630198e-01 
150 6001 5.987296e+02 1.657165e-01 3.576040e-07 3.576040e-07 6.511970e-07 1.244964e-05 1.369840e-05 1.629908e-05 3.328370e-05 5.458487e-05 5.131253e-04 1.657165e-01 
151 6041 5.927342e+02 1.685992e-01 3.647200e-07 3.647200e-07 6.250210e-07 1.235147e-05 1.393838e-05 1.597112e-05 3.274684e-05 5.181108e-05 5.029192e-04 1.685992e-01 
152 6081 4.963581e+02 1.623891e-01 3.639641e-07 3.639641e-07 5.961909e-07 1.213517e-05 1.347357e-05 1.542039e-05 3.266595e-05 5.108192e-05 5.135682e-04 1.623891e-01 
153 6121 4.592557e+02 1.594696e-01 3.597550e-07 3.597550e-07 5.731762e-07 1.178184e-05 1.335194e-05 1.542293e-05 3.265322e-05 5.069206e-05 5.290799e-04 1.594696e-01 
154 6161 4.396738e+02 1.550206e-01 3.548199e-07 3.548199e-07 5.590906e-07 1.128301e-05 1.328340e-05 1.517145e-05 3.250496e-05 4.968332e-05 5.128783e-04 1.550206e-01 
155 6201 3.661546e+02 1.539613e-01 3.435504e-07 3.435504e-07 5.413750e-07 1.099386e-05 1.314105e-05 1.504821e-05 3.292116e-05 4.987370e-05 5.064665e-04 1.539613e-01 
156 6241 3.869807e+02 1.502522e-01 3.234316e-07 3.234316e-07 5.288406e-07 1.077024e-05 1.329553e-05 1.414617e-05 3.305337e-05 5.435268e-05 4.995280e-04 1.502522e-01 
157 6281 3.434274e+02 1.421697e-01 3.075643e-07 3.075643e-07 5.046945e-07 1.049252e-05 1.300562e-05 1.390729e-05 3.253906e-05 5.174238e-05 4.776287e-04 1.421697e-01 
158 6321 3.183136e+02 1.469197e-01 3.009364e-07 3.009364e-07 4.816100e-07 1.034441e-05 1.317762e-05 1.376429e-05 3.147096e-05 4.996575e-05 4.554317e-04 1.469197e-01 
159 6361 2.857908e+02 1.430046e-01 2.912348e-07 2.912348e-07 4.747712e-07 9.996167e-06 1.285081e-05 1.452770e-05 3.307164e-05 5.161995e-05 4.443262e-04 1.430046e-01 
160 6401 2.713315e+02 1.422701e-01 2.776305e-07 2.776305e-07 4.709706e-07 1.003846e-05 1.282805e-05 1.433908e-05 3.244805e-05 5.043654e-05 4.401909e-04 1.422701e-01 
161 6441 2.858423e+02 1.464209e-01 2.728659e-07 2.728659e-07 4.587100e-07 9.986317e-06 1.346969e-05 1.380483e-05 3.236420e-05 4.868153e-05 4.304899e-04 1.464209e-01 
162 6481 3.294678e+02 1.477688e-01 2.746833e-07 2.746833e-07 4.467311e-07 9.956000e-06 1.308716e-05 1.354422e-05 3.358402e-05 4.804147e-05 4.304253e-04 1.477688e-01 
163 6521 3.402752e+02 1.493048e-01 2.821663e-07 2.821663e-07 4.456308e-07 9.730841e-06 1.289445e-05 1.337138e-05 3.342983e-05 4.888692e-05 4.316660e-04 1.493048e-01 
164 6561 3.320949e+02 1.589362e-01 2.887074e-07 2.887074e-07 4.450807e-07 9.455384e-06 1.275951e-05 1.373907e-05 3.221070e-05 4.742211e-05 4.233145e-04 1.589362e-01 
165 6601 3.543349e+02 1.606414e-01 2.766528e-07 2.766528e-07 4.327453e-07 9.425348e-06 1.206590e-05 1.529601e-05 3.175651e-05 4.682631e-05 4.232004e-04 1.606414e-01 
166 6641 3.753691e+02 1.533100e-01 2.814088e-07 2.814088e-07 4.326364e-07 9.118368e-06 1.181801e-05 1.676668e-05 3.121333e-05 4.754476e-05 4.430139e-04 1.533100e-01 
167 6681 3.757030e+02 1.612653e-01 2.714775e-07 2.714775e-07 4.249150e-07 8.826117e-06 1.195898e-05 1.748161e-05 3.154021e-05 4.811040e-05 4.468474e-04 1.612653e-01 
168 6721 3.460175e+02 1.571601e-01 2.657009e-07 2.657009e-07 4.240769e-07 8.565844e-06 1.227930e-05 1.668042e-05 3.001314e-05 4.669251e-05 4.324674e-04 1.571601e-01 
169 6761 3.682248e+02 1.583966e-01 2.660794e-07 2.660794e-07 4.291351e-07 8.231941e-06 1.175086e-05 1.678472e-05 3.003712e-05 4.493881e-05 4.434811e-04 1.583966e-01 
170 6801 3.550155e+02 1.582999e-01 2.829213e-07 2.829213e-07 4.331608e-07 8.011255e-06 1.158706e-05 1.714167e-05 2.960903e-05 4.353406e-05 4.309590e-04 1.582999e-01 
171 6841 3.858893e+02 1.587319e-01 2.951986e-07 2.951986e-07 4.042655e-07 7.817676e-06 1.122762e-05 1.682337e-05 2.888564e-05 4.443535e-05 4.392576e-04 1.587319e-01 
172 6881 3.795930e+02 1.568060e-01 2.912690e-07 2.912690e-07 3.935508e-07 8.262908e-06 1.147266e-05 1.663703e-05 2.966825e-05 4.573878e-05 4.571282e-04 1.568060e-01 
173 6921 3.736127e+02 1.562533e-01 2.873636e-07 2.873636e-07 3.806901e-07 8.227753e-06 1.144257e-05 1.622876e-05 3.048307e-05 4.545258e-05 4.619088e-04 1.562533e-01 
174 6961 4.259485e+02 1.653915e-01 2.776517e-07 2.776517e-07 3.673670e-07 8.004195e-06 1.135604e-05 1.611025e-05 3.048153e-05 4.380681e-05 4.850231e-04 1.653915e-01 
175 7001 4.465444e+02 1.635602e-01 2.733348e-07 2.733348e-07 3.669299e-07 7.950175e-06 1.094289e-05 1.534908e-05 3.082157e-05 4.323457e-05 5.078473e-04 1.635602e-01 
176 7041 5.173679e+02 1.566643e-01 2.613341e-07 2.613341e-07 3.736025e-07 7.961059e-06 1.181744e-05 1.485386e-05 3.079367e-05 4.500429e-05 4.962297e-04 1.566643e-01 
177 7081 5.043505e+02 1.528828e-01 2.482459e-07 2.482459e-07 3.796900e-07 7.783775e-06 1.184146e-05 1.422733e-05 3.088642e-05 4.341149e-05 5.026652e-04 1.528828e-01 
178 7121 4.630958e+02 1.494836e-01 2.498423e-07 2.498423e-07 4.009048e-07 7.879050e-06 1.151372e-05 1.342229e-05 2.944375e-05 4.142933e-05 4.930289e-04 1.494836e-01 
179 7161 4.142919e+02 1.525651e-01 2.516777e-07 2.516777e-07 3.878350e-07 7.883110e-06 1.162052e-05 1.290002e-05 2.837324e-05 3.969104e-05 5.026463e-04 1.525651e-01 
180 7201 3.665164e+02 1.472246e-01 2.525676e-07 2.525676e-07 3.766320e-07 8.032194e-06 1.142576e-05 1.259189e-05 2.727729e-05 3.914034e-05 5.038795e-04 1.472246e-01 
181 7241 3.580751e+02 1.410025e-01 2.549901e-07 2.549901e-07 3.608692e-07 7.793318e-06 1.118106e-05 1.235809e-05 2.886032e-05 3.934662e-05 5.161946e-04 1.410025e-01 
182 7281 3.549069e+02 1.370911e-01 2.444900e-07 2.444900e-07 3.441804e-07 7.594859e-06 1.218809e-05 1.274141e-05 2.951752e-05 3.801863e-05 5.197063e-04 1.370911e-01 
183 7321 4.139597e+02 1.617941e-01 2.426289e-07 2.426289e-07 3.424902e-07 7.515224e-06 1.176007e-05 1.252434e-05 2.957104e-05 3.757763e-05 5.177832e-04 1.617941e-01 
184 7361 4.033249e+02 1.653561e-01 2.286791e-07 2.286791e-07 3.440616e-07 7.312865e-06 1.109642e-05 1.230252e-05 2.920898e-05 3.642889e-05 5.042016e-04 1.653561e-01 
185 7401 4.141014e+02 1.551143e-01 2.288374e-07 2.288374e-07 3.282728e-07 7.205585e-06 1.075244e-05 1.226131e-05 2.875606e-05 3.548920e-05 5.065085e-04 1.551143e-01 
186 7441 4.450012e+02 1.515256e-01 2.296995e-07 2.296995e-07 3.327392e-07 7.070270e-06 1.119018e-05 1.287552e-05 2.783060e-05 3.521966e-05 4.917258e-04 1.515256e-01 
187 7481 4.886113e+02 1.528483e-01 2.350153e-07 2.350153e-07 3.291072e-07 7.009148e-06 1.104925e-05 1.289484e-05 2.707903e-05 3.547966e-05 4.740031e-04 1.528483e-01 
188 7521 5.242313e+02 1.450271e-01 2.314979e-07 2.314979e-07 3.142630e-07 7.144395e-06 1.074965e-05 1.250152e-05 2.930080e-05 3.436681e-05 4.918665e-04 1.450271e-01 
189 7561 4.805816e+02 1.477309e-01 2.315008e-07 2.315008e-07 3.112014e-07 6.921676e-06 1.036197e-05 1.257906e-05 2.870298e-05 3.311171e-05 4.997395e-04 1.477309e-01 
190 7601 4.518612e+02 1.403973e-01 2.436241e-07 2.436241e-07 3.072350e-07 6.656095e-06 1.013365e-05 1.210835e-05 2.816357e-05 3.331420e-05 4.933394e-04 1.403973e-01 
191 7641 4.202757e+02 1.399072e-01 2.412347e-07 2.412347e-07 3.047646e-07 6.748625e-06 9.903788e-06 1.243094e-05 2.716858e-05 3.257384e-05 4.922539e-04 1.399072e-01 
192 7681 4.523816e+02 1.384112e-01 2.344706e-07 2.344706e-07 3.066703e-07 6.978974e-06 9.815998e-06 1.266212e-05 2.741270e-05 3.394961e-05 4.828749e-04 1.384112e-01 
193 7721 4.624490e+02 1.352323e-01 2.319963e-07 2.319963e-07 2.975799e-07 7.081342e-06 1.011637e-05 1.258000e-05 2.698846e-05 3.334766e-05 4.652381e-04 1.352323e-01 
194 7761 4.924273e+02 1.304752e-01 2.244327e-07 2.244327e-07 2.902934e-07 6.881476e-06 9.812168e-06 1.328891e-05 2.699902e-05 3.505032e-05 4.623794e-04 1.304752e-01 
195 7801 4.467360e+02 1.245619e-01 2.157539e-07 2.157539e-07 2.854460e-07 6.854442e-06 9.779585e-06 1.370518e-05 2.609781e-05 3.397024e-05 4.640683e-04 1.245619e-01 
196 7841 4.217609e+02 1.220605e-01 2.066873e-07 2.066873e-07 2.776576e-07 7.092540e-06 9.838196e-06 1.343385e-05 2.671676e-05 3.284694e-05 4.607727e-04 1.220605e-01 
197 7881 3.896805e+02 1.231003e-01 2.030134e-07 2.030134e-07 2.737723e-07 7.084636e-06 9.486833e-06 1.314056e-05 2.687943e-05 3.229329e-05 4.635190e-04 1.231003e-01 
198 7921 4.398488e+02 1.236290e-01 2.040439e-07 2.040439e-07 2.669069e-07 7.039571e-06 9.425868e-06 1.292760e-05 2.589113e-05 3.417557e-05 4.725783e-04 1.236290e-01 
199 7961 4.549802e+02 1.303677e-01 2.005888e-07 2.005888e-07 2.794672e-07 7.075044e-06 9.583061e-06 1.364855e-05 2.564931e-05 3.318857e-05 4.531003e-04 1.303677e-01 
200 8001 4.514589e+02 1.247196e-01 2.109195e-07 2.109195e-07 2.694717e-07 6.877652e-06 9.121324e-06 1.341582e-05 2.469592e-05 3.256271e-05 4.669578e-04 1.247196e-01 
201 8041 5.195522e+02 1.211699e-01 2.101011e-07 2.101011e-07 2.748463e-07 7.098097e-06 8.948764e-06 1.274204e-05 2.451240e-05 3.181833e-05 4.948865e-04 1.211699e-01 
202 8081 5.275937e+02 1.233451e-01 2.025095e-07 2.025095e-07 2.631132e-07 7.010956e-06 8.937338e-06 1.226075e-05 2.382897e-05 3.096183e-05 4.930283e-04 1.233451e-01 
203 8121 4.964522e+02 1.229209e-01 2.030271e-07 2.030271e-07 2.573949e-07 7.439248e-06 8.714127e-06 1.247860e-05 2.445722e-05 3.073534e-05 4.948184e-04 1.229209e-01 
204 8161 5.161473e+02 1.183799e-01 2.068078e-07 2.068078e-07 2.614848e-07 7.353088e-06 8.384010e-06 1.206750e-05 2.390733e-05 2.893086e-05 4.972645e-04 1.183799e-01 
205 8201 4.511613e+02 1.118535e-01 1.994441e-07 1.994441e-07 2.647997e-07 7.107599e-06 8.035941e-06 1.194545e-05 2.442769e-05 2.933041e-05 4.956313e-04 1.118535e-01 
206 8241 3.847999e+02 1.109193e-01 2.043429e-07 2.043429e-07 2.760872e-07 7.056440e-06 7.790633e-06 1.215205e-05 2.407235e-05 2.907510e-05 4.736835e-04 1.109193e-01 
207 8281 3.708799e+02 1.142475e-01 1.989952e-07 1.989952e-07 2.662772e-07 6.846742e-06 7.847918e-06 1.208158e-05 2.443984e-05 2.873949e-05 4.620823e-04 1.142475e-01 
208 8321 4.084196e+02 1.133961e-01 1.895950e-07 1.895950e-07 2.668620e-07 6.645598e-06 7.992629e-06 1.222810e-05 2.416498e-05 2.989669e-05 4.767895e-04 1.133961e-01 
209 8361 4.284302e+02 1.135005e-01 2.076913e-07 2.076913e-07 2.629618e-07 6.459094e-06 7.784685e-06 1.237937e-05 2.569088e-05 2.980969e-05 4.521767e-04 1.135005e-01 
210 8401 4.720264e+02 1.175761e-01 2.110791e-07 2.110791e-07 2.565752e-07 6.345378e-06 7.732914e-06 1.252863e-05 2.525132e-05 2.828135e-05 4.621701e-04 1.175761e-01 
211 8441 4.117469e+02 1.232584e-01 2.047336e-07 2.047336e-07 2.550022e-07 6.004147e-06 7.438473e-06 1.222334e-05 2.474561e-05 2.684832e-05 4.466678e-04 1.232584e-01 
212 8481 4.053751e+02 1.206646e-01 1.952772e-07 1.952772e-07 2.461128e-07 5.805939e-06 7.457382e-06 1.208067e-05 2.486116e-05 2.674302e-05 4.324216e-04 1.206646e-01 
213 8521 4.569525e+02 1.272911e-01 1.935930e-07 1.935930e-07 2.349565e-07 5.922311e-06 7.263545e-06 1.241482e-05 2.445441e-05 2.650013e-05 4.318673e-04 1.272911e-01 
214 8561 4.477232e+02 1.295861e-01 1.902533e-07 1.902533e-07 2.258249e-07 5.771439e-06 7.113642e-06 1.217064e-05 2.413050e-05 2.835917e-05 4.244565e-04 1.295861e-01 
215 8601 4.574355e+02 1.279397e-01 1.993434e-07 1.993434e-07 2.237701e-07 5.906922e-06 6.801145e-06 1.163189e-05 2.405893e-05 2.801737e-05 4.002818e-04 1.279397e-01 
216 8641 4.305570e+02 1.269068e-01 1.957582e-07 1.957582e-07 2.249745e-07 5.773913e-06 6.492238e-06 1.122755e-05 2.381217e-05 2.869619e-05 3.966097e-04 1.269068e-01 
217 8681 4.009322e+02 1.203306e-01 2.010213e-07 2.010213e-07 2.370618e-07 5.632095e-06 6.475368e-06 1.115821e-05 2.380934e-05 3.007287e-05 3.841081e-04 1.203306e-01 
218 8721 3.554776e+02 1.156756e-01 2.080076e-07 2.080076e-07 2.480466e-07 5.637217e-06 6.174074e-06 1.072277e-05 2.429887e-05 3.002030e-05 3.955199e-04 1.156756e-01 
219 8761 3.622232e+02 1.157402e-01 2.069466e-07 2.069466e-07 2.394660e-07 5.821100e-06 6.170960e-06 1.074695e-05 2.346709e-05 2.918304e-05 3.961688e-04 1.157402e-01 
220 8801 3.960692e+02 1.166821e-01 2.065554e-07 2.065554e-07 2.524128e-07 5.883264e-06 5.975355e-06 1.033493e-05 2.337742e-05 3.079102e-05 4.171834e-04 1.166821e-01 
221 8841 4.030675e+02 1.204222e-01 2.124369e-07 2.124369e-07 2.436586e-07 5.660960e-06 5.759807e-06 1.015494e-05 2.435492e-05 2.992052e-05 4.147408e-04 1.204222e-01 
222 8881 3.841969e+02 1.197989e-01 2.020548e-07 2.020548e-07 2.452166e-07 5.508304e-06 5.692906e-06 1.045867e-05 2.467353e-05 3.006230e-05 4.113253e-04 1.197989e-01 
223 8921 4.441344e+02 1.256131e-01 2.019504e-07 2.019504e-07 2.511615e-07 5.243958e-06 5.624835e-06 1.044770e-05 2.324403e-05 3.067489e-05 4.084452e-04 1.256131e-01 
224 8961 4.164580e+02 1.238151e-01 1.971182e-07 1.971182e-07 2.443322e-07 4.997311e-06 5.607922e-06 1.102490e-05 2.302105e-05 3.037339e-05 3.948916e-04 1.238151e-01 
225 9001 4.723344e+02 1.251885e-01 1.939927e-07 1.939927e-07 2.401824e-07 4.867599e-06 5.390867e-06 1.176809e-05 2.317493e-05 3.139138e-05 3.950758e-04 1.251885e-01 
226 9041 4.076936e+02 1.254050e-01 1.949287e-07 1.949287e-07 2.418151e-07 4.838450e-06 5.361384e-06 1.147868e-05 2.326810e-05 3.034119e-05 3.788059e-04 1.254050e-01 
227 9081 3.908134e+02 1.209436e-01 1.967794e-07 1.967794e-07 2.337504e-07 4.791744e-06 5.723902e-06 1.082532e-05 2.261467e-05 2.900020e-05 3.717618e-04 1.209436e-01 
228 9121 4.490391e+02 1.149798e-01 1.922077e-07 1.922077e-07 2.449650e-07 4.592121e-06 5.716268e-06 1.056728e-05 2.178521e-05 3.024818e-05 3.655965e-04 1.149798e-01 
229 9161 4.696813e+02 1.110558e-01 1.908986e-07 1.908986e-07 2.589510e-07 4.493035e-06 5.651604e-06 1.036606e-05 2.092794e-05 2.990912e-05 3.932193e-04 1.110558e-01 
230 9201 4.545434e+02 1.096898e-01 1.781515e-07 1.781515e-07 2.527245e-07 4.459520e-06 5.500676e-06 1.069796e-05 2.017644e-05 3.035460e-05 3.813422e-04 1.096898e-01 
231 9241 4.297072e+02 1.082996e-01 1.696141e-07 1.696141e-07 2.455693e-07 4.435005e-06 5.296975e-06 1.120618e-05 1.993394e-05 3.029133e-05 3.720404e-04 1.082996e-01 
232 9281 4.273344e+02 1.115935e-01 1.620724e-07 1.620724e-07 2.403957e-07 4.345783e-06 5.211815e-06 1.151556e-05 1.962839e-05 3.104928e-05 3.648906e-04 1.115935e-01 
233 9321 4.258873e+02 1.075355e-01 1.580191e-07 1.580191e-07 2.461000e-07 4.515001e-06 5.388717e-06 1.121842e-05 1.886726e-05 3.105618e-05 3.687057e-04 1.075355e-01 
234 9361 4.075954e+02 1.057274e-01 1.519164e-07 1.519164e-07 2.588439e-07 4.364152e-06 5.563553e-06 1.141271e-05 1.924724e-05 2.958835e-05 3.683039e-04 1.057274e-01 
235 9401 3.944977e+02 1.029179e-01 1.490393e-07 1.490393e-07 2.573602e-07 4.239478e-06 5.550116e-06 1.127055e-05 1.980356e-05 3.006804e-05 3.760127e-04 1.029179e-01 
236 9441 3.298770e+02 1.019764e-01 1.531102e-07 1.531102e-07 2.597863e-07 4.314594e-06 5.731170e-06 1.093013e-05 1.970395e-05 2.887839e-05 3.611391e-04 1.019764e-01 
237 9481 3.636933e+02 9.784671e-02 1.504116e-07 1.504116e-07 2.658615e-07 4.392991e-06 5.950554e-06 1.057186e-05 1.968400e-05 2.788310e-05 3.660643e-04 9.784671e-02 
238 9521 4.408131e+02 9.460881e-02 1.525541e-07 1.525541e-07 2.839465e-07 4.452406e-06 6.062791e-06 1.081857e-05 1.895324e-05 2.717313e-05 3.595490e-04 9.460881e-02 
239 9561 4.519463e+02 9.377137e-02 1.451477e-07 1.451477e-07 2.797911e-07 4.312251e-06 6.420674e-06 1.071526e-05 1.820248e-05 2.683438e-05 3.575440e-04 9.377137e-02 
240 9601 4.992610e+02 9.857747e-02 1.467387e-07 1.467387e-07 2.791102e-07 4.295470e-06 6.404518e-06 1.033154e-05 1.768589e-05 2.632048e-05 3.725152e-04 9.857747e-02 
241 9641 4.985820e+02 9.618067e-02 1.472460e-07 1.472460e-07 2.797320e-07 4.330835e-06 6.618836e-06 1.019051e-05 1.713018e-05 2.506983e-05 3.640378e-04 9.618067e-02 
242 9681 5.040310e+02 9.412986e-02 1.587284e-07 1.587284e-07 2.895772e-07 4.279090e-06 6.345781e-06 1.024296e-05 1.701114e-05 2.441550e-05 3.653988e-04 9.412986e-02 
243 9721 5.293578e+02 9.666319e-02 1.537362e-07 1.537362e-07 2.938003e-07 4.836822e-06 6.032242e-06 9.818643e-06 1.658598e-05 2.430778e-05 3.540087e-04 9.666319e-02 
244 9761 5.267382e+02 9.386359e-02 1.519416e-07 1.519416e-07 2.770636e-07 4.932540e-06 6.180649e-06 9.830172e-06 1.727734e-05 2.337138e-05 3.395667e-04 9.386359e-02 
245 9801 5.549366e+02 1.015872e-01 1.554857e-07 1.554857e-07 2.778301e-07 4.730055e-06 6.270233e-06 1.001142e-05 1.654350e-05 2.274567e-05 3.335597e-04 1.015872e-01 
246 9841 5.502219e+02 9.919694e-02 1.480918e-07 1.480918e-07 2.626082e-07 4.649634e-06 6.078955e-06 9.754210e-06 1.628588e-05 2.170342e-05 3.365599e-04 9.919694e-02 
247 9881 5.515712e+02 9.759882e-02 1.464151e-07 1.464151e-07 2.637035e-07 4.622440e-06 6.043042e-06 9.554705e-06 1.580529e-05 2.188545e-05 3.373630e-04 9.759882e-02 
248 9921 5.551042e+02 9.582279e-02 1.407866e-07 1.407866e-07 2.626640e-07 4.721018e-06 6.185997e-06 9.520895e-06 1.518235e-05 2.270092e-05 3.267946e-04 9.582279e-02 
249 9961 5.889135e+02 1.011488e-01 1.359527e-07 1.359527e-07 2.592677e-07 4.739463e-06 6.070726e-06 9.084406e-06 1.461343e-05 2.194224e-05 3.481614e-04 1.011488e-01 
250 10001 5.950101e+02 9.719401e-02 1.348274e-07 1.348274e-07 2.518764e-07 4.569339e-06 5.898506e-06 9.138809e-06 1.427617e-05 2.208613e-05 3.565486e-04 9.719401e-02 
251 10041 5.706454e+02 9.604502e-02 1.299556e-07 1.299556e-07 2.521307e-07 4.388450e-06 5.719386e-06 8.916170e-06 1.346693e-05 2.204104e-05 3.605011e-04 9.604502e-02 
252 10081 5.132512e+02 9.235597e-02 1.234211e-07 1.234211e-07 2.419662e-07 4.566797e-06 5.526360e-06 8.727158e-06 1.369404e-05 2.146754e-05 3.558808e-04 9.235597e-02 
253 10121 4.994745e+02 8.674246e-02 1.180754e-07 1.180754e-07 2.299531e-07 4.467943e-06 5.541717e-06 9.227037e-06 1.356519e-05 2.080388e-05 3.604036e-04 8.674246e-02 
254 10161 5.179701e+02 8.426219e-02 1.173231e-07 1.173231e-07 2.321887e-07 4.419022e-06 5.497557e-06 9.175286e-06 1.279270e-05 2.110690e-05 3.690874e-04 8.426219e-02 
255 10201 4.266603e+02 8.117779e-02 1.134365e-07 1.134365e-07 2.306984e-07 4.297591e-06 5.292908e-06 9.104787e-06 1.290746e-05 2.090272e-05 3.547148e-04 8.117779e-02 
256 10241 4.443554e+02 7.957007e-02 1.149911e-07 1.149911e-07 2.241865e-07 4.324215e-06 5.120606e-06 8.967513e-06 1.370878e-05 2.121498e-05 3.541806e-04 7.957007e-02 
257 10281 4.452535e+02 7.862729e-02 1.111996e-07 1.111996e-07 2.217500e-07 4.244118e-06 5.032559e-06 8.560847e-06 1.397333e-05 2.049612e-05 3.416844e-04 7.862729e-02 
258 10321 3.866853e+02 7.627113e-02 1.125213e-07 1.125213e-07 2.198720e-07 4.071819e-06 4.988444e-06 8.291673e-06 1.384276e-05 2.072288e-05 3.260121e-04 7.627113e-02 
259 10361 3.635198e+02 7.506680e-02 1.078156e-07 1.078156e-07 2.246338e-07 4.062530e-06 5.095432e-06 8.014274e-06 1.373502e-05 1.993452e-05 3.383848e-04 7.506680e-02 
260 10401 3.346019e+02 7.129705e-02 1.031422e-07 1.031422e-07 2.230442e-07 3.981390e-06 5.114084e-06 7.924237e-06 1.309427e-05 1.941448e-05 3.273343e-04 7.129705e-02 
261 10441 3.395793e+02 6.891471e-02 1.003272e-07 1.003272e-07 2.209454e-07 3.966112e-06 5.174285e-06 7.972049e-06 1.288230e-05 1.960320e-05 3.138469e-04 6.891471e-02 
262 10481 3.780795e+02 6.875221e-02 9.531620e-08 9.531620e-08 2.174266e-07 4.004366e-06 5.239912e-06 7.704648e-06 1.356169e-05 1.979853e-05 3.061115e-04 6.875221e-02 
263 10521 4.045820e+02 7.144840e-02 9.448190e-08 9.448190e-08 2.176490e-07 3.870579e-06 5.243632e-06 7.743821e-06 1.383914e-05 1.928096e-05 3.000629e-04 7.144840e-02 
264 10561 4.255232e+02 7.183442e-02 9.543244e-08 9.543244e-08 2.123803e-07 3.750910e-06 5.405192e-06 7.367068e-06 1.354091e-05 1.983777e-05 2.937771e-04 7.183442e-02 
265 10601 4.769152e+02 7.764595e-02 9.450107e-08 9.450107e-08 2.108711e-07 3.640601e-06 5.619733e-06 7.392111e-06 1.384262e-05 1.970031e-05 3.083783e-04 7.764595e-02 
266 10641 4.750302e+02 7.761508e-02 9.121769e-08 9.121769e-08 2.091604e-07 3.514930e-06 5.486600e-06 7.220448e-06 1.577225e-05 1.980930e-05 3.179333e-04 7.761508e-02 
267 10681 4.781665e+02 7.617751e-02 8.655847e-08 8.655847e-08 2.027168e-07 3.374778e-06 5.649121e-06 7.142559e-06 1.530136e-05 2.020335e-05 3.315930e-04 7.617751e-02 
268 10721 4.305620e+02 7.393315e-02 8.606330e-08 8.606330e-08 1.925120e-07 3.415681e-06 5.547770e-06 6.870192e-06 1.459207e-05 1.928454e-05 3.242907e-04 7.393315e-02 
269 10761 4.404898e+02 7.187064e-02 8.402448e-08 8.402448e-08 1.958577e-07 3.427881e-06 5.408912e-06 6.686387e-06 1.423192e-05 2.004554e-05 3.159687e-04 7.187064e-02 
270 10801 4.968051e+02 6.936184e-02 8.064758e-08 8.064758e-08 1.868613e-07 3.532735e-06 5.386303e-06 6.658696e-06 1.503403e-05 1.959628e-05 3.194040e-04 6.936184e-02 
271 10841 4.276764e+02 6.723515e-02 7.748432e-08 7.748432e-08 1.789756e-07 3.367640e-06 5.215999e-06 6.632490e-06 1.460241e-05 1.914642e-05 3.208874e-04 6.723515e-02 
272 10881 4.345674e+02 6.768669e-02 7.603093e-08 7.603093e-08 1.727581e-07 3.488052e-06 5.105718e-06 6.570499e-06 1.421019e-05 1.942714e-05 3.028655e-04 6.768669e-02 
273 10921 4.416747e+02 6.771398e-02 7.479223e-08 7.479223e-08 1.688302e-07 3.684633e-06 5.320196e-06 6.639086e-06 1.342602e-05 1.950219e-05 3.036523e-04 6.771398e-02 
274 10961 4.468179e+02 6.474165e-02 7.183480e-08 7.183480e-08 1.664935e-07 3.766948e-06 5.252004e-06 6.545161e-06 1.361614e-05 1.929391e-05 2.893703e-04 6.474165e-02 
275 11001 4.740138e+02 6.421751e-02 7.245190e-08 7.245190e-08 1.573245e-07 3.701549e-06 5.696065e-06 6.409973e-06 1.344921e-05 1.931300e-05 2.797254e-04 6.421751e-02 
276 11041 5.073079e+02 6.531740e-02 7.363177e-08 7.363177e-08 1.503578e-07 3.548044e-06 5.937310e-06 6.365411e-06 1.278743e-05 1.865570e-05 2.820632e-04 6.531740e-02 
277 11081 4.685128e+02 6.542619e-02 7.403829e-08 7.403829e-08 1.474547e-07 3.408723e-06 5.786592e-06 6.151451e-06 1.253506e-05 1.891009e-05 2.669757e-04 6.542619e-02 
278 11121 5.333433e+02 6.516049e-02 7.251350e-08 7.251350e-08 1.491583e-07 3.420332e-06 5.527108e-06 6.389648e-06 1.278696e-05 1.845174e-05 3.145792e-04 6.516049e-02 
279 11161 5.390725e+02 6.711429e-02 7.035755e-08 7.035755e-08 1.460562e-07 3.477785e-06 5.323531e-06 6.588393e-06 1.235661e-05 1.822953e-05 3.133151e-04 6.711429e-02 
280 11201 5.364793e+02 6.787113e-02 6.946345e-08 6.946345e-08 1.595438e-07 3.559593e-06 5.079810e-06 6.369519e-06 1.236673e-05 1.781045e-05 2.993802e-04 6.787113e-02 
281 11241 5.916868e+02 6.559895e-02 7.045953e-08 7.045953e-08 1.683504e-07 3.456216e-06 4.988580e-06 6.171971e-06 1.172253e-05 1.693427e-05 3.159592e-04 6.559895e-02 
282 11281 5.539100e+02 6.357474e-02 7.123379e-08 7.123379e-08 1.653906e-07 3.461450e-06 4.895652e-06 6.001714e-06 1.146942e-05 1.705999e-05 3.084328e-04 6.357474e-02 
283 11321 5.542632e+02 6.056037e-02 6.891222e-08 6.891222e-08 1.691794e-07 3.461695e-06 4.745952e-06 5.708601e-06 1.107493e-05 1.632764e-05 2.975175e-04 6.056037e-02 
284 11361 5.928021e+02 6.003799e-02 6.696212e-08 6.696212e-08 1.767359e-07 3.615770e-06 4.785322e-06 5.898604e-06 1.073769e-05 1.585524e-05 2.890967e-04 6.003799e-02 
285 11401 5.214927e+02 6.149867e-02 6.319467e-08 6.319467e-08 1.798056e-07 3.537688e-06 4.766584e-06 5.856182e-06 1.044713e-05 1.496710e-05 2.867657e-04 6.149867e-02 
286 11441 5.140548e+02 5.944653e-02 6.630217e-08 6.630217e-08 1.759952e-07 3.505979e-06 4.638056e-06 5.920864e-06 1.031964e-05 1.484085e-05 2.852832e-04 5.944653e-02 
287 11481 5.223175e+02 5.742594e-02 6.575724e-08 6.575724e-08 1.713774e-07 3.443439e-06 4.753940e-06 5.878432e-06 9.866952e-06 1.521249e-05 2.946433e-04 5.742594e-02 
288 11521 5.496063e+02 5.554299e-02 6.607436e-08 6.607436e-08 1.669735e-07 3.421253e-06 4.808032e-06 5.864883e-06 1.007043e-05 1.529123e-05 3.000771e-04 5.554299e-02 
289 11561 5.442930e+02 5.561231e-02 6.628705e-08 6.628705e-08 1.580761e-07 3.315369e-06 4.681974e-06 5.670996e-06 9.497476e-06 1.447004e-05 3.062124e-04 5.561231e-02 
290 11601 5.422705e+02 5.538238e-02 6.474758e-08 6.474758e-08 1.516814e-07 3.222626e-06 4.524029e-06 5.680553e-06 9.900739e-06 1.439872e-05 3.086116e-04 5.538238e-02 
291 11641 5.023887e+02 5.296755e-02 6.280996e-08 6.280996e-08 1.529754e-07 3.054884e-06 4.361243e-06 5.447210e-06 9.767895e-06 1.453764e-05 2.930434e-04 5.296755e-02 
292 11681 5.437230e+02 5.234112e-02 6.577259e-08 6.577259e-08 1.518336e-07 2.936570e-06 4.109334e-06 5.506187e-06 9.570555e-06 1.389531e-05 2.894811e-04 5.234112e-02 
293 11721 5.675733e+02 5.201215e-02 6.709668e-08 6.709668e-08 1.565180e-07 2.835403e-06 3.964238e-06 5.489591e-06 9.593606e-06 1.393692e-05 3.037988e-04 5.201215e-02 
294 11761 6.247248e+02 5.019104e-02 6.669142e-08 6.669142e-08 1.531843e-07 2.826449e-06 3.896730e-06 5.458363e-06 9.623586e-06 1.400667e-05 3.128412e-04 5.019104e-02 
295 11801 6.566751e+02 4.955352e-02 6.689951e-08 6.689951e-08 1.506276e-07 2.736020e-06 3.859899e-06 5.300247e-06 9.358095e-06 1.391107e-05 3.226285e-04 4.955352e-02 
296 11841 7.037937e+02 5.014709e-02 6.745793e-08 6.745793e-08 1.564641e-07 2.698743e-06 3.724144e-06 5.109843e-06 9.697166e-06 1.403518e-05 3.250900e-04 5.014709e-02 
297 11881 7.135618e+02 4.893740e-02 6.636557e-08 6.636557e-08 1.592298e-07 2.697166e-06 3.745229e-06 5.092764e-06 9.740200e-06 1.452721e-05 3.080845e-04 4.893740e-02 
298 11921 7.802931e+02 4.831564e-02 6.575847e-08 6.575847e-08 1.543752e-07 2.843905e-06 3.707730e-06 4.992373e-06 9.290027e-06 1.463447e-05 3.083514e-04 4.831564e-02 
299 11961 8.948650e+02 5.124678e-02 7.091732e-08 7.091732e-08 1.460300e-07 2.730524e-06 3.552792e-06 4.764709e-06 8.998548e-06 1.511307e-05 3.081538e-04 5.124678e-02 
300 12001 8.550506e+02 5.144586e-02 7.299601e-08 7.299601e-08 1.454549e-07 2.597345e-06 3.443996e-06 4.854439e-06 9.038559e-06 1.570247e-05 3.071586e-04 5.144586e-02 
301 12041 8.693966e+02 5.248215e-02 7.545017e-08 7.545017e-08 1.511798e-07 2.459726e-06 3.274624e-06 4.746274e-06 8.522431e-06 1.531389e-05 3.288150e-04 5.248215e-02 
302 12081 7.656511e+02 5.264196e-02 7.345127e-08 7.345127e-08 1.469023e-07 2.416153e-06 3.287288e-06 4.774842e-06 8.489941e-06 1.479312e-05 3.187370e-04 5.264196e-02 
303 12121 7.232516e+02 5.441387e-02 7.112063e-08 7.112063e-08 1.411066e-07 2.359203e-06 3.246197e-06 4.870816e-06 8.122671e-06 1.392134e-05 3.234283e-04 5.441387e-02 
304 12161 7.748882e+02 5.345799e-02 7.019245e-08 7.019245e-08 1.421458e-07 2.248143e-06 3.185718e-06 4.989164e-06 8.090708e-06 1.362259e-05 3.204745e-04 5.345799e-02 
305 12201 8.098377e+02 5.233238e-02 6.788614e-08 6.788614e-08 1.409003e-07 2.262048e-06 3.294057e-06 4.869623e-06 7.575545e-06 1.342198e-05 3.212243e-04 5.233238e-02 
306 12241 7.938043e+02 5.146367e-02 6.722123e-08 6.722123e-08 1.375075e-07 2.174162e-06 3.323511e-06 4.846517e-06 7.634397e-06 1.393501e-05 3.105451e-04 5.146367e-02 
307 12281 7.322674e+02 5.436669e-02 6.484952e-08 6.484952e-08 1.305003e-07 2.146459e-06 3.259517e-06 4.916978e-06 7.624948e-06 1.394682e-05 3.017886e-04 5.436669e-02 
308 12321 7.082040e+02 5.550751e-02 6.258471e-08 6.258471e-08 1.313976e-07 2.091224e-06 3.413045e-06 4.636332e-06 7.403646e-06 1.362523e-05 2.993224e-04 5.550751e-02 
309 12361 6.935222e+02 5.394953e-02 6.246733e-08 6.246733e-08 1.279934e-07 2.126659e-06 3.363243e-06 4.585871e-06 7.148079e-06 1.306887e-05 2.856924e-04 5.394953e-02 
310 12401 6.773011e+02 5.387663e-02 6.065397e-08 6.065397e-08 1.275071e-07 2.164430e-06 3.244805e-06 4.488865e-06 7.029797e-06 1.314733e-05 2.765371e-04 5.387663e-02 
311 12441 6.365214e+02 5.121070e-02 6.038717e-08 6.038717e-08 1.213750e-07 2.195039e-06 3.261343e-06 4.541660e-06 6.792372e-06 1.293417e-05 2.706185e-04 5.121070e-02 
312 12481 6.472617e+02 5.185123e-02 6.081217e-08 6.081217e-08 1.158524e-07 2.169597e-06 3.066181e-06 4.428650e-06 6.678788e-06 1.306845e-05 2.588218e-04 5.185123e-02 
313 12521 6.516494e+02 5.178004e-02 6.105822e-08 6.105822e-08 1.132830e-07 2.173669e-06 3.045745e-06 4.728135e-06 6.751217e-06 1.278900e-05 2.565958e-04 5.178004e-02 
314 12561 6.393284e+02 5.320413e-02 5.853537e-08 5.853537e-08 1.136902e-07 2.194726e-06 3.032325e-06 4.757624e-06 6.592872e-06 1.224127e-05 2.539180e-04 5.320413e-02 
315 12601 7.814182e+02 5.391477e-02 5.682386e-08 5.682386e-08 1.133663e-07 2.319282e-06 2.972138e-06 4.658563e-06 6.822179e-06 1.236809e-05 2.431076e-04 5.391477e-02 
316 12641 7.206373e+02 5.463637e-02 6.041627e-08 6.041627e-08 1.094624e-07 2.267218e-06 3.071192e-06 4.673005e-06 6.943803e-06 1.215305e-05 2.449401e-04 5.463637e-02 
317 12681 8.134923e+02 5.647953e-02 6.059550e-08 6.059550e-08 1.160590e-07 2.237801e-06 3.019262e-06 4.860988e-06 6.928045e-06 1.229120e-05 2.413357e-04 5.647953e-02 
318 12721 7.781855e+02 5.624447e-02 6.030792e-08 6.030792e-08 1.171547e-07 2.161824e-06 2.961038e-06 4.637667e-06 7.000649e-06 1.174055e-05 2.295367e-04 5.624447e-02 
319 12761 7.664645e+02 5.469554e-02 6.025598e-08 6.025598e-08 1.126771e-07 2.143963e-06 2.965970e-06 4.401053e-06 7.308136e-06 1.128464e-05 2.318189e-04 5.469554e-02 
320 12801 8.026848e+02 5.380425e-02 5.650580e-08 5.650580e-08 1.091221e-07 2.037034e-06 3.098544e-06 4.172511e-06 7.842049e-06 1.111506e-05 2.416909e-04 5.380425e-02 
321 12841 7.823052e+02 5.050683e-02 5.703007e-08 5.703007e-08 1.071706e-07 2.049102e-06 2.978241e-06 4.194434e-06 7.757671e-06 1.051239e-05 2.345270e-04 5.050683e-02 
322 12881 8.656956e+02 4.963495e-02 5.426994e-08 5.426994e-08 1.019373e-07 2.113661e-06 2.980879e-06 4.265634e-06 7.571272e-06 1.001762e-05 2.361455e-04 4.963495e-02 
323 12921 8.258634e+02 4.917816e-02 5.367788e-08 5.367788e-08 1.039475e-07 2.035502e-06 2.950208e-06 4.352574e-06 7.587581e-06 9.891196e-06 2.356444e-04 4.917816e-02 
324 12961 8.662607e+02 5.193854e-02 5.357778e-08 5.357778e-08 1.025582e-07 2.059975e-06 2.887443e-06 4.251779e-06 7.464637e-06 1.026120e-05 2.289730e-04 5.193854e-02 
325 13001 9.067875e+02 5.246752e-02 5.286221e-08 5.286221e-08 1.057046e-07 2.059278e-06 2.786637e-06 4.019736e-06 7.399520e-06 1.046727e-05 2.323309e-04 5.246752e-02 
326 13041 1.164298e+03 5.306949e-02 5.488278e-08 5.488278e-08 1.020152e-07 2.051546e-06 2.776559e-06 4.318616e-06 7.120658e-06 1.050209e-05 2.304000e-04 5.306949e-02 
327 13081 1.082244e+03 5.263545e-02 5.342190e-08 5.342190e-08 9.853703e-08 2.157877e-06 2.803468e-06 4.530696e-06 7.246531e-06 1.009001e-05 2.299634e-04 5.263545e-02 
328 13121 1.071142e+03 5.174731e-02 5.248238e-08 5.248238e-08 9.464517e-08 2.172047e-06 2.932344e-06 4.550009e-06 7.073824e-06 1.022202e-05 2.276086e-04 5.174731e-02 
329 13161 9.747315e+02 5.003863e-02 5.011061e-08 5.011061e-08 9.160933e-08 2.127279e-06 2.956682e-06 4.463774e-06 6.776935e-06 9.871636e-06 2.156282e-04 5.003863e-02 
330 13201 9.439706e+02 5.016633e-02 5.141553e-08 5.141553e-08 9.704654e-08 2.036139e-06 2.873395e-06 4.312256e-06 7.014241e-06 9.804303e-06 2.147941e-04 5.016633e-02 
331 13241 8.135728e+02 4.880450e-02 4.912126e-08 4.912126e-08 9.551031e-08 1.950179e-06 2.816574e-06 4.230859e-06 6.944453e-06 9.615412e-06 2.114423e-04 4.880450e-02 
332 13281 8.695927e+02 4.675238e-02 4.816454e-08 4.816454e-08 9.227290e-08 1.953140e-06 2.737249e-06 4.147825e-06 7.091412e-06 9.526707e-06 2.264667e-04 4.675238e-02 
333 13321 9.720286e+02 4.473142e-02 4.933286e-08 4.933286e-08 9.625735e-08 1.923720e-06 2.716997e-06 3.973496e-06 7.047735e-06 9.708480e-06 2.478212e-04 4.473142e-02 
334 13361 9.654389e+02 4.503945e-02 4.738408e-08 4.738408e-08 9.693893e-08 1.818617e-06 2.703878e-06 4.103328e-06 7.037761e-06 9.453512e-06 2.406509e-04 4.503945e-02 
335 13401 9.502940e+02 4.387686e-02 4.746929e-08 4.746929e-08 9.646729e-08 1.853684e-06 2.657765e-06 4.028229e-06 6.925118e-06 9.082531e-06 2.397614e-04 4.387686e-02 
336 13441 8.937165e+02 4.180335e-02 4.469772e-08 4.469772e-08 1.009263e-07 1.813838e-06 2.628596e-06 3.851643e-06 6.867642e-06 9.148505e-06 2.368939e-04 4.180335e-02 
337 13481 9.231059e+02 4.038301e-02 4.607468e-08 4.607468e-08 9.696236e-08 1.787556e-06 2.615082e-06 3.679269e-06 6.921363e-06 8.793542e-06 2.510816e-04 4.038301e-02 
338 13521 8.156453e+02 4.011244e-02 4.405887e-08 4.405887e-08 9.487717e-08 1.714207e-06 2.570197e-06 3.861150e-06 6.900146e-06 8.756538e-06 2.445014e-04 4.011244e-02 
339 13561 7.622378e+02 4.023627e-02 4.329829e-08 4.329829e-08 9.929267e-08 1.665031e-06 2.604147e-06 3.780587e-06 6.808636e-06 9.058816e-06 2.369684e-04 4.023627e-02 
340 13601 8.520611e+02 4.242223e-02 4.365023e-08 4.365023e-08 1.020990e-07 1.633574e-06 2.481918e-06 3.874953e-06 6.996335e-06 9.264110e-06 2.287049e-04 4.242223e-02 
341 13641 8.093560e+02 4.212193e-02 4.320408e-08 4.320408e-08 1.005276e-07 1.579438e-06 2.493671e-06 3.825239e-06 7.163653e-06 9.311426e-06 2.210786e-04 4.212193e-02 
342 13681 8.162733e+02 4.208873e-02 4.221359e-08 4.221359e-08 9.565506e-08 1.545916e-06 2.541010e-06 4.349892e-06 7.118743e-06 9.206256e-06 2.183734e-04 4.208873e-02 
343 13721 8.227363e+02 4.248774e-02 4.483734e-08 4.483734e-08 9.351883e-08 1.520339e-06 2.470695e-06 4.423419e-06 7.011812e-06 8.616391e-06 2.288158e-04 4.248774e-02 
344 13761 8.535283e+02 4.350760e-02 4.571543e-08 4.571543e-08 8.777729e-08 1.469348e-06 2.515050e-06 4.409300e-06 7.052097e-06 9.168305e-06 2.382450e-04 4.350760e-02 
345 13801 9.114833e+02 4.443995e-02 4.680348e-08 4.680348e-08 8.851696e-08 1.447752e-06 2.434214e-06 4.325549e-06 7.376180e-06 9.274706e-06 2.283976e-04 4.443995e-02 
346 13841 8.005564e+02 4.286709e-02 4.570472e-08 4.570472e-08 8.441881e-08 1.403071e-06 2.398899e-06 4.126030e-06 7.384478e-06 8.983788e-06 2.138944e-04 4.286709e-02 
347 13881 7.068909e+02 4.200344e-02 4.425306e-08 4.425306e-08 8.063873e-08 1.394298e-06 2.398449e-06 3.955233e-06 7.362173e-06 8.750519e-06 2.074966e-04 4.200344e-02 
348 13921 6.459023e+02 4.085360e-02 4.316210e-08 4.316210e-08 7.986737e-08 1.325887e-06 2.283707e-06 3.776663e-06 7.057340e-06 8.901777e-06 2.117016e-04 4.085360e-02 
349 13961 6.460819e+02 4.207924e-02 4.427047e-08 4.427047e-08 7.819151e-08 1.316860e-06 2.286116e-06 3.685474e-06 6.960993e-06 8.555530e-06 2.012975e-04 4.207924e-02 
350 14001 5.617464e+02 4.237934e-02 4.337815e-08 4.337815e-08 7.490396e-08 1.266508e-06 2.233847e-06 3.544944e-06 7.083891e-06 8.207766e-06 1.998939e-04 4.237934e-02 
351 14041 5.094518e+02 4.212386e-02 4.345045e-08 4.345045e-08 7.590381e-08 1.211710e-06 2.140877e-06 3.426427e-06 7.075146e-06 8.366710e-06 1.920559e-04 4.212386e-02 
352 14081 4.321191e+02 4.053805e-02 4.370029e-08 4.370029e-08 7.314901e-08 1.163220e-06 2.177722e-06 3.312271e-06 7.045547e-06 8.185894e-06 1.878501e-04 4.053805e-02 
353 14121 4.917156e+02 4.174175e-02 4.333521e-08 4.333521e-08 7.003758e-08 1.129832e-06 2.036378e-06 3.281104e-06 7.024326e-06 8.077855e-06 2.037286e-04 4.174175e-02 
354 14161 5.335778e+02 4.141158e-02 4.342479e-08 4.342479e-08 7.454247e-08 1.131229e-06 1.996690e-06 3.383940e-06 6.830266e-06 7.918538e-06 2.089179e-04 4.141158e-02 
355 14201 5.337844e+02 4.311741e-02 4.147404e-08 4.147404e-08 7.271209e-08 1.097516e-06 1.963021e-06 3.298024e-06 6.703295e-06 7.794388e-06 2.114475e-04 4.311741e-02 
356 14241 6.160142e+02 4.074850e-02 4.590187e-08 4.590187e-08 7.441671e-08 1.076503e-06 1.907266e-06 3.137133e-06 6.675498e-06 7.723682e-06 2.134913e-04 4.074850e-02 
357 14281 6.266272e+02 4.132851e-02 4.491636e-08 4.491636e-08 7.300282e-08 1.050205e-06 1.851035e-06 3.102090e-06 6.362232e-06 7.480313e-06 2.119136e-04 4.132851e-02 
358 14321 5.742501e+02 4.184502e-02 4.389163e-08 4.389163e-08 6.990850e-08 1.037205e-06 1.894828e-06 3.198243e-06 6.724710e-06 7.169639e-06 2.076786e-04 4.184502e-02 
359 14361 5.074061e+02 4.138468e-02 4.228477e-08 4.228477e-08 7.027460e-08 1.054707e-06 1.810871e-06 3.226922e-06 6.541642e-06 7.158556e-06 2.081115e-04 4.138468e-02 
360 14401 4.815339e+02 4.200010e-02 4.307978e-08 4.307978e-08 7.236744e-08 1.093664e-06 1.744637e-06 3.174212e-06 6.786549e-06 7.424585e-06 2.053358e-04 4.200010e-02 
361 14441 4.665049e+02 4.195455e-02 4.285325e-08 4.285325e-08 7.014913e-08 1.078673e-06 1.775158e-06 3.163261e-06 6.435270e-06 7.262051e-06 2.065635e-04 4.195455e-02 
362 14481 4.829766e+02 4.133158e-02 4.206592e-08 4.206592e-08 6.743126e-08 1.045528e-06 1.889232e-06 3.099020e-06 6.444423e-06 7.342218e-06 2.033704e-04 4.133158e-02 
363 14521 4.498039e+02 4.080442e-02 4.105064e-08 4.105064e-08 6.646804e-08 1.046306e-06 1.866247e-06 3.043311e-06 6.597684e-06 6.960801e-06 1.959989e-04 4.080442e-02 
364 14561 3.977600e+02 4.040135e-02 4.187051e-08 4.187051e-08 7.112298e-08 1.068860e-06 1.821355e-06 2.950680e-06 6.560782e-06 6.797999e-06 1.907140e-04 4.040135e-02 
365 14601 4.169913e+02 4.017994e-02 4.265815e-08 4.265815e-08 6.974511e-08 1.031910e-06 1.735551e-06 3.037873e-06 6.589867e-06 7.123832e-06 1.984848e-04 4.017994e-02 
366 14641 4.630383e+02 3.997885e-02 4.411843e-08 4.411843e-08 6.678081e-08 1.007594e-06 1.667275e-06 2.945230e-06 6.603637e-06 7.538242e-06 1.920291e-04 3.997885e-02 
367 14681 4.737682e+02 3.916871e-02 4.540684e-08 4.540684e-08 6.378054e-08 1.033350e-06 1.675758e-06 2.839237e-06 6.379178e-06 7.647074e-06 1.865052e-04 3.916871e-02 
368 14721 4.707702e+02 4.018625e-02 4.510548e-08 4.510548e-08 6.094441e-08 9.848940e-07 1.658691e-06 2.717644e-06 6.227542e-06 7.520237e-06 1.972316e-04 4.018625e-02 
369 14761 3.967697e+02 3.856900e-02 4.395864e-08 4.395864e-08 5.972346e-08 9.735524e-07 1.618234e-06 2.666029e-06 6.164720e-06 8.108814e-06 1.955227e-04 3.856900e-02 
370 14801 3.591828e+02 3.912632e-02 4.718706e-08 4.718706e-08 5.902796e-08 9.282850e-07 1.554088e-06 2.557192e-06 5.932115e-06 7.784331e-06 1.938338e-04 3.912632e-02 
371 14841 3.892940e+02 3.804757e-02 4.680839e-08 4.680839e-08 5.643901e-08 9.461112e-07 1.640231e-06 2.432027e-06 5.697658e-06 8.581556e-06 1.951323e-04 3.804757e-02 
372 14881 4.186233e+02 3.781003e-02 4.446424e-08 4.446424e-08 5.593200e-08 9.191320e-07 1.619840e-06 2.403850e-06 6.004705e-06 9.014614e-06 1.975658e-04 3.781003e-02 
373 14921 3.846189e+02 3.662221e-02 4.387086e-08 4.387086e-08 5.410190e-08 9.142660e-07 1.565875e-06 2.338918e-06 6.173650e-06 9.380211e-06 1.918833e-04 3.662221e-02 
374 14961 3.883522e+02 3.699837e-02 4.421504e-08 4.421504e-08 5.335578e-08 9.359960e-07 1.568904e-06 2.480749e-06 6.139077e-06 1.018038e-05 1.855250e-04 3.699837e-02 
375 15001 3.748215e+02 3.714383e-02 4.347715e-08 4.347715e-08 5.269008e-08 9.219190e-07 1.667121e-06 2.434288e-06 6.430103e-06 9.858975e-06 1.759843e-04 3.714383e-02 
376 15041 3.628571e+02 3.688576e-02 4.359558e-08 4.359558e-08 5.187409e-08 9.445716e-07 1.654779e-06 2.329398e-06 6.237605e-06 9.665554e-06 1.748720e-04 3.688576e-02 
377 15081 3.423977e+02 3.861849e-02 4.376680e-08 4.376680e-08 5.183665e-08 9.546788e-07 1.603789e-06 2.324510e-06 6.508798e-06 9.195205e-06 1.726067e-04 3.861849e-02 
378 15121 3.805435e+02 3.942590e-02 4.343187e-08 4.343187e-08 4.901009e-08 9.327769e-07 1.673575e-06 2.290736e-06 6.782031e-06 9.404984e-06 1.775310e-04 3.942590e-02 
379 15161 4.306393e+02 4.130712e-02 4.147330e-08 4.147330e-08 4.827647e-08 9.388583e-07 1.738036e-06 2.157201e-06 6.792391e-06 9.376114e-06 1.754263e-04 4.130712e-02 
380 15201 4.956925e+02 4.046372e-02 4.021567e-08 4.021567e-08 4.656134e-08 9.476198e-07 1.802994e-06 2.267798e-06 6.850004e-06 9.465108e-06 1.758851e-04 4.046372e-02 
381 15241 4.968571e+02 3.898661e-02 4.098158e-08 4.098158e-08 4.479623e-08 9.555815e-07 1.786437e-06 2.208209e-06 6.736749e-06 9.436117e-06 1.737374e-04 3.898661e-02 
382 15281 4.729024e+02 3.906292e-02 4.011447e-08 4.011447e-08 4.443851e-08 9.367402e-07 1.725265e-06 2.074521e-06 6.565676e-06 9.583257e-06 1.701429e-04 3.906292e-02 
383 15321 4.299527e+02 3.745561e-02 3.876142e-08 3.876142e-08 4.165727e-08 9.392005e-07 1.643488e-06 2.053694e-06 6.723646e-06 9.474222e-06 1.707950e-04 3.745561e-02 
384 15361 4.334493e+02 3.596836e-02 3.729999e-08 3.729999e-08 4.309152e-08 9.160077e-07 1.619177e-06 1.966429e-06 6.866582e-06 9.107976e-06 1.652752e-04 3.596836e-02 
385 15401 3.997085e+02 3.548942e-02 3.760921e-08 3.760921e-08 4.143610e-08 9.365871e-07 1.619820e-06 1.993546e-06 6.980650e-06 8.961224e-06 1.644558e-04 3.548942e-02 
386 15441 4.236479e+02 3.625088e-02 3.770623e-08 3.770623e-08 3.948313e-08 9.337623e-07 1.587700e-06 2.073950e-06 6.907913e-06 9.018988e-06 1.672376e-04 3.625088e-02 
387 15481 5.160861e+02 3.604196e-02 3.609832e-08 3.609832e-08 3.832037e-08 9.129187e-07 1.538180e-06 2.551599e-06 6.932384e-06 8.553142e-06 1.729112e-04 3.604196e-02 
388 15521 5.433772e+02 3.543820e-02 3.502522e-08 3.502522e-08 3.807211e-08 8.819872e-07 1.556342e-06 2.466562e-06 6.740183e-06 8.574585e-06 1.833555e-04 3.543820e-02 
389 15561 5.017528e+02 3.629877e-02 3.340857e-08 3.340857e-08 3.609334e-08 8.382531e-07 1.517592e-06 2.389308e-06 6.963707e-06 8.495963e-06 1.785915e-04 3.629877e-02 
390 15601 5.179189e+02 3.563062e-02 3.253958e-08 3.253958e-08 3.605267e-08 8.262217e-07 1.490745e-06 2.325513e-06 6.761358e-06 8.237430e-06 1.863738e-04 3.563062e-02 
391 15641 5.082257e+02 3.465903e-02 3.213684e-08 3.213684e-08 3.489229e-08 8.355621e-07 1.478970e-06 2.435417e-06 6.571941e-06 7.969089e-06 1.893150e-04 3.465903e-02 
392 15681 5.012461e+02 3.436312e-02 3.069757e-08 3.069757e-08 3.660463e-08 8.332835e-07 1.414623e-06 2.306821e-06 6.723582e-06 7.862710e-06 1.842866e-04 3.436312e-02 
393 15721 4.919614e+02 3.341179e-02 3.073114e-08 3.073114e-08 3.673746e-08 8.265774e-07 1.373117e-06 2.463762e-06 6.713649e-06 7.810245e-06 1.786106e-04 3.341179e-02 
394 15761 5.420756e+02 3.345209e-02 2.944059e-08 2.944059e-08 3.667250e-08 8.106229e-07 1.375451e-06 2.434327e-06 6.969222e-06 8.674086e-06 1.799365e-04 3.345209e-02 
395 15801 5.382693e+02 3.220104e-02 2.810810e-08 2.810810e-08 3.550905e-08 8.576772e-07 1.378337e-06 2.482366e-06 6.939778e-06 8.783479e-06 1.808151e-04 3.220104e-02 
396 15841 5.987173e+02 3.241276e-02 2.815028e-08 2.815028e-08 3.512927e-08 8.339524e-07 1.349379e-06 2.512123e-06 7.429721e-06 8.627474e-06 1.994001e-04 3.241276e-02 
397 15881 6.190187e+02 3.089519e-02 2.692246e-08 2.692246e-08 3.416560e-08 8.270040e-07 1.311952e-06 2.631619e-06 7.743749e-06 8.654697e-06 1.938978e-04 3.089519e-02 
398 15921 6.202929e+02 2.999166e-02 2.547288e-08 2.547288e-08 3.293125e-08 7.973749e-07 1.314142e-06 2.640144e-06 7.500600e-06 8.742006e-06 1.922590e-04 2.999166e-02 
399 15961 6.471012e+02 2.845640e-02 2.470627e-08 2.470627e-08 3.204831e-08 8.139550e-07 1.308078e-06 2.561653e-06 7.433162e-06 8.488896e-06 1.897672e-04 2.845640e-02 
400 16001 7.316341e+02 2.767155e-02 2.448752e-08 2.448752e-08 3.306975e-08 8.888825e-07 1.279492e-06 2.654850e-06 7.472685e-06 8.359543e-06 1.997695e-04 2.767155e-02 
401 16041 6.128267e+02 2.725158e-02 2.446865e-08 2.446865e-08 3.198739e-08 8.771673e-07 1.240334e-06 2.806863e-06 7.259300e-06 8.164653e-06 1.941868e-04 2.725158e-02 
402 16081 6.471190e+02 2.734278e-02 2.372517e-08 2.372517e-08 3.254078e-08 8.922864e-07 1.214175e-06 3.073970e-06 7.332244e-06 8.318098e-06 1.825847e-04 2.734278e-02 
403 16121 6.625707e+02 2.671561e-02 2.400209e-08 2.400209e-08 3.137355e-08 8.869920e-07 1.191760e-06 3.220446e-06 7.450619e-06 8.220600e-06 1.815335e-04 2.671561e-02 
404 16161 8.512775e+02 2.692361e-02 2.387383e-08 2.387383e-08 3.228657e-08 8.841588e-07 1.197393e-06 3.410002e-06 7.196644e-06 8.032186e-06 1.900419e-04 2.692361e-02 
405 16201 9.729051e+02 2.680646e-02 2.408119e-08 2.408119e-08 3.164561e-08 9.482163e-07 1.164560e-06 3.443523e-06 7.436029e-06 8.320317e-06 1.914363e-04 2.680646e-02 
406 16241 9.696779e+02 2.715435e-02 2.404584e-08 2.404584e-08 3.022249e-08 9.292072e-07 1.159025e-06 3.453962e-06 7.477921e-06 8.387577e-06 1.872111e-04 2.715435e-02 
407 16281 9.753129e+02 2.580962e-02 2.308582e-08 2.308582e-08 2.911908e-08 8.908088e-07 1.139203e-06 3.404120e-06 7.660739e-06 8.553993e-06 1.878359e-04 2.580962e-02 
408 16321 9.923228e+02 2.583114e-02 2.230838e-08 2.230838e-08 2.893684e-08 9.034849e-07 1.122769e-06 3.336574e-06 7.431694e-06 8.295379e-06 1.970500e-04 2.583114e-02 
409 16361 9.790771e+02 2.517673e-02 2.141903e-08 2.141903e-08 2.856762e-08 8.586578e-07 1.135422e-06 3.382460e-06 7.468634e-06 8.204456e-06 1.906438e-04 2.517673e-02 
410 16401 9.918836e+02 2.475854e-02 2.109348e-08 2.109348e-08 2.870302e-08 8.893334e-07 1.110043e-06 3.367790e-06 7.131961e-06 8.156530e-06 1.844409e-04 2.475854e-02 
411 16441 9.563803e+02 2.333746e-02 2.012042e-08 2.012042e-08 2.734751e-08 8.710710e-07 1.159609e-06 3.283333e-06 6.979007e-06 8.404645e-06 1.939702e-04 2.333746e-02 
412 16481 8.864912e+02 2.242139e-02 2.017802e-08 2.017802e-08 2.751339e-08 8.870168e-07 1.133793e-06 3.187303e-06 6.923596e-06 8.549136e-06 1.844784e-04 2.242139e-02 
413 16521 9.521204e+02 2.247055e-02 1.972207e-08 1.972207e-08 2.681092e-08 8.473752e-07 1.150484e-06 3.162314e-06 7.172777e-06 8.836739e-06 1.775628e-04 2.247055e-02 
414 16561 8.676941e+02 2.156372e-02 1.879825e-08 1.879825e-08 2.577262e-08 8.711633e-07 1.106519e-06 3.100109e-06 6.913200e-06 8.348931e-06 1.840700e-04 2.156372e-02 
415 16601 9.321393e+02 2.058650e-02 1.812483e-08 1.812483e-08 2.677120e-08 8.698572e-07 1.104147e-06 3.068364e-06 6.803374e-06 8.175872e-06 1.870198e-04 2.058650e-02 
416 16641 8.993910e+02 2.143590e-02 1.730377e-08 1.730377e-08 2.644541e-08 8.484948e-07 1.070295e-06 3.157401e-06 6.391124e-06 7.884672e-06 1.842881e-04 2.143590e-02 
417 16681 9.629564e+02 2.088869e-02 1.852577e-08 1.852577e-08 2.535072e-08 8.179294e-07 1.104686e-06 3.088883e-06 6.253908e-06 7.998872e-06 1.857153e-04 2.088869e-02 
418 16721 1.079441e+03 2.102308e-02 1.874382e-08 1.874382e-08 2.549817e-08 8.523196e-07 1.101012e-06 3.086882e-06 6.312434e-06 7.952664e-06 1.780995e-04 2.102308e-02 
419 16761 1.049845e+03 2.249404e-02 1.813047e-08 1.813047e-08 2.618706e-08 8.145332e-07 1.092067e-06 3.138226e-06 6.327879e-06 7.889134e-06 1.773833e-04 2.249404e-02 
420 16801 1.046703e+03 2.225283e-02 1.810410e-08 1.810410e-08 2.579350e-08 8.117098e-07 1.110104e-06 3.030815e-06 6.497655e-06 8.082762e-06 1.768639e-04 2.225283e-02 
421 16841 9.730476e+02 2.253839e-02 1.783042e-08 1.783042e-08 2.434587e-08 8.217490e-07 1.128531e-06 2.950627e-06 6.370971e-06 8.442708e-06 1.715522e-04 2.253839e-02 
422 16881 9.139564e+02 2.149320e-02 1.756822e-08 1.756822e-08 2.456381e-08 7.977727e-07 1.098641e-06 2.836015e-06 6.469031e-06 8.729914e-06 1.635570e-04 2.149320e-02 
423 16921 9.003228e+02 2.146710e-02 1.885058e-08 1.885058e-08 2.418459e-08 7.789113e-07 1.090134e-06 2.795854e-06 6.446151e-06 9.010602e-06 1.685200e-04 2.146710e-02 
424 16961 8.673477e+02 2.100990e-02 1.815661e-08 1.815661e-08 2.366080e-08 7.846765e-07 1.051472e-06 2.687541e-06 6.237160e-06 9.131187e-06 1.615141e-04 2.100990e-02 
425 17001 9.616556e+02 2.303024e-02 1.728258e-08 1.728258e-08 2.243045e-08 7.602956e-07 1.041183e-06 2.576215e-06 6.263851e-06 8.939966e-06 1.613451e-04 2.303024e-02 
426 17041 9.548703e+02 2.385742e-02 1.652536e-08 1.652536e-08 2.343650e-08 7.438438e-07 1.046103e-06 2.483424e-06 6.163900e-06 9.072007e-06 1.586078e-04 2.385742e-02 
427 17081 9.814041e+02 2.447767e-02 1.626052e-08 1.626052e-08 2.291502e-08 7.249907e-07 1.026707e-06 2.424761e-06 6.137953e-06 8.763477e-06 1.608119e-04 2.447767e-02 
428 17121 9.525773e+02 2.419834e-02 1.590004e-08 1.590004e-08 2.255220e-08 6.896159e-07 1.028132e-06 2.441300e-06 6.003222e-06 8.854857e-06 1.603578e-04 2.419834e-02 
429 17161 1.124326e+03 2.412166e-02 1.644506e-08 1.644506e-08 2.256772e-08 6.570891e-07 1.045393e-06 2.508962e-06 5.908614e-06 9.117951e-06 1.674528e-04 2.412166e-02 
430 17201 1.109104e+03 2.432375e-02 1.614626e-08 1.614626e-08 2.289116e-08 6.760398e-07 1.084029e-06 2.434579e-06 5.662655e-06 8.896438e-06 1.764850e-04 2.432375e-02 
431 17241 1.170639e+03 2.384308e-02 1.699818e-08 1.699818e-08 2.192670e-08 6.718846e-07 1.030559e-06 2.440420e-06 5.452753e-06 8.693101e-06 1.719897e-04 2.384308e-02 
432 17281 1.199199e+03 2.328960e-02 1.692847e-08 1.692847e-08 2.328792e-08 6.411928e-07 1.020540e-06 2.464250e-06 5.399414e-06 8.752147e-06 1.703432e-04 2.328960e-02 
433 17321 1.300255e+03 2.370872e-02 1.607358e-08 1.607358e-08 2.336387e-08 6.249002e-07 9.774390e-07 2.472669e-06 5.264777e-06 8.840959e-06 1.618473e-04 2.370872e-02 
434 17361 1.343532e+03 2.278415e-02 1.584000e-08 1.584000e-08 2.442902e-08 6.324217e-07 1.017116e-06 2.411247e-06 5.169373e-06 8.636974e-06 1.670268e-04 2.278415e-02 
435 17401 1.372663e+03 2.261668e-02 1.642891e-08 1.642891e-08 2.418029e-08 6.208183e-07 1.042962e-06 2.495681e-06 5.119460e-06 8.524437e-06 1.631918e-04 2.261668e-02 
436 17441 1.528508e+03 2.340091e-02 1.699866e-08 1.699866e-08 2.391080e-08 6.269332e-07 1.058068e-06 2.431325e-06 4.889041e-06 8.560772e-06 1.655469e-04 2.340091e-02 
437 17481 1.552660e+03 2.259502e-02 1.709405e-08 1.709405e-08 2.438408e-08 6.211536e-07 1.053084e-06 2.314200e-06 4.676302e-06 8.343730e-06 1.608672e-04 2.259502e-02 
438 17521 1.665539e+03 2.263598e-02 1.686231e-08 1.686231e-08 2.506599e-08 6.007318e-07 1.081785e-06 2.222702e-06 4.441419e-06 8.344761e-06 1.607907e-04 2.263598e-02 
439 17561 1.602655e+03 2.321075e-02 1.652338e-08 1.652338e-08 2.561355e-08 5.633134e-07 1.101327e-06 2.222924e-06 4.284032e-06 8.161115e-06 1.610504e-04 2.321075e-02 
440 17601 1.438048e+03 2.222630e-02 1.642538e-08 1.642538e-08 2.555894e-08 5.512558e-07 1.050065e-06 2.114956e-06 4.296026e-06 7.750313e-06 1.567932e-04 2.222630e-02 
441 17641 1.309319e+03 2.142364e-02 1.650071e-08 1.650071e-08 2.506441e-08 5.308716e-07 1.021845e-06 2.125319e-06 4.148576e-06 7.625373e-06 1.533439e-04 2.142364e-02 
442 17681 1.077240e+03 2.163558e-02 1.660988e-08 1.660988e-08 2.423209e-08 5.152184e-07 1.058507e-06 2.034033e-06 4.077828e-06 7.710394e-06 1.468803e-04 2.163558e-02 
443 17721 9.834102e+02 2.197680e-02 1.655552e-08 1.655552e-08 2.308853e-08 5.283537e-07 1.139260e-06 2.057745e-06 3.947076e-06 7.477405e-06 1.409163e-04 2.197680e-02 
444 17761 8.769856e+02 2.203528e-02 1.613153e-08 1.613153e-08 2.266298e-08 5.191803e-07 1.100772e-06 2.001115e-06 3.983349e-06 7.168741e-06 1.468787e-04 2.203528e-02 
445 17801 8.180573e+02 2.147687e-02 1.601752e-08 1.601752e-08 2.212266e-08 5.072095e-07 1.094194e-06 1.946017e-06 3.864934e-06 7.159023e-06 1.514780e-04 2.147687e-02 
446 17841 8.478977e+02 2.087288e-02 1.599024e-08 1.599024e-08 2.215628e-08 5.034254e-07 1.038416e-06 1.916347e-06 4.021810e-06 7.339654e-06 1.529526e-04 2.087288e-02 
447 17881 9.107872e+02 2.149187e-02 1.632731e-08 1.632731e-08 2.176778e-08 4.968112e-07 1.006635e-06 1.832267e-06 4.139380e-06 7.402951e-06 1.492464e-04 2.149187e-02 
448 17921 9.444665e+02 2.148210e-02 1.593461e-08 1.593461e-08 2.197451e-08 4.840624e-07 9.630470e-07 1.764949e-06 4.083216e-06 7.520776e-06 1.455563e-04 2.148210e-02 
449 17961 9.978706e+02 2.113086e-02 1.670651e-08 1.670651e-08 2.232627e-08 4.722227e-07 9.524415e-07 1.758310e-06 4.121745e-06 7.799742e-06 1.443197e-04 2.113086e-02 
450 18001 1.054708e+03 2.046760e-02 1.640238e-08 1.640238e-08 2.258525e-08 4.623605e-07 9.460650e-07 1.715231e-06 4.167018e-06 7.914510e-06 1.517155e-04 2.046760e-02 
451 18041 1.136449e+03 2.073644e-02 1.654144e-08 1.654144e-08 2.387608e-08 4.394549e-07 9.325816e-07 1.674426e-06 4.493629e-06 7.570759e-06 1.468142e-04 2.073644e-02 
452 18081 1.393872e+03 2.052267e-02 1.647623e-08 1.647623e-08 2.343483e-08 4.453470e-07 1.003166e-06 1.668443e-06 4.370859e-06 7.901849e-06 1.554274e-04 2.052267e-02 
453 18121 1.378941e+03 2.057993e-02 1.617177e-08 1.617177e-08 2.514116e-08 4.505812e-07 1.006520e-06 1.615538e-06 4.316247e-06 7.775009e-06 1.566748e-04 2.057993e-02 
454 18161 1.206265e+03 2.128680e-02 1.585609e-08 1.585609e-08 2.469261e-08 4.372446e-07 9.746154e-07 1.588767e-06 4.177104e-06 7.503164e-06 1.549185e-04 2.128680e-02 
455 18201 1.236204e+03 2.034579e-02 1.560921e-08 1.560921e-08 2.425885e-08 4.397649e-07 9.746297e-07 1.597258e-06 4.094152e-06 7.482868e-06 1.535548e-04 2.034579e-02 
456 18241 1.210743e+03 2.083915e-02 1.550987e-08 1.550987e-08 2.384208e-08 4.211674e-07 9.403481e-07 1.522077e-06 3.978231e-06 7.665676e-06 1.517596e-04 2.083915e-02 
457 18281 1.133347e+03 1.986723e-02 1.633645e-08 1.633645e-08 2.349407e-08 4.030374e-07 9.577920e-07 1.485047e-06 3.852204e-06 7.362989e-06 1.469012e-04 1.986723e-02 
458 18321 1.184665e+03 2.089676e-02 1.645052e-08 1.645052e-08 2.376437e-08 4.066959e-07 9.432277e-07 1.487375e-06 3.958257e-06 7.574618e-06 1.447840e-04 2.089676e-02 
459 18361 1.116210e+03 2.130171e-02 1.626652e-08 1.626652e-08 2.410530e-08 4.202343e-07 9.389696e-07 1.469015e-06 3.894882e-06 7.175829e-06 1.484112e-04 2.130171e-02 
460 18401 1.169663e+03 2.180166e-02 1.555772e-08 1.555772e-08 2.478053e-08 3.933296e-07 9.638612e-07 1.529247e-06 3.796274e-06 7.240531e-06 1.531442e-04 2.180166e-02 
461 18441 1.073174e+03 2.111526e-02 1.500935e-08 1.500935e-08 2.482899e-08 3.883895e-07 9.469313e-07 1.539122e-06 3.808067e-06 7.196778e-06 1.489731e-04 2.111526e-02 
