%  columns="iteration, evaluation, void, void, void, xmean" (startseed=212412, 2015/08/19 21:19:42.13)
0 1 0 0 0 1.000000e+00 1.000000e+00 1.000000e+00 1.000000e+00 1.000000e+00 1.000000e+00 1.000000e+00 1.000000e+00 1.000000e+00 
1 41 0 0 0 5.142276e-01 8.314351e-01 9.130446e-01 -1.987441e+03 4.040194e+00 8.749416e-01 1.175534e+00 8.688683e-01 9.970886e-01 
2 81 0 0 0 1.605862e+00 6.971965e-01 7.292718e-01 -1.895690e+02 7.807388e+00 8.811844e-01 9.960786e-01 7.753988e-01 1.060496e+00 
3 121 0 0 0 2.089482e+00 6.727600e-01 5.923771e-01 1.767858e+03 1.316584e+01 6.410656e-01 8.312280e-01 6.757920e-01 1.038352e+00 
4 161 0 0 0 3.801210e+00 5.209936e-01 6.227916e-01 1.978949e+03 1.642486e+01 6.079034e-01 6.349324e-01 5.842666e-01 1.085070e+00 
5 201 0 0 0 3.292400e+00 6.456843e-01 7.498045e-01 2.387047e+03 1.882959e+01 6.964034e-01 4.980244e-01 5.888650e-01 9.408993e-01 
6 241 0 0 0 2.686047e+00 4.651480e-01 7.406240e-01 2.492394e+03 1.828575e+01 5.617189e-01 4.548461e-01 4.640877e-01 9.615053e-01 
7 281 0 0 0 2.633531e+00 4.540918e-01 5.550623e-01 2.834780e+03 1.689523e+01 4.842524e-01 6.149710e-01 3.672206e-01 9.500772e-01 
8 321 0 0 0 2.160824e+00 3.370632e-01 6.532367e-01 3.796866e+03 1.885907e+01 4.698302e-01 7.331439e-01 3.113107e-01 9.306522e-01 
9 361 0 0 0 2.316069e+00 2.961957e-01 6.736341e-01 4.499083e+03 1.603891e+01 5.555515e-01 5.968042e-01 5.883796e-01 9.704486e-01 
10 401 0 0 0 1.981568e+00 2.923808e-01 6.435065e-01 3.772607e+03 1.538907e+01 5.435878e-01 6.637601e-01 4.332557e-01 8.449089e-01 
11 441 0 0 0 2.093072e+00 3.620811e-01 5.665369e-01 3.902678e+03 1.896579e+01 5.621093e-01 7.136183e-01 2.634284e-01 8.584460e-01 
12 481 0 0 0 1.580851e+00 4.362816e-01 6.040508e-01 3.328741e+03 1.809801e+01 5.288105e-01 7.441071e-01 2.413423e-01 8.070934e-01 
13 521 0 0 0 1.827858e+00 5.018112e-01 4.346933e-01 3.663532e+03 1.808007e+01 4.876218e-01 7.811628e-01 1.629866e-01 8.124787e-01 
14 561 0 0 0 2.025369e+00 4.643517e-01 3.911904e-01 3.727668e+03 1.979744e+01 4.762220e-01 9.435022e-01 1.791108e-01 8.033412e-01 
15 601 0 0 0 1.505979e+00 3.768570e-01 6.026604e-01 3.933732e+03 1.765352e+01 5.935284e-01 1.059350e+00 2.358122e-01 7.918179e-01 
16 641 0 0 0 1.630907e+00 4.690911e-01 4.753390e-01 3.344185e+03 1.845654e+01 4.993408e-01 1.047514e+00 2.783255e-01 9.357186e-01 
17 681 0 0 0 1.810266e+00 4.606346e-01 4.621733e-01 2.300481e+03 1.907619e+01 5.605343e-01 1.060387e+00 2.437471e-01 9.035890e-01 
18 721 0 0 0 1.625624e+00 5.102041e-01 5.153815e-01 1.602252e+03 1.800956e+01 6.337739e-01 1.152762e+00 2.528781e-01 9.728845e-01 
19 761 0 0 0 1.568119e+00 4.604014e-01 6.493700e-01 2.092477e+03 1.825091e+01 6.653331e-01 1.147059e+00 3.314455e-01 9.642570e-01 
20 801 0 0 0 1.410134e+00 4.821729e-01 6.182646e-01 2.340277e+03 1.989621e+01 6.729912e-01 1.050348e+00 2.638101e-01 9.721018e-01 
21 841 0 0 0 1.400982e+00 4.529651e-01 6.622761e-01 2.896845e+03 1.979197e+01 6.751080e-01 1.038285e+00 2.267506e-01 8.945576e-01 
22 881 0 0 0 1.445665e+00 4.720068e-01 7.512460e-01 3.128516e+03 2.098794e+01 7.283259e-01 1.251110e+00 2.602180e-01 9.012185e-01 
23 921 0 0 0 1.741451e+00 5.323503e-01 7.480578e-01 2.999745e+03 2.138475e+01 7.102095e-01 1.302441e+00 2.215626e-01 9.079452e-01 
24 961 0 0 0 2.126602e+00 5.322604e-01 7.375926e-01 2.338504e+03 2.198875e+01 7.844417e-01 1.327336e+00 2.812086e-01 8.599186e-01 
25 1001 0 0 0 1.911896e+00 5.109934e-01 6.256450e-01 3.345476e+03 2.206383e+01 7.718033e-01 1.334177e+00 2.098604e-01 9.022926e-01 
26 1041 0 0 0 1.889096e+00 6.091455e-01 6.310488e-01 2.936580e+03 2.178559e+01 7.732203e-01 1.358751e+00 1.632745e-01 9.428182e-01 
27 1081 0 0 0 1.969698e+00 5.793814e-01 6.566187e-01 2.777638e+03 2.138015e+01 7.409048e-01 1.361890e+00 1.933865e-01 8.984949e-01 
28 1121 0 0 0 2.090483e+00 5.985855e-01 6.273025e-01 2.237931e+03 2.130631e+01 7.320278e-01 1.296561e+00 2.000010e-01 8.815350e-01 
29 1161 0 0 0 2.037597e+00 6.192607e-01 5.713113e-01 2.358672e+03 2.205846e+01 7.194095e-01 1.367680e+00 2.227788e-01 9.433532e-01 
30 1201 0 0 0 2.066110e+00 6.307447e-01 5.983021e-01 1.944708e+03 2.273120e+01 7.550900e-01 1.362060e+00 2.601882e-01 9.308312e-01 
31 1241 0 0 0 2.174384e+00 5.934960e-01 5.874237e-01 1.868331e+03 2.234473e+01 6.830485e-01 1.445632e+00 2.474219e-01 9.300272e-01 
32 1281 0 0 0 2.006885e+00 5.513137e-01 5.957048e-01 2.263804e+03 2.227656e+01 6.514732e-01 1.347302e+00 2.218644e-01 9.394284e-01 
33 1321 0 0 0 1.942724e+00 5.656507e-01 5.793641e-01 2.548722e+03 2.178365e+01 6.508474e-01 1.369070e+00 1.905328e-01 9.039292e-01 
34 1361 0 0 0 1.858718e+00 5.848862e-01 5.401772e-01 2.489793e+03 2.229964e+01 6.746322e-01 1.390471e+00 2.134556e-01 9.404809e-01 
35 1401 0 0 0 2.033803e+00 5.234614e-01 5.579332e-01 2.307160e+03 2.218453e+01 6.781707e-01 1.443205e+00 2.380173e-01 9.676318e-01 
36 1441 0 0 0 2.054995e+00 5.523419e-01 5.490016e-01 2.270626e+03 2.267235e+01 6.396403e-01 1.502899e+00 2.338479e-01 9.872695e-01 
37 1481 0 0 0 2.024222e+00 5.622928e-01 5.066871e-01 2.129457e+03 2.333307e+01 6.380453e-01 1.494835e+00 2.310584e-01 9.756441e-01 
38 1521 0 0 0 2.227270e+00 5.703331e-01 5.241837e-01 2.113048e+03 2.319143e+01 6.627440e-01 1.521366e+00 2.186764e-01 9.723994e-01 
39 1561 0 0 0 2.212239e+00 5.788582e-01 5.624725e-01 2.082781e+03 2.306222e+01 6.836873e-01 1.498808e+00 2.337667e-01 9.913696e-01 
40 1601 0 0 0 2.130530e+00 6.008219e-01 5.240891e-01 2.199169e+03 2.330342e+01 6.799183e-01 1.514499e+00 2.242334e-01 1.011982e+00 
41 1641 0 0 0 2.128187e+00 5.641892e-01 5.589040e-01 2.179897e+03 2.333334e+01 6.877368e-01 1.527819e+00 2.481145e-01 1.058562e+00 
42 1681 0 0 0 2.115080e+00 5.820206e-01 5.615033e-01 2.326670e+03 2.363082e+01 6.846279e-01 1.538395e+00 2.395069e-01 1.049549e+00 
43 1721 0 0 0 1.997203e+00 5.750185e-01 5.723054e-01 2.238718e+03 2.337147e+01 6.890426e-01 1.556048e+00 2.624373e-01 1.110158e+00 
44 1761 0 0 0 2.132166e+00 5.410529e-01 5.954650e-01 2.301871e+03 2.336858e+01 6.763609e-01 1.590451e+00 2.590888e-01 1.140329e+00 
45 1801 0 0 0 2.143727e+00 5.778861e-01 6.155252e-01 2.259215e+03 2.340308e+01 6.887228e-01 1.590360e+00 2.617254e-01 1.170418e+00 
46 1841 0 0 0 2.107798e+00 5.782060e-01 6.089066e-01 2.215904e+03 2.351365e+01 6.768455e-01 1.600852e+00 2.718931e-01 1.173691e+00 
47 1881 0 0 0 1.954920e+00 5.729791e-01 5.932052e-01 2.421346e+03 2.389168e+01 6.943137e-01 1.548016e+00 2.690162e-01 1.155321e+00 
48 1921 0 0 0 1.909315e+00 5.695992e-01 6.083151e-01 2.315074e+03 2.325097e+01 6.623157e-01 1.554094e+00 2.766823e-01 1.193411e+00 
49 1961 0 0 0 1.854636e+00 5.775793e-01 6.096931e-01 2.521607e+03 2.276949e+01 6.758159e-01 1.501274e+00 2.521714e-01 1.160174e+00 
50 2001 0 0 0 1.798595e+00 5.975076e-01 5.655144e-01 2.422512e+03 2.298781e+01 6.646571e-01 1.519389e+00 2.565575e-01 1.187594e+00 
51 2041 0 0 0 1.700180e+00 5.900212e-01 5.580509e-01 2.402862e+03 2.297043e+01 6.257117e-01 1.529964e+00 2.636130e-01 1.189377e+00 
52 2081 0 0 0 1.736735e+00 6.070738e-01 5.884779e-01 2.344613e+03 2.335319e+01 6.322545e-01 1.536942e+00 2.824401e-01 1.227734e+00 
53 2121 0 0 0 1.803317e+00 5.855643e-01 6.326016e-01 2.217553e+03 2.343995e+01 6.062962e-01 1.528034e+00 3.003077e-01 1.235383e+00 
54 2161 0 0 0 1.855092e+00 6.085446e-01 6.318560e-01 2.147605e+03 2.333150e+01 5.862212e-01 1.505899e+00 2.787122e-01 1.213113e+00 
55 2201 0 0 0 1.817272e+00 6.027966e-01 6.376726e-01 2.204905e+03 2.314324e+01 5.967535e-01 1.463378e+00 2.781805e-01 1.211407e+00 
56 2241 0 0 0 1.684712e+00 6.509476e-01 6.322644e-01 2.299423e+03 2.255596e+01 6.112759e-01 1.453598e+00 2.632669e-01 1.199110e+00 
57 2281 0 0 0 1.716006e+00 6.216623e-01 6.189199e-01 2.142937e+03 2.264732e+01 5.789637e-01 1.443525e+00 2.739253e-01 1.209999e+00 
58 2321 0 0 0 1.798259e+00 5.851354e-01 6.012808e-01 2.122386e+03 2.304789e+01 5.627726e-01 1.432528e+00 2.703660e-01 1.199138e+00 
59 2361 0 0 0 1.845372e+00 5.531654e-01 6.098449e-01 1.956131e+03 2.326120e+01 5.481491e-01 1.462680e+00 3.015593e-01 1.240644e+00 
60 2401 0 0 0 1.901936e+00 5.394638e-01 6.075612e-01 2.051472e+03 2.391566e+01 5.247131e-01 1.467288e+00 2.938157e-01 1.240482e+00 
61 2441 0 0 0 1.907963e+00 5.703546e-01 5.857015e-01 2.100725e+03 2.371692e+01 5.466089e-01 1.469632e+00 2.736381e-01 1.229499e+00 
62 2481 0 0 0 1.830690e+00 5.804975e-01 5.868432e-01 2.079652e+03 2.331049e+01 5.472394e-01 1.451785e+00 2.746689e-01 1.243996e+00 
63 2521 0 0 0 1.745702e+00 6.217626e-01 5.733207e-01 2.084656e+03 2.334127e+01 5.398727e-01 1.397935e+00 2.654831e-01 1.244729e+00 
64 2561 0 0 0 1.802675e+00 5.780484e-01 5.880203e-01 2.098275e+03 2.315264e+01 5.369466e-01 1.401261e+00 2.676018e-01 1.238599e+00 
65 2601 0 0 0 1.862802e+00 5.699228e-01 5.977418e-01 2.012498e+03 2.302711e+01 5.529416e-01 1.403987e+00 2.751423e-01 1.258279e+00 
66 2641 0 0 0 1.767371e+00 5.566925e-01 6.274430e-01 1.981676e+03 2.238538e+01 5.315639e-01 1.359737e+00 2.794469e-01 1.248063e+00 
67 2681 0 0 0 1.683735e+00 5.915848e-01 6.312897e-01 2.049866e+03 2.185368e+01 5.511822e-01 1.315850e+00 2.636365e-01 1.244860e+00 
68 2721 0 0 0 1.682994e+00 5.769971e-01 6.480109e-01 2.089010e+03 2.209545e+01 5.478256e-01 1.320434e+00 2.724284e-01 1.260050e+00 
69 2761 0 0 0 1.674846e+00 5.744900e-01 6.561330e-01 2.114826e+03 2.226037e+01 5.475207e-01 1.334207e+00 2.778440e-01 1.257277e+00 
70 2801 0 0 0 1.674053e+00 5.701572e-01 6.504034e-01 2.111276e+03 2.241690e+01 5.625563e-01 1.334706e+00 2.867771e-01 1.266863e+00 
71 2841 0 0 0 1.727877e+00 5.509020e-01 6.614454e-01 2.117762e+03 2.266255e+01 5.442963e-01 1.340527e+00 2.857304e-01 1.267457e+00 
72 2881 0 0 0 1.751132e+00 5.421639e-01 6.548726e-01 2.056277e+03 2.266587e+01 5.429616e-01 1.329534e+00 2.881962e-01 1.270948e+00 
73 2921 0 0 0 1.724886e+00 5.427956e-01 6.672054e-01 2.030943e+03 2.251512e+01 5.389973e-01 1.336951e+00 2.958583e-01 1.274974e+00 
74 2961 0 0 0 1.749193e+00 5.353436e-01 6.746759e-01 2.039729e+03 2.273766e+01 5.227374e-01 1.343931e+00 2.955571e-01 1.275306e+00 
75 3001 0 0 0 1.685397e+00 5.367000e-01 6.741379e-01 2.103489e+03 2.269829e+01 5.308839e-01 1.329147e+00 2.970543e-01 1.278146e+00 
76 3041 0 0 0 1.726584e+00 5.363902e-01 6.575545e-01 2.071578e+03 2.300147e+01 5.288826e-01 1.338668e+00 2.977634e-01 1.277584e+00 
77 3081 0 0 0 1.787864e+00 5.220097e-01 6.594538e-01 2.038104e+03 2.317017e+01 5.222842e-01 1.335838e+00 2.982571e-01 1.277495e+00 
78 3121 0 0 0 1.761895e+00 5.176975e-01 6.555085e-01 2.061435e+03 2.319156e+01 5.104606e-01 1.335747e+00 2.961605e-01 1.277595e+00 
79 3161 0 0 0 1.762974e+00 4.961729e-01 6.773709e-01 2.089526e+03 2.304381e+01 5.158360e-01 1.342006e+00 3.030835e-01 1.277714e+00 
80 3201 0 0 0 1.800767e+00 5.130807e-01 6.782589e-01 2.023702e+03 2.302408e+01 5.174914e-01 1.338850e+00 3.006888e-01 1.282081e+00 
81 3241 0 0 0 1.787954e+00 5.005926e-01 6.859887e-01 1.994165e+03 2.280868e+01 5.161070e-01 1.330202e+00 3.061431e-01 1.280764e+00 
82 3281 0 0 0 1.789476e+00 5.039795e-01 6.917453e-01 1.976666e+03 2.280921e+01 5.087043e-01 1.334582e+00 3.064446e-01 1.281997e+00 
83 3321 0 0 0 1.790775e+00 5.153666e-01 6.982940e-01 1.916432e+03 2.257725e+01 5.037058e-01 1.327896e+00 3.042731e-01 1.280614e+00 
84 3361 0 0 0 1.801339e+00 5.068597e-01 7.129096e-01 1.906135e+03 2.249372e+01 5.022693e-01 1.329289e+00 3.074040e-01 1.280891e+00 
85 3401 0 0 0 1.778429e+00 5.004664e-01 7.172620e-01 1.898946e+03 2.241114e+01 5.031574e-01 1.328512e+00 3.133684e-01 1.281524e+00 
86 3441 0 0 0 1.778807e+00 5.026507e-01 7.227712e-01 1.883903e+03 2.237418e+01 4.959387e-01 1.332667e+00 3.137317e-01 1.283244e+00 
87 3481 0 0 0 1.776334e+00 5.053014e-01 7.238979e-01 1.873017e+03 2.230649e+01 4.947075e-01 1.336264e+00 3.135734e-01 1.282711e+00 
88 3521 0 0 0 1.779526e+00 4.990539e-01 7.317590e-01 1.881017e+03 2.238104e+01 4.896309e-01 1.346162e+00 3.168454e-01 1.283435e+00 
89 3561 0 0 0 1.786614e+00 4.898652e-01 7.346553e-01 1.878432e+03 2.230817e+01 4.886020e-01 1.342799e+00 3.170689e-01 1.283350e+00 
90 3601 0 0 0 1.801250e+00 4.921050e-01 7.397248e-01 1.876292e+03 2.234595e+01 4.869715e-01 1.344369e+00 3.161324e-01 1.283301e+00 
91 3641 0 0 0 1.780386e+00 4.843718e-01 7.356301e-01 1.884962e+03 2.237040e+01 4.810429e-01 1.342310e+00 3.184108e-01 1.285168e+00 
92 3681 0 0 0 1.775983e+00 4.860792e-01 7.414000e-01 1.885415e+03 2.229321e+01 4.828531e-01 1.342556e+00 3.187642e-01 1.284789e+00 
93 3721 0 0 0 1.776300e+00 4.820511e-01 7.432059e-01 1.890347e+03 2.236616e+01 4.779514e-01 1.344975e+00 3.199376e-01 1.285033e+00 
94 3761 0 0 0 1.766892e+00 4.877406e-01 7.434669e-01 1.899149e+03 2.235185e+01 4.814935e-01 1.344189e+00 3.191376e-01 1.284648e+00 
95 3801 0 0 0 1.778782e+00 4.848290e-01 7.481713e-01 1.882979e+03 2.230887e+01 4.760798e-01 1.342751e+00 3.188183e-01 1.284712e+00 
96 3841 0 0 0 1.785749e+00 4.842268e-01 7.561072e-01 1.874373e+03 2.233396e+01 4.741048e-01 1.343174e+00 3.210964e-01 1.285602e+00 
97 3881 0 0 0 1.777046e+00 4.806050e-01 7.504689e-01 1.873567e+03 2.234270e+01 4.729591e-01 1.341813e+00 3.219846e-01 1.284995e+00 
98 3921 0 0 0 1.767372e+00 4.786648e-01 7.498272e-01 1.880419e+03 2.231020e+01 4.735695e-01 1.340573e+00 3.223457e-01 1.285106e+00 
99 3961 0 0 0 1.771184e+00 4.757592e-01 7.516042e-01 1.871215e+03 2.230217e+01 4.690434e-01 1.337809e+00 3.224829e-01 1.285869e+00 
100 4001 0 0 0 1.768669e+00 4.738497e-01 7.482747e-01 1.884335e+03 2.236394e+01 4.684122e-01 1.341517e+00 3.225428e-01 1.285716e+00 
101 4041 0 0 0 1.756507e+00 4.718059e-01 7.502441e-01 1.886741e+03 2.229622e+01 4.698801e-01 1.337395e+00 3.235684e-01 1.285944e+00 
102 4081 0 0 0 1.753017e+00 4.706768e-01 7.521037e-01 1.885451e+03 2.228988e+01 4.679870e-01 1.332689e+00 3.239734e-01 1.285738e+00 
103 4121 0 0 0 1.755754e+00 4.695581e-01 7.519382e-01 1.876273e+03 2.226461e+01 4.670991e-01 1.333352e+00 3.243523e-01 1.286069e+00 
104 4161 0 0 0 1.751321e+00 4.711646e-01 7.509805e-01 1.869140e+03 2.220524e+01 4.667570e-01 1.332403e+00 3.237386e-01 1.286183e+00 
105 4201 0 0 0 1.757999e+00 4.684251e-01 7.579450e-01 1.857578e+03 2.216420e+01 4.660348e-01 1.330207e+00 3.254254e-01 1.286243e+00 
106 4241 0 0 0 1.758675e+00 4.628995e-01 7.590354e-01 1.867518e+03 2.218357e+01 4.639158e-01 1.329863e+00 3.258432e-01 1.286160e+00 
107 4281 0 0 0 1.756825e+00 4.659449e-01 7.553457e-01 1.866528e+03 2.222150e+01 4.646749e-01 1.333525e+00 3.260007e-01 1.286243e+00 
108 4321 0 0 0 1.757398e+00 4.690631e-01 7.536390e-01 1.866607e+03 2.224375e+01 4.662411e-01 1.332551e+00 3.254208e-01 1.286197e+00 
109 4361 0 0 0 1.758415e+00 4.686212e-01 7.528119e-01 1.870763e+03 2.225004e+01 4.676711e-01 1.333887e+00 3.255257e-01 1.286135e+00 
110 4401 0 0 0 1.755034e+00 4.690461e-01 7.509753e-01 1.874065e+03 2.226872e+01 4.675394e-01 1.332592e+00 3.252526e-01 1.286077e+00 
111 4441 0 0 0 1.745582e+00 4.691351e-01 7.523256e-01 1.881248e+03 2.224743e+01 4.684485e-01 1.332107e+00 3.257362e-01 1.286247e+00 
112 4481 0 0 0 1.750468e+00 4.697911e-01 7.517011e-01 1.877407e+03 2.226405e+01 4.680431e-01 1.330348e+00 3.252336e-01 1.286245e+00 
113 4521 0 0 0 1.746587e+00 4.671316e-01 7.517037e-01 1.877359e+03 2.226069e+01 4.668411e-01 1.330488e+00 3.262882e-01 1.286320e+00 
114 4561 0 0 0 1.746625e+00 4.685486e-01 7.523073e-01 1.876301e+03 2.225100e+01 4.682275e-01 1.329566e+00 3.262574e-01 1.286422e+00 
115 4601 0 0 0 1.743268e+00 4.673455e-01 7.507981e-01 1.880882e+03 2.226630e+01 4.670479e-01 1.329882e+00 3.262342e-01 1.286493e+00 
116 4641 0 0 0 1.742330e+00 4.676921e-01 7.494101e-01 1.882711e+03 2.227611e+01 4.672283e-01 1.329719e+00 3.259483e-01 1.286591e+00 
117 4681 0 0 0 1.737688e+00 4.677740e-01 7.487685e-01 1.886774e+03 2.227606e+01 4.679241e-01 1.328840e+00 3.261084e-01 1.286598e+00 
118 4721 0 0 0 1.739029e+00 4.674618e-01 7.499030e-01 1.888718e+03 2.229684e+01 4.676367e-01 1.329494e+00 3.264762e-01 1.286574e+00 
119 4761 0 0 0 1.736035e+00 4.695713e-01 7.490439e-01 1.892667e+03 2.230539e+01 4.695719e-01 1.330069e+00 3.264054e-01 1.286572e+00 
120 4801 0 0 0 1.734307e+00 4.696151e-01 7.487752e-01 1.891342e+03 2.229906e+01 4.695447e-01 1.328750e+00 3.264842e-01 1.286589e+00 
121 4841 0 0 0 1.734570e+00 4.706732e-01 7.491532e-01 1.890673e+03 2.229628e+01 4.701894e-01 1.328715e+00 3.264093e-01 1.286530e+00 
122 4881 0 0 0 1.736113e+00 4.713395e-01 7.480613e-01 1.890865e+03 2.229727e+01 4.709746e-01 1.329775e+00 3.260563e-01 1.286484e+00 
123 4921 0 0 0 1.738167e+00 4.712328e-01 7.482572e-01 1.886833e+03 2.229298e+01 4.703688e-01 1.329664e+00 3.260441e-01 1.286453e+00 
124 4961 0 0 0 1.734732e+00 4.726738e-01 7.479425e-01 1.890376e+03 2.229361e+01 4.718353e-01 1.330640e+00 3.261620e-01 1.286411e+00 
125 5001 0 0 0 1.735688e+00 4.739943e-01 7.464903e-01 1.890418e+03 2.229849e+01 4.727039e-01 1.331780e+00 3.257484e-01 1.286417e+00 
126 5041 0 0 0 1.736925e+00 4.739054e-01 7.464477e-01 1.889063e+03 2.228945e+01 4.726663e-01 1.332368e+00 3.256035e-01 1.286475e+00 
127 5081 0 0 0 1.737688e+00 4.731388e-01 7.465667e-01 1.889064e+03 2.230017e+01 4.719975e-01 1.331687e+00 3.257083e-01 1.286536e+00 
128 5121 0 0 0 1.741492e+00 4.719508e-01 7.491987e-01 1.884073e+03 2.228123e+01 4.707541e-01 1.331023e+00 3.258369e-01 1.286538e+00 
129 5161 0 0 0 1.741707e+00 4.729396e-01 7.478387e-01 1.885916e+03 2.229856e+01 4.718383e-01 1.331464e+00 3.257131e-01 1.286595e+00 
130 5201 0 0 0 1.740197e+00 4.726057e-01 7.491378e-01 1.885470e+03 2.228721e+01 4.715638e-01 1.331111e+00 3.259858e-01 1.286517e+00 
131 5241 0 0 0 1.738257e+00 4.718262e-01 7.495284e-01 1.884428e+03 2.226816e+01 4.708069e-01 1.330059e+00 3.260163e-01 1.286536e+00 
132 5281 0 0 0 1.740828e+00 4.711906e-01 7.492664e-01 1.883987e+03 2.227713e+01 4.705567e-01 1.330654e+00 3.260397e-01 1.286574e+00 
133 5321 0 0 0 1.742861e+00 4.714099e-01 7.490325e-01 1.883557e+03 2.227521e+01 4.710159e-01 1.331299e+00 3.258241e-01 1.286531e+00 
134 5361 0 0 0 1.739197e+00 4.719656e-01 7.477932e-01 1.889383e+03 2.228293e+01 4.716209e-01 1.331305e+00 3.255753e-01 1.286511e+00 
135 5401 0 0 0 1.740470e+00 4.724883e-01 7.468614e-01 1.891253e+03 2.230497e+01 4.720317e-01 1.331674e+00 3.254599e-01 1.286467e+00 
136 5441 0 0 0 1.741809e+00 4.726607e-01 7.470161e-01 1.891968e+03 2.232054e+01 4.722882e-01 1.332328e+00 3.256522e-01 1.286419e+00 
137 5481 0 0 0 1.744125e+00 4.742188e-01 7.450700e-01 1.891664e+03 2.233245e+01 4.737359e-01 1.333544e+00 3.252359e-01 1.286376e+00 
138 5521 0 0 0 1.740263e+00 4.728903e-01 7.456477e-01 1.893952e+03 2.232926e+01 4.725667e-01 1.332161e+00 3.255035e-01 1.286489e+00 
139 5561 0 0 0 1.742068e+00 4.728808e-01 7.452292e-01 1.894634e+03 2.234040e+01 4.730446e-01 1.332744e+00 3.255633e-01 1.286491e+00 
140 5601 0 0 0 1.743899e+00 4.728396e-01 7.443152e-01 1.892135e+03 2.234177e+01 4.725369e-01 1.333219e+00 3.253686e-01 1.286538e+00 
141 5641 0 0 0 1.743013e+00 4.717985e-01 7.464433e-01 1.890393e+03 2.232559e+01 4.714774e-01 1.332141e+00 3.257321e-01 1.286525e+00 
142 5681 0 0 0 1.738221e+00 4.718921e-01 7.448442e-01 1.897504e+03 2.234154e+01 4.716975e-01 1.332148e+00 3.255601e-01 1.286550e+00 
143 5721 0 0 0 1.739941e+00 4.719625e-01 7.462420e-01 1.895462e+03 2.233727e+01 4.715767e-01 1.332083e+00 3.257219e-01 1.286579e+00 
144 5761 0 0 0 1.740494e+00 4.715124e-01 7.473601e-01 1.892214e+03 2.232331e+01 4.709625e-01 1.331359e+00 3.258473e-01 1.286565e+00 
145 5801 0 0 0 1.740634e+00 4.712747e-01 7.474053e-01 1.891173e+03 2.232210e+01 4.707711e-01 1.331727e+00 3.260047e-01 1.286521e+00 
146 5841 0 0 0 1.741008e+00 4.713646e-01 7.471272e-01 1.891929e+03 2.233032e+01 4.710981e-01 1.331721e+00 3.260634e-01 1.286501e+00 
147 5881 0 0 0 1.738374e+00 4.720795e-01 7.467931e-01 1.895058e+03 2.232856e+01 4.719752e-01 1.331682e+00 3.259580e-01 1.286499e+00 
148 5921 0 0 0 1.737384e+00 4.724103e-01 7.469682e-01 1.895788e+03 2.232280e+01 4.721995e-01 1.331787e+00 3.258740e-01 1.286538e+00 
149 5961 0 0 0 1.736133e+00 4.726203e-01 7.461632e-01 1.899533e+03 2.233266e+01 4.730550e-01 1.331543e+00 3.258042e-01 1.286536e+00 
150 6001 0 0 0 1.735817e+00 4.720380e-01 7.451285e-01 1.901905e+03 2.235456e+01 4.726884e-01 1.331573e+00 3.259163e-01 1.286589e+00 
151 6041 0 0 0 1.737455e+00 4.721952e-01 7.463080e-01 1.897934e+03 2.233953e+01 4.722044e-01 1.331294e+00 3.258559e-01 1.286586e+00 
152 6081 0 0 0 1.739407e+00 4.719747e-01 7.457829e-01 1.896776e+03 2.234717e+01 4.720632e-01 1.331874e+00 3.258863e-01 1.286601e+00 
153 6121 0 0 0 1.738555e+00 4.724952e-01 7.458352e-01 1.894537e+03 2.232647e+01 4.725514e-01 1.331643e+00 3.257652e-01 1.286586e+00 
154 6161 0 0 0 1.736702e+00 4.726072e-01 7.453716e-01 1.896287e+03 2.232976e+01 4.726797e-01 1.331770e+00 3.258211e-01 1.286618e+00 
155 6201 0 0 0 1.736752e+00 4.720255e-01 7.464118e-01 1.895987e+03 2.232713e+01 4.720993e-01 1.331655e+00 3.260285e-01 1.286625e+00 
156 6241 0 0 0 1.736705e+00 4.716351e-01 7.458784e-01 1.898544e+03 2.234422e+01 4.722495e-01 1.331443e+00 3.261471e-01 1.286582e+00 
157 6281 0 0 0 1.738387e+00 4.716965e-01 7.467161e-01 1.894153e+03 2.232594e+01 4.720094e-01 1.331288e+00 3.261249e-01 1.286551e+00 
158 6321 0 0 0 1.739515e+00 4.711374e-01 7.467218e-01 1.892368e+03 2.233086e+01 4.712899e-01 1.331639e+00 3.263096e-01 1.286522e+00 
159 6361 0 0 0 1.741410e+00 4.704193e-01 7.461924e-01 1.893058e+03 2.234842e+01 4.707627e-01 1.332063e+00 3.263516e-01 1.286545e+00 
160 6401 0 0 0 1.742098e+00 4.697587e-01 7.476772e-01 1.888334e+03 2.232196e+01 4.698068e-01 1.331599e+00 3.264614e-01 1.286533e+00 
161 6441 0 0 0 1.741498e+00 4.696651e-01 7.471182e-01 1.888202e+03 2.231933e+01 4.697201e-01 1.331399e+00 3.263575e-01 1.286493e+00 
162 6481 0 0 0 1.741674e+00 4.701897e-01 7.486873e-01 1.882690e+03 2.228285e+01 4.696744e-01 1.331029e+00 3.263026e-01 1.286496e+00 
163 6521 0 0 0 1.739109e+00 4.698896e-01 7.498021e-01 1.881740e+03 2.226175e+01 4.696789e-01 1.330487e+00 3.266259e-01 1.286471e+00 
164 6561 0 0 0 1.739450e+00 4.703562e-01 7.492630e-01 1.880801e+03 2.225577e+01 4.699220e-01 1.330584e+00 3.263740e-01 1.286469e+00 
165 6601 0 0 0 1.739963e+00 4.706741e-01 7.489741e-01 1.880050e+03 2.225758e+01 4.699839e-01 1.331258e+00 3.263500e-01 1.286517e+00 
166 6641 0 0 0 1.743086e+00 4.711727e-01 7.499469e-01 1.875405e+03 2.224144e+01 4.700059e-01 1.331539e+00 3.261934e-01 1.286584e+00 
167 6681 0 0 0 1.745411e+00 4.699852e-01 7.506899e-01 1.871135e+03 2.224267e+01 4.687903e-01 1.331292e+00 3.265808e-01 1.286623e+00 
168 6721 0 0 0 1.744374e+00 4.693256e-01 7.500989e-01 1.873334e+03 2.225156e+01 4.685413e-01 1.331468e+00 3.266842e-01 1.286616e+00 
169 6761 0 0 0 1.746738e+00 4.695345e-01 7.497672e-01 1.875228e+03 2.227413e+01 4.687893e-01 1.332003e+00 3.265988e-01 1.286657e+00 
170 6801 0 0 0 1.746900e+00 4.677105e-01 7.507024e-01 1.872947e+03 2.227169e+01 4.673216e-01 1.330950e+00 3.270471e-01 1.286728e+00 
171 6841 0 0 0 1.747256e+00 4.663725e-01 7.505599e-01 1.875292e+03 2.229224e+01 4.666021e-01 1.331039e+00 3.273773e-01 1.286745e+00 
172 6881 0 0 0 1.748739e+00 4.654721e-01 7.487379e-01 1.877819e+03 2.232323e+01 4.663192e-01 1.331629e+00 3.274230e-01 1.286818e+00 
173 6921 0 0 0 1.745353e+00 4.644251e-01 7.492316e-01 1.879333e+03 2.231845e+01 4.657774e-01 1.330553e+00 3.278066e-01 1.286753e+00 
174 6961 0 0 0 1.749400e+00 4.646014e-01 7.485257e-01 1.879289e+03 2.234444e+01 4.658726e-01 1.331704e+00 3.277435e-01 1.286754e+00 
175 7001 0 0 0 1.750206e+00 4.657345e-01 7.466487e-01 1.882878e+03 2.236377e+01 4.670308e-01 1.332603e+00 3.272519e-01 1.286699e+00 
176 7041 0 0 0 1.745700e+00 4.661789e-01 7.446258e-01 1.891696e+03 2.238091e+01 4.683711e-01 1.332530e+00 3.269812e-01 1.286687e+00 
177 7081 0 0 0 1.748922e+00 4.655882e-01 7.466206e-01 1.883222e+03 2.235147e+01 4.669547e-01 1.332371e+00 3.271152e-01 1.286644e+00 
178 7121 0 0 0 1.751096e+00 4.657244e-01 7.458722e-01 1.885202e+03 2.237546e+01 4.674276e-01 1.332955e+00 3.270954e-01 1.286680e+00 
179 7161 0 0 0 1.748967e+00 4.654985e-01 7.450016e-01 1.890206e+03 2.239178e+01 4.679297e-01 1.333033e+00 3.271972e-01 1.286669e+00 
180 7201 0 0 0 1.749184e+00 4.653095e-01 7.434180e-01 1.893606e+03 2.241766e+01 4.682332e-01 1.333382e+00 3.271698e-01 1.286664e+00 
181 7241 0 0 0 1.746777e+00 4.669473e-01 7.439209e-01 1.893643e+03 2.239448e+01 4.693348e-01 1.333100e+00 3.268634e-01 1.286644e+00 
182 7281 0 0 0 1.747257e+00 4.671899e-01 7.443962e-01 1.892922e+03 2.238970e+01 4.693983e-01 1.333118e+00 3.268115e-01 1.286714e+00 
183 7321 0 0 0 1.750011e+00 4.653653e-01 7.439121e-01 1.894212e+03 2.242352e+01 4.680875e-01 1.333359e+00 3.271391e-01 1.286749e+00 
184 7361 0 0 0 1.749737e+00 4.648559e-01 7.443544e-01 1.894509e+03 2.242164e+01 4.676866e-01 1.333378e+00 3.272522e-01 1.286740e+00 
185 7401 0 0 0 1.749749e+00 4.646435e-01 7.439744e-01 1.896791e+03 2.243375e+01 4.675685e-01 1.333914e+00 3.272716e-01 1.286676e+00 
186 7441 0 0 0 1.750412e+00 4.654359e-01 7.448238e-01 1.893297e+03 2.240614e+01 4.679361e-01 1.333827e+00 3.270091e-01 1.286582e+00 
187 7481 0 0 0 1.748324e+00 4.651593e-01 7.466615e-01 1.891822e+03 2.239146e+01 4.670975e-01 1.333333e+00 3.274012e-01 1.286577e+00 
188 7521 0 0 0 1.751120e+00 4.652665e-01 7.470344e-01 1.887987e+03 2.239536e+01 4.667802e-01 1.333842e+00 3.275930e-01 1.286608e+00 
189 7561 0 0 0 1.754425e+00 4.659772e-01 7.476371e-01 1.883094e+03 2.238707e+01 4.668032e-01 1.334124e+00 3.274749e-01 1.286591e+00 
190 7601 0 0 0 1.760230e+00 4.654994e-01 7.492713e-01 1.874945e+03 2.237646e+01 4.653225e-01 1.334597e+00 3.275569e-01 1.286658e+00 
191 7641 0 0 0 1.758961e+00 4.647757e-01 7.489863e-01 1.877249e+03 2.238769e+01 4.649547e-01 1.334255e+00 3.277396e-01 1.286688e+00 
192 7681 0 0 0 1.761833e+00 4.645122e-01 7.489142e-01 1.872882e+03 2.238355e+01 4.643852e-01 1.334530e+00 3.277199e-01 1.286724e+00 
193 7721 0 0 0 1.760729e+00 4.633974e-01 7.533417e-01 1.862021e+03 2.232327e+01 4.618655e-01 1.333055e+00 3.283102e-01 1.286743e+00 
194 7761 0 0 0 1.759119e+00 4.623868e-01 7.534114e-01 1.863093e+03 2.232304e+01 4.610197e-01 1.333180e+00 3.285232e-01 1.286715e+00 
195 7801 0 0 0 1.756085e+00 4.618123e-01 7.513383e-01 1.872279e+03 2.235965e+01 4.619364e-01 1.333356e+00 3.286384e-01 1.286683e+00 
196 7841 0 0 0 1.754247e+00 4.612889e-01 7.496004e-01 1.880791e+03 2.239076e+01 4.624369e-01 1.333613e+00 3.284930e-01 1.286687e+00 
197 7881 0 0 0 1.747589e+00 4.612449e-01 7.497879e-01 1.883880e+03 2.236710e+01 4.627520e-01 1.332166e+00 3.285127e-01 1.286650e+00 
198 7921 0 0 0 1.747679e+00 4.637686e-01 7.504964e-01 1.880619e+03 2.233432e+01 4.641313e-01 1.332225e+00 3.279107e-01 1.286613e+00 
199 7961 0 0 0 1.749273e+00 4.626409e-01 7.508078e-01 1.878538e+03 2.234499e+01 4.630072e-01 1.332208e+00 3.282842e-01 1.286706e+00 
200 8001 0 0 0 1.753469e+00 4.615214e-01 7.539579e-01 1.867449e+03 2.231154e+01 4.609163e-01 1.332085e+00 3.287737e-01 1.286748e+00 
201 8041 0 0 0 1.751973e+00 4.622332e-01 7.523467e-01 1.874420e+03 2.233164e+01 4.620811e-01 1.333173e+00 3.284635e-01 1.286722e+00 
202 8081 0 0 0 1.753147e+00 4.621561e-01 7.526826e-01 1.872813e+03 2.232923e+01 4.620904e-01 1.332916e+00 3.285079e-01 1.286746e+00 
203 8121 0 0 0 1.753448e+00 4.613049e-01 7.527616e-01 1.872554e+03 2.233642e+01 4.611387e-01 1.333124e+00 3.287264e-01 1.286776e+00 
204 8161 0 0 0 1.752683e+00 4.614221e-01 7.532450e-01 1.871057e+03 2.231955e+01 4.610509e-01 1.332847e+00 3.286501e-01 1.286786e+00 
205 8201 0 0 0 1.750421e+00 4.607146e-01 7.523077e-01 1.875748e+03 2.233555e+01 4.612275e-01 1.332180e+00 3.287343e-01 1.286802e+00 
206 8241 0 0 0 1.748106e+00 4.601455e-01 7.524587e-01 1.875760e+03 2.233222e+01 4.608309e-01 1.331446e+00 3.290187e-01 1.286807e+00 
207 8281 0 0 0 1.746621e+00 4.596172e-01 7.522897e-01 1.878452e+03 2.234193e+01 4.607693e-01 1.330886e+00 3.291524e-01 1.286821e+00 
208 8321 0 0 0 1.745346e+00 4.592800e-01 7.516369e-01 1.880896e+03 2.234439e+01 4.607787e-01 1.331072e+00 3.290894e-01 1.286732e+00 
209 8361 0 0 0 1.749382e+00 4.605735e-01 7.512229e-01 1.879073e+03 2.235435e+01 4.616840e-01 1.331880e+00 3.287760e-01 1.286753e+00 
210 8401 0 0 0 1.750005e+00 4.610761e-01 7.518918e-01 1.877050e+03 2.233717e+01 4.618964e-01 1.332126e+00 3.286177e-01 1.286761e+00 
211 8441 0 0 0 1.745338e+00 4.593779e-01 7.510827e-01 1.884392e+03 2.235479e+01 4.614107e-01 1.331377e+00 3.289382e-01 1.286752e+00 
212 8481 0 0 0 1.749857e+00 4.603965e-01 7.521608e-01 1.878397e+03 2.234853e+01 4.613279e-01 1.332269e+00 3.289016e-01 1.286765e+00 
213 8521 0 0 0 1.750213e+00 4.604999e-01 7.519413e-01 1.877722e+03 2.234722e+01 4.612540e-01 1.332644e+00 3.288592e-01 1.286788e+00 
214 8561 0 0 0 1.752543e+00 4.597368e-01 7.512098e-01 1.878209e+03 2.236586e+01 4.608935e-01 1.333104e+00 3.289236e-01 1.286837e+00 
215 8601 0 0 0 1.750099e+00 4.608989e-01 7.504502e-01 1.881203e+03 2.235789e+01 4.621254e-01 1.333018e+00 3.285094e-01 1.286823e+00 
216 8641 0 0 0 1.748638e+00 4.608740e-01 7.497865e-01 1.883569e+03 2.236248e+01 4.625215e-01 1.332597e+00 3.284196e-01 1.286818e+00 
217 8681 0 0 0 1.747311e+00 4.612817e-01 7.494488e-01 1.884869e+03 2.235593e+01 4.631249e-01 1.332178e+00 3.282063e-01 1.286817e+00 
218 8721 0 0 0 1.748881e+00 4.611550e-01 7.501390e-01 1.882499e+03 2.235566e+01 4.627263e-01 1.332464e+00 3.284069e-01 1.286784e+00 
219 8761 0 0 0 1.747678e+00 4.619330e-01 7.503461e-01 1.882697e+03 2.234342e+01 4.633549e-01 1.332202e+00 3.282071e-01 1.286804e+00 
220 8801 0 0 0 1.746024e+00 4.614660e-01 7.504974e-01 1.882678e+03 2.233360e+01 4.630602e-01 1.331552e+00 3.282433e-01 1.286851e+00 
221 8841 0 0 0 1.747035e+00 4.620064e-01 7.499839e-01 1.883916e+03 2.234337e+01 4.636118e-01 1.332024e+00 3.280688e-01 1.286844e+00 
222 8881 0 0 0 1.748128e+00 4.620251e-01 7.512670e-01 1.880486e+03 2.233015e+01 4.630887e-01 1.332155e+00 3.281908e-01 1.286805e+00 
223 8921 0 0 0 1.747889e+00 4.622765e-01 7.517812e-01 1.878028e+03 2.231313e+01 4.631136e-01 1.331804e+00 3.281456e-01 1.286830e+00 
224 8961 0 0 0 1.748189e+00 4.632068e-01 7.511994e-01 1.878558e+03 2.231200e+01 4.639846e-01 1.332080e+00 3.278442e-01 1.286835e+00 
225 9001 0 0 0 1.749081e+00 4.633827e-01 7.509602e-01 1.878816e+03 2.232337e+01 4.640531e-01 1.332409e+00 3.278873e-01 1.286822e+00 
226 9041 0 0 0 1.749888e+00 4.626750e-01 7.504733e-01 1.879601e+03 2.234425e+01 4.635244e-01 1.332627e+00 3.281503e-01 1.286852e+00 
227 9081 0 0 0 1.750468e+00 4.620569e-01 7.499977e-01 1.881408e+03 2.235914e+01 4.632391e-01 1.333067e+00 3.282559e-01 1.286864e+00 
228 9121 0 0 0 1.747854e+00 4.622668e-01 7.487155e-01 1.885509e+03 2.236368e+01 4.639671e-01 1.332816e+00 3.280560e-01 1.286848e+00 
229 9161 0 0 0 1.749468e+00 4.623137e-01 7.490993e-01 1.882441e+03 2.236076e+01 4.636245e-01 1.333032e+00 3.281482e-01 1.286851e+00 
230 9201 0 0 0 1.750764e+00 4.628556e-01 7.498288e-01 1.879582e+03 2.234928e+01 4.637487e-01 1.332962e+00 3.280526e-01 1.286868e+00 
231 9241 0 0 0 1.750510e+00 4.630618e-01 7.505978e-01 1.878381e+03 2.233689e+01 4.637338e-01 1.332720e+00 3.280295e-01 1.286888e+00 
232 9281 0 0 0 1.749459e+00 4.624857e-01 7.505513e-01 1.879085e+03 2.233218e+01 4.634036e-01 1.332470e+00 3.280471e-01 1.286898e+00 
233 9321 0 0 0 1.750950e+00 4.614495e-01 7.507437e-01 1.877483e+03 2.234057e+01 4.623541e-01 1.332681e+00 3.283327e-01 1.286948e+00 
234 9361 0 0 0 1.748892e+00 4.617894e-01 7.499620e-01 1.881337e+03 2.234477e+01 4.630664e-01 1.332677e+00 3.281701e-01 1.286906e+00 
235 9401 0 0 0 1.747939e+00 4.611464e-01 7.503799e-01 1.882165e+03 2.234212e+01 4.626326e-01 1.332487e+00 3.283112e-01 1.286902e+00 
236 9441 0 0 0 1.747642e+00 4.618150e-01 7.499548e-01 1.882876e+03 2.234102e+01 4.632687e-01 1.332509e+00 3.281125e-01 1.286905e+00 
237 9481 0 0 0 1.747395e+00 4.621185e-01 7.497946e-01 1.883862e+03 2.234247e+01 4.635139e-01 1.332708e+00 3.280048e-01 1.286915e+00 
238 9521 0 0 0 1.747682e+00 4.620465e-01 7.492237e-01 1.884157e+03 2.234979e+01 4.635372e-01 1.332767e+00 3.279991e-01 1.286928e+00 
239 9561 0 0 0 1.747474e+00 4.621556e-01 7.490321e-01 1.884680e+03 2.234830e+01 4.636595e-01 1.332912e+00 3.279086e-01 1.286936e+00 
240 9601 0 0 0 1.747581e+00 4.614601e-01 7.489688e-01 1.885424e+03 2.235938e+01 4.631357e-01 1.332962e+00 3.281196e-01 1.286934e+00 
241 9641 0 0 0 1.747170e+00 4.614221e-01 7.485923e-01 1.886756e+03 2.236312e+01 4.633012e-01 1.332965e+00 3.280711e-01 1.286941e+00 
242 9681 0 0 0 1.747249e+00 4.621233e-01 7.488444e-01 1.884964e+03 2.234917e+01 4.637090e-01 1.332795e+00 3.278884e-01 1.286943e+00 
243 9721 0 0 0 1.747968e+00 4.622898e-01 7.491826e-01 1.883924e+03 2.234608e+01 4.637044e-01 1.332883e+00 3.278778e-01 1.286949e+00 
244 9761 0 0 0 1.748063e+00 4.624498e-01 7.491867e-01 1.883135e+03 2.234146e+01 4.637241e-01 1.332871e+00 3.278051e-01 1.286948e+00 
245 9801 0 0 0 1.747611e+00 4.628681e-01 7.495003e-01 1.882056e+03 2.233016e+01 4.639328e-01 1.332665e+00 3.277209e-01 1.286942e+00 
246 9841 0 0 0 1.746790e+00 4.627633e-01 7.496903e-01 1.882778e+03 2.232870e+01 4.639195e-01 1.332494e+00 3.277739e-01 1.286938e+00 
247 9881 0 0 0 1.746171e+00 4.629974e-01 7.496857e-01 1.883379e+03 2.232566e+01 4.641508e-01 1.332415e+00 3.276944e-01 1.286937e+00 
248 9921 0 0 0 1.745793e+00 4.631153e-01 7.495538e-01 1.884222e+03 2.232640e+01 4.643341e-01 1.332451e+00 3.276466e-01 1.286943e+00 
249 9961 0 0 0 1.745985e+00 4.623402e-01 7.494205e-01 1.884718e+03 2.233558e+01 4.637680e-01 1.332503e+00 3.278403e-01 1.286952e+00 
250 10001 0 0 0 1.745774e+00 4.623604e-01 7.493066e-01 1.885316e+03 2.233808e+01 4.638360e-01 1.332576e+00 3.278507e-01 1.286952e+00 
251 10041 0 0 0 1.746004e+00 4.625377e-01 7.494938e-01 1.884476e+03 2.233407e+01 4.638758e-01 1.332595e+00 3.278301e-01 1.286949e+00 
252 10081 0 0 0 1.745765e+00 4.628445e-01 7.498897e-01 1.883602e+03 2.232575e+01 4.639630e-01 1.332528e+00 3.277886e-01 1.286939e+00 
253 10121 0 0 0 1.746307e+00 4.630424e-01 7.501704e-01 1.882257e+03 2.232185e+01 4.639470e-01 1.332505e+00 3.277805e-01 1.286945e+00 
254 10161 0 0 0 1.745425e+00 4.632497e-01 7.508025e-01 1.880945e+03 2.230650e+01 4.639528e-01 1.332137e+00 3.277596e-01 1.286947e+00 
255 10201 0 0 0 1.745851e+00 4.631648e-01 7.513416e-01 1.879613e+03 2.230359e+01 4.636540e-01 1.332124e+00 3.278616e-01 1.286942e+00 
256 10241 0 0 0 1.746160e+00 4.634463e-01 7.512104e-01 1.879092e+03 2.230200e+01 4.638665e-01 1.332130e+00 3.277844e-01 1.286965e+00 
257 10281 0 0 0 1.746022e+00 4.634818e-01 7.515499e-01 1.878681e+03 2.229537e+01 4.638087e-01 1.332181e+00 3.277642e-01 1.286965e+00 
258 10321 0 0 0 1.745588e+00 4.635443e-01 7.520606e-01 1.878025e+03 2.228685e+01 4.637813e-01 1.331926e+00 3.277780e-01 1.286967e+00 
259 10361 0 0 0 1.745477e+00 4.639104e-01 7.522534e-01 1.876455e+03 2.227659e+01 4.639452e-01 1.331662e+00 3.276937e-01 1.286963e+00 
260 10401 0 0 0 1.745128e+00 4.640158e-01 7.525344e-01 1.876811e+03 2.227505e+01 4.639961e-01 1.331645e+00 3.277022e-01 1.286955e+00 
261 10441 0 0 0 1.745816e+00 4.640665e-01 7.517452e-01 1.877838e+03 2.228936e+01 4.641270e-01 1.331991e+00 3.276854e-01 1.286963e+00 
262 10481 0 0 0 1.745867e+00 4.640143e-01 7.519090e-01 1.877943e+03 2.229017e+01 4.640865e-01 1.331996e+00 3.277229e-01 1.286966e+00 
263 10521 0 0 0 1.745225e+00 4.646834e-01 7.518814e-01 1.877973e+03 2.228086e+01 4.646001e-01 1.331938e+00 3.275119e-01 1.286973e+00 
264 10561 0 0 0 1.744900e+00 4.644161e-01 7.517309e-01 1.878937e+03 2.228679e+01 4.644844e-01 1.331933e+00 3.275910e-01 1.286969e+00 
265 10601 0 0 0 1.744941e+00 4.645693e-01 7.514230e-01 1.879233e+03 2.228796e+01 4.646203e-01 1.332146e+00 3.275253e-01 1.286967e+00 
266 10641 0 0 0 1.745102e+00 4.642124e-01 7.515737e-01 1.879070e+03 2.229045e+01 4.643072e-01 1.332099e+00 3.276381e-01 1.286964e+00 
267 10681 0 0 0 1.745091e+00 4.636574e-01 7.517614e-01 1.878745e+03 2.229107e+01 4.638439e-01 1.332040e+00 3.277865e-01 1.286960e+00 
268 10721 0 0 0 1.744769e+00 4.635738e-01 7.511640e-01 1.880599e+03 2.229975e+01 4.640526e-01 1.332068e+00 3.277495e-01 1.286962e+00 
269 10761 0 0 0 1.744810e+00 4.640224e-01 7.520440e-01 1.878051e+03 2.228258e+01 4.640794e-01 1.331847e+00 3.277067e-01 1.286960e+00 
270 10801 0 0 0 1.744868e+00 4.638799e-01 7.523207e-01 1.877122e+03 2.227939e+01 4.638885e-01 1.331652e+00 3.277750e-01 1.286977e+00 
271 10841 0 0 0 1.745037e+00 4.644300e-01 7.521627e-01 1.877710e+03 2.227931e+01 4.643540e-01 1.331827e+00 3.276069e-01 1.286982e+00 
272 10881 0 0 0 1.745578e+00 4.642818e-01 7.521585e-01 1.877175e+03 2.228268e+01 4.641729e-01 1.331933e+00 3.276844e-01 1.286991e+00 
273 10921 0 0 0 1.745587e+00 4.641274e-01 7.521252e-01 1.877495e+03 2.228608e+01 4.640755e-01 1.331963e+00 3.277419e-01 1.286990e+00 
274 10961 0 0 0 1.745254e+00 4.641022e-01 7.516992e-01 1.878905e+03 2.229228e+01 4.642237e-01 1.332006e+00 3.277102e-01 1.286982e+00 
275 11001 0 0 0 1.745367e+00 4.643355e-01 7.516420e-01 1.878826e+03 2.229223e+01 4.644022e-01 1.331981e+00 3.276555e-01 1.286976e+00 
276 11041 0 0 0 1.745068e+00 4.641794e-01 7.516864e-01 1.879189e+03 2.229216e+01 4.642881e-01 1.331998e+00 3.276829e-01 1.286963e+00 
277 11081 0 0 0 1.744980e+00 4.642848e-01 7.512845e-01 1.880046e+03 2.229677e+01 4.644577e-01 1.332128e+00 3.276280e-01 1.286966e+00 
278 11121 0 0 0 1.745172e+00 4.638649e-01 7.511592e-01 1.880350e+03 2.230246e+01 4.641471e-01 1.332194e+00 3.277178e-01 1.286975e+00 
279 11161 0 0 0 1.745292e+00 4.640241e-01 7.509618e-01 1.880564e+03 2.230366e+01 4.642989e-01 1.332294e+00 3.276559e-01 1.286978e+00 
280 11201 0 0 0 1.745435e+00 4.641224e-01 7.511413e-01 1.880588e+03 2.230295e+01 4.643406e-01 1.332333e+00 3.276393e-01 1.286977e+00 
281 11241 0 0 0 1.745909e+00 4.647145e-01 7.510760e-01 1.880246e+03 2.230185e+01 4.647091e-01 1.332576e+00 3.275144e-01 1.286975e+00 
282 11281 0 0 0 1.746029e+00 4.648340e-01 7.515404e-01 1.879010e+03 2.229501e+01 4.646266e-01 1.332495e+00 3.275336e-01 1.286976e+00 
283 11321 0 0 0 1.745704e+00 4.643310e-01 7.518423e-01 1.878941e+03 2.229396e+01 4.642570e-01 1.332244e+00 3.276613e-01 1.286975e+00 
284 11361 0 0 0 1.745959e+00 4.642527e-01 7.517700e-01 1.878473e+03 2.229505e+01 4.641740e-01 1.332217e+00 3.276863e-01 1.286987e+00 
285 11401 0 0 0 1.745898e+00 4.643024e-01 7.518267e-01 1.878881e+03 2.229643e+01 4.642327e-01 1.332182e+00 3.276759e-01 1.286988e+00 
286 11441 0 0 0 1.746220e+00 4.639581e-01 7.516408e-01 1.879281e+03 2.230343e+01 4.640364e-01 1.332251e+00 3.277644e-01 1.286995e+00 
287 11481 0 0 0 1.746504e+00 4.633666e-01 7.518644e-01 1.878434e+03 2.230506e+01 4.634867e-01 1.332132e+00 3.279422e-01 1.287003e+00 
288 11521 0 0 0 1.746716e+00 4.633035e-01 7.523416e-01 1.877258e+03 2.229944e+01 4.632848e-01 1.332056e+00 3.279932e-01 1.286996e+00 
289 11561 0 0 0 1.746631e+00 4.635447e-01 7.521389e-01 1.877287e+03 2.229722e+01 4.635266e-01 1.332093e+00 3.279029e-01 1.286999e+00 
290 11601 0 0 0 1.746532e+00 4.637895e-01 7.519232e-01 1.877495e+03 2.229688e+01 4.637360e-01 1.332187e+00 3.278279e-01 1.286995e+00 
291 11641 0 0 0 1.746580e+00 4.637186e-01 7.519664e-01 1.878083e+03 2.229957e+01 4.637414e-01 1.332187e+00 3.278398e-01 1.286989e+00 
292 11681 0 0 0 1.746282e+00 4.638274e-01 7.521606e-01 1.877558e+03 2.229310e+01 4.638281e-01 1.331989e+00 3.278100e-01 1.286992e+00 
293 11721 0 0 0 1.746436e+00 4.638228e-01 7.521358e-01 1.878036e+03 2.229704e+01 4.638479e-01 1.332051e+00 3.278188e-01 1.286992e+00 
294 11761 0 0 0 1.746564e+00 4.636431e-01 7.517716e-01 1.878690e+03 2.230332e+01 4.637974e-01 1.332169e+00 3.278351e-01 1.286995e+00 
295 11801 0 0 0 1.746930e+00 4.633277e-01 7.515833e-01 1.878834e+03 2.230928e+01 4.635476e-01 1.332329e+00 3.279074e-01 1.286989e+00 
296 11841 0 0 0 1.747070e+00 4.629660e-01 7.515266e-01 1.878802e+03 2.231381e+01 4.632320e-01 1.332343e+00 3.280109e-01 1.286998e+00 
297 11881 0 0 0 1.747767e+00 4.622950e-01 7.509883e-01 1.879772e+03 2.233040e+01 4.627653e-01 1.332688e+00 3.281772e-01 1.286993e+00 
298 11921 0 0 0 1.747086e+00 4.627181e-01 7.511960e-01 1.880130e+03 2.232191e+01 4.631707e-01 1.332552e+00 3.280447e-01 1.286986e+00 
299 11961 0 0 0 1.747139e+00 4.629532e-01 7.512923e-01 1.880355e+03 2.232198e+01 4.633018e-01 1.332638e+00 3.279906e-01 1.286976e+00 
300 12001 0 0 0 1.747455e+00 4.628111e-01 7.512679e-01 1.880618e+03 2.232662e+01 4.632497e-01 1.332615e+00 3.280391e-01 1.286990e+00 
301 12041 0 0 0 1.747372e+00 4.629495e-01 7.508767e-01 1.881682e+03 2.233126e+01 4.634768e-01 1.332792e+00 3.279779e-01 1.286984e+00 
302 12081 0 0 0 1.746988e+00 4.629875e-01 7.506768e-01 1.882925e+03 2.233499e+01 4.636393e-01 1.332804e+00 3.279470e-01 1.286983e+00 
303 12121 0 0 0 1.747400e+00 4.623359e-01 7.510525e-01 1.882053e+03 2.233665e+01 4.630439e-01 1.332658e+00 3.281460e-01 1.286986e+00 
304 12161 0 0 0 1.747689e+00 4.621471e-01 7.510928e-01 1.881993e+03 2.233893e+01 4.629142e-01 1.332671e+00 3.281966e-01 1.286984e+00 
305 12201 0 0 0 1.747590e+00 4.623327e-01 7.514562e-01 1.881552e+03 2.233370e+01 4.630158e-01 1.332511e+00 3.281730e-01 1.286982e+00 
306 12241 0 0 0 1.747680e+00 4.622068e-01 7.515349e-01 1.880942e+03 2.233096e+01 4.628750e-01 1.332515e+00 3.282024e-01 1.286979e+00 
307 12281 0 0 0 1.747354e+00 4.622959e-01 7.515776e-01 1.881095e+03 2.232800e+01 4.629688e-01 1.332464e+00 3.281680e-01 1.286976e+00 
308 12321 0 0 0 1.747210e+00 4.621333e-01 7.520015e-01 1.880591e+03 2.232444e+01 4.627486e-01 1.332338e+00 3.282446e-01 1.286968e+00 
309 12361 0 0 0 1.747613e+00 4.615503e-01 7.521089e-01 1.880072e+03 2.232840e+01 4.622683e-01 1.332253e+00 3.284095e-01 1.286974e+00 
310 12401 0 0 0 1.747628e+00 4.613064e-01 7.522353e-01 1.879881e+03 2.232799e+01 4.621036e-01 1.332151e+00 3.284748e-01 1.286975e+00 
311 12441 0 0 0 1.748035e+00 4.607548e-01 7.516887e-01 1.880614e+03 2.234091e+01 4.617727e-01 1.332311e+00 3.286022e-01 1.286981e+00 
312 12481 0 0 0 1.748358e+00 4.608294e-01 7.513546e-01 1.880937e+03 2.234620e+01 4.618717e-01 1.332448e+00 3.285804e-01 1.286983e+00 
313 12521 0 0 0 1.748569e+00 4.606637e-01 7.513419e-01 1.881271e+03 2.235075e+01 4.617701e-01 1.332464e+00 3.286346e-01 1.286982e+00 
314 12561 0 0 0 1.748635e+00 4.601991e-01 7.512098e-01 1.881520e+03 2.235624e+01 4.614350e-01 1.332483e+00 3.287484e-01 1.286985e+00 
315 12601 0 0 0 1.748516e+00 4.601812e-01 7.512897e-01 1.881756e+03 2.235592e+01 4.614672e-01 1.332417e+00 3.287500e-01 1.286984e+00 
316 12641 0 0 0 1.748580e+00 4.604910e-01 7.512404e-01 1.881763e+03 2.235389e+01 4.617156e-01 1.332459e+00 3.286558e-01 1.286985e+00 
317 12681 0 0 0 1.748782e+00 4.605939e-01 7.510880e-01 1.881846e+03 2.235620e+01 4.617787e-01 1.332592e+00 3.286328e-01 1.286983e+00 
318 12721 0 0 0 1.749482e+00 4.603014e-01 7.510193e-01 1.882176e+03 2.236520e+01 4.615518e-01 1.332756e+00 3.287273e-01 1.286986e+00 
319 12761 0 0 0 1.749210e+00 4.606941e-01 7.512677e-01 1.881989e+03 2.235870e+01 4.618043e-01 1.332709e+00 3.286309e-01 1.286984e+00 
320 12801 0 0 0 1.749537e+00 4.606659e-01 7.512213e-01 1.882152e+03 2.236208e+01 4.617910e-01 1.332787e+00 3.286418e-01 1.286986e+00 
321 12841 0 0 0 1.749452e+00 4.603863e-01 7.514240e-01 1.881688e+03 2.236036e+01 4.615163e-01 1.332705e+00 3.287247e-01 1.286981e+00 
322 12881 0 0 0 1.749077e+00 4.602437e-01 7.518684e-01 1.881240e+03 2.235470e+01 4.613659e-01 1.332466e+00 3.287791e-01 1.286981e+00 
323 12921 0 0 0 1.748665e+00 4.600282e-01 7.523863e-01 1.880306e+03 2.234636e+01 4.611048e-01 1.332197e+00 3.288508e-01 1.286978e+00 
324 12961 0 0 0 1.748648e+00 4.603625e-01 7.518587e-01 1.881283e+03 2.235116e+01 4.614450e-01 1.332439e+00 3.287342e-01 1.286979e+00 
325 13001 0 0 0 1.748721e+00 4.603443e-01 7.520396e-01 1.881000e+03 2.234993e+01 4.614105e-01 1.332347e+00 3.287539e-01 1.286978e+00 
326 13041 0 0 0 1.748500e+00 4.604901e-01 7.520513e-01 1.881161e+03 2.234715e+01 4.615601e-01 1.332324e+00 3.286932e-01 1.286982e+00 
327 13081 0 0 0 1.748720e+00 4.603214e-01 7.520134e-01 1.880824e+03 2.234862e+01 4.614002e-01 1.332325e+00 3.287416e-01 1.286982e+00 
328 13121 0 0 0 1.748741e+00 4.602121e-01 7.520319e-01 1.880644e+03 2.234836e+01 4.612835e-01 1.332358e+00 3.287672e-01 1.286978e+00 
329 13161 0 0 0 1.748636e+00 4.601591e-01 7.522796e-01 1.880064e+03 2.234370e+01 4.611815e-01 1.332266e+00 3.287828e-01 1.286974e+00 
330 13201 0 0 0 1.748875e+00 4.601240e-01 7.521308e-01 1.880494e+03 2.234830e+01 4.612244e-01 1.332299e+00 3.287895e-01 1.286978e+00 
331 13241 0 0 0 1.748930e+00 4.603033e-01 7.519040e-01 1.881080e+03 2.235180e+01 4.614171e-01 1.332386e+00 3.287401e-01 1.286986e+00 
332 13281 0 0 0 1.748871e+00 4.601461e-01 7.518420e-01 1.881520e+03 2.235471e+01 4.613468e-01 1.332366e+00 3.287728e-01 1.286989e+00 
333 13321 0 0 0 1.748870e+00 4.601237e-01 7.518630e-01 1.881033e+03 2.235196e+01 4.613104e-01 1.332336e+00 3.287747e-01 1.286990e+00 
334 13361 0 0 0 1.748905e+00 4.600278e-01 7.518614e-01 1.880856e+03 2.235140e+01 4.612203e-01 1.332352e+00 3.287872e-01 1.286986e+00 
335 13401 0 0 0 1.748988e+00 4.602275e-01 7.520658e-01 1.880086e+03 2.234599e+01 4.613112e-01 1.332291e+00 3.287482e-01 1.286986e+00 
336 13441 0 0 0 1.748618e+00 4.605818e-01 7.522310e-01 1.880245e+03 2.234179e+01 4.615649e-01 1.332234e+00 3.286689e-01 1.286982e+00 
337 13481 0 0 0 1.748681e+00 4.605141e-01 7.520428e-01 1.880746e+03 2.234556e+01 4.615593e-01 1.332323e+00 3.286705e-01 1.286985e+00 
338 13521 0 0 0 1.748450e+00 4.604842e-01 7.521182e-01 1.880624e+03 2.234320e+01 4.615125e-01 1.332263e+00 3.286711e-01 1.286982e+00 
339 13561 0 0 0 1.748609e+00 4.603479e-01 7.522297e-01 1.880593e+03 2.234495e+01 4.614014e-01 1.332213e+00 3.287219e-01 1.286985e+00 
340 13601 0 0 0 1.748442e+00 4.603071e-01 7.524304e-01 1.880012e+03 2.234026e+01 4.613082e-01 1.332126e+00 3.287378e-01 1.286979e+00 
341 13641 0 0 0 1.748660e+00 4.604491e-01 7.521596e-01 1.880284e+03 2.234339e+01 4.614501e-01 1.332262e+00 3.286925e-01 1.286981e+00 
342 13681 0 0 0 1.748579e+00 4.603586e-01 7.520748e-01 1.880555e+03 2.234459e+01 4.614235e-01 1.332254e+00 3.286997e-01 1.286983e+00 
343 13721 0 0 0 1.748613e+00 4.603964e-01 7.519166e-01 1.881242e+03 2.234901e+01 4.614940e-01 1.332345e+00 3.286880e-01 1.286984e+00 
344 13761 0 0 0 1.748993e+00 4.604803e-01 7.516340e-01 1.881563e+03 2.235377e+01 4.615919e-01 1.332511e+00 3.286570e-01 1.286989e+00 
345 13801 0 0 0 1.748956e+00 4.602869e-01 7.516617e-01 1.881232e+03 2.235271e+01 4.614253e-01 1.332462e+00 3.286986e-01 1.286987e+00 
346 13841 0 0 0 1.748929e+00 4.604161e-01 7.513902e-01 1.881679e+03 2.235507e+01 4.615704e-01 1.332570e+00 3.286524e-01 1.286989e+00 
347 13881 0 0 0 1.749166e+00 4.602400e-01 7.513746e-01 1.881630e+03 2.235715e+01 4.614319e-01 1.332608e+00 3.286894e-01 1.286989e+00 
348 13921 0 0 0 1.749233e+00 4.603310e-01 7.512076e-01 1.881847e+03 2.235899e+01 4.615322e-01 1.332670e+00 3.286641e-01 1.286992e+00 
349 13961 0 0 0 1.749025e+00 4.604453e-01 7.512132e-01 1.881863e+03 2.235688e+01 4.616115e-01 1.332656e+00 3.286300e-01 1.286989e+00 
350 14001 0 0 0 1.748779e+00 4.604040e-01 7.514208e-01 1.881156e+03 2.235059e+01 4.615340e-01 1.332517e+00 3.286371e-01 1.286986e+00 
351 14041 0 0 0 1.748850e+00 4.606910e-01 7.512176e-01 1.881522e+03 2.235228e+01 4.617844e-01 1.332617e+00 3.285622e-01 1.286988e+00 
352 14081 0 0 0 1.749035e+00 4.607109e-01 7.512303e-01 1.881265e+03 2.235248e+01 4.617517e-01 1.332663e+00 3.285648e-01 1.286987e+00 
353 14121 0 0 0 1.749035e+00 4.606066e-01 7.511242e-01 1.881929e+03 2.235708e+01 4.617313e-01 1.332694e+00 3.285910e-01 1.286988e+00 
354 14161 0 0 0 1.748950e+00 4.607823e-01 7.511746e-01 1.881663e+03 2.235385e+01 4.618532e-01 1.332660e+00 3.285498e-01 1.286989e+00 
355 14201 0 0 0 1.749288e+00 4.608419e-01 7.508288e-01 1.882447e+03 2.236164e+01 4.619565e-01 1.332862e+00 3.285341e-01 1.286993e+00 
356 14241 0 0 0 1.749435e+00 4.607696e-01 7.508572e-01 1.882251e+03 2.236159e+01 4.618918e-01 1.332868e+00 3.285490e-01 1.286993e+00 
357 14281 0 0 0 1.749270e+00 4.607767e-01 7.508692e-01 1.882176e+03 2.236004e+01 4.618913e-01 1.332826e+00 3.285435e-01 1.286994e+00 
358 14321 0 0 0 1.749249e+00 4.607786e-01 7.508214e-01 1.882583e+03 2.236245e+01 4.619279e-01 1.332834e+00 3.285480e-01 1.286997e+00 
359 14361 0 0 0 1.749480e+00 4.606355e-01 7.508533e-01 1.882357e+03 2.236336e+01 4.618050e-01 1.332842e+00 3.285840e-01 1.286999e+00 
360 14401 0 0 0 1.749346e+00 4.606355e-01 7.509162e-01 1.882752e+03 2.236454e+01 4.618298e-01 1.332806e+00 3.285943e-01 1.286998e+00 
361 14441 0 0 0 1.749614e+00 4.606038e-01 7.505741e-01 1.883584e+03 2.237201e+01 4.618931e-01 1.332968e+00 3.285901e-01 1.287002e+00 
362 14481 0 0 0 1.749484e+00 4.605525e-01 7.506785e-01 1.883422e+03 2.236987e+01 4.618435e-01 1.332912e+00 3.286003e-01 1.287000e+00 
363 14521 0 0 0 1.749510e+00 4.603007e-01 7.507939e-01 1.883236e+03 2.237003e+01 4.616320e-01 1.332851e+00 3.286636e-01 1.287002e+00 
364 14561 0 0 0 1.749377e+00 4.603120e-01 7.509530e-01 1.883053e+03 2.236726e+01 4.616312e-01 1.332763e+00 3.286636e-01 1.287001e+00 
365 14601 0 0 0 1.749394e+00 4.601396e-01 7.509507e-01 1.883094e+03 2.236860e+01 4.615152e-01 1.332731e+00 3.287061e-01 1.287003e+00 
366 14641 0 0 0 1.749528e+00 4.602229e-01 7.507506e-01 1.883507e+03 2.237202e+01 4.616061e-01 1.332857e+00 3.286799e-01 1.287004e+00 
367 14681 0 0 0 1.749562e+00 4.602885e-01 7.508007e-01 1.883437e+03 2.237127e+01 4.616474e-01 1.332862e+00 3.286682e-01 1.287003e+00 
368 14721 0 0 0 1.749641e+00 4.601827e-01 7.507239e-01 1.883567e+03 2.237333e+01 4.615802e-01 1.332896e+00 3.286908e-01 1.287004e+00 
369 14761 0 0 0 1.749701e+00 4.600540e-01 7.508282e-01 1.883507e+03 2.237405e+01 4.614618e-01 1.332868e+00 3.287327e-01 1.287004e+00 
370 14801 0 0 0 1.749739e+00 4.599768e-01 7.508770e-01 1.883699e+03 2.237593e+01 4.614073e-01 1.332853e+00 3.287624e-01 1.287007e+00 
371 14841 0 0 0 1.749794e+00 4.599186e-01 7.508525e-01 1.884052e+03 2.237880e+01 4.613882e-01 1.332869e+00 3.287831e-01 1.287009e+00 
372 14881 0 0 0 1.749837e+00 4.599931e-01 7.506703e-01 1.884759e+03 2.238285e+01 4.615088e-01 1.332955e+00 3.287563e-01 1.287013e+00 
373 14921 0 0 0 1.749880e+00 4.597435e-01 7.507622e-01 1.884577e+03 2.238294e+01 4.613176e-01 1.332899e+00 3.288161e-01 1.287012e+00 
374 14961 0 0 0 1.749966e+00 4.598249e-01 7.506033e-01 1.884722e+03 2.238418e+01 4.614035e-01 1.332972e+00 3.287851e-01 1.287013e+00 
375 15001 0 0 0 1.750002e+00 4.598996e-01 7.505083e-01 1.884858e+03 2.238505e+01 4.614763e-01 1.333015e+00 3.287629e-01 1.287012e+00 
376 15041 0 0 0 1.750132e+00 4.597950e-01 7.503771e-01 1.884966e+03 2.238736e+01 4.614124e-01 1.333077e+00 3.287779e-01 1.287013e+00 
377 15081 0 0 0 1.750223e+00 4.597630e-01 7.503140e-01 1.885105e+03 2.238914e+01 4.613970e-01 1.333124e+00 3.287850e-01 1.287012e+00 
378 15121 0 0 0 1.750190e+00 4.597106e-01 7.503456e-01 1.885131e+03 2.238923e+01 4.613668e-01 1.333095e+00 3.288008e-01 1.287013e+00 
379 15161 0 0 0 1.750189e+00 4.597633e-01 7.504378e-01 1.884943e+03 2.238773e+01 4.613830e-01 1.333070e+00 3.287951e-01 1.287013e+00 
380 15201 0 0 0 1.750030e+00 4.595765e-01 7.506751e-01 1.884476e+03 2.238447e+01 4.611980e-01 1.332934e+00 3.288495e-01 1.287011e+00 
381 15241 0 0 0 1.750012e+00 4.597197e-01 7.507238e-01 1.883963e+03 2.238078e+01 4.612622e-01 1.332917e+00 3.288160e-01 1.287009e+00 
382 15281 0 0 0 1.750065e+00 4.596995e-01 7.507010e-01 1.883926e+03 2.238102e+01 4.612523e-01 1.332925e+00 3.288182e-01 1.287009e+00 
383 15321 0 0 0 1.750088e+00 4.596571e-01 7.506744e-01 1.884083e+03 2.238210e+01 4.612380e-01 1.332939e+00 3.288249e-01 1.287009e+00 
384 15361 0 0 0 1.750036e+00 4.596623e-01 7.507182e-01 1.883801e+03 2.238007e+01 4.612189e-01 1.332906e+00 3.288218e-01 1.287008e+00 
385 15401 0 0 0 1.750034e+00 4.596251e-01 7.506644e-01 1.883930e+03 2.238101e+01 4.612048e-01 1.332925e+00 3.288257e-01 1.287008e+00 
386 15441 0 0 0 1.749996e+00 4.597140e-01 7.506842e-01 1.883909e+03 2.238019e+01 4.612701e-01 1.332912e+00 3.288077e-01 1.287009e+00 
387 15481 0 0 0 1.750042e+00 4.596725e-01 7.506543e-01 1.883957e+03 2.238098e+01 4.612461e-01 1.332927e+00 3.288143e-01 1.287010e+00 
388 15521 0 0 0 1.750033e+00 4.596212e-01 7.507113e-01 1.883896e+03 2.238076e+01 4.611968e-01 1.332909e+00 3.288317e-01 1.287008e+00 
389 15561 0 0 0 1.750157e+00 4.595421e-01 7.507170e-01 1.883687e+03 2.238092e+01 4.611249e-01 1.332913e+00 3.288517e-01 1.287009e+00 
390 15601 0 0 0 1.750130e+00 4.595213e-01 7.506947e-01 1.883820e+03 2.238163e+01 4.611141e-01 1.332925e+00 3.288546e-01 1.287008e+00 
391 15641 0 0 0 1.750097e+00 4.595072e-01 7.507296e-01 1.883755e+03 2.238111e+01 4.610951e-01 1.332905e+00 3.288607e-01 1.287008e+00 
392 15681 0 0 0 1.750147e+00 4.594499e-01 7.508081e-01 1.883490e+03 2.238005e+01 4.610314e-01 1.332879e+00 3.288781e-01 1.287007e+00 
393 15721 0 0 0 1.750066e+00 4.594846e-01 7.509402e-01 1.883229e+03 2.237766e+01 4.610287e-01 1.332820e+00 3.288788e-01 1.287005e+00 
394 15761 0 0 0 1.750038e+00 4.596863e-01 7.508702e-01 1.883159e+03 2.237632e+01 4.611725e-01 1.332859e+00 3.288261e-01 1.287005e+00 
395 15801 0 0 0 1.750072e+00 4.597945e-01 7.508124e-01 1.883163e+03 2.237628e+01 4.612533e-01 1.332895e+00 3.287994e-01 1.287004e+00 
396 15841 0 0 0 1.750086e+00 4.596767e-01 7.507986e-01 1.883263e+03 2.237771e+01 4.611698e-01 1.332891e+00 3.288284e-01 1.287005e+00 
397 15881 0 0 0 1.750154e+00 4.596938e-01 7.507203e-01 1.883408e+03 2.237923e+01 4.611905e-01 1.332940e+00 3.288231e-01 1.287006e+00 
398 15921 0 0 0 1.750195e+00 4.597353e-01 7.506336e-01 1.883564e+03 2.238036e+01 4.612439e-01 1.332972e+00 3.288091e-01 1.287007e+00 
399 15961 0 0 0 1.750211e+00 4.596559e-01 7.506334e-01 1.883975e+03 2.238304e+01 4.612097e-01 1.332986e+00 3.288308e-01 1.287008e+00 
400 16001 0 0 0 1.750301e+00 4.595577e-01 7.505874e-01 1.884115e+03 2.238510e+01 4.611487e-01 1.333012e+00 3.288538e-01 1.287008e+00 
401 16041 0 0 0 1.750249e+00 4.596340e-01 7.506220e-01 1.884117e+03 2.238418e+01 4.612026e-01 1.333004e+00 3.288367e-01 1.287007e+00 
402 16081 0 0 0 1.750297e+00 4.595548e-01 7.505850e-01 1.884404e+03 2.238668e+01 4.611625e-01 1.333029e+00 3.288580e-01 1.287007e+00 
403 16121 0 0 0 1.750309e+00 4.593746e-01 7.506302e-01 1.884270e+03 2.238663e+01 4.610256e-01 1.332984e+00 3.288976e-01 1.287008e+00 
404 16161 0 0 0 1.750264e+00 4.593441e-01 7.506430e-01 1.884390e+03 2.238673e+01 4.610239e-01 1.332961e+00 3.289003e-01 1.287010e+00 
405 16201 0 0 0 1.750270e+00 4.592897e-01 7.507031e-01 1.884345e+03 2.238649e+01 4.609808e-01 1.332935e+00 3.289147e-01 1.287010e+00 
406 16241 0 0 0 1.750305e+00 4.593393e-01 7.507207e-01 1.884126e+03 2.238542e+01 4.609966e-01 1.332940e+00 3.289069e-01 1.287009e+00 
407 16281 0 0 0 1.750351e+00 4.594759e-01 7.505945e-01 1.884228e+03 2.238603e+01 4.611125e-01 1.333005e+00 3.288695e-01 1.287010e+00 
408 16321 0 0 0 1.750283e+00 4.595763e-01 7.507119e-01 1.883503e+03 2.238104e+01 4.611264e-01 1.332944e+00 3.288513e-01 1.287008e+00 
409 16361 0 0 0 1.750255e+00 4.597229e-01 7.506397e-01 1.883442e+03 2.237997e+01 4.612329e-01 1.332978e+00 3.288105e-01 1.287007e+00 
410 16401 0 0 0 1.750262e+00 4.598496e-01 7.505565e-01 1.883704e+03 2.238098e+01 4.613522e-01 1.333022e+00 3.287784e-01 1.287009e+00 
411 16441 0 0 0 1.750277e+00 4.596873e-01 7.506322e-01 1.883751e+03 2.238179e+01 4.612308e-01 1.332994e+00 3.288189e-01 1.287008e+00 
412 16481 0 0 0 1.750226e+00 4.596164e-01 7.506856e-01 1.884018e+03 2.238299e+01 4.611940e-01 1.332971e+00 3.288395e-01 1.287008e+00 
413 16521 0 0 0 1.750303e+00 4.596710e-01 7.506300e-01 1.884079e+03 2.238393e+01 4.612357e-01 1.333017e+00 3.288288e-01 1.287008e+00 
414 16561 0 0 0 1.750225e+00 4.596370e-01 7.506431e-01 1.883820e+03 2.238205e+01 4.612056e-01 1.332965e+00 3.288316e-01 1.287008e+00 
415 16601 0 0 0 1.750265e+00 4.599398e-01 7.505466e-01 1.883844e+03 2.238142e+01 4.614310e-01 1.333038e+00 3.287611e-01 1.287008e+00 
416 16641 0 0 0 1.750328e+00 4.599000e-01 7.505167e-01 1.883908e+03 2.238245e+01 4.614130e-01 1.333048e+00 3.287689e-01 1.287009e+00 
417 16681 0 0 0 1.750418e+00 4.598311e-01 7.505149e-01 1.884042e+03 2.238402e+01 4.613720e-01 1.333066e+00 3.287857e-01 1.287009e+00 
418 16721 0 0 0 1.750476e+00 4.598604e-01 7.504942e-01 1.883981e+03 2.238392e+01 4.613910e-01 1.333090e+00 3.287775e-01 1.287009e+00 
419 16761 0 0 0 1.750376e+00 4.598300e-01 7.506305e-01 1.883734e+03 2.238199e+01 4.613446e-01 1.333007e+00 3.287961e-01 1.287008e+00 
420 16801 0 0 0 1.750411e+00 4.598731e-01 7.505194e-01 1.884010e+03 2.238372e+01 4.613950e-01 1.333075e+00 3.287785e-01 1.287008e+00 
421 16841 0 0 0 1.750392e+00 4.597399e-01 7.506278e-01 1.883813e+03 2.238267e+01 4.612832e-01 1.333012e+00 3.288112e-01 1.287008e+00 
422 16881 0 0 0 1.750386e+00 4.598117e-01 7.505894e-01 1.883568e+03 2.238085e+01 4.613255e-01 1.333020e+00 3.287846e-01 1.287008e+00 
423 16921 0 0 0 1.750449e+00 4.597846e-01 7.506241e-01 1.883434e+03 2.238074e+01 4.612901e-01 1.333017e+00 3.287960e-01 1.287007e+00 
424 16961 0 0 0 1.750385e+00 4.599975e-01 7.506258e-01 1.883198e+03 2.237820e+01 4.614289e-01 1.333018e+00 3.287491e-01 1.287006e+00 
425 17001 0 0 0 1.750452e+00 4.598541e-01 7.506266e-01 1.883421e+03 2.238059e+01 4.613368e-01 1.333024e+00 3.287855e-01 1.287007e+00 
426 17041 0 0 0 1.750502e+00 4.599255e-01 7.505793e-01 1.883480e+03 2.238105e+01 4.613945e-01 1.333059e+00 3.287675e-01 1.287007e+00 
427 17081 0 0 0 1.750514e+00 4.598972e-01 7.505984e-01 1.883552e+03 2.238151e+01 4.613802e-01 1.333051e+00 3.287749e-01 1.287008e+00 
428 17121 0 0 0 1.750529e+00 4.598641e-01 7.506205e-01 1.883742e+03 2.238292e+01 4.613600e-01 1.333058e+00 3.287897e-01 1.287007e+00 
429 17161 0 0 0 1.750543e+00 4.598253e-01 7.506576e-01 1.883891e+03 2.238382e+01 4.613392e-01 1.333053e+00 3.288023e-01 1.287008e+00 
430 17201 0 0 0 1.750565e+00 4.597962e-01 7.506578e-01 1.884114e+03 2.238545e+01 4.613314e-01 1.333062e+00 3.288143e-01 1.287008e+00 
431 17241 0 0 0 1.750578e+00 4.597638e-01 7.505802e-01 1.884039e+03 2.238522e+01 4.613153e-01 1.333076e+00 3.288095e-01 1.287009e+00 
432 17281 0 0 0 1.750514e+00 4.597133e-01 7.506949e-01 1.883902e+03 2.238400e+01 4.612645e-01 1.333013e+00 3.288281e-01 1.287009e+00 
433 17321 0 0 0 1.750587e+00 4.595493e-01 7.506770e-01 1.884384e+03 2.238803e+01 4.611774e-01 1.333029e+00 3.288716e-01 1.287011e+00 
434 17361 0 0 0 1.750633e+00 4.594044e-01 7.506665e-01 1.884558e+03 2.238999e+01 4.610854e-01 1.333029e+00 3.289055e-01 1.287012e+00 
435 17401 0 0 0 1.750577e+00 4.594357e-01 7.507473e-01 1.884371e+03 2.238828e+01 4.610902e-01 1.332989e+00 3.289030e-01 1.287011e+00 
436 17441 0 0 0 1.750541e+00 4.595088e-01 7.507690e-01 1.884347e+03 2.238768e+01 4.611381e-01 1.332981e+00 3.288909e-01 1.287011e+00 
437 17481 0 0 0 1.750503e+00 4.596169e-01 7.507160e-01 1.884172e+03 2.238601e+01 4.612049e-01 1.333007e+00 3.288578e-01 1.287010e+00 
438 17521 0 0 0 1.750536e+00 4.596311e-01 7.506407e-01 1.884232e+03 2.238669e+01 4.612236e-01 1.333041e+00 3.288496e-01 1.287010e+00 
439 17561 0 0 0 1.750468e+00 4.597586e-01 7.506047e-01 1.884005e+03 2.238448e+01 4.613002e-01 1.333052e+00 3.288139e-01 1.287009e+00 
440 17601 0 0 0 1.750510e+00 4.596813e-01 7.506287e-01 1.884215e+03 2.238643e+01 4.612549e-01 1.333047e+00 3.288407e-01 1.287010e+00 
441 17641 0 0 0 1.750384e+00 4.597467e-01 7.507035e-01 1.883798e+03 2.238278e+01 4.612788e-01 1.332975e+00 3.288248e-01 1.287011e+00 
442 17681 0 0 0 1.750349e+00 4.597901e-01 7.507428e-01 1.883645e+03 2.238150e+01 4.613007e-01 1.332948e+00 3.288178e-01 1.287010e+00 
443 17721 0 0 0 1.750452e+00 4.597255e-01 7.506486e-01 1.883958e+03 2.238427e+01 4.612850e-01 1.332997e+00 3.288269e-01 1.287012e+00 
444 17761 0 0 0 1.750393e+00 4.597995e-01 7.507006e-01 1.883454e+03 2.238070e+01 4.613052e-01 1.332951e+00 3.288089e-01 1.287012e+00 
445 17801 0 0 0 1.750428e+00 4.597723e-01 7.506981e-01 1.883484e+03 2.238129e+01 4.612862e-01 1.332958e+00 3.288171e-01 1.287012e+00 
446 17841 0 0 0 1.750458e+00 4.597072e-01 7.506991e-01 1.883494e+03 2.238192e+01 4.612381e-01 1.332957e+00 3.288332e-01 1.287012e+00 
447 17881 0 0 0 1.750422e+00 4.597761e-01 7.507756e-01 1.883192e+03 2.237974e+01 4.612617e-01 1.332921e+00 3.288241e-01 1.287011e+00 
448 17921 0 0 0 1.750423e+00 4.597670e-01 7.508396e-01 1.883413e+03 2.238115e+01 4.612641e-01 1.332900e+00 3.288407e-01 1.287012e+00 
449 17961 0 0 0 1.750449e+00 4.596835e-01 7.508104e-01 1.883366e+03 2.238134e+01 4.611942e-01 1.332923e+00 3.288518e-01 1.287010e+00 
450 18001 0 0 0 1.750484e+00 4.596902e-01 7.508076e-01 1.883265e+03 2.238103e+01 4.611941e-01 1.332923e+00 3.288501e-01 1.287010e+00 
451 18041 0 0 0 1.750493e+00 4.596960e-01 7.508209e-01 1.883252e+03 2.238100e+01 4.611921e-01 1.332928e+00 3.288502e-01 1.287009e+00 
452 18081 0 0 0 1.750404e+00 4.598616e-01 7.508356e-01 1.882681e+03 2.237640e+01 4.612793e-01 1.332897e+00 3.288049e-01 1.287008e+00 
453 18121 0 0 0 1.750409e+00 4.599054e-01 7.508871e-01 1.882632e+03 2.237597e+01 4.612993e-01 1.332890e+00 3.288017e-01 1.287007e+00 
454 18161 0 0 0 1.750292e+00 4.600733e-01 7.509311e-01 1.882167e+03 2.237173e+01 4.613835e-01 1.332864e+00 3.287599e-01 1.287004e+00 
455 18201 0 0 0 1.750272e+00 4.600500e-01 7.509331e-01 1.882089e+03 2.237130e+01 4.613582e-01 1.332859e+00 3.287641e-01 1.287004e+00 
456 18241 0 0 0 1.750163e+00 4.602199e-01 7.509430e-01 1.881736e+03 2.236788e+01 4.614501e-01 1.332850e+00 3.287211e-01 1.287002e+00 
457 18281 0 0 0 1.750133e+00 4.602069e-01 7.509674e-01 1.881730e+03 2.236757e+01 4.614308e-01 1.332853e+00 3.287239e-01 1.287000e+00 
458 18321 0 0 0 1.750294e+00 4.599110e-01 7.510024e-01 1.882127e+03 2.237232e+01 4.612413e-01 1.332847e+00 3.288044e-01 1.287002e+00 
459 18361 0 0 0 1.750166e+00 4.600538e-01 7.510880e-01 1.881692e+03 2.236829e+01 4.613096e-01 1.332797e+00 3.287740e-01 1.287000e+00 
460 18401 0 0 0 1.750318e+00 4.598425e-01 7.510638e-01 1.882180e+03 2.237309e+01 4.611929e-01 1.332823e+00 3.288292e-01 1.287002e+00 
461 18441 0 0 0 1.750389e+00 4.597371e-01 7.510202e-01 1.882496e+03 2.237603e+01 4.611463e-01 1.332836e+00 3.288571e-01 1.287005e+00 
462 18481 0 0 0 1.750283e+00 4.597864e-01 7.511197e-01 1.882202e+03 2.237326e+01 4.611481e-01 1.332791e+00 3.288490e-01 1.287002e+00 
463 18521 0 0 0 1.750304e+00 4.598139e-01 7.511790e-01 1.882224e+03 2.237365e+01 4.611625e-01 1.332773e+00 3.288562e-01 1.287003e+00 
464 18561 0 0 0 1.750240e+00 4.599850e-01 7.513090e-01 1.881565e+03 2.236886e+01 4.612305e-01 1.332713e+00 3.288270e-01 1.287001e+00 
465 18601 0 0 0 1.750231e+00 4.599727e-01 7.513146e-01 1.881624e+03 2.236900e+01 4.612320e-01 1.332702e+00 3.288283e-01 1.287002e+00 
466 18641 0 0 0 1.750353e+00 4.597391e-01 7.512436e-01 1.882179e+03 2.237408e+01 4.611005e-01 1.332750e+00 3.288820e-01 1.287003e+00 
467 18681 0 0 0 1.750253e+00 4.599319e-01 7.512626e-01 1.881630e+03 2.236948e+01 4.611987e-01 1.332732e+00 3.288319e-01 1.287000e+00 
468 18721 0 0 0 1.750201e+00 4.599334e-01 7.513475e-01 1.881369e+03 2.236758e+01 4.611756e-01 1.332686e+00 3.288362e-01 1.287000e+00 
469 18761 0 0 0 1.750222e+00 4.599444e-01 7.514159e-01 1.881203e+03 2.236660e+01 4.611695e-01 1.332661e+00 3.288381e-01 1.286999e+00 
470 18801 0 0 0 1.750213e+00 4.598804e-01 7.514175e-01 1.881276e+03 2.236713e+01 4.611269e-01 1.332660e+00 3.288513e-01 1.286999e+00 
471 18841 0 0 0 1.750263e+00 4.599021e-01 7.513584e-01 1.881316e+03 2.236766e+01 4.611504e-01 1.332691e+00 3.288416e-01 1.287000e+00 
472 18881 0 0 0 1.750241e+00 4.599180e-01 7.513703e-01 1.881257e+03 2.236697e+01 4.611570e-01 1.332685e+00 3.288356e-01 1.286999e+00 
473 18921 0 0 0 1.750236e+00 4.599688e-01 7.513545e-01 1.881263e+03 2.236689e+01 4.611966e-01 1.332689e+00 3.288252e-01 1.287000e+00 
474 18961 0 0 0 1.750230e+00 4.600180e-01 7.513128e-01 1.881282e+03 2.236686e+01 4.612378e-01 1.332703e+00 3.288120e-01 1.287000e+00 
475 19001 0 0 0 1.750207e+00 4.600074e-01 7.513391e-01 1.881156e+03 2.236592e+01 4.612207e-01 1.332684e+00 3.288129e-01 1.287000e+00 
476 19041 0 0 0 1.750250e+00 4.599697e-01 7.513102e-01 1.881407e+03 2.236782e+01 4.612115e-01 1.332708e+00 3.288226e-01 1.287001e+00 
477 19081 0 0 0 1.750272e+00 4.599636e-01 7.512274e-01 1.881591e+03 2.236907e+01 4.612222e-01 1.332753e+00 3.288168e-01 1.287000e+00 
478 19121 0 0 0 1.750205e+00 4.600669e-01 7.512637e-01 1.881232e+03 2.236601e+01 4.612672e-01 1.332736e+00 3.287894e-01 1.286998e+00 
479 19161 0 0 0 1.750218e+00 4.601319e-01 7.512935e-01 1.880881e+03 2.236376e+01 4.612888e-01 1.332726e+00 3.287726e-01 1.286996e+00 
480 19201 0 0 0 1.750301e+00 4.599439e-01 7.512679e-01 1.881247e+03 2.236716e+01 4.611797e-01 1.332744e+00 3.288161e-01 1.286998e+00 
481 19241 0 0 0 1.750230e+00 4.599782e-01 7.513374e-01 1.880986e+03 2.236490e+01 4.611853e-01 1.332699e+00 3.288098e-01 1.286997e+00 
482 19281 0 0 0 1.750238e+00 4.599735e-01 7.513903e-01 1.880938e+03 2.236472e+01 4.611816e-01 1.332664e+00 3.288179e-01 1.286999e+00 
483 19321 0 0 0 1.750205e+00 4.599831e-01 7.513567e-01 1.880983e+03 2.236454e+01 4.612005e-01 1.332665e+00 3.288086e-01 1.287000e+00 
484 19361 0 0 0 1.750217e+00 4.600096e-01 7.513059e-01 1.881044e+03 2.236479e+01 4.612319e-01 1.332685e+00 3.287964e-01 1.287001e+00 
485 19401 0 0 0 1.750245e+00 4.599770e-01 7.513301e-01 1.881110e+03 2.236578e+01 4.612137e-01 1.332667e+00 3.288141e-01 1.287002e+00 
486 19441 0 0 0 1.750216e+00 4.600822e-01 7.513173e-01 1.880921e+03 2.236415e+01 4.612809e-01 1.332664e+00 3.287880e-01 1.287002e+00 
487 19481 0 0 0 1.750208e+00 4.600342e-01 7.513600e-01 1.880925e+03 2.236444e+01 4.612479e-01 1.332630e+00 3.288064e-01 1.287004e+00 
488 19521 0 0 0 1.750260e+00 4.600083e-01 7.513223e-01 1.880935e+03 2.236490e+01 4.612303e-01 1.332659e+00 3.288066e-01 1.287003e+00 
489 19561 0 0 0 1.750256e+00 4.599169e-01 7.513689e-01 1.880962e+03 2.236538e+01 4.611645e-01 1.332629e+00 3.288321e-01 1.287003e+00 
490 19601 0 0 0 1.750218e+00 4.599740e-01 7.513810e-01 1.880716e+03 2.236337e+01 4.611808e-01 1.332633e+00 3.288138e-01 1.287001e+00 
491 19641 0 0 0 1.750190e+00 4.600892e-01 7.513597e-01 1.880379e+03 2.236088e+01 4.612411e-01 1.332638e+00 3.287820e-01 1.286999e+00 
492 19681 0 0 0 1.750134e+00 4.601788e-01 7.513579e-01 1.880213e+03 2.235904e+01 4.612980e-01 1.332631e+00 3.287564e-01 1.286999e+00 
493 19721 0 0 0 1.750139e+00 4.602030e-01 7.513649e-01 1.880173e+03 2.235877e+01 4.613185e-01 1.332618e+00 3.287526e-01 1.287000e+00 
494 19761 0 0 0 1.750175e+00 4.601494e-01 7.513707e-01 1.880308e+03 2.235996e+01 4.612934e-01 1.332613e+00 3.287673e-01 1.287002e+00 
495 19801 0 0 0 1.750156e+00 4.601105e-01 7.513702e-01 1.880411e+03 2.236032e+01 4.612719e-01 1.332616e+00 3.287718e-01 1.287001e+00 
496 19841 0 0 0 1.750189e+00 4.600942e-01 7.513752e-01 1.880473e+03 2.236103e+01 4.612616e-01 1.332624e+00 3.287787e-01 1.287001e+00 
497 19881 0 0 0 1.750222e+00 4.602086e-01 7.512476e-01 1.880383e+03 2.236030e+01 4.613423e-01 1.332696e+00 3.287371e-01 1.287000e+00 
498 19921 0 0 0 1.750172e+00 4.602809e-01 7.512507e-01 1.880086e+03 2.235786e+01 4.613694e-01 1.332697e+00 3.287137e-01 1.286997e+00 
499 19961 0 0 0 1.750156e+00 4.602857e-01 7.512834e-01 1.879934e+03 2.235700e+01 4.613599e-01 1.332674e+00 3.287164e-01 1.286997e+00 
500 20001 0 0 0 1.750206e+00 4.602060e-01 7.512954e-01 1.880038e+03 2.235828e+01 4.613137e-01 1.332662e+00 3.287381e-01 1.286998e+00 
501 20041 0 0 0 1.750216e+00 4.602157e-01 7.512214e-01 1.880029e+03 2.235796e+01 4.613163e-01 1.332718e+00 3.287200e-01 1.286995e+00 
502 20081 0 0 0 1.750236e+00 4.601952e-01 7.511875e-01 1.880104e+03 2.235860e+01 4.613138e-01 1.332726e+00 3.287217e-01 1.286997e+00 
503 20121 0 0 0 1.750190e+00 4.601695e-01 7.512035e-01 1.880083e+03 2.235818e+01 4.612892e-01 1.332718e+00 3.287263e-01 1.286996e+00 
504 20161 0 0 0 1.750108e+00 4.602804e-01 7.512822e-01 1.879593e+03 2.235415e+01 4.613337e-01 1.332671e+00 3.286991e-01 1.286994e+00 
505 20201 0 0 0 1.750096e+00 4.602458e-01 7.513020e-01 1.879643e+03 2.235441e+01 4.613052e-01 1.332672e+00 3.287075e-01 1.286993e+00 
506 20241 0 0 0 1.750050e+00 4.602085e-01 7.513863e-01 1.879412e+03 2.235272e+01 4.612606e-01 1.332620e+00 3.287176e-01 1.286993e+00 
507 20281 0 0 0 1.750035e+00 4.601760e-01 7.514065e-01 1.879432e+03 2.235270e+01 4.612381e-01 1.332610e+00 3.287243e-01 1.286993e+00 
508 20321 0 0 0 1.749953e+00 4.603932e-01 7.514320e-01 1.878804e+03 2.234761e+01 4.613498e-01 1.332592e+00 3.286677e-01 1.286990e+00 
509 20361 0 0 0 1.749884e+00 4.603809e-01 7.514872e-01 1.878610e+03 2.234594e+01 4.613208e-01 1.332562e+00 3.286700e-01 1.286988e+00 
510 20401 0 0 0 1.749840e+00 4.603044e-01 7.515865e-01 1.878537e+03 2.234543e+01 4.612556e-01 1.332505e+00 3.286951e-01 1.286989e+00 
511 20441 0 0 0 1.749928e+00 4.602698e-01 7.514747e-01 1.878971e+03 2.234900e+01 4.612872e-01 1.332527e+00 3.287051e-01 1.286995e+00 
512 20481 0 0 0 1.749957e+00 4.603319e-01 7.514109e-01 1.878914e+03 2.234860e+01 4.613310e-01 1.332566e+00 3.286827e-01 1.286994e+00 
513 20521 0 0 0 1.749868e+00 4.604433e-01 7.515047e-01 1.878368e+03 2.234437e+01 4.613789e-01 1.332490e+00 3.286599e-01 1.286994e+00 
514 20561 0 0 0 1.749878e+00 4.606723e-01 7.514334e-01 1.878021e+03 2.234189e+01 4.615263e-01 1.332522e+00 3.286034e-01 1.286993e+00 
515 20601 0 0 0 1.749849e+00 4.605137e-01 7.514544e-01 1.878641e+03 2.234559e+01 4.614463e-01 1.332529e+00 3.286442e-01 1.286994e+00 
516 20641 0 0 0 1.749837e+00 4.605479e-01 7.514316e-01 1.878692e+03 2.234592e+01 4.614722e-01 1.332541e+00 3.286397e-01 1.286994e+00 
