%  columns=["iteration, evaluation, sigma, void, void, stds==sigma*sqrt(diag(C))" (startseed=214695, 2015/08/22 13:39:49.95)
1 26 2.978957e+00 0 0 6.811103e-01 4.119197e-01 6.672445e-01 2.985796e+00 3.178371e-01 5.038859e-01 4.297203e-01 1.020542e+00 3.792866e-01 
2 51 2.880649e+00 0 0 6.610821e-01 3.882404e-01 6.266851e-01 2.856861e+00 3.009063e-01 4.803563e-01 4.021359e-01 9.922016e-01 3.554295e-01 
3 76 2.959843e+00 0 0 6.726128e-01 4.050179e-01 6.453184e-01 2.827925e+00 3.039732e-01 5.275404e-01 4.078391e-01 1.002576e+00 3.740149e-01 
4 101 2.650399e+00 0 0 5.808536e-01 3.548733e-01 5.581002e-01 2.468232e+00 2.704567e-01 4.611070e-01 3.516104e-01 8.605761e-01 3.249484e-01 
5 126 2.528450e+00 0 0 5.387732e-01 3.318139e-01 5.387334e-01 2.319645e+00 2.546110e-01 4.297265e-01 3.320767e-01 8.034720e-01 3.020231e-01 
6 151 2.421426e+00 0 0 5.075482e-01 3.114008e-01 5.079195e-01 2.203675e+00 2.578835e-01 4.100421e-01 3.192495e-01 7.486159e-01 2.905181e-01 
7 176 2.286293e+00 0 0 4.597288e-01 2.881996e-01 4.795332e-01 2.007624e+00 2.398261e-01 4.117982e-01 2.967622e-01 6.995655e-01 2.741370e-01 
8 201 2.134769e+00 0 0 4.145780e-01 2.709301e-01 4.443039e-01 1.825716e+00 2.183288e-01 3.782939e-01 2.843404e-01 6.316390e-01 2.545372e-01 
9 226 2.206298e+00 0 0 4.204902e-01 2.900698e-01 4.474210e-01 1.828979e+00 2.285783e-01 3.890268e-01 2.854898e-01 6.366622e-01 2.631082e-01 
10 251 2.164480e+00 0 0 3.956796e-01 2.872868e-01 4.365907e-01 1.748332e+00 2.235376e-01 3.807757e-01 2.792361e-01 6.031571e-01 2.612011e-01 
11 276 1.950755e+00 0 0 3.463283e-01 2.617113e-01 3.927271e-01 1.519431e+00 1.938994e-01 3.352255e-01 2.492231e-01 5.381005e-01 2.287202e-01 
12 301 1.698008e+00 0 0 2.900987e-01 2.318879e-01 3.379886e-01 1.313464e+00 1.622145e-01 2.868404e-01 2.204575e-01 4.475682e-01 1.958923e-01 
13 326 1.778327e+00 0 0 2.946763e-01 2.413800e-01 3.841019e-01 1.334908e+00 1.649757e-01 3.094156e-01 2.361665e-01 4.576943e-01 2.057419e-01 
14 351 1.856340e+00 0 0 2.983166e-01 2.549906e-01 4.256016e-01 1.377935e+00 1.705298e-01 3.266038e-01 2.382292e-01 4.637754e-01 2.101116e-01 
15 376 1.941087e+00 0 0 3.061448e-01 2.789129e-01 4.446558e-01 1.401553e+00 1.795146e-01 3.591269e-01 2.447061e-01 4.740637e-01 2.197146e-01 
16 401 1.938672e+00 0 0 2.978844e-01 2.724564e-01 4.488423e-01 1.365846e+00 1.791159e-01 3.794179e-01 2.410864e-01 4.572828e-01 2.137531e-01 
17 426 1.773885e+00 0 0 2.646135e-01 2.464815e-01 3.943755e-01 1.207983e+00 1.625180e-01 3.484417e-01 2.178397e-01 4.055659e-01 1.926090e-01 
18 451 1.808811e+00 0 0 2.644871e-01 2.448011e-01 3.931090e-01 1.212676e+00 1.623282e-01 3.607060e-01 2.184240e-01 4.143921e-01 1.901056e-01 
19 476 1.680758e+00 0 0 2.367826e-01 2.211303e-01 3.550273e-01 1.101856e+00 1.497019e-01 3.350523e-01 2.092364e-01 3.791105e-01 1.749317e-01 
20 501 1.593357e+00 0 0 2.170270e-01 2.011826e-01 3.285213e-01 1.012281e+00 1.409743e-01 3.134846e-01 1.997517e-01 3.544242e-01 1.676583e-01 
21 526 1.523523e+00 0 0 2.044684e-01 1.896642e-01 3.257671e-01 9.486528e-01 1.341752e-01 2.934914e-01 1.871119e-01 3.355713e-01 1.615702e-01 
22 551 1.411401e+00 0 0 1.839419e-01 1.724055e-01 3.045464e-01 8.519838e-01 1.218254e-01 2.630369e-01 1.736254e-01 2.981204e-01 1.477769e-01 
23 576 1.390877e+00 0 0 1.759482e-01 1.658552e-01 2.947879e-01 8.260046e-01 1.200566e-01 2.615112e-01 1.799626e-01 2.856998e-01 1.410962e-01 
24 601 1.299031e+00 0 0 1.614464e-01 1.517388e-01 2.720112e-01 7.702300e-01 1.140448e-01 2.400769e-01 1.656736e-01 2.583748e-01 1.277287e-01 
25 626 1.193992e+00 0 0 1.465297e-01 1.380149e-01 2.438917e-01 6.948070e-01 1.039398e-01 2.147499e-01 1.494796e-01 2.296137e-01 1.213885e-01 
26 651 1.160869e+00 0 0 1.366287e-01 1.297862e-01 2.310246e-01 6.697336e-01 1.013826e-01 2.066080e-01 1.479004e-01 2.150607e-01 1.228785e-01 
27 676 1.266365e+00 0 0 1.465656e-01 1.374405e-01 2.476642e-01 7.085247e-01 1.097809e-01 2.261534e-01 1.706528e-01 2.378531e-01 1.441317e-01 
28 701 1.194255e+00 0 0 1.340472e-01 1.282349e-01 2.261139e-01 6.647049e-01 9.960049e-02 2.060755e-01 1.606725e-01 2.195878e-01 1.357298e-01 
29 726 1.104140e+00 0 0 1.203859e-01 1.164356e-01 2.055629e-01 6.135940e-01 9.010244e-02 1.900375e-01 1.474080e-01 2.054666e-01 1.255419e-01 
30 751 9.832106e-01 0 0 1.047734e-01 1.013955e-01 1.804681e-01 5.376415e-01 7.774844e-02 1.636113e-01 1.317173e-01 1.773904e-01 1.088668e-01 
31 776 9.431631e-01 0 0 9.780837e-02 9.724477e-02 1.759804e-01 5.223510e-01 7.492257e-02 1.544942e-01 1.238759e-01 1.629688e-01 1.032137e-01 
32 801 8.419279e-01 0 0 8.446267e-02 8.373152e-02 1.541281e-01 4.620362e-01 6.853990e-02 1.369772e-01 1.078681e-01 1.412942e-01 9.040781e-02 
33 826 8.312016e-01 0 0 8.074389e-02 8.326418e-02 1.579701e-01 4.522694e-01 6.783871e-02 1.358904e-01 1.023204e-01 1.388894e-01 8.676010e-02 
34 851 8.249261e-01 0 0 7.826182e-02 8.675070e-02 1.521435e-01 4.582662e-01 6.810873e-02 1.323196e-01 9.946640e-02 1.361869e-01 8.630716e-02 
35 876 7.566753e-01 0 0 6.911433e-02 7.930415e-02 1.362744e-01 4.078541e-01 6.029007e-02 1.178706e-01 9.277033e-02 1.213597e-01 7.893069e-02 
36 901 6.386609e-01 0 0 5.634797e-02 6.782524e-02 1.112466e-01 3.344617e-01 4.914902e-02 9.803397e-02 7.588551e-02 9.842983e-02 6.855905e-02 
37 926 6.250523e-01 0 0 5.306414e-02 6.573306e-02 1.095137e-01 3.188016e-01 4.740509e-02 9.220638e-02 7.668184e-02 9.375997e-02 6.643901e-02 
38 951 6.261671e-01 0 0 5.153622e-02 6.493674e-02 1.075507e-01 3.188905e-01 4.540622e-02 8.936199e-02 7.792832e-02 9.536493e-02 6.685465e-02 
39 976 5.725450e-01 0 0 4.653346e-02 5.781144e-02 9.755535e-02 2.836298e-01 4.112479e-02 8.034342e-02 6.995407e-02 8.610850e-02 5.995434e-02 
40 1001 4.920519e-01 0 0 3.877230e-02 4.827175e-02 8.286128e-02 2.421842e-01 3.483715e-02 6.829392e-02 5.985522e-02 7.206628e-02 5.018963e-02 
41 1026 4.641732e-01 0 0 3.750283e-02 4.557491e-02 7.547039e-02 2.275139e-01 3.223731e-02 6.443052e-02 5.790908e-02 6.809697e-02 4.695132e-02 
42 1051 3.990544e-01 0 0 3.161623e-02 3.779568e-02 6.355343e-02 1.902333e-01 2.708470e-02 5.382491e-02 4.929277e-02 6.057040e-02 4.098957e-02 
43 1076 4.109358e-01 0 0 3.187075e-02 3.880808e-02 6.465813e-02 2.070447e-01 2.845165e-02 5.395387e-02 5.207072e-02 6.231648e-02 4.343881e-02 
44 1101 4.449778e-01 0 0 3.371491e-02 4.143005e-02 6.861750e-02 2.447676e-01 2.999318e-02 5.782809e-02 5.488820e-02 6.675366e-02 4.851330e-02 
45 1126 3.882562e-01 0 0 2.834943e-02 3.516420e-02 6.020606e-02 2.108898e-01 2.585565e-02 5.009672e-02 4.674266e-02 5.792308e-02 4.129974e-02 
46 1151 3.663758e-01 0 0 2.616107e-02 3.399984e-02 5.480282e-02 1.977414e-01 2.393519e-02 4.556925e-02 4.400210e-02 5.292184e-02 3.861384e-02 
47 1176 3.872454e-01 0 0 2.720166e-02 3.664397e-02 5.733420e-02 2.102876e-01 2.633735e-02 4.667653e-02 4.806076e-02 5.488605e-02 4.034824e-02 
48 1201 3.891476e-01 0 0 2.709306e-02 3.621874e-02 5.956155e-02 2.104502e-01 2.776769e-02 4.756173e-02 4.785159e-02 5.623186e-02 3.876490e-02 
49 1226 3.948181e-01 0 0 2.678288e-02 3.689563e-02 5.907536e-02 2.259289e-01 2.785835e-02 4.941238e-02 4.789165e-02 5.937671e-02 4.021044e-02 
50 1251 3.957647e-01 0 0 2.702600e-02 4.021030e-02 5.833631e-02 2.319376e-01 2.772232e-02 5.009825e-02 4.901343e-02 5.903734e-02 4.048233e-02 
51 1276 4.523236e-01 0 0 3.035972e-02 4.882522e-02 6.631626e-02 2.718640e-01 3.135513e-02 5.852872e-02 5.492734e-02 6.799360e-02 5.047443e-02 
52 1301 4.966414e-01 0 0 3.311012e-02 5.266056e-02 7.107547e-02 2.916219e-01 3.683355e-02 6.530478e-02 6.041336e-02 7.203411e-02 5.631741e-02 
53 1326 5.515894e-01 0 0 3.698626e-02 5.865012e-02 8.234896e-02 3.219027e-01 4.022385e-02 7.687913e-02 6.628686e-02 8.027358e-02 6.538374e-02 
54 1351 5.389031e-01 0 0 3.723585e-02 5.674496e-02 8.208052e-02 3.060601e-01 3.882447e-02 7.489436e-02 6.654019e-02 7.746475e-02 6.479523e-02 
55 1376 5.053173e-01 0 0 3.515547e-02 5.189011e-02 7.720649e-02 2.828319e-01 3.647879e-02 6.884225e-02 6.020925e-02 7.076591e-02 5.851444e-02 
56 1401 4.853574e-01 0 0 3.271993e-02 4.835712e-02 7.346077e-02 2.664339e-01 3.421205e-02 6.578342e-02 5.921190e-02 6.568311e-02 5.628526e-02 
57 1426 4.812041e-01 0 0 3.326152e-02 4.809109e-02 7.133159e-02 2.603445e-01 3.286290e-02 6.389767e-02 5.748026e-02 7.009533e-02 5.427581e-02 
58 1451 5.068768e-01 0 0 3.518006e-02 5.142120e-02 7.408126e-02 2.689286e-01 3.492957e-02 7.249640e-02 6.011438e-02 7.602749e-02 5.570507e-02 
59 1476 5.591292e-01 0 0 3.882355e-02 5.673451e-02 8.202622e-02 2.943487e-01 3.813918e-02 7.902294e-02 7.036532e-02 8.095032e-02 6.547712e-02 
60 1501 5.605394e-01 0 0 3.782428e-02 5.783676e-02 8.258078e-02 2.877317e-01 3.761623e-02 7.943104e-02 6.937876e-02 8.051454e-02 6.643682e-02 
61 1526 5.135651e-01 0 0 3.319751e-02 5.218615e-02 7.572629e-02 2.554902e-01 3.445735e-02 7.182527e-02 6.122040e-02 7.255453e-02 5.992717e-02 
62 1551 4.577639e-01 0 0 2.932514e-02 4.662703e-02 6.604945e-02 2.236157e-01 3.119876e-02 6.434567e-02 5.334072e-02 6.346443e-02 5.359259e-02 
63 1576 4.014649e-01 0 0 2.559782e-02 4.051425e-02 5.685799e-02 1.910412e-01 2.732362e-02 5.470198e-02 4.558383e-02 5.564824e-02 4.565775e-02 
64 1601 3.758889e-01 0 0 2.433457e-02 3.685927e-02 5.257069e-02 1.742263e-01 2.523680e-02 5.089740e-02 4.258486e-02 5.110459e-02 4.147180e-02 
65 1626 3.997757e-01 0 0 2.544175e-02 4.009882e-02 5.461313e-02 1.788150e-01 2.617223e-02 5.646394e-02 4.460695e-02 5.513908e-02 4.301391e-02 
66 1651 3.761975e-01 0 0 2.333359e-02 3.677463e-02 5.002604e-02 1.663218e-01 2.509536e-02 5.249083e-02 4.092235e-02 5.122447e-02 3.940213e-02 
67 1676 3.499109e-01 0 0 2.129129e-02 3.339749e-02 4.550212e-02 1.510445e-01 2.353374e-02 4.863722e-02 3.688711e-02 4.608882e-02 3.587526e-02 
68 1701 2.997178e-01 0 0 1.817475e-02 2.797601e-02 3.849118e-02 1.283898e-01 2.045106e-02 4.248823e-02 3.118423e-02 3.909405e-02 3.037046e-02 
69 1726 2.904097e-01 0 0 1.718183e-02 2.647986e-02 3.641988e-02 1.221671e-01 1.889744e-02 4.033470e-02 3.161147e-02 3.694117e-02 2.834688e-02 
70 1751 2.701838e-01 0 0 1.565875e-02 2.500187e-02 3.268485e-02 1.130149e-01 1.789569e-02 3.900294e-02 2.914469e-02 3.390175e-02 2.581253e-02 
71 1776 3.173350e-01 0 0 1.812591e-02 3.237640e-02 4.126392e-02 1.437894e-01 2.075209e-02 4.905382e-02 3.381649e-02 3.858715e-02 3.303976e-02 
72 1801 3.729418e-01 0 0 2.089518e-02 3.977217e-02 4.915345e-02 1.713727e-01 2.443601e-02 5.679515e-02 3.813852e-02 4.476603e-02 4.262037e-02 
73 1826 4.268860e-01 0 0 2.456462e-02 4.597475e-02 5.568874e-02 2.054738e-01 2.759398e-02 6.656528e-02 4.261050e-02 4.970161e-02 5.324971e-02 
74 1851 4.562371e-01 0 0 2.555656e-02 4.796310e-02 5.744686e-02 2.183787e-01 2.913703e-02 6.966612e-02 4.427938e-02 5.303162e-02 5.773899e-02 
75 1876 4.845545e-01 0 0 2.707674e-02 4.893972e-02 5.946841e-02 2.316690e-01 3.070505e-02 7.221091e-02 4.715829e-02 5.465696e-02 6.412326e-02 
76 1901 4.756086e-01 0 0 2.663216e-02 4.758121e-02 5.830854e-02 2.276681e-01 2.929027e-02 6.989038e-02 4.492456e-02 5.325698e-02 6.505846e-02 
77 1926 4.932425e-01 0 0 2.694321e-02 4.946802e-02 6.177535e-02 2.406078e-01 3.004053e-02 7.562312e-02 4.620780e-02 5.441566e-02 7.204333e-02 
78 1951 5.534269e-01 0 0 2.935162e-02 5.574202e-02 6.969843e-02 2.869054e-01 3.348327e-02 8.953360e-02 5.345016e-02 6.004998e-02 8.777206e-02 
79 1976 5.646042e-01 0 0 2.922397e-02 5.531363e-02 7.160498e-02 2.937219e-01 3.308105e-02 8.975883e-02 5.291895e-02 6.007844e-02 8.820276e-02 
80 2001 5.329125e-01 0 0 2.684467e-02 5.026409e-02 6.795224e-02 2.730063e-01 3.138068e-02 8.324199e-02 5.038738e-02 5.448476e-02 8.063901e-02 
81 2026 4.830940e-01 0 0 2.384191e-02 4.450934e-02 6.666295e-02 2.388585e-01 2.852247e-02 7.609085e-02 4.541859e-02 4.803543e-02 7.156962e-02 
82 2051 4.880786e-01 0 0 2.342933e-02 4.342819e-02 6.823149e-02 2.370520e-01 2.764934e-02 7.533464e-02 4.383895e-02 4.675058e-02 7.014103e-02 
83 2076 4.497432e-01 0 0 2.139050e-02 3.880994e-02 6.272628e-02 2.177527e-01 2.744727e-02 7.012887e-02 3.913071e-02 4.264710e-02 6.364560e-02 
84 2101 5.240199e-01 0 0 2.490027e-02 4.375222e-02 7.226462e-02 2.436066e-01 3.674160e-02 8.246726e-02 4.535551e-02 4.913606e-02 7.413361e-02 
85 2126 5.302588e-01 0 0 2.489145e-02 4.291587e-02 7.559975e-02 2.505807e-01 3.646299e-02 8.306733e-02 4.415576e-02 4.860230e-02 7.308169e-02 
86 2151 4.749975e-01 0 0 2.183363e-02 3.703503e-02 6.991586e-02 2.243153e-01 3.246457e-02 7.527918e-02 3.886252e-02 4.239050e-02 6.385805e-02 
87 2176 4.276058e-01 0 0 1.977985e-02 3.271712e-02 6.191142e-02 1.936161e-01 2.882429e-02 6.666788e-02 3.575438e-02 3.730365e-02 5.533906e-02 
88 2201 3.423615e-01 0 0 1.548922e-02 2.581084e-02 4.919511e-02 1.529937e-01 2.252238e-02 5.415846e-02 2.797869e-02 2.883197e-02 4.289336e-02 
89 2226 2.956117e-01 0 0 1.287034e-02 2.166181e-02 4.239987e-02 1.291117e-01 1.915117e-02 4.620064e-02 2.429180e-02 2.445735e-02 3.605906e-02 
90 2251 2.898307e-01 0 0 1.267061e-02 2.137021e-02 4.159770e-02 1.243545e-01 1.802520e-02 4.506398e-02 2.285418e-02 2.306483e-02 3.566634e-02 
91 2276 2.637404e-01 0 0 1.151902e-02 1.905442e-02 3.811251e-02 1.126345e-01 1.606182e-02 4.201360e-02 2.070186e-02 2.044502e-02 3.184496e-02 
92 2301 2.528606e-01 0 0 1.086410e-02 1.744363e-02 3.574282e-02 1.054008e-01 1.517524e-02 3.913393e-02 2.032067e-02 1.910119e-02 2.941607e-02 
93 2326 2.503431e-01 0 0 1.039651e-02 1.724800e-02 3.565911e-02 1.018741e-01 1.547438e-02 3.919563e-02 1.985560e-02 1.868506e-02 2.882491e-02 
94 2351 2.353373e-01 0 0 9.448838e-03 1.569491e-02 3.319454e-02 9.546601e-02 1.516643e-02 3.565399e-02 1.866656e-02 1.788230e-02 2.641161e-02 
95 2376 2.313470e-01 0 0 9.207032e-03 1.537681e-02 3.159925e-02 9.152922e-02 1.456305e-02 3.494558e-02 1.801798e-02 1.795096e-02 2.515217e-02 
96 2401 2.481099e-01 0 0 9.941890e-03 1.594749e-02 3.518057e-02 1.032403e-01 1.559421e-02 3.725350e-02 1.899874e-02 1.990785e-02 2.696609e-02 
97 2426 2.509668e-01 0 0 1.033014e-02 1.579093e-02 3.598902e-02 1.046819e-01 1.618130e-02 3.735245e-02 1.881613e-02 2.025684e-02 2.632821e-02 
98 2451 2.154377e-01 0 0 8.618436e-03 1.314205e-02 3.004713e-02 8.896744e-02 1.356366e-02 3.112351e-02 1.579083e-02 1.713221e-02 2.166417e-02 
99 2476 1.987647e-01 0 0 8.024358e-03 1.194791e-02 2.785153e-02 8.038548e-02 1.229873e-02 2.760439e-02 1.407448e-02 1.565548e-02 1.931607e-02 
100 2501 1.781461e-01 0 0 7.004907e-03 1.046510e-02 2.403249e-02 6.939096e-02 1.074899e-02 2.384298e-02 1.265447e-02 1.386831e-02 1.662985e-02 
101 2526 1.850012e-01 0 0 7.144807e-03 1.066511e-02 2.484998e-02 7.062597e-02 1.079855e-02 2.471639e-02 1.307913e-02 1.456251e-02 1.661904e-02 
102 2551 1.982951e-01 0 0 7.445496e-03 1.129852e-02 2.566955e-02 7.340740e-02 1.159513e-02 2.572750e-02 1.510996e-02 1.566065e-02 1.701671e-02 
103 2576 2.314864e-01 0 0 8.437741e-03 1.287644e-02 2.930210e-02 8.951779e-02 1.329301e-02 3.072023e-02 1.974162e-02 1.836282e-02 1.896370e-02 
104 2601 2.511882e-01 0 0 9.061939e-03 1.374290e-02 3.191075e-02 9.734680e-02 1.495614e-02 3.391359e-02 2.196607e-02 2.000579e-02 1.961595e-02 
105 2626 2.566634e-01 0 0 9.179390e-03 1.360033e-02 3.184439e-02 9.883121e-02 1.542371e-02 3.458208e-02 2.329532e-02 1.985789e-02 1.920746e-02 
106 2651 2.995201e-01 0 0 1.047961e-02 1.577131e-02 3.748878e-02 1.129599e-01 1.759014e-02 4.159262e-02 3.084781e-02 2.261586e-02 2.146241e-02 
107 2676 3.142639e-01 0 0 1.111911e-02 1.626961e-02 3.984291e-02 1.163124e-01 1.829791e-02 4.372596e-02 3.429107e-02 2.313688e-02 2.174625e-02 
108 2701 3.656569e-01 0 0 1.358771e-02 1.866755e-02 4.614615e-02 1.343067e-01 2.073544e-02 5.070190e-02 4.443269e-02 2.821248e-02 2.420285e-02 
109 2726 3.651559e-01 0 0 1.351874e-02 1.809965e-02 4.498258e-02 1.350725e-01 2.034414e-02 5.048085e-02 4.660542e-02 2.783835e-02 2.307613e-02 
110 2751 3.913252e-01 0 0 1.447651e-02 1.920676e-02 4.768306e-02 1.438863e-01 2.386522e-02 5.329447e-02 5.054490e-02 3.123245e-02 2.368025e-02 
111 2776 3.714370e-01 0 0 1.350664e-02 1.814446e-02 4.578298e-02 1.391975e-01 2.303496e-02 5.251066e-02 4.950265e-02 2.938139e-02 2.158910e-02 
112 2801 3.174791e-01 0 0 1.118431e-02 1.510065e-02 3.748602e-02 1.158936e-01 1.946543e-02 4.362536e-02 4.151008e-02 2.448999e-02 1.770332e-02 
113 2826 3.141829e-01 0 0 1.120244e-02 1.480604e-02 3.706197e-02 1.118009e-01 1.953626e-02 4.425894e-02 4.107693e-02 2.356503e-02 1.694142e-02 
114 2851 2.637543e-01 0 0 9.594263e-03 1.228276e-02 2.985051e-02 9.145459e-02 1.623743e-02 3.749896e-02 3.434834e-02 1.901218e-02 1.388529e-02 
115 2876 2.527861e-01 0 0 8.927749e-03 1.166247e-02 2.869536e-02 8.441210e-02 1.579129e-02 3.479060e-02 3.244318e-02 1.854619e-02 1.297174e-02 
116 2901 2.332150e-01 0 0 7.945608e-03 1.051294e-02 2.563742e-02 7.667160e-02 1.455990e-02 3.128969e-02 2.887387e-02 1.662867e-02 1.158575e-02 
117 2926 2.229610e-01 0 0 7.348928e-03 9.747353e-03 2.413213e-02 7.398332e-02 1.352205e-02 2.988074e-02 2.693761e-02 1.611453e-02 1.060616e-02 
118 2951 2.177678e-01 0 0 7.259901e-03 9.212785e-03 2.269639e-02 7.269438e-02 1.308108e-02 3.052536e-02 2.585774e-02 1.535119e-02 9.874939e-03 
119 2976 2.175680e-01 0 0 7.280901e-03 9.079952e-03 2.207933e-02 7.161962e-02 1.273925e-02 3.028768e-02 2.515383e-02 1.503504e-02 9.431762e-03 
120 3001 2.398643e-01 0 0 8.648938e-03 9.938193e-03 2.414775e-02 7.863447e-02 1.517154e-02 3.437472e-02 3.011611e-02 1.607940e-02 1.007098e-02 
121 3026 2.193459e-01 0 0 7.942391e-03 8.781431e-03 2.253583e-02 7.456918e-02 1.412016e-02 3.232619e-02 2.737008e-02 1.467302e-02 8.920158e-03 
122 3051 2.147925e-01 0 0 7.645486e-03 8.276277e-03 2.132577e-02 7.236108e-02 1.380855e-02 3.091697e-02 2.612524e-02 1.391959e-02 8.519544e-03 
123 3076 2.026178e-01 0 0 7.033030e-03 7.638966e-03 2.068341e-02 6.897919e-02 1.278926e-02 2.897018e-02 2.474837e-02 1.280486e-02 7.727119e-03 
124 3101 1.843669e-01 0 0 6.155118e-03 6.781523e-03 1.850386e-02 6.111472e-02 1.136297e-02 2.562466e-02 2.205747e-02 1.127802e-02 6.759854e-03 
125 3126 1.621318e-01 0 0 5.218638e-03 5.968201e-03 1.571915e-02 5.334408e-02 9.833065e-03 2.192040e-02 1.852541e-02 1.022498e-02 5.674562e-03 
126 3151 1.562125e-01 0 0 5.197785e-03 5.910381e-03 1.524789e-02 5.293512e-02 9.221231e-03 2.214406e-02 1.750036e-02 9.701010e-03 5.292588e-03 
127 3176 1.344140e-01 0 0 4.298275e-03 5.063973e-03 1.318303e-02 4.705205e-02 7.866046e-03 1.934097e-02 1.512415e-02 8.218872e-03 4.373225e-03 
128 3201 1.233627e-01 0 0 3.991858e-03 4.535295e-03 1.200495e-02 4.219121e-02 7.043875e-03 1.742979e-02 1.369923e-02 7.362730e-03 3.827393e-03 
129 3226 1.067752e-01 0 0 3.397166e-03 3.802965e-03 1.056413e-02 3.551417e-02 5.832716e-03 1.477559e-02 1.158107e-02 6.251733e-03 3.177044e-03 
130 3251 1.095825e-01 0 0 3.444579e-03 3.801436e-03 1.062465e-02 3.589999e-02 5.907467e-03 1.457657e-02 1.217736e-02 6.222327e-03 3.101739e-03 
131 3276 1.146000e-01 0 0 3.463624e-03 3.849228e-03 1.108473e-02 3.847687e-02 6.266441e-03 1.491405e-02 1.268965e-02 6.383070e-03 3.099814e-03 
132 3301 1.102743e-01 0 0 3.271875e-03 3.624389e-03 1.067110e-02 3.636190e-02 5.960554e-03 1.383939e-02 1.197684e-02 6.183440e-03 2.854351e-03 
133 3326 1.057981e-01 0 0 3.116045e-03 3.367478e-03 9.901914e-03 3.481220e-02 5.728603e-03 1.329189e-02 1.129263e-02 5.763592e-03 2.653745e-03 
134 3351 1.006229e-01 0 0 2.930087e-03 3.120896e-03 9.064360e-03 3.183980e-02 5.473831e-03 1.220326e-02 1.062846e-02 5.536873e-03 2.413714e-03 
135 3376 9.314790e-02 0 0 2.728282e-03 2.808783e-03 8.235791e-03 2.899170e-02 5.109248e-03 1.089495e-02 9.742941e-03 4.928716e-03 2.165972e-03 
136 3401 8.533364e-02 0 0 2.443114e-03 2.522793e-03 7.726365e-03 2.629880e-02 4.731049e-03 9.707435e-03 8.872060e-03 4.413401e-03 1.944677e-03 
137 3426 7.945731e-02 0 0 2.249661e-03 2.279139e-03 7.079674e-03 2.417587e-02 4.343499e-03 9.014389e-03 8.068121e-03 4.000680e-03 1.813934e-03 
138 3451 7.448596e-02 0 0 2.079110e-03 2.087089e-03 6.604226e-03 2.213276e-02 4.012473e-03 8.384902e-03 7.783900e-03 3.781498e-03 1.658161e-03 
139 3476 7.700233e-02 0 0 2.080118e-03 2.164154e-03 6.600445e-03 2.246974e-02 4.072288e-03 8.333900e-03 8.005314e-03 3.919052e-03 1.669918e-03 
140 3501 6.992477e-02 0 0 1.852658e-03 1.929162e-03 5.966350e-03 2.096345e-02 3.711842e-03 7.521112e-03 7.605639e-03 3.648166e-03 1.470648e-03 
141 3526 7.005564e-02 0 0 1.915571e-03 1.864903e-03 5.790368e-03 2.039287e-02 3.737161e-03 7.448050e-03 7.506425e-03 3.570346e-03 1.413070e-03 
142 3551 8.026850e-02 0 0 2.153076e-03 2.091800e-03 6.569624e-03 2.312550e-02 4.600255e-03 8.402266e-03 8.943924e-03 4.169981e-03 1.578655e-03 
143 3576 7.601767e-02 0 0 1.996632e-03 2.023574e-03 6.083242e-03 2.188119e-02 4.376748e-03 7.783855e-03 8.440830e-03 3.893737e-03 1.438927e-03 
144 3601 6.951434e-02 0 0 1.788264e-03 1.875517e-03 5.482757e-03 1.938105e-02 3.974756e-03 6.951265e-03 7.858066e-03 3.508103e-03 1.288681e-03 
145 3626 6.898906e-02 0 0 1.723594e-03 1.855409e-03 5.575653e-03 1.930542e-02 3.968218e-03 6.815422e-03 7.699206e-03 3.482570e-03 1.256388e-03 
146 3651 7.243186e-02 0 0 1.870883e-03 1.947965e-03 5.746093e-03 2.009017e-02 4.165400e-03 7.421269e-03 8.141524e-03 3.557064e-03 1.314707e-03 
147 3676 6.841983e-02 0 0 1.744760e-03 1.810390e-03 5.327307e-03 1.837780e-02 4.021794e-03 7.048413e-03 7.777898e-03 3.334500e-03 1.243910e-03 
148 3701 7.081499e-02 0 0 1.791888e-03 1.897072e-03 5.394332e-03 1.879423e-02 4.273062e-03 7.159185e-03 8.091985e-03 3.543594e-03 1.241899e-03 
149 3726 6.686334e-02 0 0 1.724870e-03 1.795687e-03 5.097971e-03 1.741450e-02 3.946389e-03 6.828590e-03 7.684072e-03 3.252220e-03 1.141549e-03 
150 3751 6.403348e-02 0 0 1.608761e-03 1.656751e-03 4.766250e-03 1.630892e-02 3.749943e-03 6.405612e-03 7.298216e-03 3.014488e-03 1.050067e-03 
151 3776 5.585279e-02 0 0 1.361961e-03 1.402064e-03 3.997779e-03 1.393612e-02 3.286749e-03 5.529329e-03 6.254803e-03 2.542423e-03 8.849139e-04 
152 3801 5.566333e-02 0 0 1.407077e-03 1.357674e-03 4.036506e-03 1.433102e-02 3.278275e-03 5.851608e-03 6.148414e-03 2.485341e-03 8.540042e-04 
153 3826 5.119762e-02 0 0 1.343639e-03 1.237660e-03 3.771273e-03 1.333660e-02 3.014629e-03 5.582907e-03 5.741302e-03 2.244929e-03 7.692952e-04 
154 3851 5.107731e-02 0 0 1.329420e-03 1.292802e-03 3.788412e-03 1.306649e-02 2.992299e-03 5.559121e-03 5.589596e-03 2.180908e-03 7.662797e-04 
155 3876 5.319257e-02 0 0 1.489484e-03 1.311822e-03 3.890911e-03 1.366837e-02 3.044177e-03 5.751177e-03 5.620197e-03 2.287243e-03 7.756381e-04 
156 3901 5.656647e-02 0 0 1.649290e-03 1.415324e-03 4.056901e-03 1.431998e-02 3.180741e-03 6.400408e-03 5.846032e-03 2.383287e-03 7.979697e-04 
157 3926 5.976918e-02 0 0 1.882356e-03 1.489183e-03 4.267085e-03 1.500835e-02 3.483206e-03 6.918197e-03 6.370104e-03 2.546016e-03 8.519181e-04 
158 3951 5.865735e-02 0 0 1.921922e-03 1.481438e-03 4.106535e-03 1.467130e-02 3.565695e-03 6.685002e-03 6.046976e-03 2.521700e-03 8.281924e-04 
159 3976 5.618716e-02 0 0 1.834984e-03 1.394658e-03 4.132326e-03 1.399263e-02 3.349812e-03 6.568315e-03 5.684102e-03 2.432029e-03 7.810937e-04 
160 4001 6.032733e-02 0 0 1.973320e-03 1.471678e-03 4.437004e-03 1.463938e-02 3.512501e-03 7.340708e-03 6.045583e-03 2.574874e-03 8.189641e-04 
161 4026 6.083908e-02 0 0 1.949639e-03 1.478792e-03 4.477331e-03 1.525492e-02 3.509900e-03 7.465152e-03 6.224164e-03 2.510620e-03 8.357638e-04 
162 4051 5.736783e-02 0 0 1.804908e-03 1.421460e-03 4.200581e-03 1.404355e-02 3.311268e-03 6.884047e-03 5.976463e-03 2.362767e-03 7.853589e-04 
163 4076 4.842635e-02 0 0 1.482001e-03 1.222171e-03 3.535074e-03 1.143878e-02 2.742813e-03 5.660882e-03 4.898001e-03 1.980928e-03 6.645363e-04 
164 4101 4.382237e-02 0 0 1.340925e-03 1.145586e-03 3.291281e-03 1.022605e-02 2.591777e-03 5.248908e-03 4.773925e-03 1.782787e-03 6.154957e-04 
165 4126 4.139604e-02 0 0 1.256882e-03 1.098477e-03 3.102558e-03 9.430104e-03 2.433413e-03 5.032759e-03 4.356894e-03 1.704468e-03 5.918999e-04 
166 4151 4.253110e-02 0 0 1.323301e-03 1.106975e-03 3.274092e-03 9.642513e-03 2.502808e-03 5.114380e-03 4.402708e-03 1.702305e-03 5.887206e-04 
167 4176 4.698552e-02 0 0 1.407778e-03 1.182274e-03 3.583189e-03 1.030964e-02 2.750424e-03 5.438369e-03 5.002428e-03 1.923414e-03 6.475628e-04 
168 4201 4.536051e-02 0 0 1.322998e-03 1.117117e-03 3.393240e-03 9.753190e-03 2.655419e-03 5.059227e-03 4.707355e-03 1.863486e-03 6.183921e-04 
169 4226 4.004964e-02 0 0 1.175706e-03 9.646989e-04 2.911395e-03 8.524217e-03 2.301424e-03 4.450388e-03 4.130141e-03 1.638512e-03 5.305333e-04 
170 4251 3.959923e-02 0 0 1.161018e-03 9.542987e-04 2.831297e-03 8.694307e-03 2.191551e-03 4.432823e-03 3.985210e-03 1.639525e-03 5.368228e-04 
171 4276 4.002413e-02 0 0 1.247880e-03 9.767935e-04 2.975776e-03 8.753433e-03 2.178193e-03 4.725923e-03 4.037501e-03 1.628725e-03 5.419025e-04 
172 4301 4.106068e-02 0 0 1.255851e-03 1.074448e-03 2.946360e-03 8.849838e-03 2.209821e-03 4.761442e-03 4.091195e-03 1.667984e-03 5.758379e-04 
173 4326 4.167504e-02 0 0 1.286516e-03 1.077595e-03 2.985781e-03 9.090552e-03 2.236174e-03 4.778460e-03 4.064736e-03 1.710704e-03 5.726229e-04 
174 4351 4.300970e-02 0 0 1.303157e-03 1.179446e-03 3.085486e-03 9.655855e-03 2.258482e-03 4.833043e-03 4.223979e-03 1.925882e-03 5.852094e-04 
175 4376 4.242951e-02 0 0 1.315159e-03 1.131684e-03 3.022573e-03 9.648020e-03 2.163250e-03 4.731755e-03 4.126509e-03 1.849995e-03 5.911150e-04 
176 4401 3.651965e-02 0 0 1.115008e-03 9.447250e-04 2.560648e-03 8.025616e-03 1.851798e-03 3.950577e-03 3.415476e-03 1.556415e-03 5.003012e-04 
177 4426 3.080816e-02 0 0 9.278139e-04 7.878024e-04 2.159073e-03 6.578760e-03 1.536502e-03 3.247007e-03 2.823412e-03 1.316281e-03 4.088895e-04 
178 4451 2.886859e-02 0 0 8.385742e-04 7.970342e-04 2.102221e-03 6.037900e-03 1.393099e-03 3.041828e-03 2.609484e-03 1.218202e-03 3.729355e-04 
179 4476 2.894399e-02 0 0 8.467634e-04 7.823641e-04 2.082515e-03 6.028450e-03 1.382587e-03 2.975120e-03 2.591104e-03 1.218253e-03 3.688983e-04 
180 4501 2.944736e-02 0 0 8.629727e-04 7.845735e-04 2.079205e-03 6.051045e-03 1.455066e-03 2.949353e-03 2.764091e-03 1.215478e-03 3.701851e-04 
181 4526 3.039024e-02 0 0 8.801163e-04 8.214000e-04 2.153390e-03 6.062770e-03 1.507775e-03 2.978145e-03 2.821048e-03 1.276925e-03 3.775516e-04 
182 4551 2.966681e-02 0 0 8.377786e-04 7.764482e-04 2.037547e-03 5.897392e-03 1.436357e-03 2.825633e-03 2.718642e-03 1.278639e-03 3.588378e-04 
183 4576 3.112595e-02 0 0 9.270455e-04 8.268830e-04 2.153472e-03 6.105261e-03 1.494204e-03 2.969379e-03 2.802271e-03 1.391668e-03 3.767923e-04 
184 4601 3.302865e-02 0 0 1.013523e-03 8.823861e-04 2.276892e-03 6.737367e-03 1.630399e-03 3.128097e-03 3.042898e-03 1.578466e-03 4.024022e-04 
185 4626 3.493128e-02 0 0 1.119144e-03 9.141712e-04 2.565818e-03 6.991181e-03 1.713946e-03 3.424991e-03 3.279673e-03 1.696597e-03 4.259719e-04 
186 4651 3.454463e-02 0 0 1.099315e-03 8.905347e-04 2.632254e-03 6.823176e-03 1.639969e-03 3.412694e-03 3.203034e-03 1.643621e-03 4.107253e-04 
187 4676 3.471391e-02 0 0 1.066450e-03 9.150968e-04 2.568815e-03 6.944596e-03 1.599051e-03 3.354523e-03 3.225759e-03 1.687838e-03 4.307703e-04 
188 4701 3.174651e-02 0 0 9.785932e-04 8.073815e-04 2.276132e-03 6.268714e-03 1.475155e-03 2.968298e-03 2.916586e-03 1.519147e-03 3.987074e-04 
189 4726 3.383816e-02 0 0 1.040993e-03 8.337680e-04 2.346551e-03 6.435127e-03 1.643203e-03 3.089180e-03 3.051172e-03 1.558574e-03 4.080112e-04 
190 4751 3.050008e-02 0 0 9.463405e-04 7.276467e-04 2.127967e-03 5.618850e-03 1.518751e-03 2.776354e-03 2.732090e-03 1.369904e-03 3.629023e-04 
191 4776 3.159787e-02 0 0 9.938499e-04 7.676546e-04 2.228428e-03 5.900830e-03 1.660416e-03 2.844096e-03 2.841869e-03 1.443297e-03 3.729913e-04 
192 4801 3.242201e-02 0 0 1.007415e-03 7.800388e-04 2.204315e-03 6.776825e-03 1.666793e-03 2.857603e-03 2.936009e-03 1.526192e-03 3.700460e-04 
193 4826 3.505570e-02 0 0 1.053308e-03 8.352129e-04 2.333303e-03 7.582185e-03 1.828689e-03 2.991487e-03 3.234174e-03 1.719809e-03 3.960502e-04 
194 4851 3.814555e-02 0 0 1.118284e-03 8.869701e-04 2.523595e-03 8.510458e-03 2.029383e-03 3.177179e-03 3.819547e-03 1.907843e-03 4.264220e-04 
195 4876 3.608414e-02 0 0 1.046327e-03 8.052830e-04 2.334271e-03 8.002741e-03 1.976924e-03 2.911213e-03 3.693716e-03 1.761136e-03 3.980574e-04 
196 4901 3.848009e-02 0 0 1.084105e-03 8.336826e-04 2.403528e-03 8.382076e-03 2.045152e-03 2.969913e-03 3.788048e-03 1.897778e-03 4.447245e-04 
197 4926 3.830207e-02 0 0 1.033709e-03 8.118515e-04 2.350288e-03 8.580525e-03 1.999707e-03 2.918554e-03 3.678997e-03 1.925182e-03 4.412418e-04 
198 4951 3.715408e-02 0 0 1.018581e-03 7.848881e-04 2.323614e-03 8.260885e-03 2.004749e-03 2.854465e-03 3.578314e-03 1.835094e-03 4.345387e-04 
199 4976 3.277400e-02 0 0 8.772182e-04 6.685192e-04 1.988034e-03 7.097842e-03 1.728769e-03 2.463299e-03 3.084028e-03 1.561188e-03 3.812268e-04 
200 5001 3.087252e-02 0 0 8.213039e-04 6.449802e-04 1.906957e-03 6.756026e-03 1.683290e-03 2.253497e-03 2.930153e-03 1.543419e-03 3.856407e-04 
201 5026 3.286778e-02 0 0 8.788662e-04 6.727299e-04 1.968324e-03 6.991277e-03 1.752232e-03 2.390985e-03 3.230415e-03 1.595290e-03 4.090848e-04 
202 5051 3.464304e-02 0 0 9.193358e-04 6.888582e-04 2.069422e-03 7.144174e-03 1.777583e-03 2.564973e-03 3.469868e-03 1.622230e-03 4.285122e-04 
203 5076 3.598413e-02 0 0 1.036765e-03 6.946479e-04 2.225561e-03 7.133966e-03 1.969694e-03 2.715985e-03 3.548456e-03 1.632910e-03 4.327565e-04 
204 5101 3.198642e-02 0 0 9.421871e-04 6.214295e-04 2.046027e-03 6.119092e-03 1.741254e-03 2.511694e-03 3.072342e-03 1.411932e-03 3.712576e-04 
205 5126 3.287927e-02 0 0 9.548355e-04 6.167702e-04 2.211632e-03 6.314186e-03 1.788813e-03 2.574079e-03 3.100321e-03 1.483741e-03 3.823769e-04 
206 5151 3.081196e-02 0 0 9.355195e-04 5.647767e-04 2.072796e-03 5.902843e-03 1.663560e-03 2.446849e-03 2.940621e-03 1.426109e-03 3.556929e-04 
207 5176 3.010030e-02 0 0 9.139791e-04 5.478931e-04 2.230943e-03 5.821115e-03 1.645353e-03 2.403567e-03 2.872889e-03 1.381495e-03 3.390783e-04 
208 5201 2.856636e-02 0 0 8.657304e-04 5.062508e-04 2.164267e-03 5.479310e-03 1.552086e-03 2.293547e-03 2.662498e-03 1.316802e-03 3.228074e-04 
209 5226 2.744995e-02 0 0 8.176239e-04 4.717818e-04 2.051811e-03 5.305387e-03 1.480012e-03 2.195015e-03 2.659142e-03 1.244376e-03 3.083613e-04 
210 5251 2.386272e-02 0 0 7.012638e-04 4.003995e-04 1.760179e-03 4.541858e-03 1.285703e-03 1.889416e-03 2.323759e-03 1.051290e-03 2.581820e-04 
211 5276 2.379680e-02 0 0 6.797894e-04 3.977280e-04 1.781610e-03 4.538031e-03 1.276163e-03 1.889995e-03 2.305836e-03 1.017589e-03 2.687675e-04 
212 5301 2.195004e-02 0 0 6.251295e-04 3.611158e-04 1.661542e-03 4.208621e-03 1.238677e-03 1.700918e-03 2.130573e-03 9.244170e-04 2.435978e-04 
213 5326 2.608726e-02 0 0 7.374709e-04 4.704124e-04 1.966217e-03 5.035488e-03 1.511402e-03 2.013465e-03 2.450646e-03 1.084947e-03 2.961925e-04 
214 5351 2.587394e-02 0 0 7.306376e-04 4.727821e-04 1.969701e-03 5.053666e-03 1.524704e-03 1.964651e-03 2.388790e-03 1.083041e-03 2.858150e-04 
215 5376 2.436497e-02 0 0 6.812362e-04 4.400220e-04 1.837758e-03 4.686850e-03 1.422379e-03 1.829203e-03 2.212652e-03 9.986070e-04 2.593860e-04 
216 5401 2.431284e-02 0 0 6.871636e-04 4.476450e-04 1.916258e-03 4.641630e-03 1.467322e-03 1.845895e-03 2.166993e-03 1.004878e-03 2.491178e-04 
217 5426 2.447235e-02 0 0 7.037187e-04 4.522390e-04 1.930978e-03 4.570417e-03 1.506973e-03 1.875792e-03 2.192400e-03 1.019495e-03 2.475341e-04 
218 5451 2.070311e-02 0 0 5.922380e-04 3.925959e-04 1.592811e-03 3.833625e-03 1.271295e-03 1.576036e-03 1.821364e-03 8.351899e-04 2.026669e-04 
219 5476 1.774919e-02 0 0 4.910116e-04 3.346587e-04 1.368174e-03 3.284610e-03 1.047582e-03 1.336315e-03 1.541635e-03 6.957847e-04 1.694688e-04 
220 5501 1.539816e-02 0 0 4.172562e-04 2.800921e-04 1.156783e-03 2.811904e-03 8.834348e-04 1.137643e-03 1.313503e-03 5.893809e-04 1.460379e-04 
221 5526 1.410895e-02 0 0 3.805254e-04 2.469900e-04 1.045520e-03 2.554829e-03 8.026929e-04 1.023896e-03 1.183476e-03 5.335920e-04 1.309512e-04 
222 5551 1.556483e-02 0 0 4.099770e-04 2.633813e-04 1.116013e-03 2.846219e-03 9.096758e-04 1.090604e-03 1.337036e-03 5.786845e-04 1.487857e-04 
223 5576 1.909473e-02 0 0 5.053659e-04 3.179261e-04 1.342561e-03 3.521243e-03 1.098388e-03 1.309137e-03 1.683059e-03 6.989227e-04 1.836246e-04 
224 5601 2.212740e-02 0 0 5.647633e-04 3.781776e-04 1.556343e-03 3.968968e-03 1.245187e-03 1.582212e-03 1.884705e-03 7.971750e-04 2.109230e-04 
225 5626 2.093028e-02 0 0 5.208174e-04 3.506485e-04 1.471192e-03 3.743293e-03 1.143501e-03 1.444681e-03 1.757998e-03 7.524323e-04 2.020013e-04 
226 5651 2.123760e-02 0 0 5.410914e-04 3.426368e-04 1.489056e-03 3.689138e-03 1.144009e-03 1.467325e-03 1.738379e-03 7.530217e-04 2.033075e-04 
227 5676 2.022639e-02 0 0 5.266146e-04 3.327369e-04 1.420701e-03 3.459745e-03 1.056662e-03 1.433905e-03 1.623717e-03 7.226605e-04 1.905776e-04 
228 5701 2.233661e-02 0 0 5.634008e-04 3.825836e-04 1.522031e-03 3.803096e-03 1.166047e-03 1.583468e-03 1.792781e-03 8.057948e-04 2.129220e-04 
229 5726 2.049747e-02 0 0 5.007089e-04 3.466917e-04 1.374370e-03 3.490975e-03 1.042780e-03 1.420642e-03 1.614492e-03 7.438119e-04 1.974973e-04 
230 5751 2.307479e-02 0 0 5.923442e-04 3.884330e-04 1.648233e-03 3.830368e-03 1.241838e-03 1.678074e-03 1.787200e-03 8.348907e-04 2.286403e-04 
231 5776 2.351593e-02 0 0 6.183208e-04 3.866454e-04 1.690622e-03 3.854919e-03 1.256618e-03 1.711315e-03 1.790180e-03 8.240541e-04 2.278615e-04 
232 5801 2.413369e-02 0 0 6.396356e-04 3.957074e-04 1.752119e-03 3.862541e-03 1.299283e-03 1.749734e-03 1.911090e-03 8.276417e-04 2.311748e-04 
233 5826 2.422549e-02 0 0 6.344815e-04 4.080373e-04 1.753886e-03 3.945984e-03 1.289660e-03 1.776120e-03 1.872443e-03 8.214499e-04 2.243614e-04 
234 5851 2.424210e-02 0 0 6.324576e-04 4.086468e-04 1.775342e-03 3.864450e-03 1.250568e-03 1.821460e-03 1.881841e-03 8.027364e-04 2.197379e-04 
235 5876 2.363801e-02 0 0 6.323000e-04 3.833818e-04 1.823241e-03 3.881977e-03 1.293902e-03 1.800518e-03 1.832963e-03 8.243451e-04 2.176768e-04 
236 5901 2.277589e-02 0 0 6.404268e-04 3.589577e-04 1.772263e-03 3.642871e-03 1.270025e-03 1.802634e-03 1.730544e-03 7.785439e-04 2.086059e-04 
237 5926 2.084735e-02 0 0 5.944696e-04 3.229139e-04 1.614236e-03 3.311551e-03 1.169821e-03 1.626703e-03 1.530953e-03 7.060450e-04 1.877048e-04 
238 5951 2.162048e-02 0 0 6.003410e-04 3.459597e-04 1.667973e-03 3.450211e-03 1.203039e-03 1.677034e-03 1.540914e-03 7.220754e-04 1.989795e-04 
239 5976 2.305547e-02 0 0 6.398772e-04 3.593644e-04 1.737670e-03 3.725053e-03 1.346275e-03 1.741025e-03 1.821598e-03 7.892158e-04 2.158954e-04 
240 6001 2.326083e-02 0 0 6.417113e-04 3.644127e-04 1.709618e-03 3.646064e-03 1.358751e-03 1.720802e-03 1.847721e-03 7.793931e-04 2.171662e-04 
241 6026 2.212714e-02 0 0 6.141400e-04 3.366602e-04 1.598413e-03 3.529230e-03 1.268455e-03 1.622175e-03 1.745102e-03 7.331716e-04 2.013793e-04 
242 6051 2.532152e-02 0 0 7.050268e-04 3.768793e-04 1.879001e-03 4.191530e-03 1.485285e-03 1.804818e-03 1.937911e-03 8.582286e-04 2.375472e-04 
243 6076 2.626522e-02 0 0 7.122961e-04 3.960071e-04 1.888651e-03 4.402129e-03 1.503200e-03 1.808269e-03 2.005577e-03 8.649591e-04 2.408819e-04 
244 6101 2.482435e-02 0 0 6.518085e-04 3.762318e-04 1.760549e-03 4.180886e-03 1.427974e-03 1.676532e-03 1.912026e-03 8.948493e-04 2.283785e-04 
245 6126 2.660782e-02 0 0 6.977460e-04 3.998305e-04 1.850848e-03 4.613330e-03 1.526618e-03 1.731078e-03 2.030858e-03 9.440141e-04 2.427443e-04 
246 6151 2.870515e-02 0 0 7.485170e-04 4.210625e-04 1.966676e-03 4.954410e-03 1.636092e-03 1.816485e-03 2.162487e-03 1.010686e-03 2.522537e-04 
247 6176 2.833438e-02 0 0 7.640357e-04 4.099676e-04 2.074953e-03 5.044487e-03 1.709560e-03 1.925843e-03 2.128305e-03 1.041812e-03 2.537002e-04 
248 6201 2.981257e-02 0 0 7.953449e-04 4.245370e-04 2.159774e-03 5.228262e-03 1.825285e-03 2.009906e-03 2.375788e-03 1.114378e-03 2.586600e-04 
249 6226 3.308896e-02 0 0 9.358366e-04 4.670126e-04 2.311325e-03 5.645936e-03 2.113493e-03 2.201909e-03 2.635202e-03 1.216582e-03 2.795449e-04 
250 6251 3.323219e-02 0 0 9.411278e-04 4.889966e-04 2.326237e-03 5.657985e-03 2.117866e-03 2.288450e-03 2.600941e-03 1.196438e-03 2.740117e-04 
251 6276 3.176742e-02 0 0 8.750327e-04 4.984706e-04 2.304987e-03 5.712721e-03 1.954477e-03 2.245813e-03 2.460012e-03 1.124202e-03 2.585863e-04 
252 6301 3.123514e-02 0 0 8.612620e-04 4.998588e-04 2.196866e-03 5.479585e-03 1.899648e-03 2.145313e-03 2.357724e-03 1.101550e-03 2.474309e-04 
253 6326 3.027047e-02 0 0 8.144419e-04 4.761498e-04 2.070129e-03 5.268713e-03 1.785210e-03 2.047643e-03 2.262179e-03 1.075432e-03 2.336997e-04 
254 6351 3.019385e-02 0 0 7.979774e-04 4.729091e-04 2.029504e-03 5.321781e-03 1.740923e-03 1.990796e-03 2.291371e-03 1.072156e-03 2.261180e-04 
255 6376 3.195170e-02 0 0 8.394754e-04 4.881795e-04 2.167108e-03 5.557254e-03 1.856575e-03 2.125644e-03 2.523063e-03 1.176540e-03 2.421286e-04 
256 6401 3.115218e-02 0 0 7.981411e-04 4.678273e-04 2.056580e-03 5.274315e-03 1.801464e-03 2.010630e-03 2.513394e-03 1.116553e-03 2.340808e-04 
257 6426 3.034257e-02 0 0 7.681410e-04 4.716697e-04 1.969884e-03 5.055383e-03 1.721990e-03 1.921137e-03 2.471743e-03 1.058712e-03 2.230238e-04 
258 6451 3.144805e-02 0 0 8.151048e-04 4.802358e-04 2.038202e-03 5.219620e-03 1.763927e-03 1.987056e-03 2.550632e-03 1.088918e-03 2.282370e-04 
259 6476 3.364991e-02 0 0 9.444619e-04 5.098191e-04 2.341635e-03 5.775457e-03 2.012117e-03 2.233498e-03 2.760239e-03 1.204612e-03 2.432972e-04 
260 6501 3.184390e-02 0 0 9.109204e-04 4.673406e-04 2.230214e-03 5.345313e-03 1.928279e-03 2.120267e-03 2.563496e-03 1.105762e-03 2.291515e-04 
261 6526 3.130236e-02 0 0 9.128902e-04 4.624311e-04 2.142964e-03 5.198172e-03 1.901811e-03 2.054696e-03 2.439777e-03 1.049383e-03 2.176071e-04 
262 6551 3.450906e-02 0 0 1.006971e-03 4.947942e-04 2.378022e-03 5.720570e-03 2.093821e-03 2.219772e-03 2.660917e-03 1.158727e-03 2.356352e-04 
263 6576 3.515742e-02 0 0 1.057336e-03 4.983883e-04 2.369049e-03 5.585483e-03 2.174171e-03 2.218136e-03 2.616659e-03 1.160683e-03 2.361939e-04 
264 6601 3.621335e-02 0 0 1.075831e-03 5.090244e-04 2.355692e-03 5.670967e-03 2.190727e-03 2.197801e-03 2.823036e-03 1.153717e-03 2.380098e-04 
265 6626 3.812699e-02 0 0 1.099935e-03 5.741231e-04 2.422826e-03 5.786424e-03 2.219189e-03 2.375447e-03 2.861559e-03 1.189853e-03 2.577029e-04 
266 6651 4.021541e-02 0 0 1.226249e-03 6.114021e-04 2.492836e-03 6.017970e-03 2.426517e-03 2.409632e-03 2.906265e-03 1.224074e-03 2.765307e-04 
267 6676 4.065310e-02 0 0 1.246180e-03 6.276872e-04 2.503330e-03 5.906993e-03 2.420721e-03 2.404356e-03 2.851698e-03 1.208678e-03 2.831176e-04 
268 6701 4.601472e-02 0 0 1.437376e-03 6.948118e-04 2.955192e-03 6.689308e-03 2.871333e-03 2.750045e-03 3.418318e-03 1.429438e-03 3.209657e-04 
269 6726 4.935868e-02 0 0 1.517385e-03 8.038691e-04 3.294162e-03 7.060111e-03 3.049075e-03 2.993256e-03 3.698816e-03 1.521794e-03 3.415275e-04 
270 6751 4.581143e-02 0 0 1.356647e-03 7.445906e-04 3.065584e-03 6.619661e-03 2.743692e-03 2.817094e-03 3.375747e-03 1.393833e-03 3.128425e-04 
271 6776 4.989728e-02 0 0 1.459414e-03 8.183117e-04 3.262198e-03 7.546064e-03 2.878700e-03 3.082766e-03 3.672156e-03 1.506811e-03 3.362176e-04 
272 6801 5.648784e-02 0 0 1.663550e-03 9.827211e-04 3.534009e-03 9.000568e-03 3.341293e-03 3.390042e-03 4.109996e-03 1.677524e-03 3.759683e-04 
273 6826 6.100390e-02 0 0 1.752519e-03 1.053575e-03 3.812560e-03 1.017674e-02 3.548762e-03 3.793804e-03 4.690155e-03 1.848654e-03 4.156147e-04 
274 6851 5.664248e-02 0 0 1.601578e-03 1.015849e-03 3.646062e-03 9.913186e-03 3.281581e-03 3.583060e-03 4.362718e-03 1.719686e-03 3.764091e-04 
275 6876 5.452807e-02 0 0 1.500578e-03 9.700910e-04 3.462674e-03 9.252479e-03 3.147752e-03 3.367299e-03 4.126280e-03 1.675317e-03 3.517166e-04 
276 6901 5.178248e-02 0 0 1.380754e-03 9.007947e-04 3.239406e-03 8.737960e-03 2.909589e-03 3.125667e-03 3.864622e-03 1.588666e-03 3.192149e-04 
277 6926 4.876136e-02 0 0 1.274110e-03 8.329406e-04 2.984841e-03 8.025914e-03 2.723686e-03 2.929446e-03 3.498113e-03 1.469798e-03 3.038251e-04 
278 6951 4.357746e-02 0 0 1.140860e-03 7.332430e-04 2.599659e-03 7.086316e-03 2.373582e-03 2.559603e-03 3.084370e-03 1.283903e-03 2.610118e-04 
279 6976 4.645293e-02 0 0 1.215415e-03 7.764228e-04 2.772252e-03 7.414419e-03 2.561469e-03 2.660045e-03 3.237262e-03 1.319535e-03 2.849568e-04 
280 7001 4.212170e-02 0 0 1.066959e-03 7.146904e-04 2.467624e-03 6.626256e-03 2.228111e-03 2.352125e-03 2.933459e-03 1.160276e-03 2.575501e-04 
281 7026 4.421224e-02 0 0 1.131673e-03 7.359778e-04 2.530453e-03 6.768703e-03 2.363298e-03 2.413247e-03 3.042358e-03 1.212930e-03 2.674192e-04 
282 7051 4.930516e-02 0 0 1.375697e-03 8.216929e-04 2.821164e-03 7.466304e-03 2.802013e-03 2.856039e-03 3.388986e-03 1.344075e-03 2.955170e-04 
283 7076 5.685769e-02 0 0 1.606149e-03 9.825441e-04 3.298631e-03 8.679253e-03 3.231704e-03 3.432080e-03 3.892780e-03 1.517065e-03 3.326069e-04 
284 7101 5.912812e-02 0 0 1.654331e-03 1.000724e-03 3.524147e-03 8.952205e-03 3.316593e-03 3.614857e-03 3.951408e-03 1.550042e-03 3.485802e-04 
285 7126 5.817202e-02 0 0 1.603000e-03 9.526775e-04 3.548153e-03 8.607667e-03 3.207965e-03 3.750663e-03 4.100248e-03 1.560428e-03 3.391289e-04 
286 7151 6.127942e-02 0 0 1.688011e-03 1.000525e-03 3.644696e-03 9.197038e-03 3.303010e-03 3.845303e-03 4.393909e-03 1.628790e-03 3.512666e-04 
287 7176 6.602425e-02 0 0 1.755518e-03 1.041933e-03 3.924479e-03 9.717747e-03 3.524785e-03 3.995846e-03 4.782206e-03 1.770225e-03 3.881788e-04 
288 7201 6.303015e-02 0 0 1.619666e-03 9.750621e-04 3.596844e-03 9.111890e-03 3.245816e-03 3.717841e-03 4.614562e-03 1.639134e-03 3.824844e-04 
289 7226 6.118439e-02 0 0 1.576919e-03 9.455588e-04 3.726402e-03 8.603122e-03 3.107645e-03 3.687396e-03 4.458049e-03 1.618051e-03 3.691303e-04 
290 7251 5.964792e-02 0 0 1.519549e-03 9.096324e-04 3.532157e-03 8.134299e-03 2.935024e-03 3.517952e-03 4.285621e-03 1.572863e-03 3.600601e-04 
291 7276 5.711354e-02 0 0 1.468130e-03 8.407873e-04 3.396956e-03 7.523531e-03 2.790922e-03 3.335103e-03 3.997353e-03 1.473859e-03 3.375596e-04 
292 7301 5.709703e-02 0 0 1.422335e-03 8.296758e-04 3.323062e-03 7.673108e-03 2.795125e-03 3.248680e-03 3.980906e-03 1.452202e-03 3.291344e-04 
293 7326 5.824033e-02 0 0 1.459663e-03 8.418674e-04 3.361033e-03 8.102506e-03 2.863049e-03 3.302674e-03 4.057855e-03 1.449550e-03 3.414926e-04 
294 7351 6.246493e-02 0 0 1.558426e-03 8.700888e-04 3.731832e-03 9.082913e-03 3.110353e-03 3.656072e-03 4.582410e-03 1.582412e-03 3.658149e-04 
295 7376 6.218530e-02 0 0 1.490692e-03 8.430046e-04 3.579715e-03 8.723541e-03 2.957191e-03 3.508518e-03 4.451198e-03 1.529746e-03 3.551847e-04 
296 7401 5.925087e-02 0 0 1.385269e-03 8.189739e-04 3.341662e-03 8.136743e-03 2.770551e-03 3.284495e-03 4.255738e-03 1.416761e-03 3.354423e-04 
297 7426 5.752625e-02 0 0 1.338906e-03 7.811327e-04 3.145205e-03 7.917794e-03 2.621492e-03 3.061310e-03 4.150734e-03 1.411557e-03 3.193849e-04 
298 7451 5.396465e-02 0 0 1.249230e-03 7.024275e-04 2.956861e-03 7.440339e-03 2.437183e-03 2.822065e-03 3.860472e-03 1.299550e-03 2.907590e-04 
299 7476 5.056969e-02 0 0 1.161804e-03 6.542474e-04 2.747723e-03 7.012974e-03 2.271961e-03 2.626431e-03 3.501312e-03 1.197964e-03 2.663918e-04 
300 7501 4.834196e-02 0 0 1.073636e-03 6.258488e-04 2.551171e-03 6.577005e-03 2.130821e-03 2.462254e-03 3.378503e-03 1.178224e-03 2.502021e-04 
301 7526 4.768780e-02 0 0 1.111667e-03 6.223361e-04 2.574672e-03 6.535908e-03 2.111466e-03 2.546986e-03 3.221093e-03 1.150937e-03 2.395402e-04 
302 7551 4.897940e-02 0 0 1.223077e-03 6.558619e-04 2.714814e-03 6.625744e-03 2.191509e-03 2.736932e-03 3.312107e-03 1.160233e-03 2.464426e-04 
303 7576 4.577035e-02 0 0 1.126049e-03 5.960204e-04 2.510475e-03 6.115063e-03 2.011337e-03 2.506765e-03 3.200966e-03 1.062542e-03 2.236734e-04 
304 7601 4.841589e-02 0 0 1.179141e-03 6.307117e-04 2.752564e-03 6.447451e-03 2.087647e-03 2.638870e-03 3.347366e-03 1.085301e-03 2.399902e-04 
305 7626 5.209335e-02 0 0 1.240569e-03 6.804086e-04 2.918138e-03 6.824496e-03 2.235763e-03 2.814523e-03 3.609541e-03 1.142318e-03 2.622444e-04 
306 7651 4.617728e-02 0 0 1.089328e-03 5.908022e-04 2.507678e-03 5.870532e-03 1.933471e-03 2.440864e-03 3.146405e-03 1.005511e-03 2.269167e-04 
307 7676 4.440360e-02 0 0 1.034294e-03 5.598875e-04 2.370039e-03 5.470369e-03 1.858054e-03 2.280265e-03 3.179297e-03 9.939939e-04 2.152872e-04 
308 7701 4.022185e-02 0 0 9.387910e-04 5.168403e-04 2.192750e-03 5.024748e-03 1.657211e-03 2.127286e-03 2.854266e-03 9.211962e-04 1.928559e-04 
309 7726 3.894563e-02 0 0 8.966347e-04 4.854336e-04 2.111464e-03 4.928420e-03 1.559304e-03 2.120873e-03 2.755571e-03 8.696430e-04 1.857294e-04 
310 7751 3.707197e-02 0 0 8.425150e-04 4.616332e-04 2.078333e-03 4.618959e-03 1.496717e-03 2.066150e-03 2.585647e-03 8.198082e-04 1.740142e-04 
311 7776 3.938710e-02 0 0 9.237078e-04 4.822133e-04 2.167277e-03 4.834200e-03 1.627323e-03 2.186990e-03 2.873944e-03 9.213426e-04 1.807717e-04 
312 7801 4.337293e-02 0 0 1.040962e-03 5.197358e-04 2.465889e-03 5.477079e-03 1.806307e-03 2.455381e-03 3.115271e-03 1.012026e-03 1.941687e-04 
313 7826 4.475341e-02 0 0 1.066253e-03 5.439453e-04 2.545349e-03 5.675552e-03 1.881313e-03 2.554041e-03 3.437307e-03 1.080096e-03 1.995506e-04 
314 7851 4.473600e-02 0 0 1.085823e-03 5.346568e-04 2.551945e-03 5.552628e-03 1.867051e-03 2.595665e-03 3.444879e-03 1.093563e-03 1.980808e-04 
315 7876 4.578799e-02 0 0 1.092992e-03 5.378646e-04 2.631835e-03 5.586494e-03 1.907082e-03 2.651210e-03 3.458278e-03 1.131644e-03 1.978292e-04 
316 7901 4.196488e-02 0 0 9.959078e-04 4.890291e-04 2.382556e-03 5.091111e-03 1.710620e-03 2.402374e-03 3.049094e-03 1.016592e-03 1.784374e-04 
317 7926 4.399026e-02 0 0 1.095950e-03 5.120865e-04 2.493998e-03 5.469222e-03 1.853762e-03 2.613484e-03 3.190341e-03 1.055244e-03 1.865928e-04 
318 7951 4.492441e-02 0 0 1.173170e-03 5.209169e-04 2.554709e-03 5.787899e-03 1.944021e-03 2.720277e-03 3.251187e-03 1.067968e-03 1.912146e-04 
319 7976 4.442435e-02 0 0 1.160213e-03 5.355507e-04 2.495937e-03 5.752402e-03 1.935967e-03 2.746466e-03 3.358763e-03 1.040651e-03 1.862725e-04 
320 8001 4.278210e-02 0 0 1.123659e-03 5.213231e-04 2.401385e-03 5.494932e-03 1.805032e-03 2.708143e-03 3.190130e-03 9.957058e-04 1.735355e-04 
321 8026 3.987232e-02 0 0 1.046022e-03 4.810697e-04 2.262803e-03 5.135861e-03 1.640377e-03 2.577022e-03 2.954692e-03 8.998619e-04 1.598174e-04 
322 8051 3.648526e-02 0 0 9.337787e-04 4.266073e-04 2.022621e-03 4.704944e-03 1.473751e-03 2.297768e-03 2.658797e-03 8.004113e-04 1.465256e-04 
323 8076 3.427247e-02 0 0 9.002297e-04 3.976587e-04 1.979257e-03 4.438255e-03 1.461357e-03 2.177946e-03 2.537352e-03 7.637835e-04 1.352146e-04 
324 8101 3.286782e-02 0 0 8.349158e-04 3.814368e-04 1.885867e-03 4.264118e-03 1.369365e-03 2.050846e-03 2.420784e-03 7.222025e-04 1.320847e-04 
325 8126 2.998874e-02 0 0 7.435002e-04 3.449252e-04 1.665834e-03 3.926296e-03 1.223729e-03 1.819312e-03 2.320098e-03 6.842169e-04 1.196704e-04 
326 8151 2.917304e-02 0 0 7.509109e-04 3.379404e-04 1.622901e-03 3.864238e-03 1.222583e-03 1.804100e-03 2.279888e-03 6.466194e-04 1.163496e-04 
327 8176 3.107637e-02 0 0 8.161564e-04 3.505612e-04 1.728227e-03 4.032839e-03 1.323089e-03 1.914491e-03 2.410638e-03 6.868788e-04 1.254766e-04 
328 8201 3.847393e-02 0 0 9.986634e-04 4.490245e-04 2.091518e-03 5.415090e-03 1.650201e-03 2.393123e-03 2.963792e-03 8.876849e-04 1.593297e-04 
329 8226 4.385437e-02 0 0 1.192327e-03 5.036703e-04 2.435383e-03 6.201586e-03 1.890499e-03 2.748056e-03 3.441859e-03 1.045163e-03 1.763349e-04 
330 8251 4.446679e-02 0 0 1.190821e-03 5.051582e-04 2.500927e-03 6.180564e-03 1.851696e-03 2.782084e-03 3.437372e-03 1.032592e-03 1.754060e-04 
331 8276 4.155613e-02 0 0 1.109388e-03 4.633824e-04 2.375888e-03 5.603393e-03 1.691211e-03 2.661985e-03 3.121860e-03 9.425931e-04 1.652984e-04 
332 8301 3.903408e-02 0 0 1.039312e-03 4.392748e-04 2.200624e-03 5.222685e-03 1.571482e-03 2.527770e-03 2.956931e-03 8.774756e-04 1.536046e-04 
333 8326 3.611097e-02 0 0 9.572954e-04 3.981568e-04 2.015688e-03 4.826764e-03 1.417764e-03 2.317511e-03 2.674208e-03 8.070425e-04 1.434722e-04 
334 8351 3.412138e-02 0 0 9.220572e-04 3.685141e-04 1.876854e-03 4.544959e-03 1.357508e-03 2.139692e-03 2.470317e-03 7.312657e-04 1.350758e-04 
335 8376 3.224097e-02 0 0 8.560796e-04 3.346650e-04 1.729585e-03 4.188522e-03 1.255461e-03 1.953561e-03 2.325731e-03 6.651579e-04 1.268087e-04 
336 8401 3.340650e-02 0 0 9.376794e-04 3.568721e-04 1.838458e-03 4.259375e-03 1.280169e-03 2.132876e-03 2.487841e-03 6.895285e-04 1.279424e-04 
337 8426 3.282799e-02 0 0 9.214686e-04 3.684755e-04 1.800642e-03 4.307240e-03 1.291403e-03 2.152077e-03 2.438930e-03 6.745739e-04 1.212174e-04 
338 8451 3.148041e-02 0 0 8.690776e-04 3.518894e-04 1.723520e-03 4.074381e-03 1.233507e-03 2.044294e-03 2.340161e-03 6.266720e-04 1.123771e-04 
339 8476 3.381176e-02 0 0 9.330565e-04 4.004202e-04 1.879421e-03 4.652609e-03 1.289528e-03 2.304778e-03 2.453848e-03 6.704226e-04 1.245260e-04 
340 8501 3.364437e-02 0 0 9.197326e-04 4.023346e-04 1.869965e-03 4.669987e-03 1.277616e-03 2.305179e-03 2.414386e-03 6.585705e-04 1.191003e-04 
341 8526 3.634118e-02 0 0 1.021572e-03 4.390548e-04 1.988918e-03 5.126605e-03 1.434174e-03 2.505245e-03 2.698932e-03 7.307475e-04 1.248127e-04 
342 8551 3.232889e-02 0 0 8.973700e-04 3.940843e-04 1.799859e-03 4.843714e-03 1.256365e-03 2.249040e-03 2.345625e-03 6.349403e-04 1.137445e-04 
343 8576 2.983073e-02 0 0 8.302743e-04 3.509701e-04 1.632483e-03 4.316971e-03 1.163848e-03 2.042822e-03 2.077404e-03 5.621502e-04 1.048007e-04 
344 8601 3.031821e-02 0 0 8.330776e-04 3.594094e-04 1.604414e-03 4.541599e-03 1.187608e-03 2.031099e-03 2.069414e-03 5.639101e-04 1.032336e-04 
345 8626 2.838597e-02 0 0 7.784127e-04 3.288597e-04 1.471662e-03 4.167965e-03 1.102928e-03 1.874830e-03 1.908364e-03 5.178647e-04 9.652025e-05 
346 8651 2.780412e-02 0 0 7.863202e-04 3.391860e-04 1.484976e-03 4.114222e-03 1.071615e-03 1.946818e-03 1.813321e-03 5.201053e-04 9.640014e-05 
347 8676 2.353340e-02 0 0 6.679476e-04 2.903645e-04 1.268969e-03 3.415929e-03 8.932590e-04 1.657473e-03 1.531655e-03 4.489226e-04 8.102967e-05 
348 8701 2.149382e-02 0 0 5.957846e-04 2.586264e-04 1.126120e-03 3.041522e-03 7.883059e-04 1.473548e-03 1.374966e-03 4.140370e-04 7.255664e-05 
349 8726 2.289228e-02 0 0 6.214071e-04 2.697274e-04 1.176504e-03 3.170472e-03 8.158112e-04 1.545835e-03 1.465588e-03 4.314021e-04 7.648347e-05 
350 8751 2.494360e-02 0 0 7.075827e-04 2.998739e-04 1.343046e-03 3.470558e-03 9.122301e-04 1.731061e-03 1.568955e-03 4.679214e-04 8.082293e-05 
351 8776 2.756796e-02 0 0 7.823204e-04 3.407255e-04 1.454881e-03 3.949051e-03 1.002386e-03 1.982534e-03 1.680586e-03 5.014974e-04 8.866861e-05 
352 8801 2.635378e-02 0 0 7.707117e-04 3.232336e-04 1.443223e-03 3.748226e-03 9.755612e-04 1.962037e-03 1.571410e-03 4.614822e-04 8.577192e-05 
353 8826 2.587404e-02 0 0 7.477124e-04 3.166809e-04 1.391233e-03 3.632557e-03 9.579852e-04 1.896762e-03 1.555620e-03 4.549058e-04 8.214011e-05 
354 8851 2.840435e-02 0 0 8.709473e-04 3.528381e-04 1.511486e-03 3.918637e-03 1.144891e-03 2.135272e-03 1.665266e-03 4.886223e-04 8.744310e-05 
355 8876 3.066616e-02 0 0 9.871176e-04 3.795471e-04 1.646674e-03 4.230394e-03 1.309002e-03 2.350839e-03 1.787524e-03 5.351755e-04 9.771103e-05 
356 8901 3.283764e-02 0 0 1.126782e-03 4.259129e-04 1.845447e-03 4.592214e-03 1.476987e-03 2.667455e-03 1.916140e-03 5.793082e-04 1.019844e-04 
357 8926 2.970465e-02 0 0 1.013987e-03 3.894884e-04 1.653770e-03 4.229181e-03 1.303525e-03 2.435419e-03 1.716119e-03 5.447951e-04 9.686231e-05 
358 8951 2.907755e-02 0 0 1.017289e-03 4.010495e-04 1.720178e-03 4.337423e-03 1.257930e-03 2.541017e-03 1.790976e-03 5.509233e-04 9.881659e-05 
359 8976 2.834653e-02 0 0 9.939883e-04 3.820242e-04 1.685888e-03 4.134142e-03 1.239309e-03 2.462645e-03 1.788230e-03 5.238341e-04 1.001301e-04 
360 9001 2.626130e-02 0 0 9.270877e-04 3.451327e-04 1.527439e-03 3.795354e-03 1.170244e-03 2.233692e-03 1.613131e-03 4.832569e-04 9.149459e-05 
361 9026 2.489806e-02 0 0 8.505825e-04 3.230151e-04 1.432101e-03 3.634601e-03 1.070243e-03 2.097216e-03 1.502386e-03 4.457862e-04 8.717226e-05 
362 9051 2.885558e-02 0 0 9.543522e-04 3.651929e-04 1.668406e-03 4.492510e-03 1.208585e-03 2.388611e-03 1.753409e-03 5.438455e-04 1.075562e-04 
363 9076 3.139006e-02 0 0 1.040094e-03 4.008035e-04 1.765675e-03 4.995134e-03 1.314780e-03 2.581983e-03 1.878522e-03 5.956317e-04 1.173239e-04 
364 9101 3.558543e-02 0 0 1.152959e-03 4.680972e-04 1.951643e-03 5.815712e-03 1.469607e-03 2.895116e-03 2.091660e-03 6.632831e-04 1.421864e-04 
365 9126 3.996869e-02 0 0 1.274749e-03 5.171855e-04 2.277124e-03 6.456269e-03 1.598426e-03 3.334982e-03 2.340431e-03 7.309029e-04 1.696478e-04 
366 9151 4.493825e-02 0 0 1.451714e-03 5.795691e-04 2.508142e-03 7.204386e-03 1.858910e-03 3.711066e-03 2.564143e-03 8.077089e-04 1.926214e-04 
367 9176 4.717211e-02 0 0 1.520739e-03 6.258031e-04 2.557160e-03 7.456278e-03 1.938516e-03 3.920738e-03 2.657088e-03 8.687310e-04 2.029918e-04 
368 9201 4.822703e-02 0 0 1.551822e-03 6.344599e-04 2.543927e-03 7.472347e-03 1.992471e-03 3.966971e-03 2.635379e-03 8.861766e-04 2.089685e-04 
369 9226 4.466019e-02 0 0 1.379692e-03 5.795784e-04 2.292020e-03 6.698320e-03 1.799957e-03 3.566571e-03 2.357113e-03 7.939882e-04 1.878015e-04 
370 9251 4.456100e-02 0 0 1.359021e-03 5.696711e-04 2.261477e-03 6.616330e-03 1.779183e-03 3.493813e-03 2.299436e-03 7.765862e-04 1.850692e-04 
371 9276 4.331073e-02 0 0 1.275035e-03 5.588510e-04 2.164348e-03 6.680911e-03 1.673050e-03 3.350102e-03 2.195453e-03 7.455810e-04 1.732564e-04 
372 9301 4.670336e-02 0 0 1.373517e-03 5.916123e-04 2.319814e-03 7.145410e-03 1.806064e-03 3.561452e-03 2.377926e-03 8.223131e-04 1.895494e-04 
373 9326 4.641545e-02 0 0 1.415508e-03 5.883906e-04 2.327381e-03 7.054304e-03 1.868064e-03 3.565570e-03 2.326075e-03 7.975858e-04 1.838430e-04 
374 9351 4.188374e-02 0 0 1.229465e-03 5.165134e-04 2.043114e-03 6.363356e-03 1.626522e-03 3.107890e-03 2.018528e-03 7.057894e-04 1.610967e-04 
375 9376 3.722852e-02 0 0 1.109564e-03 4.759274e-04 1.862706e-03 5.553755e-03 1.402250e-03 2.899546e-03 1.764071e-03 6.386738e-04 1.440900e-04 
376 9401 3.884579e-02 0 0 1.195144e-03 5.015284e-04 1.919127e-03 5.706395e-03 1.472523e-03 3.078218e-03 1.787300e-03 6.433556e-04 1.473397e-04 
377 9426 3.921694e-02 0 0 1.166913e-03 4.994321e-04 1.873835e-03 5.765373e-03 1.452271e-03 3.012569e-03 1.805784e-03 6.464071e-04 1.472711e-04 
378 9451 3.717936e-02 0 0 1.095493e-03 4.652235e-04 1.749937e-03 5.418428e-03 1.417396e-03 2.783736e-03 1.733056e-03 5.964373e-04 1.344968e-04 
379 9476 3.697227e-02 0 0 1.043891e-03 4.571769e-04 1.684206e-03 5.212090e-03 1.372911e-03 2.658150e-03 1.685477e-03 5.807652e-04 1.290422e-04 
380 9501 3.889775e-02 0 0 1.088791e-03 4.832703e-04 1.749210e-03 5.376560e-03 1.414178e-03 2.748715e-03 1.737320e-03 6.111531e-04 1.306402e-04 
381 9526 3.159962e-02 0 0 8.518371e-04 3.903731e-04 1.388472e-03 4.311763e-03 1.117444e-03 2.214927e-03 1.348059e-03 4.779057e-04 1.070904e-04 
382 9551 2.848300e-02 0 0 7.473253e-04 3.456466e-04 1.238679e-03 3.819715e-03 9.719481e-04 1.955496e-03 1.207622e-03 4.152247e-04 9.647650e-05 
383 9576 2.750466e-02 0 0 7.307520e-04 3.488216e-04 1.219779e-03 3.819619e-03 9.528524e-04 1.935700e-03 1.138853e-03 3.986689e-04 9.668615e-05 
384 9601 2.814627e-02 0 0 7.603270e-04 3.551389e-04 1.278405e-03 4.058647e-03 1.000786e-03 2.023850e-03 1.176324e-03 4.066111e-04 1.005247e-04 
385 9626 2.610323e-02 0 0 7.236111e-04 3.221964e-04 1.221254e-03 3.698771e-03 9.422724e-04 1.902062e-03 1.156428e-03 3.738088e-04 9.452003e-05 
386 9651 2.803659e-02 0 0 7.827086e-04 3.508872e-04 1.335893e-03 4.043062e-03 9.966916e-04 2.112410e-03 1.293813e-03 3.876154e-04 1.050228e-04 
387 9676 3.019753e-02 0 0 8.471486e-04 3.953407e-04 1.496404e-03 4.284096e-03 1.063094e-03 2.361170e-03 1.451500e-03 4.165324e-04 1.191886e-04 
388 9701 2.714471e-02 0 0 7.804576e-04 3.588264e-04 1.356260e-03 3.863790e-03 9.750695e-04 2.140114e-03 1.307502e-03 3.760663e-04 1.042485e-04 
389 9726 2.614005e-02 0 0 7.518413e-04 3.355379e-04 1.326319e-03 3.668250e-03 9.257927e-04 2.043819e-03 1.246714e-03 3.657801e-04 9.837873e-05 
390 9751 2.499530e-02 0 0 7.418340e-04 3.275765e-04 1.277513e-03 3.518970e-03 8.968507e-04 1.995110e-03 1.209672e-03 3.491814e-04 9.404037e-05 
391 9776 2.498755e-02 0 0 7.330657e-04 3.189888e-04 1.260543e-03 3.433695e-03 8.827846e-04 1.964755e-03 1.223771e-03 3.642782e-04 9.304695e-05 
392 9801 2.658097e-02 0 0 7.746614e-04 3.331352e-04 1.343444e-03 3.592446e-03 9.467291e-04 2.072243e-03 1.385024e-03 3.748943e-04 9.936162e-05 
393 9826 2.505603e-02 0 0 7.660855e-04 3.155332e-04 1.311668e-03 3.347162e-03 9.418401e-04 2.013797e-03 1.314317e-03 3.446394e-04 9.425545e-05 
394 9851 2.513233e-02 0 0 7.626902e-04 3.249431e-04 1.337143e-03 3.375434e-03 9.114590e-04 2.062840e-03 1.305045e-03 3.360082e-04 9.503732e-05 
395 9876 2.418138e-02 0 0 7.200971e-04 3.102772e-04 1.261480e-03 3.211197e-03 8.484227e-04 1.955901e-03 1.231041e-03 3.232794e-04 8.905670e-05 
396 9901 2.217217e-02 0 0 6.699379e-04 2.841874e-04 1.183734e-03 2.919363e-03 7.946056e-04 1.834570e-03 1.120860e-03 2.889674e-04 8.492699e-05 
397 9926 2.208425e-02 0 0 6.533060e-04 2.818985e-04 1.149022e-03 2.895194e-03 7.807679e-04 1.801311e-03 1.120804e-03 2.960530e-04 8.401421e-05 
398 9951 2.194411e-02 0 0 6.321858e-04 2.779510e-04 1.143590e-03 2.829666e-03 7.540950e-04 1.781089e-03 1.113712e-03 2.876439e-04 8.366860e-05 
399 9976 2.065731e-02 0 0 6.125761e-04 2.636958e-04 1.123131e-03 2.772138e-03 7.318723e-04 1.727567e-03 1.070241e-03 2.754226e-04 7.917459e-05 
400 10001 2.039547e-02 0 0 6.309680e-04 2.595451e-04 1.149030e-03 2.805112e-03 7.778718e-04 1.744680e-03 1.117367e-03 2.671455e-04 8.133409e-05 
401 10026 1.726906e-02 0 0 5.179950e-04 2.115739e-04 9.431110e-04 2.282655e-03 6.489722e-04 1.419408e-03 9.134951e-04 2.226205e-04 6.719594e-05 
402 10051 1.804050e-02 0 0 5.261222e-04 2.224741e-04 9.972379e-04 2.420393e-03 6.486325e-04 1.481037e-03 9.238938e-04 2.321574e-04 7.009163e-05 
403 10076 1.915633e-02 0 0 5.394971e-04 2.350638e-04 1.024886e-03 2.490910e-03 6.796288e-04 1.524035e-03 9.836236e-04 2.413021e-04 7.402697e-05 
404 10101 1.931148e-02 0 0 5.275750e-04 2.332856e-04 1.009232e-03 2.463094e-03 6.775061e-04 1.491573e-03 9.836410e-04 2.358788e-04 7.192863e-05 
405 10126 2.026365e-02 0 0 5.610118e-04 2.595058e-04 1.065374e-03 2.743980e-03 7.152966e-04 1.629380e-03 1.042064e-03 2.530164e-04 7.353543e-05 
406 10151 1.986304e-02 0 0 5.403977e-04 2.545033e-04 1.021338e-03 2.689144e-03 7.104297e-04 1.566246e-03 1.017115e-03 2.449042e-04 7.057302e-05 
407 10176 1.774590e-02 0 0 4.725931e-04 2.289321e-04 8.974218e-04 2.453645e-03 6.150908e-04 1.387536e-03 8.975801e-04 2.103629e-04 6.164035e-05 
408 10201 1.920543e-02 0 0 5.148990e-04 2.764688e-04 1.000828e-03 2.779398e-03 6.421383e-04 1.606594e-03 9.773192e-04 2.269311e-04 6.416406e-05 
409 10226 1.952120e-02 0 0 5.459805e-04 2.920288e-04 1.108412e-03 2.935170e-03 6.731025e-04 1.754480e-03 1.003898e-03 2.316793e-04 6.665379e-05 
410 10251 1.933989e-02 0 0 5.446416e-04 2.959332e-04 1.115924e-03 2.904952e-03 6.569124e-04 1.774541e-03 9.655892e-04 2.270571e-04 6.591841e-05 
411 10276 1.986978e-02 0 0 5.792224e-04 3.020001e-04 1.229999e-03 3.020837e-03 6.708807e-04 1.903731e-03 9.830193e-04 2.309953e-04 7.204666e-05 
412 10301 1.927320e-02 0 0 5.780482e-04 2.992136e-04 1.197136e-03 2.999185e-03 6.761178e-04 1.870406e-03 9.444364e-04 2.184179e-04 6.960692e-05 
413 10326 2.136961e-02 0 0 6.296903e-04 3.227546e-04 1.316233e-03 3.309246e-03 7.392124e-04 2.037486e-03 1.045849e-03 2.420738e-04 7.638405e-05 
414 10351 2.222781e-02 0 0 6.537747e-04 3.384783e-04 1.376595e-03 3.501604e-03 7.463819e-04 2.131370e-03 1.061809e-03 2.511823e-04 7.688683e-05 
415 10376 2.503953e-02 0 0 7.099444e-04 3.719062e-04 1.505965e-03 3.907939e-03 8.040283e-04 2.336817e-03 1.177558e-03 2.762789e-04 8.730048e-05 
416 10401 2.612445e-02 0 0 7.322283e-04 3.893219e-04 1.539488e-03 4.024953e-03 8.344462e-04 2.422440e-03 1.214571e-03 2.881237e-04 9.337848e-05 
417 10426 2.417574e-02 0 0 6.851524e-04 3.600068e-04 1.446335e-03 3.845708e-03 7.642385e-04 2.255594e-03 1.081862e-03 2.593093e-04 8.286007e-05 
418 10451 2.202263e-02 0 0 6.350640e-04 3.220283e-04 1.294983e-03 3.457250e-03 7.136485e-04 2.027061e-03 9.921559e-04 2.318529e-04 7.718745e-05 
419 10476 2.267813e-02 0 0 6.563826e-04 3.323253e-04 1.336248e-03 3.562690e-03 7.375727e-04 2.088129e-03 1.000624e-03 2.348530e-04 8.022262e-05 
420 10501 2.320263e-02 0 0 6.540984e-04 3.322239e-04 1.314366e-03 3.539551e-03 7.431213e-04 2.059045e-03 9.937178e-04 2.366873e-04 8.033766e-05 
421 10526 2.563607e-02 0 0 7.456284e-04 3.906745e-04 1.505184e-03 4.190415e-03 8.291540e-04 2.381056e-03 1.081460e-03 2.535220e-04 8.982690e-05 
422 10551 2.628749e-02 0 0 7.563669e-04 3.976928e-04 1.530314e-03 4.334586e-03 8.270711e-04 2.426793e-03 1.108306e-03 2.549049e-04 9.292733e-05 
423 10576 2.660658e-02 0 0 7.562379e-04 4.000664e-04 1.512236e-03 4.281532e-03 8.545911e-04 2.407704e-03 1.119929e-03 2.520122e-04 9.451564e-05 
424 10601 2.643206e-02 0 0 7.388290e-04 3.992301e-04 1.460059e-03 4.169292e-03 8.382062e-04 2.353797e-03 1.102198e-03 2.456589e-04 9.145510e-05 
425 10626 2.834068e-02 0 0 8.125028e-04 4.179357e-04 1.587126e-03 4.377786e-03 9.614396e-04 2.497734e-03 1.204315e-03 2.689291e-04 9.648099e-05 
426 10651 2.822837e-02 0 0 8.271620e-04 4.303415e-04 1.606148e-03 4.539989e-03 9.639196e-04 2.558212e-03 1.230970e-03 2.609423e-04 9.618973e-05 
427 10676 2.761482e-02 0 0 8.121105e-04 4.267122e-04 1.576703e-03 4.534901e-03 9.269466e-04 2.516581e-03 1.182971e-03 2.637341e-04 9.145509e-05 
428 10701 2.914451e-02 0 0 9.149431e-04 4.477853e-04 1.756211e-03 5.048433e-03 1.029907e-03 2.726388e-03 1.247306e-03 2.782226e-04 9.486976e-05 
429 10726 3.129958e-02 0 0 1.019724e-03 5.079123e-04 1.984620e-03 5.806323e-03 1.112169e-03 3.140502e-03 1.330737e-03 3.008430e-04 1.019747e-04 
430 10751 3.082344e-02 0 0 1.011788e-03 5.001085e-04 1.967340e-03 5.891963e-03 1.102577e-03 3.106586e-03 1.309673e-03 2.884628e-04 1.020028e-04 
431 10776 3.308564e-02 0 0 1.110484e-03 5.490862e-04 2.269917e-03 6.866945e-03 1.201524e-03 3.522981e-03 1.574527e-03 3.278948e-04 1.116060e-04 
432 10801 3.143987e-02 0 0 1.014987e-03 5.122038e-04 2.082834e-03 6.296519e-03 1.106353e-03 3.241472e-03 1.501808e-03 3.082263e-04 1.032166e-04 
433 10826 2.890582e-02 0 0 9.015404e-04 4.628726e-04 1.897457e-03 5.725523e-03 9.816231e-04 2.925721e-03 1.371343e-03 2.796807e-04 9.406349e-05 
434 10851 2.996005e-02 0 0 9.207100e-04 4.775240e-04 1.934640e-03 5.809896e-03 9.914081e-04 2.960246e-03 1.387468e-03 2.905121e-04 9.777787e-05 
435 10876 3.218036e-02 0 0 1.014588e-03 5.282476e-04 2.160116e-03 6.580904e-03 1.100600e-03 3.283264e-03 1.557195e-03 3.274866e-04 1.026049e-04 
