%  columns="iteration, evaluation, void, void, void, xmean" (startseed=216100, 2015/08/22 9:48:59.01)
0 1 0 0 0 1.000000e+00 1.000000e+00 1.000000e+00 1.000000e+00 1.000000e+00 1.000000e+00 1.000000e+00 1.000000e+00 1.000000e+00 
1 26 0 0 0 8.534349e-01 -2.846230e-01 1.017906e+00 5.836856e-01 9.025437e-01 6.058886e-01 1.439542e+00 2.857744e+00 1.000991e+00 
2 51 0 0 0 1.170819e+00 7.559446e-01 8.855338e-01 1.145624e+00 8.409812e-01 8.359383e-01 1.436592e+00 7.427859e-01 8.731562e-01 
3 76 0 0 0 1.251673e+00 9.358392e-01 1.022553e+00 7.930841e-01 7.515650e-01 8.618094e-01 1.336582e+00 2.688986e+00 9.660354e-01 
4 101 0 0 0 1.305763e+00 1.143930e+00 1.158990e+00 6.658539e-01 5.750183e-01 1.018771e+00 1.160048e+00 2.575599e+00 9.258382e-01 
5 126 0 0 0 1.410629e+00 1.089632e+00 9.576539e-01 6.771588e-01 6.621156e-01 1.121362e+00 1.082236e+00 6.165012e-01 9.584655e-01 
6 151 0 0 0 1.257121e+00 2.054350e+00 8.231541e-01 6.379395e-01 5.740666e-01 1.082254e+00 7.485765e-01 1.448347e+00 9.939882e-01 
7 176 0 0 0 1.100110e+00 1.236920e+00 8.338665e-01 5.932436e-01 5.968092e-01 1.125835e+00 1.008173e+00 1.181692e+00 1.091035e+00 
8 201 0 0 0 8.384248e-01 2.279459e+00 8.105729e-01 7.834488e-01 6.391630e-01 1.246937e+00 7.485503e-01 1.330113e+00 1.080825e+00 
9 226 0 0 0 4.850044e-01 7.490514e-01 7.439765e-01 4.094809e-01 7.685873e-01 1.201183e+00 1.273875e+00 3.987236e+00 1.090904e+00 
10 251 0 0 0 4.478421e-01 1.231948e+00 8.472529e-01 3.969223e-01 7.121331e-01 1.266393e+00 1.211769e+00 3.174897e+00 9.555620e-01 
11 276 0 0 0 3.523653e-01 1.436409e+00 6.925089e-01 3.781615e-01 5.962255e-01 1.439455e+00 9.504510e-01 3.776595e+00 9.185929e-01 
12 301 0 0 0 4.368977e-01 1.439744e+00 7.628368e-01 1.062638e-01 5.775208e-01 1.305360e+00 9.633784e-01 5.489674e+00 9.548556e-01 
13 326 0 0 0 4.011546e-01 1.002066e+00 7.303836e-01 4.353966e-01 5.068080e-01 1.405652e+00 1.250621e+00 5.356966e+00 8.858958e-01 
14 351 0 0 0 2.529057e-01 1.842927e+00 5.946239e-01 6.975303e-01 4.695650e-01 1.615101e+00 1.148785e+00 1.975602e+00 8.526347e-01 
15 376 0 0 0 1.854435e-01 1.458709e+00 4.913333e-01 8.714306e-01 4.246652e-01 1.546252e+00 1.141634e+00 1.577357e+00 8.687661e-01 
16 401 0 0 0 1.234008e-01 1.884124e+00 5.690151e-01 9.466131e-01 4.473525e-01 1.629107e+00 1.133077e+00 1.225478e+00 8.506836e-01 
17 426 0 0 0 1.775799e-01 1.670557e+00 6.483946e-01 9.492410e-01 5.379799e-01 1.560311e+00 1.192551e+00 7.635862e-01 9.158299e-01 
18 451 0 0 0 2.060142e-01 9.594446e-01 6.305277e-01 6.389371e-01 5.867990e-01 1.512923e+00 1.286519e+00 2.388401e+00 9.078576e-01 
19 476 0 0 0 2.771814e-01 1.316299e+00 6.852959e-01 5.788879e-01 5.975988e-01 1.491375e+00 1.231206e+00 2.667971e+00 9.043284e-01 
20 501 0 0 0 3.347537e-01 1.360483e+00 6.489941e-01 6.637835e-01 6.967564e-01 1.366588e+00 1.646721e+00 2.413950e+00 9.123472e-01 
21 526 0 0 0 2.264180e-01 1.458066e+00 6.660266e-01 4.600332e-01 7.042703e-01 1.363508e+00 1.605987e+00 2.994408e+00 9.455298e-01 
22 551 0 0 0 2.564532e-01 1.003230e+00 6.579772e-01 4.854661e-01 7.194877e-01 1.341801e+00 1.756848e+00 3.299864e+00 9.638721e-01 
23 576 0 0 0 2.681231e-01 8.464016e-01 6.276240e-01 3.858038e-01 7.311840e-01 1.297014e+00 1.737524e+00 2.934682e+00 1.001800e+00 
24 601 0 0 0 3.016285e-01 1.086597e+00 4.996216e-01 4.162751e-01 8.365773e-01 1.339117e+00 1.804448e+00 3.212575e+00 9.799238e-01 
25 626 0 0 0 2.108229e-01 1.253394e+00 4.384123e-01 4.776556e-01 7.841505e-01 1.379216e+00 1.676866e+00 2.767564e+00 9.607098e-01 
26 651 0 0 0 2.654509e-01 1.410974e+00 4.087706e-01 3.502168e-01 8.818231e-01 1.300604e+00 1.822864e+00 3.164219e+00 9.460452e-01 
27 676 0 0 0 3.020287e-01 1.171904e+00 3.455722e-01 4.328908e-01 8.066201e-01 1.418969e+00 1.907301e+00 2.819897e+00 9.528389e-01 
28 701 0 0 0 2.354978e-01 1.446492e+00 3.004601e-01 4.020053e-01 8.365127e-01 1.422257e+00 1.914817e+00 2.579054e+00 9.357783e-01 
29 726 0 0 0 2.473885e-01 1.410732e+00 3.423692e-01 4.122534e-01 8.115378e-01 1.444865e+00 1.858057e+00 2.905470e+00 9.342041e-01 
30 751 0 0 0 2.815030e-01 1.285794e+00 4.060732e-01 3.642923e-01 7.787280e-01 1.430036e+00 1.866100e+00 3.037792e+00 9.445421e-01 
31 776 0 0 0 2.684033e-01 1.141039e+00 3.778993e-01 3.568675e-01 8.258788e-01 1.366743e+00 1.985473e+00 3.328036e+00 9.501642e-01 
32 801 0 0 0 2.953510e-01 1.147325e+00 3.854535e-01 3.770708e-01 8.383906e-01 1.402586e+00 1.994183e+00 3.315143e+00 9.594193e-01 
33 826 0 0 0 2.993976e-01 1.166651e+00 4.617556e-01 3.574285e-01 7.900343e-01 1.457797e+00 1.865282e+00 3.333608e+00 9.608786e-01 
34 851 0 0 0 3.112833e-01 1.208267e+00 5.238870e-01 3.742580e-01 7.823135e-01 1.466798e+00 1.838480e+00 3.313265e+00 9.928267e-01 
35 876 0 0 0 3.109836e-01 1.035131e+00 5.593308e-01 4.618083e-01 7.723756e-01 1.468505e+00 1.825394e+00 3.356638e+00 1.004653e+00 
36 901 0 0 0 3.280648e-01 1.027342e+00 5.855498e-01 4.539584e-01 7.460312e-01 1.534335e+00 1.790732e+00 3.162038e+00 9.993056e-01 
37 926 0 0 0 2.998626e-01 9.240118e-01 6.002384e-01 5.429219e-01 7.132942e-01 1.580483e+00 1.845683e+00 2.936476e+00 1.012205e+00 
38 951 0 0 0 3.598987e-01 7.630400e-01 6.819242e-01 5.383414e-01 6.902421e-01 1.615570e+00 1.851508e+00 3.266204e+00 1.018654e+00 
39 976 0 0 0 3.416666e-01 1.084941e+00 6.329875e-01 4.988848e-01 7.256923e-01 1.521507e+00 1.807823e+00 3.163981e+00 1.038791e+00 
40 1001 0 0 0 3.714115e-01 9.117614e-01 6.599208e-01 4.271547e-01 7.026335e-01 1.511282e+00 1.838321e+00 3.304373e+00 1.049728e+00 
41 1026 0 0 0 4.311115e-01 8.464309e-01 7.075122e-01 4.366932e-01 6.920157e-01 1.570043e+00 1.788936e+00 3.267753e+00 1.066583e+00 
42 1051 0 0 0 4.302026e-01 8.217008e-01 7.396596e-01 5.170137e-01 6.712329e-01 1.634016e+00 1.783030e+00 2.834035e+00 1.057263e+00 
43 1076 0 0 0 4.641778e-01 7.021667e-01 7.765056e-01 4.791745e-01 6.363244e-01 1.634439e+00 1.834629e+00 3.063462e+00 1.064505e+00 
44 1101 0 0 0 4.387497e-01 7.208654e-01 7.660212e-01 5.045583e-01 6.416795e-01 1.625625e+00 1.806703e+00 2.874194e+00 1.062250e+00 
45 1126 0 0 0 4.522193e-01 6.946407e-01 7.657556e-01 4.957402e-01 6.414697e-01 1.682686e+00 1.808824e+00 2.944210e+00 1.061420e+00 
46 1151 0 0 0 4.217773e-01 6.987183e-01 7.280119e-01 5.598259e-01 6.717842e-01 1.686621e+00 1.804750e+00 2.786672e+00 1.049831e+00 
47 1176 0 0 0 4.087196e-01 7.087185e-01 7.081454e-01 5.861683e-01 6.673640e-01 1.709657e+00 1.775745e+00 2.735474e+00 1.055851e+00 
48 1201 0 0 0 3.868875e-01 7.518573e-01 6.992944e-01 5.930499e-01 6.789986e-01 1.684282e+00 1.795244e+00 2.700821e+00 1.054776e+00 
49 1226 0 0 0 4.147247e-01 7.482648e-01 7.034374e-01 5.429261e-01 6.695898e-01 1.711379e+00 1.799749e+00 2.682854e+00 1.043142e+00 
50 1251 0 0 0 4.043118e-01 7.814177e-01 6.653019e-01 5.091757e-01 6.816787e-01 1.700740e+00 1.843015e+00 2.900707e+00 1.037830e+00 
51 1276 0 0 0 3.971001e-01 7.686185e-01 6.814203e-01 5.421303e-01 6.877565e-01 1.714342e+00 1.884261e+00 2.888041e+00 1.037989e+00 
52 1301 0 0 0 3.901584e-01 7.682333e-01 6.792363e-01 5.466841e-01 6.774580e-01 1.701670e+00 1.870126e+00 2.793972e+00 1.035290e+00 
53 1326 0 0 0 4.142393e-01 7.976927e-01 6.800341e-01 5.052748e-01 6.730996e-01 1.717554e+00 1.873562e+00 2.780565e+00 1.031963e+00 
54 1351 0 0 0 4.294975e-01 8.533534e-01 6.802653e-01 4.463570e-01 6.806817e-01 1.721169e+00 1.853891e+00 2.898114e+00 1.038019e+00 
55 1376 0 0 0 4.259985e-01 8.502445e-01 6.634710e-01 4.514268e-01 6.934169e-01 1.679643e+00 1.876913e+00 2.870342e+00 1.031218e+00 
56 1401 0 0 0 4.278364e-01 8.253379e-01 6.716642e-01 4.862694e-01 6.896268e-01 1.695490e+00 1.881169e+00 2.770391e+00 1.033352e+00 
57 1426 0 0 0 4.375848e-01 8.398220e-01 6.663097e-01 4.566525e-01 6.904533e-01 1.703264e+00 1.866990e+00 2.837704e+00 1.036652e+00 
58 1451 0 0 0 4.465587e-01 7.978063e-01 6.807591e-01 4.439304e-01 6.833984e-01 1.732374e+00 1.852382e+00 2.971357e+00 1.040971e+00 
59 1476 0 0 0 4.388793e-01 8.118715e-01 6.769236e-01 4.606694e-01 6.888284e-01 1.734929e+00 1.844868e+00 2.888712e+00 1.041171e+00 
60 1501 0 0 0 4.295335e-01 8.110372e-01 6.690804e-01 4.593690e-01 6.888038e-01 1.711905e+00 1.834569e+00 2.868684e+00 1.036483e+00 
61 1526 0 0 0 4.222653e-01 8.004134e-01 6.626475e-01 4.661076e-01 6.925104e-01 1.712728e+00 1.845334e+00 2.937907e+00 1.033305e+00 
62 1551 0 0 0 4.163473e-01 7.748255e-01 6.628487e-01 4.834401e-01 6.838571e-01 1.729886e+00 1.825839e+00 2.897786e+00 1.037266e+00 
63 1576 0 0 0 4.074153e-01 7.827572e-01 6.484802e-01 4.921202e-01 6.935606e-01 1.717609e+00 1.850915e+00 2.905565e+00 1.035266e+00 
64 1601 0 0 0 4.273823e-01 7.793204e-01 6.599589e-01 4.847494e-01 6.916277e-01 1.727132e+00 1.852019e+00 2.869244e+00 1.041455e+00 
65 1626 0 0 0 4.313366e-01 7.811766e-01 6.718861e-01 4.816491e-01 6.858630e-01 1.730068e+00 1.853199e+00 2.853591e+00 1.042700e+00 
66 1651 0 0 0 4.335032e-01 7.953264e-01 6.797680e-01 4.715411e-01 6.848530e-01 1.728727e+00 1.863482e+00 2.890397e+00 1.046419e+00 
67 1676 0 0 0 4.416202e-01 7.466616e-01 6.858338e-01 4.835895e-01 6.807427e-01 1.747401e+00 1.859177e+00 2.956821e+00 1.050867e+00 
68 1701 0 0 0 4.384635e-01 7.490871e-01 6.866328e-01 4.766287e-01 6.791650e-01 1.741710e+00 1.874304e+00 2.981251e+00 1.050960e+00 
69 1726 0 0 0 4.463148e-01 7.510146e-01 6.984064e-01 4.682148e-01 6.785936e-01 1.737590e+00 1.875392e+00 3.020477e+00 1.051057e+00 
70 1751 0 0 0 4.509938e-01 7.707391e-01 6.983636e-01 4.469132e-01 6.785044e-01 1.727794e+00 1.873184e+00 3.043803e+00 1.047977e+00 
71 1776 0 0 0 4.463382e-01 7.627543e-01 6.962678e-01 4.514123e-01 6.734988e-01 1.725761e+00 1.867890e+00 3.018538e+00 1.047233e+00 
72 1801 0 0 0 4.520742e-01 7.808602e-01 7.019047e-01 4.337217e-01 6.728991e-01 1.719948e+00 1.878601e+00 3.032727e+00 1.049245e+00 
73 1826 0 0 0 4.600166e-01 7.821270e-01 7.059281e-01 4.319885e-01 6.748295e-01 1.724240e+00 1.879976e+00 3.025245e+00 1.052113e+00 
74 1851 0 0 0 4.632526e-01 7.828308e-01 7.100792e-01 4.301270e-01 6.722728e-01 1.728284e+00 1.872966e+00 3.007804e+00 1.053747e+00 
75 1876 0 0 0 4.695784e-01 7.670131e-01 7.144819e-01 4.414900e-01 6.789453e-01 1.735403e+00 1.874202e+00 3.046431e+00 1.058219e+00 
76 1901 0 0 0 4.760577e-01 7.587172e-01 7.242482e-01 4.473047e-01 6.752548e-01 1.748976e+00 1.881187e+00 3.017307e+00 1.063129e+00 
77 1926 0 0 0 4.791805e-01 7.397202e-01 7.309787e-01 4.587128e-01 6.698307e-01 1.759146e+00 1.879900e+00 3.016506e+00 1.072208e+00 
78 1951 0 0 0 4.902010e-01 6.883945e-01 7.575170e-01 4.877848e-01 6.585335e-01 1.777862e+00 1.875347e+00 2.999033e+00 1.088280e+00 
79 1976 0 0 0 4.862255e-01 7.190568e-01 7.527281e-01 4.836959e-01 6.679743e-01 1.769255e+00 1.877265e+00 2.995194e+00 1.087532e+00 
80 2001 0 0 0 5.029794e-01 7.180841e-01 7.737677e-01 4.790733e-01 6.735201e-01 1.771469e+00 1.891994e+00 3.080427e+00 1.094750e+00 
81 2026 0 0 0 4.957789e-01 6.876103e-01 7.956335e-01 5.181878e-01 6.624461e-01 1.776827e+00 1.893522e+00 3.001097e+00 1.106252e+00 
82 2051 0 0 0 4.860105e-01 7.144568e-01 7.820609e-01 5.112749e-01 6.690985e-01 1.769226e+00 1.896266e+00 3.029642e+00 1.102877e+00 
83 2076 0 0 0 4.756182e-01 7.197704e-01 7.743255e-01 4.840455e-01 6.647065e-01 1.744721e+00 1.898203e+00 3.104720e+00 1.094852e+00 
84 2101 0 0 0 4.816615e-01 7.202620e-01 7.697501e-01 4.659467e-01 6.656880e-01 1.746834e+00 1.912616e+00 3.175274e+00 1.090475e+00 
85 2126 0 0 0 5.018502e-01 7.210787e-01 8.023148e-01 4.691849e-01 6.561173e-01 1.763594e+00 1.930280e+00 3.123230e+00 1.105185e+00 
86 2151 0 0 0 5.143963e-01 7.159338e-01 8.298848e-01 5.033350e-01 6.530053e-01 1.801522e+00 1.929891e+00 2.987805e+00 1.119292e+00 
87 2176 0 0 0 5.014707e-01 7.444041e-01 8.184300e-01 4.967607e-01 6.672086e-01 1.766520e+00 1.971568e+00 3.051525e+00 1.116855e+00 
88 2201 0 0 0 4.813085e-01 7.523631e-01 7.956010e-01 5.080770e-01 6.715063e-01 1.749343e+00 1.966360e+00 3.028210e+00 1.121170e+00 
89 2226 0 0 0 4.918752e-01 7.528225e-01 8.315252e-01 5.219053e-01 6.635099e-01 1.758497e+00 2.003769e+00 2.985858e+00 1.135997e+00 
90 2251 0 0 0 4.905171e-01 7.315807e-01 8.407774e-01 5.131904e-01 6.539655e-01 1.745186e+00 2.010934e+00 3.075545e+00 1.143592e+00 
91 2276 0 0 0 5.221135e-01 7.418338e-01 8.600168e-01 5.005348e-01 6.531417e-01 1.775597e+00 2.030800e+00 3.023122e+00 1.159971e+00 
92 2301 0 0 0 4.981966e-01 8.023937e-01 8.379078e-01 5.195878e-01 6.538709e-01 1.763618e+00 2.048883e+00 2.787022e+00 1.154875e+00 
93 2326 0 0 0 4.992235e-01 8.063164e-01 8.270979e-01 5.760559e-01 6.639959e-01 1.772192e+00 2.094230e+00 2.582121e+00 1.153889e+00 
94 2351 0 0 0 5.061238e-01 8.490295e-01 8.238040e-01 5.489358e-01 6.804387e-01 1.741567e+00 2.094434e+00 2.643847e+00 1.143742e+00 
95 2376 0 0 0 5.046270e-01 8.582658e-01 8.082520e-01 5.265173e-01 6.911502e-01 1.728113e+00 2.086684e+00 2.737289e+00 1.131236e+00 
96 2401 0 0 0 5.139765e-01 8.952560e-01 8.175389e-01 5.118103e-01 6.796641e-01 1.742316e+00 2.096701e+00 2.597692e+00 1.131640e+00 
97 2426 0 0 0 5.081086e-01 9.003503e-01 7.961715e-01 5.006005e-01 6.856766e-01 1.741339e+00 2.113736e+00 2.671802e+00 1.131278e+00 
98 2451 0 0 0 5.001164e-01 9.106278e-01 7.806356e-01 5.042322e-01 6.815810e-01 1.743465e+00 2.160470e+00 2.636573e+00 1.146242e+00 
99 2476 0 0 0 5.158937e-01 8.885219e-01 7.912553e-01 4.988004e-01 6.813678e-01 1.764054e+00 2.124613e+00 2.653505e+00 1.144604e+00 
100 2501 0 0 0 5.113178e-01 8.582360e-01 8.006933e-01 5.113346e-01 6.679033e-01 1.776640e+00 2.140886e+00 2.671529e+00 1.152769e+00 
101 2526 0 0 0 5.187571e-01 8.312080e-01 8.177234e-01 5.240829e-01 6.691028e-01 1.788838e+00 2.157771e+00 2.739196e+00 1.157212e+00 
102 2551 0 0 0 5.277343e-01 8.669629e-01 8.262434e-01 5.093869e-01 6.684293e-01 1.800626e+00 2.173154e+00 2.710695e+00 1.162985e+00 
103 2576 0 0 0 5.375982e-01 8.545224e-01 8.484485e-01 5.092233e-01 6.546913e-01 1.824302e+00 2.152791e+00 2.660692e+00 1.160660e+00 
104 2601 0 0 0 5.464793e-01 8.258861e-01 8.729186e-01 5.042174e-01 6.414850e-01 1.842182e+00 2.114197e+00 2.686087e+00 1.162355e+00 
105 2626 0 0 0 5.633577e-01 8.472846e-01 8.676491e-01 4.863258e-01 6.342775e-01 1.888632e+00 2.125971e+00 2.635197e+00 1.160613e+00 
106 2651 0 0 0 5.405572e-01 7.928867e-01 8.596698e-01 5.083679e-01 6.338571e-01 1.866945e+00 2.118867e+00 2.737375e+00 1.165002e+00 
107 2676 0 0 0 5.583035e-01 8.050803e-01 8.627798e-01 4.960232e-01 6.360553e-01 1.895001e+00 2.112041e+00 2.710593e+00 1.162628e+00 
108 2701 0 0 0 5.483989e-01 8.062234e-01 8.510868e-01 4.968943e-01 6.318606e-01 1.885608e+00 2.132968e+00 2.695973e+00 1.162823e+00 
109 2726 0 0 0 5.418248e-01 8.042062e-01 8.442509e-01 5.071569e-01 6.323047e-01 1.853104e+00 2.190214e+00 2.668230e+00 1.173291e+00 
110 2751 0 0 0 5.446147e-01 7.800745e-01 8.466859e-01 5.241505e-01 6.329735e-01 1.868887e+00 2.154787e+00 2.650986e+00 1.169854e+00 
111 2776 0 0 0 5.394614e-01 7.884214e-01 8.414265e-01 5.222080e-01 6.417410e-01 1.840883e+00 2.163548e+00 2.686764e+00 1.168680e+00 
112 2801 0 0 0 5.270263e-01 7.973959e-01 8.297115e-01 5.427863e-01 6.546608e-01 1.827991e+00 2.186908e+00 2.687325e+00 1.170762e+00 
113 2826 0 0 0 5.379561e-01 8.012139e-01 8.455108e-01 5.433769e-01 6.601449e-01 1.840507e+00 2.197094e+00 2.721860e+00 1.170819e+00 
114 2851 0 0 0 5.459890e-01 7.905627e-01 8.582612e-01 5.434797e-01 6.619832e-01 1.851986e+00 2.181533e+00 2.772104e+00 1.171336e+00 
115 2876 0 0 0 5.513138e-01 7.772067e-01 8.649520e-01 5.504958e-01 6.665437e-01 1.860105e+00 2.177425e+00 2.827437e+00 1.176330e+00 
116 2901 0 0 0 5.321393e-01 7.948785e-01 8.368728e-01 5.496108e-01 6.743170e-01 1.831119e+00 2.183622e+00 2.821685e+00 1.174437e+00 
117 2926 0 0 0 5.311931e-01 8.122862e-01 8.291622e-01 5.450087e-01 6.789380e-01 1.816454e+00 2.194508e+00 2.795900e+00 1.172893e+00 
118 2951 0 0 0 5.420499e-01 8.093793e-01 8.405545e-01 5.496439e-01 6.809362e-01 1.825684e+00 2.205464e+00 2.795332e+00 1.174626e+00 
119 2976 0 0 0 5.433416e-01 8.214309e-01 8.435138e-01 5.570171e-01 6.815289e-01 1.831838e+00 2.210165e+00 2.732595e+00 1.174234e+00 
120 3001 0 0 0 5.434965e-01 8.200098e-01 8.375800e-01 5.429124e-01 6.837109e-01 1.816781e+00 2.212076e+00 2.792015e+00 1.174286e+00 
121 3026 0 0 0 5.565664e-01 8.134797e-01 8.496673e-01 5.352896e-01 6.793134e-01 1.833877e+00 2.206749e+00 2.806354e+00 1.177585e+00 
122 3051 0 0 0 5.508454e-01 8.057976e-01 8.441705e-01 5.410439e-01 6.837661e-01 1.818454e+00 2.205437e+00 2.822104e+00 1.176432e+00 
123 3076 0 0 0 5.538129e-01 8.140587e-01 8.506170e-01 5.413855e-01 6.838024e-01 1.816493e+00 2.209675e+00 2.802910e+00 1.178343e+00 
124 3101 0 0 0 5.491738e-01 8.229698e-01 8.484555e-01 5.403304e-01 6.872932e-01 1.816922e+00 2.206168e+00 2.824567e+00 1.176897e+00 
125 3126 0 0 0 5.539037e-01 8.217925e-01 8.523846e-01 5.358482e-01 6.779928e-01 1.827183e+00 2.204362e+00 2.776119e+00 1.177552e+00 
126 3151 0 0 0 5.475523e-01 8.200190e-01 8.473015e-01 5.430267e-01 6.779738e-01 1.825440e+00 2.208637e+00 2.764871e+00 1.178365e+00 
127 3176 0 0 0 5.481969e-01 8.262022e-01 8.474227e-01 5.480234e-01 6.799236e-01 1.828423e+00 2.211775e+00 2.739210e+00 1.179058e+00 
128 3201 0 0 0 5.468105e-01 8.349766e-01 8.463052e-01 5.457421e-01 6.771263e-01 1.830714e+00 2.216006e+00 2.709185e+00 1.178125e+00 
129 3226 0 0 0 5.453779e-01 8.366106e-01 8.439972e-01 5.466361e-01 6.794542e-01 1.827321e+00 2.222295e+00 2.717892e+00 1.178531e+00 
130 3251 0 0 0 5.471331e-01 8.361227e-01 8.445137e-01 5.464369e-01 6.798128e-01 1.827448e+00 2.228726e+00 2.720420e+00 1.179354e+00 
131 3276 0 0 0 5.425031e-01 8.421293e-01 8.410706e-01 5.498644e-01 6.844907e-01 1.821348e+00 2.234809e+00 2.729028e+00 1.178636e+00 
132 3301 0 0 0 5.453128e-01 8.287637e-01 8.451834e-01 5.461757e-01 6.786235e-01 1.821672e+00 2.226079e+00 2.734062e+00 1.178886e+00 
133 3326 0 0 0 5.441487e-01 8.341116e-01 8.409380e-01 5.447967e-01 6.802541e-01 1.819082e+00 2.228837e+00 2.730768e+00 1.178823e+00 
134 3351 0 0 0 5.424348e-01 8.311349e-01 8.415931e-01 5.490582e-01 6.802280e-01 1.818636e+00 2.227493e+00 2.727407e+00 1.179106e+00 
135 3376 0 0 0 5.430359e-01 8.358668e-01 8.419746e-01 5.473910e-01 6.817022e-01 1.818980e+00 2.228305e+00 2.731695e+00 1.178731e+00 
136 3401 0 0 0 5.440921e-01 8.359887e-01 8.425859e-01 5.469907e-01 6.821437e-01 1.818952e+00 2.226501e+00 2.732546e+00 1.179229e+00 
137 3426 0 0 0 5.439018e-01 8.344549e-01 8.416533e-01 5.446814e-01 6.825148e-01 1.817826e+00 2.225757e+00 2.747571e+00 1.179138e+00 
138 3451 0 0 0 5.414693e-01 8.381065e-01 8.395118e-01 5.453762e-01 6.830178e-01 1.814425e+00 2.228433e+00 2.739908e+00 1.178828e+00 
139 3476 0 0 0 5.425584e-01 8.383988e-01 8.409573e-01 5.428422e-01 6.826111e-01 1.816780e+00 2.226142e+00 2.749271e+00 1.179387e+00 
140 3501 0 0 0 5.412639e-01 8.440059e-01 8.394736e-01 5.441472e-01 6.842688e-01 1.816328e+00 2.227817e+00 2.742582e+00 1.179104e+00 
141 3526 0 0 0 5.419092e-01 8.418604e-01 8.392898e-01 5.426223e-01 6.844461e-01 1.813470e+00 2.226035e+00 2.750558e+00 1.179529e+00 
142 3551 0 0 0 5.405722e-01 8.442813e-01 8.380715e-01 5.441976e-01 6.851022e-01 1.814226e+00 2.227078e+00 2.746203e+00 1.179025e+00 
143 3576 0 0 0 5.388381e-01 8.450344e-01 8.357292e-01 5.437310e-01 6.863094e-01 1.810521e+00 2.229179e+00 2.754553e+00 1.179164e+00 
144 3601 0 0 0 5.389720e-01 8.431885e-01 8.356761e-01 5.433458e-01 6.860681e-01 1.810032e+00 2.230332e+00 2.758610e+00 1.179287e+00 
145 3626 0 0 0 5.390639e-01 8.451144e-01 8.350815e-01 5.428250e-01 6.869194e-01 1.808686e+00 2.232117e+00 2.759771e+00 1.179462e+00 
146 3651 0 0 0 5.392690e-01 8.433408e-01 8.362765e-01 5.444345e-01 6.858826e-01 1.809135e+00 2.231957e+00 2.751359e+00 1.179548e+00 
147 3676 0 0 0 5.397535e-01 8.440646e-01 8.370950e-01 5.441083e-01 6.859722e-01 1.810042e+00 2.231526e+00 2.752131e+00 1.179623e+00 
148 3701 0 0 0 5.400752e-01 8.421322e-01 8.364788e-01 5.434596e-01 6.850238e-01 1.810096e+00 2.231851e+00 2.750462e+00 1.179597e+00 
149 3726 0 0 0 5.400048e-01 8.423906e-01 8.365014e-01 5.421629e-01 6.843956e-01 1.809638e+00 2.231386e+00 2.750905e+00 1.179711e+00 
150 3751 0 0 0 5.402948e-01 8.409674e-01 8.373223e-01 5.427187e-01 6.837985e-01 1.810160e+00 2.230696e+00 2.748944e+00 1.179651e+00 
151 3776 0 0 0 5.397111e-01 8.414735e-01 8.379333e-01 5.429641e-01 6.841119e-01 1.809339e+00 2.229568e+00 2.751323e+00 1.179664e+00 
152 3801 0 0 0 5.394533e-01 8.402081e-01 8.375919e-01 5.427951e-01 6.834161e-01 1.808784e+00 2.229193e+00 2.749599e+00 1.179794e+00 
153 3826 0 0 0 5.401521e-01 8.417918e-01 8.380628e-01 5.434321e-01 6.840004e-01 1.810057e+00 2.229986e+00 2.746987e+00 1.180156e+00 
154 3851 0 0 0 5.401284e-01 8.408135e-01 8.377299e-01 5.434673e-01 6.837238e-01 1.810003e+00 2.230328e+00 2.746634e+00 1.180036e+00 
155 3876 0 0 0 5.407735e-01 8.390948e-01 8.391854e-01 5.443356e-01 6.827416e-01 1.812212e+00 2.229396e+00 2.742929e+00 1.179907e+00 
156 3901 0 0 0 5.411135e-01 8.374911e-01 8.394893e-01 5.440796e-01 6.823597e-01 1.813063e+00 2.227732e+00 2.745183e+00 1.179834e+00 
157 3926 0 0 0 5.406563e-01 8.371468e-01 8.398277e-01 5.453848e-01 6.824683e-01 1.813744e+00 2.226992e+00 2.743445e+00 1.179570e+00 
158 3951 0 0 0 5.410642e-01 8.370195e-01 8.401797e-01 5.449093e-01 6.824176e-01 1.814437e+00 2.226064e+00 2.744639e+00 1.179418e+00 
159 3976 0 0 0 5.401598e-01 8.376866e-01 8.391462e-01 5.452451e-01 6.833369e-01 1.811834e+00 2.227627e+00 2.747963e+00 1.179324e+00 
160 4001 0 0 0 5.407428e-01 8.391491e-01 8.385912e-01 5.445281e-01 6.834034e-01 1.813318e+00 2.228928e+00 2.746228e+00 1.179464e+00 
161 4026 0 0 0 5.398321e-01 8.413618e-01 8.374446e-01 5.447887e-01 6.842209e-01 1.811227e+00 2.230248e+00 2.744923e+00 1.179673e+00 
162 4051 0 0 0 5.391387e-01 8.436879e-01 8.366201e-01 5.452736e-01 6.850932e-01 1.809496e+00 2.232878e+00 2.743678e+00 1.179906e+00 
163 4076 0 0 0 5.391665e-01 8.437223e-01 8.371513e-01 5.456830e-01 6.862876e-01 1.809133e+00 2.232633e+00 2.752120e+00 1.179978e+00 
164 4101 0 0 0 5.394040e-01 8.411013e-01 8.381772e-01 5.459575e-01 6.849701e-01 1.810827e+00 2.230360e+00 2.750203e+00 1.179723e+00 
165 4126 0 0 0 5.389128e-01 8.387294e-01 8.386736e-01 5.469145e-01 6.845852e-01 1.810405e+00 2.229306e+00 2.751721e+00 1.179841e+00 
166 4151 0 0 0 5.393068e-01 8.393433e-01 8.388228e-01 5.470869e-01 6.853035e-01 1.810948e+00 2.229802e+00 2.753522e+00 1.179691e+00 
167 4176 0 0 0 5.389030e-01 8.383181e-01 8.388042e-01 5.480823e-01 6.848607e-01 1.811771e+00 2.229522e+00 2.751303e+00 1.179728e+00 
168 4201 0 0 0 5.396035e-01 8.371978e-01 8.389794e-01 5.469873e-01 6.848533e-01 1.810296e+00 2.229415e+00 2.755161e+00 1.179850e+00 
169 4226 0 0 0 5.395652e-01 8.372717e-01 8.398094e-01 5.482720e-01 6.850159e-01 1.811343e+00 2.228613e+00 2.752910e+00 1.179650e+00 
170 4251 0 0 0 5.387922e-01 8.379550e-01 8.391224e-01 5.485478e-01 6.854622e-01 1.810358e+00 2.230177e+00 2.754790e+00 1.179776e+00 
171 4276 0 0 0 5.387570e-01 8.367819e-01 8.386206e-01 5.482977e-01 6.845184e-01 1.810413e+00 2.230432e+00 2.750663e+00 1.179658e+00 
172 4301 0 0 0 5.383826e-01 8.371454e-01 8.379805e-01 5.476867e-01 6.849374e-01 1.809335e+00 2.230225e+00 2.754902e+00 1.179642e+00 
173 4326 0 0 0 5.378569e-01 8.377460e-01 8.382565e-01 5.491482e-01 6.852686e-01 1.809106e+00 2.230984e+00 2.751914e+00 1.179702e+00 
174 4351 0 0 0 5.384517e-01 8.381088e-01 8.387206e-01 5.486366e-01 6.851924e-01 1.810224e+00 2.230237e+00 2.752126e+00 1.179802e+00 
175 4376 0 0 0 5.384253e-01 8.375722e-01 8.384320e-01 5.485335e-01 6.852617e-01 1.809915e+00 2.230271e+00 2.753711e+00 1.180022e+00 
176 4401 0 0 0 5.383098e-01 8.363518e-01 8.384405e-01 5.492918e-01 6.849315e-01 1.810152e+00 2.230171e+00 2.751854e+00 1.180125e+00 
177 4426 0 0 0 5.376649e-01 8.372911e-01 8.373721e-01 5.495805e-01 6.849313e-01 1.809863e+00 2.231095e+00 2.748198e+00 1.180216e+00 
178 4451 0 0 0 5.376789e-01 8.372623e-01 8.374073e-01 5.492610e-01 6.844172e-01 1.810241e+00 2.230842e+00 2.746067e+00 1.180235e+00 
179 4476 0 0 0 5.373131e-01 8.367508e-01 8.367895e-01 5.490353e-01 6.840826e-01 1.810090e+00 2.230214e+00 2.745530e+00 1.180166e+00 
180 4501 0 0 0 5.376685e-01 8.366929e-01 8.373167e-01 5.494618e-01 6.839155e-01 1.810527e+00 2.230101e+00 2.742212e+00 1.179983e+00 
181 4526 0 0 0 5.369498e-01 8.366079e-01 8.367727e-01 5.493310e-01 6.837158e-01 1.809672e+00 2.230682e+00 2.742945e+00 1.179881e+00 
182 4551 0 0 0 5.376452e-01 8.366342e-01 8.373036e-01 5.490504e-01 6.837102e-01 1.810398e+00 2.229612e+00 2.742473e+00 1.179903e+00 
183 4576 0 0 0 5.376512e-01 8.377069e-01 8.367903e-01 5.479430e-01 6.841130e-01 1.809123e+00 2.230533e+00 2.745714e+00 1.180051e+00 
184 4601 0 0 0 5.377382e-01 8.372183e-01 8.369295e-01 5.484280e-01 6.843333e-01 1.810105e+00 2.229562e+00 2.747201e+00 1.180139e+00 
185 4626 0 0 0 5.376603e-01 8.363378e-01 8.370241e-01 5.482754e-01 6.838956e-01 1.810822e+00 2.228653e+00 2.747979e+00 1.180067e+00 
186 4651 0 0 0 5.374682e-01 8.356198e-01 8.371594e-01 5.490189e-01 6.838822e-01 1.811186e+00 2.228678e+00 2.748221e+00 1.180044e+00 
187 4676 0 0 0 5.375605e-01 8.365396e-01 8.369381e-01 5.489351e-01 6.842766e-01 1.811405e+00 2.228927e+00 2.748735e+00 1.180184e+00 
188 4701 0 0 0 5.375671e-01 8.361784e-01 8.370246e-01 5.485067e-01 6.844920e-01 1.810081e+00 2.228709e+00 2.751551e+00 1.180015e+00 
189 4726 0 0 0 5.377201e-01 8.358103e-01 8.371433e-01 5.483573e-01 6.844735e-01 1.810405e+00 2.228450e+00 2.753236e+00 1.180186e+00 
190 4751 0 0 0 5.381780e-01 8.357082e-01 8.376859e-01 5.484265e-01 6.841800e-01 1.811767e+00 2.228283e+00 2.751661e+00 1.180116e+00 
191 4776 0 0 0 5.382450e-01 8.357179e-01 8.378507e-01 5.487393e-01 6.847498e-01 1.811370e+00 2.228026e+00 2.754124e+00 1.180187e+00 
192 4801 0 0 0 5.380947e-01 8.358199e-01 8.378231e-01 5.487291e-01 6.844870e-01 1.811985e+00 2.227744e+00 2.752978e+00 1.180240e+00 
193 4826 0 0 0 5.381379e-01 8.361295e-01 8.375015e-01 5.485301e-01 6.843373e-01 1.811991e+00 2.228188e+00 2.751123e+00 1.180318e+00 
194 4851 0 0 0 5.382367e-01 8.357367e-01 8.376684e-01 5.486227e-01 6.841778e-01 1.812266e+00 2.227945e+00 2.750578e+00 1.180264e+00 
195 4876 0 0 0 5.384484e-01 8.357378e-01 8.380276e-01 5.489130e-01 6.843449e-01 1.813120e+00 2.227785e+00 2.751395e+00 1.180226e+00 
196 4901 0 0 0 5.383906e-01 8.355755e-01 8.381076e-01 5.491347e-01 6.843789e-01 1.813147e+00 2.227688e+00 2.751480e+00 1.180216e+00 
197 4926 0 0 0 5.384518e-01 8.356501e-01 8.380471e-01 5.488458e-01 6.846880e-01 1.812871e+00 2.227363e+00 2.754108e+00 1.180311e+00 
198 4951 0 0 0 5.385812e-01 8.356704e-01 8.379925e-01 5.485065e-01 6.845095e-01 1.812815e+00 2.227306e+00 2.753411e+00 1.180285e+00 
199 4976 0 0 0 5.385364e-01 8.360242e-01 8.380687e-01 5.485729e-01 6.845066e-01 1.812995e+00 2.227641e+00 2.752931e+00 1.180297e+00 
200 5001 0 0 0 5.385112e-01 8.359322e-01 8.380655e-01 5.485679e-01 6.842971e-01 1.813228e+00 2.227412e+00 2.751702e+00 1.180242e+00 
201 5026 0 0 0 5.386464e-01 8.356443e-01 8.381599e-01 5.484647e-01 6.841368e-01 1.813116e+00 2.227491e+00 2.751341e+00 1.180279e+00 
202 5051 0 0 0 5.385052e-01 8.354824e-01 8.381731e-01 5.487235e-01 6.841555e-01 1.813482e+00 2.226963e+00 2.751432e+00 1.180254e+00 
203 5076 0 0 0 5.385960e-01 8.353054e-01 8.383462e-01 5.487806e-01 6.840886e-01 1.813735e+00 2.226939e+00 2.751453e+00 1.180231e+00 
204 5101 0 0 0 5.386428e-01 8.353179e-01 8.383692e-01 5.487422e-01 6.841082e-01 1.813996e+00 2.226647e+00 2.751788e+00 1.180246e+00 
205 5126 0 0 0 5.385983e-01 8.351932e-01 8.383760e-01 5.489644e-01 6.839379e-01 1.814255e+00 2.226631e+00 2.750210e+00 1.180236e+00 
206 5151 0 0 0 5.385297e-01 8.351224e-01 8.382300e-01 5.489093e-01 6.839268e-01 1.813980e+00 2.226714e+00 2.750219e+00 1.180243e+00 
207 5176 0 0 0 5.385068e-01 8.353395e-01 8.381365e-01 5.488660e-01 6.839230e-01 1.813857e+00 2.226872e+00 2.749615e+00 1.180264e+00 
208 5201 0 0 0 5.385562e-01 8.354352e-01 8.381542e-01 5.487897e-01 6.839885e-01 1.813783e+00 2.227079e+00 2.750132e+00 1.180274e+00 
209 5226 0 0 0 5.385946e-01 8.358608e-01 8.381217e-01 5.487140e-01 6.842628e-01 1.813708e+00 2.227406e+00 2.751311e+00 1.180285e+00 
210 5251 0 0 0 5.386141e-01 8.359645e-01 8.380362e-01 5.487267e-01 6.841844e-01 1.813670e+00 2.227608e+00 2.750105e+00 1.180319e+00 
211 5276 0 0 0 5.387150e-01 8.359418e-01 8.381465e-01 5.488030e-01 6.841312e-01 1.813680e+00 2.227792e+00 2.749315e+00 1.180340e+00 
212 5301 0 0 0 5.386203e-01 8.360215e-01 8.380320e-01 5.487676e-01 6.842497e-01 1.813554e+00 2.227725e+00 2.750147e+00 1.180332e+00 
213 5326 0 0 0 5.384836e-01 8.355483e-01 8.380572e-01 5.489128e-01 6.840264e-01 1.813914e+00 2.227196e+00 2.749877e+00 1.180307e+00 
214 5351 0 0 0 5.384326e-01 8.356477e-01 8.379392e-01 5.487453e-01 6.841118e-01 1.813620e+00 2.227258e+00 2.750657e+00 1.180309e+00 
215 5376 0 0 0 5.385077e-01 8.356621e-01 8.380744e-01 5.487762e-01 6.842446e-01 1.813818e+00 2.227207e+00 2.751763e+00 1.180306e+00 
216 5401 0 0 0 5.385127e-01 8.354851e-01 8.380968e-01 5.488594e-01 6.841463e-01 1.814037e+00 2.227044e+00 2.751370e+00 1.180310e+00 
217 5426 0 0 0 5.384709e-01 8.354966e-01 8.381397e-01 5.490614e-01 6.841367e-01 1.814333e+00 2.226984e+00 2.750898e+00 1.180298e+00 
218 5451 0 0 0 5.384824e-01 8.352957e-01 8.382554e-01 5.491947e-01 6.840120e-01 1.814650e+00 2.226727e+00 2.750304e+00 1.180296e+00 
219 5476 0 0 0 5.385175e-01 8.352586e-01 8.382101e-01 5.491903e-01 6.838339e-01 1.814541e+00 2.226716e+00 2.748550e+00 1.180291e+00 
220 5501 0 0 0 5.385815e-01 8.356778e-01 8.381993e-01 5.489877e-01 6.841478e-01 1.814241e+00 2.227044e+00 2.750362e+00 1.180309e+00 
221 5526 0 0 0 5.384956e-01 8.356105e-01 8.380911e-01 5.490113e-01 6.840217e-01 1.814457e+00 2.226975e+00 2.749753e+00 1.180299e+00 
222 5551 0 0 0 5.386147e-01 8.358710e-01 8.381537e-01 5.488888e-01 6.841367e-01 1.814563e+00 2.227055e+00 2.750391e+00 1.180329e+00 
223 5576 0 0 0 5.385177e-01 8.358812e-01 8.380555e-01 5.489364e-01 6.841290e-01 1.814426e+00 2.227113e+00 2.750128e+00 1.180321e+00 
224 5601 0 0 0 5.386647e-01 8.359293e-01 8.382386e-01 5.488399e-01 6.842727e-01 1.814331e+00 2.227190e+00 2.751325e+00 1.180337e+00 
225 5626 0 0 0 5.387135e-01 8.361174e-01 8.381976e-01 5.487661e-01 6.843290e-01 1.814206e+00 2.227317e+00 2.751232e+00 1.180350e+00 
226 5651 0 0 0 5.386581e-01 8.361888e-01 8.381183e-01 5.487206e-01 6.842655e-01 1.814380e+00 2.227286e+00 2.750969e+00 1.180327e+00 
227 5676 0 0 0 5.386727e-01 8.360579e-01 8.382775e-01 5.488720e-01 6.842816e-01 1.814557e+00 2.227171e+00 2.751222e+00 1.180324e+00 
228 5701 0 0 0 5.386901e-01 8.358417e-01 8.383048e-01 5.489044e-01 6.842019e-01 1.814641e+00 2.227071e+00 2.751051e+00 1.180303e+00 
229 5726 0 0 0 5.386843e-01 8.358843e-01 8.383397e-01 5.489545e-01 6.842237e-01 1.814628e+00 2.227157e+00 2.750976e+00 1.180298e+00 
230 5751 0 0 0 5.385719e-01 8.357552e-01 8.382424e-01 5.490907e-01 6.841242e-01 1.814594e+00 2.227156e+00 2.750079e+00 1.180288e+00 
231 5776 0 0 0 5.385687e-01 8.357423e-01 8.382978e-01 5.490983e-01 6.842019e-01 1.814627e+00 2.227082e+00 2.750899e+00 1.180298e+00 
232 5801 0 0 0 5.385467e-01 8.356137e-01 8.383088e-01 5.490909e-01 6.841529e-01 1.814679e+00 2.226935e+00 2.751003e+00 1.180271e+00 
233 5826 0 0 0 5.384869e-01 8.353747e-01 8.382578e-01 5.491570e-01 6.840287e-01 1.814737e+00 2.226755e+00 2.750436e+00 1.180259e+00 
234 5851 0 0 0 5.384453e-01 8.351701e-01 8.382910e-01 5.492828e-01 6.839738e-01 1.814881e+00 2.226608e+00 2.750336e+00 1.180257e+00 
235 5876 0 0 0 5.384797e-01 8.349784e-01 8.383883e-01 5.492872e-01 6.839041e-01 1.814844e+00 2.226500e+00 2.750277e+00 1.180239e+00 
236 5901 0 0 0 5.385128e-01 8.349622e-01 8.383975e-01 5.491831e-01 6.839285e-01 1.814575e+00 2.226580e+00 2.750609e+00 1.180251e+00 
237 5926 0 0 0 5.384446e-01 8.349114e-01 8.383710e-01 5.492054e-01 6.838754e-01 1.814584e+00 2.226497e+00 2.750409e+00 1.180232e+00 
238 5951 0 0 0 5.383934e-01 8.349134e-01 8.383060e-01 5.492294e-01 6.838421e-01 1.814645e+00 2.226498e+00 2.750126e+00 1.180222e+00 
239 5976 0 0 0 5.383332e-01 8.347491e-01 8.383019e-01 5.493463e-01 6.837880e-01 1.814721e+00 2.226314e+00 2.749803e+00 1.180193e+00 
240 6001 0 0 0 5.383699e-01 8.349170e-01 8.383247e-01 5.493613e-01 6.838451e-01 1.814827e+00 2.226496e+00 2.749846e+00 1.180201e+00 
241 6026 0 0 0 5.383956e-01 8.349592e-01 8.383627e-01 5.493539e-01 6.838999e-01 1.814785e+00 2.226544e+00 2.750187e+00 1.180209e+00 
242 6051 0 0 0 5.384106e-01 8.350767e-01 8.383300e-01 5.492418e-01 6.839297e-01 1.814628e+00 2.226669e+00 2.750368e+00 1.180207e+00 
243 6076 0 0 0 5.383676e-01 8.351933e-01 8.382527e-01 5.492042e-01 6.839664e-01 1.814527e+00 2.226753e+00 2.750434e+00 1.180207e+00 
244 6101 0 0 0 5.383644e-01 8.352412e-01 8.381826e-01 5.491614e-01 6.839665e-01 1.814331e+00 2.226867e+00 2.750181e+00 1.180215e+00 
245 6126 0 0 0 5.384291e-01 8.353778e-01 8.382394e-01 5.490769e-01 6.840771e-01 1.814250e+00 2.226998e+00 2.750936e+00 1.180226e+00 
246 6151 0 0 0 5.384247e-01 8.353841e-01 8.381864e-01 5.490309e-01 6.840797e-01 1.814168e+00 2.227007e+00 2.750956e+00 1.180234e+00 
247 6176 0 0 0 5.384872e-01 8.353040e-01 8.382958e-01 5.490747e-01 6.840538e-01 1.814217e+00 2.226975e+00 2.750808e+00 1.180238e+00 
248 6201 0 0 0 5.385459e-01 8.353596e-01 8.383807e-01 5.490578e-01 6.840853e-01 1.814364e+00 2.226958e+00 2.751100e+00 1.180241e+00 
249 6226 0 0 0 5.385376e-01 8.354123e-01 8.383773e-01 5.490788e-01 6.841231e-01 1.814351e+00 2.226988e+00 2.751179e+00 1.180233e+00 
250 6251 0 0 0 5.385106e-01 8.355587e-01 8.383126e-01 5.490507e-01 6.841622e-01 1.814298e+00 2.227141e+00 2.751182e+00 1.180229e+00 
251 6276 0 0 0 5.384889e-01 8.355824e-01 8.382798e-01 5.490912e-01 6.841684e-01 1.814305e+00 2.227167e+00 2.751012e+00 1.180232e+00 
252 6301 0 0 0 5.385135e-01 8.355903e-01 8.382892e-01 5.490599e-01 6.841679e-01 1.814343e+00 2.227094e+00 2.751062e+00 1.180231e+00 
253 6326 0 0 0 5.384678e-01 8.356249e-01 8.382456e-01 5.491177e-01 6.841637e-01 1.814410e+00 2.227072e+00 2.750805e+00 1.180227e+00 
254 6351 0 0 0 5.384914e-01 8.356837e-01 8.382911e-01 5.491335e-01 6.842444e-01 1.814451e+00 2.227113e+00 2.751290e+00 1.180235e+00 
255 6376 0 0 0 5.384768e-01 8.356660e-01 8.382721e-01 5.491200e-01 6.842146e-01 1.814469e+00 2.227104e+00 2.751197e+00 1.180233e+00 
256 6401 0 0 0 5.384720e-01 8.356625e-01 8.382405e-01 5.490770e-01 6.842025e-01 1.814419e+00 2.227098e+00 2.751194e+00 1.180233e+00 
257 6426 0 0 0 5.384467e-01 8.356472e-01 8.382230e-01 5.490886e-01 6.841849e-01 1.814440e+00 2.227074e+00 2.751112e+00 1.180227e+00 
258 6451 0 0 0 5.384580e-01 8.356050e-01 8.382316e-01 5.490961e-01 6.841795e-01 1.814463e+00 2.227017e+00 2.751121e+00 1.180228e+00 
259 6476 0 0 0 5.384513e-01 8.355075e-01 8.382544e-01 5.491122e-01 6.841227e-01 1.814487e+00 2.226933e+00 2.750923e+00 1.180222e+00 
260 6501 0 0 0 5.384527e-01 8.354898e-01 8.382481e-01 5.491326e-01 6.841057e-01 1.814493e+00 2.226887e+00 2.750705e+00 1.180224e+00 
261 6526 0 0 0 5.384550e-01 8.354890e-01 8.382370e-01 5.491484e-01 6.841083e-01 1.814484e+00 2.226918e+00 2.750626e+00 1.180228e+00 
262 6551 0 0 0 5.384521e-01 8.354436e-01 8.382675e-01 5.492010e-01 6.840881e-01 1.814555e+00 2.226860e+00 2.750472e+00 1.180222e+00 
263 6576 0 0 0 5.384534e-01 8.354939e-01 8.382521e-01 5.491752e-01 6.840976e-01 1.814553e+00 2.226918e+00 2.750502e+00 1.180221e+00 
264 6601 0 0 0 5.384185e-01 8.354725e-01 8.382040e-01 5.492128e-01 6.840771e-01 1.814613e+00 2.226888e+00 2.750318e+00 1.180222e+00 
265 6626 0 0 0 5.384305e-01 8.355265e-01 8.381801e-01 5.491868e-01 6.840818e-01 1.814599e+00 2.226962e+00 2.750248e+00 1.180226e+00 
266 6651 0 0 0 5.384193e-01 8.355084e-01 8.381757e-01 5.492355e-01 6.840625e-01 1.814649e+00 2.226935e+00 2.749992e+00 1.180225e+00 
267 6676 0 0 0 5.383918e-01 8.355409e-01 8.381333e-01 5.492305e-01 6.840294e-01 1.814694e+00 2.226925e+00 2.749714e+00 1.180219e+00 
268 6701 0 0 0 5.383868e-01 8.355010e-01 8.381203e-01 5.492596e-01 6.839646e-01 1.814819e+00 2.226868e+00 2.749267e+00 1.180219e+00 
269 6726 0 0 0 5.383575e-01 8.353924e-01 8.381281e-01 5.492975e-01 6.839253e-01 1.814839e+00 2.226795e+00 2.749198e+00 1.180215e+00 
270 6751 0 0 0 5.383437e-01 8.354458e-01 8.380908e-01 5.493032e-01 6.839478e-01 1.814818e+00 2.226817e+00 2.749157e+00 1.180217e+00 
271 6776 0 0 0 5.383252e-01 8.355413e-01 8.380588e-01 5.492945e-01 6.839997e-01 1.814817e+00 2.226861e+00 2.749379e+00 1.180224e+00 
272 6801 0 0 0 5.383415e-01 8.355482e-01 8.380766e-01 5.492990e-01 6.840027e-01 1.814796e+00 2.226862e+00 2.749319e+00 1.180231e+00 
273 6826 0 0 0 5.383459e-01 8.355277e-01 8.380764e-01 5.492969e-01 6.839723e-01 1.814808e+00 2.226840e+00 2.749128e+00 1.180233e+00 
274 6851 0 0 0 5.383868e-01 8.357034e-01 8.380763e-01 5.492007e-01 6.840946e-01 1.814622e+00 2.227001e+00 2.749794e+00 1.180245e+00 
275 6876 0 0 0 5.383271e-01 8.358226e-01 8.379552e-01 5.492108e-01 6.840935e-01 1.814660e+00 2.227068e+00 2.749444e+00 1.180242e+00 
276 6901 0 0 0 5.383350e-01 8.355751e-01 8.380246e-01 5.492633e-01 6.839793e-01 1.814811e+00 2.226880e+00 2.749170e+00 1.180224e+00 
277 6926 0 0 0 5.382947e-01 8.355680e-01 8.379560e-01 5.492724e-01 6.839198e-01 1.814833e+00 2.226876e+00 2.748683e+00 1.180213e+00 
278 6951 0 0 0 5.382639e-01 8.356458e-01 8.378795e-01 5.492442e-01 6.839032e-01 1.814873e+00 2.226931e+00 2.748484e+00 1.180217e+00 
279 6976 0 0 0 5.383234e-01 8.355910e-01 8.380107e-01 5.492492e-01 6.839381e-01 1.814849e+00 2.226888e+00 2.748903e+00 1.180216e+00 
280 7001 0 0 0 5.383199e-01 8.356031e-01 8.379856e-01 5.492389e-01 6.839073e-01 1.814841e+00 2.226898e+00 2.748614e+00 1.180218e+00 
281 7026 0 0 0 5.383193e-01 8.356068e-01 8.379919e-01 5.492486e-01 6.839198e-01 1.814870e+00 2.226882e+00 2.748707e+00 1.180221e+00 
282 7051 0 0 0 5.383370e-01 8.356257e-01 8.380205e-01 5.492457e-01 6.839279e-01 1.814847e+00 2.226908e+00 2.748709e+00 1.180222e+00 
283 7076 0 0 0 5.383636e-01 8.355976e-01 8.380741e-01 5.492159e-01 6.839318e-01 1.814786e+00 2.226931e+00 2.748906e+00 1.180222e+00 
284 7101 0 0 0 5.383611e-01 8.356839e-01 8.380279e-01 5.491629e-01 6.839581e-01 1.814775e+00 2.226960e+00 2.749034e+00 1.180230e+00 
285 7126 0 0 0 5.383721e-01 8.356915e-01 8.380302e-01 5.491140e-01 6.839788e-01 1.814705e+00 2.226979e+00 2.749301e+00 1.180233e+00 
286 7151 0 0 0 5.383862e-01 8.357509e-01 8.380365e-01 5.490808e-01 6.839931e-01 1.814702e+00 2.227018e+00 2.749374e+00 1.180235e+00 
287 7176 0 0 0 5.383786e-01 8.357456e-01 8.380192e-01 5.490797e-01 6.839830e-01 1.814653e+00 2.227039e+00 2.749260e+00 1.180234e+00 
288 7201 0 0 0 5.383800e-01 8.357085e-01 8.380358e-01 5.490942e-01 6.839487e-01 1.814711e+00 2.226993e+00 2.749092e+00 1.180224e+00 
289 7226 0 0 0 5.383973e-01 8.357235e-01 8.380738e-01 5.490864e-01 6.839639e-01 1.814720e+00 2.227005e+00 2.749237e+00 1.180223e+00 
290 7251 0 0 0 5.384045e-01 8.356871e-01 8.380774e-01 5.490714e-01 6.839504e-01 1.814719e+00 2.226955e+00 2.749250e+00 1.180220e+00 
291 7276 0 0 0 5.384142e-01 8.356620e-01 8.381116e-01 5.490797e-01 6.839444e-01 1.814767e+00 2.226910e+00 2.749303e+00 1.180216e+00 
292 7301 0 0 0 5.384137e-01 8.356921e-01 8.381101e-01 5.490851e-01 6.839527e-01 1.814793e+00 2.226919e+00 2.749303e+00 1.180217e+00 
293 7326 0 0 0 5.384242e-01 8.356770e-01 8.381121e-01 5.490479e-01 6.839487e-01 1.814729e+00 2.226929e+00 2.749376e+00 1.180215e+00 
294 7351 0 0 0 5.384278e-01 8.356808e-01 8.381265e-01 5.490608e-01 6.839787e-01 1.814719e+00 2.226927e+00 2.749559e+00 1.180215e+00 
295 7376 0 0 0 5.384038e-01 8.357266e-01 8.380852e-01 5.490736e-01 6.839917e-01 1.814725e+00 2.226984e+00 2.749516e+00 1.180216e+00 
296 7401 0 0 0 5.384081e-01 8.357841e-01 8.380598e-01 5.490600e-01 6.840197e-01 1.814697e+00 2.227029e+00 2.749569e+00 1.180222e+00 
297 7426 0 0 0 5.383991e-01 8.357655e-01 8.380524e-01 5.490720e-01 6.840275e-01 1.814711e+00 2.226994e+00 2.749651e+00 1.180221e+00 
298 7451 0 0 0 5.383763e-01 8.357436e-01 8.380251e-01 5.491049e-01 6.840196e-01 1.814753e+00 2.226943e+00 2.749552e+00 1.180220e+00 
299 7476 0 0 0 5.383707e-01 8.356492e-01 8.380428e-01 5.491374e-01 6.839897e-01 1.814783e+00 2.226874e+00 2.749488e+00 1.180214e+00 
300 7501 0 0 0 5.383383e-01 8.356377e-01 8.379938e-01 5.491704e-01 6.839908e-01 1.814775e+00 2.226875e+00 2.749387e+00 1.180214e+00 
301 7526 0 0 0 5.383004e-01 8.354932e-01 8.380019e-01 5.492788e-01 6.839258e-01 1.814929e+00 2.226726e+00 2.749037e+00 1.180203e+00 
302 7551 0 0 0 5.383267e-01 8.356430e-01 8.379943e-01 5.491822e-01 6.839774e-01 1.814787e+00 2.226899e+00 2.749276e+00 1.180208e+00 
303 7576 0 0 0 5.383306e-01 8.356594e-01 8.379966e-01 5.491987e-01 6.839894e-01 1.814802e+00 2.226899e+00 2.749271e+00 1.180210e+00 
304 7601 0 0 0 5.383017e-01 8.356435e-01 8.379589e-01 5.492568e-01 6.839584e-01 1.814849e+00 2.226906e+00 2.748881e+00 1.180211e+00 
305 7626 0 0 0 5.383237e-01 8.356367e-01 8.379836e-01 5.492304e-01 6.839680e-01 1.814835e+00 2.226893e+00 2.749047e+00 1.180213e+00 
306 7651 0 0 0 5.383141e-01 8.356535e-01 8.379624e-01 5.492196e-01 6.839524e-01 1.814834e+00 2.226915e+00 2.748924e+00 1.180217e+00 
307 7676 0 0 0 5.382979e-01 8.357126e-01 8.379185e-01 5.492276e-01 6.839440e-01 1.814839e+00 2.226967e+00 2.748654e+00 1.180220e+00 
308 7701 0 0 0 5.382705e-01 8.357019e-01 8.378798e-01 5.492765e-01 6.839486e-01 1.814846e+00 2.226946e+00 2.748525e+00 1.180223e+00 
309 7726 0 0 0 5.382540e-01 8.357637e-01 8.378370e-01 5.492558e-01 6.839673e-01 1.814793e+00 2.227007e+00 2.748541e+00 1.180224e+00 
310 7751 0 0 0 5.382723e-01 8.357385e-01 8.378664e-01 5.492560e-01 6.839847e-01 1.814808e+00 2.226962e+00 2.748747e+00 1.180225e+00 
311 7776 0 0 0 5.382492e-01 8.356148e-01 8.378718e-01 5.493225e-01 6.839382e-01 1.814883e+00 2.226859e+00 2.748551e+00 1.180216e+00 
312 7801 0 0 0 5.382471e-01 8.356572e-01 8.378524e-01 5.493132e-01 6.839323e-01 1.814802e+00 2.226940e+00 2.748337e+00 1.180218e+00 
313 7826 0 0 0 5.382448e-01 8.355525e-01 8.378794e-01 5.493334e-01 6.838651e-01 1.814798e+00 2.226891e+00 2.748031e+00 1.180208e+00 
314 7851 0 0 0 5.382259e-01 8.357026e-01 8.378042e-01 5.493191e-01 6.839201e-01 1.814814e+00 2.226967e+00 2.748089e+00 1.180223e+00 
315 7876 0 0 0 5.382240e-01 8.356610e-01 8.378131e-01 5.493507e-01 6.838988e-01 1.814866e+00 2.226933e+00 2.747960e+00 1.180220e+00 
316 7901 0 0 0 5.382136e-01 8.356234e-01 8.378114e-01 5.493647e-01 6.838903e-01 1.814905e+00 2.226875e+00 2.747989e+00 1.180217e+00 
317 7926 0 0 0 5.382017e-01 8.356711e-01 8.377739e-01 5.493790e-01 6.839217e-01 1.814895e+00 2.226901e+00 2.748022e+00 1.180227e+00 
318 7951 0 0 0 5.381993e-01 8.356444e-01 8.377722e-01 5.493800e-01 6.839096e-01 1.814918e+00 2.226869e+00 2.748003e+00 1.180229e+00 
319 7976 0 0 0 5.381873e-01 8.356919e-01 8.377403e-01 5.493742e-01 6.839447e-01 1.814922e+00 2.226868e+00 2.748169e+00 1.180233e+00 
320 8001 0 0 0 5.381912e-01 8.358002e-01 8.377027e-01 5.493429e-01 6.839871e-01 1.814908e+00 2.226938e+00 2.748280e+00 1.180242e+00 
321 8026 0 0 0 5.382027e-01 8.358378e-01 8.377149e-01 5.493053e-01 6.839819e-01 1.814925e+00 2.226947e+00 2.748303e+00 1.180239e+00 
322 8051 0 0 0 5.382214e-01 8.358222e-01 8.377481e-01 5.492543e-01 6.839570e-01 1.814906e+00 2.226929e+00 2.748333e+00 1.180232e+00 
323 8076 0 0 0 5.382545e-01 8.359058e-01 8.377569e-01 5.492143e-01 6.840363e-01 1.814859e+00 2.226959e+00 2.748780e+00 1.180244e+00 
324 8101 0 0 0 5.382424e-01 8.356996e-01 8.378063e-01 5.493072e-01 6.839725e-01 1.814889e+00 2.226811e+00 2.748527e+00 1.180238e+00 
325 8126 0 0 0 5.382793e-01 8.357305e-01 8.378456e-01 5.492680e-01 6.839927e-01 1.814896e+00 2.226831e+00 2.748742e+00 1.180239e+00 
326 8151 0 0 0 5.382542e-01 8.357054e-01 8.378251e-01 5.492969e-01 6.839913e-01 1.814934e+00 2.226781e+00 2.748748e+00 1.180237e+00 
327 8176 0 0 0 5.382378e-01 8.356411e-01 8.378216e-01 5.493611e-01 6.839434e-01 1.814987e+00 2.226722e+00 2.748333e+00 1.180233e+00 
328 8201 0 0 0 5.382472e-01 8.356647e-01 8.378357e-01 5.493597e-01 6.839561e-01 1.815080e+00 2.226677e+00 2.748458e+00 1.180236e+00 
329 8226 0 0 0 5.382335e-01 8.355760e-01 8.378535e-01 5.493820e-01 6.838935e-01 1.815056e+00 2.226665e+00 2.748148e+00 1.180224e+00 
330 8251 0 0 0 5.382143e-01 8.356509e-01 8.377931e-01 5.493679e-01 6.839293e-01 1.814989e+00 2.226731e+00 2.748195e+00 1.180231e+00 
331 8276 0 0 0 5.382186e-01 8.357448e-01 8.377609e-01 5.493035e-01 6.839630e-01 1.814972e+00 2.226771e+00 2.748413e+00 1.180235e+00 
332 8301 0 0 0 5.382161e-01 8.358905e-01 8.377001e-01 5.492749e-01 6.840186e-01 1.814996e+00 2.226833e+00 2.748532e+00 1.180248e+00 
333 8326 0 0 0 5.382177e-01 8.359789e-01 8.376628e-01 5.492214e-01 6.840631e-01 1.814946e+00 2.226898e+00 2.748779e+00 1.180253e+00 
334 8351 0 0 0 5.381855e-01 8.358931e-01 8.376497e-01 5.492868e-01 6.840149e-01 1.814936e+00 2.226863e+00 2.748392e+00 1.180245e+00 
335 8376 0 0 0 5.382087e-01 8.358804e-01 8.376797e-01 5.492533e-01 6.840316e-01 1.814925e+00 2.226857e+00 2.748672e+00 1.180246e+00 
336 8401 0 0 0 5.382225e-01 8.359801e-01 8.376668e-01 5.491963e-01 6.840792e-01 1.814916e+00 2.226901e+00 2.748974e+00 1.180253e+00 
337 8426 0 0 0 5.382310e-01 8.360261e-01 8.376592e-01 5.491936e-01 6.841138e-01 1.814927e+00 2.226914e+00 2.749114e+00 1.180259e+00 
338 8451 0 0 0 5.382398e-01 8.359535e-01 8.377049e-01 5.492247e-01 6.840875e-01 1.814981e+00 2.226841e+00 2.749052e+00 1.180257e+00 
339 8476 0 0 0 5.382352e-01 8.359884e-01 8.376797e-01 5.492433e-01 6.841191e-01 1.814978e+00 2.226861e+00 2.749103e+00 1.180264e+00 
340 8501 0 0 0 5.381961e-01 8.360488e-01 8.375994e-01 5.492656e-01 6.841350e-01 1.815016e+00 2.226860e+00 2.748990e+00 1.180270e+00 
341 8526 0 0 0 5.381797e-01 8.359582e-01 8.376081e-01 5.493118e-01 6.840855e-01 1.814984e+00 2.226844e+00 2.748658e+00 1.180263e+00 
342 8551 0 0 0 5.381729e-01 8.359067e-01 8.376128e-01 5.493482e-01 6.840593e-01 1.815018e+00 2.226803e+00 2.748475e+00 1.180261e+00 
343 8576 0 0 0 5.381816e-01 8.359273e-01 8.376191e-01 5.493366e-01 6.840767e-01 1.815060e+00 2.226779e+00 2.748630e+00 1.180264e+00 
344 8601 0 0 0 5.381769e-01 8.358360e-01 8.376429e-01 5.493776e-01 6.840347e-01 1.815069e+00 2.226733e+00 2.748410e+00 1.180256e+00 
345 8626 0 0 0 5.381734e-01 8.359156e-01 8.376076e-01 5.493399e-01 6.840647e-01 1.815078e+00 2.226763e+00 2.748567e+00 1.180262e+00 
346 8651 0 0 0 5.381729e-01 8.358831e-01 8.376109e-01 5.493566e-01 6.840604e-01 1.815095e+00 2.226726e+00 2.748557e+00 1.180261e+00 
347 8676 0 0 0 5.381777e-01 8.359570e-01 8.376020e-01 5.493254e-01 6.840893e-01 1.815086e+00 2.226774e+00 2.748706e+00 1.180264e+00 
348 8701 0 0 0 5.381850e-01 8.359067e-01 8.376271e-01 5.493265e-01 6.840709e-01 1.815075e+00 2.226747e+00 2.748689e+00 1.180261e+00 
349 8726 0 0 0 5.381801e-01 8.359171e-01 8.376215e-01 5.493407e-01 6.840810e-01 1.815099e+00 2.226741e+00 2.748710e+00 1.180262e+00 
350 8751 0 0 0 5.381821e-01 8.359049e-01 8.376327e-01 5.493520e-01 6.840869e-01 1.815121e+00 2.226716e+00 2.748771e+00 1.180263e+00 
351 8776 0 0 0 5.381833e-01 8.359137e-01 8.376375e-01 5.493367e-01 6.840891e-01 1.815099e+00 2.226738e+00 2.748825e+00 1.180261e+00 
352 8801 0 0 0 5.381901e-01 8.358762e-01 8.376555e-01 5.493241e-01 6.840742e-01 1.815091e+00 2.226720e+00 2.748856e+00 1.180259e+00 
353 8826 0 0 0 5.381964e-01 8.358196e-01 8.376790e-01 5.493304e-01 6.840536e-01 1.815063e+00 2.226695e+00 2.748798e+00 1.180256e+00 
354 8851 0 0 0 5.381953e-01 8.358547e-01 8.376656e-01 5.493273e-01 6.840561e-01 1.815076e+00 2.226712e+00 2.748733e+00 1.180257e+00 
