%  columns=["iteration, evaluation, sigma, void, void, stds==sigma*sqrt(diag(C))" (startseed=213564, 2015/08/22 12:53:25.65)
1 26 4.921037e+00 0 0 3.501163e-01 4.558202e-01 3.084603e-01 2.968526e-01 2.905363e-01 3.596137e-01 1.376117e+00 4.976313e+00 2.106138e-01 
2 51 4.187499e+00 0 0 2.990266e-01 3.807241e-01 2.584273e-01 2.457042e-01 2.382954e-01 2.970953e-01 1.172016e+00 4.093495e+00 1.747635e-01 
3 76 4.218559e+00 0 0 2.996482e-01 3.951757e-01 2.562855e-01 2.381112e-01 2.517144e-01 2.913837e-01 1.182627e+00 4.016365e+00 1.711970e-01 
4 101 3.990702e+00 0 0 2.808909e-01 3.746016e-01 2.342884e-01 2.229368e-01 2.351398e-01 2.657047e-01 1.084030e+00 3.625392e+00 1.586611e-01 
5 126 4.204228e+00 0 0 2.905794e-01 3.896449e-01 2.381945e-01 2.500365e-01 2.385861e-01 2.800963e-01 1.110724e+00 3.647809e+00 1.633999e-01 
6 151 4.792091e+00 0 0 3.334196e-01 4.386871e-01 2.635095e-01 2.968361e-01 2.629475e-01 3.117500e-01 1.272338e+00 4.067174e+00 1.886826e-01 
7 176 4.307624e+00 0 0 2.999143e-01 3.805996e-01 2.287047e-01 2.722914e-01 2.336240e-01 2.751217e-01 1.112166e+00 3.565983e+00 1.660137e-01 
8 201 4.409893e+00 0 0 3.023705e-01 3.746817e-01 2.252608e-01 2.791968e-01 2.337666e-01 2.779439e-01 1.176881e+00 3.513226e+00 1.707666e-01 
9 226 4.295405e+00 0 0 2.846020e-01 3.662543e-01 2.115920e-01 2.809736e-01 2.261072e-01 2.669766e-01 1.156509e+00 3.319912e+00 1.651947e-01 
10 251 4.847174e+00 0 0 3.607061e-01 4.089885e-01 2.299953e-01 3.170198e-01 2.547156e-01 3.088295e-01 1.307280e+00 3.627591e+00 1.802778e-01 
11 276 4.821197e+00 0 0 3.568876e-01 3.908588e-01 2.230887e-01 3.093238e-01 2.524326e-01 3.014725e-01 1.318625e+00 3.486490e+00 1.768965e-01 
12 301 4.528416e+00 0 0 3.321289e-01 3.652193e-01 2.090648e-01 2.797919e-01 2.340163e-01 2.778922e-01 1.190989e+00 3.131274e+00 1.633915e-01 
13 326 4.121131e+00 0 0 2.947806e-01 3.334713e-01 1.849323e-01 2.530490e-01 2.117056e-01 2.499912e-01 1.087466e+00 2.805370e+00 1.481346e-01 
14 351 3.736292e+00 0 0 2.637440e-01 2.970184e-01 1.637050e-01 2.221914e-01 1.942990e-01 2.243488e-01 9.815492e-01 2.472003e+00 1.302262e-01 
15 376 3.613721e+00 0 0 2.490474e-01 2.817000e-01 1.546352e-01 2.087457e-01 1.884735e-01 2.113259e-01 9.430834e-01 2.311346e+00 1.235310e-01 
16 401 3.171332e+00 0 0 2.156896e-01 2.437046e-01 1.308391e-01 1.810788e-01 1.676868e-01 1.842089e-01 8.092677e-01 1.953616e+00 1.071229e-01 
17 426 3.065315e+00 0 0 2.113621e-01 2.300416e-01 1.221717e-01 1.740053e-01 1.642156e-01 1.807420e-01 7.802150e-01 1.837302e+00 1.086530e-01 
18 451 2.923514e+00 0 0 2.025151e-01 2.227170e-01 1.134674e-01 1.605001e-01 1.535306e-01 1.681105e-01 7.322422e-01 1.671723e+00 1.002238e-01 
19 476 2.886495e+00 0 0 2.090530e-01 2.140594e-01 1.114394e-01 1.550018e-01 1.524820e-01 1.646835e-01 7.438573e-01 1.618784e+00 9.648308e-02 
20 501 2.862958e+00 0 0 2.117715e-01 2.175338e-01 1.066419e-01 1.478638e-01 1.536677e-01 1.625813e-01 7.291223e-01 1.554882e+00 9.528436e-02 
21 526 2.904622e+00 0 0 2.124582e-01 2.181045e-01 1.056003e-01 1.456591e-01 1.505765e-01 1.688900e-01 7.176403e-01 1.510317e+00 9.729122e-02 
22 551 2.591944e+00 0 0 1.866604e-01 1.893011e-01 9.186352e-02 1.286760e-01 1.322849e-01 1.463175e-01 6.322162e-01 1.314046e+00 8.403124e-02 
23 576 2.407176e+00 0 0 1.707974e-01 1.704847e-01 8.396857e-02 1.152014e-01 1.206070e-01 1.358212e-01 5.972506e-01 1.182443e+00 7.617652e-02 
24 601 2.080220e+00 0 0 1.460221e-01 1.425529e-01 7.244111e-02 9.654132e-02 1.017134e-01 1.168115e-01 5.035826e-01 1.030547e+00 6.441224e-02 
25 626 1.993230e+00 0 0 1.366645e-01 1.324306e-01 7.163067e-02 8.957682e-02 1.026005e-01 1.133854e-01 4.787135e-01 9.729253e-01 6.114104e-02 
26 651 1.864216e+00 0 0 1.238585e-01 1.231457e-01 6.924347e-02 8.073582e-02 9.597391e-02 1.045979e-01 4.573295e-01 8.827998e-01 5.720691e-02 
27 676 2.037043e+00 0 0 1.325053e-01 1.304515e-01 7.337791e-02 8.543529e-02 1.034659e-01 1.111143e-01 5.017768e-01 9.592780e-01 6.808124e-02 
28 701 2.126790e+00 0 0 1.344282e-01 1.345901e-01 7.614728e-02 8.609199e-02 1.083894e-01 1.194759e-01 5.145187e-01 9.656105e-01 7.274369e-02 
29 726 2.081438e+00 0 0 1.282370e-01 1.282720e-01 7.265100e-02 8.259022e-02 1.068391e-01 1.212561e-01 4.990794e-01 9.117095e-01 7.058575e-02 
30 751 2.054807e+00 0 0 1.239548e-01 1.237354e-01 6.961669e-02 8.062705e-02 1.052363e-01 1.222842e-01 4.806495e-01 8.822754e-01 7.113887e-02 
31 776 2.135965e+00 0 0 1.291658e-01 1.242362e-01 7.329450e-02 8.584030e-02 1.085972e-01 1.299722e-01 4.931766e-01 8.928954e-01 7.279787e-02 
32 801 1.897877e+00 0 0 1.123994e-01 1.062838e-01 6.384046e-02 7.321295e-02 9.378150e-02 1.134221e-01 4.201543e-01 7.629197e-01 6.380691e-02 
33 826 1.930477e+00 0 0 1.124700e-01 1.059885e-01 6.610529e-02 7.481456e-02 9.186230e-02 1.142388e-01 4.376476e-01 7.649734e-01 6.232536e-02 
34 851 2.116017e+00 0 0 1.226090e-01 1.150662e-01 7.339776e-02 8.060215e-02 9.814334e-02 1.294398e-01 4.776994e-01 8.303757e-01 6.679403e-02 
35 876 2.153714e+00 0 0 1.208024e-01 1.129938e-01 7.342721e-02 8.113738e-02 1.010382e-01 1.420107e-01 5.048062e-01 8.351995e-01 6.659947e-02 
36 901 2.224432e+00 0 0 1.237723e-01 1.151881e-01 7.820801e-02 8.322282e-02 1.111551e-01 1.444504e-01 5.405688e-01 8.461535e-01 6.973524e-02 
37 926 1.966808e+00 0 0 1.083236e-01 9.948629e-02 7.004312e-02 7.189768e-02 9.521959e-02 1.280673e-01 4.763807e-01 7.260606e-01 6.053523e-02 
38 951 1.860082e+00 0 0 1.017497e-01 9.518396e-02 6.564464e-02 6.588238e-02 8.838573e-02 1.247922e-01 4.585294e-01 6.657457e-01 5.655502e-02 
39 976 1.837928e+00 0 0 1.024743e-01 9.273511e-02 6.443007e-02 6.310404e-02 8.623702e-02 1.253246e-01 4.560247e-01 6.511039e-01 5.488030e-02 
40 1001 1.709108e+00 0 0 9.304523e-02 8.352500e-02 6.537078e-02 5.697751e-02 8.001137e-02 1.149282e-01 4.252790e-01 5.913889e-01 5.151938e-02 
41 1026 1.640836e+00 0 0 8.915780e-02 7.884362e-02 6.338634e-02 5.338880e-02 7.690720e-02 1.072002e-01 4.274400e-01 5.475112e-01 4.800742e-02 
42 1051 1.412483e+00 0 0 7.402227e-02 6.704479e-02 5.519183e-02 4.608346e-02 6.750160e-02 8.994676e-02 3.659111e-01 4.696521e-01 4.095287e-02 
43 1076 1.469611e+00 0 0 8.054385e-02 7.235665e-02 5.619361e-02 4.802280e-02 7.012617e-02 9.065621e-02 3.861461e-01 4.775016e-01 4.206729e-02 
44 1101 1.389825e+00 0 0 7.436754e-02 6.589150e-02 5.132170e-02 4.469014e-02 6.951410e-02 8.357148e-02 3.547618e-01 4.414777e-01 4.002609e-02 
45 1126 1.416813e+00 0 0 7.511077e-02 6.568927e-02 5.079236e-02 4.524267e-02 7.204470e-02 8.812757e-02 3.571945e-01 4.533438e-01 3.983244e-02 
46 1151 1.391587e+00 0 0 7.362514e-02 6.549767e-02 4.872164e-02 4.568121e-02 7.266587e-02 8.913264e-02 3.451924e-01 4.462228e-01 4.042240e-02 
47 1176 1.318063e+00 0 0 7.206403e-02 6.276353e-02 4.472758e-02 4.258562e-02 6.768230e-02 8.181283e-02 3.257350e-01 4.238267e-01 3.828509e-02 
48 1201 1.376779e+00 0 0 7.624409e-02 7.176164e-02 4.662624e-02 4.402246e-02 6.927374e-02 8.405071e-02 3.636730e-01 4.325997e-01 3.977541e-02 
49 1226 1.276741e+00 0 0 6.980599e-02 6.788998e-02 4.309354e-02 4.243136e-02 6.348645e-02 7.875899e-02 3.368690e-01 3.934550e-01 3.727872e-02 
50 1251 1.192003e+00 0 0 6.521699e-02 6.473948e-02 4.083679e-02 4.025744e-02 5.930523e-02 7.205928e-02 3.072335e-01 3.587554e-01 3.501406e-02 
51 1276 1.129072e+00 0 0 6.150733e-02 6.042636e-02 3.865138e-02 3.710076e-02 5.441501e-02 6.701941e-02 2.805293e-01 3.306836e-01 3.186110e-02 
52 1301 1.168751e+00 0 0 6.504544e-02 6.573453e-02 3.933120e-02 3.878790e-02 5.776730e-02 6.940406e-02 2.815033e-01 3.319938e-01 3.423533e-02 
53 1326 1.179102e+00 0 0 6.515775e-02 6.650557e-02 3.843949e-02 4.050240e-02 5.751985e-02 6.861605e-02 2.988682e-01 3.227229e-01 3.480303e-02 
54 1351 1.108139e+00 0 0 5.938427e-02 6.137331e-02 3.641225e-02 3.749863e-02 5.224757e-02 6.428545e-02 2.805856e-01 2.914916e-01 3.205621e-02 
55 1376 1.094336e+00 0 0 5.965791e-02 5.963046e-02 3.732693e-02 3.685923e-02 5.059693e-02 6.293855e-02 2.864565e-01 2.817827e-01 3.107841e-02 
56 1401 1.147049e+00 0 0 6.283029e-02 6.196487e-02 4.005365e-02 3.881491e-02 5.185518e-02 6.491201e-02 3.109818e-01 3.020257e-01 3.280758e-02 
57 1426 1.161971e+00 0 0 6.374787e-02 6.223121e-02 4.106258e-02 3.879232e-02 5.235149e-02 6.414419e-02 3.153966e-01 3.158707e-01 3.259207e-02 
58 1451 1.052561e+00 0 0 5.773133e-02 5.479760e-02 3.708742e-02 3.468743e-02 4.753086e-02 5.751829e-02 2.824224e-01 2.772990e-01 3.009485e-02 
59 1476 1.135247e+00 0 0 6.091745e-02 5.772474e-02 4.068597e-02 3.838610e-02 5.244736e-02 6.185005e-02 3.097305e-01 3.012409e-01 3.270608e-02 
60 1501 1.145233e+00 0 0 6.075558e-02 5.593806e-02 4.016449e-02 3.963063e-02 5.228361e-02 6.046802e-02 3.072580e-01 3.150983e-01 3.347590e-02 
61 1526 1.152076e+00 0 0 6.041320e-02 5.659508e-02 3.923580e-02 4.078505e-02 5.146784e-02 5.941670e-02 3.077148e-01 3.093292e-01 3.419259e-02 
62 1551 1.189272e+00 0 0 6.076028e-02 5.881701e-02 4.110174e-02 4.145443e-02 5.342613e-02 6.055980e-02 3.124035e-01 3.175875e-01 3.512474e-02 
63 1576 1.219296e+00 0 0 6.165941e-02 5.991771e-02 4.140427e-02 4.173696e-02 5.426420e-02 6.201591e-02 3.128407e-01 3.141792e-01 3.706818e-02 
64 1601 1.153540e+00 0 0 5.756339e-02 5.467986e-02 4.001990e-02 3.822078e-02 4.978527e-02 5.748252e-02 2.928936e-01 2.942339e-01 3.533223e-02 
65 1626 1.142737e+00 0 0 5.557912e-02 5.463185e-02 4.060124e-02 3.708835e-02 4.985196e-02 5.641592e-02 2.849116e-01 2.865439e-01 3.454120e-02 
66 1651 1.297849e+00 0 0 6.307339e-02 6.161105e-02 4.698773e-02 4.146478e-02 5.845807e-02 6.535522e-02 3.294346e-01 3.482677e-01 4.364683e-02 
67 1676 1.212801e+00 0 0 5.736347e-02 6.005678e-02 4.386129e-02 3.706740e-02 5.314332e-02 6.098267e-02 3.086728e-01 3.302656e-01 4.030518e-02 
68 1701 1.251467e+00 0 0 5.865404e-02 6.399726e-02 4.423860e-02 3.762465e-02 5.381005e-02 6.404839e-02 3.076051e-01 3.302672e-01 4.113360e-02 
69 1726 1.212514e+00 0 0 5.623977e-02 6.283497e-02 4.252769e-02 3.531827e-02 5.110289e-02 6.033903e-02 2.912137e-01 3.171409e-01 3.899692e-02 
70 1751 1.136350e+00 0 0 5.192749e-02 5.793903e-02 3.886887e-02 3.286208e-02 4.784074e-02 5.508310e-02 2.659064e-01 2.890122e-01 3.550731e-02 
71 1776 1.102065e+00 0 0 4.875991e-02 5.541545e-02 3.723299e-02 3.104254e-02 4.577372e-02 5.287484e-02 2.711044e-01 2.737849e-01 3.432084e-02 
72 1801 1.089783e+00 0 0 4.660807e-02 5.607350e-02 3.610377e-02 3.000188e-02 4.492804e-02 5.172200e-02 2.628536e-01 2.779779e-01 3.276006e-02 
73 1826 1.001640e+00 0 0 4.250939e-02 5.200392e-02 3.326829e-02 2.922214e-02 4.015187e-02 4.699004e-02 2.451262e-01 2.486001e-01 2.962276e-02 
74 1851 8.767079e-01 0 0 3.682824e-02 4.453053e-02 2.856082e-02 2.482360e-02 3.426024e-02 4.163273e-02 2.079855e-01 2.186694e-01 2.523095e-02 
75 1876 8.231559e-01 0 0 3.405067e-02 4.001042e-02 2.691934e-02 2.312410e-02 3.140049e-02 3.847396e-02 1.950962e-01 2.008822e-01 2.413359e-02 
76 1901 8.602636e-01 0 0 3.497006e-02 4.090635e-02 2.890989e-02 2.375239e-02 3.220622e-02 3.853206e-02 2.049813e-01 2.056872e-01 2.679092e-02 
77 1926 7.903936e-01 0 0 3.121319e-02 3.771279e-02 2.689926e-02 2.149903e-02 2.941704e-02 3.517010e-02 1.937148e-01 1.864956e-01 2.463977e-02 
78 1951 7.264086e-01 0 0 2.802035e-02 3.415565e-02 2.403475e-02 1.920898e-02 2.684941e-02 3.217281e-02 1.756756e-01 1.666012e-01 2.229861e-02 
79 1976 7.247855e-01 0 0 2.834489e-02 3.289270e-02 2.380514e-02 1.929146e-02 2.641421e-02 3.265368e-02 1.712977e-01 1.652835e-01 2.204091e-02 
80 2001 7.746538e-01 0 0 3.024665e-02 3.502658e-02 2.557651e-02 2.069830e-02 2.986741e-02 3.546863e-02 1.773439e-01 1.753591e-01 2.327215e-02 
81 2026 7.782271e-01 0 0 2.932323e-02 3.414372e-02 2.601744e-02 2.013765e-02 3.019802e-02 3.558232e-02 1.762446e-01 1.716852e-01 2.278249e-02 
82 2051 8.238384e-01 0 0 3.109129e-02 3.482384e-02 2.705341e-02 2.227681e-02 3.169135e-02 3.739471e-02 1.873301e-01 1.757028e-01 2.429179e-02 
83 2076 7.742684e-01 0 0 2.872965e-02 3.247705e-02 2.511401e-02 2.062290e-02 3.019218e-02 3.698856e-02 1.848345e-01 1.581868e-01 2.296952e-02 
84 2101 7.960818e-01 0 0 2.901501e-02 3.261589e-02 2.616317e-02 2.131357e-02 3.117812e-02 3.759574e-02 1.904284e-01 1.626515e-01 2.273594e-02 
85 2126 9.182791e-01 0 0 3.206507e-02 3.673783e-02 3.094598e-02 2.534194e-02 3.542965e-02 4.157573e-02 2.321499e-01 1.816076e-01 2.606983e-02 
86 2151 9.340155e-01 0 0 3.344314e-02 3.737950e-02 3.295593e-02 2.561966e-02 3.552670e-02 4.231611e-02 2.493960e-01 1.900141e-01 2.565151e-02 
87 2176 8.257013e-01 0 0 2.916945e-02 3.183003e-02 2.848553e-02 2.223988e-02 3.072199e-02 3.651935e-02 2.214963e-01 1.631364e-01 2.244617e-02 
88 2201 9.799409e-01 0 0 3.554013e-02 3.685233e-02 3.394902e-02 2.678045e-02 3.698188e-02 4.447233e-02 2.546615e-01 1.891381e-01 2.780792e-02 
89 2226 9.752596e-01 0 0 3.405940e-02 3.594214e-02 3.436314e-02 2.675266e-02 3.689581e-02 4.470764e-02 2.447295e-01 1.849993e-01 2.759283e-02 
90 2251 8.830464e-01 0 0 3.089260e-02 3.204306e-02 3.050967e-02 2.357628e-02 3.242795e-02 3.957540e-02 2.146700e-01 1.652345e-01 2.483745e-02 
91 2276 8.294716e-01 0 0 2.826921e-02 3.017141e-02 2.780066e-02 2.176048e-02 3.012328e-02 3.603495e-02 1.980796e-01 1.542701e-01 2.362098e-02 
92 2301 8.895129e-01 0 0 2.993937e-02 3.270333e-02 2.941362e-02 2.262860e-02 3.191868e-02 3.949965e-02 2.089228e-01 1.644349e-01 2.493614e-02 
93 2326 8.599895e-01 0 0 2.941161e-02 3.088783e-02 2.870979e-02 2.132169e-02 3.114850e-02 3.748380e-02 2.035475e-01 1.613370e-01 2.332558e-02 
94 2351 7.466142e-01 0 0 2.589129e-02 2.716841e-02 2.422989e-02 1.787544e-02 2.804566e-02 3.123471e-02 1.744086e-01 1.384345e-01 2.008672e-02 
95 2376 7.005907e-01 0 0 2.372595e-02 2.524501e-02 2.250584e-02 1.621824e-02 2.793281e-02 2.893694e-02 1.603988e-01 1.262243e-01 1.855768e-02 
96 2401 6.913821e-01 0 0 2.327350e-02 2.415361e-02 2.164179e-02 1.529685e-02 2.716092e-02 2.817061e-02 1.584047e-01 1.232910e-01 1.783751e-02 
97 2426 6.879901e-01 0 0 2.288053e-02 2.306900e-02 2.087771e-02 1.482806e-02 2.808558e-02 2.792633e-02 1.568152e-01 1.263600e-01 1.734677e-02 
98 2451 7.536338e-01 0 0 2.467273e-02 2.599970e-02 2.248159e-02 1.573257e-02 3.164310e-02 3.026788e-02 1.707443e-01 1.333352e-01 1.897794e-02 
99 2476 9.335710e-01 0 0 3.138456e-02 3.184708e-02 2.756442e-02 1.892481e-02 4.084873e-02 3.802864e-02 2.034350e-01 1.660578e-01 2.359582e-02 
100 2501 1.179076e+00 0 0 3.891431e-02 3.984705e-02 3.435851e-02 2.378563e-02 5.355088e-02 4.869945e-02 2.478297e-01 2.064804e-01 2.915811e-02 
101 2526 1.238948e+00 0 0 3.972492e-02 4.080845e-02 3.576115e-02 2.507737e-02 5.643640e-02 4.909182e-02 2.571470e-01 2.123246e-01 3.012173e-02 
102 2551 1.126597e+00 0 0 3.532933e-02 3.608467e-02 3.132989e-02 2.240481e-02 5.074588e-02 4.395473e-02 2.338591e-01 1.874728e-01 2.675563e-02 
103 2576 1.049339e+00 0 0 3.205128e-02 3.238562e-02 2.863031e-02 2.053585e-02 4.636035e-02 4.069870e-02 2.182000e-01 1.710673e-01 2.392020e-02 
104 2601 1.096977e+00 0 0 3.231113e-02 3.313448e-02 3.039518e-02 2.103716e-02 4.799359e-02 4.267607e-02 2.323774e-01 1.764945e-01 2.477284e-02 
105 2626 1.102134e+00 0 0 3.194828e-02 3.243603e-02 3.189263e-02 2.076623e-02 4.762604e-02 4.356746e-02 2.278608e-01 1.707789e-01 2.425479e-02 
106 2651 9.497771e-01 0 0 2.654801e-02 2.780022e-02 2.781051e-02 1.744373e-02 4.144067e-02 3.681775e-02 1.932805e-01 1.461716e-01 2.058688e-02 
107 2676 9.696151e-01 0 0 2.772280e-02 2.821395e-02 2.987540e-02 1.801501e-02 4.316426e-02 3.781790e-02 2.004825e-01 1.462983e-01 2.084616e-02 
108 2701 8.824536e-01 0 0 2.504822e-02 2.491986e-02 2.660135e-02 1.599536e-02 3.812526e-02 3.307620e-02 1.750853e-01 1.336277e-01 1.849066e-02 
109 2726 8.236839e-01 0 0 2.303630e-02 2.287555e-02 2.434192e-02 1.460685e-02 3.651236e-02 2.996060e-02 1.632638e-01 1.212570e-01 1.695900e-02 
110 2751 7.367072e-01 0 0 2.062445e-02 1.950508e-02 2.129204e-02 1.261883e-02 3.222614e-02 2.590539e-02 1.459836e-01 1.051739e-01 1.466041e-02 
111 2776 7.626846e-01 0 0 2.057438e-02 2.051548e-02 2.174310e-02 1.295644e-02 3.425691e-02 2.657369e-02 1.532143e-01 1.111482e-01 1.461591e-02 
112 2801 7.182472e-01 0 0 1.908246e-02 1.989520e-02 2.003359e-02 1.185744e-02 3.181827e-02 2.611205e-02 1.397118e-01 1.026298e-01 1.326998e-02 
113 2826 7.473028e-01 0 0 1.969377e-02 2.075153e-02 2.038864e-02 1.210925e-02 3.229458e-02 2.732535e-02 1.472618e-01 1.061373e-01 1.341846e-02 
114 2851 7.634064e-01 0 0 2.069142e-02 2.088480e-02 2.055135e-02 1.195992e-02 3.211004e-02 2.711818e-02 1.522737e-01 1.072357e-01 1.320384e-02 
115 2876 8.725512e-01 0 0 2.476079e-02 2.317865e-02 2.345502e-02 1.361594e-02 3.807550e-02 3.075423e-02 1.728928e-01 1.237802e-01 1.451458e-02 
116 2901 9.093992e-01 0 0 2.545631e-02 2.418516e-02 2.476782e-02 1.390691e-02 3.953918e-02 3.198500e-02 1.800087e-01 1.289797e-01 1.479217e-02 
117 2926 9.248633e-01 0 0 2.514781e-02 2.467488e-02 2.518842e-02 1.404418e-02 3.930390e-02 3.222277e-02 1.805126e-01 1.274386e-01 1.454371e-02 
118 2951 8.567452e-01 0 0 2.338651e-02 2.296312e-02 2.303837e-02 1.313495e-02 3.535353e-02 2.982179e-02 1.631699e-01 1.168497e-01 1.296927e-02 
119 2976 7.779392e-01 0 0 2.082453e-02 2.037992e-02 2.093736e-02 1.178942e-02 3.220466e-02 2.797958e-02 1.463935e-01 1.064156e-01 1.136213e-02 
120 3001 7.442230e-01 0 0 1.980135e-02 1.877059e-02 1.922138e-02 1.133014e-02 2.987712e-02 2.667726e-02 1.352330e-01 9.991285e-02 1.049780e-02 
121 3026 6.442818e-01 0 0 1.652219e-02 1.638644e-02 1.648381e-02 9.707320e-03 2.521253e-02 2.236270e-02 1.169636e-01 8.289562e-02 8.691765e-03 
122 3051 5.744669e-01 0 0 1.470276e-02 1.426093e-02 1.465971e-02 8.454291e-03 2.209006e-02 1.979274e-02 1.004517e-01 7.419832e-02 7.438334e-03 
123 3076 4.983562e-01 0 0 1.229953e-02 1.219920e-02 1.231811e-02 7.278811e-03 1.845973e-02 1.746769e-02 8.533612e-02 6.212889e-02 6.403189e-03 
124 3101 4.769238e-01 0 0 1.145379e-02 1.147911e-02 1.156903e-02 6.793202e-03 1.723442e-02 1.693795e-02 8.155723e-02 5.737738e-02 6.156080e-03 
125 3126 4.906298e-01 0 0 1.175639e-02 1.171406e-02 1.173641e-02 7.083138e-03 1.758338e-02 1.779031e-02 8.444947e-02 5.919036e-02 6.183262e-03 
126 3151 4.901101e-01 0 0 1.137669e-02 1.178845e-02 1.125984e-02 7.027052e-03 1.782264e-02 1.750448e-02 8.194935e-02 6.281147e-02 5.947877e-03 
127 3176 4.495619e-01 0 0 1.037101e-02 1.050217e-02 1.026751e-02 6.164869e-03 1.627202e-02 1.615884e-02 7.326190e-02 5.868629e-02 5.289279e-03 
128 3201 4.398636e-01 0 0 1.008293e-02 1.014926e-02 9.804186e-03 5.930935e-03 1.613233e-02 1.540440e-02 7.299642e-02 5.983821e-02 4.988981e-03 
129 3226 4.409790e-01 0 0 9.950340e-03 1.037089e-02 9.685369e-03 6.084029e-03 1.639436e-02 1.519100e-02 7.271909e-02 5.831527e-02 4.788026e-03 
130 3251 4.265919e-01 0 0 9.478815e-03 9.757842e-03 9.196309e-03 6.070693e-03 1.554616e-02 1.436144e-02 6.755576e-02 5.459933e-02 4.461408e-03 
131 3276 3.987720e-01 0 0 8.948265e-03 8.914878e-03 8.769202e-03 5.556837e-03 1.407668e-02 1.316463e-02 6.218934e-02 5.035172e-02 3.991172e-03 
132 3301 3.568407e-01 0 0 8.270037e-03 7.914106e-03 7.932996e-03 5.045192e-03 1.254950e-02 1.162373e-02 5.544169e-02 4.410689e-02 3.422785e-03 
133 3326 3.750756e-01 0 0 8.901252e-03 8.129742e-03 8.088574e-03 5.463259e-03 1.434912e-02 1.251562e-02 5.968375e-02 4.579399e-02 3.455675e-03 
134 3351 4.074351e-01 0 0 9.430524e-03 8.686234e-03 8.636473e-03 6.221076e-03 1.593390e-02 1.307018e-02 6.370399e-02 4.906484e-02 3.598269e-03 
135 3376 3.962525e-01 0 0 9.081333e-03 8.388020e-03 8.554933e-03 6.148815e-03 1.562897e-02 1.262821e-02 6.140461e-02 4.793621e-02 3.351835e-03 
136 3401 3.781512e-01 0 0 8.728077e-03 7.911182e-03 8.004137e-03 5.830332e-03 1.491967e-02 1.185138e-02 5.723176e-02 4.402207e-02 3.062641e-03 
137 3426 3.716304e-01 0 0 8.528421e-03 7.748066e-03 7.991893e-03 5.684332e-03 1.484669e-02 1.160969e-02 5.561828e-02 4.181132e-02 2.885909e-03 
138 3451 3.704056e-01 0 0 8.285929e-03 8.021338e-03 7.730362e-03 5.713455e-03 1.459936e-02 1.151395e-02 5.543037e-02 4.108750e-02 2.768469e-03 
139 3476 3.406972e-01 0 0 7.724401e-03 7.115577e-03 6.900171e-03 5.311933e-03 1.332329e-02 1.032943e-02 4.943362e-02 3.754781e-02 2.433577e-03 
140 3501 3.207726e-01 0 0 7.281087e-03 6.541706e-03 6.425513e-03 4.897535e-03 1.256325e-02 9.412362e-03 4.728916e-02 3.502375e-02 2.197257e-03 
141 3526 3.692419e-01 0 0 8.344082e-03 7.399497e-03 7.868983e-03 5.529406e-03 1.439072e-02 1.051370e-02 5.602177e-02 3.883040e-02 2.446978e-03 
142 3551 3.298021e-01 0 0 7.374662e-03 6.422324e-03 7.131854e-03 4.791710e-03 1.260154e-02 9.058314e-03 4.884638e-02 3.435644e-02 2.098618e-03 
143 3576 3.308790e-01 0 0 7.355042e-03 6.390656e-03 6.938536e-03 4.741649e-03 1.263925e-02 9.046891e-03 4.811827e-02 3.508733e-02 2.020604e-03 
144 3601 3.447214e-01 0 0 7.456348e-03 6.928310e-03 6.945478e-03 4.928377e-03 1.370505e-02 9.298996e-03 4.881155e-02 3.686595e-02 2.043416e-03 
145 3626 3.458347e-01 0 0 7.510903e-03 6.914505e-03 6.755997e-03 4.941203e-03 1.381749e-02 9.042439e-03 4.712114e-02 3.810460e-02 1.978386e-03 
146 3651 3.522207e-01 0 0 7.618234e-03 7.127161e-03 6.947806e-03 5.050986e-03 1.375989e-02 9.071103e-03 4.852393e-02 3.762294e-02 1.927995e-03 
147 3676 3.197258e-01 0 0 7.054258e-03 6.291645e-03 6.120023e-03 4.568514e-03 1.244150e-02 8.056009e-03 4.356098e-02 3.413972e-02 1.678542e-03 
148 3701 3.107184e-01 0 0 6.742275e-03 6.023104e-03 5.862273e-03 4.395452e-03 1.213602e-02 7.945552e-03 4.473615e-02 3.228822e-02 1.581177e-03 
149 3726 2.939679e-01 0 0 6.191624e-03 5.707370e-03 5.382231e-03 4.254434e-03 1.166874e-02 8.082662e-03 4.293174e-02 3.066303e-02 1.436994e-03 
150 3751 3.017650e-01 0 0 6.314308e-03 5.761059e-03 5.425082e-03 4.241509e-03 1.211936e-02 8.558395e-03 4.344773e-02 3.216490e-02 1.437381e-03 
151 3776 3.046433e-01 0 0 6.426534e-03 5.900099e-03 5.513340e-03 4.196681e-03 1.225099e-02 8.479625e-03 4.390385e-02 3.243056e-02 1.438678e-03 
152 3801 3.087199e-01 0 0 6.580136e-03 6.312328e-03 5.402228e-03 4.157871e-03 1.217903e-02 8.572496e-03 4.322940e-02 3.224575e-02 1.400370e-03 
153 3826 3.006636e-01 0 0 6.686949e-03 6.570495e-03 5.202824e-03 4.059701e-03 1.189877e-02 8.392793e-03 4.096198e-02 3.218615e-02 1.311257e-03 
154 3851 2.804994e-01 0 0 6.267207e-03 5.985039e-03 4.782534e-03 3.797971e-03 1.076578e-02 7.520683e-03 3.824448e-02 2.948114e-02 1.174527e-03 
155 3876 2.574175e-01 0 0 5.578472e-03 5.447102e-03 4.357206e-03 3.553161e-03 9.981526e-03 6.924715e-03 3.509384e-02 2.681262e-02 1.052948e-03 
156 3901 2.467253e-01 0 0 5.354496e-03 4.985179e-03 4.227595e-03 3.366548e-03 9.456662e-03 6.404403e-03 3.339046e-02 2.628022e-02 9.685848e-04 
157 3926 2.305637e-01 0 0 4.950647e-03 4.570502e-03 3.832334e-03 3.053481e-03 8.597156e-03 5.948117e-03 2.987888e-02 2.376210e-02 8.772104e-04 
158 3951 2.197604e-01 0 0 4.804547e-03 4.211290e-03 3.713033e-03 2.986597e-03 7.903282e-03 5.596395e-03 2.748461e-02 2.246000e-02 8.273016e-04 
159 3976 1.984816e-01 0 0 4.242803e-03 3.804898e-03 3.323939e-03 2.603631e-03 7.819103e-03 5.003817e-03 2.474407e-02 2.063739e-02 7.315162e-04 
160 4001 1.840882e-01 0 0 3.915296e-03 3.502809e-03 3.039453e-03 2.353321e-03 7.119892e-03 4.569088e-03 2.269247e-02 1.914008e-02 6.608540e-04 
161 4026 1.864237e-01 0 0 3.914293e-03 3.679466e-03 3.002920e-03 2.509515e-03 7.196910e-03 4.724040e-03 2.473485e-02 1.877434e-02 6.489310e-04 
162 4051 2.122518e-01 0 0 4.348325e-03 4.166154e-03 3.543172e-03 3.011095e-03 8.127383e-03 5.768774e-03 2.931900e-02 2.055774e-02 7.231984e-04 
163 4076 2.153964e-01 0 0 4.350389e-03 4.079963e-03 3.477832e-03 3.094301e-03 8.211381e-03 5.925623e-03 2.933189e-02 2.174875e-02 7.234901e-04 
164 4101 2.057885e-01 0 0 4.047467e-03 3.800340e-03 3.228719e-03 2.940507e-03 7.725519e-03 5.483252e-03 2.778505e-02 2.075814e-02 6.773855e-04 
165 4126 1.880968e-01 0 0 3.555002e-03 3.366859e-03 3.008119e-03 2.690967e-03 7.285492e-03 4.964073e-03 2.542332e-02 1.883279e-02 6.066093e-04 
166 4151 1.776747e-01 0 0 3.284320e-03 3.163060e-03 2.811668e-03 2.490879e-03 6.944561e-03 4.555253e-03 2.340143e-02 1.772611e-02 5.555476e-04 
167 4176 1.867087e-01 0 0 3.482630e-03 3.632146e-03 2.878248e-03 2.694371e-03 7.687156e-03 4.804597e-03 2.471424e-02 1.897295e-02 5.786963e-04 
168 4201 1.991948e-01 0 0 3.588171e-03 4.190525e-03 2.968963e-03 2.826204e-03 8.421183e-03 5.062468e-03 2.703354e-02 2.011330e-02 6.012643e-04 
169 4226 1.942934e-01 0 0 3.543986e-03 4.029052e-03 2.875212e-03 2.727103e-03 8.186433e-03 5.036816e-03 2.687905e-02 1.934392e-02 5.719182e-04 
170 4251 1.761754e-01 0 0 3.256844e-03 3.514859e-03 2.610474e-03 2.508516e-03 7.385529e-03 4.832379e-03 2.356968e-02 1.748571e-02 5.069935e-04 
171 4276 1.616790e-01 0 0 3.037073e-03 3.282281e-03 2.299164e-03 2.277761e-03 7.017738e-03 4.461996e-03 2.228030e-02 1.599984e-02 4.531091e-04 
172 4301 1.645366e-01 0 0 3.173526e-03 3.240200e-03 2.305634e-03 2.227777e-03 7.020107e-03 4.708639e-03 2.211761e-02 1.675794e-02 4.547535e-04 
173 4326 1.515296e-01 0 0 2.867340e-03 2.980249e-03 2.104376e-03 2.055105e-03 6.272219e-03 4.214259e-03 1.995653e-02 1.513476e-02 4.030988e-04 
174 4351 1.507394e-01 0 0 2.801829e-03 2.936066e-03 2.179395e-03 2.076810e-03 6.062806e-03 4.213115e-03 1.987745e-02 1.453311e-02 3.983858e-04 
175 4376 1.570053e-01 0 0 2.894077e-03 3.162930e-03 2.271250e-03 2.126555e-03 6.701337e-03 4.271658e-03 2.037148e-02 1.550799e-02 3.979804e-04 
176 4401 1.504815e-01 0 0 2.794949e-03 2.966404e-03 2.152917e-03 1.981463e-03 6.279982e-03 4.178150e-03 1.962886e-02 1.493763e-02 3.703037e-04 
177 4426 1.559126e-01 0 0 2.829680e-03 3.047710e-03 2.242581e-03 1.992746e-03 6.324437e-03 4.325307e-03 1.954915e-02 1.491028e-02 3.689402e-04 
178 4451 1.453864e-01 0 0 2.543982e-03 2.767217e-03 2.026827e-03 1.851426e-03 5.919888e-03 3.988194e-03 1.802492e-02 1.383218e-02 3.389955e-04 
179 4476 1.410379e-01 0 0 2.424706e-03 2.656958e-03 1.925642e-03 1.801701e-03 6.205892e-03 4.054978e-03 1.799823e-02 1.343652e-02 3.337750e-04 
180 4501 1.281071e-01 0 0 2.140216e-03 2.345117e-03 1.710204e-03 1.606682e-03 5.450595e-03 3.634307e-03 1.596880e-02 1.198725e-02 2.935660e-04 
181 4526 1.412719e-01 0 0 2.413701e-03 2.491510e-03 1.879932e-03 1.751357e-03 5.895404e-03 3.918385e-03 1.738962e-02 1.276998e-02 3.328399e-04 
182 4551 1.277843e-01 0 0 2.125455e-03 2.232434e-03 1.703646e-03 1.568273e-03 5.298086e-03 3.590207e-03 1.520426e-02 1.127549e-02 2.995876e-04 
183 4576 1.238819e-01 0 0 2.011737e-03 2.139980e-03 1.614896e-03 1.504277e-03 5.123353e-03 3.388913e-03 1.443769e-02 1.107186e-02 2.825625e-04 
184 4601 1.149268e-01 0 0 1.840947e-03 1.963584e-03 1.453604e-03 1.380012e-03 4.751290e-03 3.094326e-03 1.304866e-02 1.013255e-02 2.644809e-04 
185 4626 1.157481e-01 0 0 1.819792e-03 2.015938e-03 1.505248e-03 1.372385e-03 4.843343e-03 3.081099e-03 1.353580e-02 9.971851e-03 2.591166e-04 
186 4651 1.138221e-01 0 0 1.923187e-03 1.964852e-03 1.460280e-03 1.342347e-03 4.691838e-03 3.026905e-03 1.335464e-02 1.026146e-02 2.479132e-04 
187 4676 1.187426e-01 0 0 1.986088e-03 2.122879e-03 1.468196e-03 1.390138e-03 4.972467e-03 3.055764e-03 1.460499e-02 1.080264e-02 2.539863e-04 
188 4701 1.278176e-01 0 0 2.117555e-03 2.277415e-03 1.562135e-03 1.480090e-03 5.259129e-03 3.179201e-03 1.545980e-02 1.225526e-02 2.794725e-04 
189 4726 1.177876e-01 0 0 1.976415e-03 2.102555e-03 1.486502e-03 1.364494e-03 5.042026e-03 2.930457e-03 1.440586e-02 1.147662e-02 2.493717e-04 
190 4751 1.136994e-01 0 0 1.927228e-03 1.956912e-03 1.449069e-03 1.355810e-03 4.728894e-03 2.856864e-03 1.348919e-02 1.084344e-02 2.417598e-04 
191 4776 1.096307e-01 0 0 1.899515e-03 1.921173e-03 1.345502e-03 1.260142e-03 4.498279e-03 2.703167e-03 1.284821e-02 1.033000e-02 2.294869e-04 
192 4801 1.065645e-01 0 0 1.813218e-03 1.826991e-03 1.274076e-03 1.203191e-03 4.329609e-03 2.616487e-03 1.272087e-02 9.843745e-03 2.156059e-04 
193 4826 1.104836e-01 0 0 1.852557e-03 1.916665e-03 1.295304e-03 1.226276e-03 4.421894e-03 2.625263e-03 1.318395e-02 9.985043e-03 2.232836e-04 
194 4851 9.483992e-02 0 0 1.593688e-03 1.630012e-03 1.105834e-03 1.042702e-03 3.731342e-03 2.229086e-03 1.123907e-02 8.482479e-03 1.882813e-04 
195 4876 9.409659e-02 0 0 1.558724e-03 1.588679e-03 1.064567e-03 1.070116e-03 3.718529e-03 2.229158e-03 1.124928e-02 8.570517e-03 1.823233e-04 
196 4901 8.867273e-02 0 0 1.507671e-03 1.529737e-03 9.679931e-04 1.005253e-03 3.463995e-03 2.026150e-03 1.035690e-02 8.247721e-03 1.672774e-04 
197 4926 8.851711e-02 0 0 1.485359e-03 1.551359e-03 9.692299e-04 9.775422e-04 3.616719e-03 2.053768e-03 1.058378e-02 8.461985e-03 1.696799e-04 
198 4951 9.751888e-02 0 0 1.683481e-03 1.682424e-03 1.077758e-03 1.034590e-03 3.868621e-03 2.228396e-03 1.137412e-02 9.251655e-03 1.929859e-04 
199 4976 1.030201e-01 0 0 1.825304e-03 1.737494e-03 1.114332e-03 1.126617e-03 4.131305e-03 2.372167e-03 1.212370e-02 9.465065e-03 1.990095e-04 
200 5001 1.013248e-01 0 0 1.721958e-03 1.662834e-03 1.061726e-03 1.118162e-03 3.952430e-03 2.298713e-03 1.167417e-02 9.198137e-03 1.889535e-04 
201 5026 1.006297e-01 0 0 1.743505e-03 1.679885e-03 1.058174e-03 1.100139e-03 3.824449e-03 2.333793e-03 1.141071e-02 8.996377e-03 1.838643e-04 
202 5051 1.099951e-01 0 0 1.970069e-03 1.983961e-03 1.171806e-03 1.184913e-03 4.207251e-03 2.542321e-03 1.204634e-02 1.003609e-02 1.954588e-04 
203 5076 1.105639e-01 0 0 1.938156e-03 1.961873e-03 1.166422e-03 1.194989e-03 4.182709e-03 2.491212e-03 1.195627e-02 1.032331e-02 1.921132e-04 
204 5101 1.080593e-01 0 0 1.865485e-03 1.832950e-03 1.151129e-03 1.124238e-03 4.063234e-03 2.388028e-03 1.133728e-02 1.007724e-02 1.847318e-04 
205 5126 1.156070e-01 0 0 2.001692e-03 2.092464e-03 1.215161e-03 1.182434e-03 4.696346e-03 2.532770e-03 1.247078e-02 1.100585e-02 1.937469e-04 
206 5151 1.176437e-01 0 0 1.992473e-03 2.084779e-03 1.226711e-03 1.170018e-03 4.782810e-03 2.677615e-03 1.265681e-02 1.120350e-02 1.992069e-04 
207 5176 1.330996e-01 0 0 2.255216e-03 2.653123e-03 1.370020e-03 1.293307e-03 5.385755e-03 2.990577e-03 1.474522e-02 1.242240e-02 2.163607e-04 
208 5201 1.292215e-01 0 0 2.205042e-03 2.575309e-03 1.318651e-03 1.237244e-03 5.181518e-03 2.834763e-03 1.413416e-02 1.166940e-02 2.024782e-04 
209 5226 1.387792e-01 0 0 2.325628e-03 2.773298e-03 1.422111e-03 1.297968e-03 5.480834e-03 3.198844e-03 1.496024e-02 1.225016e-02 2.158505e-04 
210 5251 1.217554e-01 0 0 2.001224e-03 2.376162e-03 1.229951e-03 1.116571e-03 4.807353e-03 2.754292e-03 1.321909e-02 1.101636e-02 1.930307e-04 
211 5276 1.171433e-01 0 0 1.917334e-03 2.322619e-03 1.168982e-03 1.103136e-03 4.646729e-03 2.603498e-03 1.285382e-02 1.072447e-02 1.851158e-04 
212 5301 1.090534e-01 0 0 1.792811e-03 2.236246e-03 1.106440e-03 1.036045e-03 4.188318e-03 2.419311e-03 1.190219e-02 9.652586e-03 1.718652e-04 
213 5326 1.039930e-01 0 0 1.667080e-03 2.105985e-03 1.030345e-03 9.832828e-04 3.944680e-03 2.239723e-03 1.117226e-02 9.171895e-03 1.601874e-04 
214 5351 1.002082e-01 0 0 1.606966e-03 2.041453e-03 9.775862e-04 9.512571e-04 3.817378e-03 2.125821e-03 1.037040e-02 8.924666e-03 1.499810e-04 
215 5376 9.695821e-02 0 0 1.547581e-03 1.919914e-03 9.831952e-04 8.915184e-04 3.662798e-03 2.009417e-03 9.736294e-03 8.568163e-03 1.436809e-04 
216 5401 9.917590e-02 0 0 1.604049e-03 1.938329e-03 1.086388e-03 8.868709e-04 3.803080e-03 1.983493e-03 1.039225e-02 8.735481e-03 1.475809e-04 
217 5426 9.166559e-02 0 0 1.468014e-03 1.756743e-03 1.020915e-03 8.093749e-04 3.504357e-03 1.790027e-03 9.477695e-03 8.085921e-03 1.331772e-04 
218 5451 8.418597e-02 0 0 1.310531e-03 1.659089e-03 9.233686e-04 7.366294e-04 3.368476e-03 1.644908e-03 8.886170e-03 7.368439e-03 1.247658e-04 
219 5476 7.717603e-02 0 0 1.182925e-03 1.592790e-03 8.123601e-04 6.625500e-04 3.326891e-03 1.521501e-03 8.688192e-03 7.056883e-03 1.172619e-04 
220 5501 7.945702e-02 0 0 1.305621e-03 1.683428e-03 8.383121e-04 6.728016e-04 3.373491e-03 1.542399e-03 8.636248e-03 7.467973e-03 1.206868e-04 
221 5526 7.965931e-02 0 0 1.294396e-03 1.666620e-03 8.283497e-04 7.317631e-04 3.275862e-03 1.526837e-03 8.426674e-03 7.341698e-03 1.176792e-04 
222 5551 7.302264e-02 0 0 1.168836e-03 1.493534e-03 7.659464e-04 6.582437e-04 3.019240e-03 1.405954e-03 7.811612e-03 6.687682e-03 1.054522e-04 
223 5576 6.915775e-02 0 0 1.064399e-03 1.371510e-03 7.083936e-04 6.441370e-04 2.761050e-03 1.297457e-03 7.282033e-03 6.059061e-03 1.022134e-04 
224 5601 6.795617e-02 0 0 1.046348e-03 1.362746e-03 6.812498e-04 6.268730e-04 2.847885e-03 1.382023e-03 7.360121e-03 6.128792e-03 9.997843e-05 
225 5626 6.812503e-02 0 0 1.022414e-03 1.373864e-03 7.019900e-04 6.235121e-04 2.838858e-03 1.416872e-03 7.218344e-03 6.089549e-03 9.932385e-05 
226 5651 6.575960e-02 0 0 9.548972e-04 1.274933e-03 6.519340e-04 5.968166e-04 2.639020e-03 1.355684e-03 6.701881e-03 5.677590e-03 9.350175e-05 
227 5676 6.010531e-02 0 0 8.800663e-04 1.151827e-03 5.869863e-04 5.387225e-04 2.399961e-03 1.242098e-03 6.134444e-03 5.295401e-03 8.476206e-05 
228 5701 5.809645e-02 0 0 8.370636e-04 1.104109e-03 5.583164e-04 5.026471e-04 2.309425e-03 1.222542e-03 5.930620e-03 5.118058e-03 8.064983e-05 
229 5726 5.498171e-02 0 0 8.102006e-04 1.063119e-03 5.338292e-04 4.754091e-04 2.105376e-03 1.146339e-03 5.490984e-03 4.739105e-03 7.515848e-05 
230 5751 5.946751e-02 0 0 9.655330e-04 1.170891e-03 5.771466e-04 5.135320e-04 2.248160e-03 1.270672e-03 5.830062e-03 5.299766e-03 7.993858e-05 
231 5776 6.773451e-02 0 0 1.107057e-03 1.375940e-03 6.363784e-04 5.939491e-04 2.665247e-03 1.411294e-03 7.116232e-03 6.042298e-03 9.253819e-05 
232 5801 6.125928e-02 0 0 1.007693e-03 1.237934e-03 5.588572e-04 5.430208e-04 2.379732e-03 1.258769e-03 6.380918e-03 5.609991e-03 8.228859e-05 
233 5826 6.202116e-02 0 0 9.802620e-04 1.253831e-03 5.414619e-04 5.407773e-04 2.359937e-03 1.228908e-03 6.396253e-03 5.506579e-03 8.359742e-05 
234 5851 6.765418e-02 0 0 1.098812e-03 1.365345e-03 5.974830e-04 5.883346e-04 2.550878e-03 1.302795e-03 6.949252e-03 6.120252e-03 9.236553e-05 
235 5876 7.216689e-02 0 0 1.172981e-03 1.456491e-03 6.849941e-04 6.487215e-04 2.640099e-03 1.439301e-03 7.161689e-03 6.420651e-03 9.609456e-05 
236 5901 7.360759e-02 0 0 1.176075e-03 1.537373e-03 6.925467e-04 6.421900e-04 2.725324e-03 1.424329e-03 7.414121e-03 6.602745e-03 9.682537e-05 
237 5926 7.392105e-02 0 0 1.183877e-03 1.503139e-03 6.770057e-04 6.235089e-04 2.662522e-03 1.395924e-03 7.283805e-03 6.593185e-03 9.388221e-05 
238 5951 7.547121e-02 0 0 1.184475e-03 1.533910e-03 6.767232e-04 6.197719e-04 2.722023e-03 1.381766e-03 7.582865e-03 6.622343e-03 9.271661e-05 
239 5976 7.460139e-02 0 0 1.157779e-03 1.519345e-03 6.570160e-04 6.065617e-04 2.673328e-03 1.366733e-03 7.542548e-03 6.377606e-03 9.106009e-05 
240 6001 8.037515e-02 0 0 1.214829e-03 1.583239e-03 7.104172e-04 6.578946e-04 2.816585e-03 1.457661e-03 8.189139e-03 6.736576e-03 9.861922e-05 
241 6026 8.590734e-02 0 0 1.276197e-03 1.686075e-03 7.358572e-04 7.302079e-04 2.947847e-03 1.527513e-03 8.569361e-03 7.073595e-03 1.013574e-04 
242 6051 7.909438e-02 0 0 1.149958e-03 1.528522e-03 6.679473e-04 6.575860e-04 2.671422e-03 1.381490e-03 7.700636e-03 6.464527e-03 9.201095e-05 
243 6076 7.552755e-02 0 0 1.114059e-03 1.468872e-03 6.303561e-04 6.030719e-04 2.581236e-03 1.347892e-03 7.254432e-03 6.257432e-03 8.586059e-05 
244 6101 7.174055e-02 0 0 1.149786e-03 1.396078e-03 5.951100e-04 5.969088e-04 2.463091e-03 1.273098e-03 6.775294e-03 6.626530e-03 7.917856e-05 
245 6126 6.618220e-02 0 0 1.058550e-03 1.241312e-03 5.404774e-04 5.330471e-04 2.298089e-03 1.175167e-03 6.152236e-03 6.233298e-03 7.218940e-05 
246 6151 7.261665e-02 0 0 1.157506e-03 1.333877e-03 5.985611e-04 5.708655e-04 2.571668e-03 1.303422e-03 6.877485e-03 6.837055e-03 8.122941e-05 
247 6176 6.946208e-02 0 0 1.112620e-03 1.285652e-03 5.611620e-04 5.391799e-04 2.456922e-03 1.218600e-03 6.785881e-03 6.670665e-03 7.493554e-05 
248 6201 6.597636e-02 0 0 1.041288e-03 1.176559e-03 5.407133e-04 5.219555e-04 2.344969e-03 1.175849e-03 6.230414e-03 6.187777e-03 7.200682e-05 
249 6226 5.663811e-02 0 0 8.777200e-04 9.829126e-04 4.524021e-04 4.363138e-04 1.938301e-03 1.002584e-03 5.165062e-03 5.150464e-03 5.996194e-05 
250 6251 5.826247e-02 0 0 8.889869e-04 1.016846e-03 4.592257e-04 4.327469e-04 1.965425e-03 1.016585e-03 5.298048e-03 5.109361e-03 6.221609e-05 
251 6276 5.427674e-02 0 0 8.253697e-04 9.412954e-04 4.172960e-04 3.853187e-04 1.818902e-03 9.504438e-04 4.845937e-03 4.841512e-03 5.696535e-05 
252 6301 4.632697e-02 0 0 6.863233e-04 8.194832e-04 3.499638e-04 3.264253e-04 1.609771e-03 8.617232e-04 4.165681e-03 4.081342e-03 4.943226e-05 
253 6326 4.564973e-02 0 0 6.763623e-04 8.179313e-04 3.614641e-04 3.241945e-04 1.616492e-03 8.894157e-04 4.200887e-03 3.939368e-03 4.995607e-05 
254 6351 4.504169e-02 0 0 6.946049e-04 7.944880e-04 3.482505e-04 3.233515e-04 1.578490e-03 8.721333e-04 4.147551e-03 3.990118e-03 4.892443e-05 
255 6376 4.495446e-02 0 0 7.057738e-04 7.808033e-04 3.351295e-04 3.217042e-04 1.542158e-03 8.512095e-04 4.000272e-03 4.097832e-03 4.884762e-05 
256 6401 5.144376e-02 0 0 8.782953e-04 8.609150e-04 3.790561e-04 3.704070e-04 1.722277e-03 1.007380e-03 4.490777e-03 4.862930e-03 5.583952e-05 
257 6426 5.051834e-02 0 0 8.844061e-04 8.520015e-04 3.611414e-04 3.502750e-04 1.678475e-03 9.693678e-04 4.325254e-03 4.895790e-03 5.371117e-05 
258 6451 5.211734e-02 0 0 9.333194e-04 8.647180e-04 3.619252e-04 3.800492e-04 1.680162e-03 1.008010e-03 4.389923e-03 4.945101e-03 5.643664e-05 
259 6476 4.931955e-02 0 0 8.596751e-04 8.024692e-04 3.456299e-04 3.588296e-04 1.552020e-03 9.417102e-04 4.104491e-03 4.524148e-03 5.244240e-05 
260 6501 4.376801e-02 0 0 7.404609e-04 6.898257e-04 2.979726e-04 3.183418e-04 1.355203e-03 8.143047e-04 3.696919e-03 4.009370e-03 4.532010e-05 
261 6526 4.346866e-02 0 0 7.390648e-04 6.763100e-04 2.858415e-04 3.225320e-04 1.303396e-03 7.902328e-04 3.590722e-03 3.857388e-03 4.389582e-05 
262 6551 4.220429e-02 0 0 7.244432e-04 6.618121e-04 2.825255e-04 3.150951e-04 1.285826e-03 7.550014e-04 3.609449e-03 3.907412e-03 4.279936e-05 
263 6576 4.486983e-02 0 0 8.218875e-04 7.416262e-04 2.942528e-04 3.252489e-04 1.471420e-03 8.298542e-04 4.019070e-03 4.552174e-03 4.580217e-05 
264 6601 4.299778e-02 0 0 7.713498e-04 6.920539e-04 2.784863e-04 3.038606e-04 1.425770e-03 7.878558e-04 3.767536e-03 4.378897e-03 4.346947e-05 
265 6626 4.396332e-02 0 0 7.712891e-04 6.930608e-04 2.750166e-04 3.332028e-04 1.450132e-03 8.024021e-04 3.950010e-03 4.376575e-03 4.454323e-05 
266 6651 4.134152e-02 0 0 7.208567e-04 6.526359e-04 2.735546e-04 3.241915e-04 1.317843e-03 7.493092e-04 3.644992e-03 4.030102e-03 4.148135e-05 
267 6676 4.469285e-02 0 0 7.728171e-04 6.928077e-04 3.058571e-04 3.604805e-04 1.379380e-03 8.256033e-04 3.804812e-03 4.456111e-03 4.472874e-05 
268 6701 4.048616e-02 0 0 7.102880e-04 6.205328e-04 2.806023e-04 3.195970e-04 1.228529e-03 7.713783e-04 3.371804e-03 3.998153e-03 4.208119e-05 
269 6726 4.703824e-02 0 0 8.549563e-04 7.073624e-04 3.418336e-04 3.684554e-04 1.424454e-03 9.099864e-04 3.850585e-03 4.567678e-03 5.129480e-05 
270 6751 4.941701e-02 0 0 9.105778e-04 7.212117e-04 3.606838e-04 3.970159e-04 1.468056e-03 9.720939e-04 4.059625e-03 4.905591e-03 5.345200e-05 
271 6776 5.587438e-02 0 0 1.104066e-03 7.935251e-04 4.143723e-04 4.462673e-04 1.610005e-03 1.124045e-03 4.475173e-03 5.697741e-03 6.247556e-05 
272 6801 5.316488e-02 0 0 1.050593e-03 7.706014e-04 3.875811e-04 4.226039e-04 1.531350e-03 1.026449e-03 4.221378e-03 5.431095e-03 5.786500e-05 
273 6826 4.835356e-02 0 0 9.312219e-04 7.059296e-04 3.608697e-04 3.962505e-04 1.437197e-03 9.022707e-04 3.830070e-03 4.811910e-03 5.113527e-05 
274 6851 4.439675e-02 0 0 8.236403e-04 6.318253e-04 3.248749e-04 3.773215e-04 1.289125e-03 8.065240e-04 3.500056e-03 4.319511e-03 4.609993e-05 
275 6876 5.034873e-02 0 0 9.502381e-04 7.437390e-04 3.691835e-04 4.317946e-04 1.420374e-03 9.112456e-04 3.865013e-03 4.864304e-03 5.914758e-05 
276 6901 5.868220e-02 0 0 1.076302e-03 8.431703e-04 4.226239e-04 4.862473e-04 1.591387e-03 1.025132e-03 4.369484e-03 5.556872e-03 7.313530e-05 
277 6926 6.646034e-02 0 0 1.212692e-03 9.397798e-04 4.634292e-04 5.276937e-04 1.761389e-03 1.139617e-03 4.989965e-03 6.361515e-03 8.667645e-05 
278 6951 7.150842e-02 0 0 1.298262e-03 9.863096e-04 5.045814e-04 5.558416e-04 1.856985e-03 1.218844e-03 5.283892e-03 6.637285e-03 9.423488e-05 
279 6976 7.083986e-02 0 0 1.261106e-03 9.576953e-04 4.962428e-04 5.388736e-04 1.810736e-03 1.203561e-03 5.037911e-03 6.515959e-03 9.212618e-05 
280 7001 6.489710e-02 0 0 1.138135e-03 8.712373e-04 4.526031e-04 4.751117e-04 1.662209e-03 1.101154e-03 4.528275e-03 5.984507e-03 8.503658e-05 
281 7026 5.643560e-02 0 0 9.735740e-04 7.501890e-04 3.835486e-04 3.985847e-04 1.432716e-03 9.335159e-04 3.901672e-03 5.151513e-03 7.397247e-05 
282 7051 4.933747e-02 0 0 8.534016e-04 6.338882e-04 3.263243e-04 3.415999e-04 1.218023e-03 8.070964e-04 3.349463e-03 4.494143e-03 6.444978e-05 
283 7076 4.852176e-02 0 0 8.177960e-04 6.206906e-04 3.378914e-04 3.497581e-04 1.171001e-03 7.857550e-04 3.313027e-03 4.232706e-03 6.167687e-05 
284 7101 4.606311e-02 0 0 7.692841e-04 5.915745e-04 3.250095e-04 3.347438e-04 1.092065e-03 7.502918e-04 3.089871e-03 3.935947e-03 5.838862e-05 
285 7126 4.581738e-02 0 0 7.726048e-04 5.897352e-04 3.348359e-04 3.329266e-04 1.084509e-03 7.466649e-04 2.997652e-03 3.876203e-03 5.798210e-05 
286 7151 4.220752e-02 0 0 7.164804e-04 5.288024e-04 3.053919e-04 2.950427e-04 9.743325e-04 6.849041e-04 2.724912e-03 3.624943e-03 5.235694e-05 
287 7176 3.875474e-02 0 0 6.626644e-04 4.904743e-04 2.762245e-04 2.616696e-04 8.551009e-04 6.292484e-04 2.399221e-03 3.309683e-03 4.692250e-05 
288 7201 4.036789e-02 0 0 6.689727e-04 4.949146e-04 2.791818e-04 2.684799e-04 8.532954e-04 6.357399e-04 2.512386e-03 3.355211e-03 4.770095e-05 
289 7226 4.434191e-02 0 0 7.464753e-04 5.253088e-04 3.239071e-04 3.280044e-04 9.752414e-04 7.304062e-04 2.829377e-03 3.625924e-03 5.104710e-05 
290 7251 4.674043e-02 0 0 7.863522e-04 5.379332e-04 3.326601e-04 3.457597e-04 1.074106e-03 7.828807e-04 3.087661e-03 3.844686e-03 5.377954e-05 
291 7276 4.332047e-02 0 0 7.378145e-04 4.948481e-04 3.010044e-04 3.129117e-04 9.740861e-04 7.264465e-04 2.795300e-03 3.518690e-03 4.984602e-05 
292 7301 4.448874e-02 0 0 7.677812e-04 5.005539e-04 3.030505e-04 3.106815e-04 9.772491e-04 7.308637e-04 2.800802e-03 3.643196e-03 5.090492e-05 
293 7326 4.203818e-02 0 0 7.156869e-04 4.737821e-04 2.768689e-04 2.868827e-04 9.151404e-04 6.946155e-04 2.598027e-03 3.381470e-03 4.838100e-05 
294 7351 3.918117e-02 0 0 6.646331e-04 4.417095e-04 2.729397e-04 2.703027e-04 8.305463e-04 6.601254e-04 2.378651e-03 3.096757e-03 4.428228e-05 
295 7376 4.671938e-02 0 0 7.909127e-04 5.152720e-04 3.312041e-04 3.327009e-04 9.810145e-04 7.761226e-04 2.788086e-03 3.780668e-03 5.353384e-05 
296 7401 4.600035e-02 0 0 8.242281e-04 5.027620e-04 3.489116e-04 3.459829e-04 9.552875e-04 7.844299e-04 2.677830e-03 3.896029e-03 5.178373e-05 
297 7426 4.762355e-02 0 0 8.628465e-04 5.305788e-04 3.729662e-04 3.662930e-04 9.615904e-04 7.908252e-04 2.666302e-03 4.100519e-03 5.319661e-05 
298 7451 5.728496e-02 0 0 1.001510e-03 6.483731e-04 4.435372e-04 4.414702e-04 1.338072e-03 9.801467e-04 3.602634e-03 4.856133e-03 6.312999e-05 
299 7476 5.400206e-02 0 0 9.328078e-04 6.006178e-04 4.053439e-04 4.103780e-04 1.287230e-03 9.156861e-04 3.457546e-03 4.521049e-03 5.912403e-05 
300 7501 5.454607e-02 0 0 9.349330e-04 6.234257e-04 4.282828e-04 4.122198e-04 1.285442e-03 9.513233e-04 3.471583e-03 4.452612e-03 5.861284e-05 
301 7526 4.991012e-02 0 0 8.352596e-04 5.530427e-04 3.867948e-04 3.770729e-04 1.168602e-03 8.536515e-04 3.095252e-03 4.048754e-03 5.213673e-05 
302 7551 6.271670e-02 0 0 1.066630e-03 6.738023e-04 4.800035e-04 4.756886e-04 1.525097e-03 1.130005e-03 4.183703e-03 5.029342e-03 6.364393e-05 
303 7576 6.488881e-02 0 0 1.108632e-03 7.158892e-04 4.913435e-04 4.866270e-04 1.555379e-03 1.164602e-03 4.190008e-03 5.281218e-03 6.535758e-05 
304 7601 6.458828e-02 0 0 1.084939e-03 6.889560e-04 4.789227e-04 4.692146e-04 1.510795e-03 1.134538e-03 4.145977e-03 5.127026e-03 6.459292e-05 
305 7626 7.251515e-02 0 0 1.370348e-03 7.672140e-04 5.692613e-04 5.099555e-04 1.648452e-03 1.325425e-03 4.562563e-03 6.008375e-03 6.928462e-05 
306 7651 6.449142e-02 0 0 1.219610e-03 6.602416e-04 5.186601e-04 4.560311e-04 1.456565e-03 1.185981e-03 3.970334e-03 5.278930e-03 6.113039e-05 
307 7676 6.073493e-02 0 0 1.184780e-03 6.445671e-04 4.870390e-04 4.299319e-04 1.394745e-03 1.163462e-03 3.736944e-03 5.059515e-03 5.935334e-05 
308 7701 6.839298e-02 0 0 1.288839e-03 7.201917e-04 5.610374e-04 4.941310e-04 1.586065e-03 1.277288e-03 4.174852e-03 5.545188e-03 6.460041e-05 
309 7726 6.755471e-02 0 0 1.268865e-03 7.023139e-04 5.725769e-04 4.859180e-04 1.549283e-03 1.268734e-03 4.050962e-03 5.373178e-03 6.224863e-05 
310 7751 6.298804e-02 0 0 1.160268e-03 6.429424e-04 5.370188e-04 4.540504e-04 1.472014e-03 1.236676e-03 3.856783e-03 4.932263e-03 5.801390e-05 
311 7776 5.982603e-02 0 0 1.131791e-03 6.137710e-04 5.026464e-04 4.210597e-04 1.386193e-03 1.185039e-03 3.627950e-03 4.706669e-03 5.779732e-05 
312 7801 6.312371e-02 0 0 1.147570e-03 6.298207e-04 5.230560e-04 4.441228e-04 1.487714e-03 1.228439e-03 3.821478e-03 4.963902e-03 6.122380e-05 
313 7826 6.644255e-02 0 0 1.172727e-03 6.611875e-04 5.437003e-04 4.524175e-04 1.604779e-03 1.275880e-03 4.074301e-03 5.133403e-03 6.366361e-05 
314 7851 6.822333e-02 0 0 1.163207e-03 6.648198e-04 5.579170e-04 4.782405e-04 1.691290e-03 1.279944e-03 4.299178e-03 5.090477e-03 6.580351e-05 
315 7876 7.601379e-02 0 0 1.284213e-03 7.417185e-04 6.611498e-04 5.458570e-04 2.085719e-03 1.530522e-03 5.157535e-03 5.653775e-03 7.431258e-05 
316 7901 7.616750e-02 0 0 1.303993e-03 7.604118e-04 6.646383e-04 5.428087e-04 2.082604e-03 1.536057e-03 5.170138e-03 5.908069e-03 7.208009e-05 
317 7926 7.438833e-02 0 0 1.308348e-03 7.386073e-04 6.405455e-04 5.338965e-04 2.006736e-03 1.470453e-03 5.030641e-03 5.921614e-03 7.261490e-05 
318 7951 8.379243e-02 0 0 1.432417e-03 8.623743e-04 7.189484e-04 6.000940e-04 2.312100e-03 1.617768e-03 6.035785e-03 6.839692e-03 7.880506e-05 
319 7976 8.553687e-02 0 0 1.411218e-03 8.773618e-04 7.295496e-04 6.142829e-04 2.311225e-03 1.584032e-03 6.111720e-03 6.839111e-03 7.923470e-05 
320 8001 8.443942e-02 0 0 1.337721e-03 8.544597e-04 7.104837e-04 6.118659e-04 2.196077e-03 1.528248e-03 5.842233e-03 6.522911e-03 7.895682e-05 
321 8026 7.763380e-02 0 0 1.225839e-03 7.591896e-04 6.556664e-04 5.546483e-04 1.998438e-03 1.426487e-03 5.278476e-03 5.790668e-03 7.293751e-05 
322 8051 8.235972e-02 0 0 1.256657e-03 7.892148e-04 6.747573e-04 6.035008e-04 2.105793e-03 1.472611e-03 5.498973e-03 5.921250e-03 7.843141e-05 
323 8076 7.844959e-02 0 0 1.185940e-03 7.323285e-04 6.254403e-04 5.753455e-04 1.982277e-03 1.359881e-03 5.157150e-03 5.598976e-03 7.244744e-05 
324 8101 7.093213e-02 0 0 1.067082e-03 6.582358e-04 5.683078e-04 5.136921e-04 1.753694e-03 1.205536e-03 4.540554e-03 4.990477e-03 6.645968e-05 
325 8126 6.529561e-02 0 0 9.963823e-04 6.042939e-04 5.115687e-04 4.601983e-04 1.547650e-03 1.079019e-03 4.078716e-03 4.562122e-03 5.982312e-05 
326 8151 6.472417e-02 0 0 9.738286e-04 6.051264e-04 5.021269e-04 4.644239e-04 1.498632e-03 1.075466e-03 3.971327e-03 4.396047e-03 5.929998e-05 
327 8176 6.689722e-02 0 0 1.008949e-03 6.198771e-04 5.092062e-04 4.704918e-04 1.544111e-03 1.086636e-03 3.975177e-03 4.476335e-03 6.299389e-05 
328 8201 7.519092e-02 0 0 1.184472e-03 6.782856e-04 6.019613e-04 5.721127e-04 1.867519e-03 1.299657e-03 4.568525e-03 5.152331e-03 7.291381e-05 
329 8226 8.215041e-02 0 0 1.399259e-03 7.485144e-04 6.623885e-04 6.686779e-04 2.099134e-03 1.471747e-03 5.171546e-03 5.920933e-03 7.868841e-05 
330 8251 8.627724e-02 0 0 1.503144e-03 8.078408e-04 7.043435e-04 7.203234e-04 2.222890e-03 1.589424e-03 5.375965e-03 6.177457e-03 8.926610e-05 
331 8276 8.537373e-02 0 0 1.490567e-03 7.958241e-04 6.866790e-04 6.982561e-04 2.198834e-03 1.552880e-03 5.267506e-03 6.204341e-03 8.552742e-05 
332 8301 8.749190e-02 0 0 1.516785e-03 8.213068e-04 6.960054e-04 6.995925e-04 2.174879e-03 1.556713e-03 5.241064e-03 6.306578e-03 9.117486e-05 
333 8326 8.190806e-02 0 0 1.453984e-03 7.656750e-04 6.486003e-04 6.417871e-04 2.055474e-03 1.451609e-03 4.986518e-03 5.847746e-03 8.624943e-05 
334 8351 8.480726e-02 0 0 1.463010e-03 7.810107e-04 6.447195e-04 6.513955e-04 2.069507e-03 1.449538e-03 5.004996e-03 6.019751e-03 9.779266e-05 
335 8376 8.335121e-02 0 0 1.457654e-03 7.487025e-04 6.251491e-04 6.324048e-04 1.951815e-03 1.409972e-03 4.731362e-03 5.995825e-03 9.520278e-05 
336 8401 8.337231e-02 0 0 1.445981e-03 7.436334e-04 6.409094e-04 6.096184e-04 1.948142e-03 1.441490e-03 4.688544e-03 5.782693e-03 9.475130e-05 
337 8426 8.294913e-02 0 0 1.450910e-03 7.280869e-04 6.404104e-04 5.918118e-04 1.958628e-03 1.475380e-03 4.827647e-03 5.685964e-03 9.656617e-05 
338 8451 7.424104e-02 0 0 1.289139e-03 6.394946e-04 5.596376e-04 5.115689e-04 1.735047e-03 1.300117e-03 4.285553e-03 4.987803e-03 8.767044e-05 
339 8476 6.828931e-02 0 0 1.190308e-03 5.770124e-04 5.062409e-04 4.560101e-04 1.531767e-03 1.186469e-03 3.874128e-03 4.553879e-03 8.064030e-05 
340 8501 6.942108e-02 0 0 1.235087e-03 5.772205e-04 5.102044e-04 4.534000e-04 1.561502e-03 1.217015e-03 4.093785e-03 4.646600e-03 7.910632e-05 
341 8526 6.044709e-02 0 0 1.049037e-03 5.027033e-04 4.420858e-04 3.952750e-04 1.351680e-03 1.027846e-03 3.564551e-03 3.973904e-03 6.914496e-05 
342 8551 5.885247e-02 0 0 1.005730e-03 4.714770e-04 4.318034e-04 4.008784e-04 1.317096e-03 1.003105e-03 3.556999e-03 3.838742e-03 6.701122e-05 
343 8576 5.683674e-02 0 0 9.804670e-04 4.489340e-04 4.193579e-04 3.863868e-04 1.272866e-03 9.667941e-04 3.462450e-03 3.581285e-03 6.407458e-05 
344 8601 5.807827e-02 0 0 9.916118e-04 4.450772e-04 4.170248e-04 3.830474e-04 1.283875e-03 9.828360e-04 3.493886e-03 3.662057e-03 6.352860e-05 
345 8626 5.709083e-02 0 0 9.391867e-04 4.256540e-04 4.013923e-04 3.702947e-04 1.244864e-03 9.648731e-04 3.351164e-03 3.475894e-03 6.149085e-05 
346 8651 5.156273e-02 0 0 8.403337e-04 3.779869e-04 3.681502e-04 3.295798e-04 1.129663e-03 8.607174e-04 2.972763e-03 3.093219e-03 5.458282e-05 
347 8676 4.830049e-02 0 0 7.867978e-04 3.496124e-04 3.470882e-04 3.065794e-04 1.042381e-03 7.936138e-04 2.743099e-03 2.869269e-03 5.057140e-05 
348 8701 4.861660e-02 0 0 7.845411e-04 3.378367e-04 3.410595e-04 3.085331e-04 1.022992e-03 7.868904e-04 2.761826e-03 2.856878e-03 5.126612e-05 
349 8726 4.179148e-02 0 0 6.588790e-04 2.813173e-04 2.858076e-04 2.602561e-04 8.510707e-04 6.585115e-04 2.362285e-03 2.429062e-03 4.237111e-05 
350 8751 3.853381e-02 0 0 6.080858e-04 2.536819e-04 2.590028e-04 2.336747e-04 7.659540e-04 5.945526e-04 2.119154e-03 2.209892e-03 3.816466e-05 
351 8776 4.220537e-02 0 0 6.709282e-04 2.692714e-04 2.838625e-04 2.538357e-04 8.504901e-04 6.480071e-04 2.412140e-03 2.374895e-03 4.142079e-05 
352 8801 5.125638e-02 0 0 8.260068e-04 3.342713e-04 3.493687e-04 3.041475e-04 1.010685e-03 7.670375e-04 3.177340e-03 2.953531e-03 5.049621e-05 
353 8826 5.956440e-02 0 0 9.672707e-04 4.207333e-04 4.014991e-04 3.396082e-04 1.192979e-03 8.637789e-04 3.775473e-03 3.510394e-03 5.865080e-05 
354 8851 6.561876e-02 0 0 1.055520e-03 4.893642e-04 4.483718e-04 3.608660e-04 1.288994e-03 9.720894e-04 4.069843e-03 3.766220e-03 7.014410e-05 
355 8876 6.333867e-02 0 0 9.968398e-04 4.863759e-04 4.225250e-04 3.394359e-04 1.222636e-03 9.072817e-04 3.852794e-03 3.495870e-03 6.732852e-05 
356 8901 5.858748e-02 0 0 8.896815e-04 4.451879e-04 3.810128e-04 3.225377e-04 1.139264e-03 8.444935e-04 3.488561e-03 3.202693e-03 6.193160e-05 
357 8926 5.053593e-02 0 0 7.799516e-04 3.783662e-04 3.241555e-04 2.725515e-04 1.005989e-03 7.418624e-04 3.116199e-03 2.712692e-03 5.188782e-05 
358 8951 4.675124e-02 0 0 7.032627e-04 3.377451e-04 2.894106e-04 2.431872e-04 9.148942e-04 6.580364e-04 2.787207e-03 2.436120e-03 4.736594e-05 
359 8976 4.458501e-02 0 0 7.100063e-04 3.218179e-04 2.814925e-04 2.296491e-04 8.881245e-04 6.467429e-04 2.672178e-03 2.351969e-03 4.400759e-05 
360 9001 4.198777e-02 0 0 6.431057e-04 2.929551e-04 2.561424e-04 2.117172e-04 8.155300e-04 5.863418e-04 2.449595e-03 2.172366e-03 4.026100e-05 
361 9026 3.842036e-02 0 0 5.766093e-04 2.588112e-04 2.296587e-04 1.885841e-04 7.236145e-04 5.197495e-04 2.169478e-03 1.937279e-03 3.657942e-05 
362 9051 3.364163e-02 0 0 4.878794e-04 2.203040e-04 1.990486e-04 1.676724e-04 6.211699e-04 4.510450e-04 1.829339e-03 1.659620e-03 3.212345e-05 
363 9076 3.484006e-02 0 0 4.919406e-04 2.270631e-04 2.011548e-04 1.689877e-04 6.275874e-04 4.596934e-04 1.937225e-03 1.694888e-03 3.239097e-05 
364 9101 3.687852e-02 0 0 5.304060e-04 2.326780e-04 2.153818e-04 1.934831e-04 6.728065e-04 4.889933e-04 2.020002e-03 1.801055e-03 3.411777e-05 
365 9126 3.893540e-02 0 0 6.062926e-04 2.383924e-04 2.440451e-04 2.030817e-04 7.153617e-04 5.622195e-04 2.191566e-03 2.031151e-03 3.588061e-05 
366 9151 4.073191e-02 0 0 6.734169e-04 2.506245e-04 2.698581e-04 2.108788e-04 7.269215e-04 6.065548e-04 2.293337e-03 2.266171e-03 3.612294e-05 
367 9176 4.480967e-02 0 0 8.097142e-04 2.682943e-04 3.179642e-04 2.255362e-04 8.318157e-04 7.137538e-04 2.664390e-03 2.658037e-03 4.019913e-05 
368 9201 4.979770e-02 0 0 9.566391e-04 2.989555e-04 3.761572e-04 2.468389e-04 9.308525e-04 8.227096e-04 3.147431e-03 3.147056e-03 4.459256e-05 
369 9226 4.660650e-02 0 0 8.810267e-04 2.843051e-04 3.511849e-04 2.254360e-04 8.634612e-04 7.699365e-04 2.898737e-03 2.925071e-03 4.166061e-05 
370 9251 4.515203e-02 0 0 8.371335e-04 2.859470e-04 3.356579e-04 2.098640e-04 8.159033e-04 7.271266e-04 2.716153e-03 2.804092e-03 3.981898e-05 
371 9276 4.137033e-02 0 0 7.551416e-04 2.585517e-04 2.952818e-04 1.873419e-04 7.247365e-04 6.447036e-04 2.485762e-03 2.569691e-03 3.717170e-05 
372 9301 3.739586e-02 0 0 6.654259e-04 2.254111e-04 2.575103e-04 1.631570e-04 6.534965e-04 5.761130e-04 2.207573e-03 2.257125e-03 3.269257e-05 
373 9326 3.933755e-02 0 0 7.096559e-04 2.303952e-04 2.813408e-04 1.662211e-04 6.799025e-04 6.142693e-04 2.389396e-03 2.381990e-03 3.424631e-05 
374 9351 4.861425e-02 0 0 8.951564e-04 2.792754e-04 3.499002e-04 2.029681e-04 8.372277e-04 7.739038e-04 2.991065e-03 2.935065e-03 4.235810e-05 
375 9376 5.395923e-02 0 0 9.658355e-04 3.042168e-04 3.911045e-04 2.450715e-04 9.055098e-04 8.442681e-04 3.300403e-03 3.151984e-03 4.660086e-05 
376 9401 6.096906e-02 0 0 1.099900e-03 3.438598e-04 4.427173e-04 2.749272e-04 1.004346e-03 9.258647e-04 3.940912e-03 3.634441e-03 5.065648e-05 
377 9426 6.165216e-02 0 0 1.136345e-03 3.491168e-04 4.780780e-04 2.745328e-04 1.025178e-03 9.730586e-04 3.992200e-03 3.716084e-03 5.086877e-05 
378 9451 5.610199e-02 0 0 1.015267e-03 3.146601e-04 4.241403e-04 2.392759e-04 9.474361e-04 8.701377e-04 3.637024e-03 3.334476e-03 4.470978e-05 
379 9476 5.918574e-02 0 0 1.099598e-03 3.228866e-04 4.592584e-04 2.429570e-04 9.711334e-04 9.242612e-04 3.788166e-03 3.558829e-03 4.688617e-05 
380 9501 6.018546e-02 0 0 1.137408e-03 3.226756e-04 4.635821e-04 2.446241e-04 9.687499e-04 9.213601e-04 3.922556e-03 3.586239e-03 4.650125e-05 
381 9526 5.572262e-02 0 0 1.044532e-03 2.947930e-04 4.214028e-04 2.190840e-04 8.757678e-04 8.465798e-04 3.616231e-03 3.286182e-03 4.370053e-05 
382 9551 5.401401e-02 0 0 9.938619e-04 2.877129e-04 3.938248e-04 2.113969e-04 8.332064e-04 7.934119e-04 3.433670e-03 3.137092e-03 4.152699e-05 
383 9576 4.437071e-02 0 0 7.863651e-04 2.324814e-04 3.131336e-04 1.672393e-04 6.701289e-04 6.315971e-04 2.746305e-03 2.495412e-03 3.380526e-05 
384 9601 4.555233e-02 0 0 7.873382e-04 2.472599e-04 3.104288e-04 1.648967e-04 7.212777e-04 6.422981e-04 2.792379e-03 2.468732e-03 3.424676e-05 
385 9626 5.140904e-02 0 0 9.431258e-04 2.953036e-04 3.670265e-04 2.014332e-04 8.716712e-04 8.162216e-04 3.320576e-03 2.868519e-03 3.769784e-05 
386 9651 5.669096e-02 0 0 1.070376e-03 3.218573e-04 4.236440e-04 2.277382e-04 1.055038e-03 9.674471e-04 3.794546e-03 3.153606e-03 4.206497e-05 
387 9676 5.000952e-02 0 0 9.278224e-04 2.739812e-04 3.720174e-04 1.992513e-04 9.243513e-04 8.516183e-04 3.262512e-03 2.737910e-03 3.717997e-05 
388 9701 4.999868e-02 0 0 9.066180e-04 2.687480e-04 3.653982e-04 1.929750e-04 9.080579e-04 8.271247e-04 3.244326e-03 2.655088e-03 3.631664e-05 
389 9726 4.837760e-02 0 0 8.529404e-04 2.622025e-04 3.484657e-04 1.845480e-04 8.872063e-04 7.968717e-04 3.237354e-03 2.473138e-03 3.547114e-05 
390 9751 3.951325e-02 0 0 6.892840e-04 2.089599e-04 2.806604e-04 1.444387e-04 7.204680e-04 6.426260e-04 2.644393e-03 2.002522e-03 2.792033e-05 
391 9776 3.513676e-02 0 0 6.013072e-04 1.812125e-04 2.477239e-04 1.249280e-04 6.521974e-04 5.690761e-04 2.328335e-03 1.727908e-03 2.437510e-05 
392 9801 3.532234e-02 0 0 6.012290e-04 1.766933e-04 2.465166e-04 1.212068e-04 6.493296e-04 5.572451e-04 2.282757e-03 1.753085e-03 2.450168e-05 
393 9826 3.513038e-02 0 0 5.830476e-04 1.712674e-04 2.360265e-04 1.183924e-04 6.238390e-04 5.376322e-04 2.204000e-03 1.692978e-03 2.433344e-05 
394 9851 4.013100e-02 0 0 6.610285e-04 1.972743e-04 2.601090e-04 1.374692e-04 6.931505e-04 5.975488e-04 2.416625e-03 1.976700e-03 2.773772e-05 
395 9876 3.777672e-02 0 0 6.308948e-04 1.831996e-04 2.481112e-04 1.283602e-04 6.410535e-04 5.656330e-04 2.294709e-03 1.899565e-03 2.538443e-05 
396 9901 3.872474e-02 0 0 6.349542e-04 1.982033e-04 2.444119e-04 1.309701e-04 6.376265e-04 5.569813e-04 2.272429e-03 1.928881e-03 2.533760e-05 
397 9926 3.824559e-02 0 0 6.198218e-04 1.990667e-04 2.361323e-04 1.290587e-04 6.175777e-04 5.459660e-04 2.246566e-03 1.871639e-03 2.456329e-05 
398 9951 3.809599e-02 0 0 6.124820e-04 1.982770e-04 2.429971e-04 1.273054e-04 6.199323e-04 5.445620e-04 2.173125e-03 1.860400e-03 2.353230e-05 
399 9976 4.324065e-02 0 0 6.835155e-04 2.292288e-04 2.813104e-04 1.386136e-04 6.969461e-04 6.084008e-04 2.397142e-03 2.138865e-03 2.696595e-05 
400 10001 4.919135e-02 0 0 7.575053e-04 2.643944e-04 3.115179e-04 1.553922e-04 7.858998e-04 6.734625e-04 2.653180e-03 2.439170e-03 3.069499e-05 
401 10026 5.715903e-02 0 0 8.461375e-04 3.182514e-04 3.527904e-04 1.745845e-04 9.258921e-04 7.641191e-04 3.090863e-03 2.831297e-03 3.434914e-05 
402 10051 5.308106e-02 0 0 7.842630e-04 2.876579e-04 3.224273e-04 1.572869e-04 8.593737e-04 6.916293e-04 2.849755e-03 2.587802e-03 3.075708e-05 
403 10076 5.219728e-02 0 0 7.734318e-04 2.747123e-04 3.108939e-04 1.523089e-04 8.386500e-04 6.728270e-04 2.828907e-03 2.598702e-03 3.054310e-05 
404 10101 5.609198e-02 0 0 8.278678e-04 2.920698e-04 3.323867e-04 1.649993e-04 9.264679e-04 7.238386e-04 3.055024e-03 2.846463e-03 3.323761e-05 
405 10126 5.326353e-02 0 0 7.667276e-04 2.751537e-04 3.084730e-04 1.616804e-04 8.684075e-04 6.840865e-04 2.822964e-03 2.689004e-03 3.116535e-05 
406 10151 5.068994e-02 0 0 7.353767e-04 2.547535e-04 2.916368e-04 1.526908e-04 8.183904e-04 6.540966e-04 2.712179e-03 2.598152e-03 2.920486e-05 
407 10176 5.250108e-02 0 0 7.612645e-04 2.676192e-04 3.006944e-04 1.670614e-04 8.520581e-04 6.680708e-04 2.750641e-03 2.717176e-03 3.022101e-05 
408 10201 4.759246e-02 0 0 6.714684e-04 2.339497e-04 2.681125e-04 1.472975e-04 7.489706e-04 5.920352e-04 2.415694e-03 2.381220e-03 2.763738e-05 
409 10226 4.434020e-02 0 0 6.130646e-04 2.185446e-04 2.421416e-04 1.360521e-04 6.762432e-04 5.383679e-04 2.164332e-03 2.151846e-03 2.473787e-05 
410 10251 4.439349e-02 0 0 6.355847e-04 2.110920e-04 2.461077e-04 1.316548e-04 6.556543e-04 5.421850e-04 2.159695e-03 2.285114e-03 2.407392e-05 
411 10276 4.928419e-02 0 0 7.035268e-04 2.325935e-04 2.667444e-04 1.493039e-04 7.450774e-04 5.925190e-04 2.414362e-03 2.537967e-03 2.606067e-05 
412 10301 5.592068e-02 0 0 7.809828e-04 2.870904e-04 3.059224e-04 1.743939e-04 8.980705e-04 6.772834e-04 2.743330e-03 2.938683e-03 2.962810e-05 
413 10326 5.158911e-02 0 0 7.215421e-04 2.636682e-04 2.808573e-04 1.572817e-04 8.279880e-04 6.192193e-04 2.544981e-03 2.708796e-03 2.662888e-05 
414 10351 4.938465e-02 0 0 6.975512e-04 2.444675e-04 2.687113e-04 1.585159e-04 7.905765e-04 6.056356e-04 2.442695e-03 2.650406e-03 2.510854e-05 
415 10376 5.572649e-02 0 0 8.734407e-04 2.695872e-04 3.155824e-04 1.726905e-04 8.601118e-04 6.812047e-04 2.832194e-03 3.393722e-03 2.800513e-05 
416 10401 5.637567e-02 0 0 8.816788e-04 2.691814e-04 3.229085e-04 1.719404e-04 8.412603e-04 6.908727e-04 2.799209e-03 3.426050e-03 2.909367e-05 
417 10426 5.654806e-02 0 0 8.977370e-04 2.628989e-04 3.277030e-04 1.703577e-04 8.232912e-04 6.794818e-04 2.721476e-03 3.607293e-03 2.923042e-05 
418 10451 5.714966e-02 0 0 8.943427e-04 2.716406e-04 3.217294e-04 1.686492e-04 8.241164e-04 6.714071e-04 2.686487e-03 3.569939e-03 3.037846e-05 
419 10476 5.717048e-02 0 0 8.965453e-04 2.721530e-04 3.340137e-04 1.647036e-04 8.000630e-04 6.681803e-04 2.618888e-03 3.630444e-03 3.038807e-05 
420 10501 5.488323e-02 0 0 8.436432e-04 2.529214e-04 3.098868e-04 1.568477e-04 7.507356e-04 6.249526e-04 2.424662e-03 3.425234e-03 2.891208e-05 
421 10526 4.755044e-02 0 0 7.067203e-04 2.130585e-04 2.592927e-04 1.323702e-04 6.304275e-04 5.234301e-04 2.027945e-03 2.900261e-03 2.440287e-05 
422 10551 4.504802e-02 0 0 6.445539e-04 2.073369e-04 2.373298e-04 1.217882e-04 5.773461e-04 4.808528e-04 1.887028e-03 2.647619e-03 2.222699e-05 
423 10576 4.229736e-02 0 0 5.916237e-04 1.930217e-04 2.194104e-04 1.123122e-04 5.407620e-04 4.498307e-04 1.720702e-03 2.436596e-03 2.077178e-05 
424 10601 3.828040e-02 0 0 5.282071e-04 1.784975e-04 1.955830e-04 9.908458e-05 4.760170e-04 4.041978e-04 1.528814e-03 2.192998e-03 1.860397e-05 
425 10626 3.834662e-02 0 0 5.060797e-04 1.762499e-04 1.885473e-04 9.604749e-05 4.827607e-04 3.915777e-04 1.508693e-03 2.140395e-03 1.894687e-05 
426 10651 3.799070e-02 0 0 5.111877e-04 1.704108e-04 1.899606e-04 9.362563e-05 4.616788e-04 3.826265e-04 1.467481e-03 2.130787e-03 1.797191e-05 
427 10676 3.888702e-02 0 0 5.288405e-04 1.718725e-04 1.947503e-04 9.520754e-05 4.956291e-04 4.092363e-04 1.551276e-03 2.152705e-03 1.806296e-05 
428 10701 3.696559e-02 0 0 5.118960e-04 1.674623e-04 1.811651e-04 9.015026e-05 4.684672e-04 3.859213e-04 1.444048e-03 2.083462e-03 1.658384e-05 
429 10726 4.014638e-02 0 0 5.873342e-04 1.780622e-04 2.035532e-04 9.684033e-05 5.082978e-04 4.083828e-04 1.558224e-03 2.347864e-03 1.887887e-05 
430 10751 4.089481e-02 0 0 5.926489e-04 1.815075e-04 2.060658e-04 9.844706e-05 5.050163e-04 4.103753e-04 1.568326e-03 2.356554e-03 1.894752e-05 
431 10776 4.131895e-02 0 0 5.922220e-04 1.793882e-04 2.025512e-04 9.687599e-05 4.902854e-04 3.966358e-04 1.553942e-03 2.353796e-03 1.883992e-05 
432 10801 4.123107e-02 0 0 5.824065e-04 1.740577e-04 1.989998e-04 9.491434e-05 4.710132e-04 3.835077e-04 1.526432e-03 2.320390e-03 1.860657e-05 
433 10826 3.997637e-02 0 0 5.514057e-04 1.654036e-04 1.850875e-04 8.793927e-05 4.483636e-04 3.625581e-04 1.478046e-03 2.199327e-03 1.901607e-05 
434 10851 3.735689e-02 0 0 5.042425e-04 1.559425e-04 1.723879e-04 8.266421e-05 4.221366e-04 3.321838e-04 1.380845e-03 2.055525e-03 1.743415e-05 
435 10876 4.156816e-02 0 0 6.116115e-04 1.729549e-04 2.167367e-04 8.978517e-05 4.963388e-04 4.318935e-04 1.658123e-03 2.403455e-03 1.902643e-05 
436 10901 4.118212e-02 0 0 5.944528e-04 1.711927e-04 2.138806e-04 8.899083e-05 4.795258e-04 4.249574e-04 1.627492e-03 2.349320e-03 1.905793e-05 
437 10926 3.959843e-02 0 0 5.983406e-04 1.628989e-04 2.124512e-04 8.408272e-05 4.627506e-04 4.146917e-04 1.636736e-03 2.369236e-03 1.925119e-05 
438 10951 3.639748e-02 0 0 5.575332e-04 1.469025e-04 2.041635e-04 7.739483e-05 4.298087e-04 4.003379e-04 1.530990e-03 2.166003e-03 1.706331e-05 
439 10976 3.838469e-02 0 0 6.308014e-04 1.539106e-04 2.303385e-04 8.043123e-05 4.887304e-04 4.611309e-04 1.749636e-03 2.360882e-03 1.764026e-05 
440 11001 4.197885e-02 0 0 7.291675e-04 1.648653e-04 2.676660e-04 8.750225e-05 5.649507e-04 5.338208e-04 1.985408e-03 2.624066e-03 1.899014e-05 
441 11026 4.245148e-02 0 0 7.533473e-04 1.640203e-04 2.764688e-04 8.634656e-05 5.865048e-04 5.526366e-04 2.046607e-03 2.647201e-03 1.961676e-05 
442 11051 4.151509e-02 0 0 7.254829e-04 1.609800e-04 2.668486e-04 8.424104e-05 5.767794e-04 5.281599e-04 1.986997e-03 2.535029e-03 1.929648e-05 
443 11076 3.924277e-02 0 0 6.796686e-04 1.513874e-04 2.486705e-04 7.904310e-05 5.313195e-04 4.932314e-04 1.833774e-03 2.345787e-03 1.782073e-05 
444 11101 3.918431e-02 0 0 6.718407e-04 1.460279e-04 2.513716e-04 7.983082e-05 5.349105e-04 4.865013e-04 1.769821e-03 2.305957e-03 1.847153e-05 
445 11126 4.182562e-02 0 0 7.016245e-04 1.503048e-04 2.660271e-04 8.413743e-05 5.642459e-04 5.138154e-04 1.887096e-03 2.407932e-03 1.971036e-05 
446 11151 4.056464e-02 0 0 6.709836e-04 1.419279e-04 2.539291e-04 8.157895e-05 5.525774e-04 4.934200e-04 1.796487e-03 2.285558e-03 1.949879e-05 
447 11176 3.690848e-02 0 0 6.202154e-04 1.321103e-04 2.363592e-04 7.449178e-05 5.009430e-04 4.522820e-04 1.605784e-03 2.124736e-03 1.734509e-05 
448 11201 3.411681e-02 0 0 5.764164e-04 1.191477e-04 2.196158e-04 6.758807e-05 4.655164e-04 4.136224e-04 1.459786e-03 1.951787e-03 1.653906e-05 
449 11226 3.028470e-02 0 0 5.115972e-04 1.082471e-04 1.934922e-04 6.263252e-05 4.104414e-04 3.621145e-04 1.272151e-03 1.732313e-03 1.469530e-05 
450 11251 3.072853e-02 0 0 5.077739e-04 1.136774e-04 1.941883e-04 6.177726e-05 4.109921e-04 3.569378e-04 1.263589e-03 1.730582e-03 1.471763e-05 
451 11276 2.958378e-02 0 0 4.809762e-04 1.079795e-04 1.876498e-04 5.771533e-05 3.914116e-04 3.439078e-04 1.170871e-03 1.641609e-03 1.467792e-05 
452 11301 3.197686e-02 0 0 5.250263e-04 1.142246e-04 2.036895e-04 6.176886e-05 4.174595e-04 3.655921e-04 1.254442e-03 1.854717e-03 1.584298e-05 
453 11326 3.080813e-02 0 0 5.232016e-04 1.071242e-04 2.005863e-04 5.870926e-05 4.047340e-04 3.589705e-04 1.226086e-03 1.837297e-03 1.517573e-05 
454 11351 2.864106e-02 0 0 4.903926e-04 1.006380e-04 1.852462e-04 5.445250e-05 3.699268e-04 3.349676e-04 1.123535e-03 1.729850e-03 1.399695e-05 
455 11376 2.834328e-02 0 0 4.692823e-04 9.705720e-05 1.765755e-04 5.638384e-05 3.682794e-04 3.218268e-04 1.076319e-03 1.656303e-03 1.361139e-05 
456 11401 2.727088e-02 0 0 4.668969e-04 9.321060e-05 1.736849e-04 5.378927e-05 3.567634e-04 3.105281e-04 1.027705e-03 1.617725e-03 1.300534e-05 
457 11426 3.045211e-02 0 0 5.191666e-04 1.003649e-04 1.939092e-04 5.992801e-05 3.963653e-04 3.387254e-04 1.148463e-03 1.798419e-03 1.436805e-05 
458 11451 3.191258e-02 0 0 5.375821e-04 1.012220e-04 2.014086e-04 6.264357e-05 4.209363e-04 3.504896e-04 1.210441e-03 1.854303e-03 1.481226e-05 
459 11476 3.264050e-02 0 0 5.367003e-04 1.019168e-04 2.055418e-04 6.820599e-05 4.257579e-04 3.572021e-04 1.197745e-03 1.853990e-03 1.465117e-05 
460 11501 3.195624e-02 0 0 5.151079e-04 1.038384e-04 1.950076e-04 6.946809e-05 4.221512e-04 3.411447e-04 1.172654e-03 1.796176e-03 1.422133e-05 
461 11526 2.998364e-02 0 0 4.703552e-04 9.571042e-05 1.793004e-04 6.434807e-05 3.832224e-04 3.122177e-04 1.068478e-03 1.651296e-03 1.283053e-05 
462 11551 2.846345e-02 0 0 4.616763e-04 9.148275e-05 1.777392e-04 6.084096e-05 3.587859e-04 3.089784e-04 1.009348e-03 1.631223e-03 1.203114e-05 
463 11576 2.812338e-02 0 0 4.466275e-04 9.203719e-05 1.720621e-04 5.866354e-05 3.435737e-04 3.019161e-04 9.646822e-04 1.596234e-03 1.162391e-05 
464 11601 2.968776e-02 0 0 4.814236e-04 1.029497e-04 1.823333e-04 6.098339e-05 3.619676e-04 3.223760e-04 1.046487e-03 1.759541e-03 1.199665e-05 
465 11626 2.934309e-02 0 0 4.665199e-04 1.058767e-04 1.771710e-04 5.933712e-05 3.485019e-04 3.193341e-04 1.003930e-03 1.711438e-03 1.153212e-05 
466 11651 3.052660e-02 0 0 4.636660e-04 1.102795e-04 1.770739e-04 6.102605e-05 3.570808e-04 3.212149e-04 1.009695e-03 1.709242e-03 1.153464e-05 
467 11676 2.945118e-02 0 0 4.305654e-04 1.064329e-04 1.649972e-04 5.753108e-05 3.355541e-04 3.007832e-04 9.423476e-04 1.591848e-03 1.088950e-05 
468 11701 3.081759e-02 0 0 4.389650e-04 1.105028e-04 1.683337e-04 6.239435e-05 3.532061e-04 3.078442e-04 9.756918e-04 1.633336e-03 1.126632e-05 
469 11726 3.123033e-02 0 0 4.475872e-04 1.080777e-04 1.766020e-04 6.345228e-05 3.454257e-04 3.170594e-04 9.883412e-04 1.666667e-03 1.118780e-05 
470 11751 3.340609e-02 0 0 4.860389e-04 1.147893e-04 1.970204e-04 7.069670e-05 3.872368e-04 3.572113e-04 1.089826e-03 1.795147e-03 1.180934e-05 
471 11776 3.104278e-02 0 0 4.365469e-04 1.085307e-04 1.783914e-04 6.556727e-05 3.584300e-04 3.251592e-04 1.000853e-03 1.611637e-03 1.061790e-05 
