%  columns="iteration, evaluation, sigma, max axis length, min axis length, all principal axes lengths (sorted square roots of eigenvalues of C)" (startseed=211072, 2015/08/22 6:13:46.73)
1 26 2.455385e+00 1.031854e+00 1.406546e-01 1.406546e-01 1.489852e-01 1.527029e-01 1.633323e-01 1.938401e-01 2.223994e-01 3.124886e-01 6.540467e-01 1.031854e+00 
2 51 2.545410e+00 9.959470e-01 1.397645e-01 1.397645e-01 1.483954e-01 1.530277e-01 1.649098e-01 1.928246e-01 2.203619e-01 3.040339e-01 6.573804e-01 9.959470e-01 
3 76 2.669550e+00 9.581118e-01 1.412109e-01 1.412109e-01 1.431413e-01 1.491701e-01 1.610009e-01 1.874978e-01 2.136903e-01 2.964714e-01 6.761261e-01 9.581118e-01 
4 101 2.492863e+00 9.473942e-01 1.357309e-01 1.357309e-01 1.419630e-01 1.449895e-01 1.569111e-01 1.873882e-01 2.103901e-01 2.932009e-01 6.653535e-01 9.473942e-01 
5 126 2.281169e+00 9.344073e-01 1.344753e-01 1.344753e-01 1.392341e-01 1.435862e-01 1.516793e-01 1.867680e-01 2.080574e-01 2.817047e-01 6.546649e-01 9.344073e-01 
6 151 2.217169e+00 9.125733e-01 1.320541e-01 1.320541e-01 1.355271e-01 1.428695e-01 1.558030e-01 1.868921e-01 2.072355e-01 2.714486e-01 6.444658e-01 9.125733e-01 
7 176 2.109850e+00 9.257615e-01 1.299351e-01 1.299351e-01 1.346225e-01 1.396445e-01 1.573265e-01 1.828217e-01 2.007353e-01 2.637719e-01 6.371009e-01 9.257615e-01 
8 201 1.888796e+00 8.996236e-01 1.269437e-01 1.269437e-01 1.293441e-01 1.394231e-01 1.565795e-01 1.804522e-01 1.938917e-01 2.540169e-01 6.162931e-01 8.996236e-01 
9 226 2.021549e+00 9.137559e-01 1.240230e-01 1.240230e-01 1.287775e-01 1.409553e-01 1.515595e-01 1.808833e-01 1.977367e-01 2.573749e-01 5.944372e-01 9.137559e-01 
10 251 1.998400e+00 8.895108e-01 1.193869e-01 1.193869e-01 1.248272e-01 1.378936e-01 1.477237e-01 1.744304e-01 2.086795e-01 2.580591e-01 5.876679e-01 8.895108e-01 
11 276 1.941888e+00 8.663258e-01 1.152285e-01 1.152285e-01 1.243221e-01 1.380379e-01 1.442172e-01 1.689876e-01 2.076921e-01 2.534040e-01 5.819112e-01 8.663258e-01 
12 301 1.948116e+00 8.450979e-01 1.117794e-01 1.117794e-01 1.196965e-01 1.349740e-01 1.449201e-01 1.635186e-01 2.101987e-01 2.491242e-01 5.617798e-01 8.450979e-01 
13 326 1.898725e+00 8.254772e-01 1.092202e-01 1.092202e-01 1.163931e-01 1.350366e-01 1.404172e-01 1.662595e-01 2.058278e-01 2.427711e-01 5.460955e-01 8.254772e-01 
14 351 1.731960e+00 8.168962e-01 1.066762e-01 1.066762e-01 1.132423e-01 1.336190e-01 1.373429e-01 1.626221e-01 2.017268e-01 2.325891e-01 5.301083e-01 8.168962e-01 
15 376 1.551332e+00 7.986249e-01 1.048285e-01 1.048285e-01 1.106893e-01 1.324615e-01 1.371189e-01 1.613122e-01 2.051625e-01 2.260303e-01 5.159249e-01 7.986249e-01 
16 401 1.457696e+00 7.927198e-01 1.054702e-01 1.054702e-01 1.073742e-01 1.304001e-01 1.457408e-01 1.621080e-01 1.998778e-01 2.241520e-01 4.953010e-01 7.927198e-01 
17 426 1.372976e+00 7.666272e-01 1.057229e-01 1.057229e-01 1.062986e-01 1.292730e-01 1.468904e-01 1.554349e-01 1.917442e-01 2.189528e-01 4.780372e-01 7.666272e-01 
18 451 1.329019e+00 7.599679e-01 1.030937e-01 1.030937e-01 1.038929e-01 1.251137e-01 1.480670e-01 1.598140e-01 1.946294e-01 2.120285e-01 4.613567e-01 7.599679e-01 
19 476 1.382739e+00 7.682177e-01 1.003687e-01 1.003687e-01 1.047214e-01 1.267063e-01 1.441036e-01 1.628979e-01 1.920532e-01 2.148782e-01 4.474057e-01 7.682177e-01 
20 501 1.361262e+00 7.365882e-01 9.618550e-02 9.618550e-02 1.042600e-01 1.223519e-01 1.387007e-01 1.595556e-01 1.988885e-01 2.104244e-01 4.336524e-01 7.365882e-01 
21 526 1.304559e+00 7.304836e-01 9.199806e-02 9.199806e-02 1.035188e-01 1.207473e-01 1.371533e-01 1.561890e-01 1.982240e-01 2.060538e-01 4.170917e-01 7.304836e-01 
22 551 1.233462e+00 7.246756e-01 9.173461e-02 9.173461e-02 1.014614e-01 1.166805e-01 1.343072e-01 1.530601e-01 1.966585e-01 2.067513e-01 4.004363e-01 7.246756e-01 
23 576 1.081463e+00 7.280343e-01 8.866938e-02 8.866938e-02 1.006677e-01 1.123862e-01 1.339325e-01 1.530217e-01 1.930840e-01 2.037835e-01 3.874499e-01 7.280343e-01 
24 601 1.000410e+00 7.214965e-01 8.705685e-02 8.705685e-02 9.753471e-02 1.103741e-01 1.367521e-01 1.475164e-01 1.882151e-01 1.955674e-01 3.753767e-01 7.214965e-01 
25 626 9.824544e-01 7.317638e-01 8.731570e-02 8.731570e-02 9.448279e-02 1.079639e-01 1.367152e-01 1.493902e-01 1.829262e-01 1.890012e-01 3.720345e-01 7.317638e-01 
26 651 8.786478e-01 7.450341e-01 8.885437e-02 8.885437e-02 9.079031e-02 1.053872e-01 1.400653e-01 1.556639e-01 1.756192e-01 1.936545e-01 3.653666e-01 7.450341e-01 
27 676 8.387970e-01 7.571311e-01 8.837061e-02 8.837061e-02 9.071834e-02 1.069294e-01 1.374883e-01 1.511783e-01 1.697034e-01 2.025880e-01 3.546503e-01 7.571311e-01 
28 701 8.415814e-01 7.366447e-01 8.700976e-02 8.700976e-02 9.340257e-02 1.032434e-01 1.366482e-01 1.570504e-01 1.662193e-01 1.987594e-01 3.486617e-01 7.366447e-01 
29 726 8.792073e-01 7.392876e-01 8.522773e-02 8.522773e-02 9.103718e-02 1.025372e-01 1.362719e-01 1.571998e-01 1.700886e-01 2.060589e-01 3.373150e-01 7.392876e-01 
30 751 8.662314e-01 7.567279e-01 8.387242e-02 8.387242e-02 9.156034e-02 9.906600e-02 1.388601e-01 1.519801e-01 1.634958e-01 2.040858e-01 3.302401e-01 7.567279e-01 
31 776 8.724964e-01 7.710400e-01 8.187636e-02 8.187636e-02 9.165319e-02 1.000128e-01 1.401300e-01 1.483634e-01 1.614547e-01 2.078332e-01 3.218596e-01 7.710400e-01 
32 801 8.485053e-01 7.597950e-01 8.220107e-02 8.220107e-02 8.877035e-02 9.699338e-02 1.372421e-01 1.448210e-01 1.578385e-01 2.071996e-01 3.177084e-01 7.597950e-01 
33 826 8.359088e-01 7.538027e-01 7.926761e-02 7.926761e-02 9.064224e-02 9.521423e-02 1.338338e-01 1.396167e-01 1.567084e-01 2.084678e-01 3.146450e-01 7.538027e-01 
34 851 7.854526e-01 7.250496e-01 7.706570e-02 7.706570e-02 8.903561e-02 9.527640e-02 1.298756e-01 1.380751e-01 1.641565e-01 2.003089e-01 3.252428e-01 7.250496e-01 
35 876 8.518324e-01 7.058953e-01 7.695093e-02 7.695093e-02 8.642709e-02 9.767124e-02 1.324537e-01 1.403825e-01 1.687847e-01 2.123972e-01 3.219803e-01 7.058953e-01 
36 901 8.259462e-01 6.926870e-01 7.479342e-02 7.479342e-02 8.551358e-02 9.652051e-02 1.293450e-01 1.362009e-01 1.698754e-01 2.112500e-01 3.181847e-01 6.926870e-01 
37 926 8.407149e-01 7.057072e-01 7.252766e-02 7.252766e-02 8.560004e-02 1.047464e-01 1.289111e-01 1.345173e-01 1.644859e-01 2.062748e-01 3.215958e-01 7.057072e-01 
38 951 7.783601e-01 7.194452e-01 7.194679e-02 7.194679e-02 8.422110e-02 1.052094e-01 1.252404e-01 1.440988e-01 1.639971e-01 2.155829e-01 3.225974e-01 7.194452e-01 
39 976 7.188065e-01 7.179359e-01 6.999543e-02 6.999543e-02 8.185448e-02 1.040935e-01 1.240320e-01 1.401275e-01 1.586920e-01 2.152207e-01 3.129169e-01 7.179359e-01 
40 1001 6.483689e-01 7.065808e-01 6.706604e-02 6.706604e-02 8.268725e-02 1.011420e-01 1.195726e-01 1.464240e-01 1.655628e-01 2.125830e-01 3.058954e-01 7.065808e-01 
41 1026 6.294283e-01 7.041381e-01 6.462209e-02 6.462209e-02 8.141916e-02 9.895264e-02 1.159350e-01 1.424259e-01 1.639583e-01 2.104208e-01 3.048612e-01 7.041381e-01 
42 1051 6.824635e-01 7.094542e-01 6.204973e-02 6.204973e-02 7.995679e-02 9.466512e-02 1.155721e-01 1.415822e-01 1.624951e-01 2.092907e-01 3.051126e-01 7.094542e-01 
43 1076 6.763998e-01 7.101426e-01 6.008791e-02 6.008791e-02 8.408363e-02 9.279445e-02 1.124571e-01 1.400263e-01 1.571854e-01 2.073030e-01 3.033669e-01 7.101426e-01 
44 1101 6.869884e-01 6.964537e-01 5.789655e-02 5.789655e-02 8.316049e-02 9.273391e-02 1.110950e-01 1.355712e-01 1.525559e-01 2.157825e-01 3.104185e-01 6.964537e-01 
45 1126 6.383465e-01 6.858934e-01 5.605159e-02 5.605159e-02 8.081646e-02 9.155223e-02 1.122591e-01 1.382583e-01 1.516681e-01 2.108092e-01 3.192763e-01 6.858934e-01 
46 1151 6.130956e-01 6.775112e-01 5.712587e-02 5.712587e-02 7.814928e-02 9.405600e-02 1.126443e-01 1.369039e-01 1.525836e-01 2.086707e-01 3.159971e-01 6.775112e-01 
47 1176 5.893550e-01 6.678803e-01 5.523395e-02 5.523395e-02 7.805579e-02 9.322145e-02 1.151049e-01 1.324299e-01 1.502259e-01 2.013791e-01 3.223749e-01 6.678803e-01 
48 1201 6.173999e-01 6.452798e-01 5.319913e-02 5.319913e-02 7.543125e-02 9.194583e-02 1.138997e-01 1.292999e-01 1.590361e-01 1.970870e-01 3.093307e-01 6.452798e-01 
49 1226 6.454309e-01 6.276368e-01 5.149397e-02 5.149397e-02 7.623418e-02 9.118313e-02 1.128623e-01 1.269087e-01 1.603470e-01 2.038825e-01 3.127757e-01 6.276368e-01 
50 1251 6.324286e-01 6.244418e-01 5.001715e-02 5.001715e-02 7.318633e-02 8.893571e-02 1.116699e-01 1.251882e-01 1.605271e-01 1.974839e-01 3.156864e-01 6.244418e-01 
51 1276 5.744315e-01 6.185190e-01 4.893731e-02 4.893731e-02 7.109539e-02 8.940056e-02 1.083428e-01 1.227702e-01 1.608694e-01 1.926496e-01 3.080944e-01 6.185190e-01 
52 1301 5.672922e-01 6.317869e-01 4.801725e-02 4.801725e-02 6.872850e-02 8.787135e-02 1.083909e-01 1.321007e-01 1.582975e-01 1.866398e-01 3.026505e-01 6.317869e-01 
53 1326 5.358096e-01 6.291106e-01 4.643693e-02 4.643693e-02 6.840503e-02 8.774352e-02 1.060289e-01 1.315358e-01 1.557110e-01 1.841056e-01 3.083800e-01 6.291106e-01 
54 1351 5.749407e-01 6.548447e-01 4.489825e-02 4.489825e-02 6.635460e-02 8.889117e-02 1.027354e-01 1.321371e-01 1.528626e-01 1.821756e-01 3.226168e-01 6.548447e-01 
55 1376 5.853548e-01 6.668483e-01 4.324820e-02 4.324820e-02 6.515602e-02 8.616196e-02 9.888852e-02 1.303975e-01 1.546603e-01 1.818547e-01 3.147863e-01 6.668483e-01 
56 1401 6.322360e-01 6.550172e-01 4.172751e-02 4.172751e-02 6.302577e-02 8.517795e-02 9.718918e-02 1.278353e-01 1.585732e-01 1.778232e-01 3.140044e-01 6.550172e-01 
57 1426 6.969590e-01 6.349417e-01 4.051694e-02 4.051694e-02 6.601598e-02 8.342940e-02 9.892492e-02 1.263293e-01 1.561252e-01 1.750425e-01 3.066596e-01 6.349417e-01 
58 1451 7.866757e-01 6.458539e-01 3.952932e-02 3.952932e-02 6.536867e-02 8.324996e-02 9.866167e-02 1.238907e-01 1.535694e-01 1.756756e-01 2.986412e-01 6.458539e-01 
59 1476 8.166843e-01 6.469386e-01 3.807924e-02 3.807924e-02 6.657610e-02 8.006232e-02 9.425562e-02 1.234854e-01 1.494653e-01 1.755184e-01 2.902271e-01 6.469386e-01 
60 1501 7.539532e-01 6.522219e-01 3.709355e-02 3.709355e-02 6.474877e-02 7.996482e-02 9.590884e-02 1.219583e-01 1.513257e-01 1.735380e-01 2.832859e-01 6.522219e-01 
61 1526 7.107703e-01 6.431709e-01 3.657487e-02 3.657487e-02 6.511800e-02 7.861238e-02 9.560858e-02 1.221144e-01 1.466609e-01 1.727585e-01 2.861799e-01 6.431709e-01 
62 1551 7.042018e-01 6.269789e-01 3.534415e-02 3.534415e-02 6.282273e-02 8.227160e-02 9.725822e-02 1.215734e-01 1.471609e-01 1.695355e-01 2.831081e-01 6.269789e-01 
63 1576 6.308735e-01 6.232564e-01 3.504746e-02 3.504746e-02 6.080288e-02 7.918966e-02 9.405715e-02 1.220334e-01 1.473648e-01 1.717328e-01 2.738803e-01 6.232564e-01 
64 1601 5.973981e-01 6.306110e-01 3.402308e-02 3.402308e-02 6.094569e-02 7.879150e-02 9.103691e-02 1.204111e-01 1.504479e-01 1.713390e-01 2.684414e-01 6.306110e-01 
65 1626 5.672566e-01 6.309803e-01 3.272949e-02 3.272949e-02 5.995933e-02 7.767433e-02 8.782929e-02 1.200006e-01 1.495063e-01 1.718307e-01 2.653065e-01 6.309803e-01 
66 1651 5.245484e-01 6.342101e-01 3.134397e-02 3.134397e-02 5.967732e-02 7.615727e-02 8.669749e-02 1.204427e-01 1.472356e-01 1.680535e-01 2.627785e-01 6.342101e-01 
67 1676 4.556368e-01 6.331018e-01 3.002364e-02 3.002364e-02 5.826381e-02 7.481707e-02 8.373003e-02 1.178132e-01 1.429225e-01 1.650575e-01 2.617740e-01 6.331018e-01 
68 1701 4.315086e-01 6.183132e-01 2.886301e-02 2.886301e-02 5.622966e-02 7.346033e-02 8.346596e-02 1.209874e-01 1.421097e-01 1.605583e-01 2.673451e-01 6.183132e-01 
69 1726 4.336842e-01 6.148351e-01 2.777801e-02 2.777801e-02 5.459932e-02 7.414038e-02 8.575075e-02 1.188680e-01 1.373454e-01 1.570014e-01 2.651864e-01 6.148351e-01 
70 1751 4.504583e-01 6.211547e-01 2.683404e-02 2.683404e-02 5.324623e-02 7.183369e-02 8.388497e-02 1.243174e-01 1.322192e-01 1.543616e-01 2.628830e-01 6.211547e-01 
71 1776 4.376976e-01 6.088290e-01 2.575787e-02 2.575787e-02 5.480309e-02 7.391444e-02 8.114566e-02 1.241947e-01 1.278244e-01 1.565001e-01 2.642895e-01 6.088290e-01 
72 1801 4.256519e-01 5.919387e-01 2.479515e-02 2.479515e-02 5.592139e-02 7.111443e-02 8.036194e-02 1.250005e-01 1.327107e-01 1.532788e-01 2.572723e-01 5.919387e-01 
73 1826 4.146679e-01 5.788589e-01 2.398969e-02 2.398969e-02 5.532960e-02 7.194008e-02 7.959331e-02 1.263218e-01 1.302198e-01 1.474453e-01 2.581345e-01 5.788589e-01 
74 1851 4.118312e-01 5.665753e-01 2.299723e-02 2.299723e-02 5.348198e-02 7.147260e-02 7.943437e-02 1.229261e-01 1.362641e-01 1.440947e-01 2.543943e-01 5.665753e-01 
75 1876 3.713286e-01 5.701853e-01 2.208925e-02 2.208925e-02 5.254140e-02 6.908553e-02 7.761857e-02 1.194754e-01 1.368539e-01 1.420808e-01 2.464894e-01 5.701853e-01 
76 1901 3.581246e-01 5.491932e-01 2.109182e-02 2.109182e-02 5.226714e-02 6.698410e-02 7.947253e-02 1.160903e-01 1.318982e-01 1.419787e-01 2.388412e-01 5.491932e-01 
77 1926 3.414229e-01 5.397867e-01 2.009446e-02 2.009446e-02 5.115653e-02 6.671012e-02 7.916620e-02 1.169941e-01 1.315101e-01 1.415371e-01 2.375286e-01 5.397867e-01 
78 1951 3.054456e-01 5.485884e-01 1.928235e-02 1.928235e-02 4.949590e-02 6.655269e-02 7.680224e-02 1.144599e-01 1.328212e-01 1.424602e-01 2.315712e-01 5.485884e-01 
79 1976 2.553896e-01 5.394735e-01 1.858516e-02 1.858516e-02 4.796816e-02 6.571892e-02 7.484983e-02 1.112523e-01 1.296481e-01 1.425603e-01 2.320262e-01 5.394735e-01 
80 2001 2.526429e-01 5.469786e-01 1.772556e-02 1.772556e-02 4.821185e-02 6.471637e-02 7.191741e-02 1.108688e-01 1.268869e-01 1.455025e-01 2.223584e-01 5.469786e-01 
81 2026 3.011382e-01 5.861038e-01 1.690999e-02 1.690999e-02 4.735658e-02 6.782035e-02 7.074504e-02 1.068173e-01 1.258429e-01 1.455769e-01 2.215646e-01 5.861038e-01 
82 2051 3.035241e-01 5.865828e-01 1.620683e-02 1.620683e-02 4.569171e-02 6.571694e-02 7.471290e-02 1.049434e-01 1.224611e-01 1.420159e-01 2.186648e-01 5.865828e-01 
83 2076 3.040491e-01 6.207743e-01 1.561647e-02 1.561647e-02 4.557501e-02 6.485954e-02 7.648475e-02 1.014328e-01 1.209278e-01 1.422543e-01 2.188768e-01 6.207743e-01 
84 2101 2.789583e-01 6.294348e-01 1.501786e-02 1.501786e-02 4.468050e-02 6.491774e-02 7.323023e-02 9.859607e-02 1.162137e-01 1.378128e-01 2.147665e-01 6.294348e-01 
85 2126 2.651385e-01 6.201814e-01 1.429943e-02 1.429943e-02 4.358290e-02 6.562080e-02 7.192909e-02 9.783022e-02 1.165785e-01 1.339148e-01 2.110806e-01 6.201814e-01 
86 2151 2.350455e-01 6.087000e-01 1.362394e-02 1.362394e-02 4.259167e-02 6.541364e-02 7.454157e-02 9.960085e-02 1.129509e-01 1.347858e-01 2.048880e-01 6.087000e-01 
87 2176 2.404289e-01 5.949121e-01 1.310149e-02 1.310149e-02 4.097311e-02 6.498071e-02 7.554762e-02 1.001202e-01 1.097374e-01 1.314670e-01 2.077902e-01 5.949121e-01 
88 2201 2.328435e-01 5.873090e-01 1.254300e-02 1.254300e-02 4.005093e-02 6.312061e-02 7.552374e-02 9.806052e-02 1.111614e-01 1.311571e-01 2.083186e-01 5.873090e-01 
89 2226 2.633018e-01 5.868532e-01 1.198501e-02 1.198501e-02 3.860039e-02 6.204310e-02 7.347099e-02 9.527274e-02 1.077510e-01 1.384185e-01 2.274351e-01 5.868532e-01 
90 2251 2.836077e-01 6.048689e-01 1.145406e-02 1.145406e-02 3.840059e-02 6.269756e-02 7.337191e-02 9.439384e-02 1.052848e-01 1.406290e-01 2.277289e-01 6.048689e-01 
91 2276 2.646834e-01 5.868496e-01 1.099967e-02 1.099967e-02 3.742188e-02 6.098882e-02 7.177244e-02 9.186083e-02 1.099935e-01 1.377959e-01 2.217576e-01 5.868496e-01 
92 2301 2.284269e-01 5.971193e-01 1.049288e-02 1.049288e-02 3.711277e-02 5.982153e-02 7.082948e-02 8.974425e-02 1.100468e-01 1.363753e-01 2.202160e-01 5.971193e-01 
93 2326 2.317086e-01 5.751304e-01 9.973925e-03 9.973925e-03 3.816640e-02 6.339638e-02 6.885644e-02 8.810495e-02 1.100681e-01 1.357294e-01 2.215491e-01 5.751304e-01 
94 2351 2.650505e-01 5.819351e-01 9.517487e-03 9.517487e-03 3.751151e-02 6.718136e-02 7.056060e-02 8.636065e-02 1.062529e-01 1.305361e-01 2.175649e-01 5.819351e-01 
95 2376 2.974669e-01 6.227100e-01 9.136322e-03 9.136322e-03 3.667346e-02 6.555492e-02 7.171141e-02 8.579724e-02 1.031180e-01 1.290805e-01 2.113961e-01 6.227100e-01 
96 2401 3.091720e-01 6.309133e-01 8.700720e-03 8.700720e-03 3.821721e-02 6.490473e-02 7.426264e-02 8.409333e-02 1.056400e-01 1.278443e-01 2.078317e-01 6.309133e-01 
97 2426 3.218150e-01 6.145597e-01 8.333790e-03 8.333790e-03 3.732075e-02 6.250248e-02 7.728940e-02 8.546804e-02 1.076504e-01 1.254399e-01 2.111259e-01 6.145597e-01 
98 2451 3.437988e-01 6.113882e-01 7.950997e-03 7.950997e-03 3.655963e-02 6.180294e-02 7.856278e-02 8.264111e-02 1.103464e-01 1.237345e-01 2.104282e-01 6.113882e-01 
99 2476 3.375213e-01 6.496937e-01 7.654812e-03 7.654812e-03 3.608015e-02 5.908884e-02 7.669301e-02 8.118400e-02 1.088969e-01 1.191057e-01 2.034475e-01 6.496937e-01 
100 2501 3.402712e-01 6.483596e-01 7.328300e-03 7.328300e-03 3.504444e-02 5.740577e-02 7.387581e-02 8.261412e-02 1.073497e-01 1.228729e-01 2.009490e-01 6.483596e-01 
101 2526 3.698577e-01 6.475107e-01 7.059020e-03 7.059020e-03 3.423458e-02 5.552742e-02 7.234115e-02 8.134799e-02 1.039787e-01 1.307144e-01 2.027708e-01 6.475107e-01 
102 2551 3.563061e-01 6.614620e-01 6.804212e-03 6.804212e-03 3.388432e-02 5.495956e-02 6.994868e-02 8.186835e-02 1.006224e-01 1.327705e-01 2.034482e-01 6.614620e-01 
103 2576 3.304198e-01 6.644682e-01 6.650617e-03 6.650617e-03 3.292960e-02 5.440758e-02 6.862637e-02 8.139770e-02 9.907606e-02 1.308814e-01 1.994272e-01 6.644682e-01 
104 2601 3.098575e-01 6.490223e-01 6.432666e-03 6.432666e-03 3.163748e-02 5.412134e-02 6.702590e-02 8.196741e-02 9.528598e-02 1.321387e-01 1.987613e-01 6.490223e-01 
105 2626 2.786767e-01 6.403739e-01 6.352042e-03 6.352042e-03 3.062538e-02 5.308134e-02 6.704846e-02 8.245242e-02 9.578542e-02 1.285366e-01 1.995373e-01 6.403739e-01 
106 2651 2.624313e-01 6.230682e-01 6.166461e-03 6.166461e-03 3.055742e-02 5.272234e-02 6.474101e-02 8.090535e-02 9.479575e-02 1.292263e-01 1.953079e-01 6.230682e-01 
107 2676 2.414963e-01 6.037098e-01 5.888729e-03 5.888729e-03 3.108163e-02 5.150936e-02 6.598379e-02 7.974726e-02 9.247649e-02 1.248138e-01 1.914112e-01 6.037098e-01 
108 2701 2.345975e-01 5.869278e-01 5.699681e-03 5.699681e-03 3.085308e-02 5.030393e-02 6.667273e-02 7.723468e-02 8.889529e-02 1.203221e-01 1.859059e-01 5.869278e-01 
109 2726 2.522190e-01 5.969623e-01 5.580291e-03 5.580291e-03 3.076776e-02 4.876764e-02 6.820872e-02 7.589625e-02 8.917104e-02 1.219663e-01 1.801779e-01 5.969623e-01 
110 2751 2.440863e-01 6.064989e-01 5.434145e-03 5.434145e-03 3.014998e-02 4.898914e-02 6.677593e-02 7.573167e-02 8.597593e-02 1.269309e-01 1.826687e-01 6.064989e-01 
111 2776 2.232539e-01 6.234750e-01 5.270469e-03 5.270469e-03 2.933152e-02 4.797552e-02 6.426537e-02 7.778253e-02 8.373401e-02 1.244112e-01 1.755871e-01 6.234750e-01 
112 2801 2.334050e-01 6.117444e-01 5.069735e-03 5.069735e-03 2.872222e-02 5.008362e-02 6.226400e-02 7.749820e-02 8.353007e-02 1.249901e-01 1.801350e-01 6.117444e-01 
113 2826 2.198208e-01 6.234262e-01 4.869703e-03 4.869703e-03 2.842834e-02 4.897272e-02 6.116612e-02 7.640237e-02 8.280442e-02 1.231854e-01 1.802044e-01 6.234262e-01 
114 2851 2.317205e-01 6.580070e-01 4.844047e-03 4.844047e-03 2.851931e-02 4.677779e-02 5.885340e-02 7.385353e-02 8.026949e-02 1.196284e-01 1.828882e-01 6.580070e-01 
115 2876 2.215921e-01 6.454459e-01 4.681584e-03 4.681584e-03 2.809604e-02 4.614388e-02 5.814134e-02 7.109337e-02 7.730283e-02 1.209077e-01 1.767821e-01 6.454459e-01 
116 2901 1.923560e-01 6.452606e-01 4.476105e-03 4.476105e-03 2.856677e-02 4.462893e-02 5.577474e-02 6.939236e-02 7.652035e-02 1.178439e-01 1.704436e-01 6.452606e-01 
117 2926 1.906023e-01 6.257344e-01 4.315576e-03 4.315576e-03 2.784065e-02 4.416309e-02 5.482548e-02 6.840463e-02 7.452891e-02 1.191821e-01 1.658418e-01 6.257344e-01 
118 2951 1.960448e-01 6.191600e-01 4.152165e-03 4.152165e-03 2.698208e-02 4.367569e-02 5.305818e-02 6.598933e-02 7.426023e-02 1.178051e-01 1.702500e-01 6.191600e-01 
119 2976 1.991254e-01 6.062681e-01 3.987531e-03 3.987531e-03 2.583062e-02 4.362142e-02 5.157438e-02 6.408925e-02 7.341996e-02 1.192967e-01 1.859410e-01 6.062681e-01 
120 3001 2.110333e-01 6.119773e-01 3.884712e-03 3.884712e-03 2.522158e-02 4.199988e-02 5.031471e-02 6.267056e-02 7.188730e-02 1.196379e-01 1.947742e-01 6.119773e-01 
121 3026 1.942110e-01 5.999330e-01 3.761908e-03 3.761908e-03 2.525218e-02 4.080152e-02 4.995896e-02 6.129717e-02 7.222776e-02 1.163262e-01 1.936343e-01 5.999330e-01 
122 3051 2.050749e-01 6.457247e-01 3.630932e-03 3.630932e-03 2.422486e-02 3.961466e-02 4.855074e-02 6.091022e-02 7.077371e-02 1.141938e-01 2.024511e-01 6.457247e-01 
123 3076 1.930260e-01 6.218323e-01 3.541264e-03 3.541264e-03 2.369507e-02 3.845964e-02 4.792523e-02 6.137509e-02 7.010590e-02 1.156125e-01 1.984545e-01 6.218323e-01 
124 3101 1.873331e-01 6.320687e-01 3.451611e-03 3.451611e-03 2.402846e-02 3.810089e-02 4.647178e-02 6.005041e-02 6.907921e-02 1.133321e-01 1.944353e-01 6.320687e-01 
125 3126 1.840607e-01 6.095894e-01 3.331764e-03 3.331764e-03 2.442954e-02 3.709149e-02 4.532648e-02 6.063579e-02 6.749802e-02 1.171366e-01 1.888752e-01 6.095894e-01 
126 3151 1.845366e-01 6.142022e-01 3.193748e-03 3.193748e-03 2.555247e-02 3.568514e-02 4.617856e-02 5.960871e-02 6.725428e-02 1.153382e-01 1.961057e-01 6.142022e-01 
127 3176 1.942950e-01 6.231936e-01 3.099603e-03 3.099603e-03 2.569710e-02 3.533349e-02 4.595614e-02 6.061303e-02 6.725368e-02 1.129104e-01 1.919111e-01 6.231936e-01 
128 3201 2.065803e-01 6.104897e-01 2.969559e-03 2.969559e-03 2.570171e-02 3.431980e-02 4.591133e-02 5.791769e-02 6.670917e-02 1.104241e-01 2.046081e-01 6.104897e-01 
129 3226 1.914379e-01 6.061709e-01 2.933778e-03 2.933778e-03 2.513124e-02 3.271011e-02 4.578922e-02 5.662198e-02 6.681507e-02 1.075933e-01 2.062997e-01 6.061709e-01 
130 3251 1.648298e-01 5.989366e-01 2.798708e-03 2.798708e-03 2.457230e-02 3.197178e-02 4.447095e-02 5.495153e-02 6.643662e-02 1.054878e-01 2.038853e-01 5.989366e-01 
131 3276 1.554615e-01 5.984210e-01 2.674674e-03 2.674674e-03 2.482006e-02 3.101492e-02 4.427422e-02 5.540051e-02 6.423152e-02 1.063149e-01 2.004426e-01 5.984210e-01 
132 3301 1.604569e-01 5.964159e-01 2.625594e-03 2.625594e-03 2.604281e-02 2.986533e-02 4.263619e-02 5.388975e-02 6.763684e-02 1.040852e-01 2.075856e-01 5.964159e-01 
133 3326 1.629935e-01 5.805279e-01 2.520064e-03 2.520064e-03 2.535762e-02 2.869537e-02 4.148119e-02 5.230900e-02 6.678673e-02 1.051054e-01 2.145271e-01 5.805279e-01 
134 3351 1.705113e-01 5.914239e-01 2.455155e-03 2.455155e-03 2.498459e-02 2.882257e-02 4.061494e-02 5.371515e-02 6.614063e-02 1.045119e-01 2.234909e-01 5.914239e-01 
135 3376 1.573449e-01 5.803990e-01 2.378303e-03 2.378303e-03 2.421520e-02 2.787511e-02 3.979687e-02 5.160712e-02 6.548158e-02 1.051728e-01 2.216001e-01 5.803990e-01 
136 3401 1.501337e-01 5.627163e-01 2.303316e-03 2.303316e-03 2.366099e-02 2.723885e-02 3.871895e-02 5.042935e-02 6.426448e-02 1.056431e-01 2.305360e-01 5.627163e-01 
137 3426 1.567005e-01 5.612682e-01 2.215623e-03 2.215623e-03 2.408202e-02 2.682674e-02 4.042688e-02 5.053799e-02 6.378377e-02 1.023521e-01 2.369443e-01 5.612682e-01 
138 3451 1.551342e-01 5.700627e-01 2.128551e-03 2.128551e-03 2.437268e-02 2.682677e-02 4.036955e-02 5.021176e-02 6.243917e-02 1.050849e-01 2.287782e-01 5.700627e-01 
139 3476 1.517847e-01 5.877947e-01 2.078626e-03 2.078626e-03 2.373776e-02 2.610634e-02 3.981494e-02 4.950042e-02 6.168111e-02 1.029905e-01 2.221990e-01 5.877947e-01 
140 3501 1.474132e-01 5.975607e-01 2.022037e-03 2.022037e-03 2.306513e-02 2.504877e-02 3.890100e-02 5.026138e-02 6.232347e-02 1.008900e-01 2.199127e-01 5.975607e-01 
141 3526 1.314421e-01 5.869509e-01 1.955647e-03 1.955647e-03 2.257891e-02 2.426771e-02 3.721047e-02 4.924786e-02 6.292654e-02 9.805093e-02 2.207258e-01 5.869509e-01 
142 3551 1.249494e-01 5.843597e-01 1.922146e-03 1.922146e-03 2.195817e-02 2.341876e-02 3.638967e-02 5.083180e-02 6.106993e-02 9.750025e-02 2.162922e-01 5.843597e-01 
143 3576 1.138635e-01 5.838751e-01 1.852922e-03 1.852922e-03 2.175569e-02 2.259087e-02 3.573486e-02 4.906878e-02 6.061914e-02 9.876893e-02 2.101851e-01 5.838751e-01 
144 3601 1.204754e-01 5.773676e-01 1.807261e-03 1.807261e-03 2.099764e-02 2.271301e-02 3.566609e-02 5.102693e-02 5.918135e-02 9.867541e-02 2.026120e-01 5.773676e-01 
145 3626 1.170944e-01 5.834678e-01 1.746324e-03 1.746324e-03 2.071139e-02 2.219708e-02 3.527727e-02 4.971218e-02 5.875832e-02 9.845144e-02 1.944966e-01 5.834678e-01 
146 3651 1.146590e-01 6.098592e-01 1.705428e-03 1.705428e-03 2.015513e-02 2.154682e-02 3.428863e-02 4.872990e-02 5.787999e-02 9.668724e-02 1.903736e-01 6.098592e-01 
147 3676 1.128584e-01 5.908591e-01 1.651594e-03 1.651594e-03 1.975260e-02 2.234091e-02 3.327226e-02 4.859127e-02 5.799684e-02 9.848756e-02 1.885951e-01 5.908591e-01 
148 3701 9.699420e-02 5.872353e-01 1.618712e-03 1.618712e-03 1.899898e-02 2.185299e-02 3.245040e-02 4.800876e-02 5.717362e-02 9.978222e-02 1.885966e-01 5.872353e-01 
149 3726 1.015212e-01 5.710764e-01 1.596629e-03 1.596629e-03 1.827061e-02 2.261025e-02 3.320900e-02 4.657573e-02 5.833424e-02 9.856190e-02 1.993574e-01 5.710764e-01 
150 3751 9.504495e-02 5.546466e-01 1.531536e-03 1.531536e-03 1.756906e-02 2.214305e-02 3.370559e-02 4.612032e-02 5.667999e-02 9.620730e-02 2.001587e-01 5.546466e-01 
151 3776 9.191529e-02 5.389717e-01 1.524364e-03 1.524364e-03 1.698748e-02 2.325760e-02 3.244963e-02 4.736705e-02 5.645912e-02 9.491501e-02 1.954604e-01 5.389717e-01 
152 3801 1.135518e-01 5.381499e-01 1.516187e-03 1.516187e-03 1.637950e-02 2.473423e-02 3.212254e-02 4.715334e-02 5.658363e-02 9.555912e-02 1.963440e-01 5.381499e-01 
153 3826 1.217010e-01 5.343120e-01 1.482733e-03 1.482733e-03 1.594201e-02 2.491932e-02 3.259955e-02 4.621924e-02 5.673044e-02 9.280350e-02 1.964656e-01 5.343120e-01 
154 3851 1.246446e-01 5.220867e-01 1.501520e-03 1.501520e-03 1.556894e-02 2.455998e-02 3.232642e-02 4.514628e-02 5.783882e-02 8.987496e-02 1.914801e-01 5.220867e-01 
155 3876 1.294381e-01 5.236092e-01 1.479731e-03 1.479731e-03 1.496092e-02 2.455431e-02 3.308964e-02 4.469556e-02 6.008183e-02 8.756714e-02 1.883504e-01 5.236092e-01 
156 3901 1.288929e-01 5.103542e-01 1.450669e-03 1.450669e-03 1.469240e-02 2.405241e-02 3.246933e-02 4.431746e-02 5.968714e-02 9.120099e-02 1.865577e-01 5.103542e-01 
157 3926 1.205208e-01 5.133887e-01 1.448831e-03 1.448831e-03 1.405387e-02 2.316307e-02 3.331260e-02 4.451960e-02 5.965821e-02 8.889639e-02 1.811257e-01 5.133887e-01 
158 3951 1.292137e-01 5.139729e-01 1.423037e-03 1.423037e-03 1.356694e-02 2.251185e-02 3.425763e-02 4.354025e-02 5.754099e-02 8.712364e-02 1.898197e-01 5.139729e-01 
159 3976 1.394495e-01 4.986362e-01 1.445351e-03 1.445351e-03 1.310587e-02 2.261002e-02 3.486123e-02 4.265316e-02 5.565843e-02 8.847282e-02 1.855492e-01 4.986362e-01 
160 4001 1.208383e-01 4.898997e-01 1.410977e-03 1.410977e-03 1.255822e-02 2.210525e-02 3.376169e-02 4.105451e-02 5.654012e-02 8.574098e-02 1.806250e-01 4.898997e-01 
161 4026 1.170421e-01 4.800225e-01 1.379938e-03 1.379938e-03 1.205732e-02 2.140216e-02 3.391182e-02 3.958114e-02 5.514971e-02 8.594602e-02 1.812078e-01 4.800225e-01 
162 4051 1.137395e-01 4.683078e-01 1.361392e-03 1.361392e-03 1.156519e-02 2.142323e-02 3.444798e-02 3.999450e-02 5.410174e-02 8.527543e-02 1.773568e-01 4.683078e-01 
163 4076 1.150711e-01 4.541427e-01 1.375732e-03 1.375732e-03 1.116435e-02 2.087392e-02 3.344739e-02 3.989939e-02 5.337714e-02 8.611146e-02 1.765695e-01 4.541427e-01 
164 4101 9.227388e-02 4.490876e-01 1.333808e-03 1.333808e-03 1.075757e-02 2.110417e-02 3.226169e-02 3.889008e-02 5.415486e-02 8.394144e-02 1.727416e-01 4.490876e-01 
165 4126 7.934581e-02 4.484114e-01 1.289882e-03 1.289882e-03 1.043523e-02 2.061890e-02 3.127415e-02 3.800983e-02 5.347142e-02 8.252616e-02 1.693986e-01 4.484114e-01 
166 4151 7.856492e-02 4.389170e-01 1.339804e-03 1.339804e-03 1.008282e-02 2.036911e-02 3.111849e-02 3.937259e-02 5.210817e-02 8.302651e-02 1.659115e-01 4.389170e-01 
167 4176 6.984589e-02 4.272064e-01 1.343314e-03 1.343314e-03 9.769893e-03 1.972922e-02 3.086646e-02 3.836312e-02 5.229473e-02 8.586466e-02 1.611379e-01 4.272064e-01 
168 4201 7.026409e-02 4.246856e-01 1.382710e-03 1.382710e-03 9.379222e-03 1.937473e-02 3.054115e-02 3.735161e-02 5.190201e-02 8.525300e-02 1.579261e-01 4.246856e-01 
169 4226 6.046770e-02 4.136308e-01 1.347362e-03 1.347362e-03 9.087361e-03 2.023001e-02 2.994104e-02 3.709540e-02 5.130851e-02 8.330699e-02 1.528032e-01 4.136308e-01 
170 4251 6.043022e-02 4.081647e-01 1.407297e-03 1.407297e-03 8.799197e-03 2.008661e-02 3.007913e-02 3.627352e-02 4.933823e-02 8.326893e-02 1.535751e-01 4.081647e-01 
171 4276 6.416191e-02 4.033667e-01 1.368977e-03 1.368977e-03 8.792886e-03 2.073852e-02 2.971239e-02 3.629441e-02 4.814967e-02 8.534913e-02 1.493891e-01 4.033667e-01 
172 4301 6.620866e-02 3.917232e-01 1.324183e-03 1.324183e-03 8.509929e-03 2.103777e-02 2.915366e-02 3.586674e-02 4.882174e-02 8.516472e-02 1.443460e-01 3.917232e-01 
173 4326 6.627788e-02 3.878998e-01 1.325814e-03 1.325814e-03 8.451899e-03 2.148458e-02 2.895789e-02 3.527999e-02 4.809473e-02 8.642817e-02 1.437980e-01 3.878998e-01 
174 4351 7.187775e-02 3.868365e-01 1.280305e-03 1.280305e-03 8.534902e-03 2.085635e-02 2.883525e-02 3.540559e-02 4.874213e-02 8.884815e-02 1.520906e-01 3.868365e-01 
175 4376 7.116386e-02 3.820204e-01 1.255541e-03 1.255541e-03 8.357609e-03 2.026647e-02 2.875077e-02 3.464871e-02 4.779569e-02 9.161441e-02 1.571333e-01 3.820204e-01 
176 4401 7.295080e-02 3.728397e-01 1.225954e-03 1.225954e-03 8.056691e-03 1.991290e-02 2.957823e-02 3.395007e-02 4.834606e-02 9.128782e-02 1.584988e-01 3.728397e-01 
177 4426 6.414521e-02 3.602957e-01 1.217876e-03 1.217876e-03 7.969546e-03 1.946465e-02 2.863004e-02 3.420651e-02 4.701946e-02 9.630146e-02 1.584810e-01 3.602957e-01 
178 4451 5.501679e-02 3.560913e-01 1.220645e-03 1.220645e-03 7.697773e-03 1.888716e-02 2.781174e-02 3.316529e-02 4.764895e-02 9.263278e-02 1.569776e-01 3.560913e-01 
179 4476 4.843572e-02 3.579947e-01 1.205075e-03 1.205075e-03 7.673908e-03 1.901056e-02 2.818514e-02 3.279216e-02 4.946493e-02 9.215397e-02 1.585130e-01 3.579947e-01 
180 4501 4.580289e-02 3.494619e-01 1.175260e-03 1.175260e-03 7.849364e-03 1.911842e-02 2.741114e-02 3.232963e-02 4.769960e-02 8.878628e-02 1.650918e-01 3.494619e-01 
181 4526 5.170349e-02 3.376820e-01 1.187992e-03 1.187992e-03 8.268488e-03 1.875997e-02 2.679650e-02 3.209099e-02 4.656746e-02 8.912528e-02 1.749262e-01 3.376820e-01 
182 4551 5.231600e-02 3.391173e-01 1.192492e-03 1.192492e-03 8.233590e-03 1.839073e-02 2.606198e-02 3.108794e-02 4.560829e-02 8.599370e-02 1.780623e-01 3.391173e-01 
183 4576 5.127998e-02 3.327499e-01 1.179384e-03 1.179384e-03 8.018413e-03 1.894081e-02 2.594292e-02 3.015977e-02 4.420603e-02 8.315078e-02 1.750971e-01 3.327499e-01 
184 4601 4.809907e-02 3.354186e-01 1.176240e-03 1.176240e-03 7.864091e-03 1.862469e-02 2.545700e-02 2.919399e-02 4.481797e-02 8.124826e-02 1.723969e-01 3.354186e-01 
185 4626 5.048003e-02 3.329895e-01 1.198793e-03 1.198793e-03 7.915268e-03 1.824365e-02 2.528900e-02 2.854721e-02 4.462872e-02 7.866664e-02 1.738909e-01 3.329895e-01 
186 4651 4.795269e-02 3.248105e-01 1.168935e-03 1.168935e-03 7.713151e-03 1.782242e-02 2.569292e-02 2.782069e-02 4.401380e-02 7.834789e-02 1.701698e-01 3.248105e-01 
187 4676 4.690725e-02 3.194809e-01 1.192296e-03 1.192296e-03 7.481112e-03 1.725245e-02 2.511977e-02 2.731670e-02 4.469270e-02 8.124014e-02 1.667890e-01 3.194809e-01 
188 4701 4.371234e-02 3.112772e-01 1.187025e-03 1.187025e-03 7.466516e-03 1.688059e-02 2.463713e-02 2.668075e-02 4.646130e-02 8.010516e-02 1.687121e-01 3.112772e-01 
189 4726 4.102517e-02 3.021216e-01 1.155684e-03 1.155684e-03 7.477012e-03 1.639939e-02 2.464921e-02 2.601914e-02 4.698906e-02 7.923998e-02 1.677254e-01 3.021216e-01 
190 4751 3.721183e-02 3.007547e-01 1.126021e-03 1.126021e-03 7.536933e-03 1.604166e-02 2.491998e-02 2.545302e-02 4.551029e-02 7.812202e-02 1.627685e-01 3.007547e-01 
191 4776 3.289430e-02 3.010915e-01 1.108202e-03 1.108202e-03 7.848305e-03 1.581469e-02 2.530245e-02 2.577765e-02 4.518053e-02 7.650699e-02 1.572277e-01 3.010915e-01 
192 4801 3.543314e-02 2.991938e-01 1.151804e-03 1.151804e-03 7.618191e-03 1.618834e-02 2.502189e-02 2.752976e-02 4.427027e-02 7.425913e-02 1.539657e-01 2.991938e-01 
193 4826 3.685872e-02 2.977115e-01 1.136900e-03 1.136900e-03 7.823792e-03 1.602315e-02 2.533040e-02 2.748291e-02 4.402867e-02 7.411153e-02 1.530087e-01 2.977115e-01 
194 4851 3.305554e-02 3.057271e-01 1.154401e-03 1.154401e-03 7.690445e-03 1.536108e-02 2.490729e-02 2.735783e-02 4.534749e-02 7.223711e-02 1.481660e-01 3.057271e-01 
195 4876 3.085717e-02 3.073617e-01 1.141250e-03 1.141250e-03 7.624791e-03 1.507542e-02 2.455778e-02 2.643471e-02 4.568299e-02 7.375506e-02 1.470885e-01 3.073617e-01 
196 4901 2.873594e-02 3.105047e-01 1.102709e-03 1.102709e-03 7.593454e-03 1.499461e-02 2.386114e-02 2.691490e-02 4.420768e-02 7.564773e-02 1.528796e-01 3.105047e-01 
197 4926 2.774593e-02 3.043301e-01 1.089642e-03 1.089642e-03 7.724936e-03 1.443317e-02 2.315227e-02 2.682093e-02 4.391247e-02 7.490734e-02 1.531196e-01 3.043301e-01 
198 4951 2.583195e-02 2.961993e-01 1.084214e-03 1.084214e-03 7.782870e-03 1.418178e-02 2.267916e-02 2.657985e-02 4.352907e-02 7.301357e-02 1.466625e-01 2.961993e-01 
199 4976 2.471954e-02 2.884890e-01 1.078875e-03 1.078875e-03 7.711660e-03 1.443586e-02 2.343953e-02 2.606317e-02 4.267352e-02 7.248099e-02 1.419466e-01 2.884890e-01 
200 5001 2.305779e-02 2.931573e-01 1.092794e-03 1.092794e-03 7.552971e-03 1.380115e-02 2.272611e-02 2.678236e-02 4.114790e-02 7.183819e-02 1.388850e-01 2.931573e-01 
201 5026 2.322910e-02 3.151106e-01 1.090869e-03 1.090869e-03 7.367093e-03 1.354124e-02 2.257040e-02 2.578123e-02 4.157184e-02 7.039969e-02 1.355976e-01 3.151106e-01 
202 5051 2.189960e-02 3.093507e-01 1.074105e-03 1.074105e-03 7.175752e-03 1.373876e-02 2.205440e-02 2.546740e-02 4.118012e-02 7.010912e-02 1.342677e-01 3.093507e-01 
203 5076 2.324482e-02 3.105746e-01 1.071832e-03 1.071832e-03 7.570815e-03 1.348967e-02 2.194026e-02 2.495831e-02 4.174632e-02 7.090303e-02 1.380587e-01 3.105746e-01 
204 5101 2.121636e-02 3.142010e-01 1.047612e-03 1.047612e-03 7.476696e-03 1.351475e-02 2.146912e-02 2.428383e-02 4.231426e-02 7.161757e-02 1.416831e-01 3.142010e-01 
205 5126 2.273000e-02 3.139329e-01 1.051595e-03 1.051595e-03 7.372689e-03 1.390364e-02 2.169721e-02 2.454211e-02 4.343602e-02 6.990849e-02 1.486403e-01 3.139329e-01 
206 5151 2.070176e-02 3.090957e-01 1.027149e-03 1.027149e-03 7.194152e-03 1.351460e-02 2.089117e-02 2.500250e-02 4.253820e-02 7.096115e-02 1.527951e-01 3.090957e-01 
207 5176 2.020989e-02 2.998705e-01 1.017496e-03 1.017496e-03 7.028754e-03 1.353669e-02 2.099969e-02 2.450278e-02 4.231308e-02 7.160148e-02 1.478431e-01 2.998705e-01 
208 5201 1.745314e-02 2.955149e-01 9.853653e-04 9.853653e-04 6.939639e-03 1.311951e-02 2.067839e-02 2.410731e-02 4.183264e-02 7.255115e-02 1.458247e-01 2.955149e-01 
209 5226 1.936179e-02 2.941772e-01 9.578339e-04 9.578339e-04 6.969397e-03 1.259331e-02 2.022160e-02 2.589598e-02 4.299123e-02 7.029633e-02 1.672053e-01 2.941772e-01 
210 5251 1.901014e-02 2.911572e-01 9.180213e-04 9.180213e-04 6.831359e-03 1.218021e-02 2.079752e-02 2.531704e-02 4.313519e-02 7.045509e-02 1.641405e-01 2.911572e-01 
211 5276 2.033567e-02 3.122161e-01 8.920317e-04 8.920317e-04 6.794018e-03 1.179187e-02 2.159442e-02 2.480138e-02 4.269964e-02 6.918428e-02 1.626494e-01 3.122161e-01 
212 5301 1.924029e-02 3.137204e-01 8.640452e-04 8.640452e-04 6.729221e-03 1.176314e-02 2.131627e-02 2.468349e-02 4.212633e-02 6.640021e-02 1.645232e-01 3.137204e-01 
213 5326 1.781003e-02 3.181432e-01 8.464552e-04 8.464552e-04 6.741722e-03 1.156682e-02 2.211211e-02 2.593558e-02 4.195402e-02 6.453227e-02 1.626442e-01 3.181432e-01 
214 5351 1.897364e-02 3.121644e-01 8.392868e-04 8.392868e-04 7.338372e-03 1.122181e-02 2.237882e-02 2.530125e-02 4.276836e-02 6.977991e-02 1.621862e-01 3.121644e-01 
215 5376 1.741288e-02 3.047361e-01 8.028625e-04 8.028625e-04 7.199644e-03 1.077090e-02 2.181540e-02 2.483809e-02 4.149694e-02 6.856936e-02 1.614284e-01 3.047361e-01 
216 5401 1.709214e-02 3.065512e-01 7.894400e-04 7.894400e-04 7.359967e-03 1.042177e-02 2.109098e-02 2.539816e-02 4.059225e-02 6.781102e-02 1.629921e-01 3.065512e-01 
217 5426 1.647382e-02 3.196270e-01 7.941866e-04 7.941866e-04 7.183344e-03 1.047145e-02 2.112791e-02 2.507682e-02 3.971771e-02 6.949854e-02 1.662163e-01 3.196270e-01 
218 5451 1.567914e-02 3.138893e-01 8.043606e-04 8.043606e-04 6.964710e-03 1.040884e-02 2.110832e-02 2.449875e-02 3.917042e-02 6.913698e-02 1.664183e-01 3.138893e-01 
219 5476 1.415474e-02 3.147941e-01 7.755929e-04 7.755929e-04 6.849112e-03 1.040572e-02 2.070431e-02 2.472353e-02 3.818172e-02 6.888740e-02 1.639325e-01 3.147941e-01 
220 5501 1.383211e-02 3.180096e-01 7.668223e-04 7.668223e-04 6.745105e-03 1.000471e-02 1.988308e-02 2.510851e-02 4.015793e-02 6.773299e-02 1.620554e-01 3.180096e-01 
221 5526 1.200843e-02 3.099773e-01 7.545762e-04 7.545762e-04 6.703606e-03 9.994203e-03 1.995100e-02 2.444071e-02 3.836402e-02 6.795012e-02 1.595073e-01 3.099773e-01 
222 5551 1.197283e-02 3.054955e-01 7.455042e-04 7.455042e-04 6.800982e-03 9.944753e-03 1.956648e-02 2.329762e-02 3.856699e-02 6.900077e-02 1.672593e-01 3.054955e-01 
223 5576 1.086787e-02 3.029380e-01 7.240245e-04 7.240245e-04 7.326523e-03 9.716500e-03 2.021114e-02 2.284613e-02 3.760618e-02 6.687133e-02 1.645764e-01 3.029380e-01 
224 5601 1.118817e-02 2.943532e-01 7.451403e-04 7.451403e-04 7.146368e-03 1.005368e-02 2.022651e-02 2.220028e-02 3.778560e-02 6.656342e-02 1.599656e-01 2.943532e-01 
225 5626 1.039529e-02 2.881689e-01 7.244714e-04 7.244714e-04 6.960897e-03 9.758505e-03 1.979564e-02 2.182670e-02 3.924967e-02 6.472540e-02 1.557883e-01 2.881689e-01 
226 5651 9.913621e-03 2.935516e-01 7.273732e-04 7.273732e-04 6.793878e-03 9.428485e-03 2.011699e-02 2.151256e-02 3.940530e-02 6.332166e-02 1.612181e-01 2.935516e-01 
227 5676 9.975370e-03 2.808113e-01 7.341878e-04 7.341878e-04 6.550039e-03 9.425403e-03 1.943722e-02 2.191304e-02 3.836723e-02 6.200312e-02 1.603107e-01 2.808113e-01 
228 5701 1.053456e-02 2.733003e-01 7.156047e-04 7.156047e-04 6.567607e-03 9.933938e-03 1.986022e-02 2.237233e-02 3.804974e-02 6.180726e-02 1.572448e-01 2.733003e-01 
229 5726 1.002624e-02 2.723246e-01 7.053359e-04 7.053359e-04 6.409971e-03 9.977797e-03 1.981860e-02 2.360347e-02 3.745466e-02 5.933594e-02 1.579801e-01 2.723246e-01 
230 5751 9.787523e-03 2.643131e-01 7.260311e-04 7.260311e-04 6.476195e-03 1.005651e-02 1.961736e-02 2.295558e-02 3.678011e-02 5.876342e-02 1.563615e-01 2.643131e-01 
231 5776 1.062182e-02 2.620976e-01 7.589447e-04 7.589447e-04 6.308117e-03 1.040696e-02 1.934630e-02 2.207706e-02 3.609766e-02 5.716563e-02 1.517017e-01 2.620976e-01 
232 5801 1.107687e-02 2.572139e-01 7.540068e-04 7.540068e-04 6.242340e-03 1.003536e-02 1.879854e-02 2.151618e-02 3.643606e-02 5.684107e-02 1.567454e-01 2.572139e-01 
233 5826 1.001441e-02 2.600620e-01 7.270442e-04 7.270442e-04 6.130518e-03 9.754939e-03 1.864669e-02 2.268404e-02 3.572669e-02 5.719176e-02 1.530913e-01 2.600620e-01 
234 5851 8.768004e-03 2.543281e-01 7.076569e-04 7.076569e-04 5.920688e-03 9.577078e-03 1.791531e-02 2.226482e-02 3.737193e-02 5.549653e-02 1.534117e-01 2.543281e-01 
235 5876 8.639369e-03 2.532981e-01 6.825771e-04 6.825771e-04 5.809891e-03 9.538140e-03 1.920996e-02 2.182028e-02 3.645335e-02 5.424171e-02 1.525139e-01 2.532981e-01 
236 5901 9.165745e-03 2.550328e-01 7.187081e-04 7.187081e-04 5.771307e-03 9.553439e-03 1.889570e-02 2.211609e-02 3.636224e-02 5.358807e-02 1.572524e-01 2.550328e-01 
237 5926 9.214931e-03 2.481878e-01 6.976057e-04 6.976057e-04 5.750604e-03 9.418688e-03 1.860902e-02 2.273589e-02 3.538550e-02 5.463751e-02 1.555040e-01 2.481878e-01 
238 5951 8.290584e-03 2.378236e-01 6.710230e-04 6.710230e-04 5.672961e-03 9.211388e-03 1.821646e-02 2.226716e-02 3.502132e-02 5.423660e-02 1.519560e-01 2.378236e-01 
239 5976 7.939807e-03 2.358109e-01 6.598545e-04 6.598545e-04 5.500101e-03 8.972590e-03 1.831276e-02 2.218299e-02 3.679083e-02 5.370876e-02 1.484385e-01 2.358109e-01 
240 6001 8.075420e-03 2.310840e-01 6.751074e-04 6.751074e-04 5.375107e-03 8.876844e-03 1.807245e-02 2.145770e-02 3.678150e-02 5.401432e-02 1.662637e-01 2.310840e-01 
241 6026 7.637441e-03 2.277411e-01 6.588019e-04 6.588019e-04 5.318994e-03 8.755001e-03 1.790966e-02 2.118091e-02 3.660788e-02 5.345970e-02 1.616151e-01 2.277411e-01 
242 6051 7.061382e-03 2.248764e-01 6.625372e-04 6.625372e-04 5.179511e-03 8.941553e-03 1.729015e-02 2.069647e-02 3.572918e-02 5.119946e-02 1.598837e-01 2.248764e-01 
243 6076 6.558881e-03 2.295058e-01 6.439236e-04 6.439236e-04 5.076025e-03 8.934886e-03 1.744279e-02 2.120661e-02 3.460125e-02 4.931592e-02 1.539251e-01 2.295058e-01 
244 6101 6.265490e-03 2.242466e-01 6.448184e-04 6.448184e-04 5.070979e-03 8.683608e-03 1.700553e-02 2.159679e-02 3.514429e-02 5.063375e-02 1.526816e-01 2.242466e-01 
245 6126 6.754042e-03 2.200504e-01 6.336943e-04 6.336943e-04 5.131115e-03 8.723151e-03 1.693548e-02 2.292995e-02 3.590043e-02 5.416328e-02 1.484068e-01 2.200504e-01 
246 6151 6.371125e-03 2.173385e-01 6.115654e-04 6.115654e-04 4.981237e-03 8.435484e-03 1.650733e-02 2.301484e-02 3.744597e-02 5.519386e-02 1.483375e-01 2.173385e-01 
247 6176 6.511263e-03 2.192378e-01 6.006902e-04 6.006902e-04 5.201070e-03 8.500983e-03 1.652682e-02 2.286050e-02 3.721844e-02 5.455791e-02 1.517279e-01 2.192378e-01 
248 6201 6.076505e-03 2.117091e-01 5.969034e-04 5.969034e-04 5.298928e-03 8.627124e-03 1.614110e-02 2.266051e-02 3.702339e-02 5.692635e-02 1.526740e-01 2.117091e-01 
249 6226 5.405540e-03 2.086464e-01 5.885794e-04 5.885794e-04 5.169396e-03 8.563315e-03 1.590446e-02 2.243286e-02 3.631821e-02 5.837461e-02 1.542267e-01 2.086464e-01 
250 6251 4.980142e-03 2.057123e-01 6.110729e-04 6.110729e-04 5.196007e-03 8.379160e-03 1.536367e-02 2.211224e-02 3.595570e-02 5.691534e-02 1.519352e-01 2.057123e-01 
251 6276 4.426042e-03 2.006206e-01 5.882744e-04 5.882744e-04 4.975266e-03 8.305939e-03 1.526749e-02 2.239935e-02 3.644744e-02 5.526082e-02 1.499301e-01 2.006206e-01 
252 6301 4.354318e-03 1.924499e-01 5.820594e-04 5.820594e-04 4.827166e-03 8.281255e-03 1.508997e-02 2.235160e-02 3.612980e-02 5.500506e-02 1.550270e-01 1.924499e-01 
253 6326 4.556410e-03 1.906684e-01 5.786591e-04 5.786591e-04 4.777799e-03 8.216833e-03 1.495565e-02 2.236895e-02 3.889638e-02 5.569702e-02 1.615110e-01 1.906684e-01 
254 6351 4.592892e-03 1.887827e-01 5.872182e-04 5.872182e-04 4.865874e-03 8.448579e-03 1.461687e-02 2.237405e-02 3.907939e-02 5.426902e-02 1.599934e-01 1.887827e-01 
255 6376 4.328121e-03 1.867930e-01 5.796297e-04 5.796297e-04 4.862447e-03 8.568549e-03 1.430280e-02 2.263636e-02 4.018576e-02 5.311861e-02 1.575251e-01 1.867930e-01 
256 6401 4.162934e-03 1.890981e-01 5.659735e-04 5.659735e-04 5.043733e-03 8.552300e-03 1.426773e-02 2.288574e-02 3.948595e-02 5.163505e-02 1.533022e-01 1.890981e-01 
257 6426 3.743861e-03 1.847199e-01 5.468858e-04 5.468858e-04 5.179435e-03 8.306983e-03 1.472051e-02 2.277494e-02 3.956500e-02 5.003306e-02 1.466767e-01 1.847199e-01 
258 6451 3.400490e-03 1.879886e-01 5.412918e-04 5.412918e-04 5.303599e-03 8.134949e-03 1.441951e-02 2.258044e-02 3.858009e-02 4.908775e-02 1.430068e-01 1.879886e-01 
259 6476 3.308335e-03 1.836526e-01 5.409588e-04 5.409588e-04 5.354708e-03 8.026259e-03 1.471564e-02 2.273619e-02 3.829197e-02 4.784288e-02 1.373910e-01 1.836526e-01 
260 6501 3.366217e-03 1.852495e-01 5.333102e-04 5.333102e-04 5.432694e-03 7.982959e-03 1.418649e-02 2.280941e-02 3.748541e-02 4.812547e-02 1.462661e-01 1.852495e-01 
261 6526 3.344488e-03 1.833176e-01 5.337942e-04 5.337942e-04 5.202451e-03 8.041326e-03 1.379807e-02 2.311845e-02 3.772741e-02 4.791782e-02 1.419995e-01 1.833176e-01 
262 6551 3.313865e-03 1.844270e-01 5.224940e-04 5.224940e-04 5.072712e-03 7.805344e-03 1.411436e-02 2.317396e-02 3.717503e-02 5.025571e-02 1.377521e-01 1.844270e-01 
263 6576 2.930559e-03 1.768619e-01 5.171499e-04 5.171499e-04 4.981438e-03 7.848553e-03 1.415287e-02 2.288493e-02 3.698067e-02 5.092099e-02 1.348713e-01 1.768619e-01 
264 6601 2.595010e-03 1.726576e-01 5.196953e-04 5.196953e-04 5.015589e-03 7.627998e-03 1.416398e-02 2.236217e-02 3.799018e-02 5.039463e-02 1.289445e-01 1.726576e-01 
265 6626 2.334175e-03 1.732729e-01 5.081537e-04 5.081537e-04 4.893039e-03 7.548320e-03 1.380285e-02 2.253754e-02 3.694558e-02 4.997316e-02 1.259482e-01 1.732729e-01 
266 6651 2.591479e-03 1.752546e-01 5.098497e-04 5.098497e-04 4.801938e-03 7.439939e-03 1.388628e-02 2.237827e-02 4.027540e-02 4.887774e-02 1.281417e-01 1.752546e-01 
267 6676 2.656626e-03 1.813802e-01 4.914182e-04 4.914182e-04 4.673548e-03 7.448910e-03 1.348060e-02 2.361311e-02 4.051124e-02 4.803140e-02 1.275334e-01 1.813802e-01 
268 6701 2.706321e-03 1.820694e-01 4.814519e-04 4.814519e-04 4.520786e-03 7.334315e-03 1.341238e-02 2.392376e-02 3.968167e-02 5.116882e-02 1.257014e-01 1.820694e-01 
269 6726 2.436437e-03 1.826176e-01 4.717965e-04 4.717965e-04 4.338961e-03 7.063006e-03 1.349987e-02 2.377116e-02 3.906839e-02 5.075104e-02 1.225048e-01 1.826176e-01 
270 6751 2.383482e-03 1.841369e-01 4.599728e-04 4.599728e-04 4.460706e-03 6.852530e-03 1.375083e-02 2.282757e-02 3.780277e-02 5.092574e-02 1.212046e-01 1.841369e-01 
271 6776 2.684918e-03 1.871860e-01 4.435147e-04 4.435147e-04 4.537111e-03 6.720949e-03 1.341825e-02 2.350738e-02 3.658162e-02 5.457845e-02 1.201406e-01 1.871860e-01 
272 6801 3.267827e-03 1.873451e-01 4.458507e-04 4.458507e-04 4.384952e-03 7.105136e-03 1.323828e-02 2.377112e-02 3.659491e-02 5.642234e-02 1.194416e-01 1.873451e-01 
273 6826 3.453045e-03 1.841460e-01 4.398653e-04 4.398653e-04 4.421609e-03 6.888513e-03 1.279209e-02 2.679065e-02 3.605056e-02 5.585863e-02 1.163151e-01 1.841460e-01 
274 6851 3.182633e-03 1.822554e-01 4.236179e-04 4.236179e-04 4.354585e-03 6.689489e-03 1.301733e-02 2.665109e-02 3.728091e-02 5.460554e-02 1.172392e-01 1.822554e-01 
275 6876 3.138637e-03 1.785504e-01 4.233254e-04 4.233254e-04 4.249375e-03 6.622979e-03 1.315868e-02 2.621831e-02 3.750689e-02 5.524712e-02 1.175765e-01 1.785504e-01 
276 6901 3.221782e-03 1.728702e-01 4.128457e-04 4.128457e-04 4.075244e-03 6.625764e-03 1.327824e-02 2.667360e-02 3.770200e-02 5.741011e-02 1.156197e-01 1.728702e-01 
277 6926 3.424198e-03 1.720495e-01 3.948886e-04 3.948886e-04 4.036023e-03 7.075840e-03 1.310483e-02 2.631251e-02 3.693052e-02 5.541314e-02 1.110177e-01 1.720495e-01 
278 6951 3.461901e-03 1.671163e-01 3.855313e-04 3.855313e-04 4.042686e-03 7.300331e-03 1.296371e-02 2.556149e-02 3.933118e-02 5.324869e-02 1.082407e-01 1.671163e-01 
279 6976 3.472467e-03 1.695773e-01 3.803277e-04 3.803277e-04 4.271767e-03 7.421644e-03 1.278624e-02 2.501525e-02 3.772709e-02 5.124707e-02 1.134664e-01 1.695773e-01 
280 7001 3.622381e-03 1.656502e-01 3.689248e-04 3.689248e-04 4.134462e-03 7.976041e-03 1.270192e-02 2.453165e-02 3.782388e-02 5.219403e-02 1.143558e-01 1.656502e-01 
281 7026 3.326243e-03 1.583612e-01 3.687606e-04 3.687606e-04 3.958716e-03 7.913844e-03 1.256979e-02 2.433784e-02 3.718742e-02 5.320279e-02 1.134345e-01 1.583612e-01 
282 7051 3.068179e-03 1.659069e-01 3.630850e-04 3.630850e-04 3.835811e-03 7.623117e-03 1.214911e-02 2.403702e-02 3.631627e-02 5.273806e-02 1.103161e-01 1.659069e-01 
283 7076 3.078807e-03 1.697840e-01 3.679155e-04 3.679155e-04 3.760323e-03 7.810157e-03 1.219961e-02 2.348982e-02 3.701325e-02 5.178209e-02 1.112051e-01 1.697840e-01 
284 7101 2.767932e-03 1.678223e-01 3.616948e-04 3.616948e-04 3.604599e-03 7.619565e-03 1.201637e-02 2.285266e-02 3.680769e-02 4.979167e-02 1.123843e-01 1.678223e-01 
285 7126 2.406780e-03 1.704545e-01 3.547360e-04 3.547360e-04 3.583676e-03 7.347788e-03 1.181102e-02 2.350204e-02 3.684787e-02 4.933832e-02 1.106112e-01 1.704545e-01 
286 7151 2.208635e-03 1.792527e-01 3.425356e-04 3.425356e-04 3.526490e-03 7.253648e-03 1.124723e-02 2.303991e-02 3.721417e-02 4.893812e-02 1.081532e-01 1.792527e-01 
287 7176 2.308760e-03 1.970688e-01 3.309908e-04 3.309908e-04 3.461418e-03 7.570991e-03 1.121910e-02 2.260277e-02 3.666010e-02 4.740471e-02 1.049216e-01 1.970688e-01 
288 7201 2.291178e-03 1.998618e-01 3.217262e-04 3.217262e-04 3.551638e-03 7.484051e-03 1.083658e-02 2.324438e-02 3.566148e-02 4.691488e-02 1.029197e-01 1.998618e-01 
289 7226 2.202333e-03 1.974993e-01 3.150165e-04 3.150165e-04 3.521465e-03 7.504012e-03 1.051934e-02 2.254413e-02 3.649446e-02 4.648544e-02 1.013744e-01 1.974993e-01 
290 7251 2.339459e-03 2.003731e-01 3.088298e-04 3.088298e-04 3.417832e-03 7.323030e-03 1.043502e-02 2.247361e-02 3.741316e-02 4.733952e-02 9.927282e-02 2.003731e-01 
291 7276 2.018121e-03 1.953342e-01 2.999983e-04 2.999983e-04 3.321856e-03 7.228015e-03 1.026373e-02 2.174356e-02 3.728934e-02 4.695708e-02 9.512043e-02 1.953342e-01 
292 7301 1.767229e-03 1.896792e-01 2.896018e-04 2.896018e-04 3.407385e-03 7.102141e-03 9.992473e-03 2.133143e-02 3.581425e-02 4.625155e-02 9.344988e-02 1.896792e-01 
293 7326 1.689215e-03 1.826855e-01 2.977493e-04 2.977493e-04 3.331835e-03 6.924177e-03 9.746448e-03 2.050687e-02 3.599163e-02 4.663519e-02 9.121087e-02 1.826855e-01 
294 7351 1.686373e-03 1.778636e-01 2.903019e-04 2.903019e-04 3.333617e-03 6.737021e-03 9.343052e-03 2.102313e-02 3.608531e-02 4.686104e-02 9.370708e-02 1.778636e-01 
295 7376 1.593668e-03 1.813294e-01 2.936192e-04 2.936192e-04 3.262115e-03 6.590251e-03 9.086004e-03 2.074408e-02 3.534811e-02 4.653477e-02 9.167167e-02 1.813294e-01 
296 7401 1.452747e-03 1.807486e-01 2.910764e-04 2.910764e-04 3.141031e-03 6.859194e-03 9.063364e-03 2.103940e-02 3.405823e-02 4.510894e-02 8.966412e-02 1.807486e-01 
297 7426 1.479809e-03 1.794915e-01 2.822718e-04 2.822718e-04 3.205691e-03 6.728952e-03 8.920379e-03 2.093537e-02 3.407348e-02 4.368966e-02 9.145307e-02 1.794915e-01 
298 7451 1.584658e-03 1.835076e-01 2.841184e-04 2.841184e-04 3.366893e-03 6.914867e-03 8.889755e-03 2.061557e-02 3.309241e-02 4.319227e-02 8.941853e-02 1.835076e-01 
299 7476 1.618271e-03 1.864186e-01 2.828688e-04 2.828688e-04 3.364050e-03 6.741393e-03 8.710890e-03 2.189388e-02 3.201128e-02 4.188515e-02 8.883132e-02 1.864186e-01 
300 7501 1.577381e-03 1.871048e-01 2.954831e-04 2.954831e-04 3.248412e-03 6.588802e-03 8.654312e-03 2.214896e-02 3.175397e-02 4.066300e-02 8.573699e-02 1.871048e-01 
301 7526 1.895793e-03 1.865323e-01 3.242607e-04 3.242607e-04 3.160330e-03 6.448479e-03 9.270526e-03 2.120220e-02 3.353961e-02 4.014684e-02 8.415674e-02 1.865323e-01 
302 7551 2.122238e-03 1.864318e-01 3.332782e-04 3.332782e-04 3.078929e-03 6.317731e-03 8.924251e-03 2.148971e-02 3.547288e-02 3.913587e-02 8.497737e-02 1.864318e-01 
303 7576 1.947459e-03 1.862835e-01 3.341020e-04 3.341020e-04 3.058343e-03 6.226149e-03 8.760825e-03 2.063341e-02 3.485680e-02 4.030214e-02 8.307583e-02 1.862835e-01 
304 7601 2.007598e-03 1.850660e-01 3.310572e-04 3.310572e-04 3.052178e-03 6.107660e-03 8.962019e-03 2.058628e-02 3.496499e-02 4.036150e-02 7.978235e-02 1.850660e-01 
305 7626 2.189825e-03 1.838418e-01 3.325462e-04 3.325462e-04 3.205834e-03 5.884881e-03 9.560427e-03 2.074923e-02 3.440980e-02 3.941234e-02 7.700491e-02 1.838418e-01 
306 7651 2.035948e-03 1.808689e-01 3.273958e-04 3.273958e-04 3.184636e-03 5.975450e-03 9.501556e-03 2.019591e-02 3.499996e-02 3.837865e-02 7.458891e-02 1.808689e-01 
307 7676 1.885095e-03 1.797301e-01 3.170073e-04 3.170073e-04 3.119840e-03 5.948654e-03 9.312065e-03 2.009962e-02 3.540446e-02 3.814897e-02 7.263832e-02 1.797301e-01 
308 7701 1.636070e-03 1.777228e-01 3.121878e-04 3.121878e-04 3.028998e-03 5.879087e-03 9.119354e-03 1.958796e-02 3.496999e-02 3.732474e-02 7.150483e-02 1.777228e-01 
309 7726 1.458080e-03 1.718578e-01 3.046336e-04 3.046336e-04 2.943362e-03 5.855754e-03 8.928126e-03 1.927775e-02 3.498750e-02 3.572114e-02 7.114953e-02 1.718578e-01 
310 7751 1.437606e-03 1.713936e-01 2.942025e-04 2.942025e-04 2.922787e-03 6.060273e-03 8.721724e-03 1.859206e-02 3.349227e-02 3.497412e-02 7.100223e-02 1.713936e-01 
311 7776 1.521828e-03 1.710255e-01 2.826864e-04 2.826864e-04 2.943203e-03 6.095645e-03 8.528120e-03 1.822265e-02 3.370654e-02 3.676486e-02 7.064594e-02 1.710255e-01 
312 7801 1.550637e-03 1.695784e-01 2.729792e-04 2.729792e-04 2.832811e-03 6.098710e-03 9.004324e-03 1.765115e-02 3.319808e-02 3.758036e-02 7.048331e-02 1.695784e-01 
313 7826 1.431598e-03 1.643112e-01 2.785883e-04 2.785883e-04 2.855269e-03 5.958635e-03 9.350888e-03 1.793870e-02 3.257892e-02 3.644629e-02 6.949793e-02 1.643112e-01 
314 7851 1.447983e-03 1.653171e-01 2.768640e-04 2.768640e-04 2.925304e-03 5.785176e-03 8.975314e-03 1.802800e-02 3.157816e-02 3.822381e-02 6.749576e-02 1.653171e-01 
315 7876 1.595886e-03 1.699879e-01 2.712860e-04 2.712860e-04 2.888700e-03 5.726276e-03 9.559807e-03 1.738067e-02 3.190991e-02 3.891849e-02 6.758038e-02 1.699879e-01 
316 7901 1.573435e-03 1.685226e-01 2.672588e-04 2.672588e-04 2.881619e-03 5.630562e-03 9.602220e-03 1.711401e-02 3.127704e-02 4.048535e-02 6.593488e-02 1.685226e-01 
317 7926 1.544687e-03 1.719139e-01 2.722115e-04 2.722115e-04 2.853073e-03 5.649794e-03 9.565703e-03 1.755985e-02 3.108289e-02 4.081780e-02 6.420629e-02 1.719139e-01 
318 7951 1.565633e-03 1.723475e-01 2.855108e-04 2.855108e-04 2.882330e-03 5.458347e-03 9.362090e-03 1.710136e-02 3.154312e-02 3.935524e-02 6.601679e-02 1.723475e-01 
319 7976 1.582628e-03 1.718543e-01 2.889696e-04 2.889696e-04 2.789537e-03 5.328977e-03 9.336897e-03 1.663759e-02 3.099994e-02 3.866933e-02 6.591255e-02 1.718543e-01 
320 8001 1.387978e-03 1.662775e-01 2.865502e-04 2.865502e-04 2.712897e-03 5.297538e-03 9.067468e-03 1.653587e-02 3.060221e-02 3.769558e-02 6.622025e-02 1.662775e-01 
321 8026 1.287778e-03 1.668344e-01 2.789394e-04 2.789394e-04 2.635864e-03 5.245685e-03 9.058653e-03 1.603168e-02 3.072556e-02 3.748743e-02 6.691512e-02 1.668344e-01 
322 8051 1.287644e-03 1.661441e-01 2.779519e-04 2.779519e-04 2.689832e-03 5.271597e-03 8.926766e-03 1.561286e-02 2.997143e-02 3.682145e-02 6.832656e-02 1.661441e-01 
323 8076 1.347020e-03 1.645725e-01 2.748356e-04 2.748356e-04 2.669953e-03 5.240990e-03 9.258482e-03 1.587775e-02 2.932635e-02 3.748158e-02 6.796932e-02 1.645725e-01 
324 8101 1.256344e-03 1.696248e-01 2.697152e-04 2.697152e-04 2.605402e-03 5.074551e-03 9.087497e-03 1.592456e-02 2.915103e-02 3.702921e-02 6.751347e-02 1.696248e-01 
325 8126 1.206579e-03 1.691644e-01 2.657863e-04 2.657863e-04 2.576009e-03 4.938299e-03 8.904941e-03 1.562388e-02 2.885973e-02 3.771258e-02 7.079922e-02 1.691644e-01 
326 8151 1.208975e-03 1.662434e-01 2.611918e-04 2.611918e-04 2.645405e-03 4.927471e-03 8.636722e-03 1.564442e-02 2.826212e-02 3.673801e-02 6.868505e-02 1.662434e-01 
327 8176 1.175036e-03 1.650513e-01 2.587632e-04 2.587632e-04 2.665148e-03 4.815697e-03 8.932957e-03 1.614110e-02 2.825323e-02 3.558847e-02 6.659909e-02 1.650513e-01 
328 8201 1.064083e-03 1.610060e-01 2.523236e-04 2.523236e-04 2.690541e-03 4.700802e-03 8.670906e-03 1.558001e-02 2.802411e-02 3.583359e-02 6.548417e-02 1.610060e-01 
329 8226 1.090921e-03 1.566771e-01 2.531306e-04 2.531306e-04 2.680075e-03 4.618204e-03 8.492874e-03 1.543252e-02 2.870186e-02 3.694391e-02 6.603764e-02 1.566771e-01 
330 8251 1.093360e-03 1.527446e-01 2.442841e-04 2.442841e-04 2.621147e-03 4.598986e-03 8.526735e-03 1.496724e-02 2.886148e-02 3.649388e-02 6.681652e-02 1.527446e-01 
331 8276 1.140496e-03 1.577097e-01 2.454588e-04 2.454588e-04 2.519291e-03 4.489253e-03 8.509156e-03 1.435068e-02 2.855363e-02 3.751150e-02 6.447597e-02 1.577097e-01 
332 8301 1.241288e-03 1.548326e-01 2.366992e-04 2.366992e-04 2.474601e-03 4.639012e-03 8.832867e-03 1.391820e-02 2.888910e-02 3.708629e-02 6.384375e-02 1.548326e-01 
333 8326 1.244919e-03 1.525443e-01 2.345718e-04 2.345718e-04 2.410159e-03 4.781228e-03 8.566307e-03 1.476031e-02 2.817600e-02 3.574607e-02 6.839718e-02 1.525443e-01 
334 8351 1.171763e-03 1.532525e-01 2.306446e-04 2.306446e-04 2.324573e-03 4.706043e-03 8.334810e-03 1.458290e-02 2.854939e-02 3.461910e-02 6.787995e-02 1.532525e-01 
335 8376 1.303633e-03 1.553032e-01 2.311220e-04 2.311220e-04 2.336751e-03 4.752083e-03 8.552977e-03 1.439453e-02 2.829230e-02 3.817846e-02 6.569968e-02 1.553032e-01 
336 8401 1.252232e-03 1.514170e-01 2.236529e-04 2.236529e-04 2.310556e-03 4.742044e-03 8.504415e-03 1.376676e-02 2.786983e-02 3.893264e-02 6.553770e-02 1.514170e-01 
337 8426 1.414593e-03 1.547858e-01 2.276448e-04 2.276448e-04 2.448692e-03 4.648369e-03 8.299914e-03 1.351539e-02 2.830878e-02 3.895405e-02 6.500802e-02 1.547858e-01 
338 8451 1.462547e-03 1.534706e-01 2.319867e-04 2.319867e-04 2.465909e-03 4.654714e-03 8.055131e-03 1.348413e-02 2.839056e-02 3.956765e-02 6.357852e-02 1.534706e-01 
339 8476 1.605762e-03 1.618451e-01 2.266984e-04 2.266984e-04 2.489472e-03 4.647875e-03 7.901959e-03 1.386017e-02 2.851596e-02 3.924498e-02 6.273491e-02 1.618451e-01 
340 8501 1.544077e-03 1.570854e-01 2.238261e-04 2.238261e-04 2.446780e-03 4.707424e-03 7.588770e-03 1.372903e-02 2.811416e-02 3.795788e-02 6.333876e-02 1.570854e-01 
341 8526 1.377441e-03 1.522155e-01 2.236013e-04 2.236013e-04 2.428934e-03 4.769489e-03 7.636083e-03 1.348486e-02 2.779365e-02 3.682386e-02 6.553434e-02 1.522155e-01 
342 8551 1.273981e-03 1.567653e-01 2.182663e-04 2.182663e-04 2.357170e-03 4.687964e-03 7.688007e-03 1.326483e-02 2.749154e-02 3.588690e-02 6.580318e-02 1.567653e-01 
343 8576 1.144850e-03 1.576242e-01 2.138904e-04 2.138904e-04 2.322941e-03 4.675136e-03 7.448731e-03 1.329959e-02 2.670939e-02 3.463666e-02 6.460253e-02 1.576242e-01 
344 8601 1.124844e-03 1.569348e-01 2.207843e-04 2.207843e-04 2.353238e-03 4.546716e-03 7.509554e-03 1.316133e-02 2.574745e-02 3.378970e-02 6.447414e-02 1.569348e-01 
345 8626 1.093297e-03 1.567967e-01 2.213290e-04 2.213290e-04 2.379020e-03 4.476287e-03 7.420121e-03 1.316094e-02 2.541298e-02 3.320125e-02 6.289942e-02 1.567967e-01 
346 8651 1.032586e-03 1.581851e-01 2.153629e-04 2.153629e-04 2.406509e-03 4.340999e-03 7.410397e-03 1.296058e-02 2.504855e-02 3.267534e-02 6.314977e-02 1.581851e-01 
347 8676 1.007862e-03 1.642107e-01 2.144976e-04 2.144976e-04 2.356284e-03 4.351360e-03 7.256630e-03 1.297027e-02 2.569936e-02 3.384346e-02 6.171156e-02 1.642107e-01 
348 8701 1.026485e-03 1.607350e-01 2.092824e-04 2.092824e-04 2.378657e-03 4.239768e-03 7.149788e-03 1.280517e-02 2.624731e-02 3.244816e-02 6.200962e-02 1.607350e-01 
349 8726 1.145133e-03 1.599813e-01 2.093378e-04 2.093378e-04 2.339992e-03 4.202803e-03 7.096390e-03 1.254265e-02 2.579890e-02 3.379872e-02 6.315069e-02 1.599813e-01 
350 8751 1.170645e-03 1.661180e-01 2.052750e-04 2.052750e-04 2.304981e-03 4.150182e-03 6.904771e-03 1.225856e-02 2.613592e-02 3.517605e-02 6.212585e-02 1.661180e-01 
351 8776 1.185008e-03 1.673639e-01 2.002742e-04 2.002742e-04 2.263576e-03 4.336081e-03 6.987565e-03 1.177554e-02 2.696064e-02 3.527516e-02 6.261273e-02 1.673639e-01 
352 8801 1.122363e-03 1.662953e-01 1.955287e-04 1.955287e-04 2.235602e-03 4.184174e-03 6.786818e-03 1.198894e-02 2.686351e-02 3.602477e-02 6.323792e-02 1.662953e-01 
353 8826 1.005389e-03 1.663196e-01 1.955485e-04 1.955485e-04 2.238196e-03 4.013494e-03 6.613381e-03 1.226175e-02 2.835883e-02 3.530363e-02 6.251750e-02 1.663196e-01 
354 8851 1.106524e-03 1.690881e-01 1.943085e-04 1.943085e-04 2.254768e-03 4.431618e-03 6.374266e-03 1.204275e-02 2.802695e-02 3.547292e-02 6.309524e-02 1.690881e-01 
355 8876 1.143950e-03 1.655979e-01 1.877363e-04 1.877363e-04 2.218930e-03 4.503994e-03 6.159807e-03 1.214517e-02 2.857153e-02 3.450674e-02 6.146094e-02 1.655979e-01 
356 8901 1.079299e-03 1.629947e-01 1.802467e-04 1.802467e-04 2.150059e-03 4.462787e-03 6.057823e-03 1.205911e-02 2.893019e-02 3.413778e-02 6.212025e-02 1.629947e-01 
357 8926 1.090285e-03 1.597813e-01 1.757328e-04 1.757328e-04 2.119080e-03 4.293854e-03 5.894874e-03 1.196283e-02 2.804109e-02 3.533306e-02 6.602693e-02 1.597813e-01 
358 8951 1.138411e-03 1.575266e-01 1.729475e-04 1.729475e-04 2.073928e-03 4.388382e-03 5.800476e-03 1.172016e-02 2.762812e-02 3.445346e-02 6.889179e-02 1.575266e-01 
359 8976 1.298162e-03 1.627925e-01 1.803359e-04 1.803359e-04 2.046018e-03 4.295412e-03 5.728710e-03 1.164405e-02 2.744560e-02 3.417926e-02 7.038156e-02 1.627925e-01 
360 9001 1.361653e-03 1.624261e-01 1.752156e-04 1.752156e-04 2.051500e-03 4.129670e-03 5.824139e-03 1.156358e-02 2.716596e-02 3.466229e-02 7.258155e-02 1.624261e-01 
361 9026 1.231667e-03 1.641953e-01 1.751455e-04 1.751455e-04 2.025033e-03 4.003310e-03 5.939768e-03 1.134187e-02 2.750254e-02 3.406356e-02 7.132268e-02 1.641953e-01 
362 9051 1.258273e-03 1.716185e-01 1.792999e-04 1.792999e-04 2.016125e-03 3.858312e-03 5.899207e-03 1.114596e-02 2.818564e-02 3.393953e-02 7.158757e-02 1.716185e-01 
363 9076 1.300615e-03 1.679869e-01 1.796570e-04 1.796570e-04 1.967532e-03 3.785187e-03 5.851645e-03 1.093217e-02 2.783358e-02 3.437970e-02 7.716905e-02 1.679869e-01 
364 9101 1.504757e-03 1.659027e-01 1.771029e-04 1.771029e-04 2.006654e-03 3.654915e-03 5.727802e-03 1.095462e-02 2.736625e-02 3.538706e-02 7.748330e-02 1.659027e-01 
365 9126 1.839137e-03 1.647825e-01 1.755924e-04 1.755924e-04 2.093223e-03 3.821181e-03 5.680732e-03 1.078694e-02 2.664786e-02 3.550476e-02 7.616447e-02 1.647825e-01 
366 9151 2.037622e-03 1.600998e-01 1.752420e-04 1.752420e-04 2.078579e-03 3.690060e-03 5.554461e-03 1.089837e-02 2.578879e-02 3.657372e-02 7.510317e-02 1.600998e-01 
367 9176 1.902462e-03 1.576024e-01 1.711988e-04 1.711988e-04 2.020807e-03 3.661996e-03 5.425004e-03 1.101002e-02 2.641192e-02 3.733568e-02 7.520381e-02 1.576024e-01 
368 9201 2.026642e-03 1.532391e-01 1.772066e-04 1.772066e-04 1.975861e-03 3.761071e-03 5.413323e-03 1.125555e-02 2.728137e-02 3.661205e-02 7.513482e-02 1.532391e-01 
369 9226 1.928252e-03 1.502520e-01 1.765817e-04 1.765817e-04 1.955736e-03 3.775274e-03 5.331273e-03 1.125200e-02 2.745901e-02 3.800679e-02 7.776076e-02 1.502520e-01 
370 9251 1.936468e-03 1.455096e-01 1.794992e-04 1.794992e-04 1.927508e-03 3.679887e-03 5.320825e-03 1.101378e-02 2.717157e-02 3.948266e-02 7.524429e-02 1.455096e-01 
371 9276 1.762452e-03 1.483112e-01 1.776913e-04 1.776913e-04 1.890550e-03 3.707335e-03 5.271152e-03 1.080642e-02 2.696843e-02 3.960131e-02 7.462169e-02 1.483112e-01 
372 9301 1.564493e-03 1.441737e-01 1.718949e-04 1.718949e-04 1.825033e-03 3.752359e-03 5.138732e-03 1.057816e-02 2.675970e-02 3.889672e-02 7.246360e-02 1.441737e-01 
373 9326 1.469690e-03 1.445964e-01 1.681052e-04 1.681052e-04 1.837881e-03 3.889722e-03 4.960563e-03 1.035513e-02 2.643239e-02 3.954367e-02 7.255106e-02 1.445964e-01 
374 9351 1.543995e-03 1.585499e-01 1.671348e-04 1.671348e-04 1.789709e-03 3.821145e-03 4.878111e-03 1.015484e-02 2.717121e-02 4.056315e-02 7.097287e-02 1.585499e-01 
375 9376 1.505850e-03 1.592420e-01 1.645363e-04 1.645363e-04 1.787693e-03 3.794206e-03 4.878803e-03 9.960443e-03 2.786087e-02 3.978214e-02 7.037095e-02 1.592420e-01 
376 9401 1.469949e-03 1.570496e-01 1.601451e-04 1.601451e-04 1.722100e-03 3.674322e-03 4.867012e-03 9.891257e-03 2.813088e-02 3.965773e-02 7.229397e-02 1.570496e-01 
377 9426 1.707127e-03 1.542051e-01 1.626727e-04 1.626727e-04 1.709879e-03 3.569763e-03 4.832835e-03 1.064590e-02 2.811048e-02 3.983570e-02 7.193351e-02 1.542051e-01 
378 9451 1.589097e-03 1.494052e-01 1.599025e-04 1.599025e-04 1.693279e-03 3.629006e-03 4.772722e-03 1.030160e-02 2.747043e-02 3.906251e-02 7.687537e-02 1.494052e-01 
379 9476 1.439608e-03 1.442037e-01 1.589638e-04 1.589638e-04 1.702505e-03 3.487211e-03 4.630256e-03 1.028998e-02 2.674535e-02 3.899953e-02 7.702975e-02 1.442037e-01 
