%  columns="iteration, evaluation, sigma, max axis length, min axis length, all principal axes lengths (sorted square roots of eigenvalues of C)" (startseed=211883, 2015/08/22 21:32:20.84)
1 26 3.055955e+00 1.007090e+00 9.155216e-02 9.155216e-02 1.119188e-01 1.144584e-01 1.154411e-01 1.795727e-01 1.983103e-01 4.631036e-01 5.031762e-01 1.007090e+00 
2 51 2.918428e+00 1.011589e+00 8.898989e-02 8.898989e-02 1.078466e-01 1.093299e-01 1.135964e-01 1.811683e-01 1.927601e-01 4.413876e-01 4.981672e-01 1.011589e+00 
3 76 2.922001e+00 9.901069e-01 8.950050e-02 8.950050e-02 1.058361e-01 1.100002e-01 1.143117e-01 1.797185e-01 1.893040e-01 4.232847e-01 4.801098e-01 9.901069e-01 
4 101 2.835299e+00 9.862260e-01 8.731842e-02 8.731842e-02 1.052709e-01 1.082027e-01 1.135687e-01 1.824417e-01 1.878788e-01 4.061403e-01 4.805403e-01 9.862260e-01 
5 126 2.664585e+00 9.615958e-01 8.645197e-02 8.645197e-02 1.007017e-01 1.045987e-01 1.128491e-01 1.776298e-01 1.821110e-01 3.963212e-01 4.704307e-01 9.615958e-01 
6 151 2.523432e+00 9.713017e-01 8.277927e-02 8.277927e-02 9.847041e-02 1.028084e-01 1.096808e-01 1.737628e-01 1.773294e-01 3.873644e-01 4.564468e-01 9.713017e-01 
7 176 2.467005e+00 9.596605e-01 8.101606e-02 8.101606e-02 9.544206e-02 1.021521e-01 1.115191e-01 1.717824e-01 1.735225e-01 3.774812e-01 4.442625e-01 9.596605e-01 
8 201 2.682944e+00 1.008698e+00 7.841886e-02 7.841886e-02 9.302596e-02 9.944862e-02 1.150037e-01 1.699653e-01 1.726380e-01 3.647898e-01 4.365012e-01 1.008698e+00 
9 226 2.399197e+00 9.787460e-01 7.624157e-02 7.624157e-02 9.193976e-02 9.955193e-02 1.138470e-01 1.674749e-01 1.690446e-01 3.583197e-01 4.357246e-01 9.787460e-01 
10 251 2.260098e+00 9.635513e-01 7.630368e-02 7.630368e-02 9.179374e-02 9.927129e-02 1.123742e-01 1.613160e-01 1.727547e-01 3.490294e-01 4.422914e-01 9.635513e-01 
11 276 2.373377e+00 9.553648e-01 7.578496e-02 7.578496e-02 8.973223e-02 9.753406e-02 1.115842e-01 1.616162e-01 1.739907e-01 3.384480e-01 4.417838e-01 9.553648e-01 
12 301 2.141916e+00 9.355293e-01 7.574835e-02 7.574835e-02 8.915359e-02 9.414947e-02 1.099499e-01 1.595475e-01 1.747929e-01 3.248446e-01 4.378571e-01 9.355293e-01 
13 326 1.957544e+00 9.135549e-01 7.377012e-02 7.377012e-02 8.764377e-02 9.412827e-02 1.068255e-01 1.585831e-01 1.688226e-01 3.106384e-01 4.228902e-01 9.135549e-01 
14 351 1.995148e+00 9.051154e-01 7.151533e-02 7.151533e-02 8.671538e-02 9.269931e-02 1.076602e-01 1.568268e-01 1.763495e-01 3.181296e-01 4.129462e-01 9.051154e-01 
15 376 1.848997e+00 8.914566e-01 6.957282e-02 6.957282e-02 8.748834e-02 9.015608e-02 1.060264e-01 1.552285e-01 1.772863e-01 3.076167e-01 4.097361e-01 8.914566e-01 
16 401 1.889513e+00 8.789192e-01 6.695697e-02 6.695697e-02 8.708887e-02 8.951620e-02 1.052061e-01 1.556427e-01 1.844519e-01 3.011650e-01 4.326166e-01 8.789192e-01 
17 426 1.857441e+00 8.649319e-01 6.581095e-02 6.581095e-02 8.634729e-02 8.733882e-02 1.056818e-01 1.556354e-01 1.896050e-01 2.877913e-01 4.415277e-01 8.649319e-01 
18 451 1.728404e+00 8.448269e-01 6.724407e-02 6.724407e-02 8.315926e-02 8.601234e-02 1.041144e-01 1.621391e-01 1.861550e-01 2.784509e-01 4.404292e-01 8.448269e-01 
19 476 1.477742e+00 8.264587e-01 6.649841e-02 6.649841e-02 8.405601e-02 8.639190e-02 1.038631e-01 1.591343e-01 1.839487e-01 2.727644e-01 4.251720e-01 8.264587e-01 
20 501 1.355788e+00 8.361573e-01 6.456869e-02 6.456869e-02 8.033969e-02 8.621579e-02 1.013013e-01 1.566835e-01 1.821245e-01 2.652027e-01 4.217996e-01 8.361573e-01 
21 526 1.222763e+00 8.077080e-01 6.253991e-02 6.253991e-02 7.784154e-02 8.975203e-02 1.016709e-01 1.537388e-01 1.781288e-01 2.539308e-01 4.136363e-01 8.077080e-01 
22 551 1.175136e+00 7.791009e-01 6.447808e-02 6.447808e-02 7.846568e-02 8.843430e-02 9.800184e-02 1.515397e-01 1.753994e-01 2.422456e-01 4.050985e-01 7.791009e-01 
23 576 1.078484e+00 7.559465e-01 6.247730e-02 6.247730e-02 7.914554e-02 8.643416e-02 9.802508e-02 1.487531e-01 1.713203e-01 2.307775e-01 3.971541e-01 7.559465e-01 
24 601 1.087742e+00 7.258997e-01 6.104652e-02 6.104652e-02 7.948924e-02 8.437052e-02 9.616761e-02 1.428062e-01 1.750880e-01 2.243586e-01 3.935463e-01 7.258997e-01 
25 626 1.078677e+00 7.062354e-01 6.010218e-02 6.010218e-02 7.778686e-02 8.201678e-02 9.446519e-02 1.439555e-01 1.765827e-01 2.159505e-01 3.951308e-01 7.062354e-01 
26 651 9.946164e-01 6.875293e-01 5.871469e-02 5.871469e-02 7.564998e-02 8.254461e-02 9.408547e-02 1.433433e-01 1.747107e-01 2.085581e-01 3.873237e-01 6.875293e-01 
27 676 1.021253e+00 6.623409e-01 5.894851e-02 5.894851e-02 7.832973e-02 8.228724e-02 9.070358e-02 1.432499e-01 1.689524e-01 2.050962e-01 3.739610e-01 6.623409e-01 
28 701 1.119505e+00 6.516985e-01 5.966246e-02 5.966246e-02 7.823757e-02 8.381412e-02 8.747506e-02 1.408296e-01 1.726064e-01 1.999255e-01 3.617192e-01 6.516985e-01 
29 726 1.099679e+00 6.383993e-01 5.888564e-02 5.888564e-02 8.140805e-02 8.268219e-02 8.553232e-02 1.390846e-01 1.697615e-01 1.942988e-01 3.511722e-01 6.383993e-01 
30 751 9.905899e-01 6.326024e-01 5.888192e-02 5.888192e-02 8.013800e-02 8.301123e-02 8.856730e-02 1.350491e-01 1.653611e-01 1.859237e-01 3.397659e-01 6.326024e-01 
31 776 9.493364e-01 6.116070e-01 5.848381e-02 5.848381e-02 7.821617e-02 8.258416e-02 8.695179e-02 1.333710e-01 1.727813e-01 1.947508e-01 3.294412e-01 6.116070e-01 
32 801 9.061941e-01 5.906865e-01 5.736012e-02 5.736012e-02 7.605461e-02 8.157424e-02 8.605424e-02 1.348580e-01 1.730068e-01 1.920583e-01 3.185626e-01 5.906865e-01 
33 826 7.603058e-01 5.726373e-01 5.525441e-02 5.525441e-02 7.559484e-02 8.013938e-02 8.402262e-02 1.323897e-01 1.720861e-01 1.932676e-01 3.079043e-01 5.726373e-01 
34 851 6.761232e-01 5.485300e-01 5.424023e-02 5.424023e-02 7.654114e-02 7.859042e-02 8.424454e-02 1.296609e-01 1.677971e-01 1.906879e-01 2.976045e-01 5.485300e-01 
35 876 6.095547e-01 5.334292e-01 5.198516e-02 5.198516e-02 7.621996e-02 7.702930e-02 8.310410e-02 1.255492e-01 1.636287e-01 1.844917e-01 2.850723e-01 5.334292e-01 
36 901 5.895429e-01 5.422604e-01 5.247519e-02 5.247519e-02 7.478944e-02 7.574352e-02 8.038514e-02 1.296359e-01 1.581223e-01 1.860273e-01 2.745348e-01 5.422604e-01 
37 926 5.596652e-01 5.243967e-01 5.204431e-02 5.204431e-02 7.375916e-02 7.693182e-02 8.018733e-02 1.338604e-01 1.562660e-01 1.794716e-01 2.731180e-01 5.243967e-01 
38 951 5.537495e-01 5.141885e-01 5.057140e-02 5.057140e-02 7.239230e-02 7.806017e-02 7.890677e-02 1.347486e-01 1.518362e-01 1.788050e-01 2.659925e-01 5.141885e-01 
39 976 6.097940e-01 5.008219e-01 5.225569e-02 5.225569e-02 7.110946e-02 7.798539e-02 8.928832e-02 1.381652e-01 1.483070e-01 1.744145e-01 2.644278e-01 5.008219e-01 
40 1001 5.774160e-01 4.838641e-01 4.989114e-02 4.989114e-02 7.097350e-02 7.655284e-02 8.765088e-02 1.416121e-01 1.436839e-01 1.772894e-01 2.571027e-01 4.838641e-01 
41 1026 5.384549e-01 4.734593e-01 5.039005e-02 5.039005e-02 6.818574e-02 7.565837e-02 8.356580e-02 1.375170e-01 1.442119e-01 1.819806e-01 2.564534e-01 4.734593e-01 
42 1051 5.175238e-01 4.593323e-01 4.922235e-02 4.922235e-02 6.584737e-02 7.650844e-02 8.477888e-02 1.384211e-01 1.409420e-01 1.792110e-01 2.549109e-01 4.593323e-01 
43 1076 4.436352e-01 4.594960e-01 4.843219e-02 4.843219e-02 6.339403e-02 7.423990e-02 8.182146e-02 1.354334e-01 1.416962e-01 1.758407e-01 2.579748e-01 4.594960e-01 
44 1101 3.872310e-01 4.497781e-01 4.683377e-02 4.683377e-02 6.352753e-02 7.314056e-02 8.651290e-02 1.363772e-01 1.375690e-01 1.728617e-01 2.477054e-01 4.497781e-01 
45 1126 3.901918e-01 4.366724e-01 4.541064e-02 4.541064e-02 6.286311e-02 7.080281e-02 8.375630e-02 1.314064e-01 1.330512e-01 1.811528e-01 2.416716e-01 4.366724e-01 
46 1151 3.970445e-01 4.240840e-01 4.456909e-02 4.456909e-02 6.491708e-02 6.912655e-02 8.151369e-02 1.309008e-01 1.346306e-01 1.822483e-01 2.473517e-01 4.240840e-01 
47 1176 3.743062e-01 4.257063e-01 4.359116e-02 4.359116e-02 6.345568e-02 6.746544e-02 7.839497e-02 1.264238e-01 1.300727e-01 1.878381e-01 2.457320e-01 4.257063e-01 
48 1201 4.067811e-01 4.149299e-01 4.231073e-02 4.231073e-02 6.209967e-02 7.065366e-02 7.867482e-02 1.227784e-01 1.258318e-01 1.882308e-01 2.384474e-01 4.149299e-01 
49 1226 3.589311e-01 4.153957e-01 4.057635e-02 4.057635e-02 6.065497e-02 6.989449e-02 7.758212e-02 1.183328e-01 1.234209e-01 1.906423e-01 2.339268e-01 4.153957e-01 
50 1251 3.299615e-01 4.119681e-01 4.037371e-02 4.037371e-02 6.011868e-02 6.761042e-02 7.492321e-02 1.157643e-01 1.226016e-01 1.939169e-01 2.308291e-01 4.119681e-01 
51 1276 2.909635e-01 4.242660e-01 4.040913e-02 4.040913e-02 5.831436e-02 7.098193e-02 7.374299e-02 1.142550e-01 1.225052e-01 1.882019e-01 2.297562e-01 4.242660e-01 
52 1301 2.882825e-01 4.083089e-01 4.160715e-02 4.160715e-02 5.844105e-02 7.145675e-02 7.199211e-02 1.108544e-01 1.189210e-01 1.815273e-01 2.260917e-01 4.083089e-01 
53 1326 3.047652e-01 3.902930e-01 4.260788e-02 4.260788e-02 5.677158e-02 6.971377e-02 7.365875e-02 1.079190e-01 1.177236e-01 1.798649e-01 2.183928e-01 3.902930e-01 
54 1351 2.832673e-01 3.998757e-01 4.272121e-02 4.272121e-02 5.645364e-02 6.876726e-02 7.183453e-02 1.034151e-01 1.267358e-01 1.784069e-01 2.114761e-01 3.998757e-01 
55 1376 2.895842e-01 4.172965e-01 4.273783e-02 4.273783e-02 5.538275e-02 6.826649e-02 7.220020e-02 1.019260e-01 1.277867e-01 1.759860e-01 2.182532e-01 4.172965e-01 
56 1401 2.609620e-01 4.069986e-01 4.333273e-02 4.333273e-02 5.330555e-02 6.585940e-02 7.222261e-02 1.009997e-01 1.232282e-01 1.756813e-01 2.113703e-01 4.069986e-01 
57 1426 2.807515e-01 3.988643e-01 4.427415e-02 4.427415e-02 5.493181e-02 6.558664e-02 7.175056e-02 9.893546e-02 1.204084e-01 1.888747e-01 2.148221e-01 3.988643e-01 
58 1451 2.873688e-01 3.921356e-01 4.390253e-02 4.390253e-02 5.620638e-02 6.363745e-02 7.111786e-02 9.536962e-02 1.208370e-01 1.857286e-01 2.125256e-01 3.921356e-01 
59 1476 2.737201e-01 3.822931e-01 4.331361e-02 4.331361e-02 5.639276e-02 6.119289e-02 6.887505e-02 9.230239e-02 1.182659e-01 1.792715e-01 2.167786e-01 3.822931e-01 
60 1501 2.692977e-01 3.822226e-01 4.396463e-02 4.396463e-02 5.657781e-02 6.147095e-02 7.104849e-02 8.979699e-02 1.168594e-01 1.768620e-01 2.098147e-01 3.822226e-01 
61 1526 2.581977e-01 3.655980e-01 4.424352e-02 4.424352e-02 5.804604e-02 6.016260e-02 7.077637e-02 8.805410e-02 1.140528e-01 1.809664e-01 2.118603e-01 3.655980e-01 
62 1551 2.380991e-01 3.676896e-01 4.371497e-02 4.371497e-02 5.597047e-02 5.958453e-02 6.897393e-02 9.242983e-02 1.121238e-01 1.803608e-01 2.065616e-01 3.676896e-01 
63 1576 2.102656e-01 3.617922e-01 4.227786e-02 4.227786e-02 5.483583e-02 5.766015e-02 6.851473e-02 8.936170e-02 1.114391e-01 1.822935e-01 2.038889e-01 3.617922e-01 
64 1601 2.120092e-01 3.587530e-01 4.264473e-02 4.264473e-02 5.407410e-02 5.591208e-02 6.900314e-02 8.684981e-02 1.089629e-01 1.802537e-01 2.028198e-01 3.587530e-01 
65 1626 2.159581e-01 3.526687e-01 4.181000e-02 4.181000e-02 5.308115e-02 5.427383e-02 6.898583e-02 8.838864e-02 1.218894e-01 1.755568e-01 1.987649e-01 3.526687e-01 
66 1651 2.206775e-01 3.490818e-01 4.026899e-02 4.026899e-02 5.206031e-02 5.326882e-02 6.795332e-02 9.402077e-02 1.199447e-01 1.789341e-01 2.023554e-01 3.490818e-01 
67 1676 2.440071e-01 3.521375e-01 3.935483e-02 3.935483e-02 5.105678e-02 5.251220e-02 7.137746e-02 9.058908e-02 1.205732e-01 1.845993e-01 1.994579e-01 3.521375e-01 
68 1701 2.314781e-01 3.409318e-01 3.821284e-02 3.821284e-02 4.923724e-02 5.170044e-02 7.192976e-02 8.908268e-02 1.198685e-01 1.847841e-01 1.952107e-01 3.409318e-01 
69 1726 2.567222e-01 3.449236e-01 3.810870e-02 3.810870e-02 4.751159e-02 5.041446e-02 7.139016e-02 9.145442e-02 1.174050e-01 1.822352e-01 2.040434e-01 3.449236e-01 
70 1751 2.562006e-01 3.443989e-01 3.643173e-02 3.643173e-02 4.685871e-02 4.984658e-02 7.243426e-02 8.862473e-02 1.206314e-01 1.864200e-01 2.009325e-01 3.443989e-01 
71 1776 2.520870e-01 3.524341e-01 3.532204e-02 3.532204e-02 4.625740e-02 5.144778e-02 7.343954e-02 9.006697e-02 1.171212e-01 1.805786e-01 2.119084e-01 3.524341e-01 
72 1801 2.487687e-01 3.513375e-01 3.436938e-02 3.436938e-02 4.623215e-02 5.306510e-02 7.153340e-02 8.736913e-02 1.165008e-01 1.798163e-01 2.155816e-01 3.513375e-01 
73 1826 2.254690e-01 3.442875e-01 3.314116e-02 3.314116e-02 4.532669e-02 5.235329e-02 6.916293e-02 8.564681e-02 1.155102e-01 1.756950e-01 2.147974e-01 3.442875e-01 
74 1851 2.182188e-01 3.352702e-01 3.214115e-02 3.214115e-02 4.547872e-02 5.129881e-02 6.686086e-02 8.262998e-02 1.195100e-01 1.799066e-01 2.210566e-01 3.352702e-01 
75 1876 2.159387e-01 3.315757e-01 3.095692e-02 3.095692e-02 4.416824e-02 5.057437e-02 6.934130e-02 8.031508e-02 1.195591e-01 1.752487e-01 2.272190e-01 3.315757e-01 
76 1901 2.184675e-01 3.301389e-01 2.984328e-02 2.984328e-02 4.321208e-02 5.083275e-02 6.674276e-02 7.809265e-02 1.185194e-01 1.787009e-01 2.271727e-01 3.301389e-01 
77 1926 2.522168e-01 3.478617e-01 2.855845e-02 2.855845e-02 4.692427e-02 5.037214e-02 6.559402e-02 7.688343e-02 1.168933e-01 1.730727e-01 2.309810e-01 3.478617e-01 
78 1951 2.714841e-01 3.388992e-01 2.730352e-02 2.730352e-02 4.910412e-02 5.168588e-02 6.346898e-02 7.440942e-02 1.161658e-01 1.699054e-01 2.239378e-01 3.388992e-01 
79 1976 3.421088e-01 3.412855e-01 2.678377e-02 2.678377e-02 4.831572e-02 5.509448e-02 6.338720e-02 7.239326e-02 1.180003e-01 1.661151e-01 2.263856e-01 3.412855e-01 
80 2001 3.911411e-01 3.346153e-01 2.626270e-02 2.626270e-02 4.741192e-02 5.296432e-02 6.420527e-02 7.196914e-02 1.143660e-01 1.694576e-01 2.278489e-01 3.346153e-01 
81 2026 3.724422e-01 3.297861e-01 2.546583e-02 2.546583e-02 4.690851e-02 5.131719e-02 6.348432e-02 7.223524e-02 1.101108e-01 1.683020e-01 2.285712e-01 3.297861e-01 
82 2051 4.102523e-01 3.329605e-01 2.469018e-02 2.469018e-02 4.579596e-02 5.130359e-02 6.766559e-02 7.068192e-02 1.124534e-01 1.676650e-01 2.365878e-01 3.329605e-01 
83 2076 4.678955e-01 3.273381e-01 2.391654e-02 2.391654e-02 4.428893e-02 5.247903e-02 6.712227e-02 7.453878e-02 1.116278e-01 1.648242e-01 2.567187e-01 3.273381e-01 
84 2101 4.877326e-01 3.233389e-01 2.305866e-02 2.305866e-02 4.360325e-02 5.067820e-02 6.572926e-02 7.677174e-02 1.090305e-01 1.667038e-01 2.713674e-01 3.233389e-01 
85 2126 4.510483e-01 3.171215e-01 2.243770e-02 2.243770e-02 4.290477e-02 5.182898e-02 6.534735e-02 7.548406e-02 1.080035e-01 1.651104e-01 2.761311e-01 3.171215e-01 
86 2151 5.190883e-01 3.257242e-01 2.228128e-02 2.228128e-02 4.272465e-02 5.031131e-02 6.460709e-02 7.326138e-02 1.098661e-01 1.654714e-01 2.973567e-01 3.257242e-01 
87 2176 5.223720e-01 3.253045e-01 2.161820e-02 2.161820e-02 4.239233e-02 5.093976e-02 6.513434e-02 7.055419e-02 1.115551e-01 1.632969e-01 2.910182e-01 3.253045e-01 
88 2201 5.618796e-01 3.342495e-01 2.112478e-02 2.112478e-02 4.112080e-02 5.089174e-02 6.435051e-02 7.052951e-02 1.107242e-01 1.620753e-01 2.824118e-01 3.342495e-01 
89 2226 5.737379e-01 3.355569e-01 2.043815e-02 2.043815e-02 4.103674e-02 4.923053e-02 6.250131e-02 7.020683e-02 1.154930e-01 1.579469e-01 2.842402e-01 3.355569e-01 
90 2251 5.513276e-01 3.237812e-01 1.975068e-02 1.975068e-02 4.014707e-02 4.787200e-02 6.177184e-02 7.114814e-02 1.130556e-01 1.566029e-01 2.761601e-01 3.237812e-01 
91 2276 6.098214e-01 3.260387e-01 1.905383e-02 1.905383e-02 3.944920e-02 5.033555e-02 5.951778e-02 7.015737e-02 1.110516e-01 1.512824e-01 2.791642e-01 3.260387e-01 
92 2301 5.562018e-01 3.214901e-01 1.831792e-02 1.831792e-02 3.858457e-02 5.100619e-02 5.905325e-02 6.914852e-02 1.066622e-01 1.507678e-01 2.693531e-01 3.214901e-01 
93 2326 5.869643e-01 3.129374e-01 1.792957e-02 1.792957e-02 3.737509e-02 4.937160e-02 6.172432e-02 6.747163e-02 1.061550e-01 1.476966e-01 2.774885e-01 3.129374e-01 
94 2351 5.617895e-01 3.027251e-01 1.723675e-02 1.723675e-02 3.660945e-02 4.881763e-02 6.128649e-02 6.777474e-02 1.058565e-01 1.423081e-01 2.703026e-01 3.027251e-01 
95 2376 6.014140e-01 2.951465e-01 1.727997e-02 1.727997e-02 3.713223e-02 4.763970e-02 6.262399e-02 6.653586e-02 1.122755e-01 1.417529e-01 2.655325e-01 2.951465e-01 
96 2401 5.664312e-01 2.939263e-01 1.720826e-02 1.720826e-02 3.623235e-02 4.759604e-02 6.329836e-02 6.698481e-02 1.121146e-01 1.402505e-01 2.655214e-01 2.939263e-01 
97 2426 6.000033e-01 2.938733e-01 1.678346e-02 1.678346e-02 3.569712e-02 4.765733e-02 6.199773e-02 6.539031e-02 1.089030e-01 1.526560e-01 2.588395e-01 2.938733e-01 
98 2451 5.788249e-01 2.843527e-01 1.616119e-02 1.616119e-02 3.502912e-02 4.675224e-02 6.229272e-02 6.452858e-02 1.060400e-01 1.490163e-01 2.560326e-01 2.843527e-01 
99 2476 5.319969e-01 2.737805e-01 1.564239e-02 1.564239e-02 3.481561e-02 4.643652e-02 6.096609e-02 6.421818e-02 1.044102e-01 1.426837e-01 2.483210e-01 2.737805e-01 
100 2501 4.686961e-01 2.702821e-01 1.575897e-02 1.575897e-02 3.507959e-02 4.477356e-02 6.039074e-02 6.445704e-02 1.019819e-01 1.391721e-01 2.420727e-01 2.702821e-01 
101 2526 4.512409e-01 2.642069e-01 1.582051e-02 1.582051e-02 3.411185e-02 4.326104e-02 6.034508e-02 6.549962e-02 1.051733e-01 1.406586e-01 2.380482e-01 2.642069e-01 
102 2551 4.872468e-01 2.654511e-01 1.577999e-02 1.577999e-02 3.343535e-02 4.141167e-02 5.840588e-02 6.656121e-02 1.140563e-01 1.365461e-01 2.319608e-01 2.654511e-01 
103 2576 5.449222e-01 2.591910e-01 1.544811e-02 1.544811e-02 3.209874e-02 4.207895e-02 5.799702e-02 6.585136e-02 1.143402e-01 1.436004e-01 2.232261e-01 2.591910e-01 
104 2601 5.320018e-01 2.541061e-01 1.546238e-02 1.546238e-02 3.140880e-02 4.174087e-02 5.797393e-02 6.491709e-02 1.185592e-01 1.407699e-01 2.207274e-01 2.541061e-01 
105 2626 4.815405e-01 2.487503e-01 1.507572e-02 1.507572e-02 3.062410e-02 4.102665e-02 5.588291e-02 6.465859e-02 1.140977e-01 1.350587e-01 2.193178e-01 2.487503e-01 
106 2651 4.336476e-01 2.461007e-01 1.448066e-02 1.448066e-02 2.974929e-02 4.050638e-02 5.432845e-02 6.319830e-02 1.266106e-01 1.311496e-01 2.187109e-01 2.461007e-01 
107 2676 4.261096e-01 2.442746e-01 1.397147e-02 1.397147e-02 2.915222e-02 3.972583e-02 5.761955e-02 6.205049e-02 1.241063e-01 1.301391e-01 2.111072e-01 2.442746e-01 
108 2701 4.634005e-01 2.448843e-01 1.352008e-02 1.352008e-02 3.063072e-02 4.034791e-02 5.692676e-02 6.198299e-02 1.234623e-01 1.387555e-01 2.039949e-01 2.448843e-01 
109 2726 3.984087e-01 2.387085e-01 1.306475e-02 1.306475e-02 3.019618e-02 3.900919e-02 5.506446e-02 6.239664e-02 1.187410e-01 1.393256e-01 1.962995e-01 2.387085e-01 
110 2751 3.938103e-01 2.359868e-01 1.268919e-02 1.268919e-02 2.916615e-02 3.906316e-02 5.415235e-02 6.457886e-02 1.156332e-01 1.430387e-01 1.927605e-01 2.359868e-01 
111 2776 3.542088e-01 2.366757e-01 1.217958e-02 1.217958e-02 2.809137e-02 3.899923e-02 5.181349e-02 6.424321e-02 1.217394e-01 1.416269e-01 1.889868e-01 2.366757e-01 
112 2801 3.474465e-01 2.389405e-01 1.187526e-02 1.187526e-02 2.744452e-02 3.956727e-02 5.071925e-02 6.462340e-02 1.187108e-01 1.387812e-01 1.867159e-01 2.389405e-01 
113 2826 3.244091e-01 2.480712e-01 1.193873e-02 1.193873e-02 2.763027e-02 3.974762e-02 5.115051e-02 6.285867e-02 1.155855e-01 1.416518e-01 1.844414e-01 2.480712e-01 
114 2851 3.449748e-01 2.504156e-01 1.167298e-02 1.167298e-02 2.753768e-02 4.099734e-02 5.183523e-02 6.070709e-02 1.121748e-01 1.401832e-01 1.812019e-01 2.504156e-01 
115 2876 4.300298e-01 2.562321e-01 1.140929e-02 1.140929e-02 2.662125e-02 4.079383e-02 5.294235e-02 5.964790e-02 1.097679e-01 1.435980e-01 1.837538e-01 2.562321e-01 
116 2901 4.814912e-01 2.612480e-01 1.125233e-02 1.125233e-02 2.563291e-02 4.015752e-02 5.282349e-02 5.735475e-02 1.055306e-01 1.414975e-01 1.821312e-01 2.612480e-01 
117 2926 4.743191e-01 2.551611e-01 1.112490e-02 1.112490e-02 2.534373e-02 4.192764e-02 5.221413e-02 5.643527e-02 1.017644e-01 1.427734e-01 1.807477e-01 2.551611e-01 
118 2951 4.227461e-01 2.483098e-01 1.086763e-02 1.086763e-02 2.479501e-02 4.155107e-02 5.055002e-02 5.458538e-02 1.020762e-01 1.389509e-01 1.751218e-01 2.483098e-01 
119 2976 4.068233e-01 2.420429e-01 1.040877e-02 1.040877e-02 2.465730e-02 4.123011e-02 4.995655e-02 5.331572e-02 1.006193e-01 1.425932e-01 1.739978e-01 2.420429e-01 
120 3001 3.732657e-01 2.351046e-01 9.980220e-03 9.980220e-03 2.493200e-02 4.063977e-02 4.862104e-02 5.277848e-02 9.983448e-02 1.467459e-01 1.746878e-01 2.351046e-01 
121 3026 3.893995e-01 2.353480e-01 9.719301e-03 9.719301e-03 2.487072e-02 4.075064e-02 4.924743e-02 5.378060e-02 1.012981e-01 1.545891e-01 1.749460e-01 2.353480e-01 
122 3051 4.342127e-01 2.313408e-01 9.626686e-03 9.626686e-03 2.682610e-02 4.062863e-02 4.807826e-02 5.334674e-02 1.000508e-01 1.531767e-01 1.777249e-01 2.313408e-01 
123 3076 3.975841e-01 2.272950e-01 9.253441e-03 9.253441e-03 2.686726e-02 3.938510e-02 4.610514e-02 5.255910e-02 9.845750e-02 1.487206e-01 1.808299e-01 2.272950e-01 
124 3101 3.804082e-01 2.248250e-01 8.875106e-03 8.875106e-03 2.602207e-02 3.859100e-02 4.654708e-02 5.203654e-02 9.629234e-02 1.427055e-01 1.848041e-01 2.248250e-01 
125 3126 3.733941e-01 2.216261e-01 8.453837e-03 8.453837e-03 2.584335e-02 3.759612e-02 4.884471e-02 5.090439e-02 9.607805e-02 1.420333e-01 1.903669e-01 2.216261e-01 
126 3151 3.679672e-01 2.145079e-01 8.401122e-03 8.401122e-03 2.519752e-02 3.670529e-02 4.894216e-02 5.019100e-02 9.306308e-02 1.395000e-01 1.944501e-01 2.145079e-01 
127 3176 3.387878e-01 2.166655e-01 8.197532e-03 8.197532e-03 2.598074e-02 3.584306e-02 4.796068e-02 4.922581e-02 9.269403e-02 1.339678e-01 1.914425e-01 2.166655e-01 
128 3201 3.205139e-01 2.241106e-01 8.053236e-03 8.053236e-03 2.491090e-02 3.488625e-02 4.621418e-02 4.833556e-02 9.164379e-02 1.290106e-01 1.840186e-01 2.241106e-01 
129 3226 3.033300e-01 2.177545e-01 7.885093e-03 7.885093e-03 2.486006e-02 3.413432e-02 4.688175e-02 4.858068e-02 9.092850e-02 1.259794e-01 1.822474e-01 2.177545e-01 
130 3251 2.708601e-01 2.146365e-01 7.699968e-03 7.699968e-03 2.396539e-02 3.394155e-02 4.625854e-02 4.834559e-02 8.747667e-02 1.224575e-01 1.750755e-01 2.146365e-01 
131 3276 2.632983e-01 2.096062e-01 7.559288e-03 7.559288e-03 2.383179e-02 3.302553e-02 4.562595e-02 4.771457e-02 8.488923e-02 1.184202e-01 1.781521e-01 2.096062e-01 
132 3301 2.640213e-01 2.011668e-01 7.435222e-03 7.435222e-03 2.336936e-02 3.207965e-02 4.673425e-02 4.836348e-02 8.483739e-02 1.138395e-01 1.740477e-01 2.011668e-01 
133 3326 2.488467e-01 1.966920e-01 7.301216e-03 7.301216e-03 2.281989e-02 3.086198e-02 4.659505e-02 5.024374e-02 8.456620e-02 1.097161e-01 1.761595e-01 1.966920e-01 
134 3351 2.506633e-01 1.951795e-01 7.135229e-03 7.135229e-03 2.299856e-02 3.056231e-02 4.539624e-02 5.250552e-02 8.169620e-02 1.060682e-01 1.742132e-01 1.951795e-01 
135 3376 2.297797e-01 1.887446e-01 7.281762e-03 7.281762e-03 2.262724e-02 3.046564e-02 4.483799e-02 5.271303e-02 7.899369e-02 1.053084e-01 1.693529e-01 1.887446e-01 
136 3401 2.182781e-01 1.858401e-01 7.072481e-03 7.072481e-03 2.280382e-02 2.997439e-02 4.519794e-02 5.376747e-02 7.992338e-02 1.059990e-01 1.631948e-01 1.858401e-01 
137 3426 1.905612e-01 1.807867e-01 6.780329e-03 6.780329e-03 2.263326e-02 2.926161e-02 4.421940e-02 5.348717e-02 7.736052e-02 1.051157e-01 1.583246e-01 1.807867e-01 
138 3451 1.700368e-01 1.752549e-01 6.541437e-03 6.541437e-03 2.224155e-02 2.880132e-02 4.283780e-02 5.337454e-02 7.426844e-02 1.036885e-01 1.542136e-01 1.752549e-01 
139 3476 1.705439e-01 1.710116e-01 6.284624e-03 6.284624e-03 2.211615e-02 2.871725e-02 4.172694e-02 5.406715e-02 7.393928e-02 1.026712e-01 1.532532e-01 1.710116e-01 
140 3501 1.631616e-01 1.689344e-01 6.096267e-03 6.096267e-03 2.193961e-02 2.844741e-02 4.198752e-02 5.545833e-02 7.194532e-02 1.021024e-01 1.481453e-01 1.689344e-01 
141 3526 1.540807e-01 1.709739e-01 5.869887e-03 5.869887e-03 2.140385e-02 2.785181e-02 4.089757e-02 5.427102e-02 6.905695e-02 1.012692e-01 1.463278e-01 1.709739e-01 
142 3551 1.475962e-01 1.763771e-01 5.637689e-03 5.637689e-03 2.105974e-02 2.714827e-02 4.069712e-02 5.383677e-02 7.000804e-02 9.875708e-02 1.430212e-01 1.763771e-01 
143 3576 1.456932e-01 1.836547e-01 5.398920e-03 5.398920e-03 2.072802e-02 2.791259e-02 3.927827e-02 5.198458e-02 6.930773e-02 9.556188e-02 1.438030e-01 1.836547e-01 
144 3601 1.509219e-01 1.824293e-01 5.298995e-03 5.298995e-03 2.146718e-02 2.740511e-02 3.997034e-02 5.275436e-02 6.629076e-02 9.417634e-02 1.407983e-01 1.824293e-01 
145 3626 1.704529e-01 1.854140e-01 5.090414e-03 5.090414e-03 2.055376e-02 2.714336e-02 3.993065e-02 5.335124e-02 6.355624e-02 9.087715e-02 1.405572e-01 1.854140e-01 
146 3651 1.871656e-01 1.859055e-01 4.963634e-03 4.963634e-03 2.103537e-02 2.598062e-02 4.007661e-02 5.223881e-02 6.338779e-02 9.090462e-02 1.364601e-01 1.859055e-01 
147 3676 1.949664e-01 1.829283e-01 4.751187e-03 4.751187e-03 2.034526e-02 2.517048e-02 3.946700e-02 5.064288e-02 6.418776e-02 8.853586e-02 1.367981e-01 1.829283e-01 
148 3701 1.908511e-01 1.822701e-01 4.617261e-03 4.617261e-03 1.995819e-02 2.478734e-02 4.113122e-02 5.174236e-02 6.427945e-02 8.651674e-02 1.330879e-01 1.822701e-01 
149 3726 1.805723e-01 1.908611e-01 4.437005e-03 4.437005e-03 1.988235e-02 2.416656e-02 3.963765e-02 5.254373e-02 6.339519e-02 8.670599e-02 1.281611e-01 1.908611e-01 
150 3751 1.638990e-01 1.841057e-01 4.282825e-03 4.282825e-03 1.943036e-02 2.361491e-02 3.890487e-02 5.127575e-02 6.216385e-02 8.459764e-02 1.249967e-01 1.841057e-01 
151 3776 1.584366e-01 1.774755e-01 4.144431e-03 4.144431e-03 1.945814e-02 2.338989e-02 3.758296e-02 5.286334e-02 6.149394e-02 8.329159e-02 1.249570e-01 1.774755e-01 
152 3801 1.473132e-01 1.777964e-01 4.015076e-03 4.015076e-03 1.925877e-02 2.314840e-02 3.673697e-02 5.273255e-02 5.925164e-02 8.115559e-02 1.236628e-01 1.777964e-01 
153 3826 1.546872e-01 1.773973e-01 3.854093e-03 3.854093e-03 1.899584e-02 2.250584e-02 3.611049e-02 5.377449e-02 6.182622e-02 7.988736e-02 1.273117e-01 1.773973e-01 
154 3851 1.482736e-01 1.740163e-01 3.699584e-03 3.699584e-03 1.872449e-02 2.247156e-02 3.622781e-02 5.376923e-02 6.128527e-02 7.925909e-02 1.254960e-01 1.740163e-01 
155 3876 1.559858e-01 1.760035e-01 3.634096e-03 3.634096e-03 1.810959e-02 2.180152e-02 3.655779e-02 5.245007e-02 6.453055e-02 7.680953e-02 1.218206e-01 1.760035e-01 
156 3901 1.631512e-01 1.834714e-01 3.600326e-03 3.600326e-03 1.756022e-02 2.156252e-02 3.542138e-02 5.121477e-02 6.725341e-02 7.398950e-02 1.177121e-01 1.834714e-01 
157 3926 1.741233e-01 1.870528e-01 3.498025e-03 3.498025e-03 1.715033e-02 2.148853e-02 3.493927e-02 4.982905e-02 6.619431e-02 7.245788e-02 1.206521e-01 1.870528e-01 
158 3951 1.657699e-01 1.826285e-01 3.369655e-03 3.369655e-03 1.696106e-02 2.154435e-02 3.422840e-02 4.978001e-02 6.409717e-02 6.904627e-02 1.170766e-01 1.826285e-01 
159 3976 1.509640e-01 1.836342e-01 3.262131e-03 3.262131e-03 1.658020e-02 2.066809e-02 3.416906e-02 4.867398e-02 6.395048e-02 6.893667e-02 1.218365e-01 1.836342e-01 
160 4001 1.339885e-01 1.935869e-01 3.220963e-03 3.220963e-03 1.600912e-02 2.038134e-02 3.308668e-02 4.891059e-02 6.298829e-02 6.741810e-02 1.224396e-01 1.935869e-01 
161 4026 1.361970e-01 1.870755e-01 3.177049e-03 3.177049e-03 1.605963e-02 1.953927e-02 3.201387e-02 5.186191e-02 6.320980e-02 6.517992e-02 1.186515e-01 1.870755e-01 
162 4051 1.298825e-01 1.916224e-01 3.090333e-03 3.090333e-03 1.575057e-02 1.899036e-02 3.261596e-02 5.050162e-02 6.110291e-02 6.406407e-02 1.174063e-01 1.916224e-01 
163 4076 1.236828e-01 1.874115e-01 2.999082e-03 2.999082e-03 1.564610e-02 1.844800e-02 3.170753e-02 4.941798e-02 6.094921e-02 6.238855e-02 1.150603e-01 1.874115e-01 
164 4101 1.307451e-01 1.888242e-01 2.950363e-03 2.950363e-03 1.624952e-02 1.783442e-02 3.121315e-02 4.999307e-02 5.991771e-02 6.339080e-02 1.133897e-01 1.888242e-01 
165 4126 1.281789e-01 1.879907e-01 2.908789e-03 2.908789e-03 1.608410e-02 1.797917e-02 3.107466e-02 4.983720e-02 5.858396e-02 6.216893e-02 1.177449e-01 1.879907e-01 
166 4151 1.118530e-01 1.844175e-01 2.806011e-03 2.806011e-03 1.630248e-02 1.751992e-02 3.045181e-02 5.231742e-02 5.738386e-02 6.062227e-02 1.135456e-01 1.844175e-01 
167 4176 9.985948e-02 1.843585e-01 2.684509e-03 2.684509e-03 1.610458e-02 1.723784e-02 3.014021e-02 5.095255e-02 5.569742e-02 6.039424e-02 1.151120e-01 1.843585e-01 
168 4201 1.015903e-01 1.966930e-01 2.609525e-03 2.609525e-03 1.606714e-02 1.676606e-02 2.926244e-02 5.002169e-02 5.583957e-02 6.185602e-02 1.165914e-01 1.966930e-01 
169 4226 1.019595e-01 1.970864e-01 2.588845e-03 2.588845e-03 1.584939e-02 1.634983e-02 2.923637e-02 5.023773e-02 5.560342e-02 5.981729e-02 1.181020e-01 1.970864e-01 
170 4251 9.885926e-02 1.957954e-01 2.532532e-03 2.532532e-03 1.535961e-02 1.578674e-02 2.897941e-02 4.987431e-02 5.466536e-02 5.872247e-02 1.171440e-01 1.957954e-01 
171 4276 9.493583e-02 1.894644e-01 2.460457e-03 2.460457e-03 1.507090e-02 1.578634e-02 2.818955e-02 4.882437e-02 5.403115e-02 5.976940e-02 1.191049e-01 1.894644e-01 
172 4301 8.822824e-02 1.864586e-01 2.412302e-03 2.412302e-03 1.459638e-02 1.576499e-02 2.847976e-02 4.768006e-02 5.501114e-02 5.847562e-02 1.153657e-01 1.864586e-01 
173 4326 8.144373e-02 1.822163e-01 2.408266e-03 2.408266e-03 1.427446e-02 1.598130e-02 2.847560e-02 4.589341e-02 5.347530e-02 5.713334e-02 1.128918e-01 1.822163e-01 
174 4351 7.990559e-02 1.919699e-01 2.324684e-03 2.324684e-03 1.431452e-02 1.602011e-02 2.834619e-02 4.540382e-02 5.310318e-02 5.736724e-02 1.106356e-01 1.919699e-01 
175 4376 8.259608e-02 1.887834e-01 2.392379e-03 2.392379e-03 1.406329e-02 1.559161e-02 2.774093e-02 4.484935e-02 5.232446e-02 5.804696e-02 1.102819e-01 1.887834e-01 
176 4401 9.027438e-02 1.844721e-01 2.301558e-03 2.301558e-03 1.458201e-02 1.502302e-02 2.678027e-02 4.392510e-02 5.134722e-02 5.680781e-02 1.204723e-01 1.844721e-01 
177 4426 7.899571e-02 1.833251e-01 2.207923e-03 2.207923e-03 1.422749e-02 1.499900e-02 2.620521e-02 4.247966e-02 4.989105e-02 5.502592e-02 1.189670e-01 1.833251e-01 
178 4451 6.888768e-02 1.805625e-01 2.147318e-03 2.147318e-03 1.377912e-02 1.526004e-02 2.522369e-02 4.074043e-02 4.819146e-02 5.472016e-02 1.140561e-01 1.805625e-01 
179 4476 6.162076e-02 1.831138e-01 2.118454e-03 2.118454e-03 1.350746e-02 1.515575e-02 2.517405e-02 3.978124e-02 4.626168e-02 5.406310e-02 1.102559e-01 1.831138e-01 
180 4501 6.167333e-02 1.861354e-01 2.117387e-03 2.117387e-03 1.294407e-02 1.522525e-02 2.424805e-02 3.876186e-02 4.779527e-02 5.363415e-02 1.069078e-01 1.861354e-01 
181 4526 6.488096e-02 1.829538e-01 2.150943e-03 2.150943e-03 1.245389e-02 1.552304e-02 2.327916e-02 3.776295e-02 4.696593e-02 5.434051e-02 1.071130e-01 1.829538e-01 
182 4551 6.630439e-02 1.851761e-01 2.134248e-03 2.134248e-03 1.194518e-02 1.517358e-02 2.359164e-02 3.909474e-02 4.565371e-02 5.309593e-02 1.069033e-01 1.851761e-01 
183 4576 6.858343e-02 1.833281e-01 2.053789e-03 2.053789e-03 1.163592e-02 1.608382e-02 2.380909e-02 3.829082e-02 4.437974e-02 5.140506e-02 1.079282e-01 1.833281e-01 
184 4601 6.715900e-02 1.922467e-01 2.038633e-03 2.038633e-03 1.135488e-02 1.572856e-02 2.287650e-02 3.835685e-02 4.394127e-02 4.993469e-02 1.046288e-01 1.922467e-01 
185 4626 6.000062e-02 1.904274e-01 2.005355e-03 2.005355e-03 1.102314e-02 1.575848e-02 2.206513e-02 3.881801e-02 4.401118e-02 5.012111e-02 1.039759e-01 1.904274e-01 
186 4651 6.134004e-02 1.975107e-01 2.021173e-03 2.021173e-03 1.068831e-02 1.601801e-02 2.200462e-02 3.771013e-02 4.419178e-02 4.954467e-02 1.013636e-01 1.975107e-01 
187 4676 7.109480e-02 2.005373e-01 1.999264e-03 1.999264e-03 1.046518e-02 1.559161e-02 2.414729e-02 3.823558e-02 4.440570e-02 4.927409e-02 9.793954e-02 2.005373e-01 
188 4701 7.623659e-02 1.970318e-01 1.965054e-03 1.965054e-03 1.075985e-02 1.537989e-02 2.403532e-02 4.071919e-02 4.333743e-02 4.897401e-02 9.479638e-02 1.970318e-01 
189 4726 6.430186e-02 1.929576e-01 1.913517e-03 1.913517e-03 1.054890e-02 1.500311e-02 2.331221e-02 3.927723e-02 4.259553e-02 4.767033e-02 9.173206e-02 1.929576e-01 
190 4751 6.203187e-02 1.889731e-01 1.884498e-03 1.884498e-03 1.021824e-02 1.512368e-02 2.477062e-02 3.869937e-02 4.235910e-02 4.832928e-02 8.835524e-02 1.889731e-01 
191 4776 6.070007e-02 1.890708e-01 1.887228e-03 1.887228e-03 1.005896e-02 1.475320e-02 2.438974e-02 3.772327e-02 4.108853e-02 4.870146e-02 8.744874e-02 1.890708e-01 
192 4801 5.743120e-02 1.900719e-01 1.935170e-03 1.935170e-03 9.640167e-03 1.417681e-02 2.363822e-02 3.698776e-02 4.027818e-02 4.949708e-02 8.653241e-02 1.900719e-01 
193 4826 5.221613e-02 1.918903e-01 1.899613e-03 1.899613e-03 9.446582e-03 1.379430e-02 2.341648e-02 3.678988e-02 3.886063e-02 4.970831e-02 8.566274e-02 1.918903e-01 
194 4851 5.047607e-02 1.935588e-01 1.875892e-03 1.875892e-03 9.211783e-03 1.424138e-02 2.277530e-02 3.603835e-02 3.741404e-02 4.998863e-02 8.322721e-02 1.935588e-01 
195 4876 5.231161e-02 1.898106e-01 1.888700e-03 1.888700e-03 9.026030e-03 1.383052e-02 2.214052e-02 3.755875e-02 3.948167e-02 4.967354e-02 8.330112e-02 1.898106e-01 
196 4901 4.845927e-02 1.857006e-01 1.844084e-03 1.844084e-03 8.838211e-03 1.347856e-02 2.181181e-02 3.619099e-02 3.952947e-02 4.918526e-02 8.375222e-02 1.857006e-01 
197 4926 4.625844e-02 1.787739e-01 1.794372e-03 1.794372e-03 8.824346e-03 1.367565e-02 2.151666e-02 3.595981e-02 3.914829e-02 4.874608e-02 8.482906e-02 1.787739e-01 
198 4951 5.413911e-02 1.848236e-01 1.841498e-03 1.841498e-03 9.028101e-03 1.328619e-02 2.073282e-02 3.472239e-02 3.962351e-02 4.929347e-02 8.693844e-02 1.848236e-01 
199 4976 5.511979e-02 1.852291e-01 1.819036e-03 1.819036e-03 8.671922e-03 1.333562e-02 2.038437e-02 3.435255e-02 3.951678e-02 4.833113e-02 8.642436e-02 1.852291e-01 
200 5001 5.561303e-02 1.853087e-01 1.762025e-03 1.762025e-03 8.572389e-03 1.285546e-02 2.030171e-02 3.712074e-02 3.938832e-02 4.784454e-02 8.796543e-02 1.853087e-01 
201 5026 4.983687e-02 1.815159e-01 1.711126e-03 1.711126e-03 8.372473e-03 1.325166e-02 1.945729e-02 3.667500e-02 3.983211e-02 4.755674e-02 8.751596e-02 1.815159e-01 
202 5051 5.341203e-02 1.817013e-01 1.641133e-03 1.641133e-03 8.063718e-03 1.396107e-02 1.955397e-02 3.708630e-02 3.920739e-02 4.597534e-02 8.745436e-02 1.817013e-01 
203 5076 5.265401e-02 1.831052e-01 1.630054e-03 1.630054e-03 7.906042e-03 1.407066e-02 1.953851e-02 3.688299e-02 3.903304e-02 4.468027e-02 8.695167e-02 1.831052e-01 
204 5101 4.906509e-02 1.796885e-01 1.622497e-03 1.622497e-03 7.672429e-03 1.379466e-02 1.912168e-02 3.613792e-02 3.822595e-02 4.543872e-02 8.595000e-02 1.796885e-01 
205 5126 5.379833e-02 1.782732e-01 1.614161e-03 1.614161e-03 7.462062e-03 1.365422e-02 1.854790e-02 3.622199e-02 4.072771e-02 4.585577e-02 8.402866e-02 1.782732e-01 
206 5151 5.348730e-02 1.777570e-01 1.582868e-03 1.582868e-03 7.235048e-03 1.437812e-02 1.871767e-02 3.492064e-02 4.000590e-02 4.646271e-02 8.196176e-02 1.777570e-01 
207 5176 5.700330e-02 1.759722e-01 1.622897e-03 1.622897e-03 7.542399e-03 1.401997e-02 1.803925e-02 3.478205e-02 4.160907e-02 4.621362e-02 8.396573e-02 1.759722e-01 
208 5201 5.601319e-02 1.714749e-01 1.671532e-03 1.671532e-03 7.630947e-03 1.392809e-02 1.802178e-02 3.430548e-02 4.046478e-02 4.580747e-02 8.223406e-02 1.714749e-01 
209 5226 6.121186e-02 1.770124e-01 1.636762e-03 1.636762e-03 7.497414e-03 1.536850e-02 1.765940e-02 3.492742e-02 4.096931e-02 4.561623e-02 8.398308e-02 1.770124e-01 
210 5251 7.053914e-02 1.798617e-01 1.582114e-03 1.582114e-03 7.362955e-03 1.518123e-02 1.711439e-02 3.528539e-02 4.013519e-02 4.578213e-02 8.827795e-02 1.798617e-01 
211 5276 7.614252e-02 1.848262e-01 1.546857e-03 1.546857e-03 7.352946e-03 1.483508e-02 1.683123e-02 3.482394e-02 3.952531e-02 4.685470e-02 9.200906e-02 1.848262e-01 
212 5301 7.816039e-02 1.943794e-01 1.499420e-03 1.499420e-03 7.103585e-03 1.461090e-02 1.668417e-02 3.387667e-02 3.881240e-02 4.772301e-02 9.396473e-02 1.943794e-01 
213 5326 7.200178e-02 1.979118e-01 1.451105e-03 1.451105e-03 6.806321e-03 1.453542e-02 1.715869e-02 3.308889e-02 3.786638e-02 4.611309e-02 9.332881e-02 1.979118e-01 
214 5351 7.485040e-02 1.937284e-01 1.430136e-03 1.430136e-03 6.782068e-03 1.483566e-02 1.748105e-02 3.207877e-02 3.940576e-02 4.573081e-02 9.023976e-02 1.937284e-01 
215 5376 7.562260e-02 1.882897e-01 1.406371e-03 1.406371e-03 6.584488e-03 1.500418e-02 1.762686e-02 3.214872e-02 3.819484e-02 4.633198e-02 8.904617e-02 1.882897e-01 
216 5401 6.884139e-02 1.848572e-01 1.342690e-03 1.342690e-03 6.437729e-03 1.479283e-02 1.756473e-02 3.179854e-02 3.764833e-02 4.529044e-02 8.772524e-02 1.848572e-01 
217 5426 6.381718e-02 1.859614e-01 1.300177e-03 1.300177e-03 6.356984e-03 1.458445e-02 1.706077e-02 3.135004e-02 3.763652e-02 4.461647e-02 8.693662e-02 1.859614e-01 
218 5451 6.054569e-02 1.863010e-01 1.289127e-03 1.289127e-03 6.096249e-03 1.427102e-02 1.658865e-02 3.221800e-02 3.755887e-02 4.429024e-02 8.378239e-02 1.863010e-01 
219 5476 6.480419e-02 1.855382e-01 1.284607e-03 1.284607e-03 5.996522e-03 1.392395e-02 1.731367e-02 3.166186e-02 3.867466e-02 4.474647e-02 8.106194e-02 1.855382e-01 
220 5501 6.024632e-02 1.778919e-01 1.291676e-03 1.291676e-03 5.742158e-03 1.354681e-02 1.707320e-02 3.128616e-02 3.808380e-02 4.452769e-02 8.191369e-02 1.778919e-01 
221 5526 5.797936e-02 1.808835e-01 1.275534e-03 1.275534e-03 5.588018e-03 1.354101e-02 1.721684e-02 3.073654e-02 3.790136e-02 4.450157e-02 8.153081e-02 1.808835e-01 
222 5551 5.779974e-02 1.805062e-01 1.270536e-03 1.270536e-03 5.420670e-03 1.352146e-02 1.664387e-02 3.081544e-02 3.807723e-02 4.393485e-02 7.948845e-02 1.805062e-01 
223 5576 5.353049e-02 1.913825e-01 1.273975e-03 1.273975e-03 5.391372e-03 1.306863e-02 1.640823e-02 3.058985e-02 3.823236e-02 4.300045e-02 7.876044e-02 1.913825e-01 
224 5601 4.612101e-02 1.916412e-01 1.241585e-03 1.241585e-03 5.264072e-03 1.250772e-02 1.590161e-02 3.116531e-02 3.690105e-02 4.275541e-02 7.672010e-02 1.916412e-01 
225 5626 4.212060e-02 1.899212e-01 1.211985e-03 1.211985e-03 5.197933e-03 1.226122e-02 1.557585e-02 3.021828e-02 3.534501e-02 4.216115e-02 7.522645e-02 1.899212e-01 
226 5651 4.362743e-02 1.915688e-01 1.211040e-03 1.211040e-03 5.110187e-03 1.201234e-02 1.572783e-02 3.042899e-02 3.484191e-02 4.258401e-02 7.291124e-02 1.915688e-01 
227 5676 4.113406e-02 1.969721e-01 1.170302e-03 1.170302e-03 5.000011e-03 1.203627e-02 1.555828e-02 3.009440e-02 3.535816e-02 4.335988e-02 7.267573e-02 1.969721e-01 
228 5701 3.923935e-02 1.940407e-01 1.148428e-03 1.148428e-03 4.904479e-03 1.160409e-02 1.591340e-02 3.015760e-02 3.532670e-02 4.386862e-02 7.113786e-02 1.940407e-01 
229 5726 3.613447e-02 1.905521e-01 1.166755e-03 1.166755e-03 4.733416e-03 1.127537e-02 1.560486e-02 2.902226e-02 3.778371e-02 4.407494e-02 6.871964e-02 1.905521e-01 
230 5751 3.644882e-02 1.902355e-01 1.171724e-03 1.171724e-03 4.691928e-03 1.106440e-02 1.507756e-02 2.988742e-02 3.746158e-02 4.699240e-02 6.658174e-02 1.902355e-01 
231 5776 3.469880e-02 1.909206e-01 1.156848e-03 1.156848e-03 4.550971e-03 1.074854e-02 1.549263e-02 2.991255e-02 3.613649e-02 4.534349e-02 6.619103e-02 1.909206e-01 
232 5801 3.451248e-02 1.898043e-01 1.146519e-03 1.146519e-03 4.367123e-03 1.055786e-02 1.557216e-02 3.104144e-02 3.509057e-02 4.400178e-02 6.716235e-02 1.898043e-01 
233 5826 3.463326e-02 1.896767e-01 1.173634e-03 1.173634e-03 4.343800e-03 1.098572e-02 1.527213e-02 3.088800e-02 3.480294e-02 4.475781e-02 6.589441e-02 1.896767e-01 
234 5851 3.623941e-02 1.908157e-01 1.196157e-03 1.196157e-03 4.302598e-03 1.088736e-02 1.547347e-02 3.026399e-02 3.634640e-02 4.594230e-02 6.556705e-02 1.908157e-01 
235 5876 3.572409e-02 1.874571e-01 1.204927e-03 1.204927e-03 4.195809e-03 1.062848e-02 1.603825e-02 2.981241e-02 3.497172e-02 4.542765e-02 6.370819e-02 1.874571e-01 
236 5901 3.212956e-02 1.800048e-01 1.191474e-03 1.191474e-03 4.063377e-03 1.060203e-02 1.632125e-02 2.929928e-02 3.610796e-02 4.489298e-02 6.532153e-02 1.800048e-01 
237 5926 3.259773e-02 1.744142e-01 1.223600e-03 1.223600e-03 4.056736e-03 1.059759e-02 1.575084e-02 2.856087e-02 3.652753e-02 4.455401e-02 6.559890e-02 1.744142e-01 
238 5951 3.010556e-02 1.808272e-01 1.199701e-03 1.199701e-03 3.965462e-03 1.023256e-02 1.545116e-02 2.872374e-02 3.574803e-02 4.322160e-02 6.462168e-02 1.808272e-01 
239 5976 3.054946e-02 1.810266e-01 1.146985e-03 1.146985e-03 3.989706e-03 1.016962e-02 1.524724e-02 2.973607e-02 3.737625e-02 4.295074e-02 6.308121e-02 1.810266e-01 
240 6001 2.667415e-02 1.771775e-01 1.141796e-03 1.141796e-03 4.118699e-03 1.028105e-02 1.469805e-02 3.000578e-02 3.636057e-02 4.188674e-02 6.147703e-02 1.771775e-01 
241 6026 2.351820e-02 1.740076e-01 1.121742e-03 1.121742e-03 4.106676e-03 1.016483e-02 1.458226e-02 2.959095e-02 3.556859e-02 4.141163e-02 5.925380e-02 1.740076e-01 
242 6051 2.358802e-02 1.779380e-01 1.069555e-03 1.069555e-03 3.945356e-03 1.016627e-02 1.415861e-02 2.909172e-02 3.554899e-02 4.173744e-02 6.100856e-02 1.779380e-01 
243 6076 2.156308e-02 1.762520e-01 1.052756e-03 1.052756e-03 3.884375e-03 1.009844e-02 1.402632e-02 2.874271e-02 3.524619e-02 4.059744e-02 5.965120e-02 1.762520e-01 
244 6101 2.017049e-02 1.764939e-01 1.048359e-03 1.048359e-03 3.971444e-03 9.790453e-03 1.380828e-02 2.852023e-02 3.576783e-02 3.951321e-02 5.897258e-02 1.764939e-01 
245 6126 2.000334e-02 1.815160e-01 1.039375e-03 1.039375e-03 3.894187e-03 9.630169e-03 1.391223e-02 2.816259e-02 3.513055e-02 4.064200e-02 6.061931e-02 1.815160e-01 
246 6151 1.977465e-02 1.777250e-01 1.029513e-03 1.029513e-03 3.761433e-03 9.291877e-03 1.345679e-02 2.755464e-02 3.644068e-02 4.118150e-02 5.964277e-02 1.777250e-01 
247 6176 1.956125e-02 1.825833e-01 1.051866e-03 1.051866e-03 3.694972e-03 8.971171e-03 1.330458e-02 2.675715e-02 3.521726e-02 4.111907e-02 6.002900e-02 1.825833e-01 
248 6201 2.084182e-02 1.780529e-01 1.018484e-03 1.018484e-03 3.795791e-03 8.861001e-03 1.351799e-02 2.639526e-02 3.641622e-02 3.991412e-02 5.964640e-02 1.780529e-01 
249 6226 1.954922e-02 1.776074e-01 9.981060e-04 9.981060e-04 3.733315e-03 8.739525e-03 1.339851e-02 2.584398e-02 3.543143e-02 4.005846e-02 5.761125e-02 1.776074e-01 
250 6251 1.796551e-02 1.781934e-01 9.773818e-04 9.773818e-04 3.628299e-03 8.530586e-03 1.346073e-02 2.483537e-02 3.477998e-02 3.905997e-02 5.712440e-02 1.781934e-01 
251 6276 1.605987e-02 1.774971e-01 9.696492e-04 9.696492e-04 3.540186e-03 8.386272e-03 1.330861e-02 2.560296e-02 3.434605e-02 3.989899e-02 5.714998e-02 1.774971e-01 
252 6301 1.559391e-02 1.747985e-01 9.806063e-04 9.806063e-04 3.574813e-03 8.766170e-03 1.305662e-02 2.485333e-02 3.530933e-02 4.021576e-02 5.656698e-02 1.747985e-01 
253 6326 1.445051e-02 1.720229e-01 9.559544e-04 9.559544e-04 3.521605e-03 8.534721e-03 1.295780e-02 2.506866e-02 3.500424e-02 3.931131e-02 5.580759e-02 1.720229e-01 
254 6351 1.343875e-02 1.701626e-01 9.541410e-04 9.541410e-04 3.518950e-03 8.405354e-03 1.338453e-02 2.494498e-02 3.446223e-02 3.791184e-02 5.465346e-02 1.701626e-01 
255 6376 1.303892e-02 1.736229e-01 9.242948e-04 9.242948e-04 3.453361e-03 8.531009e-03 1.303522e-02 2.463642e-02 3.353721e-02 3.642842e-02 5.531728e-02 1.736229e-01 
256 6401 1.199053e-02 1.691245e-01 9.233915e-04 9.233915e-04 3.445719e-03 8.339840e-03 1.288160e-02 2.496868e-02 3.348665e-02 3.618420e-02 5.754401e-02 1.691245e-01 
257 6426 1.159221e-02 1.742900e-01 9.129849e-04 9.129849e-04 3.393229e-03 8.302338e-03 1.294493e-02 2.405238e-02 3.205967e-02 3.625367e-02 5.642888e-02 1.742900e-01 
258 6451 1.109347e-02 1.660968e-01 8.798340e-04 8.798340e-04 3.261360e-03 8.228619e-03 1.274179e-02 2.374075e-02 3.216446e-02 3.560836e-02 5.629942e-02 1.660968e-01 
259 6476 1.198171e-02 1.648363e-01 8.773974e-04 8.773974e-04 3.177677e-03 8.175748e-03 1.298810e-02 2.432339e-02 3.295619e-02 3.514085e-02 5.628209e-02 1.648363e-01 
260 6501 1.128766e-02 1.623260e-01 8.725917e-04 8.725917e-04 3.301900e-03 7.929452e-03 1.307359e-02 2.395130e-02 3.373968e-02 3.492356e-02 5.587479e-02 1.623260e-01 
261 6526 9.807828e-03 1.603025e-01 8.471120e-04 8.471120e-04 3.191877e-03 7.683589e-03 1.262849e-02 2.328455e-02 3.296884e-02 3.565764e-02 5.445588e-02 1.603025e-01 
262 6551 8.482023e-03 1.562767e-01 8.316430e-04 8.316430e-04 3.066015e-03 7.607536e-03 1.227767e-02 2.279786e-02 3.281859e-02 3.504463e-02 5.560174e-02 1.562767e-01 
263 6576 8.182725e-03 1.559995e-01 8.061152e-04 8.061152e-04 3.190540e-03 7.560564e-03 1.245274e-02 2.212481e-02 3.174381e-02 3.411482e-02 5.454497e-02 1.559995e-01 
264 6601 8.230241e-03 1.506932e-01 7.844792e-04 7.844792e-04 3.147123e-03 7.280817e-03 1.225114e-02 2.225936e-02 3.080588e-02 3.651638e-02 5.685800e-02 1.506932e-01 
265 6626 7.765097e-03 1.518489e-01 8.238857e-04 8.238857e-04 3.092494e-03 7.131902e-03 1.245503e-02 2.199605e-02 3.037849e-02 3.603144e-02 5.559486e-02 1.518489e-01 
266 6651 8.115059e-03 1.547846e-01 8.064378e-04 8.064378e-04 3.151155e-03 7.006590e-03 1.257346e-02 2.158439e-02 3.120783e-02 3.692459e-02 5.715104e-02 1.547846e-01 
267 6676 8.165321e-03 1.523489e-01 8.108290e-04 8.108290e-04 3.216158e-03 6.792556e-03 1.263716e-02 2.221432e-02 3.023906e-02 3.690916e-02 5.590039e-02 1.523489e-01 
268 6701 8.257765e-03 1.536900e-01 7.868973e-04 7.868973e-04 3.203646e-03 6.808057e-03 1.268923e-02 2.220414e-02 2.938013e-02 3.649309e-02 5.953246e-02 1.536900e-01 
269 6726 7.476729e-03 1.543719e-01 7.604140e-04 7.604140e-04 3.122255e-03 6.689314e-03 1.254659e-02 2.182638e-02 3.047500e-02 3.648300e-02 5.934809e-02 1.543719e-01 
270 6751 7.538329e-03 1.540193e-01 7.920208e-04 7.920208e-04 3.151642e-03 6.588228e-03 1.209767e-02 2.186067e-02 3.017718e-02 3.783673e-02 5.730451e-02 1.540193e-01 
271 6776 6.776185e-03 1.499701e-01 7.718493e-04 7.718493e-04 3.146340e-03 6.600566e-03 1.184789e-02 2.157020e-02 3.009904e-02 3.712167e-02 5.658808e-02 1.499701e-01 
272 6801 7.430636e-03 1.462668e-01 8.375957e-04 8.375957e-04 3.067731e-03 6.522459e-03 1.150862e-02 2.222253e-02 2.974898e-02 3.605330e-02 5.792490e-02 1.462668e-01 
273 6826 7.186666e-03 1.446818e-01 8.317527e-04 8.317527e-04 3.004714e-03 6.555657e-03 1.119913e-02 2.137001e-02 2.876673e-02 3.640253e-02 5.913103e-02 1.446818e-01 
274 6851 7.583659e-03 1.426018e-01 8.241880e-04 8.241880e-04 2.884456e-03 6.359003e-03 1.108987e-02 2.317863e-02 2.787894e-02 3.603774e-02 5.821894e-02 1.426018e-01 
275 6876 7.805967e-03 1.430696e-01 8.477468e-04 8.477468e-04 2.796924e-03 6.401782e-03 1.087294e-02 2.310216e-02 2.938991e-02 3.567689e-02 6.042391e-02 1.430696e-01 
276 6901 7.662250e-03 1.394046e-01 8.404791e-04 8.404791e-04 2.788482e-03 6.275530e-03 1.081547e-02 2.305949e-02 2.985621e-02 3.729438e-02 5.980999e-02 1.394046e-01 
277 6926 7.174074e-03 1.349817e-01 8.297581e-04 8.297581e-04 2.717204e-03 6.224073e-03 1.067605e-02 2.267919e-02 3.017063e-02 3.877985e-02 5.818023e-02 1.349817e-01 
278 6951 7.773178e-03 1.360062e-01 8.127589e-04 8.127589e-04 2.614110e-03 6.297183e-03 1.086190e-02 2.218091e-02 2.942323e-02 3.979122e-02 6.513125e-02 1.360062e-01 
279 6976 7.328939e-03 1.358608e-01 8.045673e-04 8.045673e-04 2.547518e-03 6.191184e-03 1.073845e-02 2.164482e-02 3.154183e-02 3.978624e-02 6.412895e-02 1.358608e-01 
280 7001 7.282492e-03 1.337747e-01 7.706871e-04 7.706871e-04 2.492661e-03 5.979290e-03 1.066454e-02 2.151206e-02 3.106070e-02 4.049363e-02 6.459292e-02 1.337747e-01 
281 7026 6.742058e-03 1.312015e-01 7.787944e-04 7.787944e-04 2.398134e-03 5.946499e-03 1.052332e-02 2.197728e-02 3.042300e-02 3.896264e-02 6.532740e-02 1.312015e-01 
282 7051 5.748360e-03 1.296841e-01 7.905500e-04 7.905500e-04 2.392714e-03 5.776709e-03 1.014449e-02 2.147220e-02 3.004658e-02 3.766059e-02 6.573416e-02 1.296841e-01 
283 7076 5.119605e-03 1.303438e-01 8.009738e-04 8.009738e-04 2.306827e-03 5.613350e-03 1.003048e-02 2.143258e-02 2.979727e-02 3.771433e-02 6.455825e-02 1.303438e-01 
284 7101 4.707156e-03 1.310519e-01 7.717212e-04 7.717212e-04 2.255423e-03 5.572688e-03 9.995182e-03 2.153442e-02 2.900251e-02 3.759108e-02 6.472484e-02 1.310519e-01 
285 7126 4.465509e-03 1.273866e-01 7.671636e-04 7.671636e-04 2.241418e-03 5.392186e-03 9.826972e-03 2.152473e-02 2.893725e-02 3.711115e-02 6.331325e-02 1.273866e-01 
286 7151 4.015762e-03 1.236586e-01 7.529027e-04 7.529027e-04 2.274362e-03 5.697317e-03 9.790598e-03 2.084485e-02 2.851965e-02 3.627257e-02 6.211639e-02 1.236586e-01 
287 7176 3.535093e-03 1.199144e-01 7.402524e-04 7.402524e-04 2.289127e-03 5.555521e-03 9.541698e-03 2.117733e-02 2.775182e-02 3.620230e-02 6.339258e-02 1.199144e-01 
288 7201 3.527284e-03 1.224698e-01 7.342832e-04 7.342832e-04 2.271887e-03 5.493589e-03 9.762922e-03 2.103416e-02 2.755124e-02 3.621540e-02 6.303671e-02 1.224698e-01 
289 7226 3.486519e-03 1.244445e-01 7.355620e-04 7.355620e-04 2.373082e-03 5.367466e-03 9.567436e-03 2.049864e-02 2.720791e-02 3.604875e-02 6.272250e-02 1.244445e-01 
290 7251 3.368121e-03 1.274746e-01 7.330913e-04 7.330913e-04 2.359316e-03 5.422669e-03 9.378635e-03 1.967016e-02 2.706557e-02 3.618194e-02 6.493614e-02 1.274746e-01 
291 7276 3.255211e-03 1.246056e-01 7.289581e-04 7.289581e-04 2.365408e-03 5.222100e-03 9.232842e-03 1.944679e-02 2.756706e-02 3.685916e-02 6.291670e-02 1.246056e-01 
292 7301 3.426484e-03 1.297342e-01 7.059084e-04 7.059084e-04 2.347074e-03 5.217810e-03 9.286501e-03 1.973730e-02 2.706573e-02 3.661274e-02 6.474633e-02 1.297342e-01 
293 7326 3.769839e-03 1.365673e-01 6.884467e-04 6.884467e-04 2.286579e-03 5.187295e-03 9.098947e-03 1.955817e-02 2.762311e-02 3.606034e-02 6.241262e-02 1.365673e-01 
294 7351 3.961267e-03 1.381194e-01 6.981658e-04 6.981658e-04 2.196775e-03 5.345375e-03 9.687108e-03 1.869905e-02 2.721772e-02 3.556288e-02 6.385966e-02 1.381194e-01 
295 7376 3.953195e-03 1.454681e-01 6.842029e-04 6.842029e-04 2.141997e-03 5.115156e-03 9.682551e-03 1.876685e-02 2.661159e-02 3.493296e-02 6.272213e-02 1.454681e-01 
296 7401 3.790995e-03 1.444010e-01 6.703433e-04 6.703433e-04 2.061278e-03 5.085439e-03 9.947211e-03 1.839245e-02 2.701954e-02 3.410521e-02 6.138771e-02 1.444010e-01 
297 7426 3.487418e-03 1.389340e-01 6.795048e-04 6.795048e-04 2.028499e-03 5.029064e-03 9.732504e-03 1.817419e-02 2.612457e-02 3.353016e-02 6.054695e-02 1.389340e-01 
298 7451 3.315134e-03 1.358386e-01 6.799331e-04 6.799331e-04 2.074093e-03 4.989854e-03 9.584377e-03 1.778329e-02 2.541352e-02 3.496278e-02 5.891620e-02 1.358386e-01 
299 7476 4.111120e-03 1.327470e-01 6.694496e-04 6.694496e-04 2.059424e-03 4.834403e-03 9.604986e-03 1.821532e-02 2.486213e-02 3.717905e-02 6.186323e-02 1.327470e-01 
300 7501 5.239027e-03 1.327342e-01 6.495496e-04 6.495496e-04 2.056742e-03 4.734379e-03 9.781020e-03 1.779447e-02 2.422095e-02 3.806795e-02 6.154309e-02 1.327342e-01 
301 7526 6.265092e-03 1.308412e-01 6.379326e-04 6.379326e-04 2.066790e-03 4.935464e-03 9.749943e-03 1.818976e-02 2.382382e-02 3.964048e-02 6.208152e-02 1.308412e-01 
302 7551 6.841448e-03 1.279089e-01 6.150137e-04 6.150137e-04 2.096866e-03 5.015145e-03 9.848834e-03 1.897796e-02 2.457089e-02 4.010229e-02 6.099173e-02 1.279089e-01 
303 7576 7.016734e-03 1.297946e-01 6.152744e-04 6.152744e-04 2.073119e-03 5.026124e-03 9.776846e-03 1.838744e-02 2.361062e-02 3.902220e-02 6.345207e-02 1.297946e-01 
304 7601 6.781143e-03 1.254720e-01 6.108107e-04 6.108107e-04 2.091478e-03 5.010633e-03 9.764506e-03 1.845856e-02 2.286679e-02 3.855304e-02 6.198109e-02 1.254720e-01 
305 7626 6.294350e-03 1.226939e-01 5.997169e-04 5.997169e-04 2.097446e-03 4.969978e-03 1.014766e-02 1.923529e-02 2.223982e-02 3.788053e-02 6.226214e-02 1.226939e-01 
306 7651 5.985338e-03 1.285211e-01 5.909792e-04 5.909792e-04 2.038422e-03 4.789679e-03 1.021272e-02 1.887385e-02 2.167741e-02 3.660023e-02 6.050110e-02 1.285211e-01 
307 7676 5.724064e-03 1.253117e-01 5.775844e-04 5.775844e-04 1.992202e-03 4.709199e-03 1.012914e-02 1.950168e-02 2.197637e-02 3.664576e-02 6.550211e-02 1.253117e-01 
308 7701 5.461098e-03 1.293222e-01 5.821388e-04 5.821388e-04 1.973225e-03 4.582986e-03 9.901449e-03 1.891545e-02 2.288085e-02 3.540853e-02 6.729553e-02 1.293222e-01 
309 7726 6.133092e-03 1.459724e-01 5.738363e-04 5.738363e-04 1.985626e-03 4.524108e-03 1.021153e-02 1.841675e-02 2.215279e-02 3.527402e-02 6.556981e-02 1.459724e-01 
310 7751 6.779676e-03 1.487717e-01 5.680859e-04 5.680859e-04 1.940247e-03 4.395293e-03 1.055178e-02 1.917696e-02 2.186000e-02 3.394051e-02 6.300460e-02 1.487717e-01 
311 7776 6.315385e-03 1.542344e-01 5.663523e-04 5.663523e-04 1.886489e-03 4.335374e-03 1.033586e-02 1.878944e-02 2.190628e-02 3.302697e-02 6.603839e-02 1.542344e-01 
312 7801 6.032549e-03 1.511081e-01 5.608456e-04 5.608456e-04 1.901162e-03 4.280350e-03 1.010195e-02 1.875098e-02 2.160832e-02 3.243507e-02 6.577709e-02 1.511081e-01 
313 7826 6.433834e-03 1.507810e-01 5.539007e-04 5.539007e-04 1.868005e-03 4.590261e-03 9.828472e-03 1.848810e-02 2.133168e-02 3.164645e-02 6.955785e-02 1.507810e-01 
314 7851 5.717915e-03 1.483504e-01 5.590986e-04 5.590986e-04 1.796085e-03 4.428615e-03 9.442163e-03 1.768207e-02 2.105916e-02 3.083943e-02 6.904820e-02 1.483504e-01 
315 7876 5.607567e-03 1.491248e-01 5.577495e-04 5.577495e-04 1.778021e-03 4.678432e-03 9.574040e-03 1.748344e-02 2.055888e-02 3.093757e-02 6.917698e-02 1.491248e-01 
316 7901 5.564446e-03 1.479055e-01 5.532179e-04 5.532179e-04 1.759987e-03 4.523376e-03 1.003829e-02 1.782239e-02 2.063091e-02 3.057798e-02 6.692409e-02 1.479055e-01 
317 7926 5.655486e-03 1.473560e-01 5.393021e-04 5.393021e-04 1.746392e-03 4.450355e-03 1.029180e-02 1.882795e-02 1.996461e-02 3.132678e-02 6.584782e-02 1.473560e-01 
318 7951 5.906238e-03 1.438390e-01 5.333058e-04 5.333058e-04 1.718798e-03 4.334585e-03 1.035339e-02 1.857775e-02 1.972099e-02 3.159957e-02 6.581246e-02 1.438390e-01 
319 7976 5.374350e-03 1.444127e-01 5.203412e-04 5.203412e-04 1.673522e-03 4.260057e-03 1.003748e-02 1.821373e-02 1.949921e-02 3.160730e-02 7.072132e-02 1.444127e-01 
320 8001 5.296163e-03 1.431500e-01 5.032593e-04 5.032593e-04 1.653145e-03 4.397208e-03 9.991246e-03 1.849230e-02 1.938807e-02 3.201616e-02 6.869523e-02 1.431500e-01 
321 8026 4.795443e-03 1.381107e-01 5.091233e-04 5.091233e-04 1.665473e-03 4.337786e-03 9.913091e-03 1.800470e-02 1.866992e-02 3.215359e-02 6.705256e-02 1.381107e-01 
322 8051 4.075747e-03 1.338775e-01 4.893225e-04 4.893225e-04 1.610599e-03 4.420806e-03 9.619204e-03 1.738274e-02 1.805811e-02 3.124913e-02 6.620161e-02 1.338775e-01 
323 8076 3.985247e-03 1.327450e-01 4.779948e-04 4.779948e-04 1.584327e-03 4.250736e-03 9.946895e-03 1.693775e-02 1.843759e-02 3.211111e-02 6.718671e-02 1.327450e-01 
324 8101 3.985975e-03 1.311437e-01 4.593365e-04 4.593365e-04 1.561984e-03 4.200537e-03 1.023128e-02 1.647118e-02 1.844951e-02 3.139562e-02 7.072247e-02 1.311437e-01 
325 8126 4.130682e-03 1.314353e-01 4.400395e-04 4.400395e-04 1.538921e-03 4.141346e-03 1.002520e-02 1.610789e-02 1.957535e-02 2.989023e-02 7.037952e-02 1.314353e-01 
326 8151 4.623691e-03 1.339105e-01 4.300631e-04 4.300631e-04 1.502610e-03 4.057699e-03 9.745403e-03 1.587386e-02 1.908231e-02 2.970368e-02 7.552026e-02 1.339105e-01 
327 8176 4.287960e-03 1.338158e-01 4.125099e-04 4.125099e-04 1.472790e-03 4.002081e-03 9.419121e-03 1.539999e-02 1.864812e-02 2.883194e-02 7.440644e-02 1.338158e-01 
328 8201 4.189771e-03 1.301393e-01 4.178307e-04 4.178307e-04 1.461237e-03 4.055886e-03 9.001711e-03 1.559880e-02 1.831277e-02 2.824491e-02 7.344324e-02 1.301393e-01 
329 8226 4.053890e-03 1.305425e-01 4.072496e-04 4.072496e-04 1.429182e-03 3.977569e-03 8.751294e-03 1.628422e-02 1.884984e-02 2.858397e-02 7.216925e-02 1.305425e-01 
330 8251 4.098001e-03 1.264877e-01 3.949835e-04 3.949835e-04 1.409301e-03 3.964385e-03 8.771705e-03 1.643240e-02 1.955087e-02 2.873987e-02 7.158242e-02 1.264877e-01 
331 8276 4.056082e-03 1.253353e-01 4.074367e-04 4.074367e-04 1.388910e-03 3.896040e-03 8.550609e-03 1.624541e-02 1.921827e-02 2.827557e-02 7.361449e-02 1.253353e-01 
332 8301 4.038531e-03 1.239039e-01 4.053483e-04 4.053483e-04 1.377100e-03 3.837676e-03 8.700731e-03 1.567780e-02 1.963595e-02 2.710040e-02 7.284736e-02 1.239039e-01 
333 8326 3.661128e-03 1.225742e-01 3.972026e-04 3.972026e-04 1.375589e-03 3.818161e-03 8.753819e-03 1.520127e-02 1.927488e-02 2.609187e-02 7.110914e-02 1.225742e-01 
334 8351 3.615234e-03 1.200831e-01 4.045440e-04 4.045440e-04 1.350001e-03 3.778847e-03 8.954371e-03 1.526353e-02 1.903863e-02 2.539970e-02 7.084465e-02 1.200831e-01 
335 8376 3.562082e-03 1.171825e-01 4.051193e-04 4.051193e-04 1.315715e-03 3.681611e-03 8.979933e-03 1.469712e-02 1.855220e-02 2.444712e-02 6.991890e-02 1.171825e-01 
336 8401 3.590013e-03 1.210844e-01 4.146680e-04 4.146680e-04 1.302452e-03 3.602490e-03 9.282215e-03 1.489602e-02 1.858983e-02 2.487786e-02 6.875064e-02 1.210844e-01 
337 8426 3.254760e-03 1.181545e-01 4.120251e-04 4.120251e-04 1.327788e-03 3.517904e-03 9.672767e-03 1.516042e-02 1.813595e-02 2.612511e-02 7.035673e-02 1.181545e-01 
338 8451 3.028109e-03 1.170139e-01 4.153676e-04 4.153676e-04 1.357397e-03 3.528160e-03 9.707087e-03 1.516785e-02 1.822378e-02 2.515654e-02 6.857849e-02 1.170139e-01 
339 8476 2.694582e-03 1.128104e-01 4.034709e-04 4.034709e-04 1.333141e-03 3.495287e-03 9.776048e-03 1.501867e-02 1.784065e-02 2.488424e-02 6.964597e-02 1.128104e-01 
340 8501 2.901904e-03 1.118893e-01 3.888098e-04 3.888098e-04 1.320173e-03 3.700989e-03 9.917286e-03 1.468511e-02 1.786038e-02 2.454738e-02 7.173816e-02 1.118893e-01 
341 8526 3.091505e-03 1.107716e-01 3.814847e-04 3.814847e-04 1.307395e-03 3.566690e-03 9.725925e-03 1.551928e-02 1.944268e-02 2.495367e-02 6.934056e-02 1.107716e-01 
342 8551 2.692357e-03 1.101190e-01 3.862112e-04 3.862112e-04 1.266751e-03 3.499467e-03 9.377384e-03 1.503822e-02 1.979563e-02 2.478264e-02 6.745427e-02 1.101190e-01 
343 8576 2.565713e-03 1.079620e-01 3.950830e-04 3.950830e-04 1.247716e-03 3.451576e-03 9.356613e-03 1.441513e-02 1.908474e-02 2.573997e-02 6.505931e-02 1.079620e-01 
344 8601 2.449210e-03 1.089995e-01 3.907765e-04 3.907765e-04 1.217244e-03 3.308155e-03 9.240179e-03 1.423401e-02 1.853927e-02 2.572567e-02 6.410228e-02 1.089995e-01 
345 8626 2.065693e-03 1.054025e-01 3.811147e-04 3.811147e-04 1.191797e-03 3.222052e-03 9.069669e-03 1.367779e-02 1.819405e-02 2.554216e-02 6.386553e-02 1.054025e-01 
346 8651 2.023968e-03 1.025449e-01 3.777056e-04 3.777056e-04 1.193459e-03 3.232393e-03 9.082095e-03 1.453755e-02 1.865976e-02 2.557330e-02 6.336059e-02 1.025449e-01 
347 8676 1.941714e-03 1.096401e-01 3.671434e-04 3.671434e-04 1.200000e-03 3.203247e-03 9.124662e-03 1.421656e-02 1.799754e-02 2.538141e-02 6.356688e-02 1.096401e-01 
348 8701 1.933792e-03 1.157452e-01 3.568608e-04 3.568608e-04 1.175568e-03 3.094752e-03 8.894627e-03 1.405060e-02 1.767338e-02 2.593520e-02 6.393666e-02 1.157452e-01 
349 8726 1.976756e-03 1.110935e-01 3.491128e-04 3.491128e-04 1.143869e-03 3.028422e-03 8.694687e-03 1.410780e-02 1.749426e-02 2.628543e-02 6.334599e-02 1.110935e-01 
350 8751 1.775235e-03 1.109170e-01 3.499792e-04 3.499792e-04 1.148118e-03 3.010499e-03 8.662211e-03 1.397667e-02 1.747655e-02 2.536913e-02 6.215410e-02 1.109170e-01 
351 8776 1.855522e-03 1.108070e-01 3.413809e-04 3.413809e-04 1.120229e-03 3.096222e-03 8.553113e-03 1.388329e-02 1.732061e-02 2.440942e-02 6.370167e-02 1.108070e-01 
352 8801 1.630989e-03 1.095838e-01 3.352225e-04 3.352225e-04 1.091366e-03 3.026287e-03 8.923373e-03 1.371929e-02 1.672221e-02 2.403772e-02 6.580685e-02 1.095838e-01 
353 8826 1.549450e-03 1.125486e-01 3.274644e-04 3.274644e-04 1.084770e-03 2.928540e-03 8.825466e-03 1.374779e-02 1.638224e-02 2.519264e-02 6.397428e-02 1.125486e-01 
354 8851 1.442952e-03 1.117673e-01 3.282836e-04 3.282836e-04 1.078945e-03 2.903544e-03 8.692621e-03 1.347059e-02 1.654986e-02 2.538963e-02 6.131759e-02 1.117673e-01 
355 8876 1.509929e-03 1.105054e-01 3.313317e-04 3.313317e-04 1.056312e-03 2.898515e-03 8.382898e-03 1.362664e-02 1.716964e-02 2.509505e-02 6.248981e-02 1.105054e-01 
356 8901 1.318934e-03 1.067338e-01 3.299146e-04 3.299146e-04 1.051354e-03 2.863543e-03 8.412324e-03 1.356547e-02 1.681854e-02 2.500089e-02 6.213895e-02 1.067338e-01 
357 8926 1.286720e-03 1.093494e-01 3.186023e-04 3.186023e-04 1.093258e-03 2.821013e-03 8.254756e-03 1.348232e-02 1.638564e-02 2.409241e-02 6.121759e-02 1.093494e-01 
358 8951 1.175321e-03 1.106304e-01 3.213096e-04 3.213096e-04 1.069579e-03 2.720744e-03 8.028527e-03 1.309490e-02 1.575662e-02 2.335192e-02 6.222197e-02 1.106304e-01 
359 8976 1.098019e-03 1.100912e-01 3.143150e-04 3.143150e-04 1.068849e-03 2.636571e-03 7.977897e-03 1.298068e-02 1.521998e-02 2.309044e-02 6.143215e-02 1.100912e-01 
360 9001 1.041491e-03 1.111469e-01 3.084987e-04 3.084987e-04 1.042341e-03 2.598107e-03 7.965302e-03 1.280502e-02 1.534097e-02 2.293192e-02 6.176827e-02 1.111469e-01 
361 9026 1.072937e-03 1.070169e-01 3.001214e-04 3.001214e-04 1.103894e-03 2.683963e-03 7.999635e-03 1.287008e-02 1.493236e-02 2.348833e-02 6.171658e-02 1.070169e-01 
362 9051 1.084122e-03 1.032746e-01 2.960706e-04 2.960706e-04 1.074826e-03 2.668428e-03 8.015755e-03 1.301493e-02 1.506652e-02 2.330069e-02 6.325495e-02 1.032746e-01 
363 9076 1.182015e-03 1.007233e-01 2.944533e-04 2.944533e-04 1.093656e-03 2.677206e-03 7.727588e-03 1.281288e-02 1.548308e-02 2.318756e-02 6.347757e-02 1.007233e-01 
364 9101 1.238338e-03 9.840855e-02 2.990143e-04 2.990143e-04 1.078941e-03 2.618562e-03 7.528630e-03 1.284099e-02 1.526154e-02 2.276350e-02 6.666191e-02 9.840855e-02 
365 9126 1.210361e-03 9.596019e-02 2.923281e-04 2.923281e-04 1.050433e-03 2.582503e-03 7.535736e-03 1.233389e-02 1.511457e-02 2.290485e-02 6.631444e-02 9.596019e-02 
366 9151 1.183169e-03 9.450861e-02 2.893526e-04 2.893526e-04 1.026646e-03 2.494389e-03 7.558501e-03 1.250023e-02 1.462835e-02 2.273841e-02 6.587221e-02 9.450861e-02 
367 9176 1.232757e-03 9.436720e-02 2.836033e-04 2.836033e-04 1.035292e-03 2.495064e-03 7.268220e-03 1.219171e-02 1.447461e-02 2.465326e-02 6.661902e-02 9.436720e-02 
368 9201 1.254056e-03 9.233610e-02 2.832693e-04 2.832693e-04 1.030444e-03 2.506645e-03 7.511859e-03 1.183728e-02 1.450982e-02 2.413214e-02 6.785496e-02 9.233610e-02 
369 9226 1.456015e-03 9.107948e-02 2.930798e-04 2.930798e-04 1.035658e-03 2.456321e-03 7.917050e-03 1.176205e-02 1.408664e-02 2.413244e-02 6.850926e-02 9.107948e-02 
370 9251 1.398125e-03 8.852077e-02 2.867973e-04 2.867973e-04 1.006132e-03 2.423862e-03 7.675897e-03 1.202214e-02 1.373279e-02 2.468194e-02 6.925408e-02 8.852077e-02 
371 9276 1.304908e-03 8.550556e-02 2.834995e-04 2.834995e-04 1.009958e-03 2.378752e-03 7.577403e-03 1.218121e-02 1.344797e-02 2.402235e-02 6.986290e-02 8.550556e-02 
372 9301 1.238318e-03 8.261669e-02 2.819199e-04 2.819199e-04 9.813298e-04 2.401153e-03 7.404110e-03 1.162081e-02 1.335694e-02 2.391794e-02 6.891828e-02 8.261669e-02 
373 9326 1.091762e-03 8.344489e-02 2.906911e-04 2.906911e-04 9.517458e-04 2.368007e-03 7.280952e-03 1.134983e-02 1.316590e-02 2.323008e-02 6.730720e-02 8.344489e-02 
374 9351 1.105895e-03 8.334679e-02 2.868525e-04 2.868525e-04 9.377883e-04 2.473067e-03 7.078260e-03 1.115998e-02 1.370761e-02 2.333986e-02 6.526425e-02 8.334679e-02 
375 9376 1.190801e-03 8.335202e-02 2.934526e-04 2.934526e-04 9.149696e-04 2.626799e-03 6.970346e-03 1.084490e-02 1.388673e-02 2.300024e-02 6.247373e-02 8.335202e-02 
376 9401 1.142986e-03 8.436993e-02 2.869165e-04 2.869165e-04 8.838239e-04 2.613260e-03 6.709852e-03 1.049646e-02 1.340212e-02 2.290121e-02 6.214422e-02 8.436993e-02 
377 9426 1.256935e-03 8.644419e-02 2.791778e-04 2.791778e-04 8.664306e-04 2.708671e-03 6.638098e-03 1.060184e-02 1.292372e-02 2.296731e-02 6.161216e-02 8.644419e-02 
378 9451 1.107892e-03 8.672124e-02 2.704458e-04 2.704458e-04 8.320138e-04 2.642478e-03 6.627581e-03 1.048572e-02 1.329120e-02 2.338081e-02 6.036401e-02 8.672124e-02 
379 9476 1.045029e-03 8.468085e-02 2.661057e-04 2.661057e-04 8.229542e-04 2.734926e-03 6.417512e-03 1.084422e-02 1.310900e-02 2.318961e-02 6.145973e-02 8.468085e-02 
380 9501 9.318897e-04 8.530565e-02 2.750194e-04 2.750194e-04 8.142335e-04 2.762365e-03 6.288445e-03 1.045078e-02 1.299497e-02 2.262245e-02 6.272380e-02 8.530565e-02 
381 9526 8.523744e-04 8.652833e-02 2.704308e-04 2.704308e-04 7.851578e-04 2.677970e-03 6.124413e-03 1.076225e-02 1.272375e-02 2.177103e-02 6.449724e-02 8.652833e-02 
382 9551 8.181661e-04 8.507173e-02 2.678874e-04 2.678874e-04 7.832273e-04 2.657286e-03 5.904189e-03 1.170226e-02 1.290333e-02 2.111409e-02 6.666211e-02 8.507173e-02 
383 9576 8.244618e-04 8.336324e-02 2.603739e-04 2.603739e-04 7.853496e-04 2.642484e-03 5.704954e-03 1.158916e-02 1.317903e-02 2.044643e-02 7.139472e-02 8.336324e-02 
384 9601 7.719372e-04 8.135101e-02 2.539874e-04 2.539874e-04 7.649575e-04 2.641081e-03 5.586631e-03 1.127751e-02 1.312341e-02 2.008649e-02 7.221560e-02 8.135101e-02 
385 9626 6.947588e-04 8.049451e-02 2.459763e-04 2.459763e-04 7.547493e-04 2.612132e-03 5.420747e-03 1.173320e-02 1.265766e-02 2.017162e-02 7.098799e-02 8.049451e-02 
386 9651 6.267329e-04 7.846641e-02 2.398504e-04 2.398504e-04 7.595447e-04 2.596289e-03 5.351370e-03 1.157349e-02 1.234871e-02 1.982623e-02 6.876949e-02 7.846641e-02 
387 9676 6.179497e-04 8.583307e-02 2.349131e-04 2.349131e-04 7.402098e-04 2.519649e-03 5.267933e-03 1.137555e-02 1.328593e-02 1.964381e-02 6.674841e-02 8.583307e-02 
388 9701 6.444751e-04 8.575853e-02 2.322994e-04 2.322994e-04 7.226918e-04 2.574639e-03 5.158840e-03 1.164350e-02 1.297920e-02 1.948365e-02 7.054461e-02 8.575853e-02 
389 9726 6.455138e-04 8.316254e-02 2.372929e-04 2.372929e-04 7.051530e-04 2.528136e-03 5.019500e-03 1.187330e-02 1.304749e-02 1.904675e-02 7.022949e-02 8.316254e-02 
390 9751 6.016734e-04 8.033242e-02 2.392515e-04 2.392515e-04 7.008657e-04 2.517054e-03 4.958396e-03 1.173341e-02 1.271312e-02 1.881044e-02 6.879175e-02 8.033242e-02 
391 9776 5.766281e-04 7.836586e-02 2.416228e-04 2.416228e-04 6.931635e-04 2.636279e-03 4.962263e-03 1.213519e-02 1.273237e-02 1.805829e-02 6.855250e-02 7.836586e-02 
392 9801 5.055649e-04 7.788960e-02 2.357451e-04 2.357451e-04 6.803881e-04 2.612386e-03 4.796108e-03 1.171301e-02 1.271023e-02 1.773400e-02 6.674811e-02 7.788960e-02 
393 9826 5.903618e-04 7.782454e-02 2.415712e-04 2.415712e-04 6.692026e-04 2.597097e-03 4.648705e-03 1.210951e-02 1.313524e-02 1.968325e-02 6.622256e-02 7.782454e-02 
394 9851 5.905100e-04 7.549629e-02 2.388114e-04 2.388114e-04 6.801809e-04 2.728626e-03 4.440946e-03 1.190472e-02 1.310743e-02 1.975456e-02 6.934684e-02 7.549629e-02 
395 9876 5.503217e-04 7.519730e-02 2.343521e-04 2.343521e-04 6.780053e-04 2.673582e-03 4.412669e-03 1.170193e-02 1.283569e-02 1.931565e-02 6.752209e-02 7.519730e-02 
396 9901 5.650243e-04 7.347986e-02 2.342747e-04 2.342747e-04 7.183413e-04 2.636529e-03 4.295091e-03 1.151076e-02 1.295944e-02 1.940396e-02 6.594793e-02 7.347986e-02 
397 9926 5.091380e-04 7.524035e-02 2.283285e-04 2.283285e-04 7.102762e-04 2.558204e-03 4.119535e-03 1.154228e-02 1.287159e-02 1.935486e-02 6.336472e-02 7.524035e-02 
398 9951 5.359389e-04 7.497355e-02 2.271207e-04 2.271207e-04 7.022367e-04 2.532444e-03 4.229220e-03 1.215876e-02 1.289101e-02 1.882643e-02 6.190994e-02 7.497355e-02 
399 9976 5.774565e-04 7.414053e-02 2.216439e-04 2.216439e-04 6.857991e-04 2.499289e-03 4.384397e-03 1.223411e-02 1.413767e-02 1.867234e-02 6.100624e-02 7.414053e-02 
400 10001 5.644533e-04 7.556463e-02 2.126876e-04 2.126876e-04 6.795700e-04 2.463883e-03 4.290665e-03 1.267949e-02 1.425037e-02 1.809216e-02 5.946351e-02 7.556463e-02 
401 10026 5.944493e-04 7.716254e-02 2.078688e-04 2.078688e-04 6.504427e-04 2.545350e-03 4.540613e-03 1.233290e-02 1.405388e-02 1.778258e-02 5.931586e-02 7.716254e-02 
402 10051 6.010489e-04 7.697914e-02 2.063758e-04 2.063758e-04 6.492652e-04 2.605236e-03 4.636162e-03 1.237025e-02 1.422055e-02 1.786496e-02 5.734786e-02 7.697914e-02 
403 10076 5.712725e-04 7.646110e-02 2.058684e-04 2.058684e-04 6.293287e-04 2.538974e-03 4.712723e-03 1.228322e-02 1.465482e-02 1.768303e-02 5.803050e-02 7.646110e-02 
404 10101 5.627563e-04 7.564342e-02 2.034679e-04 2.034679e-04 6.227571e-04 2.492338e-03 4.595526e-03 1.203043e-02 1.505901e-02 1.825499e-02 5.838365e-02 7.564342e-02 
405 10126 5.402722e-04 7.458939e-02 1.955518e-04 1.955518e-04 6.304510e-04 2.567042e-03 4.538321e-03 1.212893e-02 1.480254e-02 1.823221e-02 5.809496e-02 7.458939e-02 
406 10151 5.541273e-04 7.840220e-02 1.892595e-04 1.892595e-04 6.794203e-04 2.580382e-03 4.458166e-03 1.203660e-02 1.454613e-02 1.844583e-02 5.682367e-02 7.840220e-02 
407 10176 6.115643e-04 7.791628e-02 1.857027e-04 1.857027e-04 6.727757e-04 2.512518e-03 4.418680e-03 1.186320e-02 1.500897e-02 1.863968e-02 5.599395e-02 7.791628e-02 
408 10201 5.854906e-04 7.811198e-02 1.845633e-04 1.845633e-04 7.031394e-04 2.478281e-03 4.523398e-03 1.161230e-02 1.534310e-02 1.859765e-02 5.615025e-02 7.811198e-02 
409 10226 5.328766e-04 7.772332e-02 1.803567e-04 1.803567e-04 6.894085e-04 2.453254e-03 4.809979e-03 1.180270e-02 1.526885e-02 1.829434e-02 5.474080e-02 7.772332e-02 
410 10251 6.030580e-04 7.766695e-02 1.783375e-04 1.783375e-04 7.040932e-04 2.412047e-03 4.628582e-03 1.154541e-02 1.611904e-02 1.884600e-02 5.379481e-02 7.766695e-02 
411 10276 5.821887e-04 7.697536e-02 1.745842e-04 1.745842e-04 6.922387e-04 2.366616e-03 4.837386e-03 1.123799e-02 1.639673e-02 1.858666e-02 5.496926e-02 7.697536e-02 
412 10301 5.936504e-04 7.756041e-02 1.731255e-04 1.731255e-04 6.838825e-04 2.317689e-03 4.774683e-03 1.092525e-02 1.619989e-02 1.859781e-02 6.021277e-02 7.756041e-02 
413 10326 6.293698e-04 8.252689e-02 1.714548e-04 1.714548e-04 6.753173e-04 2.306246e-03 4.655819e-03 1.081461e-02 1.594867e-02 1.896701e-02 6.107753e-02 8.252689e-02 
414 10351 7.630280e-04 9.530326e-02 1.647071e-04 1.647071e-04 6.520573e-04 2.252694e-03 4.552544e-03 1.083100e-02 1.560182e-02 1.877744e-02 6.096022e-02 9.530326e-02 
415 10376 8.156010e-04 9.521002e-02 1.603301e-04 1.603301e-04 6.818522e-04 2.210366e-03 4.618256e-03 1.157701e-02 1.515502e-02 1.859484e-02 6.270501e-02 9.521002e-02 
416 10401 8.860048e-04 9.425315e-02 1.624270e-04 1.624270e-04 6.606733e-04 2.411525e-03 5.104870e-03 1.111190e-02 1.460573e-02 1.862507e-02 6.274861e-02 9.425315e-02 
417 10426 9.324033e-04 9.186151e-02 1.567300e-04 1.567300e-04 6.945443e-04 2.380970e-03 5.086096e-03 1.098590e-02 1.534157e-02 1.973484e-02 6.275244e-02 9.186151e-02 
418 10451 9.658928e-04 9.286597e-02 1.570346e-04 1.570346e-04 6.837509e-04 2.393861e-03 5.159895e-03 1.075191e-02 1.546798e-02 1.931597e-02 6.673660e-02 9.286597e-02 
419 10476 9.985386e-04 9.385929e-02 1.555421e-04 1.555421e-04 6.603344e-04 2.333735e-03 5.031504e-03 1.049378e-02 1.694167e-02 1.884417e-02 6.546200e-02 9.385929e-02 
420 10501 1.053260e-03 9.392409e-02 1.530658e-04 1.530658e-04 6.493335e-04 2.319864e-03 5.118304e-03 1.038294e-02 1.733671e-02 1.985603e-02 6.527724e-02 9.392409e-02 
421 10526 9.296970e-04 9.287195e-02 1.480634e-04 1.480634e-04 6.384748e-04 2.245576e-03 5.192642e-03 1.029140e-02 1.739028e-02 2.051371e-02 6.515837e-02 9.287195e-02 
422 10551 8.307310e-04 8.931870e-02 1.440451e-04 1.440451e-04 6.842830e-04 2.173437e-03 4.995720e-03 1.018264e-02 1.714461e-02 2.014347e-02 6.404343e-02 8.931870e-02 
423 10576 8.259194e-04 8.944130e-02 1.451009e-04 1.451009e-04 6.810584e-04 2.200410e-03 5.043168e-03 9.728434e-03 1.729463e-02 2.024083e-02 6.451451e-02 8.944130e-02 
424 10601 7.331415e-04 8.898508e-02 1.392954e-04 1.392954e-04 6.774682e-04 2.134156e-03 4.977506e-03 9.425477e-03 1.678019e-02 2.006608e-02 6.348346e-02 8.898508e-02 
425 10626 7.036300e-04 9.011898e-02 1.382762e-04 1.382762e-04 6.552591e-04 2.074174e-03 4.901867e-03 9.241156e-03 1.647929e-02 2.046582e-02 6.273105e-02 9.011898e-02 
426 10651 6.772279e-04 8.716385e-02 1.378805e-04 1.378805e-04 6.717461e-04 2.030338e-03 4.853492e-03 9.173522e-03 1.648399e-02 2.067599e-02 6.493994e-02 8.716385e-02 
427 10676 6.347615e-04 8.570626e-02 1.369765e-04 1.369765e-04 6.649682e-04 2.077903e-03 4.774030e-03 9.001375e-03 1.677487e-02 2.023984e-02 6.352947e-02 8.570626e-02 
428 10701 6.271724e-04 8.528082e-02 1.381896e-04 1.381896e-04 6.568484e-04 2.031992e-03 4.741852e-03 8.809734e-03 1.653909e-02 2.086986e-02 6.485692e-02 8.528082e-02 
429 10726 5.534077e-04 8.206470e-02 1.378554e-04 1.378554e-04 6.374746e-04 2.076796e-03 4.734269e-03 8.827941e-03 1.627035e-02 2.082854e-02 6.390747e-02 8.206470e-02 
430 10751 5.420791e-04 7.997491e-02 1.355438e-04 1.355438e-04 6.300555e-04 2.047648e-03 4.857086e-03 8.816242e-03 1.578299e-02 2.046944e-02 6.586679e-02 7.997491e-02 
431 10776 5.915614e-04 7.984266e-02 1.412732e-04 1.412732e-04 6.944413e-04 2.050699e-03 4.878444e-03 8.506357e-03 1.566945e-02 1.973842e-02 6.431211e-02 7.984266e-02 
432 10801 5.906739e-04 7.866543e-02 1.379487e-04 1.379487e-04 6.816925e-04 2.036531e-03 4.823750e-03 8.521716e-03 1.605624e-02 2.054468e-02 6.493111e-02 7.866543e-02 
433 10826 5.108201e-04 7.797829e-02 1.339587e-04 1.339587e-04 6.927388e-04 2.086626e-03 4.766889e-03 8.620617e-03 1.549109e-02 2.031144e-02 6.344962e-02 7.797829e-02 
434 10851 4.629265e-04 7.619072e-02 1.338148e-04 1.338148e-04 6.703641e-04 2.102481e-03 4.591328e-03 8.534112e-03 1.557364e-02 2.084356e-02 6.278105e-02 7.619072e-02 
435 10876 4.424174e-04 7.581802e-02 1.348478e-04 1.348478e-04 6.868630e-04 2.072418e-03 4.428332e-03 8.307740e-03 1.534040e-02 2.064964e-02 6.359449e-02 7.581802e-02 
436 10901 4.273297e-04 7.469693e-02 1.397898e-04 1.397898e-04 6.798870e-04 2.025925e-03 4.445682e-03 8.156073e-03 1.536066e-02 2.062254e-02 6.303199e-02 7.469693e-02 
437 10926 4.134568e-04 7.406424e-02 1.380451e-04 1.380451e-04 6.937983e-04 2.111749e-03 4.416101e-03 7.923323e-03 1.503766e-02 2.012290e-02 6.196255e-02 7.406424e-02 
438 10951 4.010160e-04 7.614999e-02 1.383951e-04 1.383951e-04 6.782183e-04 2.073052e-03 4.485885e-03 8.262775e-03 1.462250e-02 1.943115e-02 6.066870e-02 7.614999e-02 
439 10976 3.980381e-04 8.356592e-02 1.404857e-04 1.404857e-04 6.591903e-04 2.062542e-03 4.482788e-03 8.017524e-03 1.431807e-02 1.931066e-02 5.939567e-02 8.356592e-02 
