%  columns="iteration, evaluation, fitness, void, void, xrecentbest" (startseed=211446, 2015/08/21 21:22:27.47)
1 26  1.649795476584622804e+02 0 0 -3.817513e-01 1.124955e+00 8.885859e-01 4.587344e-01 6.354590e-01 1.666409e+00 -9.578046e-01 1.034612e+00 6.493227e-01 
2 51  1.109909087055260244e+02 0 0 1.063247e+00 9.469751e-01 3.132311e-01 1.120445e+00 8.373838e-01 2.960708e-01 5.381545e+00 4.997478e-03 8.644999e-01 
3 76  1.649683714805471482e+02 0 0 -1.744579e+00 1.205787e+00 9.223361e-01 7.759031e-01 3.730999e-01 3.353688e+00 -4.263750e-01 1.077450e+00 1.119551e+00 
4 101  1.650200222579762226e+02 0 0 -7.000355e-01 1.560878e+00 7.114874e-01 6.363264e-01 9.621100e-01 1.270820e+01 5.869954e+00 1.160141e+00 1.036671e+00 
5 126  1.649578724550325148e+02 0 0 7.726180e-01 1.003497e+00 8.516638e-01 -8.574520e-02 9.467431e-01 3.917105e+00 2.132918e+00 9.906950e-01 8.896493e-01 
6 151  7.580897550308010935e+00 0 0 1.382742e+00 1.116522e+00 6.195934e-01 -2.599125e-01 1.203659e-01 6.247635e+00 8.815413e+00 8.214154e-01 1.303541e+00 
7 176  1.639180449923551350e+02 0 0 4.965637e-01 1.075020e+00 1.469676e+00 -2.695452e-01 3.441951e-01 3.482856e+00 -1.111059e-01 1.001069e+00 3.300082e-01 
8 201  1.450258167336848487e+02 0 0 1.141997e+00 2.313667e-01 7.265414e-01 -1.390158e-02 6.966559e-02 7.250948e+00 3.552300e+00 3.512263e-01 9.919385e-01 
9 226  7.931559959663734105e+01 0 0 2.020181e+00 4.685646e-02 6.834516e-01 7.814034e-02 8.533226e-01 9.025480e+00 7.093971e+00 3.476149e-01 1.048037e+00 
10 251  1.477873577933798401e+02 0 0 8.602513e-02 3.241716e-01 1.187920e+00 8.118294e-02 9.382617e-01 1.814573e+00 5.772371e+00 5.774797e-01 9.171246e-01 
11 276  2.722233527504983996e+01 0 0 3.317409e+00 7.059385e-01 4.770517e-01 3.777341e-03 1.625040e+00 3.647903e+00 4.960561e+00 9.740926e-01 1.025157e+00 
12 301  1.566079773320665822e+02 0 0 2.704314e-01 3.937040e-01 9.024964e-01 1.891340e-01 1.644081e+00 6.143831e+00 7.441488e+00 2.536183e-01 9.130936e-01 
13 326  4.250914480123452677e+01 0 0 1.588933e+00 2.751223e-01 3.593168e-01 1.031912e+00 1.036516e+00 4.722636e+00 3.825188e+00 1.037716e-02 1.662895e+00 
14 351  1.647540416699372940e+02 0 0 1.553353e+00 1.755679e-01 6.411370e-01 -3.477033e-01 2.875112e-01 2.890824e+00 2.185415e+00 3.816401e-01 1.137462e+00 
15 376  3.448282917676382198e+01 0 0 1.114957e+00 3.681334e-01 9.626372e-01 1.111218e-01 9.903371e-01 6.102846e+00 3.871793e+00 1.411423e-01 1.048360e+00 
16 401  2.079587460892572892e+01 0 0 1.729876e-01 5.865426e-01 9.117323e-01 1.435544e-01 1.135802e+00 2.359531e+00 5.791653e+00 4.214956e-01 1.013019e+00 
17 426  1.042316188803298793e+01 0 0 8.466434e-01 3.908262e-01 9.361237e-01 3.469252e-01 8.792865e-01 5.238658e+00 4.568372e+00 4.072966e-02 1.006912e+00 
18 451  1.284168121313683208e+01 0 0 1.381601e+00 7.760236e-02 1.235728e+00 2.947808e-01 1.482900e+00 5.075954e+00 4.746090e+00 3.363819e-01 1.052509e+00 
19 476  1.075144072262023442e+01 0 0 1.481085e+00 2.728723e-01 8.833154e-01 2.111620e-01 1.114714e+00 8.581697e+00 4.860877e+00 1.026010e-01 9.696773e-01 
20 501  1.619893463817428199e+02 0 0 1.217305e+00 1.965257e-01 8.538354e-01 5.548952e-02 1.341536e+00 5.647611e+00 5.986305e+00 2.025767e-01 1.270412e+00 
21 526  1.273223503236148524e+01 0 0 1.247634e+00 4.604748e-01 9.285245e-01 2.081665e-01 1.539273e+00 6.921506e+00 4.911414e+00 1.113471e-01 1.004329e+00 
22 551  2.576836868075530873e+01 0 0 1.302435e+00 4.294928e-01 1.238755e+00 3.334991e-01 1.348386e+00 6.088086e+00 6.043819e+00 9.412214e-02 1.063997e+00 
23 576  1.377418064459572022e+01 0 0 4.314460e-01 1.457322e-01 8.680598e-01 1.578445e-01 1.003237e+00 6.083993e+00 5.454351e+00 5.501241e-01 1.173603e+00 
24 601  8.742879723546780113e+00 0 0 6.843077e-01 3.702363e-01 7.651269e-01 2.355225e-01 1.116485e+00 4.459326e+00 7.289347e+00 1.089065e-01 1.098023e+00 
25 626  8.329607862008151287e+00 0 0 1.291709e+00 3.490311e-01 8.087587e-01 1.015740e-01 1.174733e+00 4.851240e+00 7.272021e+00 1.750684e-01 1.274103e+00 
26 651  8.676388297435172703e+00 0 0 3.673870e-01 4.169358e-01 8.869069e-01 3.969547e-01 1.351703e+00 6.679337e+00 7.426370e+00 2.606429e-01 1.412700e+00 
27 676  9.127315119052845205e+00 0 0 2.168002e-01 2.858329e-01 1.000678e+00 3.719116e-01 1.198758e+00 4.291375e+00 8.971789e+00 4.376075e-01 1.278356e+00 
28 701  9.193152467753616719e+00 0 0 1.488023e+00 4.280567e-01 1.273307e+00 4.075835e-01 1.240927e+00 6.477784e+00 5.813951e+00 5.281888e-02 1.010657e+00 
29 726  6.301274724591279863e+01 0 0 9.971586e-01 1.989719e-01 8.110884e-01 2.106531e-01 1.259626e+00 7.321506e+00 7.707676e+00 1.868002e-01 1.219634e+00 
30 751  8.776782750816416012e+00 0 0 6.605991e-01 1.164663e-01 9.295310e-01 3.035951e-01 1.185950e+00 5.144310e+00 6.060895e+00 2.773261e-01 1.085154e+00 
31 776  8.139312194443384385e+00 0 0 3.854573e-01 3.236700e-01 7.982523e-01 2.680883e-01 1.321209e+00 5.595954e+00 7.710465e+00 3.315576e-01 1.233376e+00 
32 801  8.379133788438778652e+00 0 0 9.139084e-01 2.484218e-01 9.767041e-01 2.698200e-01 1.253811e+00 6.266778e+00 7.267171e+00 1.845232e-01 1.171536e+00 
33 826  1.717389710816867066e+01 0 0 5.922553e-01 3.933310e-01 6.859500e-01 1.704426e-01 1.267472e+00 7.128276e+00 5.137328e+00 2.158246e-01 1.147281e+00 
34 851  1.016471227403756039e+01 0 0 1.197897e+00 2.908918e-01 8.127074e-01 3.736158e-01 1.236376e+00 6.310098e+00 7.548054e+00 7.698029e-02 1.007663e+00 
35 876  8.589507484758486910e+00 0 0 1.644794e+00 9.050714e-02 8.577016e-01 3.665762e-01 1.081272e+00 6.604352e+00 6.867521e+00 1.187894e-01 1.139921e+00 
36 901  8.362017718265214228e+00 0 0 7.409234e-01 2.415629e-01 9.413079e-01 2.215612e-01 1.238647e+00 5.918844e+00 7.211687e+00 2.535220e-01 1.172021e+00 
37 926  8.884166749725713075e+00 0 0 9.605125e-01 1.485292e-01 1.040509e+00 4.822023e-01 1.267514e+00 7.761545e+00 7.047215e+00 1.892078e-01 1.153539e+00 
38 951  8.715327850340942817e+00 0 0 9.379085e-01 1.790720e-01 9.485057e-01 2.958052e-01 1.274863e+00 6.476775e+00 7.885549e+00 2.290373e-01 1.138179e+00 
39 976  8.693806609435707600e+00 0 0 4.539234e-01 3.305038e-01 8.466658e-01 2.506244e-01 1.299624e+00 6.376756e+00 7.788075e+00 3.142966e-01 1.135935e+00 
40 1001  8.179671769684459193e+00 0 0 1.317324e+00 2.437090e-01 8.709750e-01 1.749207e-01 1.222345e+00 6.566445e+00 7.224960e+00 1.793605e-01 1.240338e+00 
41 1026  8.516472139244811501e+00 0 0 1.399021e+00 2.595668e-01 8.852036e-01 1.606231e-01 1.308566e+00 5.922205e+00 6.922726e+00 1.933916e-01 1.290411e+00 
42 1051  8.215363416527338813e+00 0 0 1.471687e+00 1.916210e-01 1.007119e+00 2.300629e-01 1.207613e+00 5.010061e+00 7.835635e+00 1.380210e-01 1.223225e+00 
43 1076  8.759411871376666880e+00 0 0 1.390203e+00 1.822140e-01 8.390876e-01 2.254231e-01 1.157644e+00 6.309029e+00 7.779656e+00 1.404425e-01 1.133320e+00 
44 1101  8.498024503062582724e+00 0 0 7.800193e-01 1.778129e-01 9.175191e-01 2.883682e-01 1.268209e+00 5.059536e+00 7.976478e+00 2.238209e-01 1.172112e+00 
45 1126  8.900754922398812496e+00 0 0 6.656035e-01 2.930517e-01 9.673870e-01 2.315196e-01 1.167361e+00 5.460167e+00 7.348332e+00 2.015922e-01 1.270285e+00 
46 1151  8.080101088768598672e+00 0 0 8.569195e-01 2.936645e-01 9.927496e-01 1.560287e-01 1.179988e+00 4.923563e+00 7.583393e+00 2.278951e-01 1.258145e+00 
47 1176  8.171494152978048930e+00 0 0 8.547809e-01 1.980792e-01 1.023038e+00 1.538732e-01 1.159305e+00 5.356113e+00 7.406121e+00 3.354761e-01 1.261512e+00 
48 1201  8.282106747900723320e+00 0 0 9.686518e-01 1.556057e-01 1.001206e+00 2.298837e-01 1.125132e+00 5.762777e+00 7.595087e+00 2.335575e-01 1.199670e+00 
49 1226  8.128851927605737160e+00 0 0 1.294523e+00 2.550669e-01 1.145723e+00 2.144927e-01 1.257244e+00 6.592993e+00 6.443408e+00 1.849564e-01 1.288169e+00 
50 1251  8.064574121764557901e+00 0 0 1.055086e+00 1.716235e-01 1.147292e+00 3.195678e-01 1.327362e+00 6.153708e+00 6.727930e+00 2.347387e-01 1.293864e+00 
51 1276  8.092855933139627922e+00 0 0 1.084141e+00 1.256470e-01 9.851167e-01 2.034893e-01 1.184471e+00 5.498451e+00 8.193088e+00 3.194940e-01 1.272925e+00 
52 1301  7.876277944004685061e+00 0 0 1.256311e+00 1.689645e-01 1.105617e+00 2.722042e-01 1.266789e+00 4.519296e+00 7.917030e+00 1.717840e-01 1.314595e+00 
53 1326  7.877720172617303618e+00 0 0 1.136311e+00 1.788230e-01 9.254160e-01 2.017481e-01 1.191488e+00 5.018587e+00 8.191982e+00 2.060439e-01 1.316237e+00 
54 1351  8.328096032353359490e+00 0 0 1.425038e+00 1.313760e-01 1.111207e+00 2.909999e-01 1.245091e+00 6.048844e+00 8.047618e+00 2.131763e-01 1.305888e+00 
55 1376  7.843778791450410459e+00 0 0 1.124517e+00 1.647913e-01 1.058621e+00 3.312781e-01 1.296478e+00 5.053012e+00 7.689908e+00 1.766826e-01 1.344809e+00 
56 1401  8.153579287170574119e+00 0 0 8.505106e-01 2.811104e-01 1.015152e+00 2.540954e-01 1.316177e+00 5.599795e+00 7.940348e+00 2.143804e-01 1.253958e+00 
57 1426  8.116686822126698786e+00 0 0 9.989550e-01 1.497100e-01 1.028990e+00 2.268589e-01 1.132019e+00 5.137861e+00 7.340855e+00 2.243801e-01 1.291425e+00 
58 1451  7.865829171449869150e+00 0 0 9.262541e-01 1.497030e-01 1.111559e+00 3.046986e-01 1.281365e+00 4.775512e+00 7.262492e+00 2.366447e-01 1.325382e+00 
59 1476  8.121518511001566409e+00 0 0 9.313719e-01 1.448320e-01 1.010354e+00 2.366332e-01 1.160511e+00 4.460970e+00 7.630273e+00 2.213952e-01 1.266628e+00 
60 1501  7.955005721717578915e+00 0 0 8.032359e-01 1.816201e-01 1.069115e+00 3.201223e-01 1.210972e+00 4.869006e+00 7.265582e+00 1.946140e-01 1.278538e+00 
61 1526  7.980045365687264081e+00 0 0 7.306622e-01 1.664577e-01 1.228957e+00 3.911221e-01 1.261339e+00 4.961434e+00 6.602324e+00 2.247692e-01 1.312095e+00 
62 1551  7.951590327520395185e+00 0 0 1.193467e+00 1.930994e-01 1.074505e+00 2.627551e-01 1.209728e+00 4.126832e+00 7.974647e+00 1.424440e-01 1.322285e+00 
63 1576  8.076296529016408599e+00 0 0 1.094166e+00 2.285657e-01 1.123952e+00 3.864278e-01 1.308122e+00 4.544380e+00 7.491005e+00 1.174165e-01 1.275046e+00 
64 1601  8.305986683124872982e+00 0 0 1.097522e+00 2.006997e-01 1.041218e+00 2.757845e-01 1.365834e+00 4.563235e+00 7.689610e+00 1.879140e-01 1.286317e+00 
65 1626  8.177115415645081598e+00 0 0 8.805481e-01 1.989917e-01 1.062905e+00 2.904149e-01 1.290761e+00 5.249313e+00 6.424249e+00 2.044530e-01 1.298083e+00 
66 1651  7.688303894761547852e+00 0 0 9.802436e-01 1.937201e-01 1.029211e+00 3.363754e-01 1.372411e+00 5.089167e+00 7.587379e+00 1.948625e-01 1.366911e+00 
67 1676  7.967770099908428882e+00 0 0 1.188767e+00 1.595891e-01 9.764638e-01 2.445596e-01 1.254195e+00 4.135805e+00 8.014945e+00 1.742769e-01 1.354217e+00 
68 1701  7.876659697521304793e+00 0 0 1.221155e+00 1.861595e-01 1.041629e+00 3.330504e-01 1.286281e+00 5.035738e+00 7.519054e+00 1.406061e-01 1.345429e+00 
69 1726  7.722336573125785364e+00 0 0 1.165644e+00 1.479227e-01 1.075182e+00 3.399472e-01 1.359218e+00 4.750068e+00 7.201415e+00 1.912597e-01 1.379528e+00 
70 1751  7.776411068490975964e+00 0 0 9.385951e-01 1.297752e-01 1.075461e+00 3.023171e-01 1.323067e+00 3.622568e+00 7.816520e+00 2.289440e-01 1.365056e+00 
71 1776  7.571819203183254743e+00 0 0 1.234574e+00 1.277291e-01 1.064313e+00 3.183391e-01 1.251647e+00 4.623626e+00 7.928878e+00 1.886204e-01 1.416391e+00 
72 1801  7.676891192502584005e+00 0 0 1.333796e+00 1.443954e-01 1.054502e+00 2.930519e-01 1.250747e+00 4.564890e+00 7.942982e+00 1.662285e-01 1.434237e+00 
73 1826  7.634624375498135329e+00 0 0 1.067549e+00 1.130834e-01 1.054029e+00 3.438542e-01 1.306519e+00 4.441606e+00 8.105689e+00 2.344570e-01 1.398971e+00 
74 1851  7.826849289524085762e+00 0 0 1.174625e+00 1.682989e-01 1.008367e+00 2.947940e-01 1.280879e+00 4.786274e+00 7.897416e+00 1.701308e-01 1.367288e+00 
75 1876  7.724090463615973512e+00 0 0 1.103874e+00 1.198739e-01 1.051009e+00 3.520418e-01 1.293551e+00 4.163820e+00 7.877633e+00 1.944161e-01 1.376012e+00 
76 1901  7.659364296259178140e+00 0 0 1.224164e+00 1.234277e-01 1.116923e+00 3.349263e-01 1.306021e+00 4.282945e+00 8.003570e+00 1.966342e-01 1.406047e+00 
77 1926  7.589463688767343896e+00 0 0 1.326980e+00 1.393746e-01 1.052406e+00 3.142047e-01 1.261898e+00 4.793807e+00 7.813306e+00 1.700936e-01 1.407800e+00 
78 1951  7.538807322115179232e+00 0 0 1.355761e+00 1.185082e-01 1.054207e+00 3.536840e-01 1.286136e+00 4.141759e+00 8.097624e+00 1.601217e-01 1.423042e+00 
79 1976  7.538551367380131651e+00 0 0 1.255293e+00 1.570924e-01 1.124434e+00 3.592841e-01 1.346386e+00 4.396851e+00 7.980778e+00 1.630255e-01 1.433467e+00 
80 2001  7.542865698245857509e+00 0 0 1.317916e+00 1.417754e-01 1.053617e+00 3.343103e-01 1.276287e+00 4.522478e+00 7.998791e+00 1.589513e-01 1.427612e+00 
81 2026  7.580894226444395478e+00 0 0 1.208810e+00 1.219011e-01 1.086881e+00 3.351319e-01 1.261774e+00 4.202536e+00 7.985290e+00 1.821441e-01 1.408225e+00 
82 2051  7.553553829929321672e+00 0 0 1.272307e+00 1.583936e-01 1.040915e+00 3.020644e-01 1.299018e+00 4.508117e+00 7.988201e+00 1.677865e-01 1.428675e+00 
83 2076  7.582242376712790666e+00 0 0 1.160930e+00 1.317239e-01 1.052347e+00 3.180830e-01 1.290047e+00 4.308521e+00 7.853798e+00 1.924572e-01 1.408534e+00 
84 2101  7.569344251960620440e+00 0 0 1.201931e+00 1.440707e-01 1.026464e+00 3.106734e-01 1.291621e+00 4.661784e+00 7.728215e+00 1.839888e-01 1.413717e+00 
85 2126  7.565752040347621055e+00 0 0 1.212923e+00 1.318921e-01 1.042932e+00 3.125199e-01 1.270288e+00 4.412902e+00 7.889738e+00 1.844913e-01 1.422278e+00 
86 2151  7.526043886719783416e+00 0 0 1.198538e+00 1.327881e-01 1.061545e+00 3.178975e-01 1.299962e+00 4.309049e+00 8.062371e+00 1.949806e-01 1.437231e+00 
87 2176  7.543310576418148727e+00 0 0 1.203548e+00 1.348278e-01 1.074070e+00 3.462443e-01 1.304393e+00 4.521932e+00 7.640981e+00 1.809217e-01 1.428269e+00 
88 2201  7.529071452767617245e+00 0 0 1.256090e+00 1.347620e-01 1.056761e+00 3.275565e-01 1.304202e+00 4.460522e+00 7.762962e+00 1.797783e-01 1.443794e+00 
89 2226  7.526740436563737369e+00 0 0 1.310423e+00 1.365730e-01 1.036176e+00 3.238559e-01 1.287651e+00 4.670034e+00 7.781207e+00 1.717436e-01 1.444959e+00 
90 2251  7.522529787127999690e+00 0 0 1.187591e+00 1.372814e-01 1.055317e+00 3.282529e-01 1.310504e+00 4.590787e+00 7.843481e+00 1.943158e-01 1.433279e+00 
91 2276  7.542382600084035715e+00 0 0 1.279705e+00 1.324870e-01 1.040507e+00 3.255729e-01 1.291915e+00 4.797474e+00 7.777746e+00 1.851037e-01 1.435649e+00 
92 2301  7.546978849114045929e+00 0 0 1.221715e+00 1.489786e-01 1.052638e+00 3.234801e-01 1.309342e+00 4.734880e+00 7.807795e+00 1.829987e-01 1.425669e+00 
93 2326  7.530688446694864702e+00 0 0 1.277789e+00 1.423160e-01 1.046853e+00 3.243024e-01 1.310800e+00 4.730812e+00 7.938745e+00 1.810603e-01 1.430580e+00 
94 2351  7.544014453203250703e+00 0 0 1.312840e+00 1.513562e-01 1.045806e+00 3.158306e-01 1.305257e+00 4.744922e+00 7.895858e+00 1.703012e-01 1.417043e+00 
95 2376  7.535098537456065060e+00 0 0 1.230418e+00 1.429836e-01 1.040520e+00 3.162564e-01 1.298761e+00 4.868497e+00 7.888193e+00 1.919405e-01 1.427140e+00 
96 2401  7.522354565216688549e+00 0 0 1.267705e+00 1.350463e-01 1.056069e+00 3.288888e-01 1.300614e+00 4.688734e+00 7.859357e+00 1.843984e-01 1.435016e+00 
97 2426  7.511231655158204568e+00 0 0 1.264231e+00 1.446416e-01 1.037036e+00 3.113837e-01 1.303435e+00 4.670426e+00 7.877019e+00 1.820707e-01 1.431198e+00 
98 2451  7.524807359927947026e+00 0 0 1.238920e+00 1.360221e-01 1.040998e+00 3.085800e-01 1.301539e+00 4.543169e+00 7.932427e+00 1.939299e-01 1.429187e+00 
99 2476  7.525165133225208969e+00 0 0 1.308936e+00 1.495534e-01 1.046296e+00 3.085513e-01 1.300903e+00 4.652842e+00 7.965129e+00 1.729880e-01 1.424841e+00 
100 2501  7.523312652862523819e+00 0 0 1.308182e+00 1.474341e-01 1.030119e+00 3.039766e-01 1.312491e+00 4.679112e+00 7.954505e+00 1.800207e-01 1.428911e+00 
101 2526  7.518277134893200930e+00 0 0 1.337159e+00 1.441106e-01 1.040485e+00 3.154285e-01 1.305667e+00 4.800388e+00 7.940056e+00 1.765052e-01 1.427396e+00 
102 2551  7.517844558528461008e+00 0 0 1.299070e+00 1.445003e-01 1.039057e+00 3.112985e-01 1.314920e+00 4.716007e+00 7.968530e+00 1.831720e-01 1.434695e+00 
103 2576  7.526331894301913294e+00 0 0 1.301244e+00 1.523378e-01 1.036862e+00 3.217110e-01 1.312077e+00 4.829950e+00 8.005180e+00 1.722046e-01 1.434719e+00 
104 2601  7.519873422163794174e+00 0 0 1.233903e+00 1.405279e-01 1.025880e+00 3.216264e-01 1.298870e+00 4.834132e+00 7.863675e+00 1.874591e-01 1.428895e+00 
105 2626  7.531275263055321467e+00 0 0 1.250290e+00 1.386622e-01 1.045216e+00 3.191880e-01 1.306548e+00 4.721702e+00 7.885893e+00 1.904854e-01 1.429819e+00 
106 2651  7.522370423175816612e+00 0 0 1.318414e+00 1.454297e-01 1.043514e+00 3.239649e-01 1.306941e+00 4.816730e+00 7.911981e+00 1.733232e-01 1.432035e+00 
107 2676  7.517010550517671419e+00 0 0 1.266234e+00 1.484865e-01 1.030398e+00 3.196389e-01 1.307132e+00 4.868772e+00 7.920934e+00 1.798572e-01 1.425703e+00 
108 2701  7.523359793602764078e+00 0 0 1.286850e+00 1.511742e-01 1.034164e+00 3.086046e-01 1.303636e+00 4.772000e+00 8.011027e+00 1.782746e-01 1.425110e+00 
109 2726  7.522652449699370969e+00 0 0 1.280306e+00 1.419878e-01 1.036778e+00 3.089604e-01 1.297563e+00 4.709537e+00 7.944888e+00 1.841079e-01 1.427494e+00 
110 2751  7.520404872975896104e+00 0 0 1.315090e+00 1.431872e-01 1.033412e+00 3.186615e-01 1.302695e+00 4.847283e+00 7.898641e+00 1.778337e-01 1.427603e+00 
111 2776  7.514348960025071911e+00 0 0 1.299545e+00 1.455900e-01 1.035351e+00 3.162360e-01 1.305152e+00 4.860887e+00 7.957345e+00 1.798302e-01 1.425521e+00 
112 2801  7.520840729197101560e+00 0 0 1.298881e+00 1.476559e-01 1.024180e+00 3.096069e-01 1.302437e+00 4.821505e+00 7.871166e+00 1.772957e-01 1.430208e+00 
113 2826  7.515914751980921515e+00 0 0 1.312586e+00 1.420523e-01 1.039832e+00 3.082809e-01 1.295722e+00 4.681850e+00 7.953292e+00 1.792768e-01 1.430336e+00 
114 2851  7.517846339963323743e+00 0 0 1.289565e+00 1.448163e-01 1.038377e+00 3.125858e-01 1.300651e+00 4.718291e+00 7.940570e+00 1.793600e-01 1.428922e+00 
115 2876  7.513123276137874562e+00 0 0 1.306493e+00 1.469454e-01 1.034567e+00 3.125695e-01 1.301948e+00 4.764895e+00 7.941075e+00 1.761138e-01 1.427883e+00 
116 2901  7.521331608139835367e+00 0 0 1.296613e+00 1.489786e-01 1.038046e+00 3.133827e-01 1.305234e+00 4.754294e+00 7.964194e+00 1.761015e-01 1.427975e+00 
117 2926  7.520993057866697029e+00 0 0 1.312000e+00 1.452705e-01 1.037335e+00 3.149673e-01 1.305615e+00 4.758736e+00 7.946526e+00 1.769653e-01 1.426850e+00 
118 2951  7.519968524652409059e+00 0 0 1.320002e+00 1.449975e-01 1.037985e+00 3.142393e-01 1.297192e+00 4.731175e+00 7.942433e+00 1.735826e-01 1.429475e+00 
119 2976  7.518911471009518621e+00 0 0 1.303266e+00 1.494276e-01 1.037157e+00 3.100997e-01 1.303127e+00 4.751199e+00 7.946342e+00 1.753636e-01 1.430233e+00 
120 3001  7.521170165472387481e+00 0 0 1.294491e+00 1.466572e-01 1.035370e+00 3.122596e-01 1.302309e+00 4.807006e+00 7.864359e+00 1.789615e-01 1.427853e+00 
121 3026  7.516321897758041715e+00 0 0 1.301135e+00 1.466192e-01 1.028635e+00 3.138088e-01 1.299583e+00 4.787020e+00 7.996840e+00 1.760934e-01 1.425907e+00 
122 3051  7.516309537857122969e+00 0 0 1.296142e+00 1.512292e-01 1.030581e+00 3.139799e-01 1.305464e+00 4.860711e+00 7.961054e+00 1.758782e-01 1.427529e+00 
123 3076  7.520941174464117474e+00 0 0 1.311692e+00 1.500358e-01 1.026598e+00 3.162270e-01 1.307328e+00 4.845771e+00 7.963902e+00 1.732671e-01 1.427537e+00 
124 3101  7.520222941436781383e+00 0 0 1.316213e+00 1.558573e-01 1.023233e+00 3.088001e-01 1.313041e+00 4.961318e+00 7.953477e+00 1.752850e-01 1.430569e+00 
125 3126  7.522761498153139215e+00 0 0 1.301370e+00 1.548792e-01 1.027124e+00 3.114181e-01 1.307740e+00 4.892302e+00 7.883627e+00 1.730313e-01 1.429298e+00 
126 3151  7.518769887619747294e+00 0 0 1.296461e+00 1.454852e-01 1.031366e+00 3.155573e-01 1.299316e+00 4.752447e+00 7.931678e+00 1.752545e-01 1.428993e+00 
127 3176  7.519912702697099327e+00 0 0 1.283452e+00 1.493702e-01 1.029193e+00 3.132125e-01 1.304336e+00 4.799543e+00 7.964815e+00 1.775643e-01 1.427709e+00 
128 3201  7.509189945968040902e+00 0 0 1.287689e+00 1.509886e-01 1.027487e+00 3.127752e-01 1.304867e+00 4.858268e+00 7.921168e+00 1.770047e-01 1.427422e+00 
129 3226  7.518873090325910447e+00 0 0 1.288550e+00 1.504095e-01 1.029445e+00 3.101501e-01 1.306459e+00 4.826971e+00 7.917225e+00 1.786395e-01 1.426670e+00 
130 3251  7.516149516154563948e+00 0 0 1.292704e+00 1.497338e-01 1.034367e+00 3.136018e-01 1.306175e+00 4.752623e+00 7.932726e+00 1.751814e-01 1.427259e+00 
131 3276  7.517297869435683566e+00 0 0 1.294765e+00 1.500335e-01 1.033370e+00 3.152404e-01 1.307408e+00 4.807176e+00 7.953379e+00 1.755602e-01 1.427805e+00 
132 3301  7.521360979943891856e+00 0 0 1.292513e+00 1.516542e-01 1.034647e+00 3.115739e-01 1.305481e+00 4.821675e+00 7.955158e+00 1.766081e-01 1.427625e+00 
133 3326  7.515240538034859696e+00 0 0 1.295331e+00 1.494310e-01 1.028646e+00 3.109182e-01 1.306393e+00 4.832108e+00 7.924958e+00 1.781608e-01 1.426841e+00 
134 3351  7.512316443634272645e+00 0 0 1.296007e+00 1.517910e-01 1.026724e+00 3.135777e-01 1.308865e+00 4.859266e+00 7.968504e+00 1.762009e-01 1.427651e+00 
135 3376  7.513528343893226769e+00 0 0 1.286412e+00 1.495049e-01 1.034833e+00 3.125974e-01 1.305334e+00 4.762848e+00 7.963302e+00 1.773099e-01 1.427740e+00 
136 3401  7.515308145376958571e+00 0 0 1.292074e+00 1.497986e-01 1.030634e+00 3.124838e-01 1.308024e+00 4.826098e+00 7.936146e+00 1.781159e-01 1.428020e+00 
137 3426  7.510206394408686315e+00 0 0 1.297562e+00 1.491930e-01 1.031614e+00 3.119582e-01 1.306871e+00 4.796507e+00 7.933408e+00 1.772645e-01 1.428594e+00 
138 3451  7.508130634125635972e+00 0 0 1.291125e+00 1.498238e-01 1.029184e+00 3.121731e-01 1.307483e+00 4.840429e+00 7.947584e+00 1.785879e-01 1.428786e+00 
139 3476  7.514013401074497445e+00 0 0 1.296849e+00 1.514809e-01 1.032347e+00 3.115492e-01 1.308083e+00 4.840625e+00 7.955008e+00 1.771415e-01 1.428301e+00 
140 3501  7.513073320963242985e+00 0 0 1.299114e+00 1.515814e-01 1.032143e+00 3.128354e-01 1.308596e+00 4.834380e+00 7.966046e+00 1.761913e-01 1.428615e+00 
141 3526  7.518681537586292762e+00 0 0 1.289493e+00 1.514374e-01 1.031924e+00 3.129768e-01 1.308375e+00 4.826853e+00 7.968446e+00 1.771774e-01 1.427620e+00 
142 3551  7.515812291428340508e+00 0 0 1.291705e+00 1.508610e-01 1.033523e+00 3.146293e-01 1.307558e+00 4.818754e+00 7.975756e+00 1.764171e-01 1.427626e+00 
143 3576  7.513352573630482922e+00 0 0 1.292615e+00 1.502517e-01 1.033329e+00 3.133834e-01 1.306525e+00 4.806252e+00 7.947866e+00 1.765104e-01 1.427638e+00 
144 3601  7.506996739338648972e+00 0 0 1.285346e+00 1.500634e-01 1.032953e+00 3.116395e-01 1.306025e+00 4.791560e+00 7.937052e+00 1.779266e-01 1.427863e+00 
145 3626  7.517836482143271049e+00 0 0 1.284123e+00 1.515160e-01 1.032005e+00 3.094405e-01 1.306466e+00 4.805642e+00 7.961378e+00 1.784757e-01 1.427897e+00 
146 3651  7.513511939374317272e+00 0 0 1.292405e+00 1.512543e-01 1.033376e+00 3.141212e-01 1.308076e+00 4.818473e+00 7.958620e+00 1.760920e-01 1.428210e+00 
147 3676  7.514743348531690792e+00 0 0 1.293582e+00 1.511795e-01 1.032078e+00 3.132136e-01 1.308511e+00 4.829815e+00 7.964885e+00 1.769460e-01 1.428595e+00 
148 3701  7.520600693292643690e+00 0 0 1.282173e+00 1.508413e-01 1.032845e+00 3.118995e-01 1.305444e+00 4.795804e+00 7.943654e+00 1.775040e-01 1.427371e+00 
149 3726  7.513168581737778240e+00 0 0 1.288002e+00 1.521196e-01 1.035905e+00 3.113497e-01 1.307716e+00 4.806469e+00 7.971169e+00 1.773913e-01 1.428335e+00 
150 3751  7.510790944531468227e+00 0 0 1.289682e+00 1.511568e-01 1.033751e+00 3.130336e-01 1.307979e+00 4.817995e+00 7.946585e+00 1.770770e-01 1.427689e+00 
151 3776  7.516913185962277311e+00 0 0 1.286286e+00 1.524225e-01 1.033845e+00 3.097198e-01 1.308308e+00 4.817043e+00 7.934198e+00 1.781069e-01 1.428684e+00 
152 3801  7.517010839072443495e+00 0 0 1.285807e+00 1.502040e-01 1.031901e+00 3.103804e-01 1.306615e+00 4.808357e+00 7.935467e+00 1.789506e-01 1.428069e+00 
153 3826  7.519152115699454519e+00 0 0 1.287291e+00 1.507878e-01 1.033135e+00 3.117533e-01 1.307282e+00 4.809305e+00 7.925817e+00 1.778244e-01 1.427895e+00 
154 3851  7.512620545774423952e+00 0 0 1.285489e+00 1.517892e-01 1.031353e+00 3.101701e-01 1.306139e+00 4.802794e+00 7.931073e+00 1.771976e-01 1.427599e+00 
155 3876  7.518541227520150194e+00 0 0 1.283334e+00 1.515067e-01 1.031820e+00 3.098570e-01 1.305945e+00 4.802577e+00 7.925182e+00 1.777909e-01 1.427994e+00 
156 3901  7.512076765060418992e+00 0 0 1.292416e+00 1.519793e-01 1.035389e+00 3.122784e-01 1.307137e+00 4.817166e+00 7.951108e+00 1.763042e-01 1.428196e+00 
157 3926  7.510485314908109444e+00 0 0 1.290121e+00 1.516107e-01 1.031969e+00 3.100451e-01 1.307258e+00 4.826291e+00 7.929528e+00 1.778478e-01 1.428082e+00 
158 3951  7.517720565472133742e+00 0 0 1.289029e+00 1.506734e-01 1.032293e+00 3.097641e-01 1.306013e+00 4.803368e+00 7.931581e+00 1.781883e-01 1.428168e+00 
159 3976  7.511610921856616940e+00 0 0 1.287949e+00 1.519717e-01 1.032307e+00 3.095714e-01 1.307793e+00 4.821411e+00 7.947331e+00 1.783131e-01 1.428255e+00 
160 4001  7.510978610068377748e+00 0 0 1.292733e+00 1.507077e-01 1.033299e+00 3.109300e-01 1.306673e+00 4.801802e+00 7.941702e+00 1.773208e-01 1.427989e+00 
161 4026  7.512645019866273088e+00 0 0 1.292337e+00 1.509876e-01 1.033310e+00 3.127352e-01 1.306548e+00 4.812079e+00 7.948342e+00 1.764865e-01 1.428331e+00 
162 4051  7.511038186494864100e+00 0 0 1.292808e+00 1.510452e-01 1.032917e+00 3.126090e-01 1.306973e+00 4.813861e+00 7.938069e+00 1.764202e-01 1.428301e+00 
163 4076  7.516515731348592411e+00 0 0 1.290317e+00 1.514248e-01 1.033237e+00 3.096754e-01 1.305699e+00 4.802760e+00 7.929091e+00 1.772454e-01 1.428405e+00 
164 4101  7.510801307432887874e+00 0 0 1.288661e+00 1.508830e-01 1.033047e+00 3.114965e-01 1.306762e+00 4.798658e+00 7.942448e+00 1.773040e-01 1.428477e+00 
165 4126  7.513008356953060130e+00 0 0 1.292243e+00 1.512176e-01 1.033361e+00 3.117321e-01 1.307369e+00 4.808309e+00 7.942766e+00 1.767946e-01 1.428157e+00 
166 4151  7.513794645158620611e+00 0 0 1.288175e+00 1.514559e-01 1.032407e+00 3.112902e-01 1.307175e+00 4.812175e+00 7.941742e+00 1.773591e-01 1.428015e+00 
167 4176  7.514186096333050457e+00 0 0 1.289862e+00 1.502253e-01 1.033035e+00 3.117095e-01 1.306316e+00 4.793028e+00 7.929068e+00 1.772375e-01 1.428083e+00 
168 4201  7.516022177477966970e+00 0 0 1.289935e+00 1.499695e-01 1.030989e+00 3.127019e-01 1.307571e+00 4.805053e+00 7.928631e+00 1.772964e-01 1.428395e+00 
169 4226  7.513038043157701296e+00 0 0 1.290203e+00 1.499843e-01 1.031123e+00 3.128881e-01 1.307080e+00 4.804698e+00 7.914459e+00 1.769726e-01 1.428341e+00 
170 4251  7.517264036506531077e+00 0 0 1.293738e+00 1.502338e-01 1.030124e+00 3.117157e-01 1.307394e+00 4.803978e+00 7.919841e+00 1.768093e-01 1.428330e+00 
171 4276  7.515016463139684966e+00 0 0 1.291134e+00 1.503729e-01 1.030391e+00 3.135776e-01 1.307640e+00 4.822243e+00 7.919717e+00 1.767036e-01 1.428302e+00 
172 4301  7.513173297887932200e+00 0 0 1.292372e+00 1.491634e-01 1.032884e+00 3.126215e-01 1.306098e+00 4.788522e+00 7.915838e+00 1.770441e-01 1.428240e+00 
173 4326  7.517719920235201414e+00 0 0 1.294654e+00 1.502331e-01 1.030945e+00 3.125434e-01 1.307533e+00 4.807395e+00 7.918955e+00 1.765143e-01 1.428419e+00 
174 4351  7.514448381261224164e+00 0 0 1.291886e+00 1.504370e-01 1.030968e+00 3.108816e-01 1.307469e+00 4.820119e+00 7.913495e+00 1.779000e-01 1.428176e+00 
175 4376  7.520203278036753147e+00 0 0 1.291619e+00 1.506298e-01 1.032537e+00 3.108213e-01 1.307184e+00 4.800959e+00 7.924042e+00 1.773781e-01 1.428371e+00 
176 4401  7.515768352996955670e+00 0 0 1.297819e+00 1.504689e-01 1.031624e+00 3.130223e-01 1.307617e+00 4.815353e+00 7.928719e+00 1.760282e-01 1.428203e+00 
177 4426  7.517361601741112231e+00 0 0 1.299138e+00 1.495741e-01 1.031335e+00 3.143100e-01 1.307450e+00 4.820268e+00 7.916903e+00 1.759853e-01 1.428190e+00 
178 4451  7.514299173465690984e+00 0 0 1.291816e+00 1.498371e-01 1.031375e+00 3.128931e-01 1.306776e+00 4.802337e+00 7.916598e+00 1.767794e-01 1.428139e+00 
179 4476  7.519310787925973294e+00 0 0 1.288468e+00 1.497746e-01 1.031583e+00 3.117559e-01 1.307191e+00 4.799214e+00 7.918328e+00 1.779927e-01 1.428156e+00 
180 4501  7.513744732634974888e+00 0 0 1.293575e+00 1.503412e-01 1.032775e+00 3.129232e-01 1.307399e+00 4.806375e+00 7.934247e+00 1.766470e-01 1.428195e+00 
181 4526  7.514201462416968624e+00 0 0 1.289818e+00 1.503906e-01 1.031981e+00 3.119058e-01 1.306918e+00 4.806189e+00 7.920154e+00 1.773048e-01 1.428559e+00 
182 4551  7.513750504537480168e+00 0 0 1.294758e+00 1.509787e-01 1.033193e+00 3.118321e-01 1.306950e+00 4.812133e+00 7.933009e+00 1.765898e-01 1.428440e+00 
183 4576  7.509785846491698003e+00 0 0 1.291436e+00 1.502124e-01 1.031143e+00 3.126707e-01 1.307010e+00 4.802238e+00 7.922142e+00 1.766804e-01 1.428154e+00 
184 4601  7.510983056812667868e+00 0 0 1.290962e+00 1.509386e-01 1.031931e+00 3.114325e-01 1.306934e+00 4.808286e+00 7.928992e+00 1.770561e-01 1.428165e+00 
185 4626  7.512975623347079690e+00 0 0 1.293089e+00 1.501733e-01 1.030875e+00 3.129342e-01 1.307870e+00 4.811839e+00 7.923388e+00 1.768830e-01 1.428345e+00 
186 4651  7.509549107468359352e+00 0 0 1.293618e+00 1.505116e-01 1.031901e+00 3.124004e-01 1.307451e+00 4.808871e+00 7.919290e+00 1.766412e-01 1.428416e+00 
187 4676  7.512513099958056273e+00 0 0 1.293284e+00 1.496983e-01 1.030965e+00 3.145560e-01 1.308455e+00 4.819619e+00 7.924497e+00 1.768866e-01 1.428227e+00 
188 4701  7.515399675906365928e+00 0 0 1.297465e+00 1.502717e-01 1.031591e+00 3.143814e-01 1.308378e+00 4.828606e+00 7.925544e+00 1.761590e-01 1.428403e+00 
189 4726  7.515269516263171745e+00 0 0 1.296626e+00 1.505949e-01 1.031553e+00 3.143863e-01 1.309158e+00 4.826955e+00 7.941278e+00 1.762559e-01 1.428456e+00 
190 4751  7.517837874762760997e+00 0 0 1.298100e+00 1.505051e-01 1.031298e+00 3.141206e-01 1.309374e+00 4.830902e+00 7.934881e+00 1.763770e-01 1.428552e+00 
191 4776  7.512106588580699906e+00 0 0 1.300978e+00 1.503094e-01 1.030735e+00 3.127804e-01 1.307901e+00 4.823300e+00 7.918365e+00 1.759859e-01 1.428304e+00 
192 4801  7.514797994597083530e+00 0 0 1.294654e+00 1.505785e-01 1.031685e+00 3.137706e-01 1.308615e+00 4.825644e+00 7.935689e+00 1.766488e-01 1.428484e+00 
193 4826  7.515803166644626110e+00 0 0 1.298204e+00 1.494454e-01 1.031088e+00 3.163200e-01 1.309433e+00 4.829416e+00 7.938058e+00 1.762249e-01 1.428724e+00 
194 4851  7.518730774352627044e+00 0 0 1.296624e+00 1.504995e-01 1.033079e+00 3.133835e-01 1.308423e+00 4.820559e+00 7.937807e+00 1.766953e-01 1.428785e+00 
195 4876  7.513510271895982306e+00 0 0 1.295171e+00 1.510177e-01 1.032311e+00 3.125678e-01 1.308858e+00 4.832181e+00 7.936950e+00 1.772207e-01 1.428414e+00 
196 4901  7.512212318328293392e+00 0 0 1.297792e+00 1.505484e-01 1.031437e+00 3.133859e-01 1.308283e+00 4.833150e+00 7.929747e+00 1.765137e-01 1.428296e+00 
197 4926  7.515418185383565763e+00 0 0 1.296503e+00 1.506373e-01 1.031500e+00 3.129161e-01 1.308561e+00 4.827515e+00 7.926622e+00 1.767784e-01 1.428417e+00 
198 4951  7.515680185464280072e+00 0 0 1.300221e+00 1.501652e-01 1.031693e+00 3.135549e-01 1.308194e+00 4.825578e+00 7.922533e+00 1.762095e-01 1.428366e+00 
199 4976  7.519809427365756527e+00 0 0 1.297013e+00 1.497651e-01 1.031072e+00 3.132723e-01 1.309100e+00 4.828511e+00 7.921986e+00 1.775232e-01 1.428423e+00 
200 5001  7.510494964281698493e+00 0 0 1.299447e+00 1.512422e-01 1.032379e+00 3.121972e-01 1.308980e+00 4.835172e+00 7.929762e+00 1.766528e-01 1.428958e+00 
201 5026  7.510425682224780353e+00 0 0 1.297722e+00 1.499245e-01 1.032024e+00 3.123141e-01 1.307880e+00 4.824214e+00 7.924076e+00 1.774205e-01 1.428362e+00 
202 5051  7.521645110016281777e+00 0 0 1.300657e+00 1.498988e-01 1.032665e+00 3.130556e-01 1.308042e+00 4.826231e+00 7.923577e+00 1.767936e-01 1.428442e+00 
203 5076  7.514779089513799804e+00 0 0 1.300065e+00 1.498479e-01 1.032601e+00 3.136371e-01 1.308259e+00 4.815162e+00 7.927136e+00 1.763191e-01 1.428565e+00 
204 5101  7.515847037851398404e+00 0 0 1.302116e+00 1.502661e-01 1.032634e+00 3.113502e-01 1.307913e+00 4.822950e+00 7.917319e+00 1.769047e-01 1.428367e+00 
205 5126  7.519305101266848368e+00 0 0 1.299264e+00 1.497973e-01 1.033065e+00 3.121473e-01 1.307174e+00 4.814163e+00 7.914254e+00 1.769063e-01 1.428349e+00 
206 5151  7.515215751033690772e+00 0 0 1.302255e+00 1.498608e-01 1.032669e+00 3.126446e-01 1.308231e+00 4.811612e+00 7.913807e+00 1.762937e-01 1.428484e+00 
207 5176  7.508761959477881831e+00 0 0 1.307913e+00 1.490949e-01 1.032735e+00 3.141735e-01 1.307967e+00 4.809199e+00 7.911302e+00 1.752435e-01 1.428408e+00 
208 5201  7.512653895537313886e+00 0 0 1.298989e+00 1.497855e-01 1.032579e+00 3.130154e-01 1.308067e+00 4.814279e+00 7.918918e+00 1.767684e-01 1.428385e+00 
209 5226  7.514984447022055036e+00 0 0 1.302082e+00 1.497289e-01 1.032672e+00 3.136249e-01 1.308525e+00 4.819136e+00 7.917246e+00 1.762944e-01 1.428493e+00 
210 5251  7.519343240908971104e+00 0 0 1.301057e+00 1.495275e-01 1.032110e+00 3.132094e-01 1.307773e+00 4.817837e+00 7.914465e+00 1.765004e-01 1.428373e+00 
211 5276  7.516213454121261961e+00 0 0 1.299668e+00 1.500056e-01 1.033093e+00 3.133176e-01 1.308129e+00 4.817952e+00 7.920985e+00 1.764887e-01 1.428571e+00 
212 5301  7.517731276684093800e+00 0 0 1.301220e+00 1.502512e-01 1.032764e+00 3.134008e-01 1.308037e+00 4.822645e+00 7.924509e+00 1.760436e-01 1.428478e+00 
213 5326  7.513300149802343064e+00 0 0 1.303776e+00 1.501377e-01 1.032807e+00 3.144917e-01 1.308935e+00 4.830580e+00 7.925036e+00 1.757179e-01 1.428524e+00 
214 5351  7.510862611974676639e+00 0 0 1.300166e+00 1.504986e-01 1.033303e+00 3.131823e-01 1.308475e+00 4.829993e+00 7.930742e+00 1.765579e-01 1.428488e+00 
215 5376  7.511620051610780280e+00 0 0 1.302075e+00 1.497351e-01 1.031830e+00 3.143970e-01 1.308654e+00 4.828681e+00 7.921915e+00 1.761122e-01 1.428505e+00 
216 5401  7.516955382966379773e+00 0 0 1.301923e+00 1.499794e-01 1.032003e+00 3.142515e-01 1.308595e+00 4.827694e+00 7.926843e+00 1.759908e-01 1.428509e+00 
217 5426  7.511085346341889846e+00 0 0 1.301295e+00 1.500308e-01 1.032114e+00 3.139008e-01 1.308476e+00 4.828373e+00 7.921472e+00 1.761900e-01 1.428491e+00 
218 5451  7.514039908562222259e+00 0 0 1.303838e+00 1.499212e-01 1.032571e+00 3.142769e-01 1.308524e+00 4.823768e+00 7.927555e+00 1.757016e-01 1.428410e+00 
219 5476  7.516615624140609242e+00 0 0 1.301741e+00 1.502501e-01 1.032658e+00 3.141699e-01 1.309082e+00 4.828536e+00 7.932179e+00 1.761001e-01 1.428432e+00 
220 5501  7.513903548734697679e+00 0 0 1.299712e+00 1.508924e-01 1.033293e+00 3.130086e-01 1.308862e+00 4.830527e+00 7.938571e+00 1.765320e-01 1.428393e+00 
221 5526  7.512747037786873250e+00 0 0 1.300658e+00 1.500286e-01 1.032716e+00 3.130482e-01 1.307849e+00 4.817443e+00 7.918599e+00 1.762757e-01 1.428492e+00 
222 5551  7.521871478862051319e+00 0 0 1.301166e+00 1.503603e-01 1.032913e+00 3.136563e-01 1.308583e+00 4.823335e+00 7.932294e+00 1.760790e-01 1.428440e+00 
223 5576  7.513954779370982884e+00 0 0 1.300806e+00 1.502552e-01 1.032921e+00 3.135847e-01 1.308490e+00 4.823599e+00 7.927078e+00 1.762222e-01 1.428419e+00 
224 5601  7.513809541785882118e+00 0 0 1.301396e+00 1.501872e-01 1.032812e+00 3.134915e-01 1.308365e+00 4.823298e+00 7.927228e+00 1.761972e-01 1.428411e+00 
225 5626  7.508312185229929270e+00 0 0 1.300731e+00 1.503058e-01 1.032625e+00 3.138094e-01 1.308389e+00 4.823709e+00 7.930549e+00 1.759890e-01 1.428337e+00 
226 5651  7.512780229077576699e+00 0 0 1.301285e+00 1.502305e-01 1.032778e+00 3.139669e-01 1.308591e+00 4.824729e+00 7.932512e+00 1.760552e-01 1.428390e+00 
227 5676  7.517787577438243218e+00 0 0 1.300276e+00 1.506836e-01 1.033392e+00 3.135658e-01 1.308664e+00 4.825631e+00 7.938409e+00 1.761458e-01 1.428355e+00 
228 5701  7.516883063175257007e+00 0 0 1.300605e+00 1.500995e-01 1.032776e+00 3.142351e-01 1.308429e+00 4.821012e+00 7.930552e+00 1.759480e-01 1.428420e+00 
229 5726  7.521977346268921671e+00 0 0 1.299953e+00 1.504812e-01 1.033473e+00 3.138221e-01 1.308876e+00 4.822660e+00 7.939041e+00 1.762407e-01 1.428407e+00 
230 5751  7.510199501989592186e+00 0 0 1.300227e+00 1.504323e-01 1.032952e+00 3.143498e-01 1.308645e+00 4.823689e+00 7.939134e+00 1.758429e-01 1.428359e+00 
231 5776  7.514240317606862618e+00 0 0 1.300245e+00 1.502767e-01 1.032717e+00 3.142872e-01 1.308867e+00 4.826038e+00 7.934253e+00 1.760887e-01 1.428438e+00 
232 5801  7.509952102524382944e+00 0 0 1.301132e+00 1.503692e-01 1.033204e+00 3.142566e-01 1.308733e+00 4.821757e+00 7.938980e+00 1.758094e-01 1.428372e+00 
233 5826  7.512819002011435821e+00 0 0 1.300952e+00 1.502841e-01 1.033084e+00 3.139885e-01 1.308521e+00 4.823230e+00 7.933371e+00 1.760068e-01 1.428390e+00 
234 5851  7.514088735557356458e+00 0 0 1.301942e+00 1.502056e-01 1.033025e+00 3.142889e-01 1.308776e+00 4.825368e+00 7.932996e+00 1.759133e-01 1.428434e+00 
235 5876  7.518313362591872995e+00 0 0 1.301807e+00 1.503487e-01 1.033329e+00 3.145654e-01 1.308997e+00 4.823586e+00 7.939705e+00 1.757217e-01 1.428417e+00 
236 5901  7.516026177983375689e+00 0 0 1.301871e+00 1.501364e-01 1.032682e+00 3.145794e-01 1.308923e+00 4.824253e+00 7.935565e+00 1.758083e-01 1.428428e+00 
237 5926  7.512506588663526941e+00 0 0 1.302425e+00 1.500749e-01 1.032724e+00 3.144624e-01 1.308767e+00 4.822823e+00 7.933284e+00 1.757513e-01 1.428412e+00 
238 5951  7.515505592647061306e+00 0 0 1.300900e+00 1.500153e-01 1.032792e+00 3.142430e-01 1.308930e+00 4.822449e+00 7.932937e+00 1.762079e-01 1.428461e+00 
239 5976  7.515257527061347531e+00 0 0 1.302342e+00 1.500668e-01 1.033142e+00 3.149015e-01 1.308800e+00 4.820597e+00 7.936861e+00 1.755618e-01 1.428457e+00 
240 6001  7.514855769655873097e+00 0 0 1.302120e+00 1.499756e-01 1.032962e+00 3.144550e-01 1.309018e+00 4.820743e+00 7.932771e+00 1.759311e-01 1.428465e+00 
241 6026  7.515121814403328493e+00 0 0 1.302187e+00 1.500322e-01 1.033061e+00 3.144903e-01 1.308895e+00 4.820011e+00 7.935196e+00 1.758334e-01 1.428439e+00 
242 6051  7.510794952512294564e+00 0 0 1.302259e+00 1.501868e-01 1.032438e+00 3.146105e-01 1.308725e+00 4.823886e+00 7.936800e+00 1.755868e-01 1.428406e+00 
243 6076  7.514650723008840849e+00 0 0 1.302285e+00 1.498782e-01 1.032365e+00 3.147208e-01 1.308532e+00 4.817889e+00 7.933529e+00 1.755265e-01 1.428414e+00 
244 6101  7.517378117532754978e+00 0 0 1.302995e+00 1.497432e-01 1.032254e+00 3.145330e-01 1.308905e+00 4.821582e+00 7.928370e+00 1.758568e-01 1.428499e+00 
245 6126  7.519762645507225507e+00 0 0 1.303495e+00 1.497492e-01 1.032503e+00 3.150868e-01 1.308879e+00 4.818327e+00 7.933835e+00 1.754477e-01 1.428430e+00 
246 6151  7.510546491976215933e+00 0 0 1.303517e+00 1.496184e-01 1.032818e+00 3.147400e-01 1.308632e+00 4.814919e+00 7.931701e+00 1.756034e-01 1.428510e+00 
247 6176  7.514130879597427537e+00 0 0 1.301689e+00 1.500523e-01 1.032487e+00 3.147541e-01 1.308727e+00 4.820260e+00 7.935436e+00 1.755927e-01 1.428464e+00 
248 6201  7.512020609701307805e+00 0 0 1.301445e+00 1.497894e-01 1.032273e+00 3.144855e-01 1.308696e+00 4.818187e+00 7.930354e+00 1.759027e-01 1.428496e+00 
249 6226  7.518987943634604321e+00 0 0 1.302043e+00 1.497850e-01 1.032128e+00 3.148890e-01 1.308807e+00 4.818580e+00 7.931590e+00 1.756394e-01 1.428473e+00 
250 6251  7.519204486656554387e+00 0 0 1.302357e+00 1.496722e-01 1.031930e+00 3.148115e-01 1.308655e+00 4.817335e+00 7.929126e+00 1.756154e-01 1.428412e+00 
251 6276  7.514281304110296489e+00 0 0 1.301939e+00 1.501457e-01 1.032769e+00 3.148412e-01 1.308867e+00 4.820475e+00 7.938772e+00 1.755396e-01 1.428484e+00 
252 6301  7.509028006375256581e+00 0 0 1.301908e+00 1.498810e-01 1.032160e+00 3.146933e-01 1.308689e+00 4.817281e+00 7.931187e+00 1.755818e-01 1.428450e+00 
253 6326  7.511013819100084810e+00 0 0 1.302060e+00 1.498503e-01 1.032618e+00 3.145149e-01 1.308704e+00 4.816784e+00 7.933035e+00 1.757628e-01 1.428486e+00 
254 6351  7.516111656019375253e+00 0 0 1.301507e+00 1.498384e-01 1.032230e+00 3.145008e-01 1.308629e+00 4.816176e+00 7.931691e+00 1.757504e-01 1.428457e+00 
255 6376  7.508554587923339518e+00 0 0 1.301783e+00 1.497265e-01 1.032094e+00 3.148124e-01 1.308602e+00 4.814632e+00 7.930792e+00 1.755599e-01 1.428446e+00 
256 6401  7.518496691356093109e+00 0 0 1.302696e+00 1.497736e-01 1.032488e+00 3.148438e-01 1.308885e+00 4.817298e+00 7.933515e+00 1.756310e-01 1.428512e+00 
257 6426  7.514983058537485938e+00 0 0 1.302468e+00 1.497794e-01 1.032351e+00 3.148934e-01 1.308935e+00 4.816939e+00 7.933190e+00 1.756029e-01 1.428494e+00 
258 6451  7.514909418439939870e+00 0 0 1.302256e+00 1.498321e-01 1.032392e+00 3.148154e-01 1.308859e+00 4.816961e+00 7.932702e+00 1.756011e-01 1.428496e+00 
259 6476  7.512595771169304548e+00 0 0 1.303207e+00 1.496845e-01 1.032347e+00 3.149717e-01 1.308908e+00 4.816707e+00 7.932516e+00 1.755300e-01 1.428506e+00 
260 6501  7.519378462733105728e+00 0 0 1.302735e+00 1.498461e-01 1.032582e+00 3.149389e-01 1.309073e+00 4.818332e+00 7.933973e+00 1.756041e-01 1.428490e+00 
261 6526  7.505676554775431164e+00 0 0 1.302739e+00 1.497748e-01 1.032652e+00 3.151235e-01 1.309276e+00 4.818841e+00 7.933795e+00 1.756515e-01 1.428549e+00 
262 6551  7.520513266241264816e+00 0 0 1.301975e+00 1.502568e-01 1.032888e+00 3.147705e-01 1.309269e+00 4.824219e+00 7.939050e+00 1.757143e-01 1.428480e+00 
263 6576  7.513013872327286791e+00 0 0 1.302566e+00 1.499839e-01 1.032562e+00 3.148844e-01 1.309150e+00 4.821127e+00 7.936188e+00 1.756390e-01 1.428491e+00 
264 6601  7.512700312628640020e+00 0 0 1.303059e+00 1.495685e-01 1.032186e+00 3.152753e-01 1.309071e+00 4.816804e+00 7.930636e+00 1.755064e-01 1.428554e+00 
265 6626  7.513044078555810579e+00 0 0 1.301800e+00 1.498075e-01 1.032686e+00 3.152446e-01 1.309154e+00 4.818815e+00 7.935131e+00 1.756696e-01 1.428548e+00 
266 6651  7.516000008072446725e+00 0 0 1.302119e+00 1.497152e-01 1.031944e+00 3.150853e-01 1.308800e+00 4.817861e+00 7.931973e+00 1.755332e-01 1.428482e+00 
267 6676  7.511190880250757651e+00 0 0 1.301129e+00 1.495902e-01 1.032005e+00 3.151580e-01 1.308848e+00 4.816802e+00 7.929009e+00 1.757292e-01 1.428551e+00 
268 6701  7.517114917457953460e+00 0 0 1.302478e+00 1.496568e-01 1.032080e+00 3.151184e-01 1.309115e+00 4.819058e+00 7.931164e+00 1.756671e-01 1.428528e+00 
269 6726  7.517178543089528375e+00 0 0 1.300840e+00 1.501767e-01 1.032677e+00 3.146348e-01 1.309041e+00 4.820767e+00 7.937896e+00 1.758203e-01 1.428524e+00 
270 6751  7.508554111011013887e+00 0 0 1.300581e+00 1.500515e-01 1.031872e+00 3.148615e-01 1.308582e+00 4.817619e+00 7.935858e+00 1.754891e-01 1.428408e+00 
271 6776  7.514312976103938446e+00 0 0 1.300839e+00 1.496752e-01 1.032025e+00 3.147078e-01 1.308703e+00 4.815647e+00 7.929197e+00 1.758371e-01 1.428516e+00 
272 6801  7.521348327655720922e+00 0 0 1.301500e+00 1.495754e-01 1.032104e+00 3.153688e-01 1.309193e+00 4.814939e+00 7.931956e+00 1.756567e-01 1.428584e+00 
273 6826  7.513662610812501086e+00 0 0 1.302711e+00 1.499244e-01 1.032371e+00 3.151307e-01 1.309248e+00 4.817952e+00 7.937490e+00 1.754608e-01 1.428518e+00 
274 6851  7.516869026394781272e+00 0 0 1.301455e+00 1.494743e-01 1.031472e+00 3.152463e-01 1.308869e+00 4.814804e+00 7.929923e+00 1.756352e-01 1.428499e+00 
275 6876  7.510050971260594288e+00 0 0 1.302445e+00 1.492461e-01 1.032219e+00 3.159965e-01 1.309550e+00 4.812597e+00 7.933076e+00 1.755616e-01 1.428673e+00 
276 6901  7.512396895803476582e+00 0 0 1.300678e+00 1.499338e-01 1.031946e+00 3.142838e-01 1.309327e+00 4.820202e+00 7.934274e+00 1.762072e-01 1.428573e+00 
277 6926  7.509337399153355186e+00 0 0 1.296697e+00 1.490557e-01 1.029732e+00 3.142804e-01 1.307396e+00 4.803009e+00 7.916089e+00 1.760263e-01 1.428419e+00 
278 6951  7.519193032072416294e+00 0 0 1.302574e+00 1.503192e-01 1.032635e+00 3.147491e-01 1.309796e+00 4.824482e+00 7.941035e+00 1.757345e-01 1.428467e+00 
279 6976  7.506893643109552983e+00 0 0 1.298242e+00 1.500965e-01 1.031519e+00 3.141215e-01 1.308732e+00 4.819170e+00 7.934452e+00 1.762155e-01 1.428393e+00 
280 7001  7.507741049818601020e+00 0 0 1.297672e+00 1.505182e-01 1.031712e+00 3.142045e-01 1.309274e+00 4.824171e+00 7.941616e+00 1.762439e-01 1.428464e+00 
281 7026  7.516596013122589959e+00 0 0 1.301894e+00 1.500104e-01 1.032069e+00 3.149339e-01 1.309610e+00 4.820526e+00 7.937993e+00 1.757347e-01 1.428560e+00 
282 7051  7.512209126328626141e+00 0 0 1.300135e+00 1.502275e-01 1.032508e+00 3.149382e-01 1.309353e+00 4.820846e+00 7.940391e+00 1.757969e-01 1.428541e+00 
283 7076  7.513774065706216199e+00 0 0 1.299426e+00 1.501107e-01 1.031798e+00 3.146807e-01 1.309172e+00 4.817866e+00 7.936575e+00 1.758693e-01 1.428451e+00 
284 7101  7.515721241374431649e+00 0 0 1.299649e+00 1.497242e-01 1.031040e+00 3.145621e-01 1.308680e+00 4.814360e+00 7.929030e+00 1.758506e-01 1.428475e+00 
285 7126  7.517433046979973277e+00 0 0 1.301038e+00 1.496821e-01 1.031257e+00 3.146925e-01 1.309293e+00 4.817376e+00 7.928910e+00 1.759290e-01 1.428528e+00 
286 7151  7.513705098960509865e+00 0 0 1.300389e+00 1.503578e-01 1.031877e+00 3.144798e-01 1.309411e+00 4.823062e+00 7.941236e+00 1.758911e-01 1.428444e+00 
287 7176  7.513634968943581960e+00 0 0 1.302286e+00 1.497841e-01 1.031504e+00 3.144820e-01 1.309242e+00 4.815591e+00 7.932389e+00 1.757532e-01 1.428524e+00 
288 7201  7.511892812457191759e+00 0 0 1.303946e+00 1.494906e-01 1.031790e+00 3.151165e-01 1.309256e+00 4.812332e+00 7.932418e+00 1.754127e-01 1.428522e+00 
289 7226  7.514253994543635962e+00 0 0 1.303413e+00 1.500091e-01 1.032347e+00 3.149936e-01 1.309778e+00 4.823922e+00 7.935957e+00 1.756953e-01 1.428554e+00 
290 7251  7.513394946189630552e+00 0 0 1.303518e+00 1.498729e-01 1.032025e+00 3.151140e-01 1.309706e+00 4.821813e+00 7.935781e+00 1.755934e-01 1.428531e+00 
291 7276  7.506972979365001741e+00 0 0 1.302813e+00 1.503767e-01 1.032650e+00 3.148602e-01 1.309696e+00 4.823732e+00 7.942322e+00 1.755325e-01 1.428508e+00 
292 7301  7.514375594578179829e+00 0 0 1.302028e+00 1.497436e-01 1.031762e+00 3.148815e-01 1.309305e+00 4.816655e+00 7.934191e+00 1.757275e-01 1.428521e+00 
293 7326  7.517768465739785633e+00 0 0 1.301606e+00 1.501626e-01 1.032157e+00 3.141024e-01 1.308943e+00 4.820657e+00 7.934540e+00 1.758801e-01 1.428506e+00 
294 7351  7.512530256514859950e+00 0 0 1.301608e+00 1.499732e-01 1.031798e+00 3.146500e-01 1.309042e+00 4.817887e+00 7.934548e+00 1.756594e-01 1.428483e+00 
295 7376  7.511630475956463826e+00 0 0 1.301753e+00 1.503060e-01 1.032060e+00 3.144549e-01 1.309134e+00 4.823653e+00 7.938491e+00 1.756990e-01 1.428426e+00 
296 7401  7.512097216403271105e+00 0 0 1.301537e+00 1.505320e-01 1.032263e+00 3.146032e-01 1.309675e+00 4.824602e+00 7.943749e+00 1.756847e-01 1.428471e+00 
297 7426  7.512992560214935445e+00 0 0 1.300578e+00 1.503056e-01 1.031012e+00 3.144154e-01 1.308831e+00 4.819804e+00 7.939169e+00 1.755228e-01 1.428366e+00 
298 7451  7.515737507299111719e+00 0 0 1.300861e+00 1.501964e-01 1.031817e+00 3.146248e-01 1.309145e+00 4.821410e+00 7.934770e+00 1.756961e-01 1.428473e+00 
299 7476  7.513916562955693657e+00 0 0 1.302475e+00 1.501729e-01 1.032252e+00 3.145897e-01 1.309398e+00 4.821296e+00 7.937376e+00 1.756539e-01 1.428514e+00 
300 7501  7.512159467020089743e+00 0 0 1.302460e+00 1.501722e-01 1.031958e+00 3.151287e-01 1.309924e+00 4.823716e+00 7.940833e+00 1.755962e-01 1.428492e+00 
301 7526  7.511699572770975664e+00 0 0 1.302080e+00 1.503188e-01 1.031864e+00 3.148893e-01 1.309538e+00 4.822598e+00 7.939222e+00 1.754524e-01 1.428439e+00 
302 7551  7.512958908467638253e+00 0 0 1.301067e+00 1.503526e-01 1.031949e+00 3.144029e-01 1.309166e+00 4.823154e+00 7.939132e+00 1.757441e-01 1.428432e+00 
303 7576  7.518622784841648254e+00 0 0 1.300985e+00 1.500839e-01 1.031925e+00 3.145227e-01 1.309278e+00 4.821535e+00 7.934017e+00 1.758892e-01 1.428498e+00 
304 7601  7.515447406673556152e+00 0 0 1.302678e+00 1.499248e-01 1.031969e+00 3.148573e-01 1.309727e+00 4.821100e+00 7.935800e+00 1.757765e-01 1.428564e+00 
305 7626  7.514849326488372228e+00 0 0 1.302443e+00 1.504545e-01 1.032344e+00 3.147223e-01 1.309692e+00 4.825505e+00 7.941788e+00 1.755843e-01 1.428467e+00 
306 7651  7.515351425230656801e+00 0 0 1.301746e+00 1.501820e-01 1.031542e+00 3.147244e-01 1.309263e+00 4.819483e+00 7.936816e+00 1.754733e-01 1.428416e+00 
307 7676  7.519464682316266746e+00 0 0 1.302455e+00 1.502728e-01 1.031879e+00 3.146395e-01 1.309299e+00 4.821718e+00 7.937079e+00 1.754613e-01 1.428431e+00 
308 7701  7.515456476042261968e+00 0 0 1.301567e+00 1.499918e-01 1.031804e+00 3.147152e-01 1.309118e+00 4.818064e+00 7.934203e+00 1.756265e-01 1.428496e+00 
309 7726  7.513667515808804431e+00 0 0 1.302669e+00 1.499864e-01 1.031809e+00 3.148198e-01 1.309334e+00 4.819047e+00 7.933534e+00 1.755033e-01 1.428508e+00 
310 7751  7.514619889430127486e+00 0 0 1.301302e+00 1.501567e-01 1.031703e+00 3.144887e-01 1.309108e+00 4.820183e+00 7.935455e+00 1.756806e-01 1.428458e+00 
311 7776  7.512684786033283935e+00 0 0 1.302385e+00 1.501342e-01 1.031987e+00 3.148026e-01 1.309505e+00 4.820040e+00 7.936631e+00 1.755490e-01 1.428489e+00 
312 7801  7.515302635454937707e+00 0 0 1.300649e+00 1.499727e-01 1.031522e+00 3.145519e-01 1.308825e+00 4.815184e+00 7.932788e+00 1.756267e-01 1.428452e+00 
313 7826  7.513797520296455978e+00 0 0 1.302831e+00 1.499272e-01 1.031934e+00 3.150472e-01 1.309420e+00 4.816350e+00 7.936406e+00 1.754027e-01 1.428492e+00 
314 7851  7.509103201129038396e+00 0 0 1.301450e+00 1.499671e-01 1.032014e+00 3.146658e-01 1.308934e+00 4.818088e+00 7.932367e+00 1.756549e-01 1.428520e+00 
315 7876  7.512667563071278920e+00 0 0 1.301421e+00 1.499739e-01 1.032046e+00 3.147140e-01 1.309143e+00 4.816532e+00 7.933201e+00 1.756512e-01 1.428517e+00 
316 7901  7.516055226697069713e+00 0 0 1.301680e+00 1.500189e-01 1.031610e+00 3.145830e-01 1.308842e+00 4.816660e+00 7.933257e+00 1.754814e-01 1.428434e+00 
317 7926  7.510982724211046069e+00 0 0 1.301302e+00 1.499106e-01 1.031949e+00 3.146481e-01 1.309093e+00 4.816348e+00 7.932545e+00 1.757243e-01 1.428517e+00 
318 7951  7.514032017473413205e+00 0 0 1.301093e+00 1.495088e-01 1.031354e+00 3.145696e-01 1.308492e+00 4.810261e+00 7.925432e+00 1.756769e-01 1.428518e+00 
319 7976  7.512346539817808200e+00 0 0 1.300851e+00 1.494716e-01 1.031483e+00 3.146433e-01 1.308767e+00 4.811567e+00 7.924746e+00 1.758512e-01 1.428567e+00 
320 8001  7.519448987152427932e+00 0 0 1.300597e+00 1.496540e-01 1.031576e+00 3.146350e-01 1.308803e+00 4.811577e+00 7.929356e+00 1.757820e-01 1.428528e+00 
321 8026  7.509793897606729551e+00 0 0 1.300640e+00 1.497774e-01 1.031478e+00 3.143810e-01 1.308535e+00 4.814392e+00 7.928040e+00 1.757564e-01 1.428512e+00 
322 8051  7.514340701993939220e+00 0 0 1.301519e+00 1.497350e-01 1.031634e+00 3.144034e-01 1.308566e+00 4.813160e+00 7.927942e+00 1.756594e-01 1.428499e+00 
323 8076  7.512657185989144892e+00 0 0 1.301474e+00 1.495765e-01 1.031545e+00 3.147961e-01 1.308942e+00 4.813649e+00 7.926524e+00 1.757222e-01 1.428550e+00 
324 8101  7.514259835613950500e+00 0 0 1.300990e+00 1.496032e-01 1.031586e+00 3.144936e-01 1.308585e+00 4.813116e+00 7.925826e+00 1.758007e-01 1.428556e+00 
325 8126  7.515582358621815118e+00 0 0 1.301241e+00 1.496819e-01 1.031574e+00 3.143286e-01 1.308618e+00 4.813066e+00 7.926944e+00 1.757913e-01 1.428495e+00 
326 8151  7.514296477609129887e+00 0 0 1.300366e+00 1.496542e-01 1.031550e+00 3.141490e-01 1.308030e+00 4.811415e+00 7.925115e+00 1.757856e-01 1.428505e+00 
327 8176  7.514342188121512223e+00 0 0 1.300171e+00 1.498300e-01 1.031579e+00 3.139646e-01 1.307982e+00 4.813333e+00 7.926926e+00 1.758076e-01 1.428465e+00 
328 8201  7.514372025363153185e+00 0 0 1.301611e+00 1.496265e-01 1.031670e+00 3.145629e-01 1.308529e+00 4.811674e+00 7.927218e+00 1.756177e-01 1.428531e+00 
329 8226  7.516593737731670721e+00 0 0 1.300202e+00 1.498100e-01 1.031417e+00 3.139405e-01 1.307824e+00 4.811028e+00 7.925422e+00 1.756770e-01 1.428435e+00 
330 8251  7.515141902992461986e+00 0 0 1.300394e+00 1.499798e-01 1.031593e+00 3.139478e-01 1.308034e+00 4.812031e+00 7.929567e+00 1.756415e-01 1.428418e+00 
331 8276  7.517187033574018962e+00 0 0 1.302192e+00 1.494597e-01 1.031679e+00 3.147819e-01 1.308957e+00 4.810655e+00 7.927290e+00 1.756852e-01 1.428581e+00 
332 8301  7.517023034845152551e+00 0 0 1.302851e+00 1.495207e-01 1.032116e+00 3.147840e-01 1.309367e+00 4.813513e+00 7.928430e+00 1.758183e-01 1.428613e+00 
333 8326  7.515952570248066067e+00 0 0 1.300742e+00 1.496736e-01 1.032010e+00 3.141043e-01 1.307951e+00 4.810232e+00 7.925296e+00 1.757518e-01 1.428521e+00 
334 8351  7.519746157749383819e+00 0 0 1.300968e+00 1.496334e-01 1.031491e+00 3.145628e-01 1.308759e+00 4.809457e+00 7.928185e+00 1.756856e-01 1.428502e+00 
335 8376  7.511746124041698280e+00 0 0 1.301172e+00 1.500186e-01 1.031989e+00 3.143614e-01 1.308891e+00 4.815631e+00 7.933435e+00 1.757293e-01 1.428505e+00 
336 8401  7.520589699850407150e+00 0 0 1.301701e+00 1.497466e-01 1.031901e+00 3.145666e-01 1.309115e+00 4.813028e+00 7.930796e+00 1.757674e-01 1.428533e+00 
337 8426  7.507544494540300484e+00 0 0 1.302060e+00 1.499687e-01 1.032036e+00 3.146637e-01 1.309386e+00 4.815559e+00 7.935522e+00 1.756672e-01 1.428518e+00 
338 8451  7.514391539865008518e+00 0 0 1.302014e+00 1.498138e-01 1.032144e+00 3.144559e-01 1.308885e+00 4.813892e+00 7.930651e+00 1.757094e-01 1.428534e+00 
339 8476  7.513795196995632253e+00 0 0 1.301857e+00 1.499977e-01 1.031992e+00 3.144955e-01 1.308954e+00 4.814075e+00 7.933913e+00 1.755487e-01 1.428477e+00 
340 8501  7.516882940989598971e+00 0 0 1.301720e+00 1.501936e-01 1.031946e+00 3.143905e-01 1.309017e+00 4.819412e+00 7.934886e+00 1.756223e-01 1.428472e+00 
341 8526  7.509171474277914982e+00 0 0 1.302132e+00 1.499333e-01 1.031958e+00 3.144994e-01 1.308880e+00 4.814394e+00 7.932793e+00 1.755572e-01 1.428507e+00 
342 8551  7.509885162195188535e+00 0 0 1.302573e+00 1.498508e-01 1.031929e+00 3.146334e-01 1.309154e+00 4.814680e+00 7.931756e+00 1.755816e-01 1.428544e+00 
343 8576  7.512592834608120995e+00 0 0 1.302070e+00 1.495793e-01 1.031914e+00 3.142876e-01 1.308159e+00 4.810302e+00 7.923934e+00 1.755980e-01 1.428546e+00 
344 8601  7.507022261157719534e+00 0 0 1.301865e+00 1.497758e-01 1.031817e+00 3.143558e-01 1.308445e+00 4.811671e+00 7.926954e+00 1.755320e-01 1.428510e+00 
345 8626  7.510772191454735847e+00 0 0 1.303033e+00 1.495412e-01 1.031788e+00 3.145519e-01 1.308652e+00 4.812060e+00 7.924157e+00 1.755437e-01 1.428570e+00 
346 8651  7.515559787913575818e+00 0 0 1.302093e+00 1.496414e-01 1.031410e+00 3.146123e-01 1.308880e+00 4.812378e+00 7.926374e+00 1.755855e-01 1.428543e+00 
347 8676  7.510854240138778337e+00 0 0 1.303204e+00 1.499977e-01 1.031844e+00 3.146357e-01 1.309358e+00 4.817275e+00 7.933283e+00 1.754694e-01 1.428503e+00 
348 8701  7.516845839966637577e+00 0 0 1.303564e+00 1.498582e-01 1.032098e+00 3.147433e-01 1.309534e+00 4.817105e+00 7.933480e+00 1.756018e-01 1.428580e+00 
349 8726  7.504648268178772064e+00 0 0 1.301830e+00 1.498149e-01 1.031828e+00 3.144212e-01 1.309126e+00 4.812419e+00 7.931765e+00 1.757435e-01 1.428543e+00 
350 8751  7.509881988618520410e+00 0 0 1.303172e+00 1.504184e-01 1.031932e+00 3.145379e-01 1.309999e+00 4.822078e+00 7.940303e+00 1.755492e-01 1.428520e+00 
351 8776  7.503982663955945043e+00 0 0 1.302522e+00 1.502023e-01 1.031548e+00 3.144290e-01 1.309253e+00 4.819818e+00 7.934237e+00 1.754938e-01 1.428477e+00 
352 8801  7.504474456373808167e+00 0 0 1.302465e+00 1.503324e-01 1.031810e+00 3.144914e-01 1.309437e+00 4.821525e+00 7.936631e+00 1.755088e-01 1.428462e+00 
353 8826  7.514427639998206843e+00 0 0 1.302546e+00 1.503867e-01 1.031778e+00 3.147083e-01 1.310019e+00 4.824829e+00 7.938453e+00 1.756343e-01 1.428510e+00 
354 8851  7.513224907946963071e+00 0 0 1.303542e+00 1.501075e-01 1.031637e+00 3.146193e-01 1.309565e+00 4.820749e+00 7.934131e+00 1.754800e-01 1.428507e+00 
355 8876  7.512148059945486622e+00 0 0 1.303524e+00 1.498516e-01 1.031533e+00 3.144771e-01 1.308940e+00 4.817656e+00 7.926992e+00 1.754459e-01 1.428532e+00 
356 8901  7.516682525166665130e+00 0 0 1.301803e+00 1.503703e-01 1.031405e+00 3.144802e-01 1.309861e+00 4.822302e+00 7.938838e+00 1.756846e-01 1.428479e+00 
357 8926  7.511581832797916469e+00 0 0 1.303872e+00 1.506487e-01 1.031792e+00 3.148120e-01 1.310557e+00 4.830781e+00 7.942868e+00 1.755029e-01 1.428498e+00 
358 8951  7.492477607356703651e+00 0 0 1.302630e+00 1.502441e-01 1.032028e+00 3.146480e-01 1.309717e+00 4.822857e+00 7.937844e+00 1.756605e-01 1.428534e+00 
359 8976  7.506663191035108262e+00 0 0 1.303327e+00 1.504642e-01 1.031971e+00 3.145731e-01 1.309764e+00 4.825898e+00 7.939296e+00 1.754880e-01 1.428483e+00 
360 9001  7.514212073131247394e+00 0 0 1.303714e+00 1.506445e-01 1.031858e+00 3.147729e-01 1.310642e+00 4.829909e+00 7.944444e+00 1.755692e-01 1.428514e+00 
361 9026  7.507792843326539511e+00 0 0 1.303467e+00 1.509725e-01 1.032108e+00 3.145952e-01 1.310705e+00 4.834731e+00 7.948053e+00 1.756134e-01 1.428464e+00 
362 9051  7.515182594260583215e+00 0 0 1.303427e+00 1.505397e-01 1.031960e+00 3.146907e-01 1.310389e+00 4.828962e+00 7.942295e+00 1.756517e-01 1.428518e+00 
363 9076  7.509460233120914374e+00 0 0 1.303702e+00 1.504414e-01 1.032192e+00 3.146881e-01 1.310226e+00 4.826770e+00 7.941496e+00 1.756234e-01 1.428546e+00 
364 9101  7.513540843469731279e+00 0 0 1.303935e+00 1.508258e-01 1.032285e+00 3.144454e-01 1.310256e+00 4.832181e+00 7.945208e+00 1.755626e-01 1.428507e+00 
365 9126  7.512067781621051488e+00 0 0 1.304252e+00 1.509119e-01 1.032316e+00 3.145968e-01 1.310825e+00 4.835435e+00 7.947945e+00 1.756471e-01 1.428516e+00 
366 9151  7.513567145563803784e+00 0 0 1.302856e+00 1.509043e-01 1.032145e+00 3.146282e-01 1.310632e+00 4.834822e+00 7.947706e+00 1.757349e-01 1.428487e+00 
367 9176  7.511652112662987157e+00 0 0 1.302452e+00 1.506940e-01 1.031736e+00 3.142463e-01 1.309813e+00 4.828693e+00 7.941930e+00 1.756513e-01 1.428459e+00 
368 9201  7.515058239210212321e+00 0 0 1.302958e+00 1.508397e-01 1.031702e+00 3.146422e-01 1.310429e+00 4.831457e+00 7.946653e+00 1.755250e-01 1.428431e+00 
369 9226  7.512441039001414467e+00 0 0 1.304172e+00 1.508638e-01 1.032201e+00 3.145599e-01 1.310315e+00 4.833975e+00 7.945414e+00 1.754820e-01 1.428477e+00 
370 9251  7.512145999465863255e+00 0 0 1.303918e+00 1.507807e-01 1.031803e+00 3.146731e-01 1.310546e+00 4.832931e+00 7.944903e+00 1.755124e-01 1.428459e+00 
371 9276  7.515787820438299072e+00 0 0 1.303476e+00 1.507698e-01 1.032049e+00 3.148491e-01 1.310868e+00 4.834621e+00 7.946150e+00 1.756961e-01 1.428491e+00 
372 9301  7.516421011788206208e+00 0 0 1.303951e+00 1.506107e-01 1.031639e+00 3.146216e-01 1.310169e+00 4.830891e+00 7.940304e+00 1.754605e-01 1.428469e+00 
373 9326  7.512972459971815731e+00 0 0 1.304035e+00 1.509109e-01 1.032156e+00 3.146620e-01 1.310757e+00 4.835003e+00 7.948022e+00 1.755855e-01 1.428486e+00 
374 9351  7.506561118890417106e+00 0 0 1.304736e+00 1.511168e-01 1.032083e+00 3.146688e-01 1.310724e+00 4.838911e+00 7.948880e+00 1.753771e-01 1.428442e+00 
375 9376  7.518930940533439689e+00 0 0 1.305221e+00 1.511692e-01 1.032272e+00 3.149660e-01 1.311476e+00 4.842529e+00 7.952156e+00 1.754944e-01 1.428491e+00 
376 9401  7.510358923141459364e+00 0 0 1.303491e+00 1.507590e-01 1.031980e+00 3.147692e-01 1.310585e+00 4.833253e+00 7.945132e+00 1.756068e-01 1.428498e+00 
377 9426  7.514845409538250642e+00 0 0 1.303108e+00 1.509641e-01 1.031808e+00 3.146320e-01 1.310672e+00 4.835607e+00 7.948109e+00 1.756216e-01 1.428444e+00 
378 9451  7.514627096067579615e+00 0 0 1.303545e+00 1.510998e-01 1.031999e+00 3.148569e-01 1.311240e+00 4.839397e+00 7.951871e+00 1.756567e-01 1.428477e+00 
379 9476  7.510820532471831790e+00 0 0 1.304655e+00 1.507822e-01 1.032070e+00 3.148403e-01 1.310710e+00 4.836592e+00 7.944413e+00 1.755205e-01 1.428507e+00 
380 9501  7.508484409125842696e+00 0 0 1.304355e+00 1.510806e-01 1.032343e+00 3.146835e-01 1.310742e+00 4.837616e+00 7.949663e+00 1.754797e-01 1.428478e+00 
381 9526  7.515543582139514456e+00 0 0 1.303296e+00 1.510395e-01 1.031947e+00 3.145784e-01 1.310486e+00 4.835994e+00 7.947712e+00 1.755230e-01 1.428449e+00 
382 9551  7.515416496530138879e+00 0 0 1.303085e+00 1.510161e-01 1.031830e+00 3.143681e-01 1.310074e+00 4.835005e+00 7.945861e+00 1.754984e-01 1.428428e+00 
383 9576  7.507241166985171077e+00 0 0 1.304604e+00 1.512054e-01 1.032231e+00 3.149811e-01 1.311565e+00 4.842762e+00 7.953342e+00 1.755874e-01 1.428512e+00 
384 9601  7.499843129645660689e+00 0 0 1.303745e+00 1.511065e-01 1.032118e+00 3.147009e-01 1.310796e+00 4.838735e+00 7.950698e+00 1.755543e-01 1.428458e+00 
385 9626  7.505651742225056822e+00 0 0 1.304586e+00 1.509878e-01 1.031792e+00 3.147491e-01 1.311010e+00 4.838902e+00 7.948172e+00 1.755205e-01 1.428470e+00 
386 9651  7.513303689981712274e+00 0 0 1.303274e+00 1.510052e-01 1.031912e+00 3.148392e-01 1.310781e+00 4.837146e+00 7.949494e+00 1.755609e-01 1.428472e+00 
387 9676  7.506546768850482998e+00 0 0 1.304274e+00 1.509536e-01 1.032131e+00 3.150145e-01 1.311303e+00 4.837012e+00 7.950981e+00 1.755723e-01 1.428519e+00 
388 9701  7.505744261087962776e+00 0 0 1.303975e+00 1.507285e-01 1.031956e+00 3.146737e-01 1.310575e+00 4.834308e+00 7.943824e+00 1.756300e-01 1.428516e+00 
389 9726  7.514840115278714983e+00 0 0 1.303102e+00 1.507122e-01 1.031977e+00 3.149037e-01 1.310813e+00 4.833162e+00 7.946357e+00 1.757164e-01 1.428536e+00 
390 9751  7.513969047126050071e+00 0 0 1.303290e+00 1.507270e-01 1.032198e+00 3.147723e-01 1.310646e+00 4.831868e+00 7.946581e+00 1.756867e-01 1.428524e+00 
391 9776  7.515134130639558485e+00 0 0 1.303827e+00 1.506850e-01 1.032126e+00 3.149051e-01 1.310737e+00 4.833432e+00 7.945430e+00 1.756395e-01 1.428556e+00 
392 9801  7.520552798078920631e+00 0 0 1.303841e+00 1.510290e-01 1.032497e+00 3.147770e-01 1.310678e+00 4.837054e+00 7.949800e+00 1.755495e-01 1.428518e+00 
393 9826  7.517828811059492189e+00 0 0 1.303590e+00 1.506920e-01 1.032085e+00 3.148337e-01 1.310631e+00 4.834254e+00 7.945391e+00 1.756879e-01 1.428551e+00 
394 9851  7.510831509578501652e+00 0 0 1.302784e+00 1.507742e-01 1.032104e+00 3.148780e-01 1.310918e+00 4.835322e+00 7.948100e+00 1.758494e-01 1.428555e+00 
395 9876  7.515814557969078713e+00 0 0 1.302871e+00 1.506966e-01 1.031890e+00 3.148306e-01 1.310810e+00 4.835288e+00 7.945943e+00 1.758566e-01 1.428567e+00 
396 9901  7.516857284397914007e+00 0 0 1.303839e+00 1.510606e-01 1.032296e+00 3.150237e-01 1.311380e+00 4.837794e+00 7.953319e+00 1.756260e-01 1.428530e+00 
397 9926  7.508533337137010655e+00 0 0 1.302702e+00 1.506281e-01 1.031841e+00 3.149599e-01 1.310895e+00 4.833151e+00 7.946349e+00 1.758357e-01 1.428582e+00 
398 9951  7.513029722499782181e+00 0 0 1.303549e+00 1.508899e-01 1.032161e+00 3.148013e-01 1.311017e+00 4.836991e+00 7.949622e+00 1.757668e-01 1.428561e+00 
399 9976  7.511846984908039815e+00 0 0 1.303006e+00 1.508592e-01 1.032069e+00 3.145834e-01 1.310514e+00 4.834115e+00 7.946775e+00 1.757101e-01 1.428518e+00 
400 10001  7.512391053209113601e+00 0 0 1.302593e+00 1.508498e-01 1.032098e+00 3.144886e-01 1.310238e+00 4.834189e+00 7.946256e+00 1.757489e-01 1.428521e+00 
401 10026  7.518868787124237230e+00 0 0 1.303386e+00 1.509537e-01 1.032083e+00 3.148772e-01 1.311002e+00 4.838432e+00 7.950147e+00 1.757158e-01 1.428537e+00 
402 10051  7.512387469573778453e+00 0 0 1.303513e+00 1.510626e-01 1.032145e+00 3.148462e-01 1.311102e+00 4.840843e+00 7.951405e+00 1.757336e-01 1.428534e+00 
403 10076  7.510100580205546272e+00 0 0 1.302827e+00 1.509840e-01 1.032143e+00 3.147472e-01 1.310936e+00 4.837136e+00 7.950329e+00 1.757919e-01 1.428529e+00 
404 10101  7.508384651137708587e+00 0 0 1.301640e+00 1.508767e-01 1.032000e+00 3.146775e-01 1.310591e+00 4.833702e+00 7.948768e+00 1.758609e-01 1.428538e+00 
405 10126  7.515169028754977276e+00 0 0 1.301643e+00 1.508820e-01 1.031893e+00 3.145612e-01 1.310421e+00 4.834953e+00 7.947187e+00 1.758745e-01 1.428525e+00 
406 10151  7.514199256819536821e+00 0 0 1.302337e+00 1.510597e-01 1.031897e+00 3.146208e-01 1.310581e+00 4.837488e+00 7.949278e+00 1.757067e-01 1.428492e+00 
407 10176  7.510016504685813388e+00 0 0 1.302230e+00 1.508624e-01 1.031879e+00 3.144874e-01 1.310317e+00 4.834433e+00 7.945760e+00 1.757842e-01 1.428512e+00 
408 10201  7.515158931321876068e+00 0 0 1.302593e+00 1.509209e-01 1.032205e+00 3.146407e-01 1.310660e+00 4.836946e+00 7.948881e+00 1.758539e-01 1.428552e+00 
409 10226  7.511540995970666046e+00 0 0 1.301407e+00 1.507005e-01 1.031736e+00 3.144538e-01 1.310228e+00 4.832026e+00 7.944150e+00 1.759469e-01 1.428535e+00 
410 10251  7.511934707437569969e+00 0 0 1.301727e+00 1.509891e-01 1.032017e+00 3.146468e-01 1.310740e+00 4.837589e+00 7.950243e+00 1.759351e-01 1.428538e+00 
411 10276  7.514920348604794853e+00 0 0 1.301968e+00 1.510629e-01 1.032170e+00 3.146139e-01 1.310771e+00 4.838642e+00 7.951391e+00 1.759178e-01 1.428536e+00 
412 10301  7.517793980205517812e+00 0 0 1.301230e+00 1.508541e-01 1.031800e+00 3.146353e-01 1.310703e+00 4.834655e+00 7.948212e+00 1.759937e-01 1.428543e+00 
413 10326  7.512052281692857214e+00 0 0 1.301565e+00 1.509086e-01 1.032001e+00 3.145936e-01 1.310569e+00 4.835252e+00 7.948516e+00 1.759205e-01 1.428534e+00 
414 10351  7.514169375985955135e+00 0 0 1.301825e+00 1.508041e-01 1.031912e+00 3.145676e-01 1.310439e+00 4.834793e+00 7.946159e+00 1.759170e-01 1.428541e+00 
415 10376  7.514039217958304206e+00 0 0 1.301848e+00 1.506279e-01 1.032068e+00 3.143624e-01 1.309925e+00 4.831118e+00 7.942528e+00 1.759214e-01 1.428549e+00 
416 10401  7.512112888161823321e+00 0 0 1.301368e+00 1.507781e-01 1.031878e+00 3.143875e-01 1.310124e+00 4.832148e+00 7.945681e+00 1.759119e-01 1.428515e+00 
417 10426  7.510239034300345118e+00 0 0 1.302289e+00 1.507468e-01 1.032095e+00 3.146762e-01 1.310576e+00 4.834479e+00 7.946358e+00 1.759085e-01 1.428573e+00 
418 10451  7.515442933807477743e+00 0 0 1.302181e+00 1.505238e-01 1.032122e+00 3.145763e-01 1.310254e+00 4.831454e+00 7.943378e+00 1.759851e-01 1.428598e+00 
419 10476  7.516346332654626927e+00 0 0 1.302630e+00 1.506810e-01 1.032160e+00 3.146751e-01 1.310472e+00 4.833459e+00 7.945478e+00 1.758621e-01 1.428579e+00 
420 10501  7.517187859137368200e+00 0 0 1.301180e+00 1.505329e-01 1.032059e+00 3.145554e-01 1.310296e+00 4.832177e+00 7.944039e+00 1.761667e-01 1.428609e+00 
421 10526  7.513806334550038102e+00 0 0 1.301506e+00 1.506005e-01 1.031805e+00 3.145053e-01 1.310111e+00 4.831479e+00 7.943615e+00 1.759531e-01 1.428559e+00 
422 10551  7.513329223185318817e+00 0 0 1.301122e+00 1.507426e-01 1.031832e+00 3.141771e-01 1.309622e+00 4.833389e+00 7.942785e+00 1.759465e-01 1.428534e+00 
423 10576  7.517391156009468389e+00 0 0 1.302459e+00 1.508783e-01 1.032212e+00 3.142379e-01 1.309907e+00 4.835653e+00 7.945744e+00 1.758255e-01 1.428535e+00 
424 10601  7.510389613512487905e+00 0 0 1.301988e+00 1.507920e-01 1.031975e+00 3.144651e-01 1.310071e+00 4.834962e+00 7.944945e+00 1.758507e-01 1.428543e+00 
425 10626  7.512210299361482768e+00 0 0 1.301544e+00 1.510602e-01 1.031973e+00 3.143402e-01 1.310086e+00 4.837593e+00 7.948293e+00 1.758244e-01 1.428504e+00 
426 10651  7.513574528026963684e+00 0 0 1.301488e+00 1.506908e-01 1.031989e+00 3.143778e-01 1.310018e+00 4.832763e+00 7.944438e+00 1.759819e-01 1.428555e+00 
427 10676  7.516798529450579025e+00 0 0 1.302003e+00 1.509638e-01 1.032234e+00 3.144187e-01 1.310340e+00 4.837072e+00 7.948994e+00 1.759223e-01 1.428541e+00 
428 10701  7.512735546311545498e+00 0 0 1.302085e+00 1.509638e-01 1.032132e+00 3.143606e-01 1.310175e+00 4.837759e+00 7.947851e+00 1.758849e-01 1.428535e+00 
429 10726  7.516080106033561137e+00 0 0 1.302223e+00 1.508280e-01 1.032014e+00 3.145148e-01 1.310325e+00 4.835564e+00 7.946266e+00 1.758643e-01 1.428535e+00 
430 10751  7.508252155715491760e+00 0 0 1.302380e+00 1.510960e-01 1.032169e+00 3.144480e-01 1.310488e+00 4.838663e+00 7.949920e+00 1.758117e-01 1.428508e+00 
431 10776  7.514798853139567747e+00 0 0 1.303280e+00 1.511570e-01 1.032559e+00 3.145225e-01 1.310642e+00 4.840430e+00 7.952323e+00 1.757625e-01 1.428542e+00 
432 10801  7.511375470479982219e+00 0 0 1.301923e+00 1.509726e-01 1.031985e+00 3.143411e-01 1.310265e+00 4.836502e+00 7.947528e+00 1.758759e-01 1.428509e+00 
433 10826  7.509645949359509132e+00 0 0 1.301949e+00 1.507285e-01 1.032154e+00 3.143760e-01 1.310066e+00 4.833498e+00 7.945014e+00 1.759473e-01 1.428555e+00 
434 10851  7.508789711664619837e+00 0 0 1.301951e+00 1.507494e-01 1.031917e+00 3.144371e-01 1.310120e+00 4.834302e+00 7.944444e+00 1.758935e-01 1.428537e+00 
435 10876  7.515032207888403093e+00 0 0 1.301823e+00 1.505099e-01 1.031850e+00 3.145173e-01 1.310078e+00 4.830137e+00 7.941952e+00 1.759348e-01 1.428567e+00 
436 10901  7.509284264672478670e+00 0 0 1.301817e+00 1.507085e-01 1.032111e+00 3.143743e-01 1.310037e+00 4.833417e+00 7.944431e+00 1.759633e-01 1.428563e+00 
437 10926  7.514994148059473744e+00 0 0 1.301731e+00 1.507952e-01 1.031892e+00 3.144599e-01 1.310203e+00 4.834542e+00 7.945611e+00 1.759058e-01 1.428534e+00 
438 10951  7.508674286945629994e+00 0 0 1.301412e+00 1.506229e-01 1.031871e+00 3.143245e-01 1.309820e+00 4.829997e+00 7.942108e+00 1.759068e-01 1.428540e+00 
439 10976  7.520768154337337030e+00 0 0 1.302610e+00 1.508833e-01 1.032044e+00 3.145206e-01 1.310405e+00 4.836463e+00 7.946914e+00 1.758130e-01 1.428533e+00 
440 11001  7.518317019250609690e+00 0 0 1.302554e+00 1.508504e-01 1.032150e+00 3.145391e-01 1.310412e+00 4.835540e+00 7.947267e+00 1.758365e-01 1.428549e+00 
441 11026  7.511933898039112378e+00 0 0 1.302134e+00 1.507610e-01 1.032035e+00 3.145442e-01 1.310370e+00 4.834025e+00 7.946254e+00 1.758996e-01 1.428560e+00 
442 11051  7.512327520853220086e+00 0 0 1.302057e+00 1.508847e-01 1.032065e+00 3.144840e-01 1.310361e+00 4.836543e+00 7.947461e+00 1.759092e-01 1.428548e+00 
443 11076  7.516268032709824354e+00 0 0 1.302539e+00 1.508777e-01 1.032164e+00 3.145642e-01 1.310505e+00 4.836137e+00 7.948157e+00 1.758580e-01 1.428554e+00 
444 11101  7.509663314960744351e+00 0 0 1.301990e+00 1.508206e-01 1.032072e+00 3.145027e-01 1.310342e+00 4.834812e+00 7.946775e+00 1.759110e-01 1.428557e+00 
445 11126  7.511835945448522622e+00 0 0 1.301736e+00 1.508772e-01 1.031868e+00 3.143852e-01 1.310202e+00 4.834831e+00 7.946228e+00 1.758738e-01 1.428521e+00 
446 11151  7.513415367756973495e+00 0 0 1.301434e+00 1.506759e-01 1.031693e+00 3.143841e-01 1.309967e+00 4.831731e+00 7.942466e+00 1.758958e-01 1.428530e+00 
447 11176  7.510441818904698863e+00 0 0 1.301954e+00 1.507457e-01 1.031949e+00 3.146728e-01 1.310614e+00 4.834880e+00 7.946860e+00 1.759674e-01 1.428574e+00 
448 11201  7.515657651821708640e+00 0 0 1.301687e+00 1.510329e-01 1.032019e+00 3.144025e-01 1.310357e+00 4.837509e+00 7.949259e+00 1.758959e-01 1.428521e+00 
449 11226  7.519226081594985622e+00 0 0 1.301655e+00 1.510574e-01 1.032118e+00 3.144227e-01 1.310473e+00 4.837791e+00 7.950580e+00 1.759350e-01 1.428537e+00 
450 11251  7.520971274854818311e+00 0 0 1.302026e+00 1.507790e-01 1.032196e+00 3.146268e-01 1.310571e+00 4.834391e+00 7.948135e+00 1.759681e-01 1.428581e+00 
451 11276  7.512990221026841553e+00 0 0 1.301831e+00 1.508724e-01 1.032063e+00 3.145314e-01 1.310383e+00 4.835919e+00 7.947669e+00 1.759207e-01 1.428560e+00 
452 11301  7.520308921617695930e+00 0 0 1.302752e+00 1.509025e-01 1.032162e+00 3.145547e-01 1.310401e+00 4.838163e+00 7.947210e+00 1.758325e-01 1.428554e+00 
453 11326  7.509565483301646083e+00 0 0 1.303107e+00 1.508536e-01 1.032261e+00 3.146032e-01 1.310519e+00 4.837246e+00 7.947646e+00 1.758266e-01 1.428558e+00 
454 11351  7.515547858507010126e+00 0 0 1.302659e+00 1.510060e-01 1.032288e+00 3.146908e-01 1.310918e+00 4.839213e+00 7.951701e+00 1.759152e-01 1.428573e+00 
455 11376  7.511243062243551982e+00 0 0 1.302758e+00 1.510987e-01 1.032351e+00 3.145830e-01 1.310692e+00 4.840611e+00 7.951651e+00 1.758484e-01 1.428552e+00 
456 11401  7.506393674436675489e+00 0 0 1.303284e+00 1.508733e-01 1.032368e+00 3.146444e-01 1.310635e+00 4.838452e+00 7.948459e+00 1.758563e-01 1.428579e+00 
457 11426  7.515680846172969609e+00 0 0 1.303009e+00 1.511717e-01 1.032656e+00 3.146004e-01 1.310896e+00 4.841883e+00 7.954203e+00 1.759016e-01 1.428573e+00 
458 11451  7.512333871960840348e+00 0 0 1.302630e+00 1.509937e-01 1.032033e+00 3.145414e-01 1.310487e+00 4.838864e+00 7.948473e+00 1.758023e-01 1.428528e+00 
459 11476  7.504603187086019922e+00 0 0 1.302475e+00 1.510713e-01 1.032375e+00 3.144658e-01 1.310502e+00 4.838861e+00 7.951436e+00 1.758685e-01 1.428542e+00 
460 11501  7.523274539628821422e+00 0 0 1.302692e+00 1.510436e-01 1.032196e+00 3.143802e-01 1.310283e+00 4.839419e+00 7.949050e+00 1.758092e-01 1.428520e+00 
461 11526  7.516352572355069483e+00 0 0 1.301032e+00 1.507596e-01 1.031788e+00 3.145180e-01 1.310394e+00 4.832863e+00 7.946527e+00 1.760138e-01 1.428558e+00 
462 11551  7.516762502325639694e+00 0 0 1.301558e+00 1.508861e-01 1.032038e+00 3.144363e-01 1.310314e+00 4.834289e+00 7.948299e+00 1.759247e-01 1.428549e+00 
463 11576  7.512289909901372020e+00 0 0 1.301159e+00 1.509131e-01 1.031996e+00 3.144390e-01 1.310398e+00 4.835113e+00 7.949202e+00 1.760073e-01 1.428555e+00 
464 11601  7.510053335576636790e+00 0 0 1.301330e+00 1.508887e-01 1.031999e+00 3.144488e-01 1.310362e+00 4.834277e+00 7.948629e+00 1.759605e-01 1.428542e+00 
465 11626  7.514912460932229088e+00 0 0 1.300896e+00 1.508787e-01 1.031720e+00 3.142806e-01 1.309992e+00 4.834050e+00 7.945971e+00 1.759365e-01 1.428511e+00 
466 11651  7.517285525365647203e+00 0 0 1.300834e+00 1.508302e-01 1.031881e+00 3.145078e-01 1.310485e+00 4.833079e+00 7.948762e+00 1.760438e-01 1.428561e+00 
467 11676  7.512097272366302647e+00 0 0 1.301297e+00 1.509517e-01 1.031786e+00 3.143642e-01 1.310193e+00 4.834766e+00 7.947693e+00 1.758705e-01 1.428510e+00 
468 11701  7.517498887383931461e+00 0 0 1.301372e+00 1.508645e-01 1.031969e+00 3.145990e-01 1.310625e+00 4.834361e+00 7.949546e+00 1.759855e-01 1.428564e+00 
469 11726  7.505661396536326357e+00 0 0 1.302297e+00 1.509427e-01 1.032136e+00 3.145025e-01 1.310446e+00 4.835509e+00 7.949069e+00 1.758260e-01 1.428536e+00 
470 11751  7.521916570347585207e+00 0 0 1.301999e+00 1.508746e-01 1.031941e+00 3.144612e-01 1.310264e+00 4.835241e+00 7.946807e+00 1.758463e-01 1.428529e+00 
471 11776  7.515180902809744268e+00 0 0 1.300982e+00 1.507923e-01 1.031719e+00 3.143000e-01 1.309982e+00 4.832192e+00 7.945064e+00 1.759315e-01 1.428515e+00 
472 11801  7.514972624873132112e+00 0 0 1.301884e+00 1.508673e-01 1.031927e+00 3.145117e-01 1.310380e+00 4.835691e+00 7.947230e+00 1.758943e-01 1.428534e+00 
473 11826  7.509135736607382761e+00 0 0 1.301889e+00 1.508702e-01 1.032026e+00 3.146073e-01 1.310556e+00 4.835520e+00 7.948645e+00 1.759161e-01 1.428553e+00 
474 11851  7.517417035570572281e+00 0 0 1.301914e+00 1.509328e-01 1.031980e+00 3.145172e-01 1.310417e+00 4.836557e+00 7.948378e+00 1.758772e-01 1.428537e+00 
475 11876  7.514548177467649026e+00 0 0 1.301277e+00 1.508589e-01 1.031752e+00 3.144574e-01 1.310262e+00 4.834025e+00 7.946821e+00 1.759015e-01 1.428522e+00 
476 11901  7.511607804094123431e+00 0 0 1.302126e+00 1.509664e-01 1.032078e+00 3.145707e-01 1.310560e+00 4.837008e+00 7.949786e+00 1.758693e-01 1.428535e+00 
477 11926  7.514035334556984580e+00 0 0 1.302032e+00 1.509758e-01 1.031923e+00 3.143203e-01 1.310032e+00 4.837274e+00 7.946243e+00 1.758002e-01 1.428504e+00 
478 11951  7.514610506672301682e+00 0 0 1.302266e+00 1.510233e-01 1.032065e+00 3.144768e-01 1.310378e+00 4.837165e+00 7.949304e+00 1.757859e-01 1.428512e+00 
