%  columns="iteration, evaluation, fitness, void, void, xrecentbest" (startseed=211879, 2015/08/23 0:21:51.80)
1 26  1.626887471766893611e+02 0 0 -1.788240e-01 1.363692e+00 6.456147e-01 8.587203e-01 3.147958e+00 9.747057e-01 8.719042e-01 7.158709e-01 4.504646e-01 
2 51  1.632830788141640426e+02 0 0 -1.044934e+00 1.508787e+00 5.777209e-01 -3.056320e-01 1.585638e+01 2.093403e+00 1.474519e+00 2.186844e+00 8.695286e-01 
3 76  6.154051509273097764e+01 0 0 9.073002e-01 4.930551e-01 1.767479e+00 5.349689e-02 1.204150e+02 2.034407e+00 1.933633e+00 3.092539e-01 9.013189e-01 
4 101  1.626718255906122579e+02 0 0 9.328474e-01 6.904108e-01 1.027676e+00 6.289866e-01 1.885265e+02 1.496838e+00 1.728165e+00 8.846880e-03 2.426303e+00 
5 126  1.644371769624763147e+02 0 0 5.646466e-01 5.078877e-01 6.768683e-01 -4.312720e-01 6.003797e+01 1.782623e+00 9.555037e-01 1.594218e+00 1.155854e+00 
6 151  1.643533270908504846e+02 0 0 -4.045542e-01 4.403752e-01 9.510080e-01 1.003698e+00 2.406371e+01 2.305350e+00 6.086217e-01 2.222394e+00 1.327185e+00 
7 176  1.648554584293423488e+02 0 0 1.252444e+00 8.594872e-01 7.634681e-01 -1.662141e-01 1.136006e+02 1.324101e+00 8.075538e-01 1.598072e+00 2.329635e+00 
8 201  1.529902521397544319e+02 0 0 5.119804e-01 7.210535e-02 5.005492e-01 3.647617e-02 1.335328e+02 2.266918e-01 1.549688e+00 2.970349e-01 2.572050e+00 
9 226  1.634964164664893929e+02 0 0 1.027812e-02 5.446093e-01 9.806465e-01 1.183111e+00 1.149429e+02 1.820388e+00 4.571461e-01 2.342962e-01 1.426001e+00 
10 251  1.649158148464425722e+02 0 0 -1.130425e-01 7.433169e-01 6.627553e-01 1.242335e+00 2.910589e+01 1.358769e+00 1.043258e+00 1.090863e+00 1.578164e+00 
11 276  1.645811184368263298e+02 0 0 7.100103e-01 3.861369e-01 1.270209e-01 -2.434288e-02 5.575266e+01 7.892285e-01 2.584901e-01 7.239419e-01 1.813620e+00 
12 301  1.647138605219079466e+02 0 0 1.161019e+00 7.016289e-01 3.303143e-01 -1.685139e-01 5.664277e+01 8.937723e-01 6.816914e-01 4.266707e-01 1.821662e+00 
13 326  4.210423694774302561e+01 0 0 2.529198e-01 2.676474e-01 9.635542e-01 3.829735e-01 1.008187e+02 1.180789e+00 5.918030e-01 1.322409e-01 2.194215e+00 
14 351  3.974305625808563036e+01 0 0 6.704070e-01 4.530165e-01 4.616027e-01 7.767594e-01 1.210435e+02 1.759100e+00 1.017350e+00 2.286213e-02 1.414981e+00 
15 376  9.165707881101776877e+01 0 0 9.627246e-01 9.224441e-03 7.512432e-01 1.675085e-01 1.008696e+02 7.221400e-01 9.959110e-01 8.136493e-01 1.755448e+00 
16 401  9.651931263155784535e+00 0 0 1.204501e-01 7.737428e-02 7.192533e-01 3.997834e-01 1.217639e+02 6.792347e-01 8.959667e-01 5.105617e-01 2.323883e+00 
17 426  1.622071497832048124e+02 0 0 3.520532e-01 6.276407e-01 5.113742e-01 4.639190e-01 1.067953e+02 9.490382e-01 6.444754e-01 8.780260e-03 1.266054e+00 
18 451  1.148377797670214484e+01 0 0 4.420152e-01 6.311903e-02 4.352273e-01 1.650624e-01 1.152477e+02 7.513474e-01 5.121003e-01 2.030795e-01 1.732904e+00 
19 476  1.225135077820322920e+02 0 0 2.178975e-01 2.805454e-01 4.590686e-01 1.066255e-01 8.189920e+01 7.781059e-01 1.013770e+00 1.013928e-01 2.029649e+00 
20 501  9.478731960496492093e+01 0 0 2.100327e-01 5.440126e-01 4.549412e-01 1.613096e-01 1.049591e+02 1.436730e+00 9.939938e-01 1.211258e-01 1.661572e+00 
21 526  1.524439136370860304e+01 0 0 1.016839e-01 2.385918e-01 2.814733e-01 3.420790e-01 1.231558e+02 1.244125e+00 1.356635e+00 2.825935e-01 1.830154e+00 
22 551  2.326281994321145419e+01 0 0 2.280094e-01 8.953886e-02 9.548878e-01 2.368252e-01 1.125443e+02 1.021034e+00 1.104921e+00 5.457876e-01 2.463129e+00 
23 576  5.488726398480726942e+01 0 0 2.368837e-01 1.752129e-01 6.755662e-01 2.909939e-01 1.445279e+02 1.231677e+00 9.807832e-01 2.970890e-01 2.227975e+00 
24 601  1.110467940099720892e+02 0 0 5.143721e-01 7.274277e-02 9.865054e-01 2.160982e-01 1.195451e+02 1.118294e+00 1.367358e+00 2.712306e-01 1.896892e+00 
25 626  9.603573297730162039e+01 0 0 4.260765e-01 2.006372e-01 7.705546e-01 9.685983e-02 1.172485e+02 1.691231e+00 1.277880e+00 3.652762e-01 1.927706e+00 
26 651  1.123691098976403424e+01 0 0 2.583241e-01 7.230631e-02 1.080939e+00 3.224780e-01 1.264929e+02 1.207119e+00 1.092059e+00 7.330318e-01 1.845432e+00 
27 676  8.759994704329434612e+00 0 0 6.748371e-01 2.018984e-01 3.503164e-01 6.606460e-02 1.305999e+02 2.319153e+00 1.991535e+00 5.680841e-01 2.670647e+00 
28 701  9.927395854558346500e+00 0 0 2.171069e-01 3.421384e-01 6.689630e-01 4.235866e-01 1.309769e+02 1.619675e+00 1.304266e+00 1.998632e-01 1.857774e+00 
29 726  5.962723931071330696e+01 0 0 1.636839e-01 4.178239e-01 6.299970e-01 1.484756e-01 1.421699e+02 2.052655e+00 1.681266e+00 6.685686e-01 1.879882e+00 
30 751  1.171614007352075149e+01 0 0 2.525425e-01 2.135367e-01 5.424722e-01 1.173972e-01 1.133242e+02 1.082000e+00 1.442691e+00 4.305362e-01 1.864071e+00 
31 776  2.282735271101067198e+01 0 0 2.807075e-01 1.650510e-01 8.432565e-01 3.006561e-01 1.300551e+02 2.424124e+00 1.413745e+00 5.500187e-01 2.247165e+00 
32 801  1.049237918059158758e+01 0 0 3.066248e-01 2.325109e-01 6.374633e-01 2.275274e-01 1.258045e+02 2.161432e+00 1.523973e+00 4.472169e-01 2.410980e+00 
33 826  8.672386975921554608e+00 0 0 3.646594e-01 1.690746e-01 8.063294e-01 1.477862e-01 1.358452e+02 1.431549e+00 1.212023e+00 6.293351e-01 2.276896e+00 
34 851  1.175825412474836185e+01 0 0 2.372343e-01 3.650601e-01 6.861112e-01 2.611885e-01 1.385708e+02 1.759078e+00 1.413084e+00 3.167256e-01 1.746553e+00 
35 876  1.626974381033265615e+01 0 0 5.482516e-01 1.162995e-01 1.119924e+00 2.043830e-01 1.208190e+02 1.775577e+00 1.220051e+00 5.788337e-01 2.453862e+00 
36 901  8.227890890274817792e+00 0 0 4.050666e-01 2.830049e-01 9.587664e-01 8.948810e-02 1.130378e+02 2.146771e+00 1.116229e+00 6.861115e-01 2.620210e+00 
37 926  8.909829669436062360e+00 0 0 5.326611e-01 5.195889e-02 1.022851e+00 5.004520e-01 1.319193e+02 2.328225e+00 1.030516e+00 6.074931e-01 2.404244e+00 
38 951  1.071970286975182240e+01 0 0 3.243208e-01 1.769233e-01 8.385664e-01 2.246789e-01 1.247905e+02 2.185796e+00 1.196598e+00 5.461213e-01 2.070752e+00 
39 976  9.252427922896753643e+00 0 0 2.527112e-01 1.938817e-01 9.749484e-01 2.239209e-01 1.403961e+02 1.533929e+00 9.619304e-01 6.252793e-01 2.051932e+00 
40 1001  3.731168828448112151e+01 0 0 3.477704e-01 1.349744e-01 8.801746e-01 1.939328e-01 1.164245e+02 2.592701e+00 9.725414e-01 7.831712e-01 2.239663e+00 
41 1026  1.205482551977103789e+01 0 0 4.551479e-01 1.632654e-01 1.102110e+00 2.058441e-01 1.286988e+02 1.969093e+00 8.826810e-01 4.797080e-01 1.791919e+00 
42 1051  1.437725420989667668e+01 0 0 2.972827e-01 2.646097e-01 8.042741e-01 1.833585e-01 1.202728e+02 1.654624e+00 1.374803e+00 4.314522e-01 2.174429e+00 
43 1076  1.288151120050942744e+01 0 0 3.341714e-01 1.513070e-01 8.833068e-01 2.788343e-01 1.281558e+02 1.728782e+00 1.234174e+00 4.176974e-01 2.284958e+00 
44 1101  1.148963589398167073e+01 0 0 2.969376e-01 1.089146e-01 9.144891e-01 2.547309e-01 1.213973e+02 1.714909e+00 8.978705e-01 6.213599e-01 2.249245e+00 
45 1126  9.498880011583361593e+00 0 0 5.521284e-01 1.026789e-01 9.479981e-01 2.715148e-01 1.384560e+02 1.606157e+00 1.200761e+00 4.283855e-01 2.247229e+00 
46 1151  9.216847270555764027e+00 0 0 4.955020e-01 2.586049e-01 9.522881e-01 1.663186e-01 1.368009e+02 1.898402e+00 1.364520e+00 4.503031e-01 2.237686e+00 
47 1176  8.918833536926372929e+00 0 0 4.904113e-01 1.552659e-01 1.128733e+00 1.751604e-01 1.281767e+02 1.933672e+00 1.078889e+00 6.012503e-01 2.190268e+00 
48 1201  9.367290378620431568e+00 0 0 4.114474e-01 1.408622e-01 1.010831e+00 1.840587e-01 1.234946e+02 1.830516e+00 9.924724e-01 5.597328e-01 2.089660e+00 
49 1226  1.154277554909143078e+01 0 0 4.691898e-01 1.555340e-01 9.379559e-01 2.060810e-01 1.363744e+02 1.695608e+00 1.279433e+00 4.675008e-01 2.267259e+00 
50 1251  8.631192374801090139e+00 0 0 5.169843e-01 1.231845e-01 1.020944e+00 2.299806e-01 1.313719e+02 1.757577e+00 1.216256e+00 4.929948e-01 2.258742e+00 
51 1276  8.795261624414109747e+00 0 0 4.234265e-01 1.912011e-01 1.000767e+00 1.791934e-01 1.302756e+02 1.735924e+00 1.292843e+00 5.302497e-01 2.247897e+00 
52 1301  9.835249345516668740e+00 0 0 3.984590e-01 1.502556e-01 9.502223e-01 1.996552e-01 1.232907e+02 1.811765e+00 1.144686e+00 5.110673e-01 2.402209e+00 
53 1326  8.212123742926589642e+00 0 0 4.835531e-01 1.288020e-01 1.004915e+00 1.810338e-01 1.292715e+02 1.709115e+00 1.202906e+00 6.273333e-01 2.504559e+00 
54 1351  8.157559776636043480e+00 0 0 4.601038e-01 1.418365e-01 1.010492e+00 2.137370e-01 1.318035e+02 1.724100e+00 1.222626e+00 5.449961e-01 2.519701e+00 
55 1376  9.908714057697793010e+00 0 0 4.461812e-01 1.269735e-01 1.071602e+00 1.615227e-01 1.211399e+02 1.734382e+00 1.210021e+00 7.385125e-01 2.396334e+00 
56 1401  8.549176624957395276e+00 0 0 4.604833e-01 1.467335e-01 1.173089e+00 1.966933e-01 1.278576e+02 1.906094e+00 1.183657e+00 6.587796e-01 2.410507e+00 
57 1426  9.074920353925072902e+00 0 0 3.755512e-01 2.477832e-01 1.079419e+00 1.323721e-01 1.225055e+02 1.986145e+00 1.098049e+00 6.128183e-01 2.095119e+00 
58 1451  8.379476502931261450e+00 0 0 4.545604e-01 1.005712e-01 1.056146e+00 2.499184e-01 1.247877e+02 1.938947e+00 1.246644e+00 6.443705e-01 2.367116e+00 
59 1476  8.685526820932562231e+00 0 0 3.367666e-01 1.813974e-01 9.723875e-01 2.520963e-01 1.245108e+02 2.071787e+00 1.196171e+00 5.118730e-01 2.367838e+00 
60 1501  8.063765418309799315e+00 0 0 3.414529e-01 1.374522e-01 1.082317e+00 2.511623e-01 1.255854e+02 1.969360e+00 1.263849e+00 7.062776e-01 2.545759e+00 
61 1526  8.651760286652397269e+00 0 0 4.327370e-01 1.300661e-01 1.078988e+00 2.221972e-01 1.281828e+02 1.833020e+00 1.287709e+00 6.440792e-01 2.376735e+00 
62 1551  8.252849270944587090e+00 0 0 4.426192e-01 1.585080e-01 1.102950e+00 1.964114e-01 1.232948e+02 1.896164e+00 1.313436e+00 5.812697e-01 2.421778e+00 
63 1576  8.452217182612843160e+00 0 0 4.376107e-01 1.445689e-01 1.157839e+00 2.254610e-01 1.248177e+02 2.146382e+00 1.280438e+00 6.648265e-01 2.428063e+00 
64 1601  8.178398272896343357e+00 0 0 4.923258e-01 1.393190e-01 1.088243e+00 1.835067e-01 1.266303e+02 1.935075e+00 1.309406e+00 6.650541e-01 2.535924e+00 
65 1626  8.169168837626900270e+00 0 0 4.510605e-01 1.447785e-01 1.090375e+00 1.784212e-01 1.252163e+02 1.935821e+00 1.302134e+00 7.071294e-01 2.464254e+00 
66 1651  8.239559977626331744e+00 0 0 4.390729e-01 1.106056e-01 1.040659e+00 2.561676e-01 1.283994e+02 1.978468e+00 1.244206e+00 6.443624e-01 2.448425e+00 
67 1676  8.014464928431307200e+00 0 0 5.003262e-01 1.069503e-01 1.088823e+00 2.172502e-01 1.291802e+02 1.846676e+00 1.343999e+00 7.157738e-01 2.583454e+00 
68 1701  8.021906271424365187e+00 0 0 5.131172e-01 1.458988e-01 1.101734e+00 1.747020e-01 1.279949e+02 1.882707e+00 1.352399e+00 6.659773e-01 2.572317e+00 
69 1726  7.972239434892628651e+00 0 0 4.559279e-01 1.318810e-01 1.090100e+00 2.009321e-01 1.270589e+02 1.880950e+00 1.336668e+00 7.218756e-01 2.697165e+00 
70 1751  8.307526928581635772e+00 0 0 4.639420e-01 1.437606e-01 1.090597e+00 1.835732e-01 1.238340e+02 1.986498e+00 1.286177e+00 6.601691e-01 2.467573e+00 
71 1776  8.341603349078095420e+00 0 0 4.446788e-01 1.290493e-01 1.103284e+00 2.378073e-01 1.271304e+02 1.992363e+00 1.346546e+00 6.353231e-01 2.436997e+00 
72 1801  8.194773018605030046e+00 0 0 4.975204e-01 1.346288e-01 1.086513e+00 1.861312e-01 1.282389e+02 1.821846e+00 1.374354e+00 6.724407e-01 2.479909e+00 
73 1826  8.026931430679841384e+00 0 0 4.671229e-01 1.421706e-01 1.062494e+00 1.915356e-01 1.302639e+02 1.851923e+00 1.355466e+00 6.753272e-01 2.543361e+00 
74 1851  7.983815593512054498e+00 0 0 4.890844e-01 1.689044e-01 1.093806e+00 1.516395e-01 1.271356e+02 1.965755e+00 1.340886e+00 7.244339e-01 2.572206e+00 
75 1876  7.927341004183690032e+00 0 0 4.788019e-01 1.185112e-01 1.139282e+00 2.485758e-01 1.314243e+02 1.981994e+00 1.393838e+00 7.365412e-01 2.753323e+00 
76 1901  7.859576197970094213e+00 0 0 4.945210e-01 1.197130e-01 1.158508e+00 2.259359e-01 1.319512e+02 1.983115e+00 1.304896e+00 7.675778e-01 2.761493e+00 
77 1926  7.984834609946703132e+00 0 0 4.833135e-01 1.189939e-01 1.139726e+00 2.173435e-01 1.292263e+02 1.933395e+00 1.277640e+00 7.297367e-01 2.619534e+00 
78 1951  7.835668696984947168e+00 0 0 4.882797e-01 1.322537e-01 1.145881e+00 2.022532e-01 1.313749e+02 1.888597e+00 1.398822e+00 7.771103e-01 2.785454e+00 
79 1976  7.871158169874489019e+00 0 0 4.801754e-01 1.447370e-01 1.100517e+00 1.878115e-01 1.273454e+02 1.960612e+00 1.324910e+00 6.940698e-01 2.652825e+00 
80 2001  7.869962140053932131e+00 0 0 4.524522e-01 1.483202e-01 1.106113e+00 1.852695e-01 1.284922e+02 1.933848e+00 1.328124e+00 7.362483e-01 2.658858e+00 
81 2026  7.885153253518279115e+00 0 0 4.686047e-01 1.401327e-01 1.117744e+00 1.906307e-01 1.304006e+02 1.916559e+00 1.343444e+00 7.507596e-01 2.695031e+00 
82 2051  7.755481495156095306e+00 0 0 4.549916e-01 1.254665e-01 1.093227e+00 1.980243e-01 1.292934e+02 1.852825e+00 1.348879e+00 7.786285e-01 2.728949e+00 
83 2076  7.728101354088753538e+00 0 0 4.921167e-01 1.413731e-01 1.150929e+00 1.728591e-01 1.261066e+02 1.956946e+00 1.315808e+00 7.754048e-01 2.787889e+00 
84 2101  7.749573712819844751e+00 0 0 4.546896e-01 1.159737e-01 1.084615e+00 2.064549e-01 1.284539e+02 1.821687e+00 1.380477e+00 7.843957e-01 2.794258e+00 
85 2126  7.681083446031526485e+00 0 0 4.834061e-01 1.235069e-01 1.081199e+00 1.867431e-01 1.291413e+02 1.812758e+00 1.388087e+00 7.801657e-01 2.764674e+00 
86 2151  7.571377096078596658e+00 0 0 4.374673e-01 1.396074e-01 1.081515e+00 1.833613e-01 1.255816e+02 1.819853e+00 1.435410e+00 7.735364e-01 2.852296e+00 
87 2176  7.543087163173188614e+00 0 0 3.957592e-01 1.191698e-01 1.100187e+00 2.367583e-01 1.302945e+02 1.760351e+00 1.449309e+00 8.248698e-01 2.953642e+00 
88 2201  7.536099643064832598e+00 0 0 4.346917e-01 1.412914e-01 1.139623e+00 1.716105e-01 1.236030e+02 1.866360e+00 1.434938e+00 8.508424e-01 2.889229e+00 
89 2226  7.589073803660196127e+00 0 0 3.887945e-01 2.102515e-01 1.148100e+00 1.362304e-01 1.238133e+02 1.722719e+00 1.467557e+00 8.137729e-01 2.829106e+00 
90 2251  7.596794769997781138e+00 0 0 4.467951e-01 1.651126e-01 1.197528e+00 1.769697e-01 1.288508e+02 1.939866e+00 1.355131e+00 8.051078e-01 2.876584e+00 
91 2276  7.546598682261008939e+00 0 0 3.784851e-01 1.801988e-01 1.126206e+00 1.697794e-01 1.277425e+02 1.767927e+00 1.564185e+00 8.439859e-01 2.880990e+00 
92 2301  7.561197963430963398e+00 0 0 4.535607e-01 1.461772e-01 1.101447e+00 1.831820e-01 1.280082e+02 1.930394e+00 1.450371e+00 8.005490e-01 2.850235e+00 
93 2326  7.578475968378006300e+00 0 0 3.976049e-01 1.766679e-01 1.122954e+00 1.962560e-01 1.293807e+02 2.066856e+00 1.443974e+00 8.111738e-01 2.909128e+00 
94 2351  7.514690342235891052e+00 0 0 4.518406e-01 1.539006e-01 1.123095e+00 1.674941e-01 1.262538e+02 1.929486e+00 1.474418e+00 8.378392e-01 2.897727e+00 
95 2376  7.512361971089620560e+00 0 0 4.786231e-01 1.600835e-01 1.123767e+00 1.723272e-01 1.313808e+02 2.025217e+00 1.479453e+00 8.409195e-01 2.937832e+00 
96 2401  7.504013816123963565e+00 0 0 3.915329e-01 2.000707e-01 1.126941e+00 1.710884e-01 1.267526e+02 2.070792e+00 1.490308e+00 8.218189e-01 2.988613e+00 
97 2426  7.550385597380794955e+00 0 0 4.615079e-01 1.476215e-01 1.077287e+00 1.914595e-01 1.293737e+02 1.929324e+00 1.450182e+00 7.462818e-01 2.885154e+00 
98 2451  7.515194140220930130e+00 0 0 4.856934e-01 1.326608e-01 1.175251e+00 1.710926e-01 1.278489e+02 1.724002e+00 1.504571e+00 8.489190e-01 2.920034e+00 
99 2476  7.530793516636661522e+00 0 0 4.158181e-01 1.875309e-01 1.108263e+00 1.790967e-01 1.257411e+02 1.958104e+00 1.526204e+00 7.345837e-01 2.879706e+00 
100 2501  7.504344070600898142e+00 0 0 4.666159e-01 1.320279e-01 1.133745e+00 2.003476e-01 1.271182e+02 1.863009e+00 1.509108e+00 7.893331e-01 2.899925e+00 
101 2526  7.528339301932823524e+00 0 0 4.263374e-01 1.609780e-01 1.142214e+00 1.848105e-01 1.266807e+02 1.945150e+00 1.462717e+00 7.959095e-01 2.869782e+00 
102 2551  7.535349966508868569e+00 0 0 4.590842e-01 1.539394e-01 1.117615e+00 1.699139e-01 1.283413e+02 1.838165e+00 1.488154e+00 8.101754e-01 2.871712e+00 
103 2576  7.485823097129207682e+00 0 0 4.099162e-01 1.698250e-01 1.177673e+00 1.922632e-01 1.281347e+02 1.978711e+00 1.480176e+00 8.201235e-01 2.921041e+00 
104 2601  7.510014563718778291e+00 0 0 4.342141e-01 1.536842e-01 1.127478e+00 1.939057e-01 1.265774e+02 1.920941e+00 1.479164e+00 7.629758e-01 2.882240e+00 
105 2626  7.492294589028737128e+00 0 0 4.547349e-01 1.510691e-01 1.131875e+00 1.675240e-01 1.257674e+02 1.866673e+00 1.467006e+00 8.234611e-01 2.900919e+00 
106 2651  7.507928731431386282e+00 0 0 4.484263e-01 1.440436e-01 1.129918e+00 1.819385e-01 1.254791e+02 1.870908e+00 1.516508e+00 8.105227e-01 2.877939e+00 
107 2676  7.492801594311189639e+00 0 0 4.426696e-01 1.484266e-01 1.142616e+00 1.848359e-01 1.260886e+02 1.899397e+00 1.501824e+00 8.115573e-01 2.894507e+00 
108 2701  7.507425871376323556e+00 0 0 4.294051e-01 1.606949e-01 1.128801e+00 1.694380e-01 1.256335e+02 1.838612e+00 1.496594e+00 8.158509e-01 2.897253e+00 
109 2726  7.488833865039037363e+00 0 0 4.452487e-01 1.471061e-01 1.138030e+00 1.811551e-01 1.259227e+02 1.843048e+00 1.540196e+00 8.165141e-01 2.922755e+00 
110 2751  7.489114438242511440e+00 0 0 4.383693e-01 1.517292e-01 1.137207e+00 1.891201e-01 1.271734e+02 1.900157e+00 1.494100e+00 7.950705e-01 2.917722e+00 
111 2776  7.492936944580638858e+00 0 0 4.349668e-01 1.551031e-01 1.123974e+00 1.868820e-01 1.277572e+02 1.890540e+00 1.499733e+00 7.917038e-01 2.893246e+00 
112 2801  7.477775284934693012e+00 0 0 4.211564e-01 1.521366e-01 1.131921e+00 1.916305e-01 1.261817e+02 1.887718e+00 1.501426e+00 7.961501e-01 2.913030e+00 
113 2826  7.484774189999394700e+00 0 0 4.181459e-01 1.584266e-01 1.140034e+00 1.860053e-01 1.262603e+02 1.866442e+00 1.523024e+00 8.031355e-01 2.905898e+00 
114 2851  7.483745188869228571e+00 0 0 4.310096e-01 1.485228e-01 1.125995e+00 1.860542e-01 1.271255e+02 1.846010e+00 1.494625e+00 8.077229e-01 2.901201e+00 
115 2876  7.480826822921379460e+00 0 0 4.388668e-01 1.528839e-01 1.128334e+00 1.811587e-01 1.264771e+02 1.847151e+00 1.530219e+00 7.998478e-01 2.903803e+00 
116 2901  7.489014772145512033e+00 0 0 4.623838e-01 1.394633e-01 1.115180e+00 1.886837e-01 1.292162e+02 1.829525e+00 1.504192e+00 8.022152e-01 2.909987e+00 
117 2926  7.478355453928077878e+00 0 0 4.379438e-01 1.473825e-01 1.122514e+00 1.869582e-01 1.271852e+02 1.836454e+00 1.519557e+00 7.998495e-01 2.911749e+00 
118 2951  7.495410052143372859e+00 0 0 4.388804e-01 1.468709e-01 1.113899e+00 1.911677e-01 1.279499e+02 1.859460e+00 1.497845e+00 7.915812e-01 2.890793e+00 
119 2976  7.483595632512527018e+00 0 0 4.482475e-01 1.384532e-01 1.114593e+00 1.954690e-01 1.286567e+02 1.846040e+00 1.490989e+00 7.963941e-01 2.907653e+00 
120 3001  7.479824562622703787e+00 0 0 4.370687e-01 1.517326e-01 1.123187e+00 1.847179e-01 1.274378e+02 1.866118e+00 1.501145e+00 7.995525e-01 2.894764e+00 
121 3026  7.483433438478794386e+00 0 0 4.497248e-01 1.466548e-01 1.122136e+00 1.771380e-01 1.274914e+02 1.811572e+00 1.511375e+00 8.156435e-01 2.906378e+00 
122 3051  7.471636404242449458e+00 0 0 4.491289e-01 1.464300e-01 1.109022e+00 1.876782e-01 1.284044e+02 1.836074e+00 1.501500e+00 7.836715e-01 2.897719e+00 
123 3076  7.478864519469307304e+00 0 0 4.508166e-01 1.460986e-01 1.098869e+00 1.822688e-01 1.286010e+02 1.806756e+00 1.509059e+00 7.909491e-01 2.899477e+00 
124 3101  7.479935642650006322e+00 0 0 4.598374e-01 1.436279e-01 1.092806e+00 1.818173e-01 1.294150e+02 1.795651e+00 1.506394e+00 7.926748e-01 2.900432e+00 
125 3126  7.481322578452402894e+00 0 0 4.446992e-01 1.478866e-01 1.110768e+00 1.816872e-01 1.284341e+02 1.816857e+00 1.509540e+00 8.061449e-01 2.898039e+00 
126 3151  7.478361042832911032e+00 0 0 4.469409e-01 1.497074e-01 1.108130e+00 1.790530e-01 1.282042e+02 1.817595e+00 1.506018e+00 7.986578e-01 2.896551e+00 
127 3176  7.482362633955593090e+00 0 0 4.433563e-01 1.507311e-01 1.104762e+00 1.801644e-01 1.280175e+02 1.838161e+00 1.502897e+00 7.985047e-01 2.898295e+00 
128 3201  7.480680619921039387e+00 0 0 4.531512e-01 1.461847e-01 1.096065e+00 1.820944e-01 1.291601e+02 1.796876e+00 1.509716e+00 7.886960e-01 2.902771e+00 
129 3226  7.478082111607044169e+00 0 0 4.464561e-01 1.483134e-01 1.111829e+00 1.838072e-01 1.283417e+02 1.836204e+00 1.502623e+00 7.964722e-01 2.900030e+00 
130 3251  7.480402333379330138e+00 0 0 4.473021e-01 1.476207e-01 1.113140e+00 1.839275e-01 1.284252e+02 1.836941e+00 1.502490e+00 8.005921e-01 2.900142e+00 
131 3276  7.480279908498063790e+00 0 0 4.440353e-01 1.476087e-01 1.111532e+00 1.852253e-01 1.285239e+02 1.832414e+00 1.504636e+00 7.984845e-01 2.893492e+00 
132 3301  7.472759458101144503e+00 0 0 4.433076e-01 1.459599e-01 1.111424e+00 1.844303e-01 1.285139e+02 1.824064e+00 1.502073e+00 8.069977e-01 2.898619e+00 
133 3326  7.473840579148944840e+00 0 0 4.449951e-01 1.490766e-01 1.114320e+00 1.822230e-01 1.285038e+02 1.822826e+00 1.508803e+00 8.033498e-01 2.899208e+00 
134 3351  7.477590903749232076e+00 0 0 4.470864e-01 1.458075e-01 1.109862e+00 1.820771e-01 1.289667e+02 1.813657e+00 1.502491e+00 8.117185e-01 2.896228e+00 
135 3376  7.474185498258437477e+00 0 0 4.469239e-01 1.465521e-01 1.107441e+00 1.844781e-01 1.286911e+02 1.821584e+00 1.508672e+00 7.991468e-01 2.903728e+00 
136 3401  7.470184389039842721e+00 0 0 4.447538e-01 1.504793e-01 1.113023e+00 1.813426e-01 1.285555e+02 1.832022e+00 1.499777e+00 8.005253e-01 2.892468e+00 
137 3426  7.474601616749307453e+00 0 0 4.431984e-01 1.492101e-01 1.111053e+00 1.824471e-01 1.284670e+02 1.830221e+00 1.506752e+00 8.042159e-01 2.895990e+00 
138 3451  7.469434739121515676e+00 0 0 4.447593e-01 1.485978e-01 1.112109e+00 1.806999e-01 1.287994e+02 1.822209e+00 1.499748e+00 8.126481e-01 2.896990e+00 
139 3476  7.471621526457311369e+00 0 0 4.439245e-01 1.481775e-01 1.112742e+00 1.845719e-01 1.289091e+02 1.833887e+00 1.502276e+00 8.055691e-01 2.897658e+00 
140 3501  7.472411153510601700e+00 0 0 4.478886e-01 1.486878e-01 1.116285e+00 1.821105e-01 1.287651e+02 1.831576e+00 1.502974e+00 8.058367e-01 2.897476e+00 
141 3526  7.468960194628755822e+00 0 0 4.457639e-01 1.492892e-01 1.117664e+00 1.820939e-01 1.285356e+02 1.832680e+00 1.499377e+00 8.037752e-01 2.897351e+00 
142 3551  7.477474333744742019e+00 0 0 4.408602e-01 1.488343e-01 1.113438e+00 1.811619e-01 1.283576e+02 1.822980e+00 1.501634e+00 8.103691e-01 2.898100e+00 
143 3576  7.476404789518327654e+00 0 0 4.452125e-01 1.488454e-01 1.114414e+00 1.804175e-01 1.285221e+02 1.823836e+00 1.501379e+00 8.089023e-01 2.898834e+00 
144 3601  7.471976029529770358e+00 0 0 4.452407e-01 1.475067e-01 1.113662e+00 1.825983e-01 1.286813e+02 1.827488e+00 1.502694e+00 8.091935e-01 2.898287e+00 
145 3626  7.473591307293546926e+00 0 0 4.432143e-01 1.501890e-01 1.112871e+00 1.792326e-01 1.283898e+02 1.831708e+00 1.493855e+00 8.099437e-01 2.899161e+00 
146 3651  7.466230768289203290e+00 0 0 4.423716e-01 1.501651e-01 1.117766e+00 1.818232e-01 1.282714e+02 1.840897e+00 1.503325e+00 8.082560e-01 2.898783e+00 
147 3676  7.466991313660578555e+00 0 0 4.469887e-01 1.475126e-01 1.112817e+00 1.789825e-01 1.283590e+02 1.812128e+00 1.506274e+00 8.118222e-01 2.897478e+00 
148 3701  7.459289146465788889e+00 0 0 4.386346e-01 1.504410e-01 1.117455e+00 1.802296e-01 1.280441e+02 1.820975e+00 1.504503e+00 8.096669e-01 2.897486e+00 
149 3726  7.470571586724089386e+00 0 0 4.422793e-01 1.508095e-01 1.117252e+00 1.816130e-01 1.282433e+02 1.839062e+00 1.499543e+00 8.040594e-01 2.900974e+00 
150 3751  7.477572904689206545e+00 0 0 4.448731e-01 1.484899e-01 1.117676e+00 1.802246e-01 1.283684e+02 1.821775e+00 1.506670e+00 8.130520e-01 2.896631e+00 
151 3776  7.477831645501530566e+00 0 0 4.455777e-01 1.482243e-01 1.113527e+00 1.784172e-01 1.285025e+02 1.800933e+00 1.509342e+00 8.128531e-01 2.896715e+00 
152 3801  7.473600711992134826e+00 0 0 4.478061e-01 1.455909e-01 1.113072e+00 1.811433e-01 1.286950e+02 1.808989e+00 1.514573e+00 8.158032e-01 2.897094e+00 
153 3826  7.474723679545701494e+00 0 0 4.449956e-01 1.468343e-01 1.111887e+00 1.812000e-01 1.288439e+02 1.806273e+00 1.505693e+00 8.129597e-01 2.896444e+00 
154 3851  7.471652742650468859e+00 0 0 4.474866e-01 1.463604e-01 1.113627e+00 1.803440e-01 1.287205e+02 1.804563e+00 1.507399e+00 8.142954e-01 2.898553e+00 
155 3876  7.466876649719309533e+00 0 0 4.452729e-01 1.473471e-01 1.114865e+00 1.801715e-01 1.289509e+02 1.814586e+00 1.502957e+00 8.201074e-01 2.900090e+00 
156 3901  7.473432031422170496e+00 0 0 4.473643e-01 1.466257e-01 1.109178e+00 1.794205e-01 1.287552e+02 1.796890e+00 1.513343e+00 8.126663e-01 2.899345e+00 
157 3926  7.472224069223070586e+00 0 0 4.484651e-01 1.498398e-01 1.115958e+00 1.799371e-01 1.285425e+02 1.811381e+00 1.515129e+00 8.014736e-01 2.898809e+00 
158 3951  7.471519014369497391e+00 0 0 4.418816e-01 1.493525e-01 1.113146e+00 1.801629e-01 1.284859e+02 1.818155e+00 1.502515e+00 8.122792e-01 2.902994e+00 
159 3976  7.473566013848586209e+00 0 0 4.491582e-01 1.486426e-01 1.111647e+00 1.797566e-01 1.284718e+02 1.809072e+00 1.508396e+00 8.018496e-01 2.899230e+00 
160 4001  7.475591059551089934e+00 0 0 4.499422e-01 1.479958e-01 1.112446e+00 1.787454e-01 1.287930e+02 1.807085e+00 1.513876e+00 8.106277e-01 2.897930e+00 
161 4026  7.473838290524124517e+00 0 0 4.471810e-01 1.509717e-01 1.112170e+00 1.773325e-01 1.283324e+02 1.816192e+00 1.507952e+00 8.057122e-01 2.895284e+00 
162 4051  7.474687059061039918e+00 0 0 4.489126e-01 1.451139e-01 1.114431e+00 1.784924e-01 1.289749e+02 1.784599e+00 1.513681e+00 8.234214e-01 2.898688e+00 
163 4076  7.472672373013541147e+00 0 0 4.478169e-01 1.456566e-01 1.116224e+00 1.767652e-01 1.289732e+02 1.775667e+00 1.523343e+00 8.319676e-01 2.900221e+00 
164 4101  7.475722348859182631e+00 0 0 4.462020e-01 1.477918e-01 1.119619e+00 1.803396e-01 1.290791e+02 1.804425e+00 1.513733e+00 8.202769e-01 2.901829e+00 
165 4126  7.469997619078404760e+00 0 0 4.436454e-01 1.496375e-01 1.113290e+00 1.782717e-01 1.290708e+02 1.802568e+00 1.494625e+00 8.150557e-01 2.899099e+00 
166 4151  7.476625142311394967e+00 0 0 4.500222e-01 1.453322e-01 1.114940e+00 1.773260e-01 1.288513e+02 1.791236e+00 1.507792e+00 8.247571e-01 2.899297e+00 
167 4176  7.470089553253340675e+00 0 0 4.502974e-01 1.441648e-01 1.111095e+00 1.799000e-01 1.291775e+02 1.783736e+00 1.513562e+00 8.195368e-01 2.901364e+00 
168 4201  7.478157810715340581e+00 0 0 4.568352e-01 1.457101e-01 1.107137e+00 1.772717e-01 1.292771e+02 1.769405e+00 1.520531e+00 8.071683e-01 2.899619e+00 
169 4226  7.470731857827050071e+00 0 0 4.552959e-01 1.459046e-01 1.116576e+00 1.814798e-01 1.293982e+02 1.794180e+00 1.514112e+00 8.056781e-01 2.900860e+00 
170 4251  7.474019587083148508e+00 0 0 4.502166e-01 1.434962e-01 1.111378e+00 1.810343e-01 1.296822e+02 1.772748e+00 1.512986e+00 8.190695e-01 2.896838e+00 
171 4276  7.476652280179026278e+00 0 0 4.511688e-01 1.456689e-01 1.109288e+00 1.812911e-01 1.292121e+02 1.776795e+00 1.521503e+00 8.036860e-01 2.900442e+00 
172 4301  7.474108269551031469e+00 0 0 4.503251e-01 1.457793e-01 1.108189e+00 1.794221e-01 1.288952e+02 1.785781e+00 1.517307e+00 8.103288e-01 2.896170e+00 
173 4326  7.470306506260621759e+00 0 0 4.498768e-01 1.453092e-01 1.109696e+00 1.810036e-01 1.290927e+02 1.789327e+00 1.517058e+00 8.114075e-01 2.897564e+00 
174 4351  7.466422282992922099e+00 0 0 4.491806e-01 1.467698e-01 1.114851e+00 1.798020e-01 1.286088e+02 1.782901e+00 1.523071e+00 8.065910e-01 2.899801e+00 
175 4376  7.477306273730907726e+00 0 0 4.507722e-01 1.453823e-01 1.110834e+00 1.810761e-01 1.291375e+02 1.784869e+00 1.523779e+00 8.110519e-01 2.900374e+00 
176 4401  7.475586045172000205e+00 0 0 4.559728e-01 1.451258e-01 1.111460e+00 1.815652e-01 1.292205e+02 1.789477e+00 1.520284e+00 8.029532e-01 2.898825e+00 
177 4426  7.477080846186644258e+00 0 0 4.603616e-01 1.424347e-01 1.108110e+00 1.795346e-01 1.295398e+02 1.767215e+00 1.519481e+00 8.085735e-01 2.897949e+00 
178 4451  7.476963533719392707e+00 0 0 4.549727e-01 1.467084e-01 1.112433e+00 1.785393e-01 1.292991e+02 1.794256e+00 1.509711e+00 8.104426e-01 2.897152e+00 
179 4476  7.474357189654701195e+00 0 0 4.476330e-01 1.464565e-01 1.107684e+00 1.804243e-01 1.290156e+02 1.791943e+00 1.513353e+00 8.106476e-01 2.895677e+00 
180 4501  7.473603775457645426e+00 0 0 4.507923e-01 1.470442e-01 1.108836e+00 1.797336e-01 1.292429e+02 1.798877e+00 1.502849e+00 8.086054e-01 2.898904e+00 
181 4526  7.472818752348459270e+00 0 0 4.597480e-01 1.449580e-01 1.108864e+00 1.781708e-01 1.292626e+02 1.783436e+00 1.510018e+00 8.052747e-01 2.899132e+00 
182 4551  7.475016733720607931e+00 0 0 4.558128e-01 1.445871e-01 1.108620e+00 1.809899e-01 1.293919e+02 1.777585e+00 1.517369e+00 8.038122e-01 2.899610e+00 
183 4576  7.468631112397459582e+00 0 0 4.519520e-01 1.445037e-01 1.104851e+00 1.799286e-01 1.294775e+02 1.780426e+00 1.505860e+00 8.108792e-01 2.896592e+00 
184 4601  7.474574706907557875e+00 0 0 4.517476e-01 1.447340e-01 1.109060e+00 1.808823e-01 1.291978e+02 1.780137e+00 1.514662e+00 8.074017e-01 2.896827e+00 
185 4626  7.473708640887513077e+00 0 0 4.568085e-01 1.452835e-01 1.109810e+00 1.788830e-01 1.292954e+02 1.777340e+00 1.517465e+00 8.060918e-01 2.899035e+00 
186 4651  7.474235669549932126e+00 0 0 4.508163e-01 1.456471e-01 1.108851e+00 1.799181e-01 1.294127e+02 1.786412e+00 1.506617e+00 8.118851e-01 2.897427e+00 
187 4676  7.476291119518935879e+00 0 0 4.583104e-01 1.447531e-01 1.106919e+00 1.800242e-01 1.295144e+02 1.778069e+00 1.513842e+00 8.021762e-01 2.897380e+00 
188 4701  7.478409416860121617e+00 0 0 4.519552e-01 1.477808e-01 1.116146e+00 1.791267e-01 1.293380e+02 1.794588e+00 1.506518e+00 8.110410e-01 2.898088e+00 
189 4726  7.475878926503924937e+00 0 0 4.569175e-01 1.457138e-01 1.109344e+00 1.776135e-01 1.295558e+02 1.769702e+00 1.512943e+00 8.081702e-01 2.896361e+00 
190 4751  7.474387623648417467e+00 0 0 4.571902e-01 1.448310e-01 1.109071e+00 1.809163e-01 1.293761e+02 1.777361e+00 1.517539e+00 7.991682e-01 2.897967e+00 
191 4776  7.473991433889737301e+00 0 0 4.570008e-01 1.460610e-01 1.111040e+00 1.783566e-01 1.296246e+02 1.781831e+00 1.506523e+00 8.075152e-01 2.898529e+00 
192 4801  7.473284401118658771e+00 0 0 4.599428e-01 1.458771e-01 1.112575e+00 1.767082e-01 1.294441e+02 1.772381e+00 1.511589e+00 8.075364e-01 2.897929e+00 
193 4826  7.477285464252799940e+00 0 0 4.565985e-01 1.443457e-01 1.112065e+00 1.808110e-01 1.294996e+02 1.774055e+00 1.513290e+00 8.038890e-01 2.898156e+00 
194 4851  7.473533022432307327e+00 0 0 4.574545e-01 1.454198e-01 1.112996e+00 1.798772e-01 1.298461e+02 1.779190e+00 1.507543e+00 8.071197e-01 2.898850e+00 
195 4876  7.473768634406819267e+00 0 0 4.591983e-01 1.465933e-01 1.113286e+00 1.795301e-01 1.298988e+02 1.785657e+00 1.504969e+00 8.027095e-01 2.899295e+00 
196 4901  7.471485731766043692e+00 0 0 4.557981e-01 1.452624e-01 1.111641e+00 1.788543e-01 1.297259e+02 1.773180e+00 1.506362e+00 8.095141e-01 2.898705e+00 
197 4926  7.470566245367133540e+00 0 0 4.542882e-01 1.486196e-01 1.115601e+00 1.780404e-01 1.295704e+02 1.794443e+00 1.500634e+00 8.085986e-01 2.898581e+00 
198 4951  7.477690623361096911e+00 0 0 4.583249e-01 1.451316e-01 1.110778e+00 1.789388e-01 1.300075e+02 1.771344e+00 1.506264e+00 8.085045e-01 2.898364e+00 
199 4976  7.470779641302443430e+00 0 0 4.577572e-01 1.467083e-01 1.113826e+00 1.760426e-01 1.299505e+02 1.771560e+00 1.501548e+00 8.140529e-01 2.898930e+00 
200 5001  7.467928384359639793e+00 0 0 4.581959e-01 1.467274e-01 1.114103e+00 1.766278e-01 1.295357e+02 1.775457e+00 1.507887e+00 8.091559e-01 2.898102e+00 
201 5026  7.473512457520643970e+00 0 0 4.557579e-01 1.472246e-01 1.112337e+00 1.780760e-01 1.296428e+02 1.777648e+00 1.510605e+00 8.064373e-01 2.897926e+00 
202 5051  7.470168726009206672e+00 0 0 4.558269e-01 1.454104e-01 1.109063e+00 1.796899e-01 1.293989e+02 1.778463e+00 1.513304e+00 8.043729e-01 2.897341e+00 
203 5076  7.469621144544148272e+00 0 0 4.565899e-01 1.458725e-01 1.109739e+00 1.775872e-01 1.297880e+02 1.767868e+00 1.507634e+00 8.093972e-01 2.898371e+00 
204 5101  7.473547149876086593e+00 0 0 4.535913e-01 1.484219e-01 1.114288e+00 1.784514e-01 1.294542e+02 1.790475e+00 1.501201e+00 8.047299e-01 2.898406e+00 
205 5126  7.466337160535706730e+00 0 0 4.544988e-01 1.464922e-01 1.112426e+00 1.796265e-01 1.295100e+02 1.788250e+00 1.500508e+00 8.057774e-01 2.898412e+00 
206 5151  7.474857089153447376e+00 0 0 4.569541e-01 1.476427e-01 1.113343e+00 1.778687e-01 1.298310e+02 1.778567e+00 1.502181e+00 8.049393e-01 2.898501e+00 
207 5176  7.472285657214579935e+00 0 0 4.553132e-01 1.471974e-01 1.112101e+00 1.797029e-01 1.298507e+02 1.781982e+00 1.503185e+00 8.029121e-01 2.899562e+00 
208 5201  7.472132509387411581e+00 0 0 4.562421e-01 1.484754e-01 1.116693e+00 1.787193e-01 1.296077e+02 1.792345e+00 1.500901e+00 8.027696e-01 2.899135e+00 
209 5226  7.470361943818894623e+00 0 0 4.573710e-01 1.462187e-01 1.112561e+00 1.787508e-01 1.295374e+02 1.780315e+00 1.504849e+00 8.040418e-01 2.898412e+00 
210 5251  7.470402166864948512e+00 0 0 4.543105e-01 1.473814e-01 1.114350e+00 1.794696e-01 1.297999e+02 1.789405e+00 1.499501e+00 8.074774e-01 2.898437e+00 
211 5276  7.476877494991341244e+00 0 0 4.586324e-01 1.465394e-01 1.113927e+00 1.784911e-01 1.295749e+02 1.783106e+00 1.504996e+00 8.041692e-01 2.898535e+00 
212 5301  7.464093872744775204e+00 0 0 4.576251e-01 1.465480e-01 1.113194e+00 1.788913e-01 1.299860e+02 1.777807e+00 1.501583e+00 8.056460e-01 2.899007e+00 
213 5326  7.470220358360554869e+00 0 0 4.587509e-01 1.464745e-01 1.114931e+00 1.790518e-01 1.299170e+02 1.778279e+00 1.503880e+00 8.040599e-01 2.898340e+00 
214 5351  7.471894969411244425e+00 0 0 4.581295e-01 1.479844e-01 1.115177e+00 1.786541e-01 1.297982e+02 1.786435e+00 1.500182e+00 8.011650e-01 2.898765e+00 
215 5376  7.469478873627215521e+00 0 0 4.583956e-01 1.477563e-01 1.113702e+00 1.800286e-01 1.298617e+02 1.786339e+00 1.502714e+00 7.965348e-01 2.898874e+00 
216 5401  7.470556237070070438e+00 0 0 4.598907e-01 1.466126e-01 1.115076e+00 1.782843e-01 1.299009e+02 1.779407e+00 1.500031e+00 8.045003e-01 2.899231e+00 
217 5426  7.477079713761529689e+00 0 0 4.585107e-01 1.471682e-01 1.112802e+00 1.789004e-01 1.297953e+02 1.785927e+00 1.498394e+00 8.010132e-01 2.898802e+00 
218 5451  7.470097226855374473e+00 0 0 4.563057e-01 1.475595e-01 1.115501e+00 1.786610e-01 1.298285e+02 1.781858e+00 1.502097e+00 8.055858e-01 2.898590e+00 
219 5476  7.470430314471754762e+00 0 0 4.561848e-01 1.483517e-01 1.114532e+00 1.781436e-01 1.297083e+02 1.788663e+00 1.497435e+00 8.038130e-01 2.898082e+00 
220 5501  7.475871372951503169e+00 0 0 4.597846e-01 1.470617e-01 1.113890e+00 1.770292e-01 1.300604e+02 1.777035e+00 1.499069e+00 8.081903e-01 2.898615e+00 
221 5526  7.471685341975111250e+00 0 0 4.581262e-01 1.477114e-01 1.114491e+00 1.783781e-01 1.298961e+02 1.782518e+00 1.501327e+00 8.032673e-01 2.898380e+00 
222 5551  7.476056253867156443e+00 0 0 4.571993e-01 1.475666e-01 1.113319e+00 1.779482e-01 1.300148e+02 1.780074e+00 1.496395e+00 8.058429e-01 2.899094e+00 
223 5576  7.477389633243729072e+00 0 0 4.595702e-01 1.474006e-01 1.113861e+00 1.767716e-01 1.298834e+02 1.781288e+00 1.499314e+00 8.079563e-01 2.898168e+00 
224 5601  7.471742281881654790e+00 0 0 4.601223e-01 1.465602e-01 1.113841e+00 1.779149e-01 1.299017e+02 1.777355e+00 1.502847e+00 8.048093e-01 2.898398e+00 
225 5626  7.471089630770053169e+00 0 0 4.586062e-01 1.475130e-01 1.112667e+00 1.784100e-01 1.298899e+02 1.782186e+00 1.500298e+00 8.016618e-01 2.898499e+00 
226 5651  7.473512425814444526e+00 0 0 4.588209e-01 1.472540e-01 1.114387e+00 1.783080e-01 1.298530e+02 1.780139e+00 1.503543e+00 8.032022e-01 2.898467e+00 
227 5676  7.475225657127649193e+00 0 0 4.584130e-01 1.477294e-01 1.113507e+00 1.785785e-01 1.297718e+02 1.783110e+00 1.504805e+00 8.005974e-01 2.898361e+00 
228 5701  7.469637957983956689e+00 0 0 4.572028e-01 1.473224e-01 1.113115e+00 1.779463e-01 1.297110e+02 1.779107e+00 1.505240e+00 8.052507e-01 2.897838e+00 
229 5726  7.473039580835221685e+00 0 0 4.581818e-01 1.470030e-01 1.113867e+00 1.789499e-01 1.297737e+02 1.781890e+00 1.504843e+00 8.027801e-01 2.898304e+00 
230 5751  7.473061589706029295e+00 0 0 4.597871e-01 1.469969e-01 1.113144e+00 1.777450e-01 1.299125e+02 1.778334e+00 1.502108e+00 8.043635e-01 2.898196e+00 
231 5776  7.474682011293131367e+00 0 0 4.569578e-01 1.476491e-01 1.113620e+00 1.778387e-01 1.296674e+02 1.783493e+00 1.501394e+00 8.050106e-01 2.897552e+00 
232 5801  7.477346240387523935e+00 0 0 4.569495e-01 1.478917e-01 1.115316e+00 1.785901e-01 1.296536e+02 1.787510e+00 1.502702e+00 8.033013e-01 2.898315e+00 
233 5826  7.473025775629875689e+00 0 0 4.558579e-01 1.483222e-01 1.115491e+00 1.783385e-01 1.296177e+02 1.788735e+00 1.503474e+00 8.046555e-01 2.898056e+00 
234 5851  7.474683981160215041e+00 0 0 4.571836e-01 1.471533e-01 1.114142e+00 1.784829e-01 1.296932e+02 1.779290e+00 1.504606e+00 8.039780e-01 2.898087e+00 
235 5876  7.474357730604394234e+00 0 0 4.570387e-01 1.474009e-01 1.114320e+00 1.788582e-01 1.296626e+02 1.783599e+00 1.505240e+00 8.029001e-01 2.898119e+00 
236 5901  7.470510788368790678e+00 0 0 4.570595e-01 1.473331e-01 1.114292e+00 1.781865e-01 1.298034e+02 1.778362e+00 1.504772e+00 8.059178e-01 2.898108e+00 
237 5926  7.473886507324243311e+00 0 0 4.571827e-01 1.481695e-01 1.115107e+00 1.785836e-01 1.296229e+02 1.787970e+00 1.504425e+00 8.017007e-01 2.897927e+00 
238 5951  7.473173938852603726e+00 0 0 4.580799e-01 1.476216e-01 1.115633e+00 1.787429e-01 1.298151e+02 1.784906e+00 1.503221e+00 8.032689e-01 2.898342e+00 
239 5976  7.465318684793997406e+00 0 0 4.566427e-01 1.476416e-01 1.115099e+00 1.780478e-01 1.297044e+02 1.783798e+00 1.501686e+00 8.061654e-01 2.898151e+00 
240 6001  7.472179157309644104e+00 0 0 4.574114e-01 1.474797e-01 1.114770e+00 1.778790e-01 1.297036e+02 1.782604e+00 1.502895e+00 8.059407e-01 2.897843e+00 
241 6026  7.469351509535774980e+00 0 0 4.561182e-01 1.481561e-01 1.115731e+00 1.785114e-01 1.296664e+02 1.787791e+00 1.502079e+00 8.044326e-01 2.898022e+00 
242 6051  7.471105652293820398e+00 0 0 4.579342e-01 1.471215e-01 1.113995e+00 1.782188e-01 1.297166e+02 1.780350e+00 1.505372e+00 8.046330e-01 2.897982e+00 
243 6076  7.471440855904289968e+00 0 0 4.578020e-01 1.469309e-01 1.114229e+00 1.783559e-01 1.296805e+02 1.779892e+00 1.505417e+00 8.047463e-01 2.897802e+00 
244 6101  7.472318600840577751e+00 0 0 4.586640e-01 1.469584e-01 1.114520e+00 1.778635e-01 1.297560e+02 1.777511e+00 1.506519e+00 8.056229e-01 2.897933e+00 
245 6126  7.472720470322966158e+00 0 0 4.573586e-01 1.477147e-01 1.114740e+00 1.782853e-01 1.295827e+02 1.784760e+00 1.505797e+00 8.033307e-01 2.897448e+00 
246 6151  7.474448862678674033e+00 0 0 4.562702e-01 1.479769e-01 1.116070e+00 1.785431e-01 1.294925e+02 1.787180e+00 1.505882e+00 8.036077e-01 2.897731e+00 
247 6176  7.475395708668090222e+00 0 0 4.580794e-01 1.474318e-01 1.114091e+00 1.786096e-01 1.296802e+02 1.784459e+00 1.505181e+00 8.023652e-01 2.897653e+00 
248 6201  7.477474851078994789e+00 0 0 4.580118e-01 1.470577e-01 1.114144e+00 1.783834e-01 1.297199e+02 1.779703e+00 1.506030e+00 8.041753e-01 2.897858e+00 
249 6226  7.469838413454771064e+00 0 0 4.567043e-01 1.477972e-01 1.115045e+00 1.784351e-01 1.295856e+02 1.784522e+00 1.505572e+00 8.034976e-01 2.897950e+00 
250 6251  7.470617959037879174e+00 0 0 4.558286e-01 1.479440e-01 1.115211e+00 1.789290e-01 1.295875e+02 1.788325e+00 1.504586e+00 8.036057e-01 2.897833e+00 
251 6276  7.471969072479192064e+00 0 0 4.578727e-01 1.475100e-01 1.115187e+00 1.781292e-01 1.296664e+02 1.782341e+00 1.504606e+00 8.039664e-01 2.897933e+00 
252 6301  7.466708328602424061e+00 0 0 4.572637e-01 1.474666e-01 1.114773e+00 1.781932e-01 1.296766e+02 1.781005e+00 1.505220e+00 8.044921e-01 2.898032e+00 
253 6326  7.470518463058862579e+00 0 0 4.566599e-01 1.477151e-01 1.115521e+00 1.783111e-01 1.295904e+02 1.783798e+00 1.505307e+00 8.043798e-01 2.898097e+00 
254 6351  7.474070039880648331e+00 0 0 4.574375e-01 1.476424e-01 1.115382e+00 1.781338e-01 1.296687e+02 1.782718e+00 1.505540e+00 8.048076e-01 2.898143e+00 
255 6376  7.470568928557836053e+00 0 0 4.576847e-01 1.476904e-01 1.115043e+00 1.779927e-01 1.296186e+02 1.782920e+00 1.505807e+00 8.040016e-01 2.897782e+00 
256 6401  7.473951346412253116e+00 0 0 4.579584e-01 1.476237e-01 1.115611e+00 1.780991e-01 1.296373e+02 1.783082e+00 1.505642e+00 8.039916e-01 2.898120e+00 
257 6426  7.472198754757066297e+00 0 0 4.590046e-01 1.472185e-01 1.114013e+00 1.778691e-01 1.297142e+02 1.779120e+00 1.507017e+00 8.039449e-01 2.897972e+00 
258 6451  7.474236543018340839e+00 0 0 4.570069e-01 1.482112e-01 1.115690e+00 1.782224e-01 1.296206e+02 1.787525e+00 1.503424e+00 8.034363e-01 2.898074e+00 
259 6476  7.475430953838182013e+00 0 0 4.577141e-01 1.476072e-01 1.115063e+00 1.778946e-01 1.296545e+02 1.782542e+00 1.503708e+00 8.046421e-01 2.898158e+00 
260 6501  7.475085749114199984e+00 0 0 4.567228e-01 1.482778e-01 1.115334e+00 1.780980e-01 1.295606e+02 1.788663e+00 1.503933e+00 8.037635e-01 2.897821e+00 
261 6526  7.472261075316561474e+00 0 0 4.577861e-01 1.478500e-01 1.115768e+00 1.784678e-01 1.297110e+02 1.786294e+00 1.504218e+00 8.034787e-01 2.898342e+00 
262 6551  7.470588547307035476e+00 0 0 4.585425e-01 1.477128e-01 1.114740e+00 1.780458e-01 1.296787e+02 1.784333e+00 1.504837e+00 8.030703e-01 2.897842e+00 
263 6576  7.471987741566938901e+00 0 0 4.568573e-01 1.477879e-01 1.114888e+00 1.779885e-01 1.296743e+02 1.783371e+00 1.503070e+00 8.052322e-01 2.898037e+00 
264 6601  7.472357840694728637e+00 0 0 4.573306e-01 1.476552e-01 1.115157e+00 1.784183e-01 1.296022e+02 1.785781e+00 1.504463e+00 8.034891e-01 2.897757e+00 
265 6626  7.471563500558787929e+00 0 0 4.570348e-01 1.480570e-01 1.115891e+00 1.786313e-01 1.295731e+02 1.790124e+00 1.503629e+00 8.028462e-01 2.897925e+00 
266 6651  7.473507564395105440e+00 0 0 4.581775e-01 1.477959e-01 1.115542e+00 1.783807e-01 1.295848e+02 1.787288e+00 1.505638e+00 8.025431e-01 2.897624e+00 
267 6676  7.471287552165834178e+00 0 0 4.572433e-01 1.480058e-01 1.115474e+00 1.790226e-01 1.296216e+02 1.790373e+00 1.504751e+00 8.016778e-01 2.897941e+00 
268 6701  7.468767525974491228e+00 0 0 4.573568e-01 1.480237e-01 1.115339e+00 1.782793e-01 1.296006e+02 1.788669e+00 1.503403e+00 8.034009e-01 2.897904e+00 
269 6726  7.473230813216849455e+00 0 0 4.571144e-01 1.480636e-01 1.115759e+00 1.787837e-01 1.295292e+02 1.790844e+00 1.504849e+00 8.020391e-01 2.897696e+00 
270 6751  7.472276103469162045e+00 0 0 4.577765e-01 1.478535e-01 1.115132e+00 1.783928e-01 1.296370e+02 1.787665e+00 1.503674e+00 8.029510e-01 2.897986e+00 
271 6776  7.472487536787972395e+00 0 0 4.575638e-01 1.477406e-01 1.115711e+00 1.786172e-01 1.295898e+02 1.788437e+00 1.504126e+00 8.030128e-01 2.898108e+00 
272 6801  7.471506541611718788e+00 0 0 4.570645e-01 1.474715e-01 1.115512e+00 1.784964e-01 1.295652e+02 1.785765e+00 1.504724e+00 8.042754e-01 2.898267e+00 
273 6826  7.465571550741450402e+00 0 0 4.578882e-01 1.474655e-01 1.114724e+00 1.786044e-01 1.296858e+02 1.785098e+00 1.504820e+00 8.032671e-01 2.898219e+00 
274 6851  7.469509794832054794e+00 0 0 4.578869e-01 1.480002e-01 1.115191e+00 1.789629e-01 1.297233e+02 1.790413e+00 1.502817e+00 8.016163e-01 2.898284e+00 
275 6876  7.471915082975222333e+00 0 0 4.575660e-01 1.476414e-01 1.114214e+00 1.786793e-01 1.297070e+02 1.786179e+00 1.504308e+00 8.031078e-01 2.898013e+00 
276 6901  7.473108025772827290e+00 0 0 4.562514e-01 1.483395e-01 1.115519e+00 1.788743e-01 1.296580e+02 1.791377e+00 1.502164e+00 8.029906e-01 2.898340e+00 
277 6926  7.469968868860966005e+00 0 0 4.555363e-01 1.484592e-01 1.115452e+00 1.786089e-01 1.297278e+02 1.789033e+00 1.500711e+00 8.043526e-01 2.898803e+00 
278 6951  7.471418181048939289e+00 0 0 4.560760e-01 1.486764e-01 1.115452e+00 1.794446e-01 1.296715e+02 1.797274e+00 1.501167e+00 8.013421e-01 2.898106e+00 
279 6976  7.469876863952470636e+00 0 0 4.577600e-01 1.478397e-01 1.115089e+00 1.783330e-01 1.296760e+02 1.788342e+00 1.502974e+00 8.037084e-01 2.898432e+00 
280 7001  7.467681780878912434e+00 0 0 4.570702e-01 1.481252e-01 1.114936e+00 1.786623e-01 1.296710e+02 1.789947e+00 1.502375e+00 8.027855e-01 2.897935e+00 
281 7026  7.476551781582181810e+00 0 0 4.562694e-01 1.480031e-01 1.116235e+00 1.784264e-01 1.293621e+02 1.789564e+00 1.507262e+00 8.034939e-01 2.897625e+00 
282 7051  7.469771453318821308e+00 0 0 4.557291e-01 1.478837e-01 1.116762e+00 1.781741e-01 1.294718e+02 1.787377e+00 1.503846e+00 8.061883e-01 2.898237e+00 
283 7076  7.468361313869859686e+00 0 0 4.557954e-01 1.480370e-01 1.116787e+00 1.780345e-01 1.294867e+02 1.785070e+00 1.505556e+00 8.058430e-01 2.898183e+00 
284 7101  7.467115258090451846e+00 0 0 4.546855e-01 1.483426e-01 1.118787e+00 1.779835e-01 1.293104e+02 1.789516e+00 1.505867e+00 8.070555e-01 2.898468e+00 
285 7126  7.471778011198762393e+00 0 0 4.528534e-01 1.486494e-01 1.119221e+00 1.771734e-01 1.291804e+02 1.788241e+00 1.504176e+00 8.101396e-01 2.898622e+00 
286 7151  7.457829969630103584e+00 0 0 4.534696e-01 1.485088e-01 1.117838e+00 1.785223e-01 1.293358e+02 1.792203e+00 1.503034e+00 8.062430e-01 2.898614e+00 
287 7176  7.472546333404038066e+00 0 0 4.534927e-01 1.482280e-01 1.117360e+00 1.784263e-01 1.292996e+02 1.789747e+00 1.504853e+00 8.068714e-01 2.898342e+00 
288 7201  7.472268841604658540e+00 0 0 4.541696e-01 1.485549e-01 1.117814e+00 1.782657e-01 1.294070e+02 1.791677e+00 1.502161e+00 8.066038e-01 2.898600e+00 
289 7226  7.471986267150529493e+00 0 0 4.567882e-01 1.478978e-01 1.116768e+00 1.786608e-01 1.296072e+02 1.790767e+00 1.501881e+00 8.045313e-01 2.898509e+00 
290 7251  7.471125045862887504e+00 0 0 4.574694e-01 1.479328e-01 1.117495e+00 1.784475e-01 1.295914e+02 1.791527e+00 1.501839e+00 8.045121e-01 2.898674e+00 
291 7276  7.472237388921767476e+00 0 0 4.546066e-01 1.481129e-01 1.117462e+00 1.777156e-01 1.293284e+02 1.786570e+00 1.505070e+00 8.076644e-01 2.898109e+00 
292 7301  7.470238933677813442e+00 0 0 4.541452e-01 1.483119e-01 1.118301e+00 1.781786e-01 1.293473e+02 1.790908e+00 1.504266e+00 8.077714e-01 2.898470e+00 
293 7326  7.474865318765534283e+00 0 0 4.552439e-01 1.480537e-01 1.117954e+00 1.786329e-01 1.294840e+02 1.792731e+00 1.501645e+00 8.065963e-01 2.898814e+00 
294 7351  7.466386336071769492e+00 0 0 4.570380e-01 1.471145e-01 1.116989e+00 1.776596e-01 1.294988e+02 1.781391e+00 1.504887e+00 8.078517e-01 2.898436e+00 
295 7376  7.474355311099415644e+00 0 0 4.551158e-01 1.473497e-01 1.118201e+00 1.780179e-01 1.295462e+02 1.782809e+00 1.503820e+00 8.102464e-01 2.899086e+00 
296 7401  7.475245255764998653e+00 0 0 4.571770e-01 1.473374e-01 1.116763e+00 1.785456e-01 1.298214e+02 1.784984e+00 1.500783e+00 8.071244e-01 2.899437e+00 
297 7426  7.473306671994440542e+00 0 0 4.555705e-01 1.473778e-01 1.117776e+00 1.779797e-01 1.295187e+02 1.783513e+00 1.504784e+00 8.093797e-01 2.899157e+00 
298 7451  7.473048549349647907e+00 0 0 4.542203e-01 1.474304e-01 1.116964e+00 1.782343e-01 1.294425e+02 1.784125e+00 1.505424e+00 8.094876e-01 2.898701e+00 
299 7476  7.470490843996051566e+00 0 0 4.561428e-01 1.467526e-01 1.116520e+00 1.779966e-01 1.293865e+02 1.782512e+00 1.508549e+00 8.094776e-01 2.898205e+00 
300 7501  7.464620444439474589e+00 0 0 4.555548e-01 1.475781e-01 1.116850e+00 1.782665e-01 1.295767e+02 1.786060e+00 1.503087e+00 8.080795e-01 2.899044e+00 
301 7526  7.462448699233140026e+00 0 0 4.550288e-01 1.472095e-01 1.117148e+00 1.780260e-01 1.293833e+02 1.783760e+00 1.506803e+00 8.096887e-01 2.898413e+00 
302 7551  7.469511825252506121e+00 0 0 4.562202e-01 1.468023e-01 1.116996e+00 1.773978e-01 1.294121e+02 1.778094e+00 1.508142e+00 8.105740e-01 2.898623e+00 
303 7576  7.467380645695339325e+00 0 0 4.548261e-01 1.472395e-01 1.117589e+00 1.776870e-01 1.294696e+02 1.781998e+00 1.505217e+00 8.116201e-01 2.899132e+00 
304 7601  7.470577568350978304e+00 0 0 4.553735e-01 1.468537e-01 1.117248e+00 1.778744e-01 1.293752e+02 1.780618e+00 1.507896e+00 8.102591e-01 2.898523e+00 
305 7626  7.465921083984402351e+00 0 0 4.543090e-01 1.472585e-01 1.118049e+00 1.780270e-01 1.292753e+02 1.783822e+00 1.508289e+00 8.100506e-01 2.898376e+00 
306 7651  7.463786165026599306e+00 0 0 4.536006e-01 1.473098e-01 1.118236e+00 1.779005e-01 1.293830e+02 1.782056e+00 1.505778e+00 8.118265e-01 2.899009e+00 
307 7676  7.471847726904148779e+00 0 0 4.533047e-01 1.480850e-01 1.118744e+00 1.791922e-01 1.294838e+02 1.791332e+00 1.503534e+00 8.077593e-01 2.899182e+00 
308 7701  7.471474276837470896e+00 0 0 4.549702e-01 1.474169e-01 1.118016e+00 1.780721e-01 1.294998e+02 1.785671e+00 1.503524e+00 8.103678e-01 2.899207e+00 
309 7726  7.468948476565537398e+00 0 0 4.554718e-01 1.476514e-01 1.117512e+00 1.786923e-01 1.295615e+02 1.790772e+00 1.501478e+00 8.076137e-01 2.899045e+00 
310 7751  7.466847571710660603e+00 0 0 4.549039e-01 1.474970e-01 1.117631e+00 1.781439e-01 1.294811e+02 1.785241e+00 1.504646e+00 8.094158e-01 2.898846e+00 
311 7776  7.470109849854871698e+00 0 0 4.548989e-01 1.476069e-01 1.118361e+00 1.782653e-01 1.294234e+02 1.788853e+00 1.503666e+00 8.093282e-01 2.898757e+00 
312 7801  7.473780544069387410e+00 0 0 4.540954e-01 1.474160e-01 1.118817e+00 1.779624e-01 1.293562e+02 1.785182e+00 1.504913e+00 8.112103e-01 2.899002e+00 
313 7826  7.473511293278749967e+00 0 0 4.544495e-01 1.473195e-01 1.118140e+00 1.778458e-01 1.292939e+02 1.784525e+00 1.506953e+00 8.107325e-01 2.898585e+00 
314 7851  7.463097642506132168e+00 0 0 4.546002e-01 1.475429e-01 1.118251e+00 1.784681e-01 1.294469e+02 1.787195e+00 1.504681e+00 8.091152e-01 2.898803e+00 
315 7876  7.468727194566978866e+00 0 0 4.549836e-01 1.472836e-01 1.118455e+00 1.784436e-01 1.294196e+02 1.788100e+00 1.504602e+00 8.097305e-01 2.898774e+00 
316 7901  7.470353450279606733e+00 0 0 4.538707e-01 1.476560e-01 1.118406e+00 1.784391e-01 1.293553e+02 1.788972e+00 1.504835e+00 8.095543e-01 2.898718e+00 
317 7926  7.469388113929802842e+00 0 0 4.552874e-01 1.471689e-01 1.118028e+00 1.778634e-01 1.294466e+02 1.784162e+00 1.504261e+00 8.108304e-01 2.898916e+00 
318 7951  7.470402657568010696e+00 0 0 4.556983e-01 1.473253e-01 1.118159e+00 1.784691e-01 1.295634e+02 1.787482e+00 1.502366e+00 8.089670e-01 2.899108e+00 
319 7976  7.464814353963062032e+00 0 0 4.541189e-01 1.476612e-01 1.118561e+00 1.779977e-01 1.294300e+02 1.786148e+00 1.503446e+00 8.106621e-01 2.899023e+00 
320 8001  7.461981762316534983e+00 0 0 4.548680e-01 1.471894e-01 1.118838e+00 1.777456e-01 1.293767e+02 1.783598e+00 1.504931e+00 8.114303e-01 2.898949e+00 
321 8026  7.473003222083219654e+00 0 0 4.546337e-01 1.474305e-01 1.118538e+00 1.779826e-01 1.294362e+02 1.785850e+00 1.503595e+00 8.108140e-01 2.899019e+00 
322 8051  7.473389295488955142e+00 0 0 4.549851e-01 1.471968e-01 1.118840e+00 1.776517e-01 1.294529e+02 1.783293e+00 1.503200e+00 8.119683e-01 2.899229e+00 
323 8076  7.467010822075287102e+00 0 0 4.541588e-01 1.479844e-01 1.119296e+00 1.785077e-01 1.294519e+02 1.790912e+00 1.501817e+00 8.089704e-01 2.899210e+00 
324 8101  7.470349481767986966e+00 0 0 4.547220e-01 1.476685e-01 1.118911e+00 1.781324e-01 1.294622e+02 1.788102e+00 1.502027e+00 8.098696e-01 2.899109e+00 
325 8126  7.474791466479700830e+00 0 0 4.537559e-01 1.477042e-01 1.119160e+00 1.782017e-01 1.293239e+02 1.788716e+00 1.504056e+00 8.102751e-01 2.898842e+00 
326 8151  7.472536546709102723e+00 0 0 4.541815e-01 1.474877e-01 1.119168e+00 1.778726e-01 1.294013e+02 1.784989e+00 1.503590e+00 8.113397e-01 2.899111e+00 
327 8176  7.468675088553954566e+00 0 0 4.544223e-01 1.475135e-01 1.118737e+00 1.780600e-01 1.294392e+02 1.786298e+00 1.503085e+00 8.106044e-01 2.899108e+00 
328 8201  7.467694095382690023e+00 0 0 4.546246e-01 1.474823e-01 1.118538e+00 1.779582e-01 1.293961e+02 1.786040e+00 1.503858e+00 8.102592e-01 2.898966e+00 
329 8226  7.471766855902676419e+00 0 0 4.541842e-01 1.475959e-01 1.118934e+00 1.782163e-01 1.294807e+02 1.787410e+00 1.501597e+00 8.105954e-01 2.899486e+00 
330 8251  7.464131899984563390e+00 0 0 4.545696e-01 1.475724e-01 1.118556e+00 1.778835e-01 1.293670e+02 1.786836e+00 1.503611e+00 8.101021e-01 2.898855e+00 
331 8276  7.472310309427935948e+00 0 0 4.549497e-01 1.474728e-01 1.118549e+00 1.782855e-01 1.294140e+02 1.789048e+00 1.503437e+00 8.095956e-01 2.898778e+00 
332 8301  7.473242649162424200e+00 0 0 4.547218e-01 1.474181e-01 1.118852e+00 1.780323e-01 1.294244e+02 1.786820e+00 1.503441e+00 8.107573e-01 2.899052e+00 
333 8326  7.471832948023164001e+00 0 0 4.560582e-01 1.472823e-01 1.117852e+00 1.780050e-01 1.294349e+02 1.787344e+00 1.504270e+00 8.091659e-01 2.898478e+00 
334 8351  7.470084552776302012e+00 0 0 4.548741e-01 1.474885e-01 1.118341e+00 1.782926e-01 1.293783e+02 1.789204e+00 1.504233e+00 8.093006e-01 2.898605e+00 
335 8376  7.471027733717533259e+00 0 0 4.540459e-01 1.476719e-01 1.119329e+00 1.785255e-01 1.295651e+02 1.789070e+00 1.500437e+00 8.107045e-01 2.899688e+00 
336 8401  7.473251900683887783e+00 0 0 4.557423e-01 1.473224e-01 1.118432e+00 1.781333e-01 1.294232e+02 1.788608e+00 1.503921e+00 8.094494e-01 2.898867e+00 
337 8426  7.469255445115251746e+00 0 0 4.557013e-01 1.469215e-01 1.117693e+00 1.775192e-01 1.292767e+02 1.785042e+00 1.506947e+00 8.111958e-01 2.898246e+00 
338 8451  7.468451691184387009e+00 0 0 4.564113e-01 1.472457e-01 1.118286e+00 1.778545e-01 1.293949e+02 1.789275e+00 1.503650e+00 8.094429e-01 2.898494e+00 
339 8476  7.467153284573224248e+00 0 0 4.549847e-01 1.476032e-01 1.118342e+00 1.781016e-01 1.294598e+02 1.788209e+00 1.503138e+00 8.097478e-01 2.898971e+00 
340 8501  7.469082179832482460e+00 0 0 4.555239e-01 1.477583e-01 1.118859e+00 1.788099e-01 1.296631e+02 1.791149e+00 1.500189e+00 8.081423e-01 2.899486e+00 
341 8526  7.465846918548838751e+00 0 0 4.527949e-01 1.487524e-01 1.119587e+00 1.792441e-01 1.296251e+02 1.795989e+00 1.497300e+00 8.077320e-01 2.899946e+00 
342 8551  7.469306722952816280e+00 0 0 4.552950e-01 1.474784e-01 1.118859e+00 1.777381e-01 1.293139e+02 1.788872e+00 1.504600e+00 8.103553e-01 2.898623e+00 
343 8576  7.468993938162217461e+00 0 0 4.553207e-01 1.476710e-01 1.118390e+00 1.782088e-01 1.294525e+02 1.791464e+00 1.502698e+00 8.093796e-01 2.898754e+00 
344 8601  7.470921386193932534e+00 0 0 4.546546e-01 1.475777e-01 1.118074e+00 1.781985e-01 1.294637e+02 1.788118e+00 1.503330e+00 8.099582e-01 2.898970e+00 
345 8626  7.468940149257464967e+00 0 0 4.534314e-01 1.477306e-01 1.119249e+00 1.782428e-01 1.294205e+02 1.788508e+00 1.502200e+00 8.111481e-01 2.899360e+00 
346 8651  7.467226420341319226e+00 0 0 4.542721e-01 1.475905e-01 1.118758e+00 1.781170e-01 1.293513e+02 1.789563e+00 1.503871e+00 8.104963e-01 2.898813e+00 
347 8676  7.473454246504590337e+00 0 0 4.543085e-01 1.476671e-01 1.118864e+00 1.782676e-01 1.294240e+02 1.789815e+00 1.503090e+00 8.103516e-01 2.898958e+00 
348 8701  7.469932134566322546e+00 0 0 4.541131e-01 1.477902e-01 1.118967e+00 1.783274e-01 1.294362e+02 1.789984e+00 1.502365e+00 8.099438e-01 2.899147e+00 
349 8726  7.472763933701907391e+00 0 0 4.533463e-01 1.478146e-01 1.119161e+00 1.782200e-01 1.293364e+02 1.789858e+00 1.503779e+00 8.108285e-01 2.899035e+00 
350 8751  7.467960595831105941e+00 0 0 4.546962e-01 1.474830e-01 1.118416e+00 1.779916e-01 1.294123e+02 1.787700e+00 1.503777e+00 8.106869e-01 2.898876e+00 
351 8776  7.465786020696489445e+00 0 0 4.547883e-01 1.475580e-01 1.118689e+00 1.782108e-01 1.294323e+02 1.788795e+00 1.503204e+00 8.098382e-01 2.898979e+00 
352 8801  7.474472237849671075e+00 0 0 4.548872e-01 1.473741e-01 1.118374e+00 1.780648e-01 1.294564e+02 1.787049e+00 1.503259e+00 8.106009e-01 2.899014e+00 
353 8826  7.472180273752602631e+00 0 0 4.544766e-01 1.475921e-01 1.118697e+00 1.780516e-01 1.294018e+02 1.788610e+00 1.503556e+00 8.105905e-01 2.899067e+00 
354 8851  7.471061658676005912e+00 0 0 4.545998e-01 1.475186e-01 1.118713e+00 1.781998e-01 1.294645e+02 1.788576e+00 1.502455e+00 8.105296e-01 2.899195e+00 
355 8876  7.472553957153388993e+00 0 0 4.549448e-01 1.474930e-01 1.118530e+00 1.779743e-01 1.294581e+02 1.787727e+00 1.503005e+00 8.106806e-01 2.899039e+00 
356 8901  7.467164048006979193e+00 0 0 4.543540e-01 1.475685e-01 1.118719e+00 1.781245e-01 1.294209e+02 1.788585e+00 1.503299e+00 8.107565e-01 2.899112e+00 
357 8926  7.472954638803958716e+00 0 0 4.543267e-01 1.475282e-01 1.118610e+00 1.781275e-01 1.294507e+02 1.787998e+00 1.502757e+00 8.109025e-01 2.899258e+00 
358 8951  7.473248714804703319e+00 0 0 4.544446e-01 1.475536e-01 1.118585e+00 1.782271e-01 1.294105e+02 1.789103e+00 1.503564e+00 8.102979e-01 2.898964e+00 
359 8976  7.474248572134421842e+00 0 0 4.541703e-01 1.477086e-01 1.118557e+00 1.782496e-01 1.294005e+02 1.789509e+00 1.503426e+00 8.099615e-01 2.898975e+00 
360 9001  7.471267695866401937e+00 0 0 4.541323e-01 1.476575e-01 1.118645e+00 1.780889e-01 1.293988e+02 1.788931e+00 1.503238e+00 8.107187e-01 2.899046e+00 
361 9026  7.468974877553446134e+00 0 0 4.543787e-01 1.476779e-01 1.118382e+00 1.782206e-01 1.294469e+02 1.788826e+00 1.502991e+00 8.099753e-01 2.899015e+00 
362 9051  7.467751007233516702e+00 0 0 4.545150e-01 1.475322e-01 1.118331e+00 1.781407e-01 1.294085e+02 1.788023e+00 1.503815e+00 8.101218e-01 2.898949e+00 
363 9076  7.465872136729952757e+00 0 0 4.544177e-01 1.476187e-01 1.118494e+00 1.782435e-01 1.294384e+02 1.788913e+00 1.502896e+00 8.100616e-01 2.899009e+00 
364 9101  7.471838594947535661e+00 0 0 4.541848e-01 1.474978e-01 1.118449e+00 1.781736e-01 1.294092e+02 1.787727e+00 1.503762e+00 8.106563e-01 2.899116e+00 
365 9126  7.465471497704117887e+00 0 0 4.537855e-01 1.477496e-01 1.118716e+00 1.781855e-01 1.293913e+02 1.789385e+00 1.503107e+00 8.105846e-01 2.899051e+00 
366 9151  7.469657397812204280e+00 0 0 4.538485e-01 1.477474e-01 1.118677e+00 1.782291e-01 1.293912e+02 1.789288e+00 1.503422e+00 8.103198e-01 2.899053e+00 
367 9176  7.471440392182344681e+00 0 0 4.539376e-01 1.477221e-01 1.118708e+00 1.782946e-01 1.293816e+02 1.790091e+00 1.503448e+00 8.101853e-01 2.898966e+00 
368 9201  7.471085195896976394e+00 0 0 4.542103e-01 1.476628e-01 1.118636e+00 1.781590e-01 1.293779e+02 1.789838e+00 1.503534e+00 8.103873e-01 2.898944e+00 
369 9226  7.471109424423665324e+00 0 0 4.540265e-01 1.477325e-01 1.118739e+00 1.782598e-01 1.294169e+02 1.789597e+00 1.502773e+00 8.102407e-01 2.899102e+00 
370 9251  7.470833837054837723e+00 0 0 4.542672e-01 1.476452e-01 1.118587e+00 1.782466e-01 1.293880e+02 1.789922e+00 1.503612e+00 8.101556e-01 2.898951e+00 
371 9276  7.467344227365798837e+00 0 0 4.542502e-01 1.476703e-01 1.118765e+00 1.783919e-01 1.294685e+02 1.789649e+00 1.502088e+00 8.100407e-01 2.899214e+00 
372 9301  7.472238867949402064e+00 0 0 4.543038e-01 1.475985e-01 1.118663e+00 1.781620e-01 1.294563e+02 1.788021e+00 1.502567e+00 8.105549e-01 2.899250e+00 
373 9326  7.472173621676294175e+00 0 0 4.541359e-01 1.475810e-01 1.118865e+00 1.781335e-01 1.294250e+02 1.788329e+00 1.502931e+00 8.109748e-01 2.899227e+00 
374 9351  7.470350028835941458e+00 0 0 4.542169e-01 1.475104e-01 1.118618e+00 1.780829e-01 1.293761e+02 1.788327e+00 1.504041e+00 8.108738e-01 2.899068e+00 
375 9376  7.473067738379979730e+00 0 0 4.538137e-01 1.476893e-01 1.118764e+00 1.783175e-01 1.293425e+02 1.790245e+00 1.504127e+00 8.102251e-01 2.898969e+00 
376 9401  7.465297231521941690e+00 0 0 4.547558e-01 1.475197e-01 1.118463e+00 1.780626e-01 1.294717e+02 1.787910e+00 1.502594e+00 8.105986e-01 2.899129e+00 
377 9426  7.468406999821260328e+00 0 0 4.542889e-01 1.475377e-01 1.118913e+00 1.781460e-01 1.294902e+02 1.787054e+00 1.502423e+00 8.110848e-01 2.899501e+00 
378 9451  7.463510852824131625e+00 0 0 4.541943e-01 1.477610e-01 1.118816e+00 1.781725e-01 1.294227e+02 1.789749e+00 1.502400e+00 8.102930e-01 2.899056e+00 
379 9476  7.470280222571579642e+00 0 0 4.537522e-01 1.477945e-01 1.118853e+00 1.783060e-01 1.294610e+02 1.788811e+00 1.502095e+00 8.104191e-01 2.899367e+00 
380 9501  7.465687264175211446e+00 0 0 4.542523e-01 1.476525e-01 1.118759e+00 1.781871e-01 1.294662e+02 1.788411e+00 1.502224e+00 8.105904e-01 2.899239e+00 
381 9526  7.465764068920229590e+00 0 0 4.538723e-01 1.477595e-01 1.118861e+00 1.782237e-01 1.293795e+02 1.790241e+00 1.503468e+00 8.105430e-01 2.899090e+00 
382 9551  7.466680343584736868e+00 0 0 4.534872e-01 1.478384e-01 1.119207e+00 1.782444e-01 1.294322e+02 1.789540e+00 1.502159e+00 8.110343e-01 2.899471e+00 
383 9576  7.468302622357986920e+00 0 0 4.537518e-01 1.477198e-01 1.119450e+00 1.781344e-01 1.294950e+02 1.788199e+00 1.500958e+00 8.116366e-01 2.899778e+00 
384 9601  7.461721422626979461e+00 0 0 4.533912e-01 1.477470e-01 1.119444e+00 1.782641e-01 1.294654e+02 1.788274e+00 1.501827e+00 8.114937e-01 2.899745e+00 
385 9626  7.470549856777324749e+00 0 0 4.542458e-01 1.476312e-01 1.118755e+00 1.781579e-01 1.294742e+02 1.788363e+00 1.502513e+00 8.109611e-01 2.899325e+00 
386 9651  7.473730268690613521e+00 0 0 4.538144e-01 1.477284e-01 1.119039e+00 1.782429e-01 1.294630e+02 1.788663e+00 1.502097e+00 8.109137e-01 2.899465e+00 
387 9676  7.471192848999246294e+00 0 0 4.537257e-01 1.477473e-01 1.119113e+00 1.783081e-01 1.294650e+02 1.789555e+00 1.501716e+00 8.110064e-01 2.899499e+00 
388 9701  7.465416851841168544e+00 0 0 4.536435e-01 1.477353e-01 1.119092e+00 1.782200e-01 1.294538e+02 1.788755e+00 1.502202e+00 8.112742e-01 2.899477e+00 
389 9726  7.467435530300320146e+00 0 0 4.533623e-01 1.477735e-01 1.119295e+00 1.781585e-01 1.294075e+02 1.789048e+00 1.502535e+00 8.115813e-01 2.899405e+00 
390 9751  7.466011613198566543e+00 0 0 4.540131e-01 1.476157e-01 1.118999e+00 1.782002e-01 1.294448e+02 1.788738e+00 1.502588e+00 8.111212e-01 2.899361e+00 
391 9776  7.470739927825644777e+00 0 0 4.535964e-01 1.477169e-01 1.119130e+00 1.782088e-01 1.294119e+02 1.789278e+00 1.502736e+00 8.112788e-01 2.899371e+00 
392 9801  7.471031757112973182e+00 0 0 4.537482e-01 1.476955e-01 1.119136e+00 1.781793e-01 1.294632e+02 1.788300e+00 1.501953e+00 8.113295e-01 2.899528e+00 
393 9826  7.473102782354751561e+00 0 0 4.538191e-01 1.477651e-01 1.119113e+00 1.782685e-01 1.294490e+02 1.789194e+00 1.502120e+00 8.107116e-01 2.899356e+00 
394 9851  7.472677509458143241e+00 0 0 4.537462e-01 1.477490e-01 1.119165e+00 1.782219e-01 1.294601e+02 1.788776e+00 1.501909e+00 8.110755e-01 2.899403e+00 
395 9876  7.468320072974457879e+00 0 0 4.535284e-01 1.477722e-01 1.119073e+00 1.783396e-01 1.294056e+02 1.790186e+00 1.502770e+00 8.108378e-01 2.899310e+00 
396 9901  7.475165650792702010e+00 0 0 4.538064e-01 1.478412e-01 1.118998e+00 1.783337e-01 1.294352e+02 1.790215e+00 1.502260e+00 8.103146e-01 2.899226e+00 
397 9926  7.468926033979413681e+00 0 0 4.537272e-01 1.477609e-01 1.119062e+00 1.783889e-01 1.294197e+02 1.789808e+00 1.502673e+00 8.103474e-01 2.899285e+00 
398 9951  7.474139371182122460e+00 0 0 4.531861e-01 1.478679e-01 1.119464e+00 1.784095e-01 1.293882e+02 1.790817e+00 1.502651e+00 8.109071e-01 2.899399e+00 
399 9976  7.465352327773427277e+00 0 0 4.532336e-01 1.478608e-01 1.119317e+00 1.783208e-01 1.294174e+02 1.789818e+00 1.502284e+00 8.110597e-01 2.899481e+00 
400 10001  7.463484606397934762e+00 0 0 4.531191e-01 1.479086e-01 1.119351e+00 1.783940e-01 1.294008e+02 1.790838e+00 1.502306e+00 8.109127e-01 2.899434e+00 
401 10026  7.468580339729426143e+00 0 0 4.533403e-01 1.477871e-01 1.119244e+00 1.783300e-01 1.294232e+02 1.789430e+00 1.502507e+00 8.111143e-01 2.899418e+00 
402 10051  7.465102612541088867e+00 0 0 4.533915e-01 1.477841e-01 1.119210e+00 1.782782e-01 1.294078e+02 1.789449e+00 1.502678e+00 8.111129e-01 2.899378e+00 
403 10076  7.469392621017637346e+00 0 0 4.532720e-01 1.478200e-01 1.119307e+00 1.783418e-01 1.294231e+02 1.789586e+00 1.502357e+00 8.110916e-01 2.899494e+00 
404 10101  7.476738637021346889e+00 0 0 4.535340e-01 1.478351e-01 1.119170e+00 1.783606e-01 1.294372e+02 1.789932e+00 1.502175e+00 8.106696e-01 2.899428e+00 
405 10126  7.468680896584301010e+00 0 0 4.535647e-01 1.477905e-01 1.119159e+00 1.783250e-01 1.294312e+02 1.789760e+00 1.502335e+00 8.108563e-01 2.899403e+00 
406 10151  7.468150307691975520e+00 0 0 4.531743e-01 1.479164e-01 1.119265e+00 1.783570e-01 1.293910e+02 1.790486e+00 1.502700e+00 8.107812e-01 2.899367e+00 
407 10176  7.468617247246710278e+00 0 0 4.536576e-01 1.477313e-01 1.119088e+00 1.783105e-01 1.294213e+02 1.789654e+00 1.502624e+00 8.108887e-01 2.899313e+00 
408 10201  7.472237397259650749e+00 0 0 4.532276e-01 1.478537e-01 1.119254e+00 1.783356e-01 1.293957e+02 1.790255e+00 1.502673e+00 8.110104e-01 2.899378e+00 
409 10226  7.466999724900498236e+00 0 0 4.535023e-01 1.478193e-01 1.118942e+00 1.783475e-01 1.293837e+02 1.790156e+00 1.503317e+00 8.104708e-01 2.899163e+00 
410 10251  7.473044311001277862e+00 0 0 4.530721e-01 1.478557e-01 1.119241e+00 1.783509e-01 1.293878e+02 1.790040e+00 1.502906e+00 8.110830e-01 2.899392e+00 
411 10276  7.470260609583259104e+00 0 0 4.527313e-01 1.479513e-01 1.119405e+00 1.783770e-01 1.293646e+02 1.790662e+00 1.502918e+00 8.111955e-01 2.899398e+00 
412 10301  7.467824720924441273e+00 0 0 4.530755e-01 1.478799e-01 1.119311e+00 1.783966e-01 1.293903e+02 1.790248e+00 1.502851e+00 8.109238e-01 2.899364e+00 
413 10326  7.470121047291573113e+00 0 0 4.530667e-01 1.478478e-01 1.119189e+00 1.783656e-01 1.294002e+02 1.789697e+00 1.502852e+00 8.110616e-01 2.899469e+00 
414 10351  7.470271369357936564e+00 0 0 4.530169e-01 1.478939e-01 1.119278e+00 1.784108e-01 1.293821e+02 1.790484e+00 1.502860e+00 8.108653e-01 2.899409e+00 
415 10376  7.462968833663316204e+00 0 0 4.529314e-01 1.478591e-01 1.119325e+00 1.783980e-01 1.293729e+02 1.790430e+00 1.502998e+00 8.111310e-01 2.899456e+00 
416 10401  7.470460852662771600e+00 0 0 4.529194e-01 1.478041e-01 1.119274e+00 1.783999e-01 1.293657e+02 1.790200e+00 1.503324e+00 8.112587e-01 2.899452e+00 
417 10426  7.468996881062397897e+00 0 0 4.527494e-01 1.479771e-01 1.119260e+00 1.784337e-01 1.293394e+02 1.791558e+00 1.503429e+00 8.108674e-01 2.899301e+00 
418 10451  7.473168322553423337e+00 0 0 4.528787e-01 1.478679e-01 1.119273e+00 1.784626e-01 1.293620e+02 1.790686e+00 1.503329e+00 8.109313e-01 2.899448e+00 
419 10476  7.468950105279359875e+00 0 0 4.529057e-01 1.479178e-01 1.119427e+00 1.783818e-01 1.293983e+02 1.790280e+00 1.502396e+00 8.111591e-01 2.899476e+00 
420 10501  7.463872492538574654e+00 0 0 4.529011e-01 1.478668e-01 1.119287e+00 1.784581e-01 1.293652e+02 1.790602e+00 1.503228e+00 8.109089e-01 2.899391e+00 
421 10526  7.470554957816256447e+00 0 0 4.527822e-01 1.478063e-01 1.119159e+00 1.784632e-01 1.293487e+02 1.790072e+00 1.503913e+00 8.110677e-01 2.899419e+00 
422 10551  7.468396615111634773e+00 0 0 4.530484e-01 1.478620e-01 1.119058e+00 1.784602e-01 1.293639e+02 1.790381e+00 1.503647e+00 8.105665e-01 2.899316e+00 
423 10576  7.462470425042818434e+00 0 0 4.528315e-01 1.479785e-01 1.119149e+00 1.785511e-01 1.293384e+02 1.791903e+00 1.503575e+00 8.103099e-01 2.899260e+00 
424 10601  7.471161902319200188e+00 0 0 4.529356e-01 1.478377e-01 1.119129e+00 1.784446e-01 1.293565e+02 1.790116e+00 1.503699e+00 8.107914e-01 2.899344e+00 
425 10626  7.471055827040538944e+00 0 0 4.530209e-01 1.479252e-01 1.119181e+00 1.784991e-01 1.293627e+02 1.791285e+00 1.503289e+00 8.104530e-01 2.899300e+00 
426 10651  7.469936016911451482e+00 0 0 4.529821e-01 1.479538e-01 1.119235e+00 1.784705e-01 1.293669e+02 1.791380e+00 1.503017e+00 8.105597e-01 2.899328e+00 
427 10676  7.468280509766167974e+00 0 0 4.530135e-01 1.479034e-01 1.119048e+00 1.784792e-01 1.293489e+02 1.791299e+00 1.503601e+00 8.104830e-01 2.899291e+00 
428 10701  7.464204049430569476e+00 0 0 4.530426e-01 1.478968e-01 1.119120e+00 1.785071e-01 1.293683e+02 1.790959e+00 1.503345e+00 8.104407e-01 2.899328e+00 
429 10726  7.467041698705691566e+00 0 0 4.529431e-01 1.479331e-01 1.119174e+00 1.785090e-01 1.293653e+02 1.791056e+00 1.503282e+00 8.104595e-01 2.899307e+00 
430 10751  7.468834844016694063e+00 0 0 4.531557e-01 1.478393e-01 1.118967e+00 1.784203e-01 1.293722e+02 1.790154e+00 1.503574e+00 8.105929e-01 2.899340e+00 
431 10776  7.469179923426037426e+00 0 0 4.528858e-01 1.479799e-01 1.119254e+00 1.785090e-01 1.293705e+02 1.791482e+00 1.503027e+00 8.105365e-01 2.899388e+00 
432 10801  7.473070170656527011e+00 0 0 4.529380e-01 1.479025e-01 1.119186e+00 1.784686e-01 1.293711e+02 1.790624e+00 1.503243e+00 8.106826e-01 2.899389e+00 
433 10826  7.460459830622513167e+00 0 0 4.530731e-01 1.478815e-01 1.119173e+00 1.784701e-01 1.293883e+02 1.790511e+00 1.503035e+00 8.106342e-01 2.899419e+00 
434 10851  7.474245459570759920e+00 0 0 4.531843e-01 1.479188e-01 1.119107e+00 1.784563e-01 1.293946e+02 1.790682e+00 1.502891e+00 8.104151e-01 2.899359e+00 
435 10876  7.465470073339657731e+00 0 0 4.530758e-01 1.478386e-01 1.119160e+00 1.784193e-01 1.293752e+02 1.790015e+00 1.503356e+00 8.107659e-01 2.899414e+00 
436 10901  7.465608348304131781e+00 0 0 4.530963e-01 1.478438e-01 1.119138e+00 1.784301e-01 1.293838e+02 1.790259e+00 1.503194e+00 8.108020e-01 2.899426e+00 
437 10926  7.474198367188471970e+00 0 0 4.531436e-01 1.478675e-01 1.119188e+00 1.784363e-01 1.293996e+02 1.790287e+00 1.502790e+00 8.107180e-01 2.899440e+00 
438 10951  7.468085099832402207e+00 0 0 4.531801e-01 1.478131e-01 1.119145e+00 1.783493e-01 1.293967e+02 1.789516e+00 1.503076e+00 8.110103e-01 2.899429e+00 
439 10976  7.467803443452068812e+00 0 0 4.530360e-01 1.478780e-01 1.119097e+00 1.784356e-01 1.293753e+02 1.790198e+00 1.503356e+00 8.106453e-01 2.899383e+00 
440 11001  7.460166526269473408e+00 0 0 4.530330e-01 1.479353e-01 1.119214e+00 1.784834e-01 1.293943e+02 1.790747e+00 1.502766e+00 8.105449e-01 2.899392e+00 
441 11026  7.473007487760315648e+00 0 0 4.527923e-01 1.478968e-01 1.119125e+00 1.784848e-01 1.293410e+02 1.790707e+00 1.503844e+00 8.106773e-01 2.899362e+00 
442 11051  7.472385848455568080e+00 0 0 4.530264e-01 1.478780e-01 1.119160e+00 1.784540e-01 1.293834e+02 1.790224e+00 1.503200e+00 8.106780e-01 2.899397e+00 
443 11076  7.462460673125078436e+00 0 0 4.529966e-01 1.478866e-01 1.119157e+00 1.784533e-01 1.293871e+02 1.790122e+00 1.503116e+00 8.106935e-01 2.899418e+00 
444 11101  7.468259203649929567e+00 0 0 4.530285e-01 1.479058e-01 1.119130e+00 1.784458e-01 1.293839e+02 1.790362e+00 1.503110e+00 8.106166e-01 2.899358e+00 
445 11126  7.468594334292202319e+00 0 0 4.531016e-01 1.479243e-01 1.119143e+00 1.784797e-01 1.293886e+02 1.790723e+00 1.502996e+00 8.104266e-01 2.899354e+00 
446 11151  7.468473117554616181e+00 0 0 4.531531e-01 1.479108e-01 1.119176e+00 1.784835e-01 1.294007e+02 1.790730e+00 1.502777e+00 8.104791e-01 2.899408e+00 
447 11176  7.468683223404277705e+00 0 0 4.530248e-01 1.479185e-01 1.119168e+00 1.784978e-01 1.293846e+02 1.790692e+00 1.503038e+00 8.104659e-01 2.899379e+00 
448 11201  7.469721132131442509e+00 0 0 4.531064e-01 1.479252e-01 1.119153e+00 1.784645e-01 1.293996e+02 1.790504e+00 1.502781e+00 8.104878e-01 2.899368e+00 
449 11226  7.468517605410327498e+00 0 0 4.531102e-01 1.479025e-01 1.119172e+00 1.784671e-01 1.293977e+02 1.790492e+00 1.502836e+00 8.105524e-01 2.899402e+00 
450 11251  7.469233315941234963e+00 0 0 4.531358e-01 1.479148e-01 1.119142e+00 1.784725e-01 1.293997e+02 1.790579e+00 1.502831e+00 8.104717e-01 2.899394e+00 
451 11276  7.465711399928106395e+00 0 0 4.531172e-01 1.479143e-01 1.119168e+00 1.784819e-01 1.294002e+02 1.790658e+00 1.502776e+00 8.105012e-01 2.899394e+00 
452 11301  7.467881493162491502e+00 0 0 4.529881e-01 1.479032e-01 1.119191e+00 1.784988e-01 1.293928e+02 1.790404e+00 1.502947e+00 8.105755e-01 2.899425e+00 
453 11326  7.465806542913550281e+00 0 0 4.531307e-01 1.478920e-01 1.119160e+00 1.784541e-01 1.294005e+02 1.790327e+00 1.502841e+00 8.105877e-01 2.899421e+00 
454 11351  7.469442523963576441e+00 0 0 4.532343e-01 1.478806e-01 1.119146e+00 1.784590e-01 1.294123e+02 1.790307e+00 1.502706e+00 8.105272e-01 2.899411e+00 
455 11376  7.474789954652011126e+00 0 0 4.531623e-01 1.478690e-01 1.119188e+00 1.784467e-01 1.294119e+02 1.790091e+00 1.502666e+00 8.106803e-01 2.899467e+00 
456 11401  7.471301566565373697e+00 0 0 4.532442e-01 1.478584e-01 1.119167e+00 1.784401e-01 1.294174e+02 1.789969e+00 1.502669e+00 8.106264e-01 2.899451e+00 
457 11426  7.468271729493505262e+00 0 0 4.533388e-01 1.478090e-01 1.119159e+00 1.783813e-01 1.294332e+02 1.789386e+00 1.502476e+00 8.108537e-01 2.899499e+00 
458 11451  7.468813294104403866e+00 0 0 4.531272e-01 1.478168e-01 1.119172e+00 1.783832e-01 1.294031e+02 1.789390e+00 1.502951e+00 8.109431e-01 2.899476e+00 
459 11476  7.463186623910837980e+00 0 0 4.530923e-01 1.478804e-01 1.119221e+00 1.784299e-01 1.294085e+02 1.789946e+00 1.502729e+00 8.107695e-01 2.899461e+00 
460 11501  7.470010811784266735e+00 0 0 4.532949e-01 1.477839e-01 1.119120e+00 1.783589e-01 1.294220e+02 1.789138e+00 1.502820e+00 8.109643e-01 2.899555e+00 
461 11526  7.470171794273285926e+00 0 0 4.533035e-01 1.478804e-01 1.119194e+00 1.783999e-01 1.294259e+02 1.790046e+00 1.502361e+00 8.106723e-01 2.899441e+00 
462 11551  7.469586409219852285e+00 0 0 4.532723e-01 1.477717e-01 1.119149e+00 1.783373e-01 1.294265e+02 1.788738e+00 1.502740e+00 8.110661e-01 2.899529e+00 
463 11576  7.470394317823235042e+00 0 0 4.531624e-01 1.478589e-01 1.119183e+00 1.784176e-01 1.294094e+02 1.790018e+00 1.502695e+00 8.107996e-01 2.899451e+00 
464 11601  7.471094209210696668e+00 0 0 4.533306e-01 1.477942e-01 1.119175e+00 1.783568e-01 1.294337e+02 1.789177e+00 1.502525e+00 8.109886e-01 2.899531e+00 
465 11626  7.459294065976703969e+00 0 0 4.533513e-01 1.477200e-01 1.119173e+00 1.783137e-01 1.294422e+02 1.788351e+00 1.502560e+00 8.112546e-01 2.899604e+00 
466 11651  7.470285475969727251e+00 0 0 4.531347e-01 1.478342e-01 1.119197e+00 1.783691e-01 1.294063e+02 1.789550e+00 1.502795e+00 8.109931e-01 2.899475e+00 
467 11676  7.472225717199312278e+00 0 0 4.531683e-01 1.478547e-01 1.119240e+00 1.784102e-01 1.294198e+02 1.789797e+00 1.502473e+00 8.108648e-01 2.899471e+00 
468 11701  7.469348615518105028e+00 0 0 4.531760e-01 1.477866e-01 1.119217e+00 1.783515e-01 1.294198e+02 1.789022e+00 1.502696e+00 8.111535e-01 2.899531e+00 
469 11726  7.472123418972594244e+00 0 0 4.530715e-01 1.477887e-01 1.119255e+00 1.783442e-01 1.294097e+02 1.789091e+00 1.502819e+00 8.113025e-01 2.899548e+00 
470 11751  7.471213316575394892e+00 0 0 4.530781e-01 1.478671e-01 1.119171e+00 1.784178e-01 1.293994e+02 1.789975e+00 1.502879e+00 8.108102e-01 2.899442e+00 
471 11776  7.467708996072028427e+00 0 0 4.531033e-01 1.477645e-01 1.119258e+00 1.783177e-01 1.294148e+02 1.788689e+00 1.502799e+00 8.113884e-01 2.899556e+00 
472 11801  7.465558592284750716e+00 0 0 4.532573e-01 1.477151e-01 1.119200e+00 1.782778e-01 1.294247e+02 1.788399e+00 1.502771e+00 8.114729e-01 2.899557e+00 
473 11826  7.472879467663600117e+00 0 0 4.531443e-01 1.477752e-01 1.119235e+00 1.783039e-01 1.294083e+02 1.788977e+00 1.502811e+00 8.113401e-01 2.899490e+00 
474 11851  7.468969675424754762e+00 0 0 4.531488e-01 1.477513e-01 1.119179e+00 1.783314e-01 1.294038e+02 1.788999e+00 1.503018e+00 8.112882e-01 2.899510e+00 
475 11876  7.470736733952188402e+00 0 0 4.529668e-01 1.477833e-01 1.119185e+00 1.783657e-01 1.293870e+02 1.788966e+00 1.503321e+00 8.112007e-01 2.899483e+00 
476 11901  7.467772310581146655e+00 0 0 4.531483e-01 1.477755e-01 1.119268e+00 1.783253e-01 1.294202e+02 1.788807e+00 1.502668e+00 8.113033e-01 2.899559e+00 
477 11926  7.471334899142830999e+00 0 0 4.531937e-01 1.477751e-01 1.119211e+00 1.783737e-01 1.294226e+02 1.789061e+00 1.502667e+00 8.111105e-01 2.899539e+00 
478 11951  7.470052147258552822e+00 0 0 4.531657e-01 1.476700e-01 1.119185e+00 1.782316e-01 1.294094e+02 1.787861e+00 1.503130e+00 8.117266e-01 2.899578e+00 
479 11976  7.468390776715455814e+00 0 0 4.533063e-01 1.476938e-01 1.119165e+00 1.782903e-01 1.294317e+02 1.788113e+00 1.502814e+00 8.113947e-01 2.899605e+00 
480 12001  7.471552530207717702e+00 0 0 4.531729e-01 1.476909e-01 1.119173e+00 1.783162e-01 1.294178e+02 1.788156e+00 1.503025e+00 8.114360e-01 2.899592e+00 
481 12026  7.459820314984717093e+00 0 0 4.531207e-01 1.477629e-01 1.119186e+00 1.783433e-01 1.294071e+02 1.788877e+00 1.502955e+00 8.112242e-01 2.899532e+00 
482 12051  7.470655384019468492e+00 0 0 4.530652e-01 1.476800e-01 1.119180e+00 1.783022e-01 1.294017e+02 1.788105e+00 1.503272e+00 8.115823e-01 2.899572e+00 
483 12076  7.472536268309392327e+00 0 0 4.530791e-01 1.477331e-01 1.119212e+00 1.783305e-01 1.294090e+02 1.788456e+00 1.502989e+00 8.113753e-01 2.899576e+00 
484 12101  7.464577271726370533e+00 0 0 4.529501e-01 1.477730e-01 1.119184e+00 1.783682e-01 1.293833e+02 1.789001e+00 1.503315e+00 8.112240e-01 2.899484e+00 
485 12126  7.462917818856115382e+00 0 0 4.529070e-01 1.477250e-01 1.119253e+00 1.783180e-01 1.293858e+02 1.788566e+00 1.503308e+00 8.116188e-01 2.899557e+00 
486 12151  7.470413125044703229e+00 0 0 4.532001e-01 1.476889e-01 1.119182e+00 1.782842e-01 1.294204e+02 1.788275e+00 1.502869e+00 8.115640e-01 2.899609e+00 
487 12176  7.465798237587057962e+00 0 0 4.530628e-01 1.478272e-01 1.119188e+00 1.784029e-01 1.294054e+02 1.789663e+00 1.502777e+00 8.110078e-01 2.899482e+00 
488 12201  7.462819587195598459e+00 0 0 4.530938e-01 1.478504e-01 1.119239e+00 1.783950e-01 1.294103e+02 1.789825e+00 1.502534e+00 8.109771e-01 2.899477e+00 
489 12226  7.467141622326165518e+00 0 0 4.528631e-01 1.478217e-01 1.119284e+00 1.783728e-01 1.293827e+02 1.789537e+00 1.503052e+00 8.113139e-01 2.899517e+00 
490 12251  7.470384402467099783e+00 0 0 4.531011e-01 1.478262e-01 1.119187e+00 1.783774e-01 1.294019e+02 1.789594e+00 1.502830e+00 8.110099e-01 2.899452e+00 
491 12276  7.469245435402867450e+00 0 0 4.530438e-01 1.478115e-01 1.119250e+00 1.783563e-01 1.293994e+02 1.789546e+00 1.502791e+00 8.112284e-01 2.899482e+00 
492 12301  7.469482926740847795e+00 0 0 4.529904e-01 1.477983e-01 1.119228e+00 1.783616e-01 1.293983e+02 1.789229e+00 1.502921e+00 8.112533e-01 2.899514e+00 
493 12326  7.469974084792347035e+00 0 0 4.530264e-01 1.477920e-01 1.119242e+00 1.783603e-01 1.294044e+02 1.789254e+00 1.502807e+00 8.112839e-01 2.899542e+00 
494 12351  7.469541675386945023e+00 0 0 4.531040e-01 1.478077e-01 1.119181e+00 1.783621e-01 1.294039e+02 1.789292e+00 1.502844e+00 8.110705e-01 2.899468e+00 
495 12376  7.466903658789008524e+00 0 0 4.530658e-01 1.477313e-01 1.119216e+00 1.783209e-01 1.294012e+02 1.788624e+00 1.503059e+00 8.114280e-01 2.899550e+00 
496 12401  7.464796420619741468e+00 0 0 4.529549e-01 1.477632e-01 1.119240e+00 1.783298e-01 1.293908e+02 1.788935e+00 1.503091e+00 8.114552e-01 2.899532e+00 
497 12426  7.466837991622456983e+00 0 0 4.529997e-01 1.477669e-01 1.119211e+00 1.783459e-01 1.293943e+02 1.788934e+00 1.503126e+00 8.113307e-01 2.899523e+00 
498 12451  7.467134200897635132e+00 0 0 4.530037e-01 1.478132e-01 1.119209e+00 1.783678e-01 1.293976e+02 1.789326e+00 1.502923e+00 8.111643e-01 2.899499e+00 
499 12476  7.472953923166557821e+00 0 0 4.530123e-01 1.477534e-01 1.119233e+00 1.783171e-01 1.293999e+02 1.788748e+00 1.503003e+00 8.114687e-01 2.899555e+00 
500 12501  7.465755412824108816e+00 0 0 4.529956e-01 1.478001e-01 1.119211e+00 1.783531e-01 1.293951e+02 1.789209e+00 1.502992e+00 8.112410e-01 2.899508e+00 
501 12526  7.471839692234254038e+00 0 0 4.530074e-01 1.477517e-01 1.119185e+00 1.783268e-01 1.293916e+02 1.788792e+00 1.503207e+00 8.113859e-01 2.899528e+00 
502 12551  7.461607953098876145e+00 0 0 4.529733e-01 1.477879e-01 1.119217e+00 1.783657e-01 1.293950e+02 1.789134e+00 1.503038e+00 8.112628e-01 2.899526e+00 
503 12576  7.470561112775677692e+00 0 0 4.530469e-01 1.478392e-01 1.119218e+00 1.783919e-01 1.294042e+02 1.789603e+00 1.502751e+00 8.110119e-01 2.899493e+00 
504 12601  7.467784933458866625e+00 0 0 4.530485e-01 1.477996e-01 1.119226e+00 1.783462e-01 1.294038e+02 1.789186e+00 1.502831e+00 8.112432e-01 2.899518e+00 
505 12626  7.468427221539220007e+00 0 0 4.531019e-01 1.477643e-01 1.119196e+00 1.783348e-01 1.294059e+02 1.788890e+00 1.502952e+00 8.112815e-01 2.899550e+00 
506 12651  7.474805043383492276e+00 0 0 4.530079e-01 1.478028e-01 1.119246e+00 1.783501e-01 1.294016e+02 1.789177e+00 1.502839e+00 8.112675e-01 2.899522e+00 
507 12676  7.469268656219063551e+00 0 0 4.529725e-01 1.478140e-01 1.119244e+00 1.783596e-01 1.293955e+02 1.789325e+00 1.502907e+00 8.112374e-01 2.899508e+00 
508 12701  7.463496386462272980e+00 0 0 4.530512e-01 1.477777e-01 1.119207e+00 1.783464e-01 1.294026e+02 1.788963e+00 1.502954e+00 8.112562e-01 2.899535e+00 
509 12726  7.473829331214914440e+00 0 0 4.530544e-01 1.477757e-01 1.119220e+00 1.783407e-01 1.294051e+02 1.788967e+00 1.502883e+00 8.113042e-01 2.899537e+00 
510 12751  7.463034524863301655e+00 0 0 4.530066e-01 1.478100e-01 1.119206e+00 1.783721e-01 1.293955e+02 1.789321e+00 1.502970e+00 8.111344e-01 2.899494e+00 
511 12776  7.463791966293305435e+00 0 0 4.530034e-01 1.477803e-01 1.119227e+00 1.783368e-01 1.293959e+02 1.789011e+00 1.503020e+00 8.113294e-01 2.899527e+00 
512 12801  7.466493535725154729e+00 0 0 4.529863e-01 1.477796e-01 1.119207e+00 1.783640e-01 1.293924e+02 1.789123e+00 1.503104e+00 8.112562e-01 2.899515e+00 
513 12826  7.467075053201619461e+00 0 0 4.529218e-01 1.478034e-01 1.119221e+00 1.783778e-01 1.293862e+02 1.789325e+00 1.503121e+00 8.112179e-01 2.899496e+00 
514 12851  7.470633748472875091e+00 0 0 4.530219e-01 1.477647e-01 1.119209e+00 1.783224e-01 1.293931e+02 1.788914e+00 1.503105e+00 8.113703e-01 2.899524e+00 
515 12876  7.467007661057128765e+00 0 0 4.530109e-01 1.477734e-01 1.119205e+00 1.783421e-01 1.293961e+02 1.788965e+00 1.503057e+00 8.113098e-01 2.899523e+00 
516 12901  7.470255109433136198e+00 0 0 4.530248e-01 1.477977e-01 1.119212e+00 1.783562e-01 1.293975e+02 1.789206e+00 1.502968e+00 8.112050e-01 2.899509e+00 
517 12926  7.470564387887242752e+00 0 0 4.530617e-01 1.477825e-01 1.119222e+00 1.783338e-01 1.294029e+02 1.789056e+00 1.502883e+00 8.112960e-01 2.899531e+00 
518 12951  7.472553913719528929e+00 0 0 4.530722e-01 1.477752e-01 1.119213e+00 1.783429e-01 1.294027e+02 1.789040e+00 1.502941e+00 8.112720e-01 2.899529e+00 
519 12976  7.463621547157980096e+00 0 0 4.530092e-01 1.477365e-01 1.119272e+00 1.782976e-01 1.294005e+02 1.788654e+00 1.502980e+00 8.116113e-01 2.899578e+00 
520 13001  7.471748509147682071e+00 0 0 4.529729e-01 1.477469e-01 1.119245e+00 1.783024e-01 1.293934e+02 1.788658e+00 1.503117e+00 8.115508e-01 2.899548e+00 
521 13026  7.467182479146969420e+00 0 0 4.530046e-01 1.477855e-01 1.119233e+00 1.783330e-01 1.293939e+02 1.789140e+00 1.503023e+00 8.113492e-01 2.899524e+00 
522 13051  7.472340985573789673e+00 0 0 4.530625e-01 1.477411e-01 1.119231e+00 1.782842e-01 1.293981e+02 1.788624e+00 1.503075e+00 8.115225e-01 2.899547e+00 
523 13076  7.469385252535479580e+00 0 0 4.530892e-01 1.477855e-01 1.119248e+00 1.783077e-01 1.294077e+02 1.788990e+00 1.502787e+00 8.113728e-01 2.899538e+00 
524 13101  7.471051621178471436e+00 0 0 4.529252e-01 1.477416e-01 1.119268e+00 1.783075e-01 1.293896e+02 1.788657e+00 1.503172e+00 8.116113e-01 2.899561e+00 
525 13126  7.469775297796608093e+00 0 0 4.532306e-01 1.477642e-01 1.119237e+00 1.783012e-01 1.294235e+02 1.788811e+00 1.502610e+00 8.113180e-01 2.899560e+00 
526 13151  7.469480780281875454e+00 0 0 4.530767e-01 1.477547e-01 1.119270e+00 1.783056e-01 1.294085e+02 1.788757e+00 1.502838e+00 8.114812e-01 2.899573e+00 
527 13176  7.466135025483570331e+00 0 0 4.529774e-01 1.477962e-01 1.119240e+00 1.783503e-01 1.293912e+02 1.789268e+00 1.503034e+00 8.112979e-01 2.899514e+00 
528 13201  7.465280538574590175e+00 0 0 4.530370e-01 1.477269e-01 1.119264e+00 1.782770e-01 1.293998e+02 1.788528e+00 1.503026e+00 8.116474e-01 2.899568e+00 
529 13226  7.471068804207273928e+00 0 0 4.530766e-01 1.477643e-01 1.119282e+00 1.783133e-01 1.294122e+02 1.788824e+00 1.502726e+00 8.114534e-01 2.899557e+00 
530 13251  7.464510927380042737e+00 0 0 4.530283e-01 1.477186e-01 1.119285e+00 1.782532e-01 1.294026e+02 1.788326e+00 1.502990e+00 8.117615e-01 2.899590e+00 
531 13276  7.467961190841942987e+00 0 0 4.530890e-01 1.477362e-01 1.119284e+00 1.782811e-01 1.294148e+02 1.788519e+00 1.502744e+00 8.116149e-01 2.899588e+00 
532 13301  7.471311982786711603e+00 0 0 4.531185e-01 1.477440e-01 1.119269e+00 1.782849e-01 1.294153e+02 1.788598e+00 1.502727e+00 8.115384e-01 2.899577e+00 
533 13326  7.469945525870749670e+00 0 0 4.530640e-01 1.477567e-01 1.119251e+00 1.783070e-01 1.294061e+02 1.788773e+00 1.502870e+00 8.114622e-01 2.899545e+00 
534 13351  7.470777665272405166e+00 0 0 4.529761e-01 1.477254e-01 1.119268e+00 1.782849e-01 1.293984e+02 1.788441e+00 1.503059e+00 8.116859e-01 2.899575e+00 
535 13376  7.464053432891253337e+00 0 0 4.529630e-01 1.477701e-01 1.119281e+00 1.783120e-01 1.293999e+02 1.788798e+00 1.502918e+00 8.115224e-01 2.899546e+00 
536 13401  7.469456412327734718e+00 0 0 4.530597e-01 1.477208e-01 1.119258e+00 1.782700e-01 1.294055e+02 1.788352e+00 1.502964e+00 8.116498e-01 2.899574e+00 
537 13426  7.467237909612991054e+00 0 0 4.531985e-01 1.477239e-01 1.119239e+00 1.782834e-01 1.294220e+02 1.788454e+00 1.502700e+00 8.114963e-01 2.899585e+00 
538 13451  7.468644238753800124e+00 0 0 4.530589e-01 1.477143e-01 1.119268e+00 1.782572e-01 1.294078e+02 1.788255e+00 1.502921e+00 8.117204e-01 2.899583e+00 
539 13476  7.470700942502966235e+00 0 0 4.530215e-01 1.477393e-01 1.119260e+00 1.782897e-01 1.294031e+02 1.788501e+00 1.502976e+00 8.115812e-01 2.899565e+00 
540 13501  7.468686514566810430e+00 0 0 4.530674e-01 1.477307e-01 1.119261e+00 1.782679e-01 1.294067e+02 1.788429e+00 1.502920e+00 8.116348e-01 2.899574e+00 
541 13526  7.467999334954291690e+00 0 0 4.530466e-01 1.477402e-01 1.119266e+00 1.782865e-01 1.294076e+02 1.788513e+00 1.502882e+00 8.115869e-01 2.899564e+00 
542 13551  7.467697072396476621e+00 0 0 4.531698e-01 1.477212e-01 1.119260e+00 1.782640e-01 1.294193e+02 1.788387e+00 1.502730e+00 8.116010e-01 2.899590e+00 
543 13576  7.473155206145669638e+00 0 0 4.531108e-01 1.477455e-01 1.119246e+00 1.783028e-01 1.294139e+02 1.788615e+00 1.502796e+00 8.114642e-01 2.899565e+00 
544 13601  7.469123856828076669e+00 0 0 4.530999e-01 1.477608e-01 1.119255e+00 1.783065e-01 1.294123e+02 1.788761e+00 1.502766e+00 8.114315e-01 2.899551e+00 
545 13626  7.467957955758057764e+00 0 0 4.530934e-01 1.477630e-01 1.119255e+00 1.783066e-01 1.294111e+02 1.788775e+00 1.502787e+00 8.114299e-01 2.899549e+00 
546 13651  7.468792332759270458e+00 0 0 4.531233e-01 1.477549e-01 1.119268e+00 1.783024e-01 1.294183e+02 1.788683e+00 1.502685e+00 8.114649e-01 2.899567e+00 
547 13676  7.468254191534788866e+00 0 0 4.531753e-01 1.477519e-01 1.119264e+00 1.782897e-01 1.294228e+02 1.788647e+00 1.502608e+00 8.114622e-01 2.899569e+00 
548 13701  7.467366508053573604e+00 0 0 4.530843e-01 1.477887e-01 1.119263e+00 1.783333e-01 1.294139e+02 1.789010e+00 1.502680e+00 8.113207e-01 2.899544e+00 
549 13726  7.470677543653681418e+00 0 0 4.532070e-01 1.477718e-01 1.119251e+00 1.783042e-01 1.294240e+02 1.788871e+00 1.502551e+00 8.113361e-01 2.899555e+00 
550 13751  7.470477638209168880e+00 0 0 4.530779e-01 1.478007e-01 1.119249e+00 1.783405e-01 1.294106e+02 1.789130e+00 1.502718e+00 8.112556e-01 2.899515e+00 
551 13776  7.469719557196114579e+00 0 0 4.531873e-01 1.478214e-01 1.119228e+00 1.783568e-01 1.294191e+02 1.789424e+00 1.502542e+00 8.110625e-01 2.899518e+00 
552 13801  7.472443592386738054e+00 0 0 4.533070e-01 1.477990e-01 1.119242e+00 1.783388e-01 1.294328e+02 1.789279e+00 1.502354e+00 8.110999e-01 2.899540e+00 
553 13826  7.464070973568320611e+00 0 0 4.531924e-01 1.478761e-01 1.119195e+00 1.784300e-01 1.294156e+02 1.790100e+00 1.502512e+00 8.106897e-01 2.899457e+00 
554 13851  7.469313527199475722e+00 0 0 4.531055e-01 1.478710e-01 1.119188e+00 1.784608e-01 1.294078e+02 1.790113e+00 1.502669e+00 8.106751e-01 2.899443e+00 
555 13876  7.464119377516703402e+00 0 0 4.533593e-01 1.477984e-01 1.119248e+00 1.783459e-01 1.294473e+02 1.789176e+00 1.502134e+00 8.110638e-01 2.899534e+00 
556 13901  7.472295256269005037e+00 0 0 4.532468e-01 1.478257e-01 1.119203e+00 1.784136e-01 1.294276e+02 1.789569e+00 1.502474e+00 8.108250e-01 2.899497e+00 
557 13926  7.461089023926887442e+00 0 0 4.532782e-01 1.477318e-01 1.119213e+00 1.782746e-01 1.294243e+02 1.788528e+00 1.502679e+00 8.114012e-01 2.899559e+00 
558 13951  7.469283978628810772e+00 0 0 4.532469e-01 1.478803e-01 1.119222e+00 1.784069e-01 1.294287e+02 1.789993e+00 1.502240e+00 8.107385e-01 2.899454e+00 
559 13976  7.464947946429679071e+00 0 0 4.532784e-01 1.478871e-01 1.119236e+00 1.784463e-01 1.294384e+02 1.790168e+00 1.502084e+00 8.106322e-01 2.899486e+00 
560 14001  7.463265258351609255e+00 0 0 4.532223e-01 1.479446e-01 1.119238e+00 1.784821e-01 1.294254e+02 1.790774e+00 1.502157e+00 8.104205e-01 2.899422e+00 
561 14026  7.470769655421167776e+00 0 0 4.531508e-01 1.479693e-01 1.119193e+00 1.785535e-01 1.294193e+02 1.791063e+00 1.502266e+00 8.101710e-01 2.899393e+00 
562 14051  7.467138499082131453e+00 0 0 4.534449e-01 1.479578e-01 1.119128e+00 1.785169e-01 1.294400e+02 1.791072e+00 1.501993e+00 8.100120e-01 2.899385e+00 
563 14076  7.473712498657945069e+00 0 0 4.532095e-01 1.478711e-01 1.119238e+00 1.784072e-01 1.294194e+02 1.790038e+00 1.502380e+00 8.107893e-01 2.899472e+00 
564 14101  7.469410381300039425e+00 0 0 4.532920e-01 1.478989e-01 1.119254e+00 1.784590e-01 1.294355e+02 1.790392e+00 1.502086e+00 8.105612e-01 2.899457e+00 
565 14126  7.469445026152078171e+00 0 0 4.533010e-01 1.478569e-01 1.119253e+00 1.783825e-01 1.294326e+02 1.789905e+00 1.502188e+00 8.108611e-01 2.899486e+00 
566 14151  7.471628015105335585e+00 0 0 4.532881e-01 1.477560e-01 1.119248e+00 1.783169e-01 1.294327e+02 1.788888e+00 1.502453e+00 8.112934e-01 2.899561e+00 
567 14176  7.469208220847662005e+00 0 0 4.532590e-01 1.479293e-01 1.119185e+00 1.785247e-01 1.294261e+02 1.790822e+00 1.502255e+00 8.102617e-01 2.899417e+00 
568 14201  7.470500845394701273e+00 0 0 4.534631e-01 1.477856e-01 1.119187e+00 1.783246e-01 1.294423e+02 1.789278e+00 1.502244e+00 8.109987e-01 2.899524e+00 
569 14226  7.470198300110822309e+00 0 0 4.533768e-01 1.478266e-01 1.119255e+00 1.783569e-01 1.294445e+02 1.789563e+00 1.502065e+00 8.109585e-01 2.899524e+00 
570 14251  7.468017125118488586e+00 0 0 4.533534e-01 1.478198e-01 1.119254e+00 1.783501e-01 1.294422e+02 1.789459e+00 1.502134e+00 8.110140e-01 2.899533e+00 
571 14276  7.470168390808913372e+00 0 0 4.533099e-01 1.478080e-01 1.119260e+00 1.783635e-01 1.294410e+02 1.789398e+00 1.502180e+00 8.110555e-01 2.899555e+00 
572 14301  7.472049174924699777e+00 0 0 4.533175e-01 1.480171e-01 1.119180e+00 1.785604e-01 1.294345e+02 1.791598e+00 1.501868e+00 8.099165e-01 2.899366e+00 
573 14326  7.467196067172066520e+00 0 0 4.531663e-01 1.479054e-01 1.119173e+00 1.784537e-01 1.294138e+02 1.790360e+00 1.502486e+00 8.105636e-01 2.899431e+00 
574 14351  7.467427921380275002e+00 0 0 4.533320e-01 1.478902e-01 1.119261e+00 1.784074e-01 1.294506e+02 1.790032e+00 1.501828e+00 8.107388e-01 2.899498e+00 
575 14376  7.472256893043115689e+00 0 0 4.532920e-01 1.480501e-01 1.119212e+00 1.785870e-01 1.294368e+02 1.791950e+00 1.501719e+00 8.098388e-01 2.899363e+00 
576 14401  7.465012117652133128e+00 0 0 4.532625e-01 1.478321e-01 1.119257e+00 1.783922e-01 1.294339e+02 1.789722e+00 1.502239e+00 8.109566e-01 2.899527e+00 
577 14426  7.462659052082680766e+00 0 0 4.533528e-01 1.478555e-01 1.119237e+00 1.783696e-01 1.294387e+02 1.789845e+00 1.502105e+00 8.108598e-01 2.899498e+00 
578 14451  7.467843832175684149e+00 0 0 4.531403e-01 1.480343e-01 1.119230e+00 1.785700e-01 1.294215e+02 1.791651e+00 1.502003e+00 8.100334e-01 2.899374e+00 
579 14476  7.464758317943405608e+00 0 0 4.532091e-01 1.479836e-01 1.119215e+00 1.784980e-01 1.294205e+02 1.791168e+00 1.502129e+00 8.102727e-01 2.899388e+00 
580 14501  7.461014575190624498e+00 0 0 4.533554e-01 1.479262e-01 1.119235e+00 1.784242e-01 1.294381e+02 1.790602e+00 1.501935e+00 8.105432e-01 2.899454e+00 
