%  columns=["iteration, evaluation, sigma, void, void, stds==sigma*sqrt(diag(C))" (startseed=209873, 2015/08/22 13:3:37.74)
1 26 1.386050e+00 0 0 4.991164e-01 3.221009e-01 5.732903e-01 1.367199e+00 8.885778e-01 4.077779e-01 4.487217e-01 9.774696e-01 2.303823e-01 
2 51 1.438367e+00 0 0 5.124064e-01 3.344737e-01 5.849351e-01 1.522224e+00 8.875820e-01 4.103919e-01 4.547712e-01 1.012268e+00 2.549185e-01 
3 76 1.297497e+00 0 0 4.423475e-01 2.919870e-01 5.161265e-01 1.323492e+00 7.826126e-01 3.621240e-01 4.002513e-01 8.870342e-01 2.313397e-01 
4 101 1.399628e+00 0 0 4.981324e-01 3.057705e-01 5.660889e-01 1.392660e+00 8.871614e-01 3.943784e-01 4.161654e-01 9.440468e-01 2.526486e-01 
5 126 1.477226e+00 0 0 5.406348e-01 3.240161e-01 5.950450e-01 1.426582e+00 9.213794e-01 4.091594e-01 4.344090e-01 9.613987e-01 2.646598e-01 
6 151 1.521409e+00 0 0 5.544733e-01 3.306004e-01 6.060422e-01 1.408249e+00 9.827278e-01 4.165665e-01 4.411234e-01 1.026631e+00 2.673774e-01 
7 176 1.318517e+00 0 0 4.720177e-01 2.812211e-01 5.080321e-01 1.164627e+00 8.300469e-01 3.555140e-01 3.676671e-01 8.766949e-01 2.276053e-01 
8 201 1.205889e+00 0 0 4.208262e-01 2.501542e-01 4.579440e-01 1.022754e+00 7.623454e-01 3.148083e-01 3.333084e-01 7.808288e-01 2.042520e-01 
9 226 1.268152e+00 0 0 4.436803e-01 2.797493e-01 4.899053e-01 1.077865e+00 8.062164e-01 3.221182e-01 3.515380e-01 7.974981e-01 2.087407e-01 
10 251 1.112878e+00 0 0 3.861958e-01 2.462799e-01 4.172160e-01 9.437596e-01 6.880474e-01 2.710967e-01 2.994848e-01 7.094527e-01 1.817284e-01 
11 276 1.110962e+00 0 0 3.805754e-01 2.452452e-01 4.121224e-01 9.121558e-01 7.269800e-01 2.757637e-01 2.923449e-01 6.897810e-01 1.844210e-01 
12 301 1.221305e+00 0 0 4.113902e-01 2.650839e-01 4.436275e-01 9.826713e-01 7.834026e-01 3.011997e-01 3.333683e-01 7.548014e-01 2.094309e-01 
13 326 1.171602e+00 0 0 3.874267e-01 2.556277e-01 4.171456e-01 9.264261e-01 7.429795e-01 2.842766e-01 3.208730e-01 6.947273e-01 2.011199e-01 
14 351 9.814878e-01 0 0 3.227535e-01 2.080920e-01 3.372560e-01 7.542141e-01 6.200181e-01 2.328281e-01 2.617072e-01 5.647689e-01 1.626265e-01 
15 376 9.353005e-01 0 0 3.040113e-01 2.008051e-01 3.217340e-01 7.056327e-01 6.026070e-01 2.193091e-01 2.573628e-01 5.202369e-01 1.548466e-01 
16 401 8.230016e-01 0 0 2.682152e-01 1.757209e-01 2.782396e-01 6.001920e-01 5.133175e-01 1.880542e-01 2.194028e-01 4.516758e-01 1.372498e-01 
17 426 8.019429e-01 0 0 2.538237e-01 1.676998e-01 2.660074e-01 5.642519e-01 5.341517e-01 1.887161e-01 2.127058e-01 4.258757e-01 1.342127e-01 
18 451 7.530329e-01 0 0 2.354793e-01 1.628404e-01 2.427387e-01 5.166940e-01 4.903532e-01 1.764830e-01 2.005427e-01 3.931478e-01 1.219189e-01 
19 476 7.523455e-01 0 0 2.276981e-01 1.620496e-01 2.418294e-01 5.047875e-01 4.823559e-01 1.705271e-01 1.986412e-01 3.871921e-01 1.177914e-01 
20 501 6.378065e-01 0 0 1.866482e-01 1.364429e-01 1.979049e-01 4.167621e-01 4.088715e-01 1.442982e-01 1.711022e-01 3.165675e-01 9.706747e-02 
21 526 6.317673e-01 0 0 1.822625e-01 1.299940e-01 1.900389e-01 4.042538e-01 4.253922e-01 1.374978e-01 1.665457e-01 3.032860e-01 9.723481e-02 
22 551 5.362447e-01 0 0 1.515970e-01 1.084392e-01 1.570534e-01 3.414473e-01 3.633580e-01 1.146516e-01 1.419464e-01 2.478067e-01 7.956575e-02 
23 576 5.011644e-01 0 0 1.444808e-01 1.012209e-01 1.411421e-01 3.125479e-01 3.307755e-01 1.055141e-01 1.335811e-01 2.257827e-01 7.217428e-02 
24 601 4.884477e-01 0 0 1.382219e-01 9.709961e-02 1.336461e-01 2.961852e-01 3.190510e-01 1.005951e-01 1.399968e-01 2.160800e-01 7.174263e-02 
25 626 4.508316e-01 0 0 1.247059e-01 8.931285e-02 1.214638e-01 2.735707e-01 2.937994e-01 8.932430e-02 1.321336e-01 1.934234e-01 6.481595e-02 
26 651 3.612811e-01 0 0 9.766981e-02 6.970109e-02 9.588016e-02 2.128040e-01 2.353637e-01 7.427382e-02 1.020837e-01 1.513394e-01 5.100149e-02 
27 676 3.654069e-01 0 0 9.615104e-02 7.308611e-02 9.398475e-02 2.293785e-01 2.386505e-01 7.455912e-02 9.971856e-02 1.490498e-01 5.312837e-02 
28 701 3.284017e-01 0 0 8.459703e-02 6.427958e-02 8.532305e-02 2.020742e-01 2.126555e-01 6.554969e-02 8.740048e-02 1.295493e-01 4.615649e-02 
29 726 2.886990e-01 0 0 7.307642e-02 5.500125e-02 7.370141e-02 1.718797e-01 1.804912e-01 5.692560e-02 7.708741e-02 1.113276e-01 3.963938e-02 
30 751 2.698925e-01 0 0 6.708468e-02 5.264202e-02 6.647306e-02 1.605037e-01 1.654132e-01 5.288227e-02 7.096297e-02 1.006751e-01 3.580153e-02 
31 776 2.741070e-01 0 0 6.881571e-02 5.151079e-02 6.514163e-02 1.594043e-01 1.687276e-01 5.317528e-02 7.355737e-02 1.031917e-01 3.939249e-02 
32 801 2.550220e-01 0 0 6.342800e-02 4.791019e-02 6.000252e-02 1.462165e-01 1.576088e-01 4.925764e-02 6.729492e-02 9.354312e-02 3.717825e-02 
33 826 2.624166e-01 0 0 6.329401e-02 5.313903e-02 6.091153e-02 1.498825e-01 1.594989e-01 4.940048e-02 6.932957e-02 9.266978e-02 3.776852e-02 
34 851 2.685389e-01 0 0 6.661454e-02 5.412563e-02 6.135960e-02 1.497296e-01 1.610885e-01 5.094163e-02 7.253761e-02 9.287769e-02 3.865071e-02 
35 876 2.371776e-01 0 0 5.975269e-02 4.665240e-02 5.362643e-02 1.296095e-01 1.407456e-01 4.451910e-02 6.480584e-02 7.996105e-02 3.380905e-02 
36 901 2.504698e-01 0 0 6.394220e-02 4.961213e-02 5.616292e-02 1.398396e-01 1.478874e-01 4.628375e-02 6.843562e-02 8.238532e-02 3.492058e-02 
37 926 2.583964e-01 0 0 6.741358e-02 5.329830e-02 5.754167e-02 1.426158e-01 1.487852e-01 4.795897e-02 6.828671e-02 8.487967e-02 3.526451e-02 
38 951 2.364647e-01 0 0 6.043944e-02 4.799907e-02 5.133851e-02 1.301487e-01 1.387399e-01 4.474787e-02 6.451678e-02 7.558843e-02 3.154904e-02 
39 976 2.150489e-01 0 0 5.392167e-02 4.546473e-02 4.576360e-02 1.187926e-01 1.255142e-01 4.049865e-02 5.715633e-02 6.653746e-02 2.782175e-02 
40 1001 2.059018e-01 0 0 4.948124e-02 4.317011e-02 4.387378e-02 1.154174e-01 1.159595e-01 3.833905e-02 5.531260e-02 6.364810e-02 2.648868e-02 
41 1026 2.287237e-01 0 0 5.489880e-02 4.706292e-02 4.774123e-02 1.256590e-01 1.313831e-01 4.346911e-02 6.670915e-02 7.029201e-02 2.902077e-02 
42 1051 2.360557e-01 0 0 5.820036e-02 4.789008e-02 5.133260e-02 1.323498e-01 1.378694e-01 4.385849e-02 7.225372e-02 7.330394e-02 2.948711e-02 
43 1076 2.137612e-01 0 0 5.080662e-02 4.210928e-02 4.658867e-02 1.191757e-01 1.248175e-01 3.891178e-02 6.331124e-02 6.454790e-02 2.671389e-02 
44 1101 2.062820e-01 0 0 5.055681e-02 3.946958e-02 4.374453e-02 1.186084e-01 1.156264e-01 3.969952e-02 5.919233e-02 6.239506e-02 2.569753e-02 
45 1126 2.028305e-01 0 0 5.069348e-02 3.818002e-02 4.269205e-02 1.173969e-01 1.101705e-01 3.913708e-02 5.627367e-02 6.310845e-02 2.457414e-02 
46 1151 2.227766e-01 0 0 5.540906e-02 4.311890e-02 4.805399e-02 1.358438e-01 1.248577e-01 4.480345e-02 6.108257e-02 7.195261e-02 2.636259e-02 
47 1176 2.212361e-01 0 0 5.553542e-02 4.776986e-02 4.877255e-02 1.326861e-01 1.257140e-01 4.478853e-02 5.914338e-02 7.056069e-02 2.647686e-02 
48 1201 2.443402e-01 0 0 6.140383e-02 5.148779e-02 5.325846e-02 1.409088e-01 1.339516e-01 5.283307e-02 6.455105e-02 7.728144e-02 3.062952e-02 
49 1226 2.298494e-01 0 0 5.699376e-02 4.746092e-02 4.873645e-02 1.306640e-01 1.252627e-01 5.187210e-02 6.202380e-02 6.941245e-02 2.861433e-02 
50 1251 2.473298e-01 0 0 6.132690e-02 5.190472e-02 5.187015e-02 1.403894e-01 1.380252e-01 5.878774e-02 6.693977e-02 7.358090e-02 3.058398e-02 
51 1276 2.491385e-01 0 0 6.327504e-02 5.309127e-02 5.274880e-02 1.441107e-01 1.414493e-01 5.869487e-02 6.578222e-02 7.268479e-02 3.019685e-02 
52 1301 3.029187e-01 0 0 7.632443e-02 6.422773e-02 6.434515e-02 1.741720e-01 1.729417e-01 7.026462e-02 8.049091e-02 8.632153e-02 3.598650e-02 
53 1326 2.918579e-01 0 0 7.079941e-02 5.988901e-02 6.117799e-02 1.658479e-01 1.673280e-01 6.780105e-02 7.607201e-02 7.989512e-02 3.495540e-02 
54 1351 2.956732e-01 0 0 7.111417e-02 5.829894e-02 6.170336e-02 1.648986e-01 1.671469e-01 7.287497e-02 7.902658e-02 8.022138e-02 3.485163e-02 
55 1376 3.076893e-01 0 0 7.426099e-02 6.031142e-02 6.620288e-02 1.679732e-01 1.751432e-01 8.178679e-02 8.253859e-02 8.005993e-02 3.863160e-02 
56 1401 3.107684e-01 0 0 7.440561e-02 6.192977e-02 6.645301e-02 1.686254e-01 1.832027e-01 8.211883e-02 8.127810e-02 8.167248e-02 3.966198e-02 
57 1426 3.018498e-01 0 0 7.103061e-02 5.878735e-02 6.724944e-02 1.584098e-01 1.763570e-01 7.804717e-02 7.638456e-02 7.656944e-02 3.814865e-02 
58 1451 2.821406e-01 0 0 6.537160e-02 5.588925e-02 6.206010e-02 1.426211e-01 1.687240e-01 7.098286e-02 7.252910e-02 7.026019e-02 3.568151e-02 
59 1476 2.847492e-01 0 0 6.752019e-02 5.591131e-02 6.461416e-02 1.376454e-01 1.680796e-01 7.295529e-02 7.191450e-02 7.158414e-02 3.651515e-02 
60 1501 2.982584e-01 0 0 7.044870e-02 5.889221e-02 6.947644e-02 1.423284e-01 1.832216e-01 7.594120e-02 7.501563e-02 7.296777e-02 3.785166e-02 
61 1526 2.954248e-01 0 0 7.080345e-02 5.829142e-02 6.809484e-02 1.389913e-01 1.840066e-01 7.686795e-02 7.132265e-02 7.097632e-02 3.871860e-02 
62 1551 3.106626e-01 0 0 7.357179e-02 6.433490e-02 7.017410e-02 1.449331e-01 1.928347e-01 8.216492e-02 7.409467e-02 7.325867e-02 4.173883e-02 
63 1576 3.223296e-01 0 0 7.701377e-02 6.824991e-02 7.669146e-02 1.474413e-01 1.957778e-01 8.389924e-02 7.527692e-02 7.631865e-02 4.436172e-02 
64 1601 3.048341e-01 0 0 7.092206e-02 6.532122e-02 7.089697e-02 1.379682e-01 1.806097e-01 7.592055e-02 6.947632e-02 7.079718e-02 4.113634e-02 
65 1626 3.003822e-01 0 0 6.989171e-02 6.560959e-02 6.920595e-02 1.309942e-01 1.741019e-01 7.373893e-02 6.792494e-02 7.037360e-02 4.023362e-02 
66 1651 2.689025e-01 0 0 6.108063e-02 5.804269e-02 6.151608e-02 1.148216e-01 1.511812e-01 6.407098e-02 6.041100e-02 6.222252e-02 3.589580e-02 
67 1676 2.293185e-01 0 0 5.103122e-02 5.051266e-02 5.039379e-02 1.014434e-01 1.237239e-01 5.332207e-02 5.022239e-02 5.404593e-02 3.050294e-02 
68 1701 2.616689e-01 0 0 5.888746e-02 5.611899e-02 5.769445e-02 1.177229e-01 1.476037e-01 5.998037e-02 6.334665e-02 6.035974e-02 3.471268e-02 
69 1726 2.815355e-01 0 0 6.092019e-02 5.941004e-02 6.183762e-02 1.234350e-01 1.550966e-01 6.355208e-02 6.793137e-02 6.268805e-02 3.843223e-02 
70 1751 2.882986e-01 0 0 6.066432e-02 5.890486e-02 6.438468e-02 1.271635e-01 1.567614e-01 6.305891e-02 6.780766e-02 6.575584e-02 3.841211e-02 
71 1776 3.511926e-01 0 0 7.625754e-02 7.151786e-02 8.799671e-02 1.624601e-01 1.851957e-01 7.732065e-02 7.983318e-02 7.971548e-02 4.813991e-02 
72 1801 3.697692e-01 0 0 7.724164e-02 7.456241e-02 9.401419e-02 1.685249e-01 1.971154e-01 8.003334e-02 8.799052e-02 8.403117e-02 5.028023e-02 
73 1826 3.632992e-01 0 0 7.309028e-02 7.166203e-02 9.121722e-02 1.606079e-01 1.908867e-01 7.732428e-02 8.540865e-02 8.024446e-02 4.940879e-02 
74 1851 3.572181e-01 0 0 7.151606e-02 6.862432e-02 9.252338e-02 1.545437e-01 1.840775e-01 7.715861e-02 8.284252e-02 7.760461e-02 4.990684e-02 
75 1876 3.093373e-01 0 0 5.992339e-02 5.698555e-02 7.816775e-02 1.292501e-01 1.553235e-01 6.500563e-02 7.058932e-02 6.521352e-02 4.192144e-02 
76 1901 2.707346e-01 0 0 5.275591e-02 4.803062e-02 7.102913e-02 1.106644e-01 1.383841e-01 5.580033e-02 6.293414e-02 5.808234e-02 3.703763e-02 
77 1926 2.563825e-01 0 0 4.984777e-02 4.485121e-02 6.516220e-02 1.025223e-01 1.286176e-01 5.479125e-02 6.032345e-02 5.678993e-02 3.532477e-02 
78 1951 2.843686e-01 0 0 5.384284e-02 4.799593e-02 7.344018e-02 1.117353e-01 1.424208e-01 6.457942e-02 6.548566e-02 6.352776e-02 3.987480e-02 
79 1976 2.628220e-01 0 0 4.807176e-02 4.369600e-02 7.000988e-02 9.937067e-02 1.334817e-01 5.991103e-02 6.096794e-02 5.734221e-02 3.781815e-02 
80 2001 2.465669e-01 0 0 4.399468e-02 4.220522e-02 6.425225e-02 9.162855e-02 1.244762e-01 5.464896e-02 5.798637e-02 5.220923e-02 3.447012e-02 
81 2026 2.441958e-01 0 0 4.221692e-02 4.020110e-02 6.398101e-02 8.789508e-02 1.227296e-01 5.350191e-02 5.633038e-02 5.163791e-02 3.488070e-02 
82 2051 2.573575e-01 0 0 4.392557e-02 4.103313e-02 6.717115e-02 9.047733e-02 1.247993e-01 5.662272e-02 5.739710e-02 5.300038e-02 3.636957e-02 
83 2076 2.589673e-01 0 0 4.289592e-02 4.034192e-02 6.684242e-02 8.886263e-02 1.241255e-01 5.614699e-02 5.583513e-02 5.200879e-02 3.593637e-02 
84 2101 2.521312e-01 0 0 4.113458e-02 3.825613e-02 6.445921e-02 8.444072e-02 1.186508e-01 5.353042e-02 5.590376e-02 5.275384e-02 3.411267e-02 
85 2126 2.520406e-01 0 0 3.947500e-02 3.732412e-02 6.181788e-02 8.318166e-02 1.204564e-01 5.333103e-02 5.579751e-02 5.202903e-02 3.370592e-02 
86 2151 2.278916e-01 0 0 3.495426e-02 3.325715e-02 5.490442e-02 7.506281e-02 1.067758e-01 4.809704e-02 4.933015e-02 4.582226e-02 2.968658e-02 
87 2176 2.071672e-01 0 0 3.217266e-02 3.003829e-02 4.960417e-02 6.749849e-02 9.624875e-02 4.279922e-02 4.354452e-02 4.180236e-02 2.693690e-02 
88 2201 2.256520e-01 0 0 3.501309e-02 3.372298e-02 5.555014e-02 7.234115e-02 1.034966e-01 4.630824e-02 4.812888e-02 4.887688e-02 3.038112e-02 
89 2226 2.439913e-01 0 0 3.945806e-02 3.546747e-02 5.952047e-02 7.598794e-02 1.155847e-01 5.004838e-02 5.413077e-02 5.414158e-02 3.294228e-02 
90 2251 2.771394e-01 0 0 4.731911e-02 4.049866e-02 6.767467e-02 8.568278e-02 1.316828e-01 5.962635e-02 6.542012e-02 6.068531e-02 3.642678e-02 
91 2276 3.378718e-01 0 0 5.818214e-02 5.019039e-02 8.086242e-02 1.007093e-01 1.590206e-01 7.224662e-02 8.204402e-02 7.189100e-02 4.367647e-02 
92 2301 3.484315e-01 0 0 5.858476e-02 5.223236e-02 8.149737e-02 9.972576e-02 1.582045e-01 7.334911e-02 8.374404e-02 7.204361e-02 4.459594e-02 
93 2326 4.235323e-01 0 0 6.990977e-02 6.562644e-02 9.756944e-02 1.189934e-01 1.878825e-01 9.102342e-02 1.003583e-01 8.656155e-02 5.629481e-02 
94 2351 4.466961e-01 0 0 7.498549e-02 6.714548e-02 1.175985e-01 1.223349e-01 1.950046e-01 9.419627e-02 1.046279e-01 9.030595e-02 5.758244e-02 
95 2376 4.646874e-01 0 0 7.632259e-02 7.527942e-02 1.205876e-01 1.219359e-01 1.975891e-01 1.025096e-01 1.098589e-01 9.021018e-02 5.872539e-02 
96 2401 4.909893e-01 0 0 7.824914e-02 8.030635e-02 1.232315e-01 1.259705e-01 2.011697e-01 1.114145e-01 1.175656e-01 9.138706e-02 6.047978e-02 
97 2426 4.995916e-01 0 0 7.779096e-02 8.406030e-02 1.264164e-01 1.262223e-01 2.039019e-01 1.127630e-01 1.189686e-01 8.960662e-02 6.114207e-02 
98 2451 4.701949e-01 0 0 7.021714e-02 7.957883e-02 1.155084e-01 1.152226e-01 1.865751e-01 1.082986e-01 1.113972e-01 8.146983e-02 5.798864e-02 
99 2476 5.428379e-01 0 0 7.932896e-02 9.156124e-02 1.421960e-01 1.353798e-01 2.106167e-01 1.221885e-01 1.334565e-01 9.338754e-02 6.771481e-02 
100 2501 5.403097e-01 0 0 7.692005e-02 9.043783e-02 1.388180e-01 1.309738e-01 2.110459e-01 1.224511e-01 1.328592e-01 8.928006e-02 6.617760e-02 
101 2526 4.920343e-01 0 0 6.785482e-02 8.039017e-02 1.242901e-01 1.154176e-01 1.912507e-01 1.096365e-01 1.169595e-01 7.962133e-02 5.851533e-02 
102 2551 4.255956e-01 0 0 5.844296e-02 7.030750e-02 1.059312e-01 1.011204e-01 1.588240e-01 9.405136e-02 1.035863e-01 6.792132e-02 5.029246e-02 
103 2576 4.616144e-01 0 0 6.386601e-02 7.492703e-02 1.164229e-01 1.077911e-01 1.709157e-01 1.001294e-01 1.123656e-01 7.310178e-02 5.326050e-02 
104 2601 4.528541e-01 0 0 6.138381e-02 7.234611e-02 1.113666e-01 1.047704e-01 1.682687e-01 9.484558e-02 1.118973e-01 7.097026e-02 5.161685e-02 
105 2626 4.053663e-01 0 0 5.427760e-02 6.351120e-02 9.740255e-02 9.103407e-02 1.473683e-01 8.452414e-02 9.706274e-02 6.165309e-02 4.538775e-02 
106 2651 3.871331e-01 0 0 5.285048e-02 5.939148e-02 9.230513e-02 8.821243e-02 1.378829e-01 7.921533e-02 9.159380e-02 5.733687e-02 4.314745e-02 
107 2676 3.764383e-01 0 0 5.205904e-02 5.822903e-02 8.791232e-02 8.452295e-02 1.329498e-01 7.984192e-02 9.530316e-02 5.539819e-02 4.123722e-02 
108 2701 3.444949e-01 0 0 4.586348e-02 5.103424e-02 8.002699e-02 7.680984e-02 1.263751e-01 7.162381e-02 8.805399e-02 4.884490e-02 3.678046e-02 
109 2726 3.244702e-01 0 0 4.314030e-02 4.875087e-02 7.480665e-02 7.082067e-02 1.198541e-01 6.843530e-02 8.323052e-02 4.414450e-02 3.408256e-02 
110 2751 3.286708e-01 0 0 4.292543e-02 4.836852e-02 7.404912e-02 6.973178e-02 1.189080e-01 6.962826e-02 8.362632e-02 4.495217e-02 3.347898e-02 
111 2776 3.288251e-01 0 0 4.258958e-02 4.722034e-02 7.374141e-02 6.778547e-02 1.141858e-01 6.798887e-02 8.139358e-02 4.352116e-02 3.204609e-02 
112 2801 3.047790e-01 0 0 3.842506e-02 4.354497e-02 7.063944e-02 6.399780e-02 1.073157e-01 6.134685e-02 7.561346e-02 3.913490e-02 2.919438e-02 
113 2826 2.716648e-01 0 0 3.321549e-02 3.785437e-02 6.320953e-02 5.575951e-02 9.365123e-02 5.263133e-02 6.546452e-02 3.429094e-02 2.507523e-02 
114 2851 2.710232e-01 0 0 3.345637e-02 3.837133e-02 6.438171e-02 5.434847e-02 9.057850e-02 5.221254e-02 6.386293e-02 3.480148e-02 2.436901e-02 
115 2876 2.599748e-01 0 0 3.147373e-02 3.652122e-02 6.130056e-02 5.161834e-02 8.517365e-02 4.956509e-02 6.116246e-02 3.345123e-02 2.252734e-02 
116 2901 2.378946e-01 0 0 2.823508e-02 3.265385e-02 5.488359e-02 4.736148e-02 7.810602e-02 4.481613e-02 5.555303e-02 3.036114e-02 1.993831e-02 
117 2926 2.102288e-01 0 0 2.489751e-02 2.837820e-02 4.682507e-02 4.235089e-02 6.918619e-02 3.851026e-02 4.840134e-02 2.619389e-02 1.690015e-02 
118 2951 2.349776e-01 0 0 2.693130e-02 3.209217e-02 5.072317e-02 4.617642e-02 7.702377e-02 4.206698e-02 5.309881e-02 2.900605e-02 1.875734e-02 
119 2976 2.121978e-01 0 0 2.370764e-02 2.811449e-02 4.722985e-02 4.132761e-02 6.798275e-02 3.711402e-02 4.676637e-02 2.531419e-02 1.652266e-02 
120 3001 1.762182e-01 0 0 1.906820e-02 2.253239e-02 3.891706e-02 3.383452e-02 5.530426e-02 3.050963e-02 3.738208e-02 2.132570e-02 1.328692e-02 
121 3026 1.795770e-01 0 0 1.958148e-02 2.236270e-02 3.962936e-02 3.483519e-02 5.583679e-02 3.030819e-02 3.900893e-02 2.179463e-02 1.314244e-02 
122 3051 1.654707e-01 0 0 1.796948e-02 2.091201e-02 3.641608e-02 3.114748e-02 5.075753e-02 2.721934e-02 3.536857e-02 1.977971e-02 1.171283e-02 
123 3076 1.688296e-01 0 0 1.792557e-02 2.115738e-02 3.640499e-02 3.046378e-02 5.192341e-02 2.745679e-02 3.542867e-02 1.971969e-02 1.156782e-02 
124 3101 1.612247e-01 0 0 1.671447e-02 1.932260e-02 3.387940e-02 2.819626e-02 4.974691e-02 2.565314e-02 3.308652e-02 1.898909e-02 1.066546e-02 
125 3126 1.684395e-01 0 0 1.715511e-02 1.989552e-02 3.645185e-02 3.094231e-02 5.057329e-02 2.684569e-02 3.358675e-02 1.918512e-02 1.095978e-02 
126 3151 1.530536e-01 0 0 1.510647e-02 1.834106e-02 3.326218e-02 2.727768e-02 4.431670e-02 2.438071e-02 2.986590e-02 1.718529e-02 9.551834e-03 
127 3176 1.383479e-01 0 0 1.344513e-02 1.620532e-02 2.913158e-02 2.406505e-02 3.941803e-02 2.133156e-02 2.693084e-02 1.620178e-02 8.466948e-03 
128 3201 1.364642e-01 0 0 1.286541e-02 1.547850e-02 2.838006e-02 2.341615e-02 3.840607e-02 2.180367e-02 2.761319e-02 1.639521e-02 8.185420e-03 
129 3226 1.220647e-01 0 0 1.125106e-02 1.351884e-02 2.472976e-02 2.100941e-02 3.482452e-02 1.897723e-02 2.460701e-02 1.419502e-02 7.111020e-03 
130 3251 1.361151e-01 0 0 1.286251e-02 1.455462e-02 2.707355e-02 2.285986e-02 3.873646e-02 2.297330e-02 2.765948e-02 1.676250e-02 7.764016e-03 
131 3276 1.204701e-01 0 0 1.103147e-02 1.259310e-02 2.416797e-02 2.010259e-02 3.426418e-02 2.080904e-02 2.416193e-02 1.504436e-02 6.632074e-03 
132 3301 1.112381e-01 0 0 1.026920e-02 1.142806e-02 2.203584e-02 1.795384e-02 3.070952e-02 1.919248e-02 2.229660e-02 1.383979e-02 5.880842e-03 
133 3326 9.945000e-02 0 0 9.059504e-03 9.824193e-03 1.983620e-02 1.639293e-02 2.673125e-02 1.752004e-02 2.011498e-02 1.221673e-02 5.073322e-03 
134 3351 8.428668e-02 0 0 7.621437e-03 8.332647e-03 1.674158e-02 1.359193e-02 2.328176e-02 1.472873e-02 1.724835e-02 1.019093e-02 4.100842e-03 
135 3376 8.210106e-02 0 0 7.195494e-03 7.950380e-03 1.635614e-02 1.282408e-02 2.238572e-02 1.386355e-02 1.708523e-02 9.695555e-03 3.881850e-03 
136 3401 8.263504e-02 0 0 7.140182e-03 7.824849e-03 1.600348e-02 1.311105e-02 2.264163e-02 1.367295e-02 1.744303e-02 9.765458e-03 3.880357e-03 
137 3426 7.293045e-02 0 0 6.530998e-03 6.749283e-03 1.357582e-02 1.139999e-02 1.923545e-02 1.202937e-02 1.512256e-02 8.879409e-03 3.288540e-03 
138 3451 8.120197e-02 0 0 7.368703e-03 7.284463e-03 1.493162e-02 1.263669e-02 2.157427e-02 1.389253e-02 1.663587e-02 9.864546e-03 3.528463e-03 
139 3476 8.350054e-02 0 0 7.682214e-03 7.367204e-03 1.524574e-02 1.251267e-02 2.228055e-02 1.399928e-02 1.661885e-02 9.879635e-03 3.478040e-03 
140 3501 8.887304e-02 0 0 7.881388e-03 8.206328e-03 1.643996e-02 1.339762e-02 2.531161e-02 1.458500e-02 1.836385e-02 1.056955e-02 3.583788e-03 
141 3526 1.011512e-01 0 0 9.035738e-03 9.729924e-03 1.906205e-02 1.507842e-02 3.004032e-02 1.740716e-02 2.068616e-02 1.176568e-02 3.913649e-03 
142 3551 1.083264e-01 0 0 1.009236e-02 1.048974e-02 2.126430e-02 1.570741e-02 3.230695e-02 1.949343e-02 2.174248e-02 1.267044e-02 4.016293e-03 
143 3576 9.835524e-02 0 0 9.108191e-03 9.312580e-03 1.906569e-02 1.396570e-02 3.127938e-02 1.797879e-02 1.946175e-02 1.104045e-02 3.488132e-03 
144 3601 9.223507e-02 0 0 8.464298e-03 9.010042e-03 1.810634e-02 1.322700e-02 2.868278e-02 1.739135e-02 1.793642e-02 1.021626e-02 3.191682e-03 
145 3626 9.744188e-02 0 0 9.108207e-03 9.289415e-03 1.948105e-02 1.372554e-02 2.952319e-02 1.816827e-02 1.859231e-02 1.061262e-02 3.209740e-03 
146 3651 9.412318e-02 0 0 8.504298e-03 8.704956e-03 1.824931e-02 1.300097e-02 2.822909e-02 1.718331e-02 1.743113e-02 9.972337e-03 2.993912e-03 
147 3676 9.148388e-02 0 0 8.141601e-03 8.469771e-03 1.771904e-02 1.260416e-02 2.759655e-02 1.669928e-02 1.647326e-02 9.343643e-03 2.797561e-03 
148 3701 9.150893e-02 0 0 7.811785e-03 8.283528e-03 1.734031e-02 1.300258e-02 2.756906e-02 1.690976e-02 1.615167e-02 9.058147e-03 2.701647e-03 
149 3726 8.666679e-02 0 0 7.563534e-03 7.637746e-03 1.627699e-02 1.222207e-02 2.530862e-02 1.580818e-02 1.499279e-02 8.500229e-03 2.480217e-03 
150 3751 8.342645e-02 0 0 7.420361e-03 7.297584e-03 1.568077e-02 1.158159e-02 2.445326e-02 1.462552e-02 1.478104e-02 8.235199e-03 2.303668e-03 
151 3776 9.702870e-02 0 0 8.503511e-03 8.662551e-03 1.789696e-02 1.442288e-02 2.785637e-02 1.633304e-02 1.726616e-02 9.365984e-03 2.556879e-03 
152 3801 1.008330e-01 0 0 8.559843e-03 9.203743e-03 1.802893e-02 1.538034e-02 2.901873e-02 1.705137e-02 1.766908e-02 9.545573e-03 2.563076e-03 
153 3826 9.518339e-02 0 0 7.905919e-03 8.589635e-03 1.695928e-02 1.421460e-02 2.813366e-02 1.579641e-02 1.657475e-02 8.875159e-03 2.325964e-03 
154 3851 8.845801e-02 0 0 7.229788e-03 7.951382e-03 1.556903e-02 1.271700e-02 2.633901e-02 1.433790e-02 1.609111e-02 8.074138e-03 2.086483e-03 
155 3876 9.108999e-02 0 0 7.296253e-03 8.135654e-03 1.612459e-02 1.326708e-02 2.661251e-02 1.437690e-02 1.642722e-02 8.012309e-03 2.079197e-03 
156 3901 9.319152e-02 0 0 7.270095e-03 8.311896e-03 1.634646e-02 1.310885e-02 2.614993e-02 1.447590e-02 1.663973e-02 7.993327e-03 2.044593e-03 
157 3926 8.498753e-02 0 0 6.671998e-03 7.918216e-03 1.459959e-02 1.234282e-02 2.314920e-02 1.299706e-02 1.508780e-02 7.428803e-03 1.806474e-03 
158 3951 8.116687e-02 0 0 6.350433e-03 7.529344e-03 1.376105e-02 1.179112e-02 2.143869e-02 1.205493e-02 1.405026e-02 6.935156e-03 1.663424e-03 
159 3976 7.123504e-02 0 0 5.691859e-03 6.563157e-03 1.175190e-02 1.016229e-02 1.877988e-02 1.029427e-02 1.185854e-02 6.038229e-03 1.410064e-03 
160 4001 6.269019e-02 0 0 4.924920e-03 5.674595e-03 1.006542e-02 8.677433e-03 1.607824e-02 8.920564e-03 1.019423e-02 5.169714e-03 1.211014e-03 
161 4026 6.057562e-02 0 0 4.703626e-03 5.500039e-03 9.472059e-03 8.662416e-03 1.546630e-02 8.297299e-03 9.431906e-03 4.866821e-03 1.124015e-03 
162 4051 6.283028e-02 0 0 4.976609e-03 5.675453e-03 9.715331e-03 9.091074e-03 1.666857e-02 8.571529e-03 9.929967e-03 4.859989e-03 1.130061e-03 
163 4076 5.981147e-02 0 0 4.608739e-03 5.281049e-03 8.963164e-03 8.309005e-03 1.652637e-02 8.183227e-03 9.449413e-03 4.527186e-03 1.041569e-03 
164 4101 5.241381e-02 0 0 3.959072e-03 4.545093e-03 7.528622e-03 7.390737e-03 1.478186e-02 7.062299e-03 8.109856e-03 4.009498e-03 8.862694e-04 
165 4126 4.787124e-02 0 0 3.537270e-03 4.039448e-03 6.916408e-03 6.765223e-03 1.308983e-02 6.231597e-03 7.284239e-03 3.532596e-03 8.223478e-04 
166 4151 4.553211e-02 0 0 3.508639e-03 3.809083e-03 6.713110e-03 6.354336e-03 1.225772e-02 5.832153e-03 6.751965e-03 3.386694e-03 7.522693e-04 
167 4176 4.438241e-02 0 0 3.408346e-03 3.815136e-03 6.438653e-03 6.267617e-03 1.256799e-02 5.787947e-03 6.740172e-03 3.207089e-03 7.075570e-04 
168 4201 3.945794e-02 0 0 2.914582e-03 3.443993e-03 5.733237e-03 5.505729e-03 1.102021e-02 5.153023e-03 5.978188e-03 2.809514e-03 6.085532e-04 
169 4226 3.612608e-02 0 0 2.680863e-03 3.093117e-03 5.074130e-03 4.973070e-03 9.988440e-03 4.659324e-03 5.373140e-03 2.554545e-03 5.436470e-04 
170 4251 2.881480e-02 0 0 2.115536e-03 2.420709e-03 4.133039e-03 3.816706e-03 7.942627e-03 3.669692e-03 4.298833e-03 2.092361e-03 4.209413e-04 
171 4276 2.534091e-02 0 0 1.839440e-03 2.181614e-03 3.712912e-03 3.309582e-03 7.203796e-03 3.231426e-03 3.937565e-03 1.847825e-03 3.606074e-04 
172 4301 2.724755e-02 0 0 1.955450e-03 2.292411e-03 3.966849e-03 3.537865e-03 8.152958e-03 3.384176e-03 4.383526e-03 1.972996e-03 3.877799e-04 
173 4326 2.907402e-02 0 0 2.074179e-03 2.445141e-03 4.184009e-03 3.616961e-03 9.479252e-03 3.793223e-03 4.870530e-03 2.243211e-03 4.090002e-04 
174 4351 2.820381e-02 0 0 2.010016e-03 2.347027e-03 4.055677e-03 3.466127e-03 9.020614e-03 3.639837e-03 4.916922e-03 2.173024e-03 3.888976e-04 
175 4376 2.429125e-02 0 0 1.684151e-03 1.978087e-03 3.383531e-03 3.039565e-03 7.614390e-03 3.109713e-03 4.170962e-03 1.813482e-03 3.234783e-04 
176 4401 2.434484e-02 0 0 1.624243e-03 1.952584e-03 3.373008e-03 3.069468e-03 7.395065e-03 3.044677e-03 4.378728e-03 1.800509e-03 3.124270e-04 
177 4426 2.701289e-02 0 0 1.923749e-03 2.225244e-03 3.605757e-03 3.591626e-03 8.007320e-03 3.603373e-03 4.788409e-03 2.066229e-03 3.372330e-04 
178 4451 3.046060e-02 0 0 2.117676e-03 2.468910e-03 3.926637e-03 4.141578e-03 1.016568e-02 3.990708e-03 5.509220e-03 2.282104e-03 3.663341e-04 
179 4476 3.035493e-02 0 0 2.093386e-03 2.406883e-03 3.913568e-03 4.059949e-03 1.000301e-02 3.841596e-03 5.488526e-03 2.239252e-03 3.572644e-04 
180 4501 3.071562e-02 0 0 2.055571e-03 2.355117e-03 3.860846e-03 4.082596e-03 1.043138e-02 3.785623e-03 5.471553e-03 2.277810e-03 3.467245e-04 
181 4526 3.771348e-02 0 0 2.536981e-03 3.107062e-03 5.004142e-03 5.001025e-03 1.276905e-02 4.641004e-03 6.986867e-03 2.747299e-03 4.367788e-04 
182 4551 3.885341e-02 0 0 2.689346e-03 3.088102e-03 5.169324e-03 5.061332e-03 1.312713e-02 4.673648e-03 7.125493e-03 2.799140e-03 4.304966e-04 
183 4576 3.848634e-02 0 0 2.681668e-03 3.039843e-03 4.994068e-03 5.138008e-03 1.271547e-02 4.588387e-03 6.958457e-03 2.899131e-03 4.141629e-04 
184 4601 3.636592e-02 0 0 2.496075e-03 2.806654e-03 4.523587e-03 4.872569e-03 1.182539e-02 4.471728e-03 6.664203e-03 2.710407e-03 3.874526e-04 
185 4626 3.136816e-02 0 0 2.114316e-03 2.399371e-03 3.812016e-03 4.065900e-03 9.910163e-03 3.766150e-03 5.608981e-03 2.427844e-03 3.212575e-04 
186 4651 3.068687e-02 0 0 2.120076e-03 2.317628e-03 3.728832e-03 3.881702e-03 9.482412e-03 3.632534e-03 5.498463e-03 2.343576e-03 3.166681e-04 
187 4676 3.206925e-02 0 0 2.146000e-03 2.469033e-03 3.873715e-03 3.942432e-03 1.008026e-02 3.741350e-03 5.975839e-03 2.553795e-03 3.347991e-04 
188 4701 2.813638e-02 0 0 1.837091e-03 2.208882e-03 3.334639e-03 3.374107e-03 8.811869e-03 3.185992e-03 5.298148e-03 2.208252e-03 2.830397e-04 
189 4726 2.786899e-02 0 0 1.785482e-03 2.207377e-03 3.511674e-03 3.213909e-03 8.444136e-03 3.211927e-03 5.335839e-03 2.150848e-03 2.828506e-04 
190 4751 2.810528e-02 0 0 1.797731e-03 2.195968e-03 3.417731e-03 3.389569e-03 8.523972e-03 3.373869e-03 5.349784e-03 2.204120e-03 2.829333e-04 
191 4776 2.741604e-02 0 0 1.681438e-03 2.129672e-03 3.322007e-03 3.306905e-03 8.270655e-03 3.248225e-03 5.193019e-03 2.187871e-03 2.673192e-04 
192 4801 2.569130e-02 0 0 1.550689e-03 1.992430e-03 3.137377e-03 3.088273e-03 7.708638e-03 3.198172e-03 4.930112e-03 2.073006e-03 2.521304e-04 
193 4826 2.726965e-02 0 0 1.602499e-03 2.143911e-03 3.512306e-03 3.212234e-03 8.038630e-03 3.313217e-03 5.226604e-03 2.209961e-03 2.663533e-04 
194 4851 2.537306e-02 0 0 1.460975e-03 2.008391e-03 3.197023e-03 3.028199e-03 7.215141e-03 3.091922e-03 4.864629e-03 2.060698e-03 2.448284e-04 
195 4876 2.330099e-02 0 0 1.319840e-03 1.831760e-03 3.048093e-03 2.728013e-03 6.571142e-03 2.802526e-03 4.562174e-03 1.864839e-03 2.212267e-04 
196 4901 2.145117e-02 0 0 1.180733e-03 1.646391e-03 2.829995e-03 2.503803e-03 6.168949e-03 2.501233e-03 4.144652e-03 1.668811e-03 1.976095e-04 
197 4926 2.261697e-02 0 0 1.214093e-03 1.670364e-03 3.046790e-03 2.592273e-03 6.367949e-03 2.571229e-03 4.382365e-03 1.756334e-03 2.216529e-04 
198 4951 2.498534e-02 0 0 1.409241e-03 1.930332e-03 3.395852e-03 2.871787e-03 7.455058e-03 3.033947e-03 5.023460e-03 1.975201e-03 2.425748e-04 
199 4976 3.239511e-02 0 0 1.779942e-03 2.668042e-03 4.447831e-03 3.711732e-03 9.926762e-03 3.934093e-03 6.554453e-03 2.543192e-03 3.164229e-04 
200 5001 3.420388e-02 0 0 1.861032e-03 2.721956e-03 4.677948e-03 3.888025e-03 1.166403e-02 4.121814e-03 7.048805e-03 2.660175e-03 3.314820e-04 
201 5026 3.598787e-02 0 0 1.952503e-03 2.875923e-03 4.968486e-03 4.136598e-03 1.199252e-02 4.254344e-03 7.333770e-03 2.709786e-03 3.500182e-04 
202 5051 3.932786e-02 0 0 2.223914e-03 3.298746e-03 5.392273e-03 4.501279e-03 1.382022e-02 4.790433e-03 7.869259e-03 3.011922e-03 3.812319e-04 
203 5076 3.777267e-02 0 0 2.100869e-03 3.134090e-03 5.300171e-03 4.189861e-03 1.312326e-02 4.544897e-03 7.424654e-03 2.785604e-03 3.571207e-04 
204 5101 3.745883e-02 0 0 2.098309e-03 3.007210e-03 5.350151e-03 4.075413e-03 1.281556e-02 4.372565e-03 7.446802e-03 2.756001e-03 3.412204e-04 
205 5126 3.905888e-02 0 0 2.198288e-03 3.144957e-03 5.844294e-03 4.204290e-03 1.301839e-02 4.501427e-03 7.971334e-03 2.793012e-03 3.446902e-04 
206 5151 4.110624e-02 0 0 2.639267e-03 3.201412e-03 6.084882e-03 4.466401e-03 1.355616e-02 4.682352e-03 8.516520e-03 2.877596e-03 3.672750e-04 
207 5176 4.230904e-02 0 0 2.787709e-03 3.250928e-03 6.243310e-03 4.508332e-03 1.363497e-02 4.611039e-03 8.560802e-03 2.894911e-03 3.678968e-04 
208 5201 4.407550e-02 0 0 2.909478e-03 3.491035e-03 6.296811e-03 4.604001e-03 1.369551e-02 4.748347e-03 8.677204e-03 3.018728e-03 3.759363e-04 
209 5226 4.179236e-02 0 0 2.685114e-03 3.215138e-03 5.845023e-03 4.338648e-03 1.263179e-02 4.509372e-03 8.080501e-03 2.891120e-03 3.477184e-04 
210 5251 4.421685e-02 0 0 2.908780e-03 3.370591e-03 6.311739e-03 4.393755e-03 1.293202e-02 4.790496e-03 8.391977e-03 3.211461e-03 3.628997e-04 
211 5276 4.676762e-02 0 0 3.104714e-03 3.622733e-03 6.848401e-03 4.675850e-03 1.329365e-02 5.129038e-03 8.897706e-03 3.490532e-03 3.756408e-04 
212 5301 4.775522e-02 0 0 3.098283e-03 3.777233e-03 7.034687e-03 4.678552e-03 1.365142e-02 5.157923e-03 9.476871e-03 3.577626e-03 3.802983e-04 
213 5326 4.758169e-02 0 0 3.102637e-03 3.690180e-03 7.044405e-03 4.646631e-03 1.364848e-02 5.152669e-03 9.595225e-03 3.620996e-03 3.710918e-04 
214 5351 5.041367e-02 0 0 3.252971e-03 3.772188e-03 7.470073e-03 4.816475e-03 1.409372e-02 5.364249e-03 1.037595e-02 3.858580e-03 3.904981e-04 
215 5376 5.195054e-02 0 0 3.321769e-03 3.796071e-03 7.589858e-03 4.940676e-03 1.437539e-02 5.448044e-03 1.058627e-02 4.097868e-03 4.074983e-04 
216 5401 5.618740e-02 0 0 3.521495e-03 4.104528e-03 7.961837e-03 5.214784e-03 1.515813e-02 5.859487e-03 1.122085e-02 4.385129e-03 4.399795e-04 
217 5426 5.669859e-02 0 0 3.562552e-03 4.048301e-03 7.906195e-03 5.094110e-03 1.511059e-02 5.858896e-03 1.111088e-02 4.406058e-03 4.322292e-04 
218 5451 5.744709e-02 0 0 3.571954e-03 4.084321e-03 8.142817e-03 5.228755e-03 1.598904e-02 6.138438e-03 1.118060e-02 4.392792e-03 4.547453e-04 
219 5476 5.719559e-02 0 0 3.718890e-03 4.044977e-03 7.987315e-03 5.122880e-03 1.568998e-02 6.064343e-03 1.118469e-02 4.616912e-03 4.415280e-04 
220 5501 5.266558e-02 0 0 3.298226e-03 3.630198e-03 7.339366e-03 4.537153e-03 1.425654e-02 5.487090e-03 1.000772e-02 4.112031e-03 3.968284e-04 
221 5526 5.209909e-02 0 0 3.120489e-03 3.465071e-03 7.591236e-03 4.357540e-03 1.382822e-02 5.401846e-03 9.613518e-03 3.999307e-03 3.865579e-04 
222 5551 4.468799e-02 0 0 2.624165e-03 3.022871e-03 6.450043e-03 3.758780e-03 1.143130e-02 4.647771e-03 8.144624e-03 3.383342e-03 3.266481e-04 
223 5576 4.588337e-02 0 0 2.635928e-03 3.040096e-03 6.333646e-03 4.012559e-03 1.165748e-02 4.847368e-03 8.023122e-03 3.444183e-03 3.261130e-04 
224 5601 4.312037e-02 0 0 2.421013e-03 2.807284e-03 5.798532e-03 3.768700e-03 1.081109e-02 4.688720e-03 7.262852e-03 3.212058e-03 3.045600e-04 
225 5626 3.541183e-02 0 0 1.968833e-03 2.226321e-03 4.640146e-03 3.039198e-03 8.781621e-03 3.986742e-03 5.840030e-03 2.704364e-03 2.462447e-04 
226 5651 3.915331e-02 0 0 2.161365e-03 2.437180e-03 5.165150e-03 3.293775e-03 9.597820e-03 4.269197e-03 6.330823e-03 2.937944e-03 2.734484e-04 
227 5676 4.295002e-02 0 0 2.451725e-03 2.781066e-03 6.234924e-03 3.639571e-03 1.026270e-02 4.692800e-03 6.852986e-03 3.421791e-03 2.931883e-04 
228 5701 5.096348e-02 0 0 3.057486e-03 3.546990e-03 7.633344e-03 4.206644e-03 1.196589e-02 5.603444e-03 7.975204e-03 4.166999e-03 3.413348e-04 
229 5726 4.974295e-02 0 0 2.941875e-03 3.436942e-03 7.474903e-03 4.264382e-03 1.165153e-02 5.304598e-03 7.477071e-03 3.967538e-03 3.207047e-04 
230 5751 4.396387e-02 0 0 2.526064e-03 2.977896e-03 6.399649e-03 3.794768e-03 1.020783e-02 4.504542e-03 6.422442e-03 3.423653e-03 2.741986e-04 
231 5776 4.859478e-02 0 0 2.963003e-03 3.435524e-03 7.636854e-03 4.664033e-03 1.234761e-02 4.858700e-03 7.098838e-03 3.779773e-03 3.034700e-04 
232 5801 4.801086e-02 0 0 2.979109e-03 3.532346e-03 7.673623e-03 4.580363e-03 1.232917e-02 4.943070e-03 7.234542e-03 3.713500e-03 2.937071e-04 
233 5826 4.482209e-02 0 0 2.741908e-03 3.241995e-03 7.039753e-03 4.289865e-03 1.130210e-02 4.509155e-03 6.541730e-03 3.396272e-03 2.678946e-04 
234 5851 4.521108e-02 0 0 2.834773e-03 3.183540e-03 7.050393e-03 4.488062e-03 1.122638e-02 4.447320e-03 6.733751e-03 3.321940e-03 2.651795e-04 
235 5876 4.622872e-02 0 0 2.907626e-03 3.447346e-03 7.604094e-03 4.439133e-03 1.114736e-02 4.541679e-03 6.805170e-03 3.404535e-03 2.838275e-04 
236 5901 4.363409e-02 0 0 2.734010e-03 3.233378e-03 7.052642e-03 4.106350e-03 1.041895e-02 4.147739e-03 6.297933e-03 3.109156e-03 2.635214e-04 
237 5926 4.426523e-02 0 0 2.810964e-03 3.292939e-03 7.311686e-03 4.146047e-03 1.105882e-02 4.187697e-03 6.198287e-03 3.147648e-03 2.634638e-04 
238 5951 3.904278e-02 0 0 2.405639e-03 2.968724e-03 6.325143e-03 3.685593e-03 9.854030e-03 3.619525e-03 5.330822e-03 2.819174e-03 2.258819e-04 
239 5976 3.821220e-02 0 0 2.283441e-03 2.865390e-03 6.223117e-03 3.744289e-03 1.005724e-02 3.531966e-03 5.210337e-03 2.753389e-03 2.200716e-04 
240 6001 4.036294e-02 0 0 2.488797e-03 2.932170e-03 6.403810e-03 4.151447e-03 1.050762e-02 3.636934e-03 5.520308e-03 2.875140e-03 2.401450e-04 
241 6026 3.827413e-02 0 0 2.319858e-03 2.788448e-03 6.137557e-03 3.881672e-03 1.023686e-02 3.379310e-03 5.103355e-03 2.883735e-03 2.233358e-04 
242 6051 4.049128e-02 0 0 2.418064e-03 2.980763e-03 6.407404e-03 4.144134e-03 1.088779e-02 3.604473e-03 5.260528e-03 3.107011e-03 2.351407e-04 
243 6076 3.885159e-02 0 0 2.285308e-03 2.933158e-03 6.381974e-03 3.935022e-03 1.069157e-02 3.478722e-03 4.900975e-03 3.111942e-03 2.186328e-04 
244 6101 4.132668e-02 0 0 2.405416e-03 3.333392e-03 6.864222e-03 4.124129e-03 1.170348e-02 3.758909e-03 5.411947e-03 3.499174e-03 2.394049e-04 
245 6126 3.917109e-02 0 0 2.242668e-03 3.143188e-03 6.518790e-03 3.823909e-03 1.084156e-02 3.553525e-03 5.223088e-03 3.322279e-03 2.270036e-04 
246 6151 3.453368e-02 0 0 1.909463e-03 2.708054e-03 5.693449e-03 3.263310e-03 9.668965e-03 3.036737e-03 4.715866e-03 2.842671e-03 1.984651e-04 
247 6176 3.120086e-02 0 0 1.731723e-03 2.351498e-03 5.101081e-03 2.936139e-03 8.754344e-03 2.660372e-03 4.205745e-03 2.549042e-03 1.765598e-04 
248 6201 3.468055e-02 0 0 1.934819e-03 2.611240e-03 6.206413e-03 3.258799e-03 1.029415e-02 3.359633e-03 4.630419e-03 3.372259e-03 2.096998e-04 
249 6226 3.527850e-02 0 0 1.907310e-03 2.630014e-03 6.125039e-03 3.207686e-03 1.028990e-02 3.431344e-03 4.944955e-03 3.373046e-03 2.123478e-04 
250 6251 3.554757e-02 0 0 1.855445e-03 2.553175e-03 6.068399e-03 3.249228e-03 9.976720e-03 3.525250e-03 4.904304e-03 3.361527e-03 2.091765e-04 
251 6276 3.323227e-02 0 0 1.766509e-03 2.296002e-03 5.702508e-03 3.014841e-03 9.337631e-03 3.257062e-03 4.547642e-03 3.076354e-03 1.938057e-04 
252 6301 3.350436e-02 0 0 1.800873e-03 2.279828e-03 5.828191e-03 2.952791e-03 9.299959e-03 3.293258e-03 4.526643e-03 3.024741e-03 1.924768e-04 
253 6326 3.704635e-02 0 0 2.087290e-03 2.606863e-03 6.306989e-03 3.281405e-03 1.061999e-02 3.868908e-03 4.885898e-03 3.337102e-03 2.284612e-04 
254 6351 3.728158e-02 0 0 2.257552e-03 2.599231e-03 6.278816e-03 3.267413e-03 1.078634e-02 3.842551e-03 4.787360e-03 3.296641e-03 2.395642e-04 
255 6376 3.418748e-02 0 0 2.036519e-03 2.445099e-03 5.804713e-03 2.950225e-03 1.024168e-02 3.468056e-03 4.472967e-03 2.999722e-03 2.131705e-04 
256 6401 3.287833e-02 0 0 1.901962e-03 2.259705e-03 5.457213e-03 2.819469e-03 9.618714e-03 3.235467e-03 4.159443e-03 2.794854e-03 2.075999e-04 
257 6426 3.302729e-02 0 0 1.859325e-03 2.288090e-03 5.568991e-03 2.854406e-03 9.529315e-03 3.192214e-03 4.073184e-03 2.755052e-03 2.023777e-04 
258 6451 3.388790e-02 0 0 1.866388e-03 2.329873e-03 5.618413e-03 2.983332e-03 9.809807e-03 3.242497e-03 4.110736e-03 2.760507e-03 2.033309e-04 
259 6476 3.297573e-02 0 0 1.886752e-03 2.460997e-03 5.511400e-03 3.107289e-03 9.581432e-03 3.087519e-03 3.985964e-03 2.662869e-03 2.037331e-04 
260 6501 3.507464e-02 0 0 2.083767e-03 2.646069e-03 5.759430e-03 3.297258e-03 1.014059e-02 3.303869e-03 4.225771e-03 2.811654e-03 2.104836e-04 
261 6526 3.447191e-02 0 0 2.032666e-03 2.536704e-03 5.573816e-03 3.243207e-03 9.745804e-03 3.169516e-03 4.160811e-03 2.690891e-03 2.068677e-04 
262 6551 3.473592e-02 0 0 2.041192e-03 2.462187e-03 5.456371e-03 3.293867e-03 9.803926e-03 3.162005e-03 4.170373e-03 2.682294e-03 2.019443e-04 
263 6576 3.346833e-02 0 0 2.009430e-03 2.345933e-03 5.381146e-03 3.115865e-03 9.452662e-03 3.014903e-03 3.895802e-03 2.579495e-03 1.947236e-04 
264 6601 3.377057e-02 0 0 1.979239e-03 2.355060e-03 5.335210e-03 3.242747e-03 9.384102e-03 2.988679e-03 3.930812e-03 2.544067e-03 1.931364e-04 
265 6626 2.997557e-02 0 0 1.697804e-03 2.043137e-03 4.782758e-03 2.830492e-03 8.475093e-03 2.641237e-03 3.419901e-03 2.296400e-03 1.680278e-04 
266 6651 2.918728e-02 0 0 1.618286e-03 1.945009e-03 4.651491e-03 2.706458e-03 7.961456e-03 2.486849e-03 3.256758e-03 2.200726e-03 1.613854e-04 
267 6676 2.980304e-02 0 0 1.605985e-03 1.990978e-03 4.724809e-03 2.825109e-03 8.296427e-03 2.448300e-03 3.310915e-03 2.145680e-03 1.594887e-04 
268 6701 3.094201e-02 0 0 1.643973e-03 2.072263e-03 4.819195e-03 2.903637e-03 8.491118e-03 2.572895e-03 3.393062e-03 2.253415e-03 1.624307e-04 
269 6726 3.052415e-02 0 0 1.618784e-03 2.006497e-03 4.700303e-03 2.794625e-03 8.446709e-03 2.579230e-03 3.236035e-03 2.220215e-03 1.612975e-04 
270 6751 2.934363e-02 0 0 1.525821e-03 1.877525e-03 4.661907e-03 2.712721e-03 8.198568e-03 2.493600e-03 3.135839e-03 2.242843e-03 1.571640e-04 
271 6776 3.063573e-02 0 0 1.610430e-03 2.134987e-03 4.851033e-03 2.742647e-03 8.495265e-03 2.491675e-03 3.290726e-03 2.315274e-03 1.615542e-04 
272 6801 2.844813e-02 0 0 1.523449e-03 1.995710e-03 4.612418e-03 2.544084e-03 8.101897e-03 2.274626e-03 3.132787e-03 2.147234e-03 1.491310e-04 
273 6826 2.722184e-02 0 0 1.407572e-03 1.881380e-03 4.283711e-03 2.382914e-03 7.605314e-03 2.297300e-03 2.993269e-03 2.048280e-03 1.407735e-04 
274 6851 2.629882e-02 0 0 1.354564e-03 1.751312e-03 4.182376e-03 2.344779e-03 7.412642e-03 2.229579e-03 2.871556e-03 1.980996e-03 1.340976e-04 
275 6876 2.608431e-02 0 0 1.330385e-03 1.718722e-03 4.015760e-03 2.331886e-03 7.265731e-03 2.183002e-03 2.831471e-03 1.924773e-03 1.330231e-04 
276 6901 2.556978e-02 0 0 1.321648e-03 1.662898e-03 4.046069e-03 2.435543e-03 7.109578e-03 2.092903e-03 2.742234e-03 1.890720e-03 1.295838e-04 
277 6926 2.552366e-02 0 0 1.313373e-03 1.649921e-03 3.947886e-03 2.435048e-03 6.918802e-03 2.158266e-03 2.657013e-03 1.998386e-03 1.283838e-04 
278 6951 2.330099e-02 0 0 1.164973e-03 1.494930e-03 3.529910e-03 2.166107e-03 6.131999e-03 1.939444e-03 2.376841e-03 1.796521e-03 1.170245e-04 
279 6976 2.313931e-02 0 0 1.161446e-03 1.542762e-03 3.409340e-03 2.129818e-03 6.081362e-03 1.914232e-03 2.288156e-03 1.739448e-03 1.116682e-04 
280 7001 2.445804e-02 0 0 1.227575e-03 1.631552e-03 3.484187e-03 2.310541e-03 6.276377e-03 1.996094e-03 2.387869e-03 1.781893e-03 1.163252e-04 
281 7026 2.216052e-02 0 0 1.124819e-03 1.494776e-03 3.147655e-03 2.048365e-03 5.768022e-03 1.766717e-03 2.177835e-03 1.589204e-03 1.032551e-04 
282 7051 2.221923e-02 0 0 1.111080e-03 1.511876e-03 3.102438e-03 2.072900e-03 5.679109e-03 1.711633e-03 2.164104e-03 1.541283e-03 1.103074e-04 
283 7076 2.029745e-02 0 0 9.976475e-04 1.408997e-03 2.832715e-03 1.877970e-03 5.104515e-03 1.538642e-03 1.983615e-03 1.387845e-03 1.032253e-04 
284 7101 2.033469e-02 0 0 9.745923e-04 1.413264e-03 2.744211e-03 1.902635e-03 4.946287e-03 1.496399e-03 2.021851e-03 1.340174e-03 1.034513e-04 
285 7126 1.759392e-02 0 0 8.600312e-04 1.248099e-03 2.375475e-03 1.626780e-03 4.527529e-03 1.272654e-03 1.748030e-03 1.135038e-03 9.079697e-05 
286 7151 1.552858e-02 0 0 7.550549e-04 1.098620e-03 2.090476e-03 1.428797e-03 3.947911e-03 1.129497e-03 1.564374e-03 9.880918e-04 7.974929e-05 
287 7176 1.426835e-02 0 0 6.813490e-04 9.752927e-04 1.903216e-03 1.306998e-03 3.615484e-03 1.018958e-03 1.432778e-03 9.018844e-04 7.435272e-05 
288 7201 1.447408e-02 0 0 6.717619e-04 9.633828e-04 1.881992e-03 1.299651e-03 3.599098e-03 9.960311e-04 1.455164e-03 8.974318e-04 7.495276e-05 
289 7226 1.542275e-02 0 0 7.617363e-04 1.033212e-03 2.014850e-03 1.359386e-03 3.827220e-03 1.067829e-03 1.552682e-03 9.517790e-04 8.034808e-05 
290 7251 1.670591e-02 0 0 8.403374e-04 1.127453e-03 2.150601e-03 1.426550e-03 4.004818e-03 1.147570e-03 1.793897e-03 1.010579e-03 8.970462e-05 
291 7276 1.706098e-02 0 0 8.946760e-04 1.153201e-03 2.214021e-03 1.448000e-03 4.052324e-03 1.204095e-03 1.846541e-03 1.067677e-03 9.054351e-05 
292 7301 1.675272e-02 0 0 8.669300e-04 1.117289e-03 2.141275e-03 1.478575e-03 3.912224e-03 1.210053e-03 1.802981e-03 1.041083e-03 8.632142e-05 
293 7326 1.702520e-02 0 0 8.526364e-04 1.103016e-03 2.211989e-03 1.521759e-03 4.146344e-03 1.277217e-03 1.775240e-03 1.066367e-03 8.855225e-05 
294 7351 1.786763e-02 0 0 8.887299e-04 1.144835e-03 2.342782e-03 1.588537e-03 4.243632e-03 1.404685e-03 1.858949e-03 1.120605e-03 9.710937e-05 
295 7376 1.602220e-02 0 0 8.075817e-04 1.084883e-03 2.302587e-03 1.492446e-03 3.966289e-03 1.250612e-03 1.771550e-03 9.943265e-04 8.751983e-05 
296 7401 1.441160e-02 0 0 7.243720e-04 9.503418e-04 2.006866e-03 1.368756e-03 3.489746e-03 1.146390e-03 1.555549e-03 8.903053e-04 7.773902e-05 
297 7426 1.272956e-02 0 0 6.304613e-04 8.362621e-04 1.751034e-03 1.188026e-03 3.153143e-03 9.822109e-04 1.331271e-03 7.662195e-04 6.730767e-05 
298 7451 1.344629e-02 0 0 6.731575e-04 8.659030e-04 1.987143e-03 1.240048e-03 3.316730e-03 1.020360e-03 1.404419e-03 8.033272e-04 7.055182e-05 
299 7476 1.252559e-02 0 0 6.267686e-04 7.932366e-04 1.862444e-03 1.219889e-03 3.164779e-03 9.379890e-04 1.287678e-03 7.432978e-04 6.589991e-05 
300 7501 1.210156e-02 0 0 5.863683e-04 7.429793e-04 1.750365e-03 1.175404e-03 3.089349e-03 9.016566e-04 1.217647e-03 7.325075e-04 6.271290e-05 
301 7526 1.278605e-02 0 0 6.476061e-04 8.280526e-04 1.875167e-03 1.217935e-03 3.225607e-03 9.478175e-04 1.311891e-03 7.974111e-04 6.616943e-05 
302 7551 1.284208e-02 0 0 6.329425e-04 8.216355e-04 1.945972e-03 1.197108e-03 3.198756e-03 9.674312e-04 1.313327e-03 8.210317e-04 6.502220e-05 
303 7576 1.222213e-02 0 0 6.000903e-04 7.928405e-04 1.851462e-03 1.144201e-03 3.029911e-03 8.935528e-04 1.221158e-03 7.671856e-04 6.105463e-05 
304 7601 1.172268e-02 0 0 5.680897e-04 7.609224e-04 1.711508e-03 1.102007e-03 2.926584e-03 8.648569e-04 1.161081e-03 7.253090e-04 5.651303e-05 
305 7626 1.100817e-02 0 0 5.272360e-04 7.011797e-04 1.632570e-03 1.036284e-03 2.749420e-03 8.022760e-04 1.068218e-03 6.756595e-04 5.235838e-05 
306 7651 1.131770e-02 0 0 5.286014e-04 7.151024e-04 1.663728e-03 1.072542e-03 2.808280e-03 7.958077e-04 1.108229e-03 6.706901e-04 5.201742e-05 
307 7676 1.086842e-02 0 0 5.017470e-04 6.942164e-04 1.636192e-03 1.014412e-03 2.636908e-03 7.593071e-04 1.081157e-03 6.420482e-04 4.909902e-05 
308 7701 9.556265e-03 0 0 4.263941e-04 6.004952e-04 1.400954e-03 8.931559e-04 2.300617e-03 6.491985e-04 9.381404e-04 5.498823e-04 4.623816e-05 
309 7726 8.587939e-03 0 0 3.682552e-04 5.211064e-04 1.232033e-03 8.012950e-04 2.032604e-03 5.547795e-04 8.355946e-04 4.766264e-04 4.081041e-05 
310 7751 9.029577e-03 0 0 3.888025e-04 5.354176e-04 1.347144e-03 8.511795e-04 2.171350e-03 6.319487e-04 8.688263e-04 5.216279e-04 4.430994e-05 
311 7776 9.690421e-03 0 0 4.148853e-04 5.781230e-04 1.434624e-03 8.968960e-04 2.250093e-03 7.005385e-04 9.046523e-04 5.510041e-04 4.609833e-05 
312 7801 1.050676e-02 0 0 4.341975e-04 6.342809e-04 1.510269e-03 9.529183e-04 2.449665e-03 7.426073e-04 9.766317e-04 5.880160e-04 4.852529e-05 
313 7826 1.111704e-02 0 0 4.526305e-04 6.619706e-04 1.556535e-03 9.775755e-04 2.531484e-03 7.723573e-04 1.051833e-03 6.091270e-04 5.410092e-05 
314 7851 1.386352e-02 0 0 5.672693e-04 8.406610e-04 1.878427e-03 1.232536e-03 3.066532e-03 1.001923e-03 1.283206e-03 7.665033e-04 6.999998e-05 
315 7876 1.428942e-02 0 0 5.712210e-04 8.577051e-04 1.865031e-03 1.216742e-03 3.038118e-03 1.003885e-03 1.293928e-03 7.548382e-04 7.107722e-05 
316 7901 1.472856e-02 0 0 6.034550e-04 9.061034e-04 1.877784e-03 1.219841e-03 3.056632e-03 1.023413e-03 1.420528e-03 7.607341e-04 7.295903e-05 
317 7926 1.442150e-02 0 0 5.727311e-04 8.760336e-04 1.824771e-03 1.209266e-03 3.162951e-03 1.018880e-03 1.379706e-03 7.797997e-04 7.260329e-05 
318 7951 1.605079e-02 0 0 6.402998e-04 9.782182e-04 2.163361e-03 1.361792e-03 3.447206e-03 1.145482e-03 1.503651e-03 8.723498e-04 8.022516e-05 
319 7976 1.660174e-02 0 0 6.872650e-04 9.824236e-04 2.269412e-03 1.421176e-03 3.498906e-03 1.179566e-03 1.501529e-03 9.114054e-04 8.020777e-05 
320 8001 1.639822e-02 0 0 6.776843e-04 9.513134e-04 2.214465e-03 1.397703e-03 3.456588e-03 1.157912e-03 1.486061e-03 8.924633e-04 7.847839e-05 
321 8026 1.764049e-02 0 0 7.689591e-04 1.056981e-03 2.450893e-03 1.445795e-03 3.687984e-03 1.236653e-03 1.575288e-03 9.365845e-04 8.253473e-05 
322 8051 1.593757e-02 0 0 6.898946e-04 9.312238e-04 2.197436e-03 1.297002e-03 3.302154e-03 1.106138e-03 1.414808e-03 8.246120e-04 7.351350e-05 
323 8076 1.558207e-02 0 0 6.719837e-04 8.922396e-04 2.183804e-03 1.258403e-03 3.259344e-03 1.114184e-03 1.403659e-03 8.481890e-04 7.493876e-05 
324 8101 1.549047e-02 0 0 6.565979e-04 9.101191e-04 2.145362e-03 1.249355e-03 3.146152e-03 1.135870e-03 1.454765e-03 8.760322e-04 7.544429e-05 
325 8126 1.314390e-02 0 0 5.473519e-04 7.583869e-04 1.807638e-03 1.042126e-03 2.720126e-03 9.536024e-04 1.194410e-03 7.305328e-04 6.316535e-05 
326 8151 1.255093e-02 0 0 5.234319e-04 7.306794e-04 1.763226e-03 1.046548e-03 2.592441e-03 9.179152e-04 1.135072e-03 7.124975e-04 6.045438e-05 
327 8176 1.408092e-02 0 0 5.908328e-04 8.067034e-04 1.989902e-03 1.153571e-03 2.877630e-03 1.036727e-03 1.310970e-03 8.334164e-04 6.708900e-05 
328 8201 1.292722e-02 0 0 5.313469e-04 7.173421e-04 1.775088e-03 1.027212e-03 2.625191e-03 9.778969e-04 1.198345e-03 7.673584e-04 6.130602e-05 
329 8226 1.157670e-02 0 0 4.577685e-04 6.283099e-04 1.589778e-03 9.239638e-04 2.333221e-03 8.715926e-04 1.058091e-03 6.949404e-04 5.613540e-05 
330 8251 1.256731e-02 0 0 5.104345e-04 6.544006e-04 1.753077e-03 9.816872e-04 2.537681e-03 9.514813e-04 1.143219e-03 7.858126e-04 5.967640e-05 
331 8276 1.035304e-02 0 0 4.243488e-04 5.380181e-04 1.444685e-03 7.888381e-04 2.065063e-03 7.717141e-04 9.309836e-04 6.323748e-04 4.788642e-05 
332 8301 9.421871e-03 0 0 3.697578e-04 4.833366e-04 1.273800e-03 6.915585e-04 1.809377e-03 6.729125e-04 8.439500e-04 5.574492e-04 4.266236e-05 
333 8326 8.963217e-03 0 0 3.545593e-04 4.452463e-04 1.190659e-03 6.631879e-04 1.688299e-03 6.238763e-04 7.776689e-04 5.136874e-04 4.088547e-05 
334 8351 8.350735e-03 0 0 3.189258e-04 4.151681e-04 1.076084e-03 6.227178e-04 1.561168e-03 5.657426e-04 7.240956e-04 4.705468e-04 3.913886e-05 
335 8376 9.187598e-03 0 0 3.471031e-04 4.769349e-04 1.205321e-03 6.783088e-04 1.652039e-03 6.240009e-04 8.133382e-04 5.363160e-04 4.151916e-05 
336 8401 7.895106e-03 0 0 2.958408e-04 4.045735e-04 1.011646e-03 5.854102e-04 1.366893e-03 5.165711e-04 6.975243e-04 4.421864e-04 3.533344e-05 
337 8426 7.985551e-03 0 0 3.187040e-04 4.126730e-04 1.041675e-03 5.871617e-04 1.331606e-03 5.089171e-04 6.993719e-04 4.399764e-04 3.479297e-05 
338 8451 7.762048e-03 0 0 3.103031e-04 4.072740e-04 1.004049e-03 5.681189e-04 1.269888e-03 4.865283e-04 6.713743e-04 4.139853e-04 3.349171e-05 
339 8476 7.755086e-03 0 0 3.056745e-04 4.101949e-04 1.024015e-03 5.909825e-04 1.331189e-03 4.748813e-04 6.591045e-04 4.151951e-04 3.352146e-05 
340 8501 8.258011e-03 0 0 3.283879e-04 4.211897e-04 1.094269e-03 6.261440e-04 1.367209e-03 5.115282e-04 6.756303e-04 4.388933e-04 3.621862e-05 
341 8526 8.928552e-03 0 0 3.537755e-04 5.153250e-04 1.243872e-03 6.936160e-04 1.565305e-03 5.929902e-04 7.083594e-04 4.832957e-04 3.871799e-05 
342 8551 8.950316e-03 0 0 3.426052e-04 5.064121e-04 1.238505e-03 6.774551e-04 1.528433e-03 5.969073e-04 7.033828e-04 4.964691e-04 3.886719e-05 
343 8576 9.273406e-03 0 0 3.476535e-04 5.360353e-04 1.299279e-03 6.905001e-04 1.578044e-03 6.479561e-04 7.273328e-04 5.329814e-04 4.326137e-05 
344 8601 1.035263e-02 0 0 4.004634e-04 6.129443e-04 1.523431e-03 7.547935e-04 1.746499e-03 7.515559e-04 8.866123e-04 6.175966e-04 5.225293e-05 
345 8626 1.045005e-02 0 0 4.020204e-04 6.140542e-04 1.561334e-03 7.521926e-04 1.766976e-03 7.607761e-04 8.908927e-04 6.237186e-04 5.282646e-05 
346 8651 9.631747e-03 0 0 3.662854e-04 5.620770e-04 1.424943e-03 7.061917e-04 1.667846e-03 7.172177e-04 8.084913e-04 5.784086e-04 5.010220e-05 
347 8676 1.155045e-02 0 0 4.315408e-04 6.621738e-04 1.638718e-03 8.351748e-04 1.955782e-03 8.373800e-04 9.491017e-04 6.905763e-04 5.879086e-05 
348 8701 1.237747e-02 0 0 4.553473e-04 7.177950e-04 1.700896e-03 8.646079e-04 2.049033e-03 8.768489e-04 1.027206e-03 7.253657e-04 6.020576e-05 
349 8726 1.157096e-02 0 0 4.310496e-04 6.514529e-04 1.597337e-03 7.791134e-04 1.883594e-03 8.013903e-04 9.521627e-04 6.521227e-04 5.489236e-05 
350 8751 1.111456e-02 0 0 4.135223e-04 6.215569e-04 1.535325e-03 7.700498e-04 1.902746e-03 7.511690e-04 8.923673e-04 6.096906e-04 5.226517e-05 
351 8776 1.087855e-02 0 0 4.159286e-04 6.190184e-04 1.490785e-03 7.414748e-04 1.916808e-03 7.339908e-04 8.572083e-04 5.987384e-04 5.058299e-05 
352 8801 9.506367e-03 0 0 3.533335e-04 5.335635e-04 1.285130e-03 6.419252e-04 1.636797e-03 6.194763e-04 7.254459e-04 5.189006e-04 4.315850e-05 
353 8826 9.104659e-03 0 0 3.552631e-04 5.026857e-04 1.279036e-03 5.956599e-04 1.574251e-03 5.975569e-04 6.786207e-04 4.908355e-04 4.195565e-05 
354 8851 9.513623e-03 0 0 3.699997e-04 5.245261e-04 1.358402e-03 6.319277e-04 1.654972e-03 6.457165e-04 7.178860e-04 5.153561e-04 4.515534e-05 
355 8876 1.068819e-02 0 0 4.206576e-04 5.755533e-04 1.548973e-03 7.032389e-04 1.878504e-03 7.434099e-04 8.044787e-04 5.740633e-04 5.164597e-05 
356 8901 1.136531e-02 0 0 4.658778e-04 6.228076e-04 1.648040e-03 7.531335e-04 1.978956e-03 7.913148e-04 8.396847e-04 5.989247e-04 5.396005e-05 
357 8926 1.137418e-02 0 0 4.498688e-04 6.285612e-04 1.682090e-03 7.893214e-04 1.950647e-03 7.783241e-04 8.810921e-04 5.871915e-04 5.284459e-05 
358 8951 1.209924e-02 0 0 4.762813e-04 6.798023e-04 1.793941e-03 8.924356e-04 2.014573e-03 8.466460e-04 9.717471e-04 6.237752e-04 5.545550e-05 
359 8976 1.171912e-02 0 0 4.580881e-04 6.522801e-04 1.717150e-03 8.476802e-04 1.912999e-03 8.086632e-04 9.184314e-04 5.984954e-04 5.310256e-05 
360 9001 1.089713e-02 0 0 4.123934e-04 5.953565e-04 1.556723e-03 7.602129e-04 1.741016e-03 7.332745e-04 8.435182e-04 5.457847e-04 4.821194e-05 
361 9026 1.006792e-02 0 0 3.740536e-04 5.488677e-04 1.415111e-03 7.040902e-04 1.564454e-03 6.516650e-04 7.983448e-04 4.887035e-04 4.327915e-05 
362 9051 1.035190e-02 0 0 3.882763e-04 5.690693e-04 1.435592e-03 7.118557e-04 1.576042e-03 6.554674e-04 8.138636e-04 4.981000e-04 4.345514e-05 
363 9076 1.222680e-02 0 0 4.628729e-04 6.790852e-04 1.722323e-03 8.353763e-04 1.919104e-03 7.836040e-04 1.002844e-03 6.359574e-04 5.213235e-05 
364 9101 1.249432e-02 0 0 4.696129e-04 6.917268e-04 1.731783e-03 8.513161e-04 1.901035e-03 7.823833e-04 1.068362e-03 6.429544e-04 5.253018e-05 
365 9126 1.401293e-02 0 0 5.558171e-04 7.672172e-04 2.010407e-03 1.002462e-03 2.323616e-03 8.885509e-04 1.173783e-03 7.359061e-04 6.219255e-05 
366 9151 1.342986e-02 0 0 5.200974e-04 7.859474e-04 1.938300e-03 1.003795e-03 2.229138e-03 8.406968e-04 1.194265e-03 6.850432e-04 5.795468e-05 
367 9176 1.330590e-02 0 0 5.031386e-04 7.647670e-04 1.900077e-03 9.905637e-04 2.177900e-03 8.118700e-04 1.207756e-03 6.737094e-04 5.631815e-05 
368 9201 1.654029e-02 0 0 6.089290e-04 9.290013e-04 2.319735e-03 1.232735e-03 2.756045e-03 9.797608e-04 1.483640e-03 8.632583e-04 6.869579e-05 
369 9226 1.858031e-02 0 0 6.888478e-04 1.032270e-03 2.556376e-03 1.372493e-03 3.082135e-03 1.105232e-03 1.608230e-03 9.466523e-04 7.573019e-05 
370 9251 2.070104e-02 0 0 7.826662e-04 1.152495e-03 2.817569e-03 1.505391e-03 3.471506e-03 1.233662e-03 1.735693e-03 1.069334e-03 8.363720e-05 
371 9276 2.046631e-02 0 0 7.725636e-04 1.121494e-03 2.758802e-03 1.452176e-03 3.443978e-03 1.243194e-03 1.729209e-03 1.077378e-03 8.459906e-05 
372 9301 2.021673e-02 0 0 7.428259e-04 1.089844e-03 2.682214e-03 1.404170e-03 3.333628e-03 1.192951e-03 1.685216e-03 1.059140e-03 8.181667e-05 
373 9326 1.984919e-02 0 0 7.144474e-04 1.087158e-03 2.645384e-03 1.365919e-03 3.263162e-03 1.236170e-03 1.606695e-03 1.060116e-03 8.149263e-05 
374 9351 1.867775e-02 0 0 6.795780e-04 1.010980e-03 2.487419e-03 1.289333e-03 3.120416e-03 1.204017e-03 1.457742e-03 1.029998e-03 7.506713e-05 
375 9376 1.876058e-02 0 0 6.878544e-04 9.989522e-04 2.536714e-03 1.290278e-03 3.240528e-03 1.158619e-03 1.422412e-03 9.958949e-04 7.353682e-05 
376 9401 1.887432e-02 0 0 6.829591e-04 9.814877e-04 2.515588e-03 1.275535e-03 3.303653e-03 1.123377e-03 1.411259e-03 9.877532e-04 7.237360e-05 
377 9426 1.806982e-02 0 0 6.450486e-04 9.082832e-04 2.364501e-03 1.185855e-03 3.066976e-03 1.066190e-03 1.310971e-03 9.597890e-04 6.809370e-05 
378 9451 1.676941e-02 0 0 5.779621e-04 8.321041e-04 2.117961e-03 1.152243e-03 2.889364e-03 9.820092e-04 1.184943e-03 8.940993e-04 6.106236e-05 
379 9476 1.720525e-02 0 0 5.822101e-04 8.339085e-04 2.107623e-03 1.183060e-03 2.968019e-03 9.945356e-04 1.204814e-03 9.228328e-04 6.304438e-05 
380 9501 1.838788e-02 0 0 6.634713e-04 8.881860e-04 2.338026e-03 1.242365e-03 3.147891e-03 1.041337e-03 1.253376e-03 9.915580e-04 6.595679e-05 
381 9526 1.999194e-02 0 0 7.135232e-04 9.484970e-04 2.469703e-03 1.414009e-03 3.369020e-03 1.158524e-03 1.404353e-03 1.100795e-03 7.151559e-05 
382 9551 1.911406e-02 0 0 6.726282e-04 9.081669e-04 2.355366e-03 1.327914e-03 3.215100e-03 1.093265e-03 1.309966e-03 1.070049e-03 6.784157e-05 
383 9576 1.779419e-02 0 0 6.094725e-04 8.582833e-04 2.150713e-03 1.220882e-03 3.056865e-03 1.005080e-03 1.189034e-03 9.708965e-04 6.205975e-05 
384 9601 1.655348e-02 0 0 5.517332e-04 8.006945e-04 1.955007e-03 1.118292e-03 2.809946e-03 9.612904e-04 1.068313e-03 9.114674e-04 5.688587e-05 
385 9626 1.469475e-02 0 0 4.730053e-04 6.951678e-04 1.694872e-03 9.920220e-04 2.448397e-03 8.308141e-04 9.244140e-04 7.824935e-04 4.923166e-05 
386 9651 1.356385e-02 0 0 4.238017e-04 6.242779e-04 1.514230e-03 8.884673e-04 2.227053e-03 7.496024e-04 8.621161e-04 7.183621e-04 4.439606e-05 
387 9676 1.274166e-02 0 0 3.916656e-04 5.683280e-04 1.410410e-03 8.657569e-04 2.074972e-03 6.887842e-04 8.073388e-04 6.686826e-04 4.135915e-05 
388 9701 1.133012e-02 0 0 3.372666e-04 5.033022e-04 1.245764e-03 7.732807e-04 1.856313e-03 6.079857e-04 7.133159e-04 6.049744e-04 3.741856e-05 
389 9726 1.201755e-02 0 0 3.452733e-04 5.579265e-04 1.307422e-03 8.012158e-04 1.977032e-03 6.550519e-04 7.996101e-04 6.778119e-04 4.020182e-05 
390 9751 1.177077e-02 0 0 3.361094e-04 5.538998e-04 1.327653e-03 7.794206e-04 1.938336e-03 6.287899e-04 7.694058e-04 6.480781e-04 3.935334e-05 
391 9776 1.259150e-02 0 0 3.571100e-04 5.989726e-04 1.385985e-03 8.397338e-04 2.074799e-03 6.550015e-04 8.017131e-04 6.918005e-04 4.062190e-05 
392 9801 1.396021e-02 0 0 4.102886e-04 6.525293e-04 1.513021e-03 9.164103e-04 2.340125e-03 7.135679e-04 8.930458e-04 7.402510e-04 4.335766e-05 
393 9826 1.306700e-02 0 0 3.904718e-04 6.201652e-04 1.415339e-03 8.456414e-04 2.156471e-03 6.854703e-04 8.734012e-04 6.836051e-04 3.964371e-05 
394 9851 1.211167e-02 0 0 3.584059e-04 5.719891e-04 1.325169e-03 7.663715e-04 2.036480e-03 6.459598e-04 8.227917e-04 6.239606e-04 3.791609e-05 
395 9876 1.111570e-02 0 0 3.321637e-04 5.077891e-04 1.198249e-03 6.945738e-04 1.863573e-03 5.864078e-04 7.378564e-04 5.719005e-04 3.512337e-05 
396 9901 1.060122e-02 0 0 3.213156e-04 4.721581e-04 1.123354e-03 6.502189e-04 1.778423e-03 5.471944e-04 7.015634e-04 5.345862e-04 3.292182e-05 
397 9926 1.139011e-02 0 0 3.549022e-04 5.331622e-04 1.237451e-03 7.329473e-04 1.989872e-03 5.864247e-04 7.953219e-04 5.626557e-04 3.412794e-05 
398 9951 1.113191e-02 0 0 3.391897e-04 5.217788e-04 1.179831e-03 7.218594e-04 1.923215e-03 5.751836e-04 7.952688e-04 5.782192e-04 3.327703e-05 
399 9976 1.049524e-02 0 0 3.276369e-04 4.787368e-04 1.124249e-03 6.778763e-04 1.841340e-03 5.404441e-04 7.427636e-04 5.300793e-04 3.084365e-05 
400 10001 9.807517e-03 0 0 3.025202e-04 4.480270e-04 1.049816e-03 6.360097e-04 1.708373e-03 4.911981e-04 7.331698e-04 4.818013e-04 2.881530e-05 
401 10026 1.013281e-02 0 0 3.037402e-04 4.612727e-04 1.090456e-03 6.952556e-04 1.963994e-03 5.261286e-04 7.584779e-04 5.210769e-04 3.097589e-05 
402 10051 9.869193e-03 0 0 2.966263e-04 4.475544e-04 1.026945e-03 6.839917e-04 1.859907e-03 4.933642e-04 7.512486e-04 4.963296e-04 2.973787e-05 
403 10076 9.352053e-03 0 0 2.793560e-04 4.152871e-04 9.594222e-04 6.741224e-04 1.752819e-03 4.496540e-04 7.069988e-04 4.589441e-04 2.769596e-05 
404 10101 1.001279e-02 0 0 2.990420e-04 4.427842e-04 9.930754e-04 7.460474e-04 1.830611e-03 4.884264e-04 7.876202e-04 4.924986e-04 2.926109e-05 
405 10126 9.863138e-03 0 0 2.919345e-04 4.553996e-04 9.683327e-04 7.523101e-04 1.789536e-03 5.005116e-04 8.355908e-04 4.824645e-04 2.862443e-05 
406 10151 8.552145e-03 0 0 2.511888e-04 3.949900e-04 8.458618e-04 6.518402e-04 1.502245e-03 4.232289e-04 7.136770e-04 4.136534e-04 2.383983e-05 
407 10176 9.168940e-03 0 0 2.668769e-04 4.249805e-04 9.338738e-04 7.355791e-04 1.672446e-03 4.416692e-04 7.959870e-04 4.401331e-04 2.631796e-05 
408 10201 8.653810e-03 0 0 2.518237e-04 3.923142e-04 8.742666e-04 6.737187e-04 1.541391e-03 4.101849e-04 7.301668e-04 4.112475e-04 2.432854e-05 
409 10226 1.045817e-02 0 0 2.942130e-04 5.492266e-04 1.067869e-03 8.961406e-04 1.909127e-03 5.218370e-04 9.147391e-04 5.041458e-04 2.870657e-05 
410 10251 9.994874e-03 0 0 2.787880e-04 5.183657e-04 1.038771e-03 8.567928e-04 1.824974e-03 5.076101e-04 8.560482e-04 4.841798e-04 2.816650e-05 
411 10276 9.496755e-03 0 0 2.697290e-04 4.771427e-04 9.945082e-04 7.932839e-04 1.712867e-03 4.828961e-04 7.992376e-04 4.613988e-04 2.675941e-05 
412 10301 1.064502e-02 0 0 2.990806e-04 5.425507e-04 1.078601e-03 8.655750e-04 1.852246e-03 5.494377e-04 8.966737e-04 5.099713e-04 2.958018e-05 
413 10326 1.282711e-02 0 0 3.479721e-04 7.164047e-04 1.298994e-03 1.126064e-03 2.184596e-03 7.643924e-04 1.122897e-03 6.642834e-04 3.632480e-05 
414 10351 1.357715e-02 0 0 3.791189e-04 7.586422e-04 1.334161e-03 1.184513e-03 2.256557e-03 8.447012e-04 1.160969e-03 7.244470e-04 4.124062e-05 
415 10376 1.453277e-02 0 0 3.997068e-04 8.033927e-04 1.465424e-03 1.266958e-03 2.423977e-03 9.326776e-04 1.243845e-03 8.205249e-04 4.404382e-05 
416 10401 1.346441e-02 0 0 3.647598e-04 7.306384e-04 1.321375e-03 1.147304e-03 2.173081e-03 9.175720e-04 1.118170e-03 8.062771e-04 4.078177e-05 
417 10426 1.324982e-02 0 0 3.634329e-04 7.204864e-04 1.281070e-03 1.144428e-03 2.089354e-03 8.960939e-04 1.112549e-03 7.854214e-04 3.994926e-05 
418 10451 1.479299e-02 0 0 3.988925e-04 8.254000e-04 1.479867e-03 1.409267e-03 2.502859e-03 9.805452e-04 1.272724e-03 8.548689e-04 4.496687e-05 
419 10476 1.496326e-02 0 0 3.980669e-04 8.533837e-04 1.578094e-03 1.454252e-03 2.664830e-03 9.829562e-04 1.332741e-03 8.731977e-04 4.636753e-05 
420 10501 1.624853e-02 0 0 4.235344e-04 9.131832e-04 1.677326e-03 1.572116e-03 2.852162e-03 1.057875e-03 1.411567e-03 9.321991e-04 5.057971e-05 
421 10526 1.456944e-02 0 0 3.689154e-04 8.190319e-04 1.508888e-03 1.400061e-03 2.507290e-03 9.163021e-04 1.277296e-03 8.294708e-04 4.601979e-05 
422 10551 1.385261e-02 0 0 3.596677e-04 7.705381e-04 1.410275e-03 1.325760e-03 2.396458e-03 8.762647e-04 1.191969e-03 7.871466e-04 4.366237e-05 
423 10576 1.378530e-02 0 0 3.517119e-04 7.455977e-04 1.356279e-03 1.270663e-03 2.367656e-03 8.521235e-04 1.152744e-03 7.745846e-04 4.300969e-05 
424 10601 1.450480e-02 0 0 3.682282e-04 7.923008e-04 1.426229e-03 1.355379e-03 2.561237e-03 9.233924e-04 1.187741e-03 8.502925e-04 4.728010e-05 
425 10626 1.466467e-02 0 0 3.925122e-04 8.081223e-04 1.458481e-03 1.373459e-03 2.570314e-03 9.109836e-04 1.245805e-03 8.313322e-04 4.777324e-05 
426 10651 1.314449e-02 0 0 3.418019e-04 7.443410e-04 1.327135e-03 1.226757e-03 2.259994e-03 8.092044e-04 1.127015e-03 7.449044e-04 4.396349e-05 
427 10676 1.172442e-02 0 0 2.952572e-04 6.682573e-04 1.213683e-03 1.080415e-03 1.977754e-03 7.298938e-04 9.949622e-04 6.641553e-04 3.899883e-05 
428 10701 1.077287e-02 0 0 2.631611e-04 6.173336e-04 1.080375e-03 9.919384e-04 1.830193e-03 6.907055e-04 9.004301e-04 6.070299e-04 3.598194e-05 
429 10726 1.083975e-02 0 0 2.648166e-04 6.085727e-04 1.059712e-03 9.675636e-04 1.780168e-03 6.970930e-04 8.978538e-04 6.052258e-04 3.658171e-05 
430 10751 1.116663e-02 0 0 2.724871e-04 6.218340e-04 1.078823e-03 9.709591e-04 1.807455e-03 7.156379e-04 9.168235e-04 6.232468e-04 3.753938e-05 
431 10776 1.116681e-02 0 0 2.765388e-04 6.202914e-04 1.058885e-03 9.464138e-04 1.764945e-03 7.027150e-04 9.197539e-04 6.145311e-04 3.678852e-05 
432 10801 1.100489e-02 0 0 2.638847e-04 6.105871e-04 1.037377e-03 9.206101e-04 1.693585e-03 6.910953e-04 8.916613e-04 5.899745e-04 3.519051e-05 
433 10826 9.574688e-03 0 0 2.253822e-04 5.378630e-04 9.160175e-04 8.484354e-04 1.561532e-03 5.936051e-04 7.741289e-04 5.236029e-04 3.145245e-05 
434 10851 9.427720e-03 0 0 2.225659e-04 5.149428e-04 8.950247e-04 8.244073e-04 1.533389e-03 5.768373e-04 7.433857e-04 5.012557e-04 3.025634e-05 
435 10876 9.701331e-03 0 0 2.292093e-04 5.101570e-04 8.886292e-04 8.448048e-04 1.550633e-03 5.769243e-04 7.415749e-04 5.105895e-04 3.087536e-05 
436 10901 9.455656e-03 0 0 2.205750e-04 4.840382e-04 8.410623e-04 7.970084e-04 1.522599e-03 5.437076e-04 7.117475e-04 4.943927e-04 3.020430e-05 
437 10926 8.977568e-03 0 0 2.094626e-04 4.508689e-04 7.866437e-04 7.484587e-04 1.418145e-03 5.251908e-04 6.571253e-04 4.803548e-04 2.799541e-05 
438 10951 9.431694e-03 0 0 2.139487e-04 4.819202e-04 8.509527e-04 8.285249e-04 1.562904e-03 5.350879e-04 6.892844e-04 4.928664e-04 2.941224e-05 
439 10976 8.992997e-03 0 0 2.003092e-04 4.734356e-04 8.607733e-04 8.243041e-04 1.610422e-03 5.080571e-04 6.456585e-04 4.619850e-04 2.791784e-05 
440 11001 8.920274e-03 0 0 1.968898e-04 4.837788e-04 8.594367e-04 8.500720e-04 1.667746e-03 5.177145e-04 6.415754e-04 4.684983e-04 2.950211e-05 
441 11026 9.740731e-03 0 0 2.103312e-04 5.331170e-04 9.403887e-04 9.150233e-04 1.785351e-03 5.600817e-04 7.043204e-04 5.096361e-04 3.202813e-05 
442 11051 9.610736e-03 0 0 2.135333e-04 5.079409e-04 9.127017e-04 8.920108e-04 1.757624e-03 5.368252e-04 6.759133e-04 4.970804e-04 3.136470e-05 
443 11076 8.957228e-03 0 0 1.995550e-04 4.968459e-04 8.873555e-04 8.486659e-04 1.652689e-03 4.852617e-04 6.472827e-04 4.489647e-04 2.859442e-05 
444 11101 8.515122e-03 0 0 1.865773e-04 4.680547e-04 8.326282e-04 7.942457e-04 1.556514e-03 4.503420e-04 6.004854e-04 4.210844e-04 2.668858e-05 
445 11126 7.868998e-03 0 0 1.652320e-04 4.233629e-04 7.504929e-04 7.115801e-04 1.394812e-03 4.198213e-04 5.400848e-04 3.825815e-04 2.402127e-05 
446 11151 7.337718e-03 0 0 1.563251e-04 3.836809e-04 6.744478e-04 6.462220e-04 1.248343e-03 3.780040e-04 5.019026e-04 3.448244e-04 2.189892e-05 
447 11176 7.002882e-03 0 0 1.452341e-04 3.697036e-04 6.505498e-04 6.184153e-04 1.195574e-03 3.594888e-04 4.754362e-04 3.223738e-04 2.034166e-05 
448 11201 7.116391e-03 0 0 1.470815e-04 3.826903e-04 6.590858e-04 6.100213e-04 1.188489e-03 3.768325e-04 5.027352e-04 3.321368e-04 2.020179e-05 
449 11226 7.240153e-03 0 0 1.470063e-04 3.875824e-04 6.751202e-04 6.157968e-04 1.211005e-03 3.732355e-04 5.103724e-04 3.269967e-04 2.015706e-05 
450 11251 7.172279e-03 0 0 1.445419e-04 3.793553e-04 6.445251e-04 5.940596e-04 1.151019e-03 3.670956e-04 5.103778e-04 3.128679e-04 1.984358e-05 
451 11276 7.168869e-03 0 0 1.430197e-04 3.726440e-04 6.286519e-04 5.774563e-04 1.125220e-03 3.644295e-04 5.130563e-04 3.095928e-04 1.939410e-05 
452 11301 6.580987e-03 0 0 1.294907e-04 3.487161e-04 5.936353e-04 5.476049e-04 1.050143e-03 3.287666e-04 4.740833e-04 2.731888e-04 1.834349e-05 
453 11326 6.928351e-03 0 0 1.409483e-04 3.581308e-04 6.518278e-04 5.722178e-04 1.117844e-03 3.357569e-04 4.829691e-04 2.769457e-04 1.857823e-05 
454 11351 7.032733e-03 0 0 1.397746e-04 3.678012e-04 6.781621e-04 5.892030e-04 1.153959e-03 3.413193e-04 4.883618e-04 2.870385e-04 1.899112e-05 
455 11376 6.526264e-03 0 0 1.340868e-04 3.378751e-04 6.297803e-04 5.420224e-04 1.063854e-03 3.153374e-04 4.435870e-04 2.713449e-04 1.802903e-05 
456 11401 5.944933e-03 0 0 1.175256e-04 3.052324e-04 5.719227e-04 4.999911e-04 9.808045e-04 2.891294e-04 4.016370e-04 2.440996e-04 1.668179e-05 
457 11426 5.330830e-03 0 0 1.079869e-04 2.646511e-04 4.971597e-04 4.350206e-04 8.592920e-04 2.581798e-04 3.464712e-04 2.263958e-04 1.508484e-05 
458 11451 5.300183e-03 0 0 1.055843e-04 2.657266e-04 4.829170e-04 4.293897e-04 8.416302e-04 2.592246e-04 3.473033e-04 2.240503e-04 1.495769e-05 
459 11476 5.127771e-03 0 0 1.025126e-04 2.496038e-04 4.521675e-04 4.001302e-04 7.996787e-04 2.571497e-04 3.264305e-04 2.208748e-04 1.443224e-05 
460 11501 4.904568e-03 0 0 9.482094e-05 2.334743e-04 4.294347e-04 3.775388e-04 7.591770e-04 2.401926e-04 3.024137e-04 2.051791e-04 1.346429e-05 
461 11526 5.162088e-03 0 0 9.770755e-05 2.425669e-04 4.462250e-04 3.991210e-04 7.885248e-04 2.445188e-04 3.186922e-04 2.065840e-04 1.370246e-05 
462 11551 5.089786e-03 0 0 1.021842e-04 2.425117e-04 4.580068e-04 4.024058e-04 7.828004e-04 2.481921e-04 3.131418e-04 2.069564e-04 1.379066e-05 
463 11576 4.536590e-03 0 0 8.921473e-05 2.133780e-04 4.179629e-04 3.630069e-04 7.185757e-04 2.173771e-04 2.743163e-04 1.846646e-04 1.270988e-05 
464 11601 3.880636e-03 0 0 7.503693e-05 1.807581e-04 3.514002e-04 3.024581e-04 6.010204e-04 1.860211e-04 2.336232e-04 1.569164e-04 1.093764e-05 
465 11626 3.637070e-03 0 0 6.879506e-05 1.661676e-04 3.345097e-04 2.933646e-04 5.852051e-04 1.712514e-04 2.154175e-04 1.457735e-04 1.052860e-05 
466 11651 3.480824e-03 0 0 6.542422e-05 1.578526e-04 3.411516e-04 3.053100e-04 6.055806e-04 1.572757e-04 2.040519e-04 1.350171e-04 1.054598e-05 
467 11676 3.747916e-03 0 0 6.964170e-05 1.687271e-04 3.635297e-04 3.283170e-04 6.609798e-04 1.661772e-04 2.172730e-04 1.421842e-04 1.114829e-05 
468 11701 3.367239e-03 0 0 6.012085e-05 1.501939e-04 3.191669e-04 2.951290e-04 5.930275e-04 1.504783e-04 1.914492e-04 1.256643e-04 9.795695e-06 
469 11726 3.587729e-03 0 0 6.521385e-05 1.592914e-04 3.295682e-04 3.052684e-04 6.122702e-04 1.586571e-04 2.028322e-04 1.308877e-04 1.034278e-05 
470 11751 3.525702e-03 0 0 6.325482e-05 1.573289e-04 3.114988e-04 2.868642e-04 5.763206e-04 1.515976e-04 2.019226e-04 1.245692e-04 9.790462e-06 
471 11776 3.176476e-03 0 0 5.757998e-05 1.457472e-04 2.769800e-04 2.525070e-04 5.048416e-04 1.399888e-04 1.839449e-04 1.103617e-04 8.572889e-06 
472 11801 3.270190e-03 0 0 5.866437e-05 1.517816e-04 2.874187e-04 2.526665e-04 5.050932e-04 1.389475e-04 1.870667e-04 1.098042e-04 8.528569e-06 
473 11826 3.361912e-03 0 0 5.972598e-05 1.522808e-04 3.050846e-04 2.597217e-04 5.283980e-04 1.448822e-04 1.847879e-04 1.156251e-04 8.808694e-06 
474 11851 3.475692e-03 0 0 6.197178e-05 1.608964e-04 3.168443e-04 2.647430e-04 5.435275e-04 1.586524e-04 1.975012e-04 1.204173e-04 9.287032e-06 
475 11876 3.377396e-03 0 0 5.842570e-05 1.534599e-04 2.972220e-04 2.498303e-04 5.147484e-04 1.534887e-04 1.892858e-04 1.142141e-04 8.838924e-06 
476 11901 3.776911e-03 0 0 6.417140e-05 1.690921e-04 3.277911e-04 2.774494e-04 5.638673e-04 1.700181e-04 2.086213e-04 1.236266e-04 9.718292e-06 
477 11926 3.990929e-03 0 0 6.888320e-05 1.809154e-04 3.430359e-04 2.923886e-04 6.063060e-04 1.982350e-04 2.241278e-04 1.369800e-04 1.109266e-05 
478 11951 3.560245e-03 0 0 5.997260e-05 1.594009e-04 2.988350e-04 2.590885e-04 5.309016e-04 1.743691e-04 1.927072e-04 1.175465e-04 9.723182e-06 
479 11976 4.004969e-03 0 0 6.794441e-05 1.860725e-04 3.531477e-04 3.076486e-04 6.314284e-04 1.936872e-04 2.195578e-04 1.278382e-04 1.142344e-05 
480 12001 4.273272e-03 0 0 6.983227e-05 2.003770e-04 3.719863e-04 3.297671e-04 6.740317e-04 2.097975e-04 2.454315e-04 1.359643e-04 1.220791e-05 
481 12026 3.738993e-03 0 0 6.017643e-05 1.785158e-04 3.266194e-04 2.881692e-04 5.899200e-04 1.828128e-04 2.186042e-04 1.165353e-04 1.064945e-05 
482 12051 3.247398e-03 0 0 5.216992e-05 1.513931e-04 2.816022e-04 2.503485e-04 5.109093e-04 1.569068e-04 1.881590e-04 1.044652e-04 9.379476e-06 
483 12076 3.092373e-03 0 0 5.106359e-05 1.447371e-04 2.689323e-04 2.346457e-04 4.811462e-04 1.459063e-04 1.796438e-04 1.004600e-04 9.173711e-06 
484 12101 3.130755e-03 0 0 5.050352e-05 1.428601e-04 2.675863e-04 2.336675e-04 4.889351e-04 1.471250e-04 1.768277e-04 1.034685e-04 9.344085e-06 
485 12126 3.150686e-03 0 0 5.046988e-05 1.449557e-04 2.712135e-04 2.398345e-04 4.993715e-04 1.533969e-04 1.764829e-04 1.057296e-04 9.553981e-06 
486 12151 2.875156e-03 0 0 4.656738e-05 1.282905e-04 2.434590e-04 2.219976e-04 4.629084e-04 1.362636e-04 1.544358e-04 9.482449e-05 8.709610e-06 
487 12176 2.647966e-03 0 0 4.171459e-05 1.153560e-04 2.233588e-04 2.048517e-04 4.280664e-04 1.235995e-04 1.400145e-04 8.757491e-05 8.251307e-06 
488 12201 2.553249e-03 0 0 3.888240e-05 1.092461e-04 2.144493e-04 1.952645e-04 4.075165e-04 1.166284e-04 1.316902e-04 8.301894e-05 7.792009e-06 
489 12226 2.374791e-03 0 0 3.568192e-05 1.016535e-04 1.961883e-04 1.783981e-04 3.753877e-04 1.084736e-04 1.244345e-04 7.515516e-05 7.185159e-06 
490 12251 2.294692e-03 0 0 3.475362e-05 1.037366e-04 2.043245e-04 1.870241e-04 3.881100e-04 1.062198e-04 1.240608e-04 7.497316e-05 7.163256e-06 
491 12276 2.330309e-03 0 0 3.464580e-05 1.014856e-04 2.027958e-04 1.887696e-04 4.025756e-04 1.101457e-04 1.227847e-04 7.873948e-05 7.595030e-06 
492 12301 2.372278e-03 0 0 3.611276e-05 1.073037e-04 2.038358e-04 1.882463e-04 4.072266e-04 1.187245e-04 1.284353e-04 8.031861e-05 7.685520e-06 
493 12326 2.332645e-03 0 0 3.489542e-05 1.047435e-04 1.969161e-04 1.803975e-04 3.923629e-04 1.191099e-04 1.252361e-04 7.959578e-05 7.463959e-06 
494 12351 2.226449e-03 0 0 3.280943e-05 9.898022e-05 1.846324e-04 1.706264e-04 3.734587e-04 1.176748e-04 1.174376e-04 7.756979e-05 7.228081e-06 
495 12376 2.110840e-03 0 0 3.007172e-05 9.075528e-05 1.747944e-04 1.649707e-04 3.647643e-04 1.094279e-04 1.071073e-04 7.301967e-05 6.921395e-06 
496 12401 2.228354e-03 0 0 3.152546e-05 9.573080e-05 1.856087e-04 1.752316e-04 3.851618e-04 1.118728e-04 1.089787e-04 7.416417e-05 7.081590e-06 
497 12426 2.345423e-03 0 0 3.310901e-05 9.739868e-05 1.904156e-04 1.833045e-04 4.138932e-04 1.164317e-04 1.117151e-04 8.171766e-05 7.808567e-06 
498 12451 2.604707e-03 0 0 3.804616e-05 1.087999e-04 2.171571e-04 2.005801e-04 4.574243e-04 1.241748e-04 1.207184e-04 8.960588e-05 8.458845e-06 
499 12476 2.400965e-03 0 0 3.503109e-05 9.733864e-05 1.963798e-04 1.823957e-04 4.210032e-04 1.129267e-04 1.108338e-04 8.133018e-05 7.736280e-06 
500 12501 2.664449e-03 0 0 3.891976e-05 1.115453e-04 2.197008e-04 2.070275e-04 4.821589e-04 1.238949e-04 1.219562e-04 8.808767e-05 8.773285e-06 
501 12526 2.771911e-03 0 0 4.043366e-05 1.146327e-04 2.381343e-04 2.182924e-04 5.135593e-04 1.245534e-04 1.253684e-04 9.028834e-05 9.017561e-06 
502 12551 2.753584e-03 0 0 3.973636e-05 1.116790e-04 2.391826e-04 2.181756e-04 5.182492e-04 1.201682e-04 1.241929e-04 8.656354e-05 8.840410e-06 
503 12576 2.502559e-03 0 0 3.596314e-05 9.910551e-05 2.184944e-04 2.005099e-04 4.764203e-04 1.059187e-04 1.126638e-04 8.187618e-05 8.129838e-06 
504 12601 2.440965e-03 0 0 3.602566e-05 1.002491e-04 2.206292e-04 1.971153e-04 4.705094e-04 1.058364e-04 1.118217e-04 7.989705e-05 7.892676e-06 
505 12626 2.408250e-03 0 0 3.521650e-05 1.011564e-04 2.188416e-04 1.946436e-04 4.628448e-04 1.082288e-04 1.130351e-04 7.716642e-05 7.736534e-06 
506 12651 2.818591e-03 0 0 4.419326e-05 1.293149e-04 2.712255e-04 2.265566e-04 5.366089e-04 1.242936e-04 1.400193e-04 9.045442e-05 8.873450e-06 
507 12676 3.200010e-03 0 0 5.164152e-05 1.550156e-04 3.266648e-04 2.561057e-04 6.060758e-04 1.370659e-04 1.631730e-04 1.007951e-04 9.847133e-06 
508 12701 3.523420e-03 0 0 5.741792e-05 1.802480e-04 3.776140e-04 2.868453e-04 6.674623e-04 1.468354e-04 1.930511e-04 1.110320e-04 1.073404e-05 
509 12726 3.487567e-03 0 0 5.632330e-05 1.767579e-04 3.760206e-04 2.853932e-04 6.609901e-04 1.441376e-04 1.890271e-04 1.094358e-04 1.090220e-05 
510 12751 3.673251e-03 0 0 5.891762e-05 1.940986e-04 4.491630e-04 3.349459e-04 7.789336e-04 1.520599e-04 2.018338e-04 1.273046e-04 1.251330e-05 
511 12776 3.341076e-03 0 0 5.181342e-05 1.743894e-04 4.052844e-04 3.041723e-04 7.080551e-04 1.340300e-04 1.783703e-04 1.130349e-04 1.120349e-05 
512 12801 3.496233e-03 0 0 5.420675e-05 1.863935e-04 4.502335e-04 3.284196e-04 7.549151e-04 1.382925e-04 1.873238e-04 1.197962e-04 1.189073e-05 
513 12826 3.451412e-03 0 0 5.329912e-05 1.785823e-04 4.304106e-04 3.152858e-04 7.301947e-04 1.387995e-04 1.803618e-04 1.168503e-04 1.179078e-05 
514 12851 3.644636e-03 0 0 5.481870e-05 1.964873e-04 4.652808e-04 3.429803e-04 7.814282e-04 1.458651e-04 1.977353e-04 1.227943e-04 1.262654e-05 
515 12876 4.116993e-03 0 0 6.219818e-05 2.245783e-04 5.247200e-04 3.871702e-04 8.829187e-04 1.649072e-04 2.309692e-04 1.355987e-04 1.401178e-05 
516 12901 4.535212e-03 0 0 7.075514e-05 2.654830e-04 6.111641e-04 4.553472e-04 1.020424e-03 1.836048e-04 2.765111e-04 1.509127e-04 1.585850e-05 
517 12926 4.401588e-03 0 0 6.805797e-05 2.508089e-04 5.784343e-04 4.297076e-04 9.747617e-04 1.791066e-04 2.619427e-04 1.433021e-04 1.524038e-05 
518 12951 4.097762e-03 0 0 6.319471e-05 2.284160e-04 5.452754e-04 4.122993e-04 9.500303e-04 1.687358e-04 2.351196e-04 1.448005e-04 1.494361e-05 
519 12976 3.939992e-03 0 0 5.915866e-05 2.124760e-04 5.009900e-04 3.860894e-04 8.863055e-04 1.573871e-04 2.244146e-04 1.334790e-04 1.405259e-05 
520 13001 4.079711e-03 0 0 6.067494e-05 2.181465e-04 5.175314e-04 4.100748e-04 9.421996e-04 1.620847e-04 2.263341e-04 1.384476e-04 1.491784e-05 
521 13026 4.053510e-03 0 0 6.115452e-05 2.152687e-04 4.952926e-04 3.971262e-04 9.077734e-04 1.599188e-04 2.324618e-04 1.353105e-04 1.469457e-05 
522 13051 4.007176e-03 0 0 6.423201e-05 2.114271e-04 4.921547e-04 3.883032e-04 8.824266e-04 1.594621e-04 2.294864e-04 1.315774e-04 1.418258e-05 
523 13076 3.784874e-03 0 0 5.871141e-05 1.974556e-04 4.599831e-04 3.649484e-04 8.238874e-04 1.512325e-04 2.142398e-04 1.214636e-04 1.342775e-05 
524 13101 3.788791e-03 0 0 5.752199e-05 1.969425e-04 4.643094e-04 3.662753e-04 8.293052e-04 1.505669e-04 2.159570e-04 1.215751e-04 1.335386e-05 
525 13126 3.554350e-03 0 0 5.309272e-05 1.851802e-04 4.306510e-04 3.409915e-04 7.709343e-04 1.389400e-04 2.083811e-04 1.127032e-04 1.252434e-05 
526 13151 3.744948e-03 0 0 5.615478e-05 1.908318e-04 4.618055e-04 3.696087e-04 8.365682e-04 1.440923e-04 2.124164e-04 1.205549e-04 1.376544e-05 
527 13176 3.994119e-03 0 0 6.209066e-05 2.130779e-04 5.068803e-04 4.097060e-04 9.309241e-04 1.575079e-04 2.305427e-04 1.361408e-04 1.540817e-05 
528 13201 3.764020e-03 0 0 5.885383e-05 2.117471e-04 4.864945e-04 3.865312e-04 8.739283e-04 1.456879e-04 2.261460e-04 1.281864e-04 1.441362e-05 
529 13226 4.251407e-03 0 0 6.899281e-05 2.495417e-04 5.478201e-04 4.287181e-04 9.693383e-04 1.655273e-04 2.614096e-04 1.422703e-04 1.594615e-05 
530 13251 4.040058e-03 0 0 6.617523e-05 2.377624e-04 5.190071e-04 4.111839e-04 9.202321e-04 1.569885e-04 2.481383e-04 1.348055e-04 1.535305e-05 
531 13276 4.173931e-03 0 0 6.704252e-05 2.530975e-04 5.526208e-04 4.338242e-04 9.707784e-04 1.569918e-04 2.614043e-04 1.397422e-04 1.590259e-05 
532 13301 4.152019e-03 0 0 6.540925e-05 2.484359e-04 5.354183e-04 4.239562e-04 9.419588e-04 1.509929e-04 2.607521e-04 1.350004e-04 1.544727e-05 
533 13326 4.737534e-03 0 0 7.258868e-05 2.860707e-04 6.044268e-04 4.827289e-04 1.049149e-03 1.675778e-04 3.109981e-04 1.509541e-04 1.727918e-05 
534 13351 4.910843e-03 0 0 7.549732e-05 2.911662e-04 6.229710e-04 5.126140e-04 1.111309e-03 1.734586e-04 3.252310e-04 1.581638e-04 1.868901e-05 
535 13376 4.623704e-03 0 0 6.987212e-05 2.743197e-04 5.956320e-04 4.886401e-04 1.057950e-03 1.605436e-04 3.055793e-04 1.470692e-04 1.768621e-05 
536 13401 4.984491e-03 0 0 7.527862e-05 2.944860e-04 6.352698e-04 5.183893e-04 1.122202e-03 1.739917e-04 3.287097e-04 1.589251e-04 1.912210e-05 
537 13426 5.458962e-03 0 0 8.091811e-05 3.197321e-04 7.013663e-04 5.809862e-04 1.251808e-03 1.954737e-04 3.633645e-04 1.802118e-04 2.163055e-05 
538 13451 5.341489e-03 0 0 8.327911e-05 3.063054e-04 6.681447e-04 5.675831e-04 1.222772e-03 2.071366e-04 3.492924e-04 1.793652e-04 2.164872e-05 
539 13476 5.553911e-03 0 0 8.814029e-05 3.411419e-04 7.151848e-04 6.008879e-04 1.290766e-03 2.191855e-04 3.898604e-04 1.851473e-04 2.278804e-05 
540 13501 5.378217e-03 0 0 8.695065e-05 3.261481e-04 6.742155e-04 5.698823e-04 1.219833e-03 2.096064e-04 3.724403e-04 1.745344e-04 2.175074e-05 
541 13526 5.192018e-03 0 0 8.331335e-05 3.269835e-04 6.465962e-04 5.360198e-04 1.139283e-03 2.008675e-04 3.802865e-04 1.636849e-04 2.020925e-05 
542 13551 4.799562e-03 0 0 7.636073e-05 2.954677e-04 5.890195e-04 4.922066e-04 1.045752e-03 1.801524e-04 3.417518e-04 1.479061e-04 1.851439e-05 
543 13576 4.774186e-03 0 0 7.720623e-05 3.015167e-04 5.951294e-04 4.926178e-04 1.045600e-03 1.791707e-04 3.440598e-04 1.445788e-04 1.812463e-05 
544 13601 4.121167e-03 0 0 6.794068e-05 2.637268e-04 5.138432e-04 4.206721e-04 8.940845e-04 1.531690e-04 2.966974e-04 1.235894e-04 1.557963e-05 
545 13626 3.575399e-03 0 0 5.693742e-05 2.216866e-04 4.428739e-04 3.664636e-04 7.859249e-04 1.323825e-04 2.494161e-04 1.094685e-04 1.376818e-05 
546 13651 3.255335e-03 0 0 5.079243e-05 1.973320e-04 3.916143e-04 3.210209e-04 6.887718e-04 1.172617e-04 2.229157e-04 9.699049e-05 1.209162e-05 
547 13676 3.202874e-03 0 0 5.093144e-05 1.946393e-04 3.891495e-04 3.156218e-04 6.743711e-04 1.127515e-04 2.171932e-04 9.335561e-05 1.182620e-05 
548 13701 2.973141e-03 0 0 4.665381e-05 1.792173e-04 3.572957e-04 2.897967e-04 6.176948e-04 1.034302e-04 2.003378e-04 8.563188e-05 1.088776e-05 
549 13726 2.820166e-03 0 0 4.539058e-05 1.738490e-04 3.371604e-04 2.669848e-04 5.702169e-04 9.771353e-05 1.941533e-04 7.835624e-05 9.934787e-06 
550 13751 2.806287e-03 0 0 4.437170e-05 1.711857e-04 3.350883e-04 2.656959e-04 5.674708e-04 9.560024e-05 1.897290e-04 7.846075e-05 9.883248e-06 
551 13776 2.881315e-03 0 0 4.959104e-05 1.937081e-04 3.679899e-04 2.827327e-04 6.033804e-04 1.072936e-04 2.152533e-04 8.440515e-05 1.067380e-05 
552 13801 2.677411e-03 0 0 4.632742e-05 1.850952e-04 3.482730e-04 2.657822e-04 5.639448e-04 9.920627e-05 2.060213e-04 7.668984e-05 9.746946e-06 
553 13826 2.507110e-03 0 0 4.325312e-05 1.723568e-04 3.269412e-04 2.522317e-04 5.312075e-04 9.102379e-05 1.918232e-04 7.091343e-05 9.217139e-06 
554 13851 2.801663e-03 0 0 4.702376e-05 1.881187e-04 3.742797e-04 3.018011e-04 6.425351e-04 1.058139e-04 2.088080e-04 8.238703e-05 1.116466e-05 
555 13876 2.653098e-03 0 0 4.376468e-05 1.746743e-04 3.467330e-04 2.799936e-04 5.967241e-04 9.716776e-05 1.937150e-04 7.602982e-05 1.033652e-05 
556 13901 2.360705e-03 0 0 3.821360e-05 1.524306e-04 3.012726e-04 2.483639e-04 5.300845e-04 8.848692e-05 1.706975e-04 6.750224e-05 9.324530e-06 
557 13926 2.447078e-03 0 0 4.095931e-05 1.553869e-04 3.119057e-04 2.631400e-04 5.673553e-04 1.006385e-04 1.731251e-04 7.219337e-05 1.023153e-05 
558 13951 2.372026e-03 0 0 3.860131e-05 1.460514e-04 2.966695e-04 2.521587e-04 5.438070e-04 9.478210e-05 1.619409e-04 6.783694e-05 9.844106e-06 
559 13976 2.451025e-03 0 0 4.011479e-05 1.493477e-04 3.089018e-04 2.569066e-04 5.535132e-04 9.564796e-05 1.653897e-04 6.926291e-05 9.928657e-06 
560 14001 2.527613e-03 0 0 4.068479e-05 1.504838e-04 3.090253e-04 2.597548e-04 5.597174e-04 9.693364e-05 1.660595e-04 7.089112e-05 1.006317e-05 
561 14026 2.191836e-03 0 0 3.465004e-05 1.271902e-04 2.598620e-04 2.215592e-04 4.736999e-04 8.285726e-05 1.412881e-04 5.982956e-05 8.559290e-06 
562 14051 2.089554e-03 0 0 3.319547e-05 1.194993e-04 2.421157e-04 2.044068e-04 4.369598e-04 7.729911e-05 1.313095e-04 5.523622e-05 7.910612e-06 
563 14076 2.114245e-03 0 0 3.320679e-05 1.196897e-04 2.527035e-04 2.138533e-04 4.586688e-04 7.893351e-05 1.300419e-04 5.658128e-05 8.268288e-06 
564 14101 1.958831e-03 0 0 3.085620e-05 1.116217e-04 2.396219e-04 1.986408e-04 4.256202e-04 7.031859e-05 1.196365e-04 5.258973e-05 7.513704e-06 
565 14126 2.051766e-03 0 0 3.242693e-05 1.153374e-04 2.544819e-04 2.079758e-04 4.518578e-04 7.147915e-05 1.208495e-04 5.592340e-05 7.864079e-06 
566 14151 2.027698e-03 0 0 3.131321e-05 1.101663e-04 2.455204e-04 2.032054e-04 4.419003e-04 6.924076e-05 1.155116e-04 5.445178e-05 7.805658e-06 
567 14176 2.205102e-03 0 0 3.424740e-05 1.173036e-04 2.605545e-04 2.133834e-04 4.662891e-04 7.503172e-05 1.220162e-04 5.737732e-05 8.221863e-06 
568 14201 2.288665e-03 0 0 3.441814e-05 1.219293e-04 2.666369e-04 2.165765e-04 4.717293e-04 7.633220e-05 1.267204e-04 5.869310e-05 8.230177e-06 
569 14226 2.270017e-03 0 0 3.361014e-05 1.218868e-04 2.738179e-04 2.208118e-04 4.788569e-04 7.317661e-05 1.247565e-04 6.028547e-05 8.135369e-06 
570 14251 2.079696e-03 0 0 3.002189e-05 1.087364e-04 2.453129e-04 1.977820e-04 4.318815e-04 6.537815e-05 1.101856e-04 5.474056e-05 7.333893e-06 
571 14276 2.026889e-03 0 0 2.910957e-05 1.037594e-04 2.307964e-04 1.877362e-04 4.120640e-04 6.551341e-05 1.071705e-04 5.246802e-05 7.071399e-06 
572 14301 2.107907e-03 0 0 2.944268e-05 1.038248e-04 2.319678e-04 1.886808e-04 4.169027e-04 6.569014e-05 1.078948e-04 5.274767e-05 7.114139e-06 
573 14326 2.178720e-03 0 0 2.969298e-05 1.068366e-04 2.361709e-04 1.887292e-04 4.192902e-04 6.610982e-05 1.114586e-04 5.484206e-05 7.112052e-06 
574 14351 2.137283e-03 0 0 2.874671e-05 1.024545e-04 2.262202e-04 1.811786e-04 4.018123e-04 6.295144e-05 1.066691e-04 5.306158e-05 6.867532e-06 
575 14376 2.002676e-03 0 0 2.689385e-05 9.846729e-05 2.119229e-04 1.679035e-04 3.735008e-04 5.846998e-05 1.026622e-04 5.029660e-05 6.432410e-06 
576 14401 2.131301e-03 0 0 2.871057e-05 1.041003e-04 2.240637e-04 1.776921e-04 3.932725e-04 6.366967e-05 1.096379e-04 5.339205e-05 6.774346e-06 
577 14426 2.003438e-03 0 0 2.651631e-05 9.852334e-05 2.075614e-04 1.650748e-04 3.630751e-04 5.946828e-05 1.064634e-04 4.924232e-05 6.259129e-06 
578 14451 2.019840e-03 0 0 2.806702e-05 1.025703e-04 2.156250e-04 1.637417e-04 3.618810e-04 5.895057e-05 1.078946e-04 4.917352e-05 6.068437e-06 
579 14476 1.972984e-03 0 0 2.810915e-05 1.025600e-04 2.202887e-04 1.634009e-04 3.622966e-04 5.719411e-05 1.063128e-04 4.953322e-05 5.982625e-06 
580 14501 2.026576e-03 0 0 2.935967e-05 1.044250e-04 2.223659e-04 1.642417e-04 3.662045e-04 6.194430e-05 1.079940e-04 5.016419e-05 6.175096e-06 
581 14526 2.115597e-03 0 0 2.946971e-05 1.041822e-04 2.228629e-04 1.662701e-04 3.719653e-04 6.480705e-05 1.085660e-04 5.196660e-05 6.350930e-06 
582 14551 2.423316e-03 0 0 3.288739e-05 1.190627e-04 2.494958e-04 1.851652e-04 4.161642e-04 7.370758e-05 1.264916e-04 5.976469e-05 7.100609e-06 
583 14576 2.603019e-03 0 0 3.582857e-05 1.342054e-04 2.800359e-04 2.066518e-04 4.639619e-04 8.046420e-05 1.415070e-04 6.666416e-05 7.987250e-06 
584 14601 2.647266e-03 0 0 3.576531e-05 1.363488e-04 2.801010e-04 2.068207e-04 4.649978e-04 8.231409e-05 1.456687e-04 6.727636e-05 7.981685e-06 
585 14626 2.541301e-03 0 0 3.362753e-05 1.293884e-04 2.712051e-04 1.996969e-04 4.499025e-04 7.578882e-05 1.351476e-04 6.394277e-05 7.675428e-06 
586 14651 2.689930e-03 0 0 3.551313e-05 1.398857e-04 2.878913e-04 2.141848e-04 4.802893e-04 8.279186e-05 1.467281e-04 6.694540e-05 8.128640e-06 
587 14676 2.965067e-03 0 0 4.041553e-05 1.537762e-04 3.207180e-04 2.439303e-04 5.447566e-04 8.973920e-05 1.591027e-04 7.439104e-05 9.234559e-06 
588 14701 2.903302e-03 0 0 3.953418e-05 1.489827e-04 3.109152e-04 2.328741e-04 5.191695e-04 8.500341e-05 1.533784e-04 7.046353e-05 8.677989e-06 
589 14726 2.693319e-03 0 0 3.525132e-05 1.344321e-04 2.790661e-04 2.097228e-04 4.651515e-04 7.868930e-05 1.431803e-04 6.297102e-05 7.814748e-06 
590 14751 2.485120e-03 0 0 3.292571e-05 1.285895e-04 2.657621e-04 1.936169e-04 4.274109e-04 7.100302e-05 1.347363e-04 5.912038e-05 7.076468e-06 
591 14776 2.660967e-03 0 0 3.904071e-05 1.520474e-04 3.131638e-04 2.148432e-04 4.742160e-04 7.447219e-05 1.525381e-04 6.500442e-05 7.571194e-06 
592 14801 2.745812e-03 0 0 3.973788e-05 1.551135e-04 3.185669e-04 2.187788e-04 4.833089e-04 7.367352e-05 1.547938e-04 6.695540e-05 7.695653e-06 
593 14826 2.728812e-03 0 0 3.992680e-05 1.545630e-04 3.144000e-04 2.167111e-04 4.792454e-04 7.284541e-05 1.532641e-04 6.733148e-05 7.620365e-06 
594 14851 2.747757e-03 0 0 3.927632e-05 1.570533e-04 3.239718e-04 2.243485e-04 4.992646e-04 7.047831e-05 1.525011e-04 7.011746e-05 7.783513e-06 
595 14876 2.803033e-03 0 0 3.837238e-05 1.542527e-04 3.184839e-04 2.229576e-04 4.959488e-04 6.980474e-05 1.505251e-04 7.043046e-05 7.828170e-06 
596 14901 2.686440e-03 0 0 3.615725e-05 1.443285e-04 2.928613e-04 2.056363e-04 4.577487e-04 6.659454e-05 1.421197e-04 6.538085e-05 7.324121e-06 
597 14926 2.669610e-03 0 0 3.625293e-05 1.491738e-04 3.072707e-04 2.166765e-04 4.850265e-04 6.440139e-05 1.410359e-04 6.864899e-05 7.623109e-06 
598 14951 2.797879e-03 0 0 3.902477e-05 1.540725e-04 3.163850e-04 2.214008e-04 4.973531e-04 6.819409e-05 1.452487e-04 7.088362e-05 8.009943e-06 
599 14976 3.023861e-03 0 0 4.186146e-05 1.646127e-04 3.384455e-04 2.431432e-04 5.483551e-04 7.496578e-05 1.554792e-04 7.886865e-05 9.165576e-06 
600 15001 3.365923e-03 0 0 4.612056e-05 1.849602e-04 3.931834e-04 2.962722e-04 6.741911e-04 8.861388e-05 1.719632e-04 9.594376e-05 1.117681e-05 
601 15026 3.580736e-03 0 0 4.858728e-05 2.057195e-04 4.375283e-04 3.332080e-04 7.625936e-04 9.387708e-05 1.919075e-04 1.103785e-04 1.266714e-05 
602 15051 3.304771e-03 0 0 4.389263e-05 1.885468e-04 4.060711e-04 3.067678e-04 7.053553e-04 8.430219e-05 1.743283e-04 1.020842e-04 1.165489e-05 
603 15076 3.199152e-03 0 0 4.291008e-05 1.846635e-04 3.937048e-04 2.968502e-04 6.804486e-04 8.211141e-05 1.734951e-04 9.830718e-05 1.127772e-05 
604 15101 3.562879e-03 0 0 4.817696e-05 2.075189e-04 4.389465e-04 3.319355e-04 7.627923e-04 9.572338e-05 1.951541e-04 1.094994e-04 1.288113e-05 
605 15126 3.686418e-03 0 0 5.554715e-05 2.247667e-04 4.633918e-04 3.370172e-04 7.703052e-04 1.051660e-04 2.138910e-04 1.097180e-04 1.306405e-05 
606 15151 3.804898e-03 0 0 5.992996e-05 2.407063e-04 4.848938e-04 3.450266e-04 7.873609e-04 1.129277e-04 2.318659e-04 1.132236e-04 1.329062e-05 
607 15176 4.134982e-03 0 0 6.419736e-05 2.572719e-04 5.212014e-04 3.719115e-04 8.465345e-04 1.245326e-04 2.485885e-04 1.207759e-04 1.446836e-05 
608 15201 3.980906e-03 0 0 6.077997e-05 2.526911e-04 5.099193e-04 3.651612e-04 8.279707e-04 1.163434e-04 2.426007e-04 1.182236e-04 1.397520e-05 
609 15226 3.475483e-03 0 0 5.533752e-05 2.171993e-04 4.331273e-04 3.058033e-04 6.929744e-04 1.038506e-04 2.098923e-04 9.951506e-05 1.177171e-05 
610 15251 3.221645e-03 0 0 5.054474e-05 1.985094e-04 3.971289e-04 2.826864e-04 6.425862e-04 9.492087e-05 1.903621e-04 9.264032e-05 1.095974e-05 
611 15276 3.251909e-03 0 0 5.026909e-05 2.026209e-04 4.071403e-04 2.936259e-04 6.667953e-04 9.267275e-05 1.923048e-04 9.502809e-05 1.128731e-05 
612 15301 3.384883e-03 0 0 5.370449e-05 2.147440e-04 4.182355e-04 2.989085e-04 6.797164e-04 9.945215e-05 2.085120e-04 9.681415e-05 1.158392e-05 
613 15326 3.514493e-03 0 0 5.594837e-05 2.196410e-04 4.264789e-04 3.054547e-04 6.955006e-04 1.018756e-04 2.123444e-04 9.867756e-05 1.198359e-05 
614 15351 3.921232e-03 0 0 6.355505e-05 2.491512e-04 4.740844e-04 3.340540e-04 7.644179e-04 1.125295e-04 2.405122e-04 1.102825e-04 1.311138e-05 
615 15376 3.723674e-03 0 0 5.860445e-05 2.363717e-04 4.516838e-04 3.222880e-04 7.384698e-04 1.026476e-04 2.278896e-04 1.068388e-04 1.258953e-05 
