%  columns="iteration, evaluation, sigma, axis ratio, bestever, best, median, worst fitness function value, further objective values of best" (startseed=212728, 2015/08/22 1:44:37.28)
1 26 2.871333e+00 7.218438e+00  1.642439462373427261e+02  1.642439462373427261e+02  1.649744744406246753e+02  9.140484744912008286e+09
2 51 3.255930e+00 7.666580e+00  1.636832937038154228e+02  1.636832937038154228e+02  1.649629413099824262e+02  2.817912318466636658e+10
3 76 3.118269e+00 7.598794e+00  1.546051535894562434e+01  1.546051535894562434e+01  1.649123266440681732e+02  5.051753941584177000e+15
4 101 3.185015e+00 7.093806e+00  1.546051535894562434e+01  1.577694101439166730e+02  1.649206529784160864e+02  2.088915969771436751e+08
5 126 2.994111e+00 7.072306e+00  1.546051535894562434e+01  1.643956940760898533e+02  1.649518558396469530e+02  7.588020256663681280e+17
6 151 2.860685e+00 7.051304e+00  1.546051535894562434e+01  1.641725676755979748e+02  1.650026385621917200e+02  6.248622413791293750e+14
7 176 3.010672e+00 7.078300e+00  1.546051535894562434e+01  1.645258860432751362e+02  1.650335590581480858e+02  1.161051937249234691e+07
8 201 2.769996e+00 6.984246e+00  1.546051535894562434e+01  1.421284863728342600e+02  1.650030408091758716e+02  4.589355965694339573e+07
9 226 2.640565e+00 7.195867e+00  1.546051535894562434e+01  1.572586684579763414e+02  1.649973606929101777e+02  9.600469354335319251e+06
10 251 2.582760e+00 7.177111e+00  1.546051535894562434e+01  1.648780690464559484e+02  1.649909187079969968e+02  1.475008156919618510e+07
11 276 2.809756e+00 7.119522e+00  1.546051535894562434e+01  1.643932542626119755e+02  1.649591790100373032e+02  4.907281645761779022e+10
12 301 2.736780e+00 7.147788e+00  1.546051535894562434e+01  1.599330109389705115e+02  1.649894566457281542e+02  1.117058186953164480e+17
13 326 2.422886e+00 6.958989e+00  1.546051535894562434e+01  1.586215879290755026e+02  1.650057351079308035e+02  1.251393513762967348e+09
14 351 2.321907e+00 6.849839e+00  1.546051535894562434e+01  1.426784259780162358e+02  1.650520918096889034e+02  4.107562558459874243e+07
15 376 2.105285e+00 6.925298e+00  1.546051535894562434e+01  1.566238154370916789e+02  1.650216798869163028e+02  2.906521133928161487e+07
16 401 2.325084e+00 6.722902e+00  1.546051535894562434e+01  1.646924089945254366e+02  1.650239302389623504e+02  2.787022202252791077e+07
17 426 2.272470e+00 6.539551e+00  1.546051535894562434e+01  1.639171421085433735e+02  1.650228190077371551e+02  1.718665876311307773e+07
18 451 2.152894e+00 6.476838e+00  1.546051535894562434e+01  3.689526634965739049e+01  1.650737629572418541e+02  1.070353469819611870e+07
19 476 2.287152e+00 6.585768e+00  1.546051535894562434e+01  1.144000552258274013e+02  1.650728293092593049e+02  4.076353458738435060e+07
20 501 2.007888e+00 6.222039e+00  1.546051535894562434e+01  1.630104373698711129e+02  1.650738001226441156e+02  1.285568323749673925e+07
21 526 1.790023e+00 6.173243e+00  1.546051535894562434e+01  1.649658301774007043e+02  1.650748006284581777e+02  4.903668440107666887e+06
22 551 1.718562e+00 6.246429e+00  1.445622040697908872e+01  1.445622040697908872e+01  1.650698610237014918e+02  7.975517717490904033e+05
23 576 1.765746e+00 6.302002e+00  9.345710227758177169e+00  9.345710227758177169e+00  1.650741016966468919e+02  2.391116335191765334e+06
24 601 1.785587e+00 6.497120e+00  9.345710227758177169e+00  5.268101668185479980e+01  1.650454358143039713e+02  2.388569103184450360e+05
25 626 2.097207e+00 7.089915e+00  9.345710227758177169e+00  4.292415091742808642e+01  1.650734565915834366e+02  5.264115121350673726e+05
26 651 2.358803e+00 7.057430e+00  9.345710227758177169e+00  2.492959168266441949e+01  1.650552631898805771e+02  1.159090858156654052e+06
27 676 2.259607e+00 6.982285e+00  9.345710227758177169e+00  1.350995136164517021e+02  1.650514988407657881e+02  2.260254033104797453e+07
28 701 2.088959e+00 7.050968e+00  9.345710227758177169e+00  3.049418935633873673e+01  1.650572883477337598e+02  8.017996021306418697e+04
29 726 1.897874e+00 6.778113e+00  9.345710227758177169e+00  2.087267155502827976e+01  1.650532159004689277e+02  5.804782949965629814e+04
30 751 1.707215e+00 6.755475e+00  9.345710227758177169e+00  2.072140053511743574e+01  4.919698174986382924e+02  5.400853799750115722e+06
31 776 1.508884e+00 6.945651e+00  9.345710227758177169e+00  6.735480120634247214e+01  1.650612933511422682e+02  2.051041417969072354e+05
32 801 1.543796e+00 7.102485e+00  9.345710227758177169e+00  2.642316754076561480e+01  1.650429637028015577e+02  8.790894551527239673e+04
33 826 1.395419e+00 7.345907e+00  9.345710227758177169e+00  2.387001532232595480e+01  1.650506264108033179e+02  5.865209074174138368e+04
34 851 1.374380e+00 7.407534e+00  9.345710227758177169e+00  9.696548845757698487e+00  1.650482964540490229e+02  1.471076579085918784e+05
35 876 1.448622e+00 7.614117e+00  9.345710227758177169e+00  1.061606978287589520e+01  1.650433509701707351e+02  1.692885463299299299e+05
36 901 1.438443e+00 7.560200e+00  8.503504260343577315e+00  8.503504260343577315e+00  1.638820365807395945e+02  8.623020476255564063e+03
37 926 1.306743e+00 7.504660e+00  8.503504260343577315e+00  1.157249785901561445e+01  1.650468811876316693e+02  2.796507040656807658e+04
38 951 1.274784e+00 7.595340e+00  8.503504260343577315e+00  9.405867088084153949e+00  1.640786884729138251e+02  5.593801423691846139e+03
39 976 1.152528e+00 7.538147e+00  8.297436422136724943e+00  8.297436422136724943e+00  1.624610844218790362e+02  2.673164171192566300e+03
40 1001 1.184041e+00 7.419178e+00  8.297436422136724943e+00  8.853148956960065874e+00  9.890331763512020302e+01  3.870639438372203927e+02
41 1026 1.130518e+00 7.352577e+00  8.297436422136724943e+00  3.180862123596513058e+01  1.628267751229428768e+02  4.356884810658576498e+03
42 1051 1.131320e+00 7.519357e+00  8.297436422136724943e+00  8.648571429961545931e+00  9.914792667579133933e+01  1.846988313145241818e+03
43 1076 1.132393e+00 7.377858e+00  8.297436422136724943e+00  8.728668246282090593e+00  1.439105897546600090e+02  1.910221919686186311e+03
44 1101 9.865798e-01 7.507241e+00  8.297436422136724943e+00  8.707956224279882917e+00  1.137061066351606655e+02  2.047367859647817568e+03
45 1126 8.946800e-01 7.698368e+00  8.297436422136724943e+00  8.425266874678550622e+00  5.903468794050528601e+01  1.542007962315509076e+03
46 1151 8.825710e-01 7.782594e+00  8.297436422136724943e+00  8.316936156280457126e+00  7.679650962510680756e+01  6.746933091382539942e+02
47 1176 8.052025e-01 7.723270e+00  8.194690406796897975e+00  8.194690406796897975e+00  2.704747118312784693e+01  2.945432473020155726e+02
48 1201 7.212809e-01 8.110707e+00  8.194690406796897975e+00  8.447106047016031738e+00  4.570677835289535551e+01  7.087509560162217213e+02
49 1226 7.218781e-01 8.456202e+00  7.966004432192230311e+00  7.966004432192230311e+00  6.996009462876357077e+01  3.089786308202859004e+02
50 1251 7.788761e-01 8.479493e+00  7.966004432192230311e+00  8.342218615154774142e+00  2.928249833096100474e+01  2.848181827497923564e+02
51 1276 7.653122e-01 8.830286e+00  7.966004432192230311e+00  8.418624507257776557e+00  4.430474117416261493e+01  2.449462885686541256e+02
52 1301 7.069259e-01 9.087185e+00  7.966004432192230311e+00  8.074516313298330417e+00  6.196102044119795949e+01  3.212504669788170304e+02
53 1326 6.169068e-01 9.110694e+00  7.966004432192230311e+00  8.073803522725379267e+00  2.521524528142754562e+01  2.556246538365373908e+02
54 1351 5.976884e-01 9.808596e+00  7.966004432192230311e+00  8.014598527805929962e+00  2.023825975932005861e+01  8.375022529607493027e+01
55 1376 5.501642e-01 1.015529e+01  7.966004432192230311e+00  7.997976081024183337e+00  1.205182435339898106e+01  9.706731210246599062e+01
56 1401 5.029563e-01 1.023251e+01  7.966004432192230311e+00  8.016938656045720535e+00  2.210763250015918757e+01  2.249849206592232349e+02
57 1426 4.879094e-01 1.084694e+01  7.966004432192230311e+00  8.095715717027250236e+00  1.618678294158560149e+01  1.352933101391482467e+02
58 1451 5.251726e-01 1.112696e+01  7.966004432192230311e+00  7.976538683180557143e+00  1.316581120487587064e+01  5.720071483147238922e+01
59 1476 5.416039e-01 1.117054e+01  7.966004432192230311e+00  8.099180130927480903e+00  1.401654271149767617e+01  7.115186893742448149e+01
60 1501 5.122857e-01 1.159132e+01  7.966004432192230311e+00  8.114896939023164890e+00  1.763808583853538892e+01  5.555110099490570974e+01
61 1526 4.684661e-01 1.191984e+01  7.966004432192230311e+00  8.060771923338238665e+00  1.342736459361078261e+01  1.895920357074725473e+02
62 1551 3.950467e-01 1.214785e+01  7.966004432192230311e+00  8.086230668057069693e+00  1.384306366022673451e+01  1.047846142213191030e+02
63 1576 3.423528e-01 1.233545e+01  7.966004432192230311e+00  8.056051479825054429e+00  1.001579358601649439e+01  2.372077974796293276e+01
64 1601 3.057721e-01 1.311031e+01  7.966004432192230311e+00  8.028213416552233639e+00  9.262554076249292834e+00  2.954620883318170144e+01
65 1626 2.677747e-01 1.342694e+01  7.966004432192230311e+00  8.055266135849615594e+00  1.089325860771316101e+01  2.339816220539101366e+01
66 1651 2.419292e-01 1.429029e+01  7.966004432192230311e+00  8.035131447935947691e+00  8.710232988977143265e+00  2.544661274766730585e+01
67 1676 2.316575e-01 1.456632e+01  7.966004432192230311e+00  8.038674433443201650e+00  8.826481135128776856e+00  1.331556570147275664e+01
68 1701 2.254753e-01 1.511765e+01  7.966004432192230311e+00  8.042870531510727616e+00  8.442311525230971725e+00  1.102831947718661709e+01
69 1726 2.025845e-01 1.604161e+01  7.966004432192230311e+00  8.003497768593458517e+00  8.925203129072023955e+00  1.166131535711063449e+01
70 1751 2.214581e-01 1.689570e+01  7.966004432192230311e+00  7.976102809216644829e+00  8.290711390552260696e+00  1.159531053535204492e+01
71 1776 2.409570e-01 1.743421e+01  7.955509943345710155e+00  7.955509943345710155e+00  8.311878399334487355e+00  1.364106472615041454e+01
72 1801 2.663998e-01 1.780687e+01  7.894279864843031014e+00  7.894279864843031014e+00  8.354906235593050567e+00  1.399220382234532423e+01
73 1826 2.862938e-01 1.879796e+01  7.894279864843031014e+00  7.900928682695082195e+00  8.099581695160594563e+00  1.288067718269172701e+01
74 1851 2.865212e-01 1.920698e+01  7.818157829244412937e+00  7.818157829244412937e+00  8.368375149223929554e+00  1.271790319377227263e+01
75 1876 2.490477e-01 1.964727e+01  7.818157829244412937e+00  7.927383319845342946e+00  8.463155431510591242e+00  1.172162339794435759e+01
76 1901 2.233482e-01 2.030220e+01  7.818157829244412937e+00  7.862291070865791376e+00  8.060729317683215100e+00  9.130452499292262658e+00
77 1926 2.302360e-01 2.043022e+01  7.818157829244412937e+00  7.881037468161433246e+00  8.067391545213141058e+00  9.830185268564305190e+00
78 1951 2.099529e-01 2.214905e+01  7.818157829244412937e+00  7.910453579226133236e+00  8.094004979289785240e+00  9.412352767752828697e+00
79 1976 2.120670e-01 2.279113e+01  7.818157829244412937e+00  7.864199752804256427e+00  8.119218040078687082e+00  1.062090171527671068e+01
80 2001 2.330794e-01 2.406055e+01  7.818157829244412937e+00  7.836044490411755881e+00  8.035306196791541566e+00  9.590399651383787472e+00
81 2026 2.802575e-01 2.439491e+01  7.803927394612006907e+00  7.803927394612006907e+00  7.938603111696539649e+00  1.070466685490389480e+01
82 2051 3.882363e-01 2.418411e+01  7.743766901538238656e+00  7.743766901538238656e+00  7.951234527028874233e+00  1.102808151374978607e+01
83 2076 3.927969e-01 2.551778e+01  7.743766901538238656e+00  7.802123442309228274e+00  8.415487358486531733e+00  2.098899187244252573e+01
84 2101 3.624805e-01 2.626116e+01  7.743766901538238656e+00  7.779104691140043215e+00  8.186250520907471184e+00  1.591542707644586407e+01
85 2126 3.744242e-01 2.675042e+01  7.734263132208061720e+00  7.734263132208061720e+00  8.070893966070949332e+00  9.701833208144197584e+00
86 2151 4.160907e-01 2.726211e+01  7.734263132208061720e+00  7.765178593978275146e+00  8.090438154825569939e+00  1.361037340806291773e+01
87 2176 3.883692e-01 2.917021e+01  7.706139236103858536e+00  7.706139236103858536e+00  8.246834083462019294e+00  1.338025703973584868e+01
88 2201 3.958375e-01 2.923976e+01  7.662588553738644670e+00  7.662588553738644670e+00  7.952211426719822285e+00  2.554617371845968776e+01
89 2226 4.282352e-01 3.063926e+01  7.662588553738644670e+00  7.699998544041940285e+00  7.815165975811759758e+00  1.393127651304649639e+01
90 2251 4.212069e-01 3.138905e+01  7.662588553738644670e+00  7.663033528718336207e+00  8.116161385456118538e+00  1.125225531404276147e+01
91 2276 4.469201e-01 3.474456e+01  7.544836012806498182e+00  7.544836012806498182e+00  9.106846145039638074e+00  1.250313629108965863e+01
92 2301 4.614034e-01 3.541014e+01  7.544836012806498182e+00  7.546141621416563972e+00  8.346851420936484800e+00  2.009850610000047766e+01
93 2326 4.191739e-01 3.677914e+01  7.504714612918230721e+00  7.504714612918230721e+00  8.022311721552354058e+00  1.250038646377014118e+01
94 2351 4.006439e-01 3.719593e+01  7.504714612918230721e+00  7.522383005550547175e+00  8.117298668913807802e+00  1.152921586951209498e+01
95 2376 3.674354e-01 3.809693e+01  7.504714612918230721e+00  7.562550504026543940e+00  8.193115375882626950e+00  3.085132949944066283e+01
96 2401 3.328174e-01 3.887556e+01  7.504714612918230721e+00  7.507045448394174869e+00  7.715913422414630851e+00  1.089239895447193263e+01
97 2426 3.305267e-01 4.055388e+01  7.504714612918230721e+00  7.522186900547148447e+00  7.647698326098004706e+00  9.287502816752889245e+00
98 2451 3.567737e-01 4.080271e+01  7.504714612918230721e+00  7.521063684743682920e+00  7.704697135593826296e+00  9.583628006511295538e+00
99 2476 3.352098e-01 4.126627e+01  7.504714612918230721e+00  7.577791836814861348e+00  7.794362639417357741e+00  8.637172015956439353e+00
100 2501 3.318986e-01 4.235667e+01  7.504714612918230721e+00  7.514464046649481865e+00  7.597332527579053085e+00  9.085221324218773375e+00
101 2526 2.749941e-01 4.241806e+01  7.504714612918230721e+00  7.531994884678013591e+00  7.704955810217778200e+00  9.933808358435607389e+00
102 2551 2.629790e-01 4.517724e+01  7.504714612918230721e+00  7.524141507053203171e+00  7.670114921888168347e+00  8.286264776075420002e+00
103 2576 2.560976e-01 4.641063e+01  7.504714612918230721e+00  7.520216883848804379e+00  7.664064272851868864e+00  9.004662827472429854e+00
104 2601 2.331725e-01 4.781871e+01  7.504714612918230721e+00  7.506891289646852705e+00  7.679297728030896941e+00  8.352271365985144413e+00
105 2626 2.428924e-01 4.950728e+01  7.504714612918230721e+00  7.528580419895553710e+00  7.684428913167817399e+00  9.704877895565493517e+00
106 2651 2.555340e-01 4.966374e+01  7.504714612918230721e+00  7.551514757982200621e+00  7.659110129006643675e+00  8.085072086196863239e+00
107 2676 2.532077e-01 4.954244e+01  7.504714612918230721e+00  7.529386714888164356e+00  7.634360691305175806e+00  8.401872068637167956e+00
108 2701 2.592093e-01 4.994378e+01  7.504714612918230721e+00  7.521878839933695993e+00  7.599515426187100076e+00  7.955725367788384794e+00
109 2726 2.462491e-01 4.897201e+01  7.504714612918230721e+00  7.519875204381803790e+00  7.607501267356241215e+00  8.318929974406024996e+00
110 2751 2.125620e-01 5.010310e+01  7.504714612918230721e+00  7.514347000240774399e+00  7.602117023626823844e+00  8.839765898052384330e+00
111 2776 1.901976e-01 5.020061e+01  7.504714612918230721e+00  7.526463295194168346e+00  7.613151112777459595e+00  8.048168042440483561e+00
112 2801 1.791750e-01 5.261821e+01  7.500933953272096666e+00  7.500933953272096666e+00  7.553260909888102503e+00  8.053875201073177337e+00
113 2826 1.661668e-01 5.345281e+01  7.500933953272096666e+00  7.507155608497459554e+00  7.546281322397311975e+00  7.656039112191463936e+00
114 2851 1.616709e-01 5.405677e+01  7.500933953272096666e+00  7.506205525575511572e+00  7.540886815307285218e+00  7.721091924641965143e+00
115 2876 1.402423e-01 5.565477e+01  7.494900673854985484e+00  7.494900673854985484e+00  7.544837914825139435e+00  7.596008476500134776e+00
116 2901 1.460242e-01 5.798076e+01  7.494900673854985484e+00  7.514403266406479709e+00  7.541043802500100313e+00  7.618054797857587879e+00
117 2926 1.320381e-01 5.862828e+01  7.494900673854985484e+00  7.504842119135695988e+00  7.529804526702162271e+00  7.642262028895181025e+00
118 2951 1.397568e-01 6.002391e+01  7.494900673854985484e+00  7.501870662819378310e+00  7.527413762692209076e+00  7.635349164198841798e+00
119 2976 1.258116e-01 5.997458e+01  7.494900673854985484e+00  7.509018648368975590e+00  7.535054511607597760e+00  7.650483372648628766e+00
120 3001 1.233520e-01 6.155324e+01  7.492285177908238225e+00  7.492285177908238225e+00  7.525884084253570805e+00  7.650885357935373499e+00
121 3026 1.367915e-01 6.046066e+01  7.492285177908238225e+00  7.509535967614243468e+00  7.525289200206501050e+00  7.576055351462645859e+00
122 3051 1.394752e-01 6.158752e+01  7.492285177908238225e+00  7.502979516310227304e+00  7.525985350199752233e+00  7.595158227178258947e+00
123 3076 1.399594e-01 6.207104e+01  7.492285177908238225e+00  7.493709162964191428e+00  7.523919535177439499e+00  7.566374811264670264e+00
124 3101 1.435565e-01 6.519818e+01  7.492285177908238225e+00  7.505977435534145314e+00  7.524883914510034799e+00  7.577786072447479704e+00
125 3126 1.469469e-01 6.977048e+01  7.492285177908238225e+00  7.493375272684247079e+00  7.527191451290565105e+00  7.579080056598817450e+00
126 3151 1.618338e-01 6.948365e+01  7.492285177908238225e+00  7.501433346333807428e+00  7.520170183802855846e+00  7.594658745316901438e+00
127 3176 1.660021e-01 6.988656e+01  7.492285177908238225e+00  7.506294289193728986e+00  7.525763471417059591e+00  7.620866555488308158e+00
128 3201 1.757540e-01 7.262852e+01  7.492285177908238225e+00  7.506434381912062470e+00  7.532838627651558205e+00  7.623087495880812803e+00
129 3226 1.748470e-01 7.364670e+01  7.492285177908238225e+00  7.507899804161127122e+00  7.530718079824247013e+00  7.612251857965556923e+00
130 3251 1.766114e-01 7.758182e+01  7.490385937085551227e+00  7.490385937085551227e+00  7.527099833916362392e+00  7.607883330864306792e+00
131 3276 1.755029e-01 7.974131e+01  7.490385937085551227e+00  7.506397270838501612e+00  7.526564657497885058e+00  7.562172852897898423e+00
132 3301 1.530655e-01 7.877813e+01  7.490385937085551227e+00  7.506268809356712701e+00  7.524282967311495263e+00  7.644226365202628770e+00
133 3326 1.429391e-01 8.276958e+01  7.490385937085551227e+00  7.501060785073216053e+00  7.519186424081168774e+00  7.618520109136516005e+00
134 3351 1.377539e-01 8.074112e+01  7.490385937085551227e+00  7.501439445992374999e+00  7.517469948599193152e+00  7.536338969626369177e+00
135 3376 1.509734e-01 9.034077e+01  7.490385937085551227e+00  7.507737935112790417e+00  7.529346503282808634e+00  7.552992663689095387e+00
136 3401 1.351038e-01 9.062550e+01  7.490385937085551227e+00  7.501958610471598732e+00  7.524307862782388945e+00  7.549291292730424097e+00
137 3426 1.360191e-01 9.099839e+01  7.490385937085551227e+00  7.497972492184448612e+00  7.514812604363460657e+00  7.539670415215335098e+00
138 3451 1.321876e-01 9.789801e+01  7.490385937085551227e+00  7.499342940177833761e+00  7.516337203057290139e+00  7.557944159158302533e+00
139 3476 1.219294e-01 1.007965e+02  7.490385937085551227e+00  7.500844602237016545e+00  7.517838683762300356e+00  7.531759971791190722e+00
140 3501 1.333818e-01 1.006875e+02  7.490385937085551227e+00  7.499858660557276124e+00  7.511973867222471846e+00  7.532139597935410436e+00
141 3526 1.389936e-01 1.038604e+02  7.490385937085551227e+00  7.496579566027848252e+00  7.511597896899538718e+00  7.528085070411460578e+00
142 3551 1.578545e-01 1.084305e+02  7.490385937085551227e+00  7.496781031383609850e+00  7.514805994315220339e+00  7.533449123830283867e+00
143 3576 1.506726e-01 1.117549e+02  7.490385937085551227e+00  7.499102123056888836e+00  7.508404251444195765e+00  7.527136229546663060e+00
144 3601 1.238267e-01 1.134074e+02  7.490385937085551227e+00  7.494792310153495229e+00  7.516396862170735105e+00  7.552342920447769892e+00
145 3626 1.158701e-01 1.113807e+02  7.490385937085551227e+00  7.493954091574719811e+00  7.511782341567986521e+00  7.520194603439582792e+00
146 3651 9.669564e-02 1.104753e+02  7.490385937085551227e+00  7.495236343222599018e+00  7.512350856156229106e+00  7.539335472899689528e+00
147 3676 9.809339e-02 1.133444e+02  7.490385937085551227e+00  7.491054588875000420e+00  7.508953081627105064e+00  7.526838930625665114e+00
148 3701 9.454686e-02 1.096188e+02  7.490385937085551227e+00  7.496791496646657116e+00  7.513576465226034173e+00  7.527895251342279437e+00
149 3726 8.886361e-02 1.089531e+02  7.490385937085551227e+00  7.494216815295727585e+00  7.507489135638599542e+00  7.526730352419809478e+00
150 3751 8.868081e-02 1.075251e+02  7.490385937085551227e+00  7.493437288195705648e+00  7.509961637578623339e+00  7.527532510251949915e+00
151 3776 8.012091e-02 1.083447e+02  7.490385937085551227e+00  7.499055482019689300e+00  7.508938330427332275e+00  7.526040311427122376e+00
152 3801 7.245033e-02 1.076242e+02  7.489687959780717996e+00  7.489687959780717996e+00  7.511255978238699171e+00  7.533599561488593999e+00
153 3826 6.406581e-02 1.052236e+02  7.489687959780717996e+00  7.494251974837954577e+00  7.506712737150961878e+00  7.528127279317658349e+00
154 3851 6.310453e-02 1.094021e+02  7.482578073454994261e+00  7.482578073454994261e+00  7.502828989348975242e+00  7.520297252229770635e+00
155 3876 6.352378e-02 1.075838e+02  7.482578073454994261e+00  7.487347952090342318e+00  7.507283907758263375e+00  7.520749586489528404e+00
156 3901 6.523366e-02 1.062673e+02  7.482578073454994261e+00  7.496366228973569079e+00  7.507800254539951368e+00  7.521182607256802655e+00
157 3926 6.679978e-02 1.006640e+02  7.482578073454994261e+00  7.500224503348602134e+00  7.512545816986646585e+00  7.527384875257109087e+00
158 3951 6.105294e-02 1.004914e+02  7.482578073454994261e+00  7.490801123428624919e+00  7.504607673909781340e+00  7.525675129392357832e+00
159 3976 6.239474e-02 1.060282e+02  7.482578073454994261e+00  7.484726390842754817e+00  7.508769553228815674e+00  7.525368672887723598e+00
160 4001 6.346454e-02 1.093903e+02  7.482578073454994261e+00  7.488978624319084787e+00  7.509202404587985491e+00  7.523534205302091493e+00
161 4026 6.280877e-02 1.105672e+02  7.482578073454994261e+00  7.491373495409706429e+00  7.509083901065317868e+00  7.525753544091630332e+00
162 4051 6.050427e-02 1.070092e+02  7.482578073454994261e+00  7.487564765838450320e+00  7.503565617195113724e+00  7.522502975298219319e+00
163 4076 5.692924e-02 1.047188e+02  7.482578073454994261e+00  7.483542465370553565e+00  7.502901517917732299e+00  7.519296199770769462e+00
164 4101 5.362039e-02 1.046580e+02  7.482578073454994261e+00  7.490369074780820036e+00  7.502316041266136715e+00  7.532732984464823645e+00
165 4126 5.010848e-02 1.063869e+02  7.482578073454994261e+00  7.491566604349008784e+00  7.506251427437135249e+00  7.517127118228247085e+00
166 4151 5.090510e-02 1.047799e+02  7.482578073454994261e+00  7.496745419843945157e+00  7.506454269847248284e+00  7.519664765585268640e+00
167 4176 5.324398e-02 1.039905e+02  7.482578073454994261e+00  7.491881019285391297e+00  7.502558356062781542e+00  7.520206137836541238e+00
168 4201 4.719818e-02 1.032827e+02  7.482578073454994261e+00  7.491858718816688523e+00  7.505304890377176186e+00  7.519448804662915542e+00
169 4226 4.722204e-02 1.034893e+02  7.482578073454994261e+00  7.488047676176419643e+00  7.502420451281551550e+00  7.516660190087367965e+00
170 4251 4.775011e-02 1.012830e+02  7.482578073454994261e+00  7.489110219813471581e+00  7.503268562938792741e+00  7.518071957088968915e+00
171 4276 4.387014e-02 1.012396e+02  7.482578073454994261e+00  7.487310726944035544e+00  7.504052983380334219e+00  7.518429398945686515e+00
172 4301 4.031043e-02 1.050250e+02  7.482578073454994261e+00  7.488978145811003628e+00  7.501518058694388813e+00  7.522313293979314253e+00
173 4326 3.506879e-02 1.158873e+02  7.482578073454994261e+00  7.487038821843169600e+00  7.502428984334667206e+00  7.520027887362661367e+00
174 4351 3.227346e-02 1.190579e+02  7.482578073454994261e+00  7.491975337410983649e+00  7.504743278087212310e+00  7.520069083650914088e+00
175 4376 3.012461e-02 1.194431e+02  7.482578073454994261e+00  7.490120925629952353e+00  7.503665598326603181e+00  7.525556037119349284e+00
176 4401 2.718021e-02 1.173569e+02  7.482578073454994261e+00  7.492590793211443945e+00  7.503946999849890886e+00  7.532471096790124498e+00
177 4426 2.715943e-02 1.201049e+02  7.482578073454994261e+00  7.490502572602245834e+00  7.505878836406045806e+00  7.516281463727273682e+00
178 4451 3.176498e-02 1.242427e+02  7.482578073454994261e+00  7.485576581571160126e+00  7.501591118734107333e+00  7.520949849518812513e+00
179 4476 3.454508e-02 1.208147e+02  7.482578073454994261e+00  7.483313773158587701e+00  7.503058044670549265e+00  7.517278469695219734e+00
180 4501 3.337990e-02 1.242850e+02  7.482578073454994261e+00  7.488404568898872071e+00  7.506654015588555495e+00  7.520604691418096621e+00
181 4526 3.250049e-02 1.251725e+02  7.482578073454994261e+00  7.487410031723883641e+00  7.502275342873011788e+00  7.518740816662663029e+00
182 4551 3.399860e-02 1.268258e+02  7.482578073454994261e+00  7.483950057701996172e+00  7.504225240360120175e+00  7.515753791785038551e+00
183 4576 3.302589e-02 1.310085e+02  7.480029307464096000e+00  7.480029307464096000e+00  7.507831995536141001e+00  7.522988564313820348e+00
184 4601 3.740364e-02 1.451952e+02  7.480029307464096000e+00  7.494500030387079903e+00  7.503824200668947064e+00  7.520836245397506836e+00
185 4626 3.894947e-02 1.477925e+02  7.480029307464096000e+00  7.491338784678298168e+00  7.504935773325772885e+00  7.518121321257077661e+00
186 4651 3.522061e-02 1.480814e+02  7.480029307464096000e+00  7.490775159411386497e+00  7.503312258917262945e+00  7.515792598396611623e+00
187 4676 3.883058e-02 1.490193e+02  7.480029307464096000e+00  7.490643820674758757e+00  7.503612514668790645e+00  7.517150450420787777e+00
188 4701 3.588386e-02 1.474583e+02  7.480029307464096000e+00  7.489586000417855161e+00  7.506043070877874257e+00  7.519814697399687553e+00
189 4726 3.607081e-02 1.408490e+02  7.480029307464096000e+00  7.485361975966327464e+00  7.505127066087937671e+00  7.517697722303937624e+00
190 4751 3.467461e-02 1.385358e+02  7.480029307464096000e+00  7.489338871832449840e+00  7.505002307233366921e+00  7.521561780162054234e+00
191 4776 3.361293e-02 1.340116e+02  7.480029307464096000e+00  7.488914445850514134e+00  7.508957359227499850e+00  7.526793201827826074e+00
192 4801 3.034089e-02 1.336905e+02  7.480029307464096000e+00  7.492677969142667038e+00  7.505867085750662859e+00  7.514305545820598731e+00
193 4826 2.801651e-02 1.294595e+02  7.480029307464096000e+00  7.491792292472998049e+00  7.504842715584740809e+00  7.514070788638350429e+00
194 4851 2.649626e-02 1.290660e+02  7.480029307464096000e+00  7.498223454740535310e+00  7.504847122118532887e+00  7.518900848977260409e+00
195 4876 2.591089e-02 1.332703e+02  7.480029307464096000e+00  7.485131128105253495e+00  7.503563514236519794e+00  7.518375460298566182e+00
196 4901 2.485989e-02 1.368753e+02  7.480029307464096000e+00  7.499324144064983599e+00  7.507862444888765197e+00  7.522214480776947987e+00
197 4926 2.411928e-02 1.362654e+02  7.480029307464096000e+00  7.494980542462804429e+00  7.503947907012383567e+00  7.520315479754164478e+00
198 4951 2.637936e-02 1.355829e+02  7.480029307464096000e+00  7.489986060202351581e+00  7.502988079344265593e+00  7.514681507317003906e+00
199 4976 2.410975e-02 1.325478e+02  7.480029307464096000e+00  7.489777703009975696e+00  7.501225073359479190e+00  7.521508986654835027e+00
200 5001 2.421873e-02 1.401373e+02  7.480029307464096000e+00  7.491306549576053797e+00  7.501677249688468940e+00  7.519403886783567081e+00
201 5026 2.371127e-02 1.449099e+02  7.480029307464096000e+00  7.487993195041044103e+00  7.502895309046810013e+00  7.517774039479291126e+00
202 5051 2.227657e-02 1.456596e+02  7.480029307464096000e+00  7.491328321427026538e+00  7.503010198267110020e+00  7.524170642517479912e+00
203 5076 2.449227e-02 1.529372e+02  7.480029307464096000e+00  7.490964853477427354e+00  7.502973366036621350e+00  7.522237568435270916e+00
204 5101 2.385379e-02 1.507172e+02  7.480029307464096000e+00  7.492039495081155742e+00  7.505725239055935027e+00  7.529600259054933353e+00
205 5126 2.209888e-02 1.529808e+02  7.480029307464096000e+00  7.492360355019860307e+00  7.502984949086208388e+00  7.521013803552114574e+00
206 5151 1.866826e-02 1.523520e+02  7.480029307464096000e+00  7.492980961683409546e+00  7.501153069855193145e+00  7.515743661749974436e+00
207 5176 1.749100e-02 1.502982e+02  7.480029307464096000e+00  7.488928746226450883e+00  7.505260510414952790e+00  7.517536649885849798e+00
208 5201 1.706614e-02 1.531221e+02  7.480029307464096000e+00  7.494096019147508336e+00  7.502275803945495980e+00  7.524402957915286905e+00
209 5226 1.637057e-02 1.526919e+02  7.480029307464096000e+00  7.494439445867110194e+00  7.504461140688473364e+00  7.521918667344781539e+00
210 5251 1.474435e-02 1.539058e+02  7.480029307464096000e+00  7.496052878394106500e+00  7.505708991481578884e+00  7.518313947031062483e+00
211 5276 1.433861e-02 1.570246e+02  7.480029307464096000e+00  7.489611254269097351e+00  7.504907802430007990e+00  7.520764888715258500e+00
212 5301 1.428983e-02 1.555276e+02  7.480029307464096000e+00  7.489653153927044116e+00  7.504187714231716377e+00  7.517837283207246202e+00
213 5326 1.374561e-02 1.448248e+02  7.480029307464096000e+00  7.489109978991743688e+00  7.501750224166369385e+00  7.521029434997124063e+00
214 5351 1.497256e-02 1.463557e+02  7.480029307464096000e+00  7.491602236896207856e+00  7.502456743180925258e+00  7.519303434317351709e+00
215 5376 1.362847e-02 1.446202e+02  7.480029307464096000e+00  7.483307446663602924e+00  7.502404910360137791e+00  7.526356102982006746e+00
216 5401 1.187819e-02 1.464549e+02  7.480029307464096000e+00  7.488279211640592514e+00  7.501780108300893701e+00  7.522828086125247893e+00
217 5426 1.143509e-02 1.501715e+02  7.480029307464096000e+00  7.491489471019024293e+00  7.503255652558419087e+00  7.518167662543978835e+00
218 5451 1.151010e-02 1.566876e+02  7.480029307464096000e+00  7.488493042522292420e+00  7.502182473575629729e+00  7.516324058056782498e+00
219 5476 1.196554e-02 1.521132e+02  7.480029307464096000e+00  7.488193035669703512e+00  7.504557859498849126e+00  7.525968121573502145e+00
220 5501 1.155143e-02 1.536292e+02  7.480029307464096000e+00  7.491303051238691779e+00  7.501146379538301545e+00  7.519262265494379704e+00
221 5526 1.132503e-02 1.602789e+02  7.480029307464096000e+00  7.486925389864776292e+00  7.503426660267334292e+00  7.522530104190356504e+00
222 5551 1.219490e-02 1.568362e+02  7.480029307464096000e+00  7.495694180186261768e+00  7.503947470012420240e+00  7.522981593139679291e+00
223 5576 1.060052e-02 1.582071e+02  7.480029307464096000e+00  7.488005982773033864e+00  7.504515340494334552e+00  7.519343112707096211e+00
224 5601 1.002258e-02 1.652023e+02  7.480029307464096000e+00  7.488807675563782240e+00  7.505831078721252325e+00  7.520034674647774864e+00
225 5626 1.051434e-02 1.669279e+02  7.480029307464096000e+00  7.484695721802344437e+00  7.502510832835004528e+00  7.524772875747503420e+00
226 5651 1.027000e-02 1.727112e+02  7.480029307464096000e+00  7.494642502677701046e+00  7.507341941399880092e+00  7.516968781069451211e+00
227 5676 1.130954e-02 1.883928e+02  7.480029307464096000e+00  7.492125012755859181e+00  7.503397589475961915e+00  7.513379337847011286e+00
228 5701 1.309946e-02 2.080372e+02  7.480029307464096000e+00  7.486935917274744945e+00  7.503358310434216527e+00  7.521976648828656131e+00
229 5726 1.453809e-02 2.229404e+02  7.480029307464096000e+00  7.493071671273415113e+00  7.501929076593436108e+00  7.518427506127391524e+00
230 5751 1.690119e-02 2.259897e+02  7.480029307464096000e+00  7.485742272762778704e+00  7.502729023267137975e+00  7.516118857197754188e+00
231 5776 1.792133e-02 2.251787e+02  7.480029307464096000e+00  7.490097352516967177e+00  7.502866737705608635e+00  7.520714632681070988e+00
232 5801 1.685203e-02 2.334227e+02  7.480029307464096000e+00  7.482023267339624084e+00  7.502383830593736924e+00  7.519973565488030864e+00
233 5826 1.613405e-02 2.268047e+02  7.480029307464096000e+00  7.489743569646098997e+00  7.504162702438139654e+00  7.520091902345546586e+00
234 5851 1.698905e-02 2.164672e+02  7.480029307464096000e+00  7.488841824468862818e+00  7.503584614026529209e+00  7.523776724862189624e+00
235 5876 1.684546e-02 2.144130e+02  7.480029307464096000e+00  7.488164700304487553e+00  7.503443743311071223e+00  7.517224182172446589e+00
236 5901 1.946255e-02 2.211559e+02  7.480029307464096000e+00  7.487351838992757358e+00  7.502496102428280800e+00  7.522337647811586869e+00
237 5926 1.889441e-02 2.184516e+02  7.480029307464096000e+00  7.493895406670853632e+00  7.505667428730023794e+00  7.514300567148002763e+00
238 5951 1.777540e-02 2.182350e+02  7.480029307464096000e+00  7.488388477370873098e+00  7.502593272304210359e+00  7.516053664766898734e+00
239 5976 1.701409e-02 2.336423e+02  7.480029307464096000e+00  7.488944642573079236e+00  7.501350001524881073e+00  7.520048206295470550e+00
240 6001 1.630858e-02 2.525402e+02  7.480029307464096000e+00  7.483420745482389336e+00  7.506177303919382204e+00  7.516587456913295107e+00
241 6026 1.643744e-02 2.581315e+02  7.480029307464096000e+00  7.489358118886459970e+00  7.501349833083940766e+00  7.516970433166631160e+00
242 6051 1.496299e-02 2.593933e+02  7.480029307464096000e+00  7.491558272421407594e+00  7.507849715107739463e+00  7.528633144776841313e+00
243 6076 1.605083e-02 2.771786e+02  7.480029307464096000e+00  7.486547436525314403e+00  7.505512645476949629e+00  7.521481442528502370e+00
244 6101 1.528709e-02 2.746564e+02  7.480029307464096000e+00  7.491987494355929478e+00  7.504338350340346686e+00  7.520965177922938061e+00
245 6126 1.541620e-02 2.815747e+02  7.473744335567890751e+00  7.473744335567890751e+00  7.503127065556964403e+00  7.515082272133494889e+00
246 6151 1.480036e-02 2.812697e+02  7.473744335567890751e+00  7.482083286120067456e+00  7.505413256642029296e+00  7.516463221778194814e+00
247 6176 1.417693e-02 2.831340e+02  7.473744335567890751e+00  7.488433032672012324e+00  7.505437203949298031e+00  7.520344824845530241e+00
248 6201 1.395469e-02 2.802356e+02  7.473744335567890751e+00  7.489891281438381121e+00  7.506542237005961127e+00  7.518560275284184691e+00
249 6226 1.400466e-02 2.712624e+02  7.473744335567890751e+00  7.485738341080809377e+00  7.503512982176342661e+00  7.516792695015737102e+00
250 6251 1.300507e-02 2.588656e+02  7.473744335567890751e+00  7.489131589925111854e+00  7.504618396356089072e+00  7.521427476740257134e+00
251 6276 1.260980e-02 2.780551e+02  7.473744335567890751e+00  7.486691757579492901e+00  7.501165775520527212e+00  7.525989167758403653e+00
252 6301 1.290949e-02 2.735603e+02  7.473744335567890751e+00  7.487168190508890042e+00  7.502293707847619508e+00  7.520687377903553461e+00
253 6326 1.328762e-02 2.723303e+02  7.473744335567890751e+00  7.480862934415151599e+00  7.503848936338781250e+00  7.515048515732983603e+00
254 6351 1.428451e-02 2.727197e+02  7.473744335567890751e+00  7.486619915536709691e+00  7.505962022015655322e+00  7.516510258781390341e+00
255 6376 1.402139e-02 2.716080e+02  7.473744335567890751e+00  7.492971376481189161e+00  7.503372955922180232e+00  7.516571124969208206e+00
256 6401 1.488094e-02 2.831303e+02  7.473744335567890751e+00  7.480130557489007792e+00  7.506677550455269632e+00  7.528946964752793569e+00
257 6426 1.714172e-02 2.699836e+02  7.473744335567890751e+00  7.483960123012359134e+00  7.500960355345504205e+00  7.516258463907326437e+00
258 6451 1.524300e-02 2.598277e+02  7.473744335567890751e+00  7.477406983115504779e+00  7.506441932540046658e+00  7.519759472666240896e+00
259 6476 1.342219e-02 2.708439e+02  7.473744335567890751e+00  7.487242519648638961e+00  7.500805934219819449e+00  7.510117054565954575e+00
260 6501 1.359791e-02 2.684821e+02  7.473744335567890751e+00  7.488844483076074532e+00  7.504400482106072801e+00  7.515269966761762177e+00
261 6526 1.386807e-02 2.672487e+02  7.473744335567890751e+00  7.484726671330576231e+00  7.503348551503186137e+00  7.518888777860845529e+00
262 6551 1.304742e-02 2.703696e+02  7.473744335567890751e+00  7.490628185001704686e+00  7.505764811605431852e+00  7.521469367332923817e+00
263 6576 1.227415e-02 2.991375e+02  7.473744335567890751e+00  7.491090220007963651e+00  7.506882651982506260e+00  7.520129731966165743e+00
264 6601 1.122620e-02 3.089897e+02  7.473744335567890751e+00  7.494296151127413985e+00  7.503687268418522294e+00  7.515698366379687023e+00
265 6626 1.102423e-02 3.150507e+02  7.473744335567890751e+00  7.489901815553725584e+00  7.506543736219525087e+00  7.516191809108118349e+00
266 6651 9.475658e-03 2.922603e+02  7.473744335567890751e+00  7.494357013580192017e+00  7.502371045610416012e+00  7.516330539087662466e+00
267 6676 8.566372e-03 3.018174e+02  7.473744335567890751e+00  7.481905749434087483e+00  7.507038091277410174e+00  7.520340194035711967e+00
268 6701 8.378947e-03 3.147679e+02  7.473744335567890751e+00  7.489395820530256209e+00  7.507920319590858149e+00  7.519303151759778814e+00
269 6726 8.153952e-03 3.204724e+02  7.473744335567890751e+00  7.492455656025802213e+00  7.505190172266862803e+00  7.516410131395107719e+00
270 6751 8.261687e-03 2.917481e+02  7.473744335567890751e+00  7.487318023141838808e+00  7.504069556903378846e+00  7.523650730100655437e+00
271 6776 8.221953e-03 2.753501e+02  7.473744335567890751e+00  7.492085056242075325e+00  7.503989223081738658e+00  7.527765578481777631e+00
272 6801 8.439345e-03 2.785738e+02  7.473744335567890751e+00  7.485910492074327571e+00  7.500670497920879143e+00  7.514378529388670458e+00
273 6826 8.802362e-03 3.081559e+02  7.473744335567890751e+00  7.483312391106416328e+00  7.501894245239709491e+00  7.520485462287607170e+00
274 6851 8.869267e-03 3.084673e+02  7.473744335567890751e+00  7.487608059149745365e+00  7.503202570661393622e+00  7.521956050838460861e+00
275 6876 8.645223e-03 3.137667e+02  7.473744335567890751e+00  7.487598428966983910e+00  7.502024494276425592e+00  7.514859864971888292e+00
276 6901 8.578666e-03 3.231407e+02  7.473744335567890751e+00  7.490583077653736765e+00  7.506415580316661895e+00  7.521860813608452823e+00
277 6926 7.438238e-03 3.314567e+02  7.473744335567890751e+00  7.490432298805831834e+00  7.503497030843325533e+00  7.519180431234632422e+00
278 6951 6.763403e-03 3.410372e+02  7.473744335567890751e+00  7.489130360075138881e+00  7.503436826013812677e+00  7.515899240246006308e+00
279 6976 7.029790e-03 3.415524e+02  7.473744335567890751e+00  7.483527973072088280e+00  7.506924550192345613e+00  7.519619984482108777e+00
280 7001 8.291918e-03 3.426815e+02  7.473744335567890751e+00  7.483632693181479389e+00  7.499438648762633441e+00  7.517106204016088533e+00
281 7026 9.108129e-03 3.399569e+02  7.473744335567890751e+00  7.489522188047328832e+00  7.501611441874951325e+00  7.521897310863571384e+00
282 7051 8.719127e-03 3.455101e+02  7.473744335567890751e+00  7.493982515769315178e+00  7.503897069517228680e+00  7.521267036284887020e+00
283 7076 8.652969e-03 3.242487e+02  7.473744335567890751e+00  7.490232009421835535e+00  7.507503606412690544e+00  7.524796722290545858e+00
284 7101 7.341183e-03 3.369781e+02  7.473744335567890751e+00  7.486498819231039548e+00  7.502186432429649443e+00  7.515436570824121532e+00
285 7126 6.701669e-03 3.276839e+02  7.473744335567890751e+00  7.486460038122147331e+00  7.504937699916575333e+00  7.524171507228983202e+00
286 7151 5.696452e-03 3.277273e+02  7.473744335567890751e+00  7.480616385644886179e+00  7.505007756786514328e+00  7.518207702375714341e+00
287 7176 5.922883e-03 3.392336e+02  7.473744335567890751e+00  7.484987129756231816e+00  7.505669949796081042e+00  7.519192896330299192e+00
288 7201 6.807299e-03 3.309164e+02  7.473744335567890751e+00  7.489968378324546983e+00  7.505138327319453850e+00  7.519470152572441002e+00
289 7226 7.053616e-03 3.378993e+02  7.473744335567890751e+00  7.490906647435505938e+00  7.502743004872344024e+00  7.513908786711270160e+00
290 7251 7.317408e-03 3.434289e+02  7.473744335567890751e+00  7.491180142800835107e+00  7.504181633619222858e+00  7.524392666272336605e+00
291 7276 7.221867e-03 3.604820e+02  7.473744335567890751e+00  7.487953961771314226e+00  7.506778067646671992e+00  7.521849296500043636e+00
292 7301 7.467143e-03 3.725815e+02  7.473744335567890751e+00  7.494192337364116163e+00  7.505033292810257883e+00  7.514512808582272108e+00
293 7326 7.513514e-03 3.710106e+02  7.473744335567890751e+00  7.493992162787851186e+00  7.504356317876553106e+00  7.518251418775325767e+00
294 7351 7.587659e-03 3.599470e+02  7.473744335567890751e+00  7.486515326047840091e+00  7.505274118994161192e+00  7.518352165491670291e+00
295 7376 7.065341e-03 3.377749e+02  7.473744335567890751e+00  7.481918153256390980e+00  7.505408205053842430e+00  7.526051350437952259e+00
296 7401 7.050453e-03 3.340520e+02  7.473744335567890751e+00  7.489668279045733179e+00  7.503772240583027830e+00  7.520574978883863615e+00
297 7426 7.283586e-03 3.425792e+02  7.473744335567890751e+00  7.484385497518878161e+00  7.500838756372873561e+00  7.515082417718634389e+00
298 7451 7.621839e-03 3.301689e+02  7.473744335567890751e+00  7.490041674462410093e+00  7.504112482634655912e+00  7.513055034747668337e+00
299 7476 8.143077e-03 3.331695e+02  7.473744335567890751e+00  7.486053233898383397e+00  7.501341490467670070e+00  7.520067329968939340e+00
300 7501 9.525468e-03 3.496076e+02  7.473744335567890751e+00  7.484052355555594005e+00  7.503787228684473121e+00  7.523023888994547548e+00
301 7526 1.026306e-02 3.738049e+02  7.473744335567890751e+00  7.490112659045833787e+00  7.503567540719995321e+00  7.517303883430591860e+00
302 7551 1.036422e-02 3.813449e+02  7.473744335567890751e+00  7.486611009234132474e+00  7.502711002689623321e+00  7.523548321243846537e+00
303 7576 1.106742e-02 3.801329e+02  7.473744335567890751e+00  7.490305243617216391e+00  7.504764027939130777e+00  7.519518761469359269e+00
304 7601 1.209120e-02 3.817455e+02  7.473744335567890751e+00  7.481281720156730763e+00  7.503730314791502209e+00  7.526646533274265138e+00
305 7626 1.313646e-02 4.083214e+02  7.473744335567890751e+00  7.490721259587699521e+00  7.508812012670921909e+00  7.523520551100967957e+00
306 7651 1.631371e-02 3.866955e+02  7.473744335567890751e+00  7.487186706489336707e+00  7.503919588053753920e+00  7.512796414886357965e+00
307 7676 1.619037e-02 3.900115e+02  7.473744335567890751e+00  7.486496133013668342e+00  7.506023246585141528e+00  7.517717868387837399e+00
308 7701 1.734851e-02 3.726085e+02  7.473744335567890751e+00  7.484735288169065193e+00  7.502372698996444100e+00  7.515801460486300378e+00
309 7726 1.856425e-02 3.749967e+02  7.473744335567890751e+00  7.484137203735429900e+00  7.501082075006257455e+00  7.513965148280314921e+00
310 7751 1.886851e-02 3.711041e+02  7.473744335567890751e+00  7.490972529474830388e+00  7.501864985910044581e+00  7.521164860748369207e+00
311 7776 2.011280e-02 3.722545e+02  7.473744335567890751e+00  7.485904873459945819e+00  7.501952559424229783e+00  7.519631194078734815e+00
312 7801 1.973408e-02 3.788463e+02  7.473744335567890751e+00  7.483821858449271502e+00  7.500706176298700179e+00  7.515627053289028581e+00
313 7826 2.202512e-02 3.776986e+02  7.473744335567890751e+00  7.487913110684794482e+00  7.503312005507902782e+00  7.522900725596388227e+00
314 7851 2.741098e-02 3.599359e+02  7.473744335567890751e+00  7.487685453631803156e+00  7.503352012152636696e+00  7.513788472097792770e+00
315 7876 2.820230e-02 3.609950e+02  7.473744335567890751e+00  7.488501673896649002e+00  7.504809337277468906e+00  7.520666952025205632e+00
316 7901 3.247403e-02 3.538858e+02  7.473744335567890751e+00  7.481337186050069477e+00  7.504502109276003807e+00  7.528212591213175209e+00
317 7926 3.316270e-02 3.514380e+02  7.473744335567890751e+00  7.487869289641730930e+00  7.503585116347611716e+00  7.519219110269903084e+00
318 7951 3.303091e-02 3.454538e+02  7.473744335567890751e+00  7.488688693720073175e+00  7.503363153750273185e+00  7.518003937927962177e+00
319 7976 3.431275e-02 3.471682e+02  7.473744335567890751e+00  7.486236170699014814e+00  7.503181298033818614e+00  7.516274040721438787e+00
320 8001 3.859940e-02 3.558102e+02  7.473744335567890751e+00  7.486971230010246003e+00  7.503833465403046077e+00  7.517141488937912897e+00
321 8026 4.005958e-02 3.422188e+02  7.473744335567890751e+00  7.483378691127996696e+00  7.503567513341421247e+00  7.512579293587807072e+00
322 8051 4.118748e-02 3.302984e+02  7.473744335567890751e+00  7.493819927284448568e+00  7.506756586477746573e+00  7.521226369586976546e+00
323 8076 3.939359e-02 3.298430e+02  7.473744335567890751e+00  7.492311831583426951e+00  7.504006343322211059e+00  7.520979251653346687e+00
324 8101 4.067975e-02 3.286180e+02  7.473744335567890751e+00  7.489536673895273111e+00  7.501279251658028890e+00  7.512835694282182786e+00
325 8126 4.282182e-02 3.292717e+02  7.473744335567890751e+00  7.484036280007837938e+00  7.505477635005537884e+00  7.516911405875950969e+00
326 8151 4.607388e-02 3.352818e+02  7.473744335567890751e+00  7.488223227522356140e+00  7.505060446297639132e+00  7.521954953956549339e+00
327 8176 5.187715e-02 3.295389e+02  7.473744335567890751e+00  7.493181715139915156e+00  7.504295537444074071e+00  7.511541951894196600e+00
328 8201 5.637746e-02 3.315931e+02  7.473744335567890751e+00  7.492246137141173712e+00  7.504025954151239297e+00  7.522314246513118974e+00
329 8226 5.993644e-02 3.210277e+02  7.473744335567890751e+00  7.491264082867483687e+00  7.505310478224802573e+00  7.521147150989451191e+00
330 8251 6.500275e-02 3.044656e+02  7.473744335567890751e+00  7.480797764496187163e+00  7.504794889654543333e+00  7.529799098971383664e+00
331 8276 6.533019e-02 3.068778e+02  7.473744335567890751e+00  7.491265768930541746e+00  7.506480460819081379e+00  7.521822317750100240e+00
332 8301 6.047180e-02 3.040994e+02  7.473744335567890751e+00  7.488848938069819106e+00  7.506682044293273570e+00  7.518717251354787301e+00
333 8326 5.590134e-02 3.242135e+02  7.473744335567890751e+00  7.491870045375762288e+00  7.506156780493729030e+00  7.524593903281501461e+00
334 8351 5.829451e-02 3.167095e+02  7.473744335567890751e+00  7.483865816751992917e+00  7.501982650780592010e+00  7.526475763340819469e+00
335 8376 5.396801e-02 3.131217e+02  7.473744335567890751e+00  7.482296947170731016e+00  7.503729312027334508e+00  7.520183710921806153e+00
336 8401 4.979527e-02 3.114495e+02  7.473744335567890751e+00  7.495915518452443749e+00  7.505889286564663365e+00  7.519518298673480317e+00
337 8426 5.258681e-02 3.070712e+02  7.473744335567890751e+00  7.491582857031333198e+00  7.504797844819193209e+00  7.525148759651925978e+00
338 8451 5.668730e-02 3.121661e+02  7.473744335567890751e+00  7.484207371571835132e+00  7.508563809056143512e+00  7.518188803995160541e+00
339 8476 5.751687e-02 3.072716e+02  7.473744335567890751e+00  7.485125156101749333e+00  7.504570166628159456e+00  7.517023516465351385e+00
340 8501 5.488812e-02 3.050264e+02  7.473744335567890751e+00  7.489281739402634308e+00  7.505093055117064260e+00  7.516586672225834320e+00
341 8526 5.387854e-02 3.075606e+02  7.473744335567890751e+00  7.494758585774243365e+00  7.500862139975321696e+00  7.524752462894970684e+00
342 8551 6.022332e-02 3.106008e+02  7.473744335567890751e+00  7.489100270259844372e+00  7.502319986764877768e+00  7.522843179318416063e+00
343 8576 5.904660e-02 3.009395e+02  7.473744335567890751e+00  7.485110198190739972e+00  7.504825343607637755e+00  7.519762453981271300e+00
344 8601 5.822131e-02 2.887334e+02  7.473744335567890751e+00  7.492227189584762748e+00  7.504405386552992496e+00  7.524163751126672572e+00
345 8626 5.185371e-02 2.862951e+02  7.473744335567890751e+00  7.488779765667722188e+00  7.503536079952191074e+00  7.516904706585636475e+00
346 8651 4.882997e-02 2.777997e+02  7.473744335567890751e+00  7.492288244347186321e+00  7.502887590625986647e+00  7.523828628952395015e+00
347 8676 4.067874e-02 2.705887e+02  7.473744335567890751e+00  7.491598848723936221e+00  7.502876423821292384e+00  7.521347483243472354e+00
348 8701 4.388914e-02 2.802226e+02  7.473744335567890751e+00  7.480790930503963487e+00  7.503981352410382222e+00  7.517322282344974127e+00
349 8726 4.338416e-02 2.792074e+02  7.473744335567890751e+00  7.486911711698754246e+00  7.503926089149589806e+00  7.530217334110136385e+00
350 8751 4.552675e-02 2.930048e+02  7.473744335567890751e+00  7.490038166080342563e+00  7.504357286560863649e+00  7.515281049865322416e+00
351 8776 4.552758e-02 2.974275e+02  7.473744335567890751e+00  7.483330646108345974e+00  7.504331375313565644e+00  7.519617374342508320e+00
352 8801 4.855447e-02 2.966894e+02  7.473744335567890751e+00  7.487394311421233795e+00  7.505643387492411556e+00  7.526621349773636283e+00
353 8826 5.213367e-02 2.936293e+02  7.473744335567890751e+00  7.488990745843263852e+00  7.505563918034856563e+00  7.520623033504844734e+00
354 8851 4.810166e-02 2.869677e+02  7.473744335567890751e+00  7.493150559992950654e+00  7.504824968628833304e+00  7.519150884883692321e+00
355 8876 4.558666e-02 2.929941e+02  7.473744335567890751e+00  7.492967529392791093e+00  7.504910047261144079e+00  7.521320396405477560e+00
356 8901 4.863697e-02 3.166104e+02  7.473744335567890751e+00  7.490448061044491013e+00  7.500760351048838537e+00  7.520426369190102101e+00
357 8926 5.151012e-02 3.132525e+02  7.473744335567890751e+00  7.491739748694031142e+00  7.502177990755673598e+00  7.517528159253146214e+00
358 8951 5.335146e-02 3.396943e+02  7.473744335567890751e+00  7.493408799869254011e+00  7.504154647659681210e+00  7.519939589286606996e+00
359 8976 4.987471e-02 3.411878e+02  7.473744335567890751e+00  7.485490657251832936e+00  7.504444570438598028e+00  7.522534738845793711e+00
360 9001 5.052489e-02 3.441796e+02  7.473744335567890751e+00  7.493264624946921693e+00  7.504706429248559019e+00  7.519998549391735843e+00
361 9026 4.890443e-02 3.581818e+02  7.473744335567890751e+00  7.487526676321051511e+00  7.502052277187509333e+00  7.520078286668590906e+00
362 9051 4.927612e-02 3.557244e+02  7.473744335567890751e+00  7.483018094868960191e+00  7.503770828539701121e+00  7.514401762384215644e+00
363 9076 4.893086e-02 3.520805e+02  7.473744335567890751e+00  7.492039568704276675e+00  7.500090042132803170e+00  7.515675463217578844e+00
364 9101 4.548861e-02 3.420100e+02  7.473744335567890751e+00  7.494507830056452491e+00  7.504057420015431745e+00  7.514813678755145610e+00
365 9126 4.370579e-02 3.516133e+02  7.473744335567890751e+00  7.491996070981576494e+00  7.505717459875183017e+00  7.526251206877653921e+00
366 9151 4.779757e-02 3.392248e+02  7.473744335567890751e+00  7.485669710199554849e+00  7.496184597640472624e+00  7.522011408648830333e+00
367 9176 5.221019e-02 3.401066e+02  7.473744335567890751e+00  7.492854924779488002e+00  7.502162998196607369e+00  7.513327334623681075e+00
368 9201 5.037802e-02 3.389788e+02  7.473744335567890751e+00  7.479820841033938628e+00  7.502972444465166646e+00  7.518311496642411385e+00
369 9226 4.901159e-02 3.261007e+02  7.473744335567890751e+00  7.483168792188394036e+00  7.504880060076511761e+00  7.519730000245121282e+00
370 9251 4.892641e-02 3.237273e+02  7.473744335567890751e+00  7.492455717860218023e+00  7.505467904262725476e+00  7.521593956097287759e+00
371 9276 4.909379e-02 3.350335e+02  7.473744335567890751e+00  7.482393953690551491e+00  7.501909241323692967e+00  7.529582887658026635e+00
372 9301 5.315120e-02 3.373313e+02  7.473744335567890751e+00  7.483728514873302373e+00  7.502432461140971398e+00  7.526179324879669785e+00
373 9326 6.245992e-02 3.341336e+02  7.473744335567890751e+00  7.489192137322774556e+00  7.500586956725134868e+00  7.515469544616411035e+00
374 9351 7.001745e-02 3.313054e+02  7.473744335567890751e+00  7.485407566173930327e+00  7.500931351886308107e+00  7.522833940073288872e+00
375 9376 8.158034e-02 3.218554e+02  7.473744335567890751e+00  7.483841347488909612e+00  7.505837901724182970e+00  7.524652284921512724e+00
376 9401 8.349127e-02 3.185543e+02  7.473744335567890751e+00  7.488035201539084973e+00  7.504105399054892267e+00  7.522084660114671806e+00
377 9426 7.507542e-02 3.179077e+02  7.473744335567890751e+00  7.484625847763631157e+00  7.503829021730563653e+00  7.521933281626035139e+00
378 9451 6.708876e-02 3.248713e+02  7.473744335567890751e+00  7.492625814053258892e+00  7.504561004314071582e+00  7.524578557918906618e+00
