%  columns="iteration, evaluation, void, void, void, xmean" (startseed=211973, 2015/08/21 11:39:25.73)
0 1 0 0 0 1.000000e+00 1.000000e+00 1.000000e+00 1.000000e+00 1.000000e+00 1.000000e+00 1.000000e+00 1.000000e+00 1.000000e+00 
1 26 0 0 0 1.142248e+00 8.637226e-01 1.243716e+00 9.458064e-01 1.562539e+00 1.176090e+00 2.425426e+00 5.599661e-01 1.053881e+00 
2 51 0 0 0 1.072287e+00 8.091360e-01 1.152014e+00 9.073833e-01 1.698119e+00 1.122316e+00 2.096978e+00 7.690755e-01 9.732920e-01 
3 76 0 0 0 1.030849e+00 7.455031e-01 1.494294e+00 9.051877e-01 2.065814e+00 1.038298e+00 5.317030e+00 5.053523e-01 9.130511e-01 
4 101 0 0 0 9.398738e-01 5.075920e-01 1.770178e+00 7.882366e-01 2.044403e+00 7.864580e-01 9.057931e+00 5.451591e-01 8.332358e-01 
5 126 0 0 0 8.749504e-01 4.968186e-01 1.995760e+00 8.597922e-01 2.373007e+00 8.041552e-01 1.096817e+01 5.523657e-01 7.297980e-01 
6 151 0 0 0 6.493507e-01 4.056993e-01 2.321652e+00 6.439870e-01 2.359635e+00 6.117316e-01 9.519186e+00 7.218293e-01 7.110909e-01 
7 176 0 0 0 4.253918e-01 5.765312e-01 2.232149e+00 7.286890e-01 2.077188e+00 7.118434e-01 7.960884e+00 5.809680e-01 7.617383e-01 
8 201 0 0 0 2.758307e-01 8.084586e-01 2.276787e+00 5.377632e-01 2.119659e+00 5.989969e-01 8.690574e+00 4.208131e-01 8.618455e-01 
9 226 0 0 0 2.861496e-01 9.245261e-01 1.839764e+00 3.408679e-01 2.250224e+00 5.748778e-01 1.006039e+01 4.619384e-01 6.783751e-01 
10 251 0 0 0 3.455692e-01 7.778367e-01 2.080338e+00 5.572858e-01 2.653683e+00 5.256489e-01 1.125922e+01 5.272418e-01 8.051284e-01 
11 276 0 0 0 1.597136e-01 8.977784e-01 2.470123e+00 5.774542e-01 2.405472e+00 6.331522e-01 9.853289e+00 6.830510e-01 8.748918e-01 
12 301 0 0 0 1.500182e-01 1.046589e+00 3.020097e+00 5.687117e-01 2.305699e+00 6.155412e-01 1.111031e+01 7.163927e-01 9.095984e-01 
13 326 0 0 0 2.596841e-01 1.072056e+00 3.001897e+00 4.708316e-01 2.323597e+00 5.609537e-01 1.101996e+01 8.143433e-01 8.155563e-01 
14 351 0 0 0 2.785300e-01 9.032854e-01 2.996502e+00 4.406720e-01 2.293789e+00 5.941080e-01 1.082113e+01 6.802859e-01 8.648710e-01 
15 376 0 0 0 2.325581e-01 7.605899e-01 3.071373e+00 3.999441e-01 2.236528e+00 5.827533e-01 1.177767e+01 4.363104e-01 9.144013e-01 
16 401 0 0 0 2.098456e-01 5.420069e-01 2.958935e+00 3.875687e-01 2.107999e+00 7.120140e-01 1.188288e+01 2.771509e-01 9.190657e-01 
17 426 0 0 0 1.491679e-01 6.860339e-01 2.961483e+00 2.841548e-01 1.851430e+00 6.863674e-01 1.119262e+01 5.226490e-01 8.717597e-01 
18 451 0 0 0 1.862596e-01 8.517611e-01 3.368592e+00 3.004797e-01 2.091115e+00 6.400026e-01 1.155945e+01 3.905631e-01 8.805907e-01 
19 476 0 0 0 1.557273e-01 1.061282e+00 2.970679e+00 1.765038e-01 2.134418e+00 5.551504e-01 1.205462e+01 4.554567e-01 7.943405e-01 
20 501 0 0 0 1.614109e-01 8.913616e-01 2.648747e+00 1.823390e-01 2.077170e+00 5.642039e-01 9.893902e+00 4.479953e-01 7.660438e-01 
21 526 0 0 0 1.481519e-01 9.880708e-01 2.504244e+00 1.005257e-01 2.167106e+00 6.315677e-01 1.096985e+01 4.711319e-01 7.907520e-01 
22 551 0 0 0 8.592494e-02 1.122879e+00 2.442619e+00 1.505771e-01 2.318545e+00 6.617732e-01 1.177684e+01 2.912346e-01 8.109392e-01 
23 576 0 0 0 1.209925e-01 1.071328e+00 2.573351e+00 2.215327e-01 2.111035e+00 6.673709e-01 1.218165e+01 3.211038e-01 8.187083e-01 
24 601 0 0 0 1.789793e-01 1.081696e+00 2.760906e+00 2.358394e-01 2.078472e+00 6.079589e-01 1.235910e+01 1.857294e-01 8.548592e-01 
25 626 0 0 0 1.609974e-01 1.217973e+00 2.732972e+00 1.993052e-01 2.079474e+00 5.828904e-01 1.170010e+01 1.486022e-01 8.599415e-01 
26 651 0 0 0 1.382166e-01 1.119169e+00 2.750368e+00 2.373592e-01 1.937003e+00 5.816091e-01 1.061972e+01 2.103875e-01 8.537157e-01 
27 676 0 0 0 1.427168e-01 1.124541e+00 2.783043e+00 1.794261e-01 1.802988e+00 6.564137e-01 1.077110e+01 1.680873e-01 8.606262e-01 
28 701 0 0 0 1.320054e-01 1.067899e+00 2.958805e+00 2.445037e-01 2.001544e+00 6.665778e-01 1.086098e+01 1.477337e-01 9.177600e-01 
29 726 0 0 0 1.459145e-01 9.546518e-01 3.006801e+00 2.724069e-01 2.127251e+00 6.861104e-01 1.209064e+01 1.567502e-01 9.578217e-01 
30 751 0 0 0 1.257153e-01 1.004145e+00 3.076735e+00 2.572020e-01 2.234757e+00 6.486676e-01 1.176150e+01 1.813014e-01 9.366062e-01 
31 776 0 0 0 1.224480e-01 9.340832e-01 3.196124e+00 2.674121e-01 2.248965e+00 6.527092e-01 1.233712e+01 1.891712e-01 9.297326e-01 
32 801 0 0 0 1.173350e-01 9.758091e-01 3.120952e+00 2.265565e-01 2.059125e+00 6.111477e-01 1.126521e+01 1.933537e-01 9.036721e-01 
33 826 0 0 0 9.700735e-02 9.680023e-01 3.190375e+00 2.240588e-01 2.063868e+00 6.009557e-01 1.138991e+01 1.648163e-01 9.258182e-01 
34 851 0 0 0 8.728080e-02 9.334785e-01 3.168891e+00 2.488393e-01 1.977390e+00 5.999275e-01 1.061957e+01 2.178045e-01 9.079873e-01 
35 876 0 0 0 1.246065e-01 9.390757e-01 3.026146e+00 1.789279e-01 2.011246e+00 6.502400e-01 1.113053e+01 1.955913e-01 9.072864e-01 
36 901 0 0 0 1.052507e-01 8.833005e-01 2.938951e+00 1.781184e-01 2.077381e+00 6.948769e-01 1.133521e+01 2.592263e-01 9.093277e-01 
37 926 0 0 0 8.697328e-02 9.445621e-01 3.140050e+00 2.161661e-01 2.098247e+00 6.389816e-01 1.154499e+01 2.584074e-01 9.198483e-01 
38 951 0 0 0 7.276376e-02 9.469705e-01 3.169243e+00 2.222458e-01 2.075843e+00 6.241514e-01 1.160651e+01 2.885606e-01 9.300091e-01 
39 976 0 0 0 7.865123e-02 9.146073e-01 3.075148e+00 2.080672e-01 2.144246e+00 6.648337e-01 1.185075e+01 2.953360e-01 9.330242e-01 
40 1001 0 0 0 9.013666e-02 9.637787e-01 3.112704e+00 1.915151e-01 2.108163e+00 6.341891e-01 1.163493e+01 2.703225e-01 9.084185e-01 
41 1026 0 0 0 1.021181e-01 9.668023e-01 3.057943e+00 1.758706e-01 2.184448e+00 6.548575e-01 1.206055e+01 2.677601e-01 9.129861e-01 
42 1051 0 0 0 1.072253e-01 9.582048e-01 3.015410e+00 1.638503e-01 2.200012e+00 6.431114e-01 1.210208e+01 2.771110e-01 9.051253e-01 
43 1076 0 0 0 1.054746e-01 9.650477e-01 2.973200e+00 1.816470e-01 2.245765e+00 6.673901e-01 1.242854e+01 2.790143e-01 8.990823e-01 
44 1101 0 0 0 1.015071e-01 9.645924e-01 2.924222e+00 1.639074e-01 2.201964e+00 6.728071e-01 1.197325e+01 2.943259e-01 8.812712e-01 
45 1126 0 0 0 1.012302e-01 9.570660e-01 2.979455e+00 1.759491e-01 2.200957e+00 6.953723e-01 1.205221e+01 2.901537e-01 8.944706e-01 
46 1151 0 0 0 1.105990e-01 9.516357e-01 3.011927e+00 1.682358e-01 2.180936e+00 7.051788e-01 1.182399e+01 2.668104e-01 8.980844e-01 
47 1176 0 0 0 1.287916e-01 9.530166e-01 2.970236e+00 1.703778e-01 2.259635e+00 7.344102e-01 1.195410e+01 2.493918e-01 9.074808e-01 
48 1201 0 0 0 1.287454e-01 9.698509e-01 3.095063e+00 1.743127e-01 2.277732e+00 7.101330e-01 1.184403e+01 2.483389e-01 9.276732e-01 
49 1226 0 0 0 1.185606e-01 9.260965e-01 2.949126e+00 1.919541e-01 2.242502e+00 7.306799e-01 1.162631e+01 2.506574e-01 9.170770e-01 
50 1251 0 0 0 1.253260e-01 9.418322e-01 2.896756e+00 1.863541e-01 2.254545e+00 7.365140e-01 1.175238e+01 2.422803e-01 9.210373e-01 
51 1276 0 0 0 1.257551e-01 9.336610e-01 2.793638e+00 1.856442e-01 2.265580e+00 7.757698e-01 1.147069e+01 2.430399e-01 9.268747e-01 
52 1301 0 0 0 1.407899e-01 9.187038e-01 2.796811e+00 1.885972e-01 2.288168e+00 7.873615e-01 1.170715e+01 2.146131e-01 9.215654e-01 
53 1326 0 0 0 1.329103e-01 9.415363e-01 2.719231e+00 2.061468e-01 2.311048e+00 7.874920e-01 1.184571e+01 2.051332e-01 9.132815e-01 
54 1351 0 0 0 1.227398e-01 9.124913e-01 2.754796e+00 2.160395e-01 2.302229e+00 7.697522e-01 1.155859e+01 2.200340e-01 9.150186e-01 
55 1376 0 0 0 1.125947e-01 9.139643e-01 2.724700e+00 2.163261e-01 2.267981e+00 7.733528e-01 1.119988e+01 2.210335e-01 9.138663e-01 
56 1401 0 0 0 1.002045e-01 8.971841e-01 2.735880e+00 2.295021e-01 2.273065e+00 7.929654e-01 1.122930e+01 2.474264e-01 9.238433e-01 
57 1426 0 0 0 9.083593e-02 9.088861e-01 2.843418e+00 2.343448e-01 2.299400e+00 7.799345e-01 1.162695e+01 2.794573e-01 9.370238e-01 
58 1451 0 0 0 9.107403e-02 9.109966e-01 2.892879e+00 2.527566e-01 2.344185e+00 7.752437e-01 1.150424e+01 2.690903e-01 9.438014e-01 
59 1476 0 0 0 1.016688e-01 8.846127e-01 2.958462e+00 2.475824e-01 2.340787e+00 7.892144e-01 1.170022e+01 2.705660e-01 9.538318e-01 
60 1501 0 0 0 1.054930e-01 8.718362e-01 3.020786e+00 2.426227e-01 2.356102e+00 7.849352e-01 1.182243e+01 2.669241e-01 9.721450e-01 
61 1526 0 0 0 9.438189e-02 8.479743e-01 2.976887e+00 2.797591e-01 2.329523e+00 7.883382e-01 1.173212e+01 2.581608e-01 9.742803e-01 
62 1551 0 0 0 1.008033e-01 8.419225e-01 3.048136e+00 2.763145e-01 2.279889e+00 7.718255e-01 1.136649e+01 2.339158e-01 9.764814e-01 
63 1576 0 0 0 1.003350e-01 8.676055e-01 3.119475e+00 2.746689e-01 2.313901e+00 7.680328e-01 1.145662e+01 2.458915e-01 9.864896e-01 
64 1601 0 0 0 9.170637e-02 8.431423e-01 3.019002e+00 2.660817e-01 2.324825e+00 8.038702e-01 1.156385e+01 2.804418e-01 9.961508e-01 
65 1626 0 0 0 9.084373e-02 8.531238e-01 3.071126e+00 2.609560e-01 2.330849e+00 8.035729e-01 1.153405e+01 2.951412e-01 1.008712e+00 
66 1651 0 0 0 9.652951e-02 8.354177e-01 2.979474e+00 2.498518e-01 2.301128e+00 8.268496e-01 1.151979e+01 2.856044e-01 1.006029e+00 
67 1676 0 0 0 9.082936e-02 8.656465e-01 2.934995e+00 2.496593e-01 2.298236e+00 8.315968e-01 1.120884e+01 2.877541e-01 1.005728e+00 
68 1701 0 0 0 1.008443e-01 9.188775e-01 2.959983e+00 2.432856e-01 2.287845e+00 8.065313e-01 1.122967e+01 2.519949e-01 9.944822e-01 
69 1726 0 0 0 9.716321e-02 9.256900e-01 2.914726e+00 2.459390e-01 2.288363e+00 8.215998e-01 1.133552e+01 2.659795e-01 9.987933e-01 
70 1751 0 0 0 1.015001e-01 9.201078e-01 3.028416e+00 2.481523e-01 2.346404e+00 8.336818e-01 1.174814e+01 2.744853e-01 1.015816e+00 
71 1776 0 0 0 1.079704e-01 9.679696e-01 3.126825e+00 2.436708e-01 2.355313e+00 7.932691e-01 1.187342e+01 2.546581e-01 1.015139e+00 
72 1801 0 0 0 1.205317e-01 9.599705e-01 3.146102e+00 2.389649e-01 2.390478e+00 7.830616e-01 1.224202e+01 2.445292e-01 1.017519e+00 
73 1826 0 0 0 1.125878e-01 9.705650e-01 3.180017e+00 2.432110e-01 2.385710e+00 7.828955e-01 1.251663e+01 2.618971e-01 1.022019e+00 
74 1851 0 0 0 1.161660e-01 9.224985e-01 3.093058e+00 2.418640e-01 2.421212e+00 8.072709e-01 1.277096e+01 2.713861e-01 1.018038e+00 
75 1876 0 0 0 1.171766e-01 9.302873e-01 3.139185e+00 2.455271e-01 2.464319e+00 8.215605e-01 1.287956e+01 2.759644e-01 1.027140e+00 
76 1901 0 0 0 1.223255e-01 8.949132e-01 3.195118e+00 2.464609e-01 2.542883e+00 8.301318e-01 1.325446e+01 2.948537e-01 1.037516e+00 
77 1926 0 0 0 1.223345e-01 8.692550e-01 3.201932e+00 2.399454e-01 2.512028e+00 8.056368e-01 1.323584e+01 2.932563e-01 1.013516e+00 
78 1951 0 0 0 1.125351e-01 8.267606e-01 3.251936e+00 2.631055e-01 2.535036e+00 8.045196e-01 1.330444e+01 3.118041e-01 1.015481e+00 
79 1976 0 0 0 1.136059e-01 8.741271e-01 3.303392e+00 2.637166e-01 2.564341e+00 7.923825e-01 1.339556e+01 3.105217e-01 1.021506e+00 
80 2001 0 0 0 1.203984e-01 8.990585e-01 3.389686e+00 2.647157e-01 2.605709e+00 7.844027e-01 1.344920e+01 3.012901e-01 1.030180e+00 
81 2026 0 0 0 1.203150e-01 8.532658e-01 3.457415e+00 2.697790e-01 2.629675e+00 7.932494e-01 1.355196e+01 3.138267e-01 1.041278e+00 
82 2051 0 0 0 1.264296e-01 8.454390e-01 3.413829e+00 2.693046e-01 2.654179e+00 7.958961e-01 1.390032e+01 3.073318e-01 1.029772e+00 
83 2076 0 0 0 1.211322e-01 8.185781e-01 3.499674e+00 2.812661e-01 2.689823e+00 7.715092e-01 1.403904e+01 3.241591e-01 1.034947e+00 
84 2101 0 0 0 1.218578e-01 8.390277e-01 3.471761e+00 2.675544e-01 2.633412e+00 7.749181e-01 1.392637e+01 3.137185e-01 1.026674e+00 
85 2126 0 0 0 1.280248e-01 8.357124e-01 3.597930e+00 2.805046e-01 2.716003e+00 7.685774e-01 1.436200e+01 3.163123e-01 1.042739e+00 
86 2151 0 0 0 1.291750e-01 8.449467e-01 3.564080e+00 2.819949e-01 2.705877e+00 7.643401e-01 1.419548e+01 3.043629e-01 1.040531e+00 
87 2176 0 0 0 1.333441e-01 8.762515e-01 3.578464e+00 2.858151e-01 2.733347e+00 7.619015e-01 1.444380e+01 2.904015e-01 1.041171e+00 
88 2201 0 0 0 1.333438e-01 8.720162e-01 3.560727e+00 2.922411e-01 2.749660e+00 7.656485e-01 1.442447e+01 2.892012e-01 1.040418e+00 
89 2226 0 0 0 1.244652e-01 8.659361e-01 3.474029e+00 3.034495e-01 2.721620e+00 7.834858e-01 1.409953e+01 2.901230e-01 1.043030e+00 
90 2251 0 0 0 1.241134e-01 8.734709e-01 3.478676e+00 3.048914e-01 2.736225e+00 7.780019e-01 1.418893e+01 2.918493e-01 1.040896e+00 
91 2276 0 0 0 1.232361e-01 8.614749e-01 3.596739e+00 3.193261e-01 2.801570e+00 7.533064e-01 1.468229e+01 3.040582e-01 1.045681e+00 
92 2301 0 0 0 1.228244e-01 8.420817e-01 3.628082e+00 3.262628e-01 2.799928e+00 7.472656e-01 1.457064e+01 3.040331e-01 1.052426e+00 
93 2326 0 0 0 1.157158e-01 8.428888e-01 3.615862e+00 3.294014e-01 2.789068e+00 7.312490e-01 1.456635e+01 3.092012e-01 1.047435e+00 
94 2351 0 0 0 1.216399e-01 8.390733e-01 3.613196e+00 3.177507e-01 2.820655e+00 7.329958e-01 1.474969e+01 3.161306e-01 1.044558e+00 
95 2376 0 0 0 1.182608e-01 8.622198e-01 3.620037e+00 3.234984e-01 2.838871e+00 7.350837e-01 1.479563e+01 3.185583e-01 1.051566e+00 
96 2401 0 0 0 1.188108e-01 8.684930e-01 3.573812e+00 3.241317e-01 2.849736e+00 7.502996e-01 1.469272e+01 3.187179e-01 1.053518e+00 
97 2426 0 0 0 1.178838e-01 8.610372e-01 3.558115e+00 3.281503e-01 2.850028e+00 7.664098e-01 1.468936e+01 3.228356e-01 1.053598e+00 
98 2451 0 0 0 1.191587e-01 8.672046e-01 3.514710e+00 3.154216e-01 2.806559e+00 7.776623e-01 1.464743e+01 3.199879e-01 1.054383e+00 
99 2476 0 0 0 1.174823e-01 8.625415e-01 3.444925e+00 3.153280e-01 2.794841e+00 7.896504e-01 1.457740e+01 3.200947e-01 1.055445e+00 
100 2501 0 0 0 1.187200e-01 8.681654e-01 3.407751e+00 3.058966e-01 2.779758e+00 7.984972e-01 1.453787e+01 3.224272e-01 1.056441e+00 
101 2526 0 0 0 1.203789e-01 8.801994e-01 3.369374e+00 3.057568e-01 2.800656e+00 8.107055e-01 1.448929e+01 3.197578e-01 1.056348e+00 
102 2551 0 0 0 1.235930e-01 9.034574e-01 3.368245e+00 3.048168e-01 2.775720e+00 8.092700e-01 1.422168e+01 2.984345e-01 1.056648e+00 
103 2576 0 0 0 1.222866e-01 9.147752e-01 3.351627e+00 3.054878e-01 2.773247e+00 8.142069e-01 1.419272e+01 2.992079e-01 1.058743e+00 
104 2601 0 0 0 1.245452e-01 9.179203e-01 3.355783e+00 3.093369e-01 2.776118e+00 8.063955e-01 1.409017e+01 2.860376e-01 1.054714e+00 
105 2626 0 0 0 1.232609e-01 8.802025e-01 3.324743e+00 3.113492e-01 2.781038e+00 8.201842e-01 1.409099e+01 2.983338e-01 1.059427e+00 
106 2651 0 0 0 1.220340e-01 8.706263e-01 3.345471e+00 3.142698e-01 2.790782e+00 8.132521e-01 1.422795e+01 3.048146e-01 1.060249e+00 
107 2676 0 0 0 1.179033e-01 8.665470e-01 3.332004e+00 3.160781e-01 2.764651e+00 8.110055e-01 1.422684e+01 3.061025e-01 1.052876e+00 
108 2701 0 0 0 1.174651e-01 8.768963e-01 3.336871e+00 3.151206e-01 2.775074e+00 8.089901e-01 1.423510e+01 3.080706e-01 1.054885e+00 
109 2726 0 0 0 1.174955e-01 8.946278e-01 3.339576e+00 3.120137e-01 2.776973e+00 8.112882e-01 1.421539e+01 3.082108e-01 1.057090e+00 
110 2751 0 0 0 1.191117e-01 9.061532e-01 3.341059e+00 3.098373e-01 2.782659e+00 8.113310e-01 1.421264e+01 3.043780e-01 1.059353e+00 
111 2776 0 0 0 1.186503e-01 9.168656e-01 3.325955e+00 3.081217e-01 2.769262e+00 8.156812e-01 1.416288e+01 3.005301e-01 1.059645e+00 
112 2801 0 0 0 1.174585e-01 9.153126e-01 3.327428e+00 3.140886e-01 2.781587e+00 8.143215e-01 1.423660e+01 3.023122e-01 1.060316e+00 
113 2826 0 0 0 1.187812e-01 9.146740e-01 3.340952e+00 3.154683e-01 2.814360e+00 8.143340e-01 1.434889e+01 3.073595e-01 1.062821e+00 
114 2851 0 0 0 1.190557e-01 9.117000e-01 3.317893e+00 3.093969e-01 2.785695e+00 8.198678e-01 1.419655e+01 3.052132e-01 1.062572e+00 
115 2876 0 0 0 1.181293e-01 9.098627e-01 3.290589e+00 3.068442e-01 2.772306e+00 8.287126e-01 1.412400e+01 3.070939e-01 1.061755e+00 
116 2901 0 0 0 1.175204e-01 9.069517e-01 3.279257e+00 3.070593e-01 2.774722e+00 8.367863e-01 1.411438e+01 3.103284e-01 1.063432e+00 
117 2926 0 0 0 1.146063e-01 9.128835e-01 3.268125e+00 3.016894e-01 2.753763e+00 8.371857e-01 1.414780e+01 3.170482e-01 1.061831e+00 
118 2951 0 0 0 1.133397e-01 9.022973e-01 3.227842e+00 3.054563e-01 2.746576e+00 8.452402e-01 1.410760e+01 3.164532e-01 1.060501e+00 
119 2976 0 0 0 1.136781e-01 9.086188e-01 3.211165e+00 3.039211e-01 2.741829e+00 8.479251e-01 1.410319e+01 3.142742e-01 1.061738e+00 
120 3001 0 0 0 1.123811e-01 9.106928e-01 3.223060e+00 3.043512e-01 2.756844e+00 8.440689e-01 1.412728e+01 3.202123e-01 1.062251e+00 
121 3026 0 0 0 1.114041e-01 9.079884e-01 3.175181e+00 3.058759e-01 2.745358e+00 8.508192e-01 1.396639e+01 3.168129e-01 1.061504e+00 
122 3051 0 0 0 1.131052e-01 9.137308e-01 3.201279e+00 3.031102e-01 2.757566e+00 8.488075e-01 1.410819e+01 3.186777e-01 1.061775e+00 
123 3076 0 0 0 1.137318e-01 9.082917e-01 3.220143e+00 3.022162e-01 2.753305e+00 8.443247e-01 1.412982e+01 3.186045e-01 1.061232e+00 
124 3101 0 0 0 1.122878e-01 9.040728e-01 3.223397e+00 3.016087e-01 2.742203e+00 8.451315e-01 1.413276e+01 3.222345e-01 1.062230e+00 
125 3126 0 0 0 1.125782e-01 9.094894e-01 3.236685e+00 2.992755e-01 2.742532e+00 8.428051e-01 1.418697e+01 3.236660e-01 1.062397e+00 
126 3151 0 0 0 1.133550e-01 9.124143e-01 3.238119e+00 3.006638e-01 2.751993e+00 8.448180e-01 1.421089e+01 3.229016e-01 1.063148e+00 
127 3176 0 0 0 1.137888e-01 9.116215e-01 3.253306e+00 3.015819e-01 2.755042e+00 8.435767e-01 1.418881e+01 3.215043e-01 1.063350e+00 
128 3201 0 0 0 1.137562e-01 9.055335e-01 3.263276e+00 3.030036e-01 2.754877e+00 8.417336e-01 1.413700e+01 3.212506e-01 1.063918e+00 
129 3226 0 0 0 1.136461e-01 9.068026e-01 3.286167e+00 3.046062e-01 2.759947e+00 8.341768e-01 1.415898e+01 3.207247e-01 1.064013e+00 
130 3251 0 0 0 1.134399e-01 9.116512e-01 3.289284e+00 3.065235e-01 2.762415e+00 8.345625e-01 1.419916e+01 3.199090e-01 1.063728e+00 
131 3276 0 0 0 1.134733e-01 9.062268e-01 3.321213e+00 3.099051e-01 2.771430e+00 8.282299e-01 1.420648e+01 3.200794e-01 1.063862e+00 
132 3301 0 0 0 1.142289e-01 9.101753e-01 3.356602e+00 3.094362e-01 2.774626e+00 8.207474e-01 1.424778e+01 3.186618e-01 1.063857e+00 
133 3326 0 0 0 1.143056e-01 9.141325e-01 3.358422e+00 3.085651e-01 2.782769e+00 8.193282e-01 1.422461e+01 3.196076e-01 1.063546e+00 
134 3351 0 0 0 1.140684e-01 9.105277e-01 3.373428e+00 3.082796e-01 2.776188e+00 8.183012e-01 1.422405e+01 3.207736e-01 1.063473e+00 
135 3376 0 0 0 1.130189e-01 9.017452e-01 3.380078e+00 3.080144e-01 2.774171e+00 8.156645e-01 1.423586e+01 3.250728e-01 1.063999e+00 
136 3401 0 0 0 1.132557e-01 8.977616e-01 3.370740e+00 3.076151e-01 2.771252e+00 8.179615e-01 1.423813e+01 3.251605e-01 1.064106e+00 
137 3426 0 0 0 1.136232e-01 9.032236e-01 3.354381e+00 3.043412e-01 2.771743e+00 8.216268e-01 1.424297e+01 3.261377e-01 1.063558e+00 
138 3451 0 0 0 1.147346e-01 9.026270e-01 3.361284e+00 3.040706e-01 2.782632e+00 8.199528e-01 1.427247e+01 3.263466e-01 1.063818e+00 
139 3476 0 0 0 1.153836e-01 9.018157e-01 3.376527e+00 3.023297e-01 2.787084e+00 8.169563e-01 1.427501e+01 3.276517e-01 1.064001e+00 
140 3501 0 0 0 1.145791e-01 8.983967e-01 3.369233e+00 3.038518e-01 2.785013e+00 8.175505e-01 1.426513e+01 3.281183e-01 1.063597e+00 
141 3526 0 0 0 1.140682e-01 9.019294e-01 3.369867e+00 3.037293e-01 2.778713e+00 8.193680e-01 1.423738e+01 3.278932e-01 1.064186e+00 
142 3551 0 0 0 1.144795e-01 9.028825e-01 3.374426e+00 3.031283e-01 2.777134e+00 8.175078e-01 1.418887e+01 3.263517e-01 1.064144e+00 
143 3576 0 0 0 1.145297e-01 9.056247e-01 3.355016e+00 3.033004e-01 2.774703e+00 8.223776e-01 1.417161e+01 3.244977e-01 1.064135e+00 
144 3601 0 0 0 1.151804e-01 9.063967e-01 3.344213e+00 3.019945e-01 2.770794e+00 8.240020e-01 1.413797e+01 3.223624e-01 1.064079e+00 
145 3626 0 0 0 1.160372e-01 9.072360e-01 3.356091e+00 3.014545e-01 2.777543e+00 8.209121e-01 1.414078e+01 3.217493e-01 1.064249e+00 
146 3651 0 0 0 1.159343e-01 9.056033e-01 3.344441e+00 3.003174e-01 2.779185e+00 8.232176e-01 1.417025e+01 3.240284e-01 1.064158e+00 
147 3676 0 0 0 1.161502e-01 9.104276e-01 3.345684e+00 2.990503e-01 2.774952e+00 8.225623e-01 1.415976e+01 3.225265e-01 1.064397e+00 
148 3701 0 0 0 1.155771e-01 9.111236e-01 3.343920e+00 2.986582e-01 2.775231e+00 8.224163e-01 1.417567e+01 3.242470e-01 1.064317e+00 
149 3726 0 0 0 1.143854e-01 9.079275e-01 3.349978e+00 3.002400e-01 2.771719e+00 8.209283e-01 1.418326e+01 3.259656e-01 1.064319e+00 
150 3751 0 0 0 1.149499e-01 9.082713e-01 3.354592e+00 3.001652e-01 2.774217e+00 8.198034e-01 1.418061e+01 3.248798e-01 1.064463e+00 
151 3776 0 0 0 1.154513e-01 9.099285e-01 3.355279e+00 2.994680e-01 2.774690e+00 8.195138e-01 1.418154e+01 3.240051e-01 1.064430e+00 
152 3801 0 0 0 1.152259e-01 9.116351e-01 3.353643e+00 2.985977e-01 2.773999e+00 8.202029e-01 1.418234e+01 3.250509e-01 1.064579e+00 
153 3826 0 0 0 1.151569e-01 9.117219e-01 3.352751e+00 2.979086e-01 2.771060e+00 8.198384e-01 1.415706e+01 3.247498e-01 1.064589e+00 
154 3851 0 0 0 1.153630e-01 9.138316e-01 3.358057e+00 2.980419e-01 2.771796e+00 8.185585e-01 1.415105e+01 3.235524e-01 1.064595e+00 
155 3876 0 0 0 1.157526e-01 9.149820e-01 3.351971e+00 2.966523e-01 2.775515e+00 8.196061e-01 1.417912e+01 3.246489e-01 1.064474e+00 
156 3901 0 0 0 1.161518e-01 9.159606e-01 3.346286e+00 2.954107e-01 2.775768e+00 8.209336e-01 1.416995e+01 3.244144e-01 1.064508e+00 
157 3926 0 0 0 1.159582e-01 9.169393e-01 3.339715e+00 2.944025e-01 2.773156e+00 8.219517e-01 1.416059e+01 3.249535e-01 1.064600e+00 
158 3951 0 0 0 1.165962e-01 9.174952e-01 3.343022e+00 2.941318e-01 2.776942e+00 8.222732e-01 1.417914e+01 3.246218e-01 1.064330e+00 
159 3976 0 0 0 1.165074e-01 9.149417e-01 3.346295e+00 2.949463e-01 2.780020e+00 8.222444e-01 1.420440e+01 3.257910e-01 1.064336e+00 
160 4001 0 0 0 1.167368e-01 9.136284e-01 3.340746e+00 2.943974e-01 2.784214e+00 8.239767e-01 1.423390e+01 3.273221e-01 1.064223e+00 
161 4026 0 0 0 1.168173e-01 9.128724e-01 3.347471e+00 2.949776e-01 2.785885e+00 8.229892e-01 1.424830e+01 3.274300e-01 1.064217e+00 
162 4051 0 0 0 1.168382e-01 9.117581e-01 3.361997e+00 2.952509e-01 2.786609e+00 8.202207e-01 1.427162e+01 3.279074e-01 1.064242e+00 
163 4076 0 0 0 1.167382e-01 9.123880e-01 3.368003e+00 2.957697e-01 2.786321e+00 8.184324e-01 1.428207e+01 3.275481e-01 1.064227e+00 
164 4101 0 0 0 1.168773e-01 9.106922e-01 3.364250e+00 2.963674e-01 2.786467e+00 8.193001e-01 1.427369e+01 3.268911e-01 1.064153e+00 
165 4126 0 0 0 1.164119e-01 9.082287e-01 3.362002e+00 2.980169e-01 2.784692e+00 8.201433e-01 1.425187e+01 3.265084e-01 1.064149e+00 
166 4151 0 0 0 1.166869e-01 9.082178e-01 3.356384e+00 2.965102e-01 2.783840e+00 8.212207e-01 1.425473e+01 3.269883e-01 1.064264e+00 
167 4176 0 0 0 1.166492e-01 9.067122e-01 3.352648e+00 2.970573e-01 2.784928e+00 8.215570e-01 1.424536e+01 3.267977e-01 1.064016e+00 
168 4201 0 0 0 1.168172e-01 9.082371e-01 3.346540e+00 2.962172e-01 2.783416e+00 8.232208e-01 1.423921e+01 3.264936e-01 1.064123e+00 
169 4226 0 0 0 1.162985e-01 9.093364e-01 3.350562e+00 2.965689e-01 2.781219e+00 8.219108e-01 1.423653e+01 3.267639e-01 1.064218e+00 
170 4251 0 0 0 1.164873e-01 9.114480e-01 3.348931e+00 2.957400e-01 2.779461e+00 8.223148e-01 1.421786e+01 3.259487e-01 1.064258e+00 
171 4276 0 0 0 1.163904e-01 9.100410e-01 3.348908e+00 2.961464e-01 2.779073e+00 8.226240e-01 1.421725e+01 3.261247e-01 1.064202e+00 
172 4301 0 0 0 1.160755e-01 9.089881e-01 3.344932e+00 2.964860e-01 2.778403e+00 8.233303e-01 1.422449e+01 3.267984e-01 1.064128e+00 
173 4326 0 0 0 1.159897e-01 9.093064e-01 3.339995e+00 2.956526e-01 2.776930e+00 8.243869e-01 1.421927e+01 3.274132e-01 1.064166e+00 
174 4351 0 0 0 1.158374e-01 9.093946e-01 3.336539e+00 2.953497e-01 2.776271e+00 8.255634e-01 1.422800e+01 3.281348e-01 1.064194e+00 
175 4376 0 0 0 1.159644e-01 9.078445e-01 3.339416e+00 2.956847e-01 2.777829e+00 8.257219e-01 1.424308e+01 3.285647e-01 1.064165e+00 
176 4401 0 0 0 1.159062e-01 9.064516e-01 3.332304e+00 2.964560e-01 2.777845e+00 8.274766e-01 1.422196e+01 3.280305e-01 1.064178e+00 
177 4426 0 0 0 1.160721e-01 9.048722e-01 3.341146e+00 2.976894e-01 2.780443e+00 8.262501e-01 1.422684e+01 3.275437e-01 1.064077e+00 
178 4451 0 0 0 1.162555e-01 9.067584e-01 3.338616e+00 2.972215e-01 2.780747e+00 8.270154e-01 1.421635e+01 3.271364e-01 1.064199e+00 
179 4476 0 0 0 1.167700e-01 9.073644e-01 3.345830e+00 2.980009e-01 2.783435e+00 8.260824e-01 1.421458e+01 3.256606e-01 1.064107e+00 
180 4501 0 0 0 1.163328e-01 9.074069e-01 3.338325e+00 2.976965e-01 2.779370e+00 8.273508e-01 1.420087e+01 3.259025e-01 1.064167e+00 
181 4526 0 0 0 1.165854e-01 9.063214e-01 3.336503e+00 2.980975e-01 2.782241e+00 8.286314e-01 1.421968e+01 3.262192e-01 1.063914e+00 
182 4551 0 0 0 1.167798e-01 9.057833e-01 3.336010e+00 2.989653e-01 2.780869e+00 8.287344e-01 1.419825e+01 3.243309e-01 1.064053e+00 
183 4576 0 0 0 1.167181e-01 9.038915e-01 3.343364e+00 2.992346e-01 2.779689e+00 8.257477e-01 1.418462e+01 3.239361e-01 1.064227e+00 
184 4601 0 0 0 1.170439e-01 9.060334e-01 3.346194e+00 2.973517e-01 2.780611e+00 8.236757e-01 1.419692e+01 3.243212e-01 1.064393e+00 
185 4626 0 0 0 1.178442e-01 9.067905e-01 3.343764e+00 2.960799e-01 2.784116e+00 8.239591e-01 1.421123e+01 3.240494e-01 1.064247e+00 
186 4651 0 0 0 1.178761e-01 9.072411e-01 3.358366e+00 2.963083e-01 2.783482e+00 8.216730e-01 1.421922e+01 3.240404e-01 1.064518e+00 
187 4676 0 0 0 1.173879e-01 9.046358e-01 3.371094e+00 2.985887e-01 2.781770e+00 8.194883e-01 1.419170e+01 3.233204e-01 1.064608e+00 
188 4701 0 0 0 1.177001e-01 9.052159e-01 3.383712e+00 2.987808e-01 2.784060e+00 8.165333e-01 1.420355e+01 3.227750e-01 1.064682e+00 
189 4726 0 0 0 1.174914e-01 9.075393e-01 3.384834e+00 2.973531e-01 2.780617e+00 8.152061e-01 1.421500e+01 3.231813e-01 1.064565e+00 
190 4751 0 0 0 1.177120e-01 9.084926e-01 3.390927e+00 2.970813e-01 2.782586e+00 8.134834e-01 1.420353e+01 3.229440e-01 1.064388e+00 
191 4776 0 0 0 1.175888e-01 9.080911e-01 3.384285e+00 2.967653e-01 2.784682e+00 8.144635e-01 1.419558e+01 3.239859e-01 1.064327e+00 
192 4801 0 0 0 1.172144e-01 9.036138e-01 3.391687e+00 2.985794e-01 2.783630e+00 8.141477e-01 1.418583e+01 3.244321e-01 1.064226e+00 
193 4826 0 0 0 1.177691e-01 9.064866e-01 3.382925e+00 2.984097e-01 2.786242e+00 8.160907e-01 1.418852e+01 3.230052e-01 1.064087e+00 
194 4851 0 0 0 1.180803e-01 9.052133e-01 3.375511e+00 2.980674e-01 2.784599e+00 8.166130e-01 1.416016e+01 3.215830e-01 1.064333e+00 
195 4876 0 0 0 1.176473e-01 9.076676e-01 3.374325e+00 2.966219e-01 2.780983e+00 8.155951e-01 1.413654e+01 3.222636e-01 1.064521e+00 
196 4901 0 0 0 1.177570e-01 9.101078e-01 3.381305e+00 2.961454e-01 2.780205e+00 8.130051e-01 1.414189e+01 3.215600e-01 1.064623e+00 
197 4926 0 0 0 1.177505e-01 9.104907e-01 3.381104e+00 2.962212e-01 2.780253e+00 8.117500e-01 1.410745e+01 3.206327e-01 1.064536e+00 
198 4951 0 0 0 1.175085e-01 9.104913e-01 3.383189e+00 2.962994e-01 2.781836e+00 8.126671e-01 1.415682e+01 3.225925e-01 1.064248e+00 
199 4976 0 0 0 1.174343e-01 9.091625e-01 3.392314e+00 2.969680e-01 2.779863e+00 8.108903e-01 1.416145e+01 3.223171e-01 1.064210e+00 
200 5001 0 0 0 1.177150e-01 9.110988e-01 3.383835e+00 2.957637e-01 2.779927e+00 8.122242e-01 1.415893e+01 3.220657e-01 1.064194e+00 
201 5026 0 0 0 1.177177e-01 9.093495e-01 3.375999e+00 2.966310e-01 2.781057e+00 8.142709e-01 1.414274e+01 3.216804e-01 1.064351e+00 
202 5051 0 0 0 1.183651e-01 9.086707e-01 3.390683e+00 2.973831e-01 2.788694e+00 8.116704e-01 1.418352e+01 3.216708e-01 1.064372e+00 
203 5076 0 0 0 1.180487e-01 9.090088e-01 3.388586e+00 2.970317e-01 2.787183e+00 8.123750e-01 1.418721e+01 3.225854e-01 1.064394e+00 
204 5101 0 0 0 1.190903e-01 9.106901e-01 3.395245e+00 2.962397e-01 2.794293e+00 8.115832e-01 1.420989e+01 3.220747e-01 1.064564e+00 
205 5126 0 0 0 1.191683e-01 9.091469e-01 3.403871e+00 2.975602e-01 2.795679e+00 8.107112e-01 1.420779e+01 3.215563e-01 1.064545e+00 
206 5151 0 0 0 1.195672e-01 9.118474e-01 3.409390e+00 2.960572e-01 2.796687e+00 8.088639e-01 1.421992e+01 3.215575e-01 1.064532e+00 
207 5176 0 0 0 1.194244e-01 9.093722e-01 3.402080e+00 2.975114e-01 2.796684e+00 8.121806e-01 1.422622e+01 3.216188e-01 1.064313e+00 
208 5201 0 0 0 1.192629e-01 9.094233e-01 3.401910e+00 2.975177e-01 2.796351e+00 8.124766e-01 1.422204e+01 3.220630e-01 1.064297e+00 
209 5226 0 0 0 1.189004e-01 9.077209e-01 3.398663e+00 2.976855e-01 2.793764e+00 8.131378e-01 1.424433e+01 3.228757e-01 1.064375e+00 
210 5251 0 0 0 1.186165e-01 9.075495e-01 3.397443e+00 2.985209e-01 2.790653e+00 8.141194e-01 1.422475e+01 3.222281e-01 1.064299e+00 
211 5276 0 0 0 1.184052e-01 9.087035e-01 3.401772e+00 2.991693e-01 2.789441e+00 8.127670e-01 1.421384e+01 3.213126e-01 1.064256e+00 
212 5301 0 0 0 1.181258e-01 9.082792e-01 3.404012e+00 2.998964e-01 2.786113e+00 8.116278e-01 1.419713e+01 3.203549e-01 1.064209e+00 
213 5326 0 0 0 1.191126e-01 9.104882e-01 3.406898e+00 2.999555e-01 2.790031e+00 8.112729e-01 1.418574e+01 3.178850e-01 1.064406e+00 
214 5351 0 0 0 1.194752e-01 9.124819e-01 3.403370e+00 2.991279e-01 2.789316e+00 8.119202e-01 1.417512e+01 3.169287e-01 1.064477e+00 
215 5376 0 0 0 1.194315e-01 9.110408e-01 3.414098e+00 3.017718e-01 2.790855e+00 8.106087e-01 1.416881e+01 3.152935e-01 1.064626e+00 
216 5401 0 0 0 1.200276e-01 9.117830e-01 3.416081e+00 3.018117e-01 2.794294e+00 8.110785e-01 1.419785e+01 3.148485e-01 1.064562e+00 
217 5426 0 0 0 1.197654e-01 9.089287e-01 3.401323e+00 3.013342e-01 2.794359e+00 8.143419e-01 1.421560e+01 3.167765e-01 1.064505e+00 
218 5451 0 0 0 1.200153e-01 9.094239e-01 3.397153e+00 2.997821e-01 2.794762e+00 8.133796e-01 1.419593e+01 3.169103e-01 1.064632e+00 
219 5476 0 0 0 1.206670e-01 9.085718e-01 3.412023e+00 3.014705e-01 2.802955e+00 8.113246e-01 1.423601e+01 3.162801e-01 1.064628e+00 
220 5501 0 0 0 1.210935e-01 9.050683e-01 3.403856e+00 3.011129e-01 2.810471e+00 8.129025e-01 1.425644e+01 3.180083e-01 1.064457e+00 
221 5526 0 0 0 1.208093e-01 9.061847e-01 3.399736e+00 2.993193e-01 2.803165e+00 8.131773e-01 1.426459e+01 3.185710e-01 1.064370e+00 
222 5551 0 0 0 1.209682e-01 9.063459e-01 3.403080e+00 2.992500e-01 2.805578e+00 8.129065e-01 1.426838e+01 3.189871e-01 1.064338e+00 
223 5576 0 0 0 1.208203e-01 9.074394e-01 3.393962e+00 2.984348e-01 2.801197e+00 8.156105e-01 1.426693e+01 3.190722e-01 1.064259e+00 
224 5601 0 0 0 1.214708e-01 9.093739e-01 3.399344e+00 2.965957e-01 2.804191e+00 8.126628e-01 1.424271e+01 3.186253e-01 1.064538e+00 
225 5626 0 0 0 1.216029e-01 9.093014e-01 3.404753e+00 2.964151e-01 2.807171e+00 8.116383e-01 1.425155e+01 3.193754e-01 1.064571e+00 
226 5651 0 0 0 1.209204e-01 9.103322e-01 3.384244e+00 2.944490e-01 2.797741e+00 8.159548e-01 1.423797e+01 3.206284e-01 1.064526e+00 
227 5676 0 0 0 1.203037e-01 9.116126e-01 3.370449e+00 2.924424e-01 2.788999e+00 8.187785e-01 1.421773e+01 3.217048e-01 1.064524e+00 
228 5701 0 0 0 1.205976e-01 9.143086e-01 3.374326e+00 2.905477e-01 2.787929e+00 8.158894e-01 1.422306e+01 3.213907e-01 1.064482e+00 
229 5726 0 0 0 1.214991e-01 9.163637e-01 3.370273e+00 2.882645e-01 2.790496e+00 8.164915e-01 1.423366e+01 3.213318e-01 1.064386e+00 
230 5751 0 0 0 1.209935e-01 9.164053e-01 3.363490e+00 2.879130e-01 2.787546e+00 8.174144e-01 1.421413e+01 3.220714e-01 1.064285e+00 
231 5776 0 0 0 1.209623e-01 9.167974e-01 3.363159e+00 2.874776e-01 2.785025e+00 8.171050e-01 1.417747e+01 3.215489e-01 1.064323e+00 
232 5801 0 0 0 1.204904e-01 9.162010e-01 3.370328e+00 2.905058e-01 2.785125e+00 8.162806e-01 1.419688e+01 3.204419e-01 1.064236e+00 
233 5826 0 0 0 1.205758e-01 9.206693e-01 3.365941e+00 2.882149e-01 2.778752e+00 8.168965e-01 1.416465e+01 3.196118e-01 1.064421e+00 
234 5851 0 0 0 1.202165e-01 9.201158e-01 3.354339e+00 2.882520e-01 2.774198e+00 8.193577e-01 1.414869e+01 3.194580e-01 1.064419e+00 
235 5876 0 0 0 1.205946e-01 9.197670e-01 3.369191e+00 2.898959e-01 2.780332e+00 8.165404e-01 1.417646e+01 3.188065e-01 1.064248e+00 
236 5901 0 0 0 1.208132e-01 9.177663e-01 3.372321e+00 2.906448e-01 2.782639e+00 8.159476e-01 1.415999e+01 3.182257e-01 1.064224e+00 
237 5926 0 0 0 1.212482e-01 9.159650e-01 3.369139e+00 2.905812e-01 2.785285e+00 8.168136e-01 1.415132e+01 3.180911e-01 1.064332e+00 
238 5951 0 0 0 1.216944e-01 9.139916e-01 3.376031e+00 2.911245e-01 2.790745e+00 8.149662e-01 1.415606e+01 3.179315e-01 1.064335e+00 
239 5976 0 0 0 1.216116e-01 9.138981e-01 3.380603e+00 2.924503e-01 2.792534e+00 8.137297e-01 1.416474e+01 3.172444e-01 1.064275e+00 
240 6001 0 0 0 1.218556e-01 9.116075e-01 3.389443e+00 2.940610e-01 2.797635e+00 8.121714e-01 1.418102e+01 3.168632e-01 1.064401e+00 
241 6026 0 0 0 1.220512e-01 9.112739e-01 3.389862e+00 2.947655e-01 2.800075e+00 8.117174e-01 1.417535e+01 3.160223e-01 1.064415e+00 
242 6051 0 0 0 1.223223e-01 9.095073e-01 3.396722e+00 2.949746e-01 2.805191e+00 8.093572e-01 1.418632e+01 3.164912e-01 1.064398e+00 
243 6076 0 0 0 1.220924e-01 9.102422e-01 3.392131e+00 2.947424e-01 2.800558e+00 8.104259e-01 1.416127e+01 3.159604e-01 1.064464e+00 
244 6101 0 0 0 1.220897e-01 9.090469e-01 3.390828e+00 2.948081e-01 2.800692e+00 8.110198e-01 1.416940e+01 3.164129e-01 1.064391e+00 
245 6126 0 0 0 1.215041e-01 9.096784e-01 3.387733e+00 2.942102e-01 2.794724e+00 8.111557e-01 1.415407e+01 3.168172e-01 1.064439e+00 
246 6151 0 0 0 1.214158e-01 9.102149e-01 3.386722e+00 2.939438e-01 2.793805e+00 8.112951e-01 1.415485e+01 3.169673e-01 1.064480e+00 
247 6176 0 0 0 1.213986e-01 9.112087e-01 3.383289e+00 2.930420e-01 2.791873e+00 8.117967e-01 1.415709e+01 3.172174e-01 1.064472e+00 
248 6201 0 0 0 1.218098e-01 9.120522e-01 3.383720e+00 2.926600e-01 2.794195e+00 8.120714e-01 1.416517e+01 3.169695e-01 1.064519e+00 
249 6226 0 0 0 1.218124e-01 9.122084e-01 3.389618e+00 2.934268e-01 2.793879e+00 8.104271e-01 1.415319e+01 3.159030e-01 1.064608e+00 
250 6251 0 0 0 1.218988e-01 9.121639e-01 3.391388e+00 2.932423e-01 2.792922e+00 8.094164e-01 1.413810e+01 3.153639e-01 1.064694e+00 
251 6276 0 0 0 1.218667e-01 9.121188e-01 3.394092e+00 2.938655e-01 2.791380e+00 8.086172e-01 1.412739e+01 3.143647e-01 1.064810e+00 
252 6301 0 0 0 1.218012e-01 9.120976e-01 3.393402e+00 2.938384e-01 2.791239e+00 8.089101e-01 1.413240e+01 3.146175e-01 1.064726e+00 
253 6326 0 0 0 1.219005e-01 9.128656e-01 3.393676e+00 2.937008e-01 2.791598e+00 8.089734e-01 1.413266e+01 3.144516e-01 1.064788e+00 
254 6351 0 0 0 1.219194e-01 9.135538e-01 3.397022e+00 2.936025e-01 2.791057e+00 8.078296e-01 1.413289e+01 3.141413e-01 1.064817e+00 
255 6376 0 0 0 1.220503e-01 9.127890e-01 3.397059e+00 2.941935e-01 2.791640e+00 8.080607e-01 1.412976e+01 3.135023e-01 1.064922e+00 
256 6401 0 0 0 1.219025e-01 9.116666e-01 3.391383e+00 2.944063e-01 2.792540e+00 8.101049e-01 1.413952e+01 3.144247e-01 1.064846e+00 
257 6426 0 0 0 1.220589e-01 9.117743e-01 3.395158e+00 2.947520e-01 2.792815e+00 8.093324e-01 1.413623e+01 3.137022e-01 1.064866e+00 
258 6451 0 0 0 1.219139e-01 9.130883e-01 3.391922e+00 2.940324e-01 2.790344e+00 8.101980e-01 1.413712e+01 3.139955e-01 1.064837e+00 
259 6476 0 0 0 1.217982e-01 9.125506e-01 3.388638e+00 2.940955e-01 2.789090e+00 8.110839e-01 1.413960e+01 3.141436e-01 1.064838e+00 
260 6501 0 0 0 1.217122e-01 9.129603e-01 3.382644e+00 2.937004e-01 2.788276e+00 8.127483e-01 1.414314e+01 3.145823e-01 1.064764e+00 
261 6526 0 0 0 1.219066e-01 9.124713e-01 3.383843e+00 2.934998e-01 2.789886e+00 8.121097e-01 1.414095e+01 3.146183e-01 1.064713e+00 
262 6551 0 0 0 1.219628e-01 9.125278e-01 3.389966e+00 2.943079e-01 2.790111e+00 8.107208e-01 1.414137e+01 3.136949e-01 1.064793e+00 
263 6576 0 0 0 1.219393e-01 9.127663e-01 3.391650e+00 2.942511e-01 2.790206e+00 8.102567e-01 1.414508e+01 3.138414e-01 1.064718e+00 
264 6601 0 0 0 1.219224e-01 9.118251e-01 3.392122e+00 2.946558e-01 2.790569e+00 8.100484e-01 1.414735e+01 3.137871e-01 1.064704e+00 
265 6626 0 0 0 1.220018e-01 9.117219e-01 3.392980e+00 2.948293e-01 2.790957e+00 8.099353e-01 1.414324e+01 3.135369e-01 1.064701e+00 
266 6651 0 0 0 1.218900e-01 9.121197e-01 3.391386e+00 2.948041e-01 2.788881e+00 8.102904e-01 1.413548e+01 3.132660e-01 1.064684e+00 
267 6676 0 0 0 1.218425e-01 9.124430e-01 3.392172e+00 2.945944e-01 2.790368e+00 8.099314e-01 1.414841e+01 3.139303e-01 1.064590e+00 
268 6701 0 0 0 1.219234e-01 9.127443e-01 3.393623e+00 2.946555e-01 2.791184e+00 8.096992e-01 1.415212e+01 3.137877e-01 1.064599e+00 
269 6726 0 0 0 1.219990e-01 9.129131e-01 3.391832e+00 2.942667e-01 2.791446e+00 8.103249e-01 1.415522e+01 3.140750e-01 1.064626e+00 
270 6751 0 0 0 1.221043e-01 9.124935e-01 3.394169e+00 2.944495e-01 2.792885e+00 8.098177e-01 1.415898e+01 3.140515e-01 1.064591e+00 
271 6776 0 0 0 1.220663e-01 9.132249e-01 3.393175e+00 2.943273e-01 2.791414e+00 8.100206e-01 1.415661e+01 3.137573e-01 1.064603e+00 
272 6801 0 0 0 1.219812e-01 9.138889e-01 3.392221e+00 2.939458e-01 2.790208e+00 8.099797e-01 1.415477e+01 3.138575e-01 1.064579e+00 
273 6826 0 0 0 1.218766e-01 9.137352e-01 3.390897e+00 2.940185e-01 2.789314e+00 8.102863e-01 1.414888e+01 3.138248e-01 1.064632e+00 
274 6851 0 0 0 1.220045e-01 9.129985e-01 3.393450e+00 2.945270e-01 2.791508e+00 8.097603e-01 1.415364e+01 3.136757e-01 1.064626e+00 
275 6876 0 0 0 1.219408e-01 9.136199e-01 3.391870e+00 2.941823e-01 2.790490e+00 8.101454e-01 1.415735e+01 3.138703e-01 1.064597e+00 
276 6901 0 0 0 1.218849e-01 9.144319e-01 3.391083e+00 2.935958e-01 2.789280e+00 8.099499e-01 1.416167e+01 3.141063e-01 1.064567e+00 
277 6926 0 0 0 1.218539e-01 9.146833e-01 3.390462e+00 2.936773e-01 2.788657e+00 8.103839e-01 1.416169e+01 3.140159e-01 1.064563e+00 
278 6951 0 0 0 1.218881e-01 9.145449e-01 3.389906e+00 2.937266e-01 2.788872e+00 8.107157e-01 1.417298e+01 3.141278e-01 1.064519e+00 
279 6976 0 0 0 1.218776e-01 9.154827e-01 3.389327e+00 2.934230e-01 2.788879e+00 8.110682e-01 1.418132e+01 3.143887e-01 1.064526e+00 
280 7001 0 0 0 1.219876e-01 9.140980e-01 3.389213e+00 2.938361e-01 2.790141e+00 8.111013e-01 1.417660e+01 3.141888e-01 1.064592e+00 
281 7026 0 0 0 1.217312e-01 9.146318e-01 3.384553e+00 2.927305e-01 2.787070e+00 8.115395e-01 1.417463e+01 3.149783e-01 1.064555e+00 
282 7051 0 0 0 1.218603e-01 9.141762e-01 3.386067e+00 2.933075e-01 2.788171e+00 8.113217e-01 1.417283e+01 3.144327e-01 1.064571e+00 
283 7076 0 0 0 1.217701e-01 9.152189e-01 3.382926e+00 2.927843e-01 2.786085e+00 8.119889e-01 1.416765e+01 3.144395e-01 1.064560e+00 
284 7101 0 0 0 1.217416e-01 9.144867e-01 3.380709e+00 2.929691e-01 2.786571e+00 8.127987e-01 1.417106e+01 3.147027e-01 1.064547e+00 
285 7126 0 0 0 1.217317e-01 9.138816e-01 3.381291e+00 2.934828e-01 2.787481e+00 8.128533e-01 1.417149e+01 3.146030e-01 1.064511e+00 
286 7151 0 0 0 1.217281e-01 9.139785e-01 3.382286e+00 2.933842e-01 2.787256e+00 8.122571e-01 1.416497e+01 3.144590e-01 1.064520e+00 
287 7176 0 0 0 1.215829e-01 9.138014e-01 3.380605e+00 2.932612e-01 2.786031e+00 8.124622e-01 1.416548e+01 3.147026e-01 1.064465e+00 
288 7201 0 0 0 1.216517e-01 9.138116e-01 3.380157e+00 2.931244e-01 2.787381e+00 8.127638e-01 1.417242e+01 3.150581e-01 1.064464e+00 
289 7226 0 0 0 1.217381e-01 9.141154e-01 3.382661e+00 2.932616e-01 2.788339e+00 8.123891e-01 1.417618e+01 3.149481e-01 1.064474e+00 
290 7251 0 0 0 1.217106e-01 9.127276e-01 3.383600e+00 2.939616e-01 2.789504e+00 8.123891e-01 1.417643e+01 3.149534e-01 1.064441e+00 
291 7276 0 0 0 1.216486e-01 9.132617e-01 3.381739e+00 2.935414e-01 2.788285e+00 8.128530e-01 1.417271e+01 3.151305e-01 1.064465e+00 
292 7301 0 0 0 1.217135e-01 9.132321e-01 3.382066e+00 2.939857e-01 2.789135e+00 8.133011e-01 1.417945e+01 3.149419e-01 1.064452e+00 
293 7326 0 0 0 1.215403e-01 9.136072e-01 3.381402e+00 2.941994e-01 2.786358e+00 8.134351e-01 1.416681e+01 3.143867e-01 1.064497e+00 
294 7351 0 0 0 1.214839e-01 9.143796e-01 3.379368e+00 2.937278e-01 2.784504e+00 8.139475e-01 1.416336e+01 3.143868e-01 1.064596e+00 
295 7376 0 0 0 1.215140e-01 9.131399e-01 3.381095e+00 2.942884e-01 2.786519e+00 8.137924e-01 1.416439e+01 3.145344e-01 1.064580e+00 
296 7401 0 0 0 1.214703e-01 9.143328e-01 3.380511e+00 2.936285e-01 2.785194e+00 8.136831e-01 1.415971e+01 3.146410e-01 1.064610e+00 
297 7426 0 0 0 1.215550e-01 9.148339e-01 3.378714e+00 2.928847e-01 2.784909e+00 8.137533e-01 1.416589e+01 3.149617e-01 1.064560e+00 
298 7451 0 0 0 1.215366e-01 9.153433e-01 3.375329e+00 2.923844e-01 2.783706e+00 8.145620e-01 1.417096e+01 3.151620e-01 1.064541e+00 
299 7476 0 0 0 1.215097e-01 9.146994e-01 3.375793e+00 2.926529e-01 2.784654e+00 8.147510e-01 1.417552e+01 3.154385e-01 1.064533e+00 
300 7501 0 0 0 1.214282e-01 9.149854e-01 3.374689e+00 2.924773e-01 2.782962e+00 8.148692e-01 1.417305e+01 3.153267e-01 1.064550e+00 
301 7526 0 0 0 1.213936e-01 9.148692e-01 3.374355e+00 2.927836e-01 2.783657e+00 8.152425e-01 1.417883e+01 3.154359e-01 1.064526e+00 
302 7551 0 0 0 1.214177e-01 9.145089e-01 3.374072e+00 2.928521e-01 2.783708e+00 8.154316e-01 1.417807e+01 3.154292e-01 1.064530e+00 
303 7576 0 0 0 1.214212e-01 9.142303e-01 3.376036e+00 2.932199e-01 2.784331e+00 8.150151e-01 1.417719e+01 3.152556e-01 1.064525e+00 
304 7601 0 0 0 1.214259e-01 9.146949e-01 3.376049e+00 2.929251e-01 2.783757e+00 8.150212e-01 1.417776e+01 3.153333e-01 1.064536e+00 
305 7626 0 0 0 1.214374e-01 9.146698e-01 3.375399e+00 2.927827e-01 2.783717e+00 8.152199e-01 1.417981e+01 3.154661e-01 1.064551e+00 
306 7651 0 0 0 1.214830e-01 9.145574e-01 3.376772e+00 2.929905e-01 2.784305e+00 8.149657e-01 1.417952e+01 3.153051e-01 1.064576e+00 
307 7676 0 0 0 1.215101e-01 9.147323e-01 3.376480e+00 2.928322e-01 2.784262e+00 8.149305e-01 1.417891e+01 3.153006e-01 1.064563e+00 
308 7701 0 0 0 1.215313e-01 9.145704e-01 3.377500e+00 2.929549e-01 2.785012e+00 8.147556e-01 1.418292e+01 3.153714e-01 1.064558e+00 
309 7726 0 0 0 1.215639e-01 9.142828e-01 3.378475e+00 2.932125e-01 2.785075e+00 8.145534e-01 1.418044e+01 3.150875e-01 1.064591e+00 
310 7751 0 0 0 1.216179e-01 9.139473e-01 3.379665e+00 2.934781e-01 2.786039e+00 8.143489e-01 1.417995e+01 3.149891e-01 1.064587e+00 
311 7776 0 0 0 1.215735e-01 9.145467e-01 3.379152e+00 2.932072e-01 2.785090e+00 8.143723e-01 1.417812e+01 3.149963e-01 1.064592e+00 
312 7801 0 0 0 1.215026e-01 9.147607e-01 3.378659e+00 2.932941e-01 2.784056e+00 8.144758e-01 1.417574e+01 3.148171e-01 1.064592e+00 
313 7826 0 0 0 1.214891e-01 9.147662e-01 3.377533e+00 2.932067e-01 2.784047e+00 8.147341e-01 1.417543e+01 3.149231e-01 1.064589e+00 
314 7851 0 0 0 1.214493e-01 9.149148e-01 3.376541e+00 2.930140e-01 2.783511e+00 8.147637e-01 1.417576e+01 3.150101e-01 1.064556e+00 
315 7876 0 0 0 1.215246e-01 9.145490e-01 3.378778e+00 2.933194e-01 2.785201e+00 8.143989e-01 1.417954e+01 3.150305e-01 1.064538e+00 
316 7901 0 0 0 1.215280e-01 9.148071e-01 3.379463e+00 2.932398e-01 2.785126e+00 8.140880e-01 1.417830e+01 3.149773e-01 1.064535e+00 
317 7926 0 0 0 1.215259e-01 9.144320e-01 3.380873e+00 2.937760e-01 2.785299e+00 8.138759e-01 1.417671e+01 3.145902e-01 1.064539e+00 
318 7951 0 0 0 1.215732e-01 9.146258e-01 3.382164e+00 2.938087e-01 2.785742e+00 8.136951e-01 1.417887e+01 3.145647e-01 1.064525e+00 
319 7976 0 0 0 1.215521e-01 9.153543e-01 3.380967e+00 2.932653e-01 2.784728e+00 8.137219e-01 1.417666e+01 3.146811e-01 1.064533e+00 
320 8001 0 0 0 1.215424e-01 9.156101e-01 3.379636e+00 2.929587e-01 2.784408e+00 8.139790e-01 1.417629e+01 3.148563e-01 1.064543e+00 
321 8026 0 0 0 1.215265e-01 9.155882e-01 3.379983e+00 2.930912e-01 2.783900e+00 8.139372e-01 1.417346e+01 3.146579e-01 1.064548e+00 
322 8051 0 0 0 1.215287e-01 9.157944e-01 3.378995e+00 2.929228e-01 2.783289e+00 8.142039e-01 1.417196e+01 3.146414e-01 1.064566e+00 
323 8076 0 0 0 1.214929e-01 9.157980e-01 3.377211e+00 2.927290e-01 2.782533e+00 8.145478e-01 1.417074e+01 3.147140e-01 1.064580e+00 
324 8101 0 0 0 1.214985e-01 9.156469e-01 3.377925e+00 2.930147e-01 2.782603e+00 8.145390e-01 1.417034e+01 3.145099e-01 1.064609e+00 
325 8126 0 0 0 1.214798e-01 9.159476e-01 3.377373e+00 2.929302e-01 2.781624e+00 8.146350e-01 1.416780e+01 3.143469e-01 1.064637e+00 
326 8151 0 0 0 1.215106e-01 9.163153e-01 3.377890e+00 2.928357e-01 2.781850e+00 8.145855e-01 1.416987e+01 3.143751e-01 1.064636e+00 
327 8176 0 0 0 1.215028e-01 9.162556e-01 3.377545e+00 2.928503e-01 2.781848e+00 8.147258e-01 1.417183e+01 3.144189e-01 1.064610e+00 
328 8201 0 0 0 1.215859e-01 9.158115e-01 3.380658e+00 2.933354e-01 2.783330e+00 8.140614e-01 1.417158e+01 3.141707e-01 1.064604e+00 
329 8226 0 0 0 1.215594e-01 9.156697e-01 3.381774e+00 2.934887e-01 2.783769e+00 8.138222e-01 1.417336e+01 3.142298e-01 1.064591e+00 
330 8251 0 0 0 1.215830e-01 9.156823e-01 3.381390e+00 2.934294e-01 2.784069e+00 8.139415e-01 1.417509e+01 3.143052e-01 1.064591e+00 
331 8276 0 0 0 1.215251e-01 9.158238e-01 3.379958e+00 2.933230e-01 2.782869e+00 8.141661e-01 1.417149e+01 3.142141e-01 1.064592e+00 
332 8301 0 0 0 1.215184e-01 9.158244e-01 3.381014e+00 2.934074e-01 2.783419e+00 8.139411e-01 1.417238e+01 3.142884e-01 1.064581e+00 
333 8326 0 0 0 1.215169e-01 9.161915e-01 3.380823e+00 2.932326e-01 2.783032e+00 8.139283e-01 1.417225e+01 3.142973e-01 1.064573e+00 
334 8351 0 0 0 1.215427e-01 9.157756e-01 3.380643e+00 2.933813e-01 2.783519e+00 8.139698e-01 1.417255e+01 3.142669e-01 1.064575e+00 
335 8376 0 0 0 1.215395e-01 9.159390e-01 3.379604e+00 2.931810e-01 2.783227e+00 8.142277e-01 1.417313e+01 3.143815e-01 1.064571e+00 
336 8401 0 0 0 1.215157e-01 9.157891e-01 3.379689e+00 2.932707e-01 2.783434e+00 8.142847e-01 1.417463e+01 3.144662e-01 1.064554e+00 
337 8426 0 0 0 1.215224e-01 9.157773e-01 3.379918e+00 2.933378e-01 2.783496e+00 8.143410e-01 1.417562e+01 3.144401e-01 1.064558e+00 
338 8451 0 0 0 1.215127e-01 9.156254e-01 3.379673e+00 2.933169e-01 2.783527e+00 8.143609e-01 1.417544e+01 3.145126e-01 1.064552e+00 
339 8476 0 0 0 1.215097e-01 9.157247e-01 3.379585e+00 2.932320e-01 2.783302e+00 8.143685e-01 1.417404e+01 3.145153e-01 1.064565e+00 
340 8501 0 0 0 1.215164e-01 9.155394e-01 3.381072e+00 2.934934e-01 2.783755e+00 8.140747e-01 1.417405e+01 3.143988e-01 1.064570e+00 
341 8526 0 0 0 1.214835e-01 9.154729e-01 3.381659e+00 2.936272e-01 2.783687e+00 8.138721e-01 1.417360e+01 3.143352e-01 1.064556e+00 
342 8551 0 0 0 1.214588e-01 9.154438e-01 3.380676e+00 2.936227e-01 2.783153e+00 8.141785e-01 1.417244e+01 3.143125e-01 1.064568e+00 
343 8576 0 0 0 1.214639e-01 9.155061e-01 3.380447e+00 2.935595e-01 2.783151e+00 8.143053e-01 1.417294e+01 3.143770e-01 1.064567e+00 
344 8601 0 0 0 1.214660e-01 9.153362e-01 3.381603e+00 2.937766e-01 2.783469e+00 8.140504e-01 1.417248e+01 3.142684e-01 1.064566e+00 
345 8626 0 0 0 1.214324e-01 9.154692e-01 3.379578e+00 2.935522e-01 2.782642e+00 8.144843e-01 1.417171e+01 3.143451e-01 1.064575e+00 
346 8651 0 0 0 1.214435e-01 9.154278e-01 3.379675e+00 2.934976e-01 2.782999e+00 8.144447e-01 1.417328e+01 3.144617e-01 1.064564e+00 
347 8676 0 0 0 1.214403e-01 9.151052e-01 3.379399e+00 2.936169e-01 2.783363e+00 8.145171e-01 1.417424e+01 3.145044e-01 1.064543e+00 
348 8701 0 0 0 1.214339e-01 9.150910e-01 3.378612e+00 2.935406e-01 2.783194e+00 8.146600e-01 1.417351e+01 3.145393e-01 1.064552e+00 
349 8726 0 0 0 1.214368e-01 9.151547e-01 3.378206e+00 2.934135e-01 2.783046e+00 8.147289e-01 1.417329e+01 3.145971e-01 1.064561e+00 
350 8751 0 0 0 1.214226e-01 9.151486e-01 3.378407e+00 2.934781e-01 2.782839e+00 8.147344e-01 1.417225e+01 3.145404e-01 1.064561e+00 
351 8776 0 0 0 1.214084e-01 9.152390e-01 3.377812e+00 2.933874e-01 2.782424e+00 8.148433e-01 1.417118e+01 3.145426e-01 1.064569e+00 
352 8801 0 0 0 1.214277e-01 9.153452e-01 3.377789e+00 2.932907e-01 2.782463e+00 8.148562e-01 1.417179e+01 3.145813e-01 1.064572e+00 
353 8826 0 0 0 1.214216e-01 9.151438e-01 3.378339e+00 2.934800e-01 2.782527e+00 8.147795e-01 1.417112e+01 3.144803e-01 1.064576e+00 
354 8851 0 0 0 1.214351e-01 9.154811e-01 3.379014e+00 2.933636e-01 2.782620e+00 8.146150e-01 1.417234e+01 3.145234e-01 1.064571e+00 
355 8876 0 0 0 1.214393e-01 9.156420e-01 3.378807e+00 2.932530e-01 2.782332e+00 8.146715e-01 1.417228e+01 3.145276e-01 1.064580e+00 
356 8901 0 0 0 1.214197e-01 9.154124e-01 3.379074e+00 2.934377e-01 2.782440e+00 8.146354e-01 1.417170e+01 3.144731e-01 1.064574e+00 
357 8926 0 0 0 1.213849e-01 9.152579e-01 3.379056e+00 2.935507e-01 2.782336e+00 8.146067e-01 1.417025e+01 3.144413e-01 1.064569e+00 
358 8951 0 0 0 1.213764e-01 9.151127e-01 3.378852e+00 2.936541e-01 2.782356e+00 8.146596e-01 1.417000e+01 3.143965e-01 1.064567e+00 
359 8976 0 0 0 1.213835e-01 9.151210e-01 3.378837e+00 2.936131e-01 2.782639e+00 8.146726e-01 1.417149e+01 3.144922e-01 1.064559e+00 
360 9001 0 0 0 1.213549e-01 9.150941e-01 3.377976e+00 2.936187e-01 2.781981e+00 8.148842e-01 1.416975e+01 3.144112e-01 1.064570e+00 
361 9026 0 0 0 1.213646e-01 9.151931e-01 3.378528e+00 2.936093e-01 2.782272e+00 8.147448e-01 1.417073e+01 3.144463e-01 1.064562e+00 
362 9051 0 0 0 1.213466e-01 9.152452e-01 3.378628e+00 2.936086e-01 2.782128e+00 8.146639e-01 1.417011e+01 3.144335e-01 1.064554e+00 
363 9076 0 0 0 1.213532e-01 9.152566e-01 3.378422e+00 2.935682e-01 2.782171e+00 8.147397e-01 1.417105e+01 3.144757e-01 1.064556e+00 
364 9101 0 0 0 1.213634e-01 9.152436e-01 3.378744e+00 2.936076e-01 2.782283e+00 8.146919e-01 1.417131e+01 3.144473e-01 1.064557e+00 
365 9126 0 0 0 1.213751e-01 9.153772e-01 3.378984e+00 2.935012e-01 2.782432e+00 8.146031e-01 1.417212e+01 3.145251e-01 1.064552e+00 
366 9151 0 0 0 1.213547e-01 9.153143e-01 3.378285e+00 2.935054e-01 2.782090e+00 8.147917e-01 1.417130e+01 3.145118e-01 1.064559e+00 
367 9176 0 0 0 1.213526e-01 9.152535e-01 3.378231e+00 2.935314e-01 2.782177e+00 8.147910e-01 1.417130e+01 3.145192e-01 1.064555e+00 
368 9201 0 0 0 1.213649e-01 9.152134e-01 3.378586e+00 2.935782e-01 2.782324e+00 8.147187e-01 1.417089e+01 3.144820e-01 1.064556e+00 
369 9226 0 0 0 1.213705e-01 9.153579e-01 3.378423e+00 2.934632e-01 2.782223e+00 8.147705e-01 1.417146e+01 3.145387e-01 1.064556e+00 
370 9251 0 0 0 1.213864e-01 9.153547e-01 3.379021e+00 2.935172e-01 2.782487e+00 8.146737e-01 1.417215e+01 3.145239e-01 1.064554e+00 
371 9276 0 0 0 1.213778e-01 9.153390e-01 3.379165e+00 2.935439e-01 2.782515e+00 8.146186e-01 1.417172e+01 3.145206e-01 1.064551e+00 
372 9301 0 0 0 1.213835e-01 9.151864e-01 3.379020e+00 2.935542e-01 2.782611e+00 8.146517e-01 1.417157e+01 3.145427e-01 1.064554e+00 
373 9326 0 0 0 1.214049e-01 9.151878e-01 3.379831e+00 2.936351e-01 2.782939e+00 8.145069e-01 1.417176e+01 3.144974e-01 1.064551e+00 
374 9351 0 0 0 1.213977e-01 9.150979e-01 3.379922e+00 2.936904e-01 2.783030e+00 8.144872e-01 1.417164e+01 3.144982e-01 1.064549e+00 
375 9376 0 0 0 1.213873e-01 9.151726e-01 3.379248e+00 2.936328e-01 2.782631e+00 8.146091e-01 1.417057e+01 3.144587e-01 1.064553e+00 
376 9401 0 0 0 1.213932e-01 9.151588e-01 3.379294e+00 2.936630e-01 2.782605e+00 8.146060e-01 1.417021e+01 3.144083e-01 1.064558e+00 
377 9426 0 0 0 1.213693e-01 9.152003e-01 3.379423e+00 2.937164e-01 2.782526e+00 8.145368e-01 1.416981e+01 3.143823e-01 1.064549e+00 
378 9451 0 0 0 1.213812e-01 9.151241e-01 3.379714e+00 2.938040e-01 2.782626e+00 8.144662e-01 1.416895e+01 3.142936e-01 1.064553e+00 
379 9476 0 0 0 1.213614e-01 9.151915e-01 3.378974e+00 2.937080e-01 2.782380e+00 8.145889e-01 1.416900e+01 3.143545e-01 1.064551e+00 
380 9501 0 0 0 1.213489e-01 9.150740e-01 3.379233e+00 2.938784e-01 2.782322e+00 8.145191e-01 1.416753e+01 3.142192e-01 1.064552e+00 
381 9526 0 0 0 1.213425e-01 9.151122e-01 3.378975e+00 2.937464e-01 2.782313e+00 8.145288e-01 1.416846e+01 3.143440e-01 1.064555e+00 
382 9551 0 0 0 1.213352e-01 9.150876e-01 3.379233e+00 2.937930e-01 2.782317e+00 8.144534e-01 1.416839e+01 3.143209e-01 1.064552e+00 
383 9576 0 0 0 1.213264e-01 9.150670e-01 3.378892e+00 2.937703e-01 2.782239e+00 8.145037e-01 1.416829e+01 3.143424e-01 1.064547e+00 
384 9601 0 0 0 1.213450e-01 9.149165e-01 3.379265e+00 2.938944e-01 2.782485e+00 8.144958e-01 1.416814e+01 3.142816e-01 1.064548e+00 
385 9626 0 0 0 1.213332e-01 9.147967e-01 3.379168e+00 2.939890e-01 2.782255e+00 8.145366e-01 1.416680e+01 3.141887e-01 1.064554e+00 
386 9651 0 0 0 1.213284e-01 9.149292e-01 3.379094e+00 2.939404e-01 2.782097e+00 8.145406e-01 1.416690e+01 3.141861e-01 1.064556e+00 
387 9676 0 0 0 1.213538e-01 9.149885e-01 3.379567e+00 2.939450e-01 2.782402e+00 8.145109e-01 1.416828e+01 3.142078e-01 1.064554e+00 
388 9701 0 0 0 1.213652e-01 9.150389e-01 3.380116e+00 2.939705e-01 2.782412e+00 8.144165e-01 1.416750e+01 3.141524e-01 1.064561e+00 
389 9726 0 0 0 1.213618e-01 9.151521e-01 3.379480e+00 2.938307e-01 2.782123e+00 8.145419e-01 1.416753e+01 3.142039e-01 1.064562e+00 
390 9751 0 0 0 1.213787e-01 9.151338e-01 3.379299e+00 2.937828e-01 2.782274e+00 8.145620e-01 1.416806e+01 3.142355e-01 1.064564e+00 
391 9776 0 0 0 1.213492e-01 9.150166e-01 3.379339e+00 2.938779e-01 2.782233e+00 8.145009e-01 1.416750e+01 3.142153e-01 1.064556e+00 
392 9801 0 0 0 1.213607e-01 9.150819e-01 3.379363e+00 2.937987e-01 2.782333e+00 8.145135e-01 1.416846e+01 3.142836e-01 1.064558e+00 
393 9826 0 0 0 1.213646e-01 9.150415e-01 3.379558e+00 2.938074e-01 2.782459e+00 8.144894e-01 1.416881e+01 3.143108e-01 1.064559e+00 
394 9851 0 0 0 1.213593e-01 9.151493e-01 3.379345e+00 2.937071e-01 2.782322e+00 8.145162e-01 1.416900e+01 3.143645e-01 1.064560e+00 
395 9876 0 0 0 1.213611e-01 9.152209e-01 3.379622e+00 2.936900e-01 2.782203e+00 8.144617e-01 1.416852e+01 3.143377e-01 1.064568e+00 
396 9901 0 0 0 1.213496e-01 9.153732e-01 3.379164e+00 2.935793e-01 2.781818e+00 8.145158e-01 1.416810e+01 3.143403e-01 1.064575e+00 
397 9926 0 0 0 1.213476e-01 9.154368e-01 3.378930e+00 2.935190e-01 2.781831e+00 8.145395e-01 1.416827e+01 3.143849e-01 1.064567e+00 
398 9951 0 0 0 1.213625e-01 9.156004e-01 3.379697e+00 2.935093e-01 2.781978e+00 8.144454e-01 1.416947e+01 3.143958e-01 1.064569e+00 
399 9976 0 0 0 1.213730e-01 9.154393e-01 3.379980e+00 2.935764e-01 2.782286e+00 8.144170e-01 1.416971e+01 3.144127e-01 1.064573e+00 
400 10001 0 0 0 1.213959e-01 9.153518e-01 3.380894e+00 2.936958e-01 2.782841e+00 8.142718e-01 1.417097e+01 3.144084e-01 1.064567e+00 
401 10026 0 0 0 1.213946e-01 9.154121e-01 3.380510e+00 2.936473e-01 2.782660e+00 8.143201e-01 1.417083e+01 3.143945e-01 1.064565e+00 
402 10051 0 0 0 1.214039e-01 9.150659e-01 3.380009e+00 2.937277e-01 2.782951e+00 8.144350e-01 1.417064e+01 3.144169e-01 1.064559e+00 
403 10076 0 0 0 1.214253e-01 9.148750e-01 3.381252e+00 2.939257e-01 2.783787e+00 8.142581e-01 1.417263e+01 3.144424e-01 1.064546e+00 
404 10101 0 0 0 1.214214e-01 9.149873e-01 3.381587e+00 2.938907e-01 2.783823e+00 8.142099e-01 1.417303e+01 3.144871e-01 1.064545e+00 
405 10126 0 0 0 1.214322e-01 9.147527e-01 3.382267e+00 2.939760e-01 2.784419e+00 8.141049e-01 1.417432e+01 3.145787e-01 1.064540e+00 
406 10151 0 0 0 1.214517e-01 9.145965e-01 3.382921e+00 2.941076e-01 2.784786e+00 8.140381e-01 1.417473e+01 3.145402e-01 1.064547e+00 
407 10176 0 0 0 1.214770e-01 9.145252e-01 3.383303e+00 2.941178e-01 2.785316e+00 8.139747e-01 1.417659e+01 3.146169e-01 1.064537e+00 
408 10201 0 0 0 1.215005e-01 9.142872e-01 3.384417e+00 2.943375e-01 2.786177e+00 8.137564e-01 1.417788e+01 3.146021e-01 1.064521e+00 
409 10226 0 0 0 1.215388e-01 9.138788e-01 3.385814e+00 2.945766e-01 2.787232e+00 8.135290e-01 1.417968e+01 3.146227e-01 1.064518e+00 
410 10251 0 0 0 1.215673e-01 9.138185e-01 3.385880e+00 2.945273e-01 2.787561e+00 8.135536e-01 1.418100e+01 3.147011e-01 1.064519e+00 
411 10276 0 0 0 1.215953e-01 9.137550e-01 3.387175e+00 2.946435e-01 2.788077e+00 8.133658e-01 1.418227e+01 3.146878e-01 1.064525e+00 
412 10301 0 0 0 1.215996e-01 9.134722e-01 3.388231e+00 2.948243e-01 2.788780e+00 8.131461e-01 1.418321e+01 3.147250e-01 1.064516e+00 
413 10326 0 0 0 1.216412e-01 9.133372e-01 3.389264e+00 2.949430e-01 2.789430e+00 8.130493e-01 1.418454e+01 3.147235e-01 1.064524e+00 
414 10351 0 0 0 1.216610e-01 9.133093e-01 3.390116e+00 2.949856e-01 2.789836e+00 8.129124e-01 1.418579e+01 3.147542e-01 1.064529e+00 
415 10376 0 0 0 1.216670e-01 9.133463e-01 3.389752e+00 2.950194e-01 2.789566e+00 8.129956e-01 1.418442e+01 3.146288e-01 1.064531e+00 
416 10401 0 0 0 1.216504e-01 9.132783e-01 3.389059e+00 2.950483e-01 2.788977e+00 8.130884e-01 1.418164e+01 3.144864e-01 1.064543e+00 
417 10426 0 0 0 1.216442e-01 9.134770e-01 3.388483e+00 2.948765e-01 2.788618e+00 8.131951e-01 1.418188e+01 3.145424e-01 1.064549e+00 
418 10451 0 0 0 1.216187e-01 9.133405e-01 3.388349e+00 2.949108e-01 2.788477e+00 8.132060e-01 1.418130e+01 3.145598e-01 1.064554e+00 
419 10476 0 0 0 1.215973e-01 9.136646e-01 3.387030e+00 2.946661e-01 2.787711e+00 8.134050e-01 1.418062e+01 3.145843e-01 1.064552e+00 
420 10501 0 0 0 1.215977e-01 9.139249e-01 3.386618e+00 2.945043e-01 2.787354e+00 8.134632e-01 1.418000e+01 3.145961e-01 1.064550e+00 
421 10526 0 0 0 1.216143e-01 9.137952e-01 3.387472e+00 2.945512e-01 2.787995e+00 8.132946e-01 1.418154e+01 3.146944e-01 1.064542e+00 
422 10551 0 0 0 1.216420e-01 9.137828e-01 3.388045e+00 2.945428e-01 2.788658e+00 8.132157e-01 1.418413e+01 3.148142e-01 1.064530e+00 
423 10576 0 0 0 1.215996e-01 9.139631e-01 3.386757e+00 2.943827e-01 2.787697e+00 8.134155e-01 1.418184e+01 3.147854e-01 1.064541e+00 
424 10601 0 0 0 1.215910e-01 9.140662e-01 3.386752e+00 2.943454e-01 2.787368e+00 8.133994e-01 1.418088e+01 3.147407e-01 1.064551e+00 
425 10626 0 0 0 1.216148e-01 9.138840e-01 3.387640e+00 2.944437e-01 2.788065e+00 8.132539e-01 1.418249e+01 3.148026e-01 1.064547e+00 
426 10651 0 0 0 1.216201e-01 9.137822e-01 3.387692e+00 2.945182e-01 2.788273e+00 8.132853e-01 1.418268e+01 3.147971e-01 1.064541e+00 
427 10676 0 0 0 1.216468e-01 9.135734e-01 3.388142e+00 2.946467e-01 2.788727e+00 8.132082e-01 1.418302e+01 3.147538e-01 1.064538e+00 
428 10701 0 0 0 1.216390e-01 9.136529e-01 3.388054e+00 2.946452e-01 2.788579e+00 8.131937e-01 1.418260e+01 3.147151e-01 1.064533e+00 
429 10726 0 0 0 1.216319e-01 9.137431e-01 3.387990e+00 2.946146e-01 2.788449e+00 8.131898e-01 1.418225e+01 3.147089e-01 1.064533e+00 
430 10751 0 0 0 1.216455e-01 9.139096e-01 3.388371e+00 2.945531e-01 2.788547e+00 8.131253e-01 1.418327e+01 3.147377e-01 1.064535e+00 
431 10776 0 0 0 1.216449e-01 9.140185e-01 3.388133e+00 2.944734e-01 2.788523e+00 8.131676e-01 1.418376e+01 3.147896e-01 1.064530e+00 
432 10801 0 0 0 1.216284e-01 9.141889e-01 3.387826e+00 2.943907e-01 2.788096e+00 8.132056e-01 1.418269e+01 3.147688e-01 1.064537e+00 
433 10826 0 0 0 1.216342e-01 9.140259e-01 3.388027e+00 2.944712e-01 2.788485e+00 8.131656e-01 1.418345e+01 3.148009e-01 1.064525e+00 
434 10851 0 0 0 1.216297e-01 9.142109e-01 3.387434e+00 2.943489e-01 2.788252e+00 8.132571e-01 1.418347e+01 3.148309e-01 1.064517e+00 
435 10876 0 0 0 1.216667e-01 9.139510e-01 3.388525e+00 2.945324e-01 2.788989e+00 8.131070e-01 1.418476e+01 3.148098e-01 1.064519e+00 
436 10901 0 0 0 1.216531e-01 9.139787e-01 3.387713e+00 2.944873e-01 2.788411e+00 8.132445e-01 1.418311e+01 3.147266e-01 1.064530e+00 
437 10926 0 0 0 1.216700e-01 9.137166e-01 3.388238e+00 2.946428e-01 2.789004e+00 8.131420e-01 1.418369e+01 3.147239e-01 1.064517e+00 
438 10951 0 0 0 1.216680e-01 9.138477e-01 3.388672e+00 2.945642e-01 2.789188e+00 8.130596e-01 1.418525e+01 3.148389e-01 1.064515e+00 
439 10976 0 0 0 1.216385e-01 9.139409e-01 3.387598e+00 2.944329e-01 2.788444e+00 8.132185e-01 1.418348e+01 3.148190e-01 1.064523e+00 
440 11001 0 0 0 1.216476e-01 9.138674e-01 3.387796e+00 2.944873e-01 2.788580e+00 8.131807e-01 1.418332e+01 3.147863e-01 1.064526e+00 
441 11026 0 0 0 1.216597e-01 9.137901e-01 3.388170e+00 2.945642e-01 2.788846e+00 8.131296e-01 1.418387e+01 3.147701e-01 1.064524e+00 
442 11051 0 0 0 1.216686e-01 9.138733e-01 3.388232e+00 2.945471e-01 2.788770e+00 8.131418e-01 1.418393e+01 3.147408e-01 1.064529e+00 
443 11076 0 0 0 1.216570e-01 9.138657e-01 3.388042e+00 2.945625e-01 2.788577e+00 8.131635e-01 1.418300e+01 3.147012e-01 1.064530e+00 
444 11101 0 0 0 1.216636e-01 9.138839e-01 3.388334e+00 2.945535e-01 2.788779e+00 8.131115e-01 1.418381e+01 3.147448e-01 1.064527e+00 
445 11126 0 0 0 1.216669e-01 9.139101e-01 3.388533e+00 2.945611e-01 2.788816e+00 8.130856e-01 1.418392e+01 3.147393e-01 1.064529e+00 
446 11151 0 0 0 1.216565e-01 9.138696e-01 3.388186e+00 2.945628e-01 2.788588e+00 8.131377e-01 1.418291e+01 3.147052e-01 1.064533e+00 
447 11176 0 0 0 1.216612e-01 9.139120e-01 3.388267e+00 2.945507e-01 2.788612e+00 8.131309e-01 1.418322e+01 3.147081e-01 1.064534e+00 
448 11201 0 0 0 1.216576e-01 9.139149e-01 3.388138e+00 2.945317e-01 2.788513e+00 8.131497e-01 1.418290e+01 3.147069e-01 1.064537e+00 
449 11226 0 0 0 1.216593e-01 9.139448e-01 3.388256e+00 2.945238e-01 2.788562e+00 8.131281e-01 1.418325e+01 3.147201e-01 1.064536e+00 
450 11251 0 0 0 1.216566e-01 9.140260e-01 3.388077e+00 2.944739e-01 2.788444e+00 8.131542e-01 1.418316e+01 3.147284e-01 1.064535e+00 
451 11276 0 0 0 1.216559e-01 9.141110e-01 3.388034e+00 2.944216e-01 2.788367e+00 8.131612e-01 1.418335e+01 3.147485e-01 1.064537e+00 
452 11301 0 0 0 1.216567e-01 9.140718e-01 3.387979e+00 2.944437e-01 2.788344e+00 8.131741e-01 1.418312e+01 3.147256e-01 1.064538e+00 
453 11326 0 0 0 1.216524e-01 9.140142e-01 3.387845e+00 2.944728e-01 2.788256e+00 8.131977e-01 1.418257e+01 3.146939e-01 1.064540e+00 
454 11351 0 0 0 1.216512e-01 9.140258e-01 3.387791e+00 2.944670e-01 2.788222e+00 8.132056e-01 1.418253e+01 3.146912e-01 1.064540e+00 
455 11376 0 0 0 1.216552e-01 9.140640e-01 3.387892e+00 2.944476e-01 2.788311e+00 8.131878e-01 1.418305e+01 3.147179e-01 1.064538e+00 
456 11401 0 0 0 1.216550e-01 9.140321e-01 3.388035e+00 2.944755e-01 2.788349e+00 8.131664e-01 1.418304e+01 3.147096e-01 1.064539e+00 
457 11426 0 0 0 1.216557e-01 9.140805e-01 3.388045e+00 2.944459e-01 2.788378e+00 8.131611e-01 1.418338e+01 3.147348e-01 1.064537e+00 
458 11451 0 0 0 1.216515e-01 9.140647e-01 3.387936e+00 2.944460e-01 2.788331e+00 8.131765e-01 1.418314e+01 3.147334e-01 1.064536e+00 
459 11476 0 0 0 1.216509e-01 9.141144e-01 3.387827e+00 2.944134e-01 2.788272e+00 8.131922e-01 1.418316e+01 3.147411e-01 1.064535e+00 
460 11501 0 0 0 1.216613e-01 9.141037e-01 3.388124e+00 2.944306e-01 2.788502e+00 8.131431e-01 1.418387e+01 3.147616e-01 1.064533e+00 
461 11526 0 0 0 1.216625e-01 9.140612e-01 3.388123e+00 2.944550e-01 2.788520e+00 8.131480e-01 1.418374e+01 3.147473e-01 1.064533e+00 
462 11551 0 0 0 1.216605e-01 9.140409e-01 3.388088e+00 2.944657e-01 2.788513e+00 8.131498e-01 1.418362e+01 3.147414e-01 1.064533e+00 
463 11576 0 0 0 1.216680e-01 9.140224e-01 3.388301e+00 2.944862e-01 2.788677e+00 8.131157e-01 1.418406e+01 3.147497e-01 1.064531e+00 
464 11601 0 0 0 1.216651e-01 9.140082e-01 3.388190e+00 2.944874e-01 2.788611e+00 8.131342e-01 1.418379e+01 3.147395e-01 1.064532e+00 
465 11626 0 0 0 1.216645e-01 9.139713e-01 3.388226e+00 2.945103e-01 2.788619e+00 8.131311e-01 1.418368e+01 3.147291e-01 1.064533e+00 
466 11651 0 0 0 1.216649e-01 9.139495e-01 3.388231e+00 2.945211e-01 2.788619e+00 8.131324e-01 1.418358e+01 3.147215e-01 1.064534e+00 
467 11676 0 0 0 1.216550e-01 9.139812e-01 3.387934e+00 2.944948e-01 2.788376e+00 8.131829e-01 1.418294e+01 3.147031e-01 1.064536e+00 
468 11701 0 0 0 1.216608e-01 9.139782e-01 3.388058e+00 2.945077e-01 2.788470e+00 8.131634e-01 1.418318e+01 3.147011e-01 1.064536e+00 
469 11726 0 0 0 1.216621e-01 9.139789e-01 3.388134e+00 2.945059e-01 2.788513e+00 8.131483e-01 1.418330e+01 3.147106e-01 1.064536e+00 
470 11751 0 0 0 1.216617e-01 9.139898e-01 3.388109e+00 2.944991e-01 2.788501e+00 8.131470e-01 1.418326e+01 3.147111e-01 1.064535e+00 
471 11776 0 0 0 1.216671e-01 9.139353e-01 3.388350e+00 2.945407e-01 2.788669e+00 8.131068e-01 1.418352e+01 3.147114e-01 1.064533e+00 
472 11801 0 0 0 1.216622e-01 9.139264e-01 3.388242e+00 2.945440e-01 2.788545e+00 8.131302e-01 1.418305e+01 3.146912e-01 1.064536e+00 
473 11826 0 0 0 1.216643e-01 9.139289e-01 3.388286e+00 2.945476e-01 2.788578e+00 8.131188e-01 1.418310e+01 3.146895e-01 1.064534e+00 
474 11851 0 0 0 1.216633e-01 9.138812e-01 3.388237e+00 2.945701e-01 2.788577e+00 8.131276e-01 1.418283e+01 3.146760e-01 1.064535e+00 
475 11876 0 0 0 1.216622e-01 9.138377e-01 3.388290e+00 2.945975e-01 2.788562e+00 8.131227e-01 1.418251e+01 3.146575e-01 1.064538e+00 
476 11901 0 0 0 1.216566e-01 9.138394e-01 3.388141e+00 2.945959e-01 2.788426e+00 8.131510e-01 1.418205e+01 3.146381e-01 1.064540e+00 
477 11926 0 0 0 1.216586e-01 9.138718e-01 3.388261e+00 2.945946e-01 2.788459e+00 8.131402e-01 1.418233e+01 3.146435e-01 1.064540e+00 
478 11951 0 0 0 1.216520e-01 9.138147e-01 3.387986e+00 2.946131e-01 2.788275e+00 8.131940e-01 1.418148e+01 3.146028e-01 1.064544e+00 
479 11976 0 0 0 1.216460e-01 9.138419e-01 3.387779e+00 2.945908e-01 2.788123e+00 8.132297e-01 1.418106e+01 3.145942e-01 1.064547e+00 
480 12001 0 0 0 1.216448e-01 9.138116e-01 3.387770e+00 2.946036e-01 2.788144e+00 8.132292e-01 1.418093e+01 3.145931e-01 1.064546e+00 
481 12026 0 0 0 1.216652e-01 9.138424e-01 3.388329e+00 2.946093e-01 2.788545e+00 8.131376e-01 1.418235e+01 3.146395e-01 1.064542e+00 
482 12051 0 0 0 1.216699e-01 9.138066e-01 3.388496e+00 2.946430e-01 2.788629e+00 8.131066e-01 1.418230e+01 3.146221e-01 1.064543e+00 
483 12076 0 0 0 1.216760e-01 9.136918e-01 3.388665e+00 2.947047e-01 2.788810e+00 8.130799e-01 1.418239e+01 3.146124e-01 1.064542e+00 
484 12101 0 0 0 1.216697e-01 9.135638e-01 3.388529e+00 2.947734e-01 2.788729e+00 8.131124e-01 1.418154e+01 3.145633e-01 1.064544e+00 
485 12126 0 0 0 1.216771e-01 9.135263e-01 3.388710e+00 2.948207e-01 2.788827e+00 8.130944e-01 1.418159e+01 3.145353e-01 1.064545e+00 
486 12151 0 0 0 1.216809e-01 9.135668e-01 3.388763e+00 2.948121e-01 2.788817e+00 8.130876e-01 1.418161e+01 3.145263e-01 1.064545e+00 
487 12176 0 0 0 1.216766e-01 9.135754e-01 3.388558e+00 2.947951e-01 2.788679e+00 8.131211e-01 1.418108e+01 3.145133e-01 1.064547e+00 
488 12201 0 0 0 1.216856e-01 9.135063e-01 3.388889e+00 2.948538e-01 2.788881e+00 8.130764e-01 1.418140e+01 3.145031e-01 1.064547e+00 
489 12226 0 0 0 1.217036e-01 9.134475e-01 3.389576e+00 2.949041e-01 2.789405e+00 8.129778e-01 1.418308e+01 3.145663e-01 1.064541e+00 
490 12251 0 0 0 1.217117e-01 9.133624e-01 3.389904e+00 2.949555e-01 2.789634e+00 8.129261e-01 1.418341e+01 3.145718e-01 1.064540e+00 
491 12276 0 0 0 1.216920e-01 9.133440e-01 3.389166e+00 2.949172e-01 2.789221e+00 8.130499e-01 1.418225e+01 3.145485e-01 1.064544e+00 
492 12301 0 0 0 1.217000e-01 9.133187e-01 3.389280e+00 2.949256e-01 2.789402e+00 8.130182e-01 1.418264e+01 3.145644e-01 1.064541e+00 
493 12326 0 0 0 1.217141e-01 9.131973e-01 3.389749e+00 2.950436e-01 2.789660e+00 8.129460e-01 1.418250e+01 3.145048e-01 1.064541e+00 
494 12351 0 0 0 1.217301e-01 9.130914e-01 3.390263e+00 2.951224e-01 2.790104e+00 8.128734e-01 1.418353e+01 3.145270e-01 1.064535e+00 
495 12376 0 0 0 1.217180e-01 9.131994e-01 3.389652e+00 2.950121e-01 2.789830e+00 8.129512e-01 1.418321e+01 3.145611e-01 1.064532e+00 
496 12401 0 0 0 1.217024e-01 9.132163e-01 3.389215e+00 2.949744e-01 2.789596e+00 8.130024e-01 1.418265e+01 3.145642e-01 1.064529e+00 
497 12426 0 0 0 1.217167e-01 9.133098e-01 3.389574e+00 2.949463e-01 2.789800e+00 8.129445e-01 1.418368e+01 3.145970e-01 1.064527e+00 
498 12451 0 0 0 1.217128e-01 9.134203e-01 3.389379e+00 2.948689e-01 2.789703e+00 8.129606e-01 1.418392e+01 3.146321e-01 1.064524e+00 
499 12476 0 0 0 1.217068e-01 9.135446e-01 3.389068e+00 2.948092e-01 2.789424e+00 8.130065e-01 1.418346e+01 3.146094e-01 1.064526e+00 
500 12501 0 0 0 1.217204e-01 9.135475e-01 3.389534e+00 2.948284e-01 2.789764e+00 8.129326e-01 1.418454e+01 3.146486e-01 1.064519e+00 
501 12526 0 0 0 1.217026e-01 9.136683e-01 3.389060e+00 2.947380e-01 2.789333e+00 8.129999e-01 1.418379e+01 3.146459e-01 1.064526e+00 
502 12551 0 0 0 1.217141e-01 9.136408e-01 3.389422e+00 2.947693e-01 2.789621e+00 8.129512e-01 1.418460e+01 3.146717e-01 1.064522e+00 
503 12576 0 0 0 1.217108e-01 9.135634e-01 3.389236e+00 2.947923e-01 2.789540e+00 8.129887e-01 1.418403e+01 3.146480e-01 1.064527e+00 
504 12601 0 0 0 1.217156e-01 9.135463e-01 3.389310e+00 2.948165e-01 2.789611e+00 8.129784e-01 1.418410e+01 3.146338e-01 1.064525e+00 
505 12626 0 0 0 1.217252e-01 9.135315e-01 3.389647e+00 2.948379e-01 2.789850e+00 8.129195e-01 1.418481e+01 3.146547e-01 1.064522e+00 
506 12651 0 0 0 1.217117e-01 9.134966e-01 3.389277e+00 2.948539e-01 2.789504e+00 8.129951e-01 1.418347e+01 3.145915e-01 1.064531e+00 
507 12676 0 0 0 1.217144e-01 9.134372e-01 3.389379e+00 2.948889e-01 2.789589e+00 8.129861e-01 1.418353e+01 3.145859e-01 1.064531e+00 
508 12701 0 0 0 1.217179e-01 9.134514e-01 3.389632e+00 2.948965e-01 2.789711e+00 8.129458e-01 1.418401e+01 3.146035e-01 1.064529e+00 
509 12726 0 0 0 1.217176e-01 9.135023e-01 3.389629e+00 2.948798e-01 2.789665e+00 8.129422e-01 1.418403e+01 3.146001e-01 1.064529e+00 
510 12751 0 0 0 1.217101e-01 9.135754e-01 3.389311e+00 2.948282e-01 2.789456e+00 8.129793e-01 1.418362e+01 3.145954e-01 1.064528e+00 
511 12776 0 0 0 1.217138e-01 9.135974e-01 3.389379e+00 2.948222e-01 2.789474e+00 8.129666e-01 1.418369e+01 3.145928e-01 1.064529e+00 
512 12801 0 0 0 1.216982e-01 9.136250e-01 3.388950e+00 2.947889e-01 2.789121e+00 8.130402e-01 1.418269e+01 3.145664e-01 1.064535e+00 
513 12826 0 0 0 1.217023e-01 9.135632e-01 3.389131e+00 2.948317e-01 2.789238e+00 8.130079e-01 1.418271e+01 3.145553e-01 1.064535e+00 
514 12851 0 0 0 1.217127e-01 9.135895e-01 3.389329e+00 2.948230e-01 2.789474e+00 8.129667e-01 1.418359e+01 3.145920e-01 1.064528e+00 
515 12876 0 0 0 1.217058e-01 9.135588e-01 3.389200e+00 2.948327e-01 2.789375e+00 8.129912e-01 1.418320e+01 3.145796e-01 1.064529e+00 
516 12901 0 0 0 1.217071e-01 9.136340e-01 3.389238e+00 2.947950e-01 2.789357e+00 8.129844e-01 1.418349e+01 3.145976e-01 1.064529e+00 
517 12926 0 0 0 1.217130e-01 9.135752e-01 3.389386e+00 2.948356e-01 2.789478e+00 8.129563e-01 1.418356e+01 3.145832e-01 1.064529e+00 
518 12951 0 0 0 1.217068e-01 9.136251e-01 3.389179e+00 2.947991e-01 2.789317e+00 8.129894e-01 1.418333e+01 3.145835e-01 1.064530e+00 
519 12976 0 0 0 1.217112e-01 9.136051e-01 3.389342e+00 2.948131e-01 2.789427e+00 8.129650e-01 1.418365e+01 3.145932e-01 1.064530e+00 
520 13001 0 0 0 1.217060e-01 9.136757e-01 3.389237e+00 2.947629e-01 2.789348e+00 8.129752e-01 1.418382e+01 3.146215e-01 1.064529e+00 
521 13026 0 0 0 1.217151e-01 9.136437e-01 3.389542e+00 2.947952e-01 2.789544e+00 8.129298e-01 1.418429e+01 3.146276e-01 1.064528e+00 
522 13051 0 0 0 1.217210e-01 9.136310e-01 3.389719e+00 2.948025e-01 2.789673e+00 8.129031e-01 1.418466e+01 3.146430e-01 1.064527e+00 
523 13076 0 0 0 1.217297e-01 9.135842e-01 3.389892e+00 2.948244e-01 2.789867e+00 8.128745e-01 1.418510e+01 3.146573e-01 1.064525e+00 
524 13101 0 0 0 1.217258e-01 9.136679e-01 3.389773e+00 2.947660e-01 2.789776e+00 8.128879e-01 1.418528e+01 3.146847e-01 1.064525e+00 
525 13126 0 0 0 1.217134e-01 9.135899e-01 3.389456e+00 2.948090e-01 2.789532e+00 8.129495e-01 1.418405e+01 3.146239e-01 1.064529e+00 
526 13151 0 0 0 1.217148e-01 9.136295e-01 3.389413e+00 2.947926e-01 2.789501e+00 8.129528e-01 1.418402e+01 3.146190e-01 1.064528e+00 
527 13176 0 0 0 1.217232e-01 9.136265e-01 3.389671e+00 2.948075e-01 2.789670e+00 8.129151e-01 1.418451e+01 3.146312e-01 1.064527e+00 
528 13201 0 0 0 1.217191e-01 9.137075e-01 3.389550e+00 2.947657e-01 2.789519e+00 8.129332e-01 1.418438e+01 3.146300e-01 1.064529e+00 
529 13226 0 0 0 1.217249e-01 9.136842e-01 3.389653e+00 2.947948e-01 2.789577e+00 8.129153e-01 1.418427e+01 3.146054e-01 1.064529e+00 
530 13251 0 0 0 1.217196e-01 9.137325e-01 3.389503e+00 2.947575e-01 2.789469e+00 8.129454e-01 1.418430e+01 3.146208e-01 1.064530e+00 
531 13276 0 0 0 1.217195e-01 9.137335e-01 3.389443e+00 2.947639e-01 2.789424e+00 8.129530e-01 1.418406e+01 3.146014e-01 1.064530e+00 
532 13301 0 0 0 1.217293e-01 9.137022e-01 3.389834e+00 2.947910e-01 2.789712e+00 8.128980e-01 1.418496e+01 3.146370e-01 1.064527e+00 
533 13326 0 0 0 1.217410e-01 9.137074e-01 3.390117e+00 2.947930e-01 2.789962e+00 8.128484e-01 1.418583e+01 3.146698e-01 1.064523e+00 
534 13351 0 0 0 1.217479e-01 9.136780e-01 3.390353e+00 2.948124e-01 2.790146e+00 8.128090e-01 1.418633e+01 3.146878e-01 1.064521e+00 
535 13376 0 0 0 1.217483e-01 9.136887e-01 3.390323e+00 2.948131e-01 2.790096e+00 8.128191e-01 1.418615e+01 3.146727e-01 1.064523e+00 
536 13401 0 0 0 1.217511e-01 9.136679e-01 3.390388e+00 2.948209e-01 2.790163e+00 8.128093e-01 1.418628e+01 3.146790e-01 1.064523e+00 
537 13426 0 0 0 1.217549e-01 9.136283e-01 3.390489e+00 2.948377e-01 2.790312e+00 8.127894e-01 1.418660e+01 3.146965e-01 1.064520e+00 
538 13451 0 0 0 1.217483e-01 9.136655e-01 3.390271e+00 2.948166e-01 2.790116e+00 8.128209e-01 1.418608e+01 3.146742e-01 1.064522e+00 
539 13476 0 0 0 1.217387e-01 9.136998e-01 3.389999e+00 2.947883e-01 2.789901e+00 8.128638e-01 1.418555e+01 3.146626e-01 1.064524e+00 
540 13501 0 0 0 1.217448e-01 9.136558e-01 3.390137e+00 2.948130e-01 2.790070e+00 8.128392e-01 1.418586e+01 3.146729e-01 1.064520e+00 
541 13526 0 0 0 1.217366e-01 9.136708e-01 3.389942e+00 2.948071e-01 2.789870e+00 8.128719e-01 1.418525e+01 3.146449e-01 1.064523e+00 
542 13551 0 0 0 1.217352e-01 9.136791e-01 3.389961e+00 2.948019e-01 2.789841e+00 8.128681e-01 1.418522e+01 3.146457e-01 1.064525e+00 
543 13576 0 0 0 1.217311e-01 9.136674e-01 3.389837e+00 2.948002e-01 2.789798e+00 8.128916e-01 1.418503e+01 3.146475e-01 1.064524e+00 
544 13601 0 0 0 1.217243e-01 9.136885e-01 3.389635e+00 2.947886e-01 2.789621e+00 8.129265e-01 1.418451e+01 3.146260e-01 1.064526e+00 
545 13626 0 0 0 1.217227e-01 9.136953e-01 3.389578e+00 2.947796e-01 2.789592e+00 8.129333e-01 1.418443e+01 3.146285e-01 1.064526e+00 
546 13651 0 0 0 1.217242e-01 9.136800e-01 3.389682e+00 2.947822e-01 2.789682e+00 8.129120e-01 1.418474e+01 3.146479e-01 1.064525e+00 
547 13676 0 0 0 1.217256e-01 9.137020e-01 3.389713e+00 2.947701e-01 2.789706e+00 8.129025e-01 1.418496e+01 3.146579e-01 1.064524e+00 
548 13701 0 0 0 1.217261e-01 9.137418e-01 3.389712e+00 2.947550e-01 2.789663e+00 8.128964e-01 1.418496e+01 3.146527e-01 1.064525e+00 
549 13726 0 0 0 1.217275e-01 9.137249e-01 3.389680e+00 2.947668e-01 2.789665e+00 8.129026e-01 1.418483e+01 3.146397e-01 1.064524e+00 
550 13751 0 0 0 1.217198e-01 9.137661e-01 3.389475e+00 2.947358e-01 2.789473e+00 8.129320e-01 1.418439e+01 3.146308e-01 1.064528e+00 
551 13776 0 0 0 1.217204e-01 9.137405e-01 3.389484e+00 2.947498e-01 2.789500e+00 8.129297e-01 1.418436e+01 3.146260e-01 1.064527e+00 
552 13801 0 0 0 1.217182e-01 9.137168e-01 3.389383e+00 2.947650e-01 2.789432e+00 8.129498e-01 1.418394e+01 3.146024e-01 1.064528e+00 
553 13826 0 0 0 1.217099e-01 9.137354e-01 3.389210e+00 2.947453e-01 2.789275e+00 8.129752e-01 1.418354e+01 3.145976e-01 1.064530e+00 
554 13851 0 0 0 1.217096e-01 9.137103e-01 3.389223e+00 2.947587e-01 2.789291e+00 8.129726e-01 1.418347e+01 3.145932e-01 1.064530e+00 
555 13876 0 0 0 1.217204e-01 9.136574e-01 3.389543e+00 2.947975e-01 2.789540e+00 8.129245e-01 1.418405e+01 3.146049e-01 1.064528e+00 
556 13901 0 0 0 1.217178e-01 9.136224e-01 3.389457e+00 2.948115e-01 2.789510e+00 8.129372e-01 1.418376e+01 3.145934e-01 1.064528e+00 
557 13926 0 0 0 1.217181e-01 9.136546e-01 3.389455e+00 2.947968e-01 2.789483e+00 8.129364e-01 1.418386e+01 3.145955e-01 1.064529e+00 
558 13951 0 0 0 1.217181e-01 9.136623e-01 3.389418e+00 2.947914e-01 2.789465e+00 8.129387e-01 1.418380e+01 3.145925e-01 1.064529e+00 
559 13976 0 0 0 1.217175e-01 9.136416e-01 3.389412e+00 2.947997e-01 2.789494e+00 8.129447e-01 1.418381e+01 3.145978e-01 1.064528e+00 
560 14001 0 0 0 1.217056e-01 9.136618e-01 3.389113e+00 2.947782e-01 2.789250e+00 8.129950e-01 1.418315e+01 3.145814e-01 1.064530e+00 
561 14026 0 0 0 1.217039e-01 9.136598e-01 3.389080e+00 2.947797e-01 2.789212e+00 8.130007e-01 1.418302e+01 3.145749e-01 1.064531e+00 
562 14051 0 0 0 1.216994e-01 9.136541e-01 3.388956e+00 2.947775e-01 2.789119e+00 8.130233e-01 1.418268e+01 3.145649e-01 1.064533e+00 
563 14076 0 0 0 1.217022e-01 9.136416e-01 3.389022e+00 2.947888e-01 2.789167e+00 8.130151e-01 1.418275e+01 3.145623e-01 1.064533e+00 
564 14101 0 0 0 1.217021e-01 9.136291e-01 3.389018e+00 2.947981e-01 2.789164e+00 8.130182e-01 1.418263e+01 3.145553e-01 1.064533e+00 
565 14126 0 0 0 1.216972e-01 9.136704e-01 3.388866e+00 2.947681e-01 2.789044e+00 8.130396e-01 1.418248e+01 3.145569e-01 1.064534e+00 
566 14151 0 0 0 1.216940e-01 9.136776e-01 3.388802e+00 2.947591e-01 2.788993e+00 8.130474e-01 1.418237e+01 3.145585e-01 1.064534e+00 
567 14176 0 0 0 1.216937e-01 9.136711e-01 3.388779e+00 2.947584e-01 2.789006e+00 8.130483e-01 1.418240e+01 3.145628e-01 1.064533e+00 
568 14201 0 0 0 1.216949e-01 9.136924e-01 3.388818e+00 2.947477e-01 2.789022e+00 8.130418e-01 1.418257e+01 3.145715e-01 1.064533e+00 
569 14226 0 0 0 1.216883e-01 9.137209e-01 3.388648e+00 2.947261e-01 2.788875e+00 8.130683e-01 1.418226e+01 3.145654e-01 1.064535e+00 
