%  columns=["iteration, evaluation, sigma, void, void, stds==sigma*sqrt(diag(C))" (startseed=209163, 2015/08/22 11:1:34.64)
1 26 1.475221e+00 0 0 3.639180e-01 8.785989e-01 7.866450e-01 9.573809e-01 5.011793e-01 4.141292e-01 1.446943e+00 7.451900e-01 3.872574e-01 
2 51 1.422371e+00 0 0 3.475216e-01 8.555882e-01 7.373700e-01 9.088520e-01 4.717919e-01 4.027082e-01 1.422784e+00 7.187607e-01 3.747516e-01 
3 76 1.525586e+00 0 0 3.604555e-01 9.895789e-01 7.889843e-01 9.940385e-01 5.003449e-01 4.178845e-01 1.478836e+00 8.411774e-01 4.019796e-01 
4 101 1.584336e+00 0 0 3.816305e-01 9.888426e-01 8.537005e-01 1.041538e+00 5.049780e-01 4.480417e-01 1.512821e+00 8.474047e-01 4.118637e-01 
5 126 1.340935e+00 0 0 3.213238e-01 8.081273e-01 7.042371e-01 8.484999e-01 4.184292e-01 3.667631e-01 1.235724e+00 7.013486e-01 3.353601e-01 
6 151 1.170411e+00 0 0 2.716274e-01 6.827094e-01 6.016563e-01 7.177896e-01 3.625273e-01 3.154734e-01 1.049382e+00 5.973797e-01 2.885090e-01 
7 176 1.120149e+00 0 0 2.563081e-01 6.414078e-01 5.633032e-01 6.626489e-01 3.413601e-01 2.980460e-01 9.912961e-01 5.698352e-01 2.678917e-01 
8 201 1.232521e+00 0 0 2.880836e-01 6.842222e-01 6.163356e-01 7.084464e-01 3.684006e-01 3.485714e-01 1.105898e+00 6.158486e-01 2.966362e-01 
9 226 1.275283e+00 0 0 3.113687e-01 6.832937e-01 6.169763e-01 7.153491e-01 3.763203e-01 3.513656e-01 1.107732e+00 6.422884e-01 3.089418e-01 
10 251 1.299996e+00 0 0 3.286211e-01 6.958887e-01 6.171049e-01 7.105074e-01 3.718781e-01 3.595212e-01 1.132642e+00 6.507430e-01 3.112126e-01 
11 276 1.249280e+00 0 0 3.069668e-01 6.574546e-01 5.810495e-01 6.623397e-01 3.493219e-01 3.396274e-01 1.123695e+00 6.245545e-01 2.916295e-01 
12 301 1.433886e+00 0 0 3.636587e-01 7.411712e-01 6.744028e-01 7.850578e-01 4.189857e-01 3.901636e-01 1.271792e+00 7.424429e-01 3.314841e-01 
13 326 1.431918e+00 0 0 3.533745e-01 7.789282e-01 6.843348e-01 7.661216e-01 4.197697e-01 3.877656e-01 1.290712e+00 7.244192e-01 3.179614e-01 
14 351 1.324530e+00 0 0 3.167501e-01 7.166990e-01 6.454397e-01 6.926234e-01 3.778922e-01 3.470689e-01 1.173993e+00 6.522269e-01 3.042125e-01 
15 376 1.328431e+00 0 0 3.115491e-01 7.209012e-01 6.665504e-01 6.704545e-01 3.797742e-01 3.424170e-01 1.154620e+00 6.334642e-01 3.021344e-01 
16 401 1.165885e+00 0 0 2.676310e-01 6.380819e-01 5.769120e-01 5.702533e-01 3.234987e-01 2.916912e-01 9.982025e-01 5.510200e-01 2.668519e-01 
17 426 1.079322e+00 0 0 2.463779e-01 5.755389e-01 5.171990e-01 5.061254e-01 2.930759e-01 2.605145e-01 9.093835e-01 5.032200e-01 2.416536e-01 
18 451 1.040194e+00 0 0 2.294242e-01 5.450937e-01 5.000162e-01 4.948372e-01 2.750433e-01 2.479467e-01 8.650531e-01 4.734104e-01 2.263342e-01 
19 476 9.673246e-01 0 0 2.056155e-01 4.955669e-01 4.652948e-01 4.473695e-01 2.527441e-01 2.265746e-01 7.742755e-01 4.354385e-01 2.069913e-01 
20 501 9.542700e-01 0 0 1.962870e-01 4.941199e-01 4.535513e-01 4.289154e-01 2.492417e-01 2.183340e-01 7.930399e-01 4.114516e-01 2.038360e-01 
21 526 8.593096e-01 0 0 1.728054e-01 4.354523e-01 3.967305e-01 3.738092e-01 2.290005e-01 1.916367e-01 6.836452e-01 3.590843e-01 1.857978e-01 
22 551 7.650259e-01 0 0 1.493046e-01 3.778465e-01 3.439797e-01 3.293251e-01 2.081459e-01 1.698452e-01 6.018995e-01 3.079560e-01 1.612915e-01 
23 576 8.309392e-01 0 0 1.567974e-01 4.388234e-01 3.838405e-01 3.494203e-01 2.247142e-01 1.845974e-01 6.499651e-01 3.303191e-01 1.682320e-01 
24 601 7.499528e-01 0 0 1.361530e-01 3.948595e-01 3.439355e-01 3.078120e-01 2.037822e-01 1.687408e-01 5.793400e-01 2.916812e-01 1.497442e-01 
25 626 7.104617e-01 0 0 1.273118e-01 3.683643e-01 3.297065e-01 2.899207e-01 1.944592e-01 1.561049e-01 5.397469e-01 2.711377e-01 1.454522e-01 
26 651 6.689943e-01 0 0 1.187530e-01 3.497478e-01 3.212972e-01 2.722982e-01 1.801927e-01 1.423568e-01 4.920052e-01 2.650587e-01 1.350897e-01 
27 676 6.731245e-01 0 0 1.176555e-01 3.466770e-01 3.217295e-01 2.711300e-01 1.827871e-01 1.407851e-01 5.130809e-01 2.733412e-01 1.398369e-01 
28 701 6.281520e-01 0 0 1.058999e-01 3.112013e-01 3.001558e-01 2.480268e-01 1.662452e-01 1.272078e-01 4.838383e-01 2.610644e-01 1.298944e-01 
29 726 6.665658e-01 0 0 1.092814e-01 3.226705e-01 3.110231e-01 2.664983e-01 1.848974e-01 1.375054e-01 5.008332e-01 2.760230e-01 1.421619e-01 
30 751 6.675660e-01 0 0 1.062410e-01 3.136914e-01 3.037432e-01 2.606046e-01 1.850789e-01 1.435865e-01 4.914812e-01 2.681575e-01 1.419921e-01 
31 776 5.876054e-01 0 0 8.937431e-02 2.647184e-01 2.630456e-01 2.259886e-01 1.597665e-01 1.224666e-01 4.406384e-01 2.317344e-01 1.228188e-01 
32 801 5.772359e-01 0 0 8.653136e-02 2.486560e-01 2.518376e-01 2.170236e-01 1.579664e-01 1.197098e-01 4.259795e-01 2.288313e-01 1.221744e-01 
33 826 5.186045e-01 0 0 7.612015e-02 2.153337e-01 2.241362e-01 1.914043e-01 1.365665e-01 1.077122e-01 3.794852e-01 2.029044e-01 1.064575e-01 
34 851 5.071044e-01 0 0 7.306190e-02 2.062447e-01 2.244755e-01 1.853108e-01 1.301624e-01 1.018879e-01 3.619419e-01 1.991842e-01 1.055533e-01 
35 876 4.730859e-01 0 0 6.669079e-02 1.863310e-01 2.110538e-01 1.683495e-01 1.200470e-01 9.110774e-02 3.387754e-01 1.910653e-01 9.950285e-02 
36 901 4.270462e-01 0 0 5.903460e-02 1.638836e-01 1.861730e-01 1.525598e-01 1.099177e-01 8.501058e-02 3.075465e-01 1.710262e-01 8.718958e-02 
37 926 4.240213e-01 0 0 5.750294e-02 1.597135e-01 1.841706e-01 1.581882e-01 1.125592e-01 8.511030e-02 2.966642e-01 1.696546e-01 8.791429e-02 
38 951 4.051374e-01 0 0 5.381488e-02 1.488553e-01 1.703284e-01 1.526448e-01 1.063741e-01 7.955485e-02 2.773586e-01 1.599298e-01 8.470062e-02 
39 976 3.763620e-01 0 0 4.902933e-02 1.357248e-01 1.548497e-01 1.424649e-01 9.801876e-02 7.263389e-02 2.533958e-01 1.437881e-01 7.621884e-02 
40 1001 3.806523e-01 0 0 4.938606e-02 1.340490e-01 1.511970e-01 1.417323e-01 9.676880e-02 7.792671e-02 2.498792e-01 1.422796e-01 7.668910e-02 
41 1026 3.542059e-01 0 0 4.436131e-02 1.212355e-01 1.374933e-01 1.285391e-01 8.935160e-02 7.334384e-02 2.411054e-01 1.309757e-01 7.674096e-02 
42 1051 3.413248e-01 0 0 4.303120e-02 1.143222e-01 1.320026e-01 1.223869e-01 8.375305e-02 6.958782e-02 2.249027e-01 1.293188e-01 7.378388e-02 
43 1076 3.402146e-01 0 0 4.267286e-02 1.186543e-01 1.321543e-01 1.211938e-01 8.196517e-02 7.104007e-02 2.244052e-01 1.283526e-01 7.320529e-02 
44 1101 3.187993e-01 0 0 3.855217e-02 1.098719e-01 1.228686e-01 1.087599e-01 7.845199e-02 6.649610e-02 2.036790e-01 1.217821e-01 6.844961e-02 
45 1126 2.987419e-01 0 0 3.566317e-02 1.043952e-01 1.162731e-01 9.951460e-02 7.245389e-02 5.984886e-02 1.891143e-01 1.151887e-01 6.256605e-02 
46 1151 2.584769e-01 0 0 2.992532e-02 8.999277e-02 9.812011e-02 8.635279e-02 6.208307e-02 5.066459e-02 1.639425e-01 1.000092e-01 5.350006e-02 
47 1176 2.505619e-01 0 0 2.828381e-02 8.621853e-02 9.357093e-02 8.414915e-02 6.070966e-02 4.928901e-02 1.566385e-01 9.658818e-02 5.410463e-02 
48 1201 2.433615e-01 0 0 2.733733e-02 8.328854e-02 9.529243e-02 8.383771e-02 5.665538e-02 4.665810e-02 1.505446e-01 9.480692e-02 5.164203e-02 
49 1226 2.722961e-01 0 0 3.102972e-02 9.197557e-02 1.047404e-01 9.277803e-02 6.255079e-02 5.255068e-02 1.798874e-01 1.078495e-01 5.764564e-02 
50 1251 2.732551e-01 0 0 3.019054e-02 8.949679e-02 1.021473e-01 9.051231e-02 6.286647e-02 5.238885e-02 1.799858e-01 1.078558e-01 5.607235e-02 
51 1276 2.733432e-01 0 0 3.028023e-02 8.717617e-02 1.014767e-01 8.858270e-02 6.148108e-02 5.213996e-02 1.853073e-01 1.087072e-01 5.461352e-02 
52 1301 2.903159e-01 0 0 3.139603e-02 9.440919e-02 1.076963e-01 9.272109e-02 6.443943e-02 5.753735e-02 1.989918e-01 1.142865e-01 5.668435e-02 
53 1326 2.581376e-01 0 0 2.760592e-02 8.153930e-02 9.546595e-02 7.981360e-02 5.605190e-02 5.206743e-02 1.766708e-01 1.008930e-01 4.971102e-02 
54 1351 2.253692e-01 0 0 2.409272e-02 7.211640e-02 8.064045e-02 7.032676e-02 4.735403e-02 4.464804e-02 1.506421e-01 8.688782e-02 4.241407e-02 
55 1376 2.088863e-01 0 0 2.285369e-02 6.483995e-02 7.193131e-02 6.450418e-02 4.313691e-02 4.096007e-02 1.373137e-01 8.001316e-02 3.883143e-02 
56 1401 1.991314e-01 0 0 2.113810e-02 6.080181e-02 6.803648e-02 6.444975e-02 4.124546e-02 3.957341e-02 1.280436e-01 7.535939e-02 3.706612e-02 
57 1426 2.074514e-01 0 0 2.298015e-02 6.444354e-02 6.975559e-02 7.054386e-02 4.238092e-02 4.036696e-02 1.388342e-01 8.117556e-02 3.725923e-02 
58 1451 1.900790e-01 0 0 2.064048e-02 5.907798e-02 6.197754e-02 6.447480e-02 3.948590e-02 3.626566e-02 1.275042e-01 7.295963e-02 3.355158e-02 
59 1476 1.892409e-01 0 0 1.984392e-02 6.080821e-02 6.234625e-02 6.540709e-02 3.881486e-02 3.899668e-02 1.270275e-01 7.154079e-02 3.197044e-02 
60 1501 1.915817e-01 0 0 1.993622e-02 6.242626e-02 6.226741e-02 6.776952e-02 4.057953e-02 3.826844e-02 1.298476e-01 7.236253e-02 3.236452e-02 
61 1526 1.717211e-01 0 0 1.738009e-02 5.650839e-02 5.642877e-02 6.072495e-02 3.591012e-02 3.449127e-02 1.129937e-01 6.299089e-02 2.848911e-02 
62 1551 1.873736e-01 0 0 1.884737e-02 6.234589e-02 6.408841e-02 6.473373e-02 3.946489e-02 3.820271e-02 1.202447e-01 6.914850e-02 3.242132e-02 
63 1576 1.897926e-01 0 0 1.846677e-02 6.349899e-02 6.796593e-02 6.702903e-02 3.989287e-02 3.771665e-02 1.188364e-01 6.876435e-02 3.444066e-02 
64 1601 1.845891e-01 0 0 1.758072e-02 5.985549e-02 6.619365e-02 6.403769e-02 4.033002e-02 3.669300e-02 1.127859e-01 6.641618e-02 3.331983e-02 
65 1626 1.845652e-01 0 0 1.752869e-02 5.856170e-02 6.626242e-02 6.251676e-02 3.957776e-02 3.654969e-02 1.109631e-01 6.650354e-02 3.287238e-02 
66 1651 1.761115e-01 0 0 1.611719e-02 5.549499e-02 6.359835e-02 5.818828e-02 3.730947e-02 3.809350e-02 1.042215e-01 6.218609e-02 3.159422e-02 
67 1676 1.758750e-01 0 0 1.594056e-02 5.498073e-02 6.442682e-02 5.866349e-02 3.762962e-02 3.808803e-02 1.018011e-01 6.087855e-02 3.141979e-02 
68 1701 1.777156e-01 0 0 1.582950e-02 5.686695e-02 6.859290e-02 5.814937e-02 3.770687e-02 3.885991e-02 1.019105e-01 6.079962e-02 3.117021e-02 
69 1726 1.471005e-01 0 0 1.264446e-02 4.560845e-02 5.670455e-02 4.658357e-02 3.109143e-02 3.190286e-02 8.442802e-02 4.965320e-02 2.560907e-02 
70 1751 1.517689e-01 0 0 1.297715e-02 4.619166e-02 5.793076e-02 4.807369e-02 3.211272e-02 3.313286e-02 8.373958e-02 5.034873e-02 2.751554e-02 
71 1776 1.310520e-01 0 0 1.089531e-02 4.125133e-02 4.900238e-02 4.222645e-02 2.778825e-02 2.866281e-02 7.081171e-02 4.405246e-02 2.291314e-02 
72 1801 1.299779e-01 0 0 1.065806e-02 4.065473e-02 4.655425e-02 4.243630e-02 2.887214e-02 2.881232e-02 6.870067e-02 4.310147e-02 2.281815e-02 
73 1826 1.303834e-01 0 0 1.071836e-02 4.153638e-02 4.719921e-02 4.263209e-02 2.926065e-02 2.864763e-02 6.844797e-02 4.290378e-02 2.411121e-02 
74 1851 1.346217e-01 0 0 1.074617e-02 4.283298e-02 5.375384e-02 4.397009e-02 3.097001e-02 2.953760e-02 6.843776e-02 4.585263e-02 2.591088e-02 
75 1876 1.302386e-01 0 0 9.973309e-03 4.084508e-02 5.076567e-02 4.300507e-02 3.005462e-02 2.845013e-02 6.388808e-02 4.425370e-02 2.587473e-02 
76 1901 1.352677e-01 0 0 9.959297e-03 4.231758e-02 5.423654e-02 4.363356e-02 3.126384e-02 2.869992e-02 6.698655e-02 4.576621e-02 2.983052e-02 
77 1926 1.523621e-01 0 0 1.080174e-02 4.595951e-02 6.342013e-02 5.160983e-02 3.890865e-02 3.217574e-02 7.493155e-02 5.276448e-02 3.514240e-02 
78 1951 1.625926e-01 0 0 1.145720e-02 5.225351e-02 6.793811e-02 5.502406e-02 4.131565e-02 3.421793e-02 8.058651e-02 5.752178e-02 3.955696e-02 
79 1976 1.529030e-01 0 0 1.048518e-02 4.812290e-02 6.464501e-02 5.241884e-02 3.746090e-02 3.177848e-02 7.347179e-02 5.262130e-02 3.735353e-02 
80 2001 1.465713e-01 0 0 9.791299e-03 4.428789e-02 5.995676e-02 5.270220e-02 3.523453e-02 3.004932e-02 6.993547e-02 5.222764e-02 3.582274e-02 
81 2026 1.574108e-01 0 0 1.024251e-02 4.853737e-02 6.618705e-02 5.697203e-02 3.928649e-02 3.126820e-02 7.402340e-02 5.530031e-02 4.138144e-02 
82 2051 1.800438e-01 0 0 1.132485e-02 5.757154e-02 7.679287e-02 6.765476e-02 4.331860e-02 3.585109e-02 8.396148e-02 6.215918e-02 4.850850e-02 
83 2076 1.706910e-01 0 0 1.039998e-02 5.395338e-02 7.150563e-02 6.559396e-02 3.972391e-02 3.405518e-02 8.363408e-02 5.767972e-02 4.577214e-02 
84 2101 1.643172e-01 0 0 9.777904e-03 5.122150e-02 6.824257e-02 6.380147e-02 3.884692e-02 3.549308e-02 7.892292e-02 5.391554e-02 4.379935e-02 
85 2126 1.492700e-01 0 0 8.851444e-03 4.544412e-02 6.069471e-02 5.772847e-02 3.524980e-02 3.262363e-02 7.105954e-02 5.085505e-02 3.856933e-02 
86 2151 1.305903e-01 0 0 7.425013e-03 3.843326e-02 5.199200e-02 4.972560e-02 3.035967e-02 2.782967e-02 6.096951e-02 4.306946e-02 3.271997e-02 
87 2176 1.331249e-01 0 0 7.858841e-03 3.780830e-02 5.114909e-02 4.898699e-02 3.033904e-02 3.073191e-02 6.187068e-02 4.361091e-02 3.419969e-02 
88 2201 1.201878e-01 0 0 6.887023e-03 3.358494e-02 4.615556e-02 4.254315e-02 2.629073e-02 2.718539e-02 5.455295e-02 3.809680e-02 3.052250e-02 
89 2226 1.186819e-01 0 0 6.680256e-03 3.370845e-02 4.744305e-02 4.171084e-02 2.529113e-02 2.618068e-02 5.305416e-02 3.700658e-02 2.916551e-02 
90 2251 1.076956e-01 0 0 6.138717e-03 3.099808e-02 4.352584e-02 3.721136e-02 2.276549e-02 2.367623e-02 4.780420e-02 3.300366e-02 2.546852e-02 
91 2276 1.089443e-01 0 0 6.358791e-03 3.109590e-02 4.469316e-02 3.823328e-02 2.271610e-02 2.317906e-02 4.838387e-02 3.280852e-02 2.471101e-02 
92 2301 1.115563e-01 0 0 6.518234e-03 3.406123e-02 4.656086e-02 3.846806e-02 2.274988e-02 2.401940e-02 5.116701e-02 3.372374e-02 2.460002e-02 
93 2326 1.137172e-01 0 0 6.494737e-03 3.396621e-02 4.646070e-02 3.885750e-02 2.243299e-02 2.429736e-02 5.519620e-02 3.402379e-02 2.415324e-02 
94 2351 1.125743e-01 0 0 6.436422e-03 3.275802e-02 4.527646e-02 3.759330e-02 2.166549e-02 2.439575e-02 5.389062e-02 3.544175e-02 2.312316e-02 
95 2376 1.083146e-01 0 0 6.460086e-03 3.083369e-02 4.235028e-02 3.650266e-02 2.043469e-02 2.299124e-02 5.107279e-02 3.419985e-02 2.150811e-02 
96 2401 1.029474e-01 0 0 6.111979e-03 2.880331e-02 3.890340e-02 3.420561e-02 1.882126e-02 2.136751e-02 4.750453e-02 3.293016e-02 2.005739e-02 
97 2426 1.051432e-01 0 0 6.198820e-03 3.058046e-02 3.967822e-02 3.604986e-02 1.937597e-02 2.216680e-02 4.765232e-02 3.377213e-02 1.997226e-02 
98 2451 1.089112e-01 0 0 6.646050e-03 3.240800e-02 4.339593e-02 3.804946e-02 1.949070e-02 2.337218e-02 5.106071e-02 3.412039e-02 1.983601e-02 
99 2476 1.040688e-01 0 0 6.127967e-03 3.037433e-02 4.131625e-02 3.598267e-02 1.801331e-02 2.231084e-02 4.802576e-02 3.167117e-02 1.825728e-02 
100 2501 1.019639e-01 0 0 5.951868e-03 3.011501e-02 4.090305e-02 3.428377e-02 1.725510e-02 2.157972e-02 4.819647e-02 3.097988e-02 1.714632e-02 
101 2526 9.478030e-02 0 0 5.364185e-03 2.812031e-02 3.726261e-02 3.148464e-02 1.607086e-02 1.944838e-02 4.483707e-02 2.806794e-02 1.529953e-02 
102 2551 8.598153e-02 0 0 4.721619e-03 2.551170e-02 3.311111e-02 2.764156e-02 1.421344e-02 1.737662e-02 4.002822e-02 2.458530e-02 1.333942e-02 
103 2576 7.547887e-02 0 0 4.302509e-03 2.337816e-02 3.069667e-02 2.382275e-02 1.223408e-02 1.533468e-02 3.590553e-02 2.226278e-02 1.135760e-02 
104 2601 6.464896e-02 0 0 3.620855e-03 2.010215e-02 2.612130e-02 2.010522e-02 1.034705e-02 1.277334e-02 2.994492e-02 1.859401e-02 9.447355e-03 
105 2626 6.032867e-02 0 0 3.254524e-03 1.946562e-02 2.396872e-02 1.835751e-02 9.634719e-03 1.141396e-02 2.938984e-02 1.688579e-02 8.460231e-03 
106 2651 6.459670e-02 0 0 3.481386e-03 2.204522e-02 2.584623e-02 1.923539e-02 1.019117e-02 1.238580e-02 3.154755e-02 1.776030e-02 8.838892e-03 
107 2676 7.215052e-02 0 0 3.891700e-03 2.449996e-02 2.838720e-02 2.124870e-02 1.109336e-02 1.505548e-02 3.493209e-02 1.904725e-02 9.440958e-03 
108 2701 8.713196e-02 0 0 4.769831e-03 3.285656e-02 3.608683e-02 2.625996e-02 1.312528e-02 1.952692e-02 4.522333e-02 2.298612e-02 1.091950e-02 
109 2726 7.885523e-02 0 0 4.183872e-03 2.917581e-02 3.189293e-02 2.337710e-02 1.157357e-02 1.765847e-02 4.054312e-02 2.071269e-02 9.472286e-03 
110 2751 6.946178e-02 0 0 3.583661e-03 2.552908e-02 2.720666e-02 2.041351e-02 9.798792e-03 1.519913e-02 3.505668e-02 1.748967e-02 8.007359e-03 
111 2776 5.751422e-02 0 0 2.889368e-03 2.052289e-02 2.161843e-02 1.626979e-02 8.041202e-03 1.230088e-02 2.798858e-02 1.399133e-02 6.416258e-03 
112 2801 5.540570e-02 0 0 2.689832e-03 1.912596e-02 2.043896e-02 1.535101e-02 7.851541e-03 1.219895e-02 2.731312e-02 1.346498e-02 5.945690e-03 
113 2826 5.214657e-02 0 0 2.462636e-03 1.773816e-02 1.886459e-02 1.457842e-02 7.341034e-03 1.159524e-02 2.562381e-02 1.215183e-02 5.521175e-03 
114 2851 5.036135e-02 0 0 2.326407e-03 1.650103e-02 1.795021e-02 1.395994e-02 6.892319e-03 1.112164e-02 2.383219e-02 1.198178e-02 5.142995e-03 
115 2876 4.667267e-02 0 0 2.142813e-03 1.505961e-02 1.621377e-02 1.306483e-02 6.199967e-03 1.002830e-02 2.194082e-02 1.104585e-02 4.563559e-03 
116 2901 4.990566e-02 0 0 2.324301e-03 1.599799e-02 1.795266e-02 1.479803e-02 6.685914e-03 1.096245e-02 2.375684e-02 1.168004e-02 4.782324e-03 
117 2926 4.722262e-02 0 0 2.178547e-03 1.476371e-02 1.671256e-02 1.413268e-02 6.584779e-03 1.028641e-02 2.213203e-02 1.073697e-02 4.358074e-03 
118 2951 3.904358e-02 0 0 1.762439e-03 1.183142e-02 1.400952e-02 1.156473e-02 5.388791e-03 8.608273e-03 1.776774e-02 8.653728e-03 3.431305e-03 
119 2976 4.100670e-02 0 0 1.820066e-03 1.323472e-02 1.520615e-02 1.196192e-02 5.464982e-03 9.083347e-03 2.015724e-02 9.190613e-03 3.472725e-03 
120 3001 3.588316e-02 0 0 1.557848e-03 1.128497e-02 1.323207e-02 1.013461e-02 4.712348e-03 7.833270e-03 1.740021e-02 7.766674e-03 2.948194e-03 
121 3026 3.156273e-02 0 0 1.409287e-03 9.804241e-03 1.127698e-02 9.120673e-03 3.977435e-03 6.747891e-03 1.511115e-02 6.704217e-03 2.489106e-03 
122 3051 3.065123e-02 0 0 1.386891e-03 9.608465e-03 1.125880e-02 9.018625e-03 3.878952e-03 6.506661e-03 1.450538e-02 6.274858e-03 2.364404e-03 
123 3076 2.846320e-02 0 0 1.270673e-03 8.957843e-03 1.043956e-02 8.106142e-03 3.576405e-03 6.010978e-03 1.315854e-02 6.207247e-03 2.110223e-03 
124 3101 2.905722e-02 0 0 1.282712e-03 9.136813e-03 1.055448e-02 8.062537e-03 3.557877e-03 6.113836e-03 1.318399e-02 6.558876e-03 2.082437e-03 
125 3126 2.770224e-02 0 0 1.203881e-03 8.540791e-03 9.805687e-03 7.440199e-03 3.295479e-03 5.699376e-03 1.229855e-02 6.052868e-03 1.916566e-03 
126 3151 2.731567e-02 0 0 1.163168e-03 8.228308e-03 9.606303e-03 7.103454e-03 3.310236e-03 5.564040e-03 1.172332e-02 6.068420e-03 1.885602e-03 
127 3176 2.444614e-02 0 0 1.006955e-03 7.222313e-03 8.248547e-03 6.350975e-03 2.949890e-03 4.919680e-03 1.055156e-02 5.336502e-03 1.618569e-03 
128 3201 2.556057e-02 0 0 1.101632e-03 8.316269e-03 9.183463e-03 6.907069e-03 3.010192e-03 5.192900e-03 1.255149e-02 5.574402e-03 1.675965e-03 
129 3226 2.605790e-02 0 0 1.084588e-03 8.599327e-03 9.701605e-03 6.913997e-03 2.994091e-03 5.305874e-03 1.281725e-02 5.669648e-03 1.689018e-03 
130 3251 2.712545e-02 0 0 1.180745e-03 8.903027e-03 1.057601e-02 6.950984e-03 3.119894e-03 5.628922e-03 1.371119e-02 5.767909e-03 1.739102e-03 
131 3276 3.029585e-02 0 0 1.301973e-03 1.001021e-02 1.166609e-02 7.741145e-03 3.685985e-03 6.444983e-03 1.488455e-02 6.433825e-03 1.893686e-03 
132 3301 3.341243e-02 0 0 1.413787e-03 1.118851e-02 1.269306e-02 8.905718e-03 4.013702e-03 7.049370e-03 1.677011e-02 7.096477e-03 2.038488e-03 
133 3326 2.902480e-02 0 0 1.219905e-03 9.608410e-03 1.095464e-02 7.638206e-03 3.436406e-03 6.054556e-03 1.442751e-02 6.007596e-03 1.721674e-03 
134 3351 2.795113e-02 0 0 1.184605e-03 9.313773e-03 1.088725e-02 7.343371e-03 3.202655e-03 5.650344e-03 1.375854e-02 5.606199e-03 1.601454e-03 
135 3376 3.127602e-02 0 0 1.398108e-03 1.024174e-02 1.194285e-02 8.149720e-03 3.764568e-03 6.224478e-03 1.508056e-02 6.771671e-03 1.731910e-03 
136 3401 2.991505e-02 0 0 1.328021e-03 9.478897e-03 1.099014e-02 8.036797e-03 3.696747e-03 5.855080e-03 1.400696e-02 6.382388e-03 1.584981e-03 
137 3426 2.693936e-02 0 0 1.184847e-03 8.575538e-03 1.037342e-02 7.170442e-03 3.312011e-03 5.317390e-03 1.271073e-02 5.564185e-03 1.366641e-03 
138 3451 2.499952e-02 0 0 1.114091e-03 7.744129e-03 9.390327e-03 6.504156e-03 3.124328e-03 4.907673e-03 1.155441e-02 5.069177e-03 1.284054e-03 
139 3476 2.758811e-02 0 0 1.246276e-03 8.727957e-03 1.054163e-02 7.082673e-03 3.564236e-03 5.368227e-03 1.336197e-02 5.478139e-03 1.389100e-03 
140 3501 2.558739e-02 0 0 1.128338e-03 7.978556e-03 9.699868e-03 6.477283e-03 3.287148e-03 5.081752e-03 1.212888e-02 5.118452e-03 1.244045e-03 
141 3526 2.473722e-02 0 0 1.059467e-03 7.409328e-03 9.010450e-03 5.992706e-03 3.073626e-03 4.868483e-03 1.122313e-02 4.740038e-03 1.212838e-03 
142 3551 2.398342e-02 0 0 1.047120e-03 7.758727e-03 8.663862e-03 5.679793e-03 2.878502e-03 4.549246e-03 1.125196e-02 4.684406e-03 1.133925e-03 
143 3576 2.337962e-02 0 0 1.032633e-03 7.532868e-03 8.197009e-03 5.549133e-03 2.763661e-03 4.632372e-03 1.101174e-02 4.704096e-03 1.067745e-03 
144 3601 2.380289e-02 0 0 1.034347e-03 7.418886e-03 8.022268e-03 5.434042e-03 2.762599e-03 4.734259e-03 1.107996e-02 4.812168e-03 1.069373e-03 
145 3626 2.425744e-02 0 0 1.050130e-03 7.442753e-03 8.181860e-03 5.352372e-03 2.779434e-03 4.694077e-03 1.140872e-02 4.844324e-03 1.054586e-03 
146 3651 2.289545e-02 0 0 9.710384e-04 6.888083e-03 7.704358e-03 4.927124e-03 2.570723e-03 4.311201e-03 1.070616e-02 4.513535e-03 1.007773e-03 
147 3676 2.003848e-02 0 0 8.694897e-04 6.028719e-03 6.685423e-03 4.263950e-03 2.194673e-03 3.849863e-03 9.435941e-03 4.032828e-03 8.588254e-04 
148 3701 1.948466e-02 0 0 8.273797e-04 5.863721e-03 6.380044e-03 4.125480e-03 2.070068e-03 3.622862e-03 9.062563e-03 4.006968e-03 8.203592e-04 
149 3726 2.121570e-02 0 0 8.636345e-04 6.423602e-03 6.829295e-03 4.473141e-03 2.281011e-03 4.058468e-03 9.650354e-03 4.363686e-03 9.034932e-04 
150 3751 1.832754e-02 0 0 7.654413e-04 5.550566e-03 5.877905e-03 3.819029e-03 1.936689e-03 3.475570e-03 8.358020e-03 3.788874e-03 7.625573e-04 
151 3776 2.047009e-02 0 0 8.619475e-04 5.893443e-03 6.297335e-03 4.180626e-03 2.117637e-03 4.071696e-03 9.444959e-03 4.259419e-03 8.220532e-04 
152 3801 2.054167e-02 0 0 8.608246e-04 6.304303e-03 6.509073e-03 4.296400e-03 2.097119e-03 4.071078e-03 9.705161e-03 4.204802e-03 8.075216e-04 
153 3826 2.187441e-02 0 0 9.726436e-04 6.927203e-03 7.349908e-03 4.571363e-03 2.169632e-03 4.243415e-03 1.093479e-02 4.449403e-03 8.461478e-04 
154 3851 2.287021e-02 0 0 1.096585e-03 7.299211e-03 8.144152e-03 4.932001e-03 2.248611e-03 4.541985e-03 1.187830e-02 4.519189e-03 8.585478e-04 
155 3876 2.167188e-02 0 0 1.029782e-03 6.699239e-03 7.546902e-03 4.583910e-03 2.069101e-03 4.345906e-03 1.095251e-02 4.277061e-03 8.123617e-04 
156 3901 2.229128e-02 0 0 1.077861e-03 7.012358e-03 8.043041e-03 4.908309e-03 2.284789e-03 4.579259e-03 1.166787e-02 4.313910e-03 8.357625e-04 
157 3926 2.064894e-02 0 0 1.006753e-03 6.493609e-03 7.694375e-03 4.478868e-03 2.065219e-03 4.127687e-03 1.125228e-02 4.090714e-03 7.647629e-04 
158 3951 2.158552e-02 0 0 1.071785e-03 7.099409e-03 8.595612e-03 4.678601e-03 2.090070e-03 4.241927e-03 1.214663e-02 4.372977e-03 7.978165e-04 
159 3976 2.122177e-02 0 0 1.098324e-03 7.286684e-03 8.940251e-03 4.792335e-03 2.072278e-03 4.373542e-03 1.235279e-02 4.186030e-03 8.111425e-04 
160 4001 1.920243e-02 0 0 9.758515e-04 6.482464e-03 7.984476e-03 4.218860e-03 1.954101e-03 3.973698e-03 1.092610e-02 3.797291e-03 7.191823e-04 
161 4026 1.601590e-02 0 0 7.924996e-04 5.162127e-03 6.361938e-03 3.489021e-03 1.592518e-03 3.279755e-03 8.767613e-03 3.152241e-03 5.795301e-04 
162 4051 1.577761e-02 0 0 7.845133e-04 5.094536e-03 6.251466e-03 3.520529e-03 1.578374e-03 3.293524e-03 8.829390e-03 3.276027e-03 5.607156e-04 
163 4076 1.346024e-02 0 0 6.508290e-04 4.170143e-03 5.100706e-03 2.942283e-03 1.333336e-03 2.804111e-03 7.345609e-03 2.742037e-03 4.654942e-04 
164 4101 1.274311e-02 0 0 6.180538e-04 3.988940e-03 4.730841e-03 2.673806e-03 1.233603e-03 2.612785e-03 6.992487e-03 2.682608e-03 4.509405e-04 
165 4126 1.161163e-02 0 0 5.736005e-04 3.603522e-03 4.324393e-03 2.485730e-03 1.093704e-03 2.315745e-03 6.389929e-03 2.463045e-03 4.002151e-04 
166 4151 1.098534e-02 0 0 5.616745e-04 3.449515e-03 4.061226e-03 2.295390e-03 9.887599e-04 2.241738e-03 6.161197e-03 2.385766e-03 3.635318e-04 
167 4176 1.112185e-02 0 0 5.686128e-04 3.551549e-03 4.213630e-03 2.480728e-03 1.015590e-03 2.198902e-03 6.176141e-03 2.436418e-03 3.690906e-04 
168 4201 1.205446e-02 0 0 6.402151e-04 4.144929e-03 5.071182e-03 2.915565e-03 1.120842e-03 2.353585e-03 6.897354e-03 2.658505e-03 4.062953e-04 
169 4226 1.213761e-02 0 0 6.242146e-04 4.094393e-03 5.149464e-03 2.919467e-03 1.158983e-03 2.388846e-03 6.788212e-03 2.594095e-03 3.987639e-04 
170 4251 1.308413e-02 0 0 6.769618e-04 4.539298e-03 5.818540e-03 3.283106e-03 1.326916e-03 2.544215e-03 7.553381e-03 2.708591e-03 4.323331e-04 
171 4276 1.281495e-02 0 0 6.644570e-04 4.439104e-03 5.735623e-03 3.280280e-03 1.295875e-03 2.565397e-03 7.417936e-03 2.657238e-03 4.201463e-04 
172 4301 1.213855e-02 0 0 6.139217e-04 4.139920e-03 5.365791e-03 3.071704e-03 1.240127e-03 2.394776e-03 6.971847e-03 2.483324e-03 3.841534e-04 
173 4326 1.220403e-02 0 0 6.498915e-04 4.286034e-03 5.479670e-03 3.274511e-03 1.214761e-03 2.382921e-03 7.294840e-03 2.475821e-03 3.733758e-04 
174 4351 1.253436e-02 0 0 6.985872e-04 4.588591e-03 5.861012e-03 3.434123e-03 1.236818e-03 2.363620e-03 7.627424e-03 2.717967e-03 3.732883e-04 
175 4376 1.248929e-02 0 0 7.175742e-04 4.668310e-03 6.102610e-03 3.580874e-03 1.204091e-03 2.436327e-03 7.899645e-03 2.717159e-03 3.756845e-04 
176 4401 1.200508e-02 0 0 7.062122e-04 4.435589e-03 5.795959e-03 3.520795e-03 1.158512e-03 2.303782e-03 7.572674e-03 2.530974e-03 3.554123e-04 
177 4426 1.136219e-02 0 0 6.589574e-04 4.256689e-03 5.466870e-03 3.261535e-03 1.081199e-03 2.138527e-03 7.162444e-03 2.449245e-03 3.283762e-04 
178 4451 1.156707e-02 0 0 7.075759e-04 4.469011e-03 6.126577e-03 3.595896e-03 1.102455e-03 2.166664e-03 7.683542e-03 2.461200e-03 3.296797e-04 
179 4476 1.194198e-02 0 0 7.446664e-04 4.622337e-03 6.390950e-03 3.746919e-03 1.117438e-03 2.162533e-03 8.084439e-03 2.537639e-03 3.368861e-04 
180 4501 1.180358e-02 0 0 7.325614e-04 4.816415e-03 6.476578e-03 3.781745e-03 1.081888e-03 2.044516e-03 8.034680e-03 2.536872e-03 3.368488e-04 
181 4526 1.320648e-02 0 0 8.031983e-04 5.414027e-03 7.101552e-03 4.166031e-03 1.198611e-03 2.212911e-03 8.828667e-03 2.918356e-03 4.030504e-04 
182 4551 1.386564e-02 0 0 8.244475e-04 5.654168e-03 7.293237e-03 4.288017e-03 1.222865e-03 2.279044e-03 9.024154e-03 2.983624e-03 4.076585e-04 
183 4576 1.468671e-02 0 0 8.467653e-04 5.999578e-03 7.750772e-03 4.576311e-03 1.281610e-03 2.387897e-03 9.586142e-03 3.232868e-03 4.305894e-04 
184 4601 1.432213e-02 0 0 8.309901e-04 5.807065e-03 7.433525e-03 4.460147e-03 1.251821e-03 2.414034e-03 9.425175e-03 3.412341e-03 4.156592e-04 
185 4626 1.377267e-02 0 0 7.947650e-04 5.618521e-03 7.193842e-03 4.268370e-03 1.160719e-03 2.247576e-03 9.081992e-03 3.266275e-03 3.914186e-04 
186 4651 1.384548e-02 0 0 7.716720e-04 5.535100e-03 7.094412e-03 4.197338e-03 1.275835e-03 2.257376e-03 8.904326e-03 3.264418e-03 3.822350e-04 
187 4676 1.338935e-02 0 0 7.489840e-04 5.280667e-03 6.766346e-03 3.951225e-03 1.246016e-03 2.168503e-03 8.631379e-03 3.135735e-03 3.565409e-04 
188 4701 1.227499e-02 0 0 7.033149e-04 4.829716e-03 6.165514e-03 3.601630e-03 1.112054e-03 1.977120e-03 7.845561e-03 2.833691e-03 3.219441e-04 
189 4726 1.199400e-02 0 0 6.797176e-04 4.659228e-03 5.927922e-03 3.453904e-03 1.056295e-03 1.874037e-03 7.589203e-03 2.766407e-03 3.083419e-04 
190 4751 1.076243e-02 0 0 6.094542e-04 4.145096e-03 5.242785e-03 3.039397e-03 9.220630e-04 1.692049e-03 6.743045e-03 2.446841e-03 2.684838e-04 
191 4776 9.861249e-03 0 0 5.801955e-04 3.937634e-03 4.833381e-03 2.775716e-03 8.552099e-04 1.579725e-03 6.374475e-03 2.254317e-03 2.416998e-04 
192 4801 9.077317e-03 0 0 5.372240e-04 3.645137e-03 4.426204e-03 2.538658e-03 7.777137e-04 1.449031e-03 5.917095e-03 2.063497e-03 2.194442e-04 
193 4826 8.162422e-03 0 0 4.756883e-04 3.295592e-03 3.986735e-03 2.225433e-03 7.165000e-04 1.325589e-03 5.271993e-03 1.805290e-03 1.976536e-04 
194 4851 6.789568e-03 0 0 4.048499e-04 2.723514e-03 3.311533e-03 1.837510e-03 6.054152e-04 1.138771e-03 4.374414e-03 1.476775e-03 1.617339e-04 
195 4876 5.931175e-03 0 0 3.408880e-04 2.286055e-03 2.776696e-03 1.576893e-03 5.194243e-04 1.012146e-03 3.669875e-03 1.243595e-03 1.360495e-04 
196 4901 6.467995e-03 0 0 3.751338e-04 2.589423e-03 3.198581e-03 1.741650e-03 5.980192e-04 1.115221e-03 4.037633e-03 1.314099e-03 1.524644e-04 
197 4926 7.439175e-03 0 0 4.419929e-04 3.063063e-03 3.756946e-03 2.210850e-03 6.946483e-04 1.304092e-03 4.722236e-03 1.479773e-03 1.732537e-04 
198 4951 7.309979e-03 0 0 4.472684e-04 2.977247e-03 3.698923e-03 2.162322e-03 6.903424e-04 1.341023e-03 4.577437e-03 1.417859e-03 1.652021e-04 
199 4976 7.869141e-03 0 0 4.891154e-04 3.196328e-03 4.070423e-03 2.382398e-03 7.473952e-04 1.512367e-03 4.937561e-03 1.481458e-03 1.758673e-04 
200 5001 7.945291e-03 0 0 4.853577e-04 3.184736e-03 4.072059e-03 2.470381e-03 7.457957e-04 1.505514e-03 4.849169e-03 1.477285e-03 1.768465e-04 
201 5026 7.495078e-03 0 0 4.505470e-04 2.915050e-03 3.741011e-03 2.314940e-03 7.036865e-04 1.382632e-03 4.487545e-03 1.356534e-03 1.662596e-04 
202 5051 7.441994e-03 0 0 4.532682e-04 2.970495e-03 3.840721e-03 2.281068e-03 7.273142e-04 1.363381e-03 4.525533e-03 1.365672e-03 1.635453e-04 
203 5076 7.896731e-03 0 0 4.977842e-04 3.207835e-03 4.090649e-03 2.407170e-03 7.448680e-04 1.395936e-03 4.928102e-03 1.518108e-03 1.733263e-04 
204 5101 7.102750e-03 0 0 4.435183e-04 2.810264e-03 3.591601e-03 2.129964e-03 6.577492e-04 1.263032e-03 4.328458e-03 1.347624e-03 1.525487e-04 
205 5126 6.513769e-03 0 0 4.041829e-04 2.531904e-03 3.251218e-03 1.894251e-03 5.963144e-04 1.141679e-03 3.944680e-03 1.274510e-03 1.413277e-04 
206 5151 6.193858e-03 0 0 3.842701e-04 2.351159e-03 3.017781e-03 1.784041e-03 5.637550e-04 1.068963e-03 3.656396e-03 1.227718e-03 1.358363e-04 
207 5176 6.135504e-03 0 0 3.735848e-04 2.255611e-03 2.926647e-03 1.743913e-03 5.495620e-04 1.021816e-03 3.491419e-03 1.174662e-03 1.331762e-04 
208 5201 6.072179e-03 0 0 3.595308e-04 2.156724e-03 2.793329e-03 1.687774e-03 5.378035e-04 9.851866e-04 3.356012e-03 1.156747e-03 1.314787e-04 
209 5226 5.851890e-03 0 0 3.598797e-04 2.167050e-03 2.762433e-03 1.693078e-03 5.145463e-04 9.629580e-04 3.370812e-03 1.104489e-03 1.283016e-04 
210 5251 6.502852e-03 0 0 3.918400e-04 2.421684e-03 3.030987e-03 1.845479e-03 5.710018e-04 1.097387e-03 3.769102e-03 1.201074e-03 1.438958e-04 
211 5276 8.113120e-03 0 0 4.864330e-04 3.047155e-03 3.812753e-03 2.287244e-03 7.099409e-04 1.349717e-03 4.711467e-03 1.455902e-03 1.773500e-04 
212 5301 8.046475e-03 0 0 4.685757e-04 2.972309e-03 3.743455e-03 2.209736e-03 6.965084e-04 1.305389e-03 4.567145e-03 1.410935e-03 1.710106e-04 
213 5326 7.541710e-03 0 0 4.544205e-04 2.827075e-03 3.627040e-03 2.123192e-03 6.848594e-04 1.229210e-03 4.379929e-03 1.354040e-03 1.559011e-04 
214 5351 8.642164e-03 0 0 5.162991e-04 3.339710e-03 4.369660e-03 2.513671e-03 8.376368e-04 1.412082e-03 5.143028e-03 1.632873e-03 1.767838e-04 
215 5376 9.215612e-03 0 0 5.326598e-04 3.466197e-03 4.552260e-03 2.632395e-03 8.927527e-04 1.488226e-03 5.373826e-03 1.717454e-03 1.870377e-04 
216 5401 1.045964e-02 0 0 6.132838e-04 3.935030e-03 5.197874e-03 3.014400e-03 1.012377e-03 1.641333e-03 6.088190e-03 2.071594e-03 2.388911e-04 
217 5426 1.263359e-02 0 0 7.735067e-04 4.888686e-03 6.505255e-03 3.766998e-03 1.215413e-03 1.938394e-03 7.773536e-03 2.708010e-03 2.888888e-04 
218 5451 1.245892e-02 0 0 7.513712e-04 4.747881e-03 6.280810e-03 3.615675e-03 1.221804e-03 1.957568e-03 7.572090e-03 2.706911e-03 2.770802e-04 
219 5476 1.127439e-02 0 0 6.691462e-04 4.222835e-03 5.585064e-03 3.197135e-03 1.129654e-03 1.769421e-03 6.718253e-03 2.454710e-03 2.437132e-04 
220 5501 1.137502e-02 0 0 6.517366e-04 4.158012e-03 5.522216e-03 3.112657e-03 1.128727e-03 1.748372e-03 6.522676e-03 2.405694e-03 2.381195e-04 
221 5526 1.046167e-02 0 0 5.862357e-04 3.679920e-03 4.935228e-03 2.756480e-03 1.032043e-03 1.607836e-03 5.809340e-03 2.208412e-03 2.119989e-04 
222 5551 1.112418e-02 0 0 6.106825e-04 3.918342e-03 5.221820e-03 2.855780e-03 1.086739e-03 1.691132e-03 6.277547e-03 2.277724e-03 2.216833e-04 
223 5576 1.112385e-02 0 0 5.974885e-04 3.830806e-03 5.056734e-03 2.766167e-03 1.046360e-03 1.665387e-03 6.190127e-03 2.345118e-03 2.194160e-04 
224 5601 1.006217e-02 0 0 5.438833e-04 3.594857e-03 4.638743e-03 2.532029e-03 9.308191e-04 1.471873e-03 5.860162e-03 2.076753e-03 1.995226e-04 
225 5626 1.066009e-02 0 0 5.727465e-04 3.762638e-03 4.817799e-03 2.633660e-03 9.513234e-04 1.540643e-03 6.261536e-03 2.169817e-03 2.055040e-04 
226 5651 1.068621e-02 0 0 5.669221e-04 3.705972e-03 4.743740e-03 2.621261e-03 9.516393e-04 1.572606e-03 6.207703e-03 2.138794e-03 2.022006e-04 
227 5676 1.056717e-02 0 0 5.785814e-04 3.957349e-03 4.925772e-03 2.667518e-03 9.277879e-04 1.521461e-03 6.479264e-03 2.077376e-03 2.006159e-04 
228 5701 1.014918e-02 0 0 5.466651e-04 3.762991e-03 4.662344e-03 2.515114e-03 8.745339e-04 1.475613e-03 6.202720e-03 1.947733e-03 1.854077e-04 
229 5726 1.031345e-02 0 0 5.443170e-04 3.739419e-03 4.622361e-03 2.496046e-03 8.627772e-04 1.460268e-03 6.150262e-03 1.919528e-03 1.814816e-04 
230 5751 1.135044e-02 0 0 5.944543e-04 4.058474e-03 5.049632e-03 2.716538e-03 9.222562e-04 1.583651e-03 6.766368e-03 2.104133e-03 1.944195e-04 
231 5776 1.122487e-02 0 0 5.913686e-04 4.057946e-03 4.932853e-03 2.653103e-03 9.204008e-04 1.593475e-03 6.753546e-03 2.172030e-03 1.866747e-04 
232 5801 1.211538e-02 0 0 6.259907e-04 4.399560e-03 5.309086e-03 2.838559e-03 9.615951e-04 1.675262e-03 7.158115e-03 2.311051e-03 2.004486e-04 
233 5826 1.087074e-02 0 0 5.473293e-04 3.883390e-03 4.687145e-03 2.512297e-03 8.391559e-04 1.442588e-03 6.316587e-03 2.027547e-03 1.791941e-04 
234 5851 9.080944e-03 0 0 4.539926e-04 3.189517e-03 3.851884e-03 2.027038e-03 6.945929e-04 1.208957e-03 5.201035e-03 1.674864e-03 1.484727e-04 
235 5876 8.159207e-03 0 0 4.077079e-04 2.859720e-03 3.460303e-03 1.793481e-03 6.125640e-04 1.078115e-03 4.712858e-03 1.529656e-03 1.324494e-04 
236 5901 8.548531e-03 0 0 4.410517e-04 3.097388e-03 3.719876e-03 1.920804e-03 6.358639e-04 1.127254e-03 5.149111e-03 1.646262e-03 1.394442e-04 
237 5926 9.226115e-03 0 0 4.658503e-04 3.256738e-03 3.911277e-03 2.098703e-03 7.146710e-04 1.250503e-03 5.431078e-03 1.725709e-03 1.493473e-04 
238 5951 8.730147e-03 0 0 4.423742e-04 3.129382e-03 3.768453e-03 1.932172e-03 6.683271e-04 1.158494e-03 5.265554e-03 1.635462e-03 1.407362e-04 
239 5976 8.769833e-03 0 0 4.668049e-04 3.311151e-03 4.050029e-03 2.095935e-03 6.703010e-04 1.120251e-03 5.527647e-03 1.614096e-03 1.385938e-04 
240 6001 9.098329e-03 0 0 4.705661e-04 3.343151e-03 4.086486e-03 2.127127e-03 6.745342e-04 1.132126e-03 5.561108e-03 1.635186e-03 1.416182e-04 
241 6026 8.456206e-03 0 0 4.340111e-04 3.092046e-03 3.760160e-03 1.986411e-03 6.027543e-04 1.014404e-03 5.123055e-03 1.554837e-03 1.289269e-04 
242 6051 9.008385e-03 0 0 4.582825e-04 3.219868e-03 3.904249e-03 2.053279e-03 6.450873e-04 1.070852e-03 5.380090e-03 1.685659e-03 1.350989e-04 
243 6076 9.103969e-03 0 0 4.465601e-04 3.144223e-03 3.802118e-03 2.019863e-03 6.513201e-04 1.058413e-03 5.246241e-03 1.729217e-03 1.306910e-04 
244 6101 7.988448e-03 0 0 3.983755e-04 2.855756e-03 3.419985e-03 1.816846e-03 5.605282e-04 9.190868e-04 4.742849e-03 1.485911e-03 1.124766e-04 
245 6126 7.585519e-03 0 0 3.752875e-04 2.722931e-03 3.248326e-03 1.806412e-03 5.280287e-04 8.701315e-04 4.454841e-03 1.361421e-03 1.050793e-04 
246 6151 7.312802e-03 0 0 3.645070e-04 2.642327e-03 3.115793e-03 1.711200e-03 5.129230e-04 8.525810e-04 4.288154e-03 1.333003e-03 9.887936e-05 
247 6176 6.778598e-03 0 0 3.295282e-04 2.443137e-03 2.882897e-03 1.560020e-03 4.707934e-04 7.909834e-04 3.903168e-03 1.215591e-03 9.191072e-05 
248 6201 6.526452e-03 0 0 3.085135e-04 2.295688e-03 2.683752e-03 1.477443e-03 4.415714e-04 7.409690e-04 3.646113e-03 1.196038e-03 8.655482e-05 
249 6226 7.084237e-03 0 0 3.269095e-04 2.453523e-03 2.847659e-03 1.574171e-03 4.884808e-04 7.920584e-04 3.883546e-03 1.303293e-03 9.237804e-05 
250 6251 6.258939e-03 0 0 2.876020e-04 2.136176e-03 2.491718e-03 1.358605e-03 4.244843e-04 6.866476e-04 3.387040e-03 1.141374e-03 8.231856e-05 
251 6276 6.269183e-03 0 0 2.966575e-04 2.175971e-03 2.558619e-03 1.424686e-03 4.414749e-04 7.364148e-04 3.438943e-03 1.141250e-03 8.012228e-05 
252 6301 5.389049e-03 0 0 2.553907e-04 1.874009e-03 2.182479e-03 1.196935e-03 3.712044e-04 6.252873e-04 2.973564e-03 9.881774e-04 6.688663e-05 
253 6326 4.746476e-03 0 0 2.262141e-04 1.642812e-03 1.918847e-03 1.089076e-03 3.157958e-04 5.309841e-04 2.599783e-03 8.547769e-04 5.800677e-05 
254 6351 5.137909e-03 0 0 2.395628e-04 1.741809e-03 2.041871e-03 1.171410e-03 3.576058e-04 5.881835e-04 2.784136e-03 9.224019e-04 6.163762e-05 
255 6376 5.242800e-03 0 0 2.408800e-04 1.742409e-03 2.041699e-03 1.158411e-03 3.663145e-04 5.968194e-04 2.806847e-03 9.173016e-04 6.153435e-05 
256 6401 5.314530e-03 0 0 2.509310e-04 1.814546e-03 2.123658e-03 1.203456e-03 3.696123e-04 6.126124e-04 2.904736e-03 9.208107e-04 6.490488e-05 
257 6426 4.655752e-03 0 0 2.142182e-04 1.569106e-03 1.822007e-03 1.024228e-03 3.105797e-04 5.227755e-04 2.494993e-03 8.010732e-04 5.826876e-05 
258 6451 4.563563e-03 0 0 2.062632e-04 1.516087e-03 1.785283e-03 9.900636e-04 3.191768e-04 5.158822e-04 2.389713e-03 7.615039e-04 5.559662e-05 
259 6476 4.450597e-03 0 0 1.950648e-04 1.439135e-03 1.680397e-03 9.463767e-04 3.059999e-04 4.971747e-04 2.296798e-03 7.275389e-04 5.389480e-05 
260 6501 4.447201e-03 0 0 1.943241e-04 1.446572e-03 1.682006e-03 9.482762e-04 3.078170e-04 5.062737e-04 2.305204e-03 7.184232e-04 5.363534e-05 
261 6526 3.906489e-03 0 0 1.672768e-04 1.251178e-03 1.451030e-03 8.137429e-04 2.746444e-04 4.532261e-04 1.971206e-03 6.312203e-04 4.693603e-05 
262 6551 3.924184e-03 0 0 1.646790e-04 1.214292e-03 1.403171e-03 7.892229e-04 2.708733e-04 4.538308e-04 1.918540e-03 6.519827e-04 4.672180e-05 
263 6576 3.921937e-03 0 0 1.642592e-04 1.194649e-03 1.364550e-03 7.864693e-04 2.819188e-04 4.428631e-04 1.884091e-03 6.569090e-04 4.662742e-05 
264 6601 4.498835e-03 0 0 1.842911e-04 1.332946e-03 1.528080e-03 8.892772e-04 3.152233e-04 4.882191e-04 2.151323e-03 7.681057e-04 5.240968e-05 
265 6626 5.010303e-03 0 0 2.150238e-04 1.565350e-03 1.787276e-03 9.738309e-04 3.625783e-04 5.505015e-04 2.592070e-03 8.850515e-04 5.691059e-05 
266 6651 5.705013e-03 0 0 2.411841e-04 1.751202e-03 1.975421e-03 1.149354e-03 4.056118e-04 6.385394e-04 2.895363e-03 9.898499e-04 6.974387e-05 
267 6676 5.381095e-03 0 0 2.367278e-04 1.717573e-03 1.943099e-03 1.089482e-03 3.685924e-04 5.754734e-04 2.833665e-03 9.675351e-04 6.525831e-05 
268 6701 5.059389e-03 0 0 2.254532e-04 1.623168e-03 1.817689e-03 1.034619e-03 3.488538e-04 5.326582e-04 2.704015e-03 9.356570e-04 6.060220e-05 
269 6726 4.985031e-03 0 0 2.234619e-04 1.616485e-03 1.810797e-03 1.004452e-03 3.307438e-04 5.092814e-04 2.702324e-03 9.168980e-04 5.882157e-05 
270 6751 4.370630e-03 0 0 1.943960e-04 1.401138e-03 1.580622e-03 8.635291e-04 2.835629e-04 4.361306e-04 2.355825e-03 7.881411e-04 5.008267e-05 
271 6776 4.210094e-03 0 0 1.833075e-04 1.331731e-03 1.496528e-03 8.316672e-04 2.695918e-04 4.305229e-04 2.255819e-03 7.764111e-04 4.899542e-05 
272 6801 3.840595e-03 0 0 1.643588e-04 1.191520e-03 1.339671e-03 7.389805e-04 2.438064e-04 3.954156e-04 2.034898e-03 6.995911e-04 4.271640e-05 
273 6826 3.487084e-03 0 0 1.491893e-04 1.056680e-03 1.187357e-03 6.755979e-04 2.232825e-04 3.573430e-04 1.812383e-03 6.182071e-04 3.812889e-05 
274 6851 3.225516e-03 0 0 1.326092e-04 9.434999e-04 1.057637e-03 6.012284e-04 2.025956e-04 3.264314e-04 1.613887e-03 5.620104e-04 3.502112e-05 
275 6876 3.179851e-03 0 0 1.249406e-04 8.934955e-04 9.984749e-04 5.749516e-04 2.047616e-04 3.212861e-04 1.523389e-03 5.684067e-04 3.392218e-05 
276 6901 2.901201e-03 0 0 1.130708e-04 8.054853e-04 9.051281e-04 5.095016e-04 1.849534e-04 2.919941e-04 1.372252e-03 5.073965e-04 3.132160e-05 
277 6926 2.429093e-03 0 0 9.217120e-05 6.573330e-04 7.401291e-04 4.268343e-04 1.574834e-04 2.497672e-04 1.141471e-03 4.210500e-04 2.514347e-05 
278 6951 2.483106e-03 0 0 9.127253e-05 6.474366e-04 7.319801e-04 4.291697e-04 1.550011e-04 2.500322e-04 1.120110e-03 4.150138e-04 2.497198e-05 
279 6976 2.327215e-03 0 0 8.331296e-05 6.058912e-04 6.743342e-04 3.882972e-04 1.400487e-04 2.256377e-04 1.033271e-03 3.842392e-04 2.340143e-05 
280 7001 2.395513e-03 0 0 8.378322e-05 6.374358e-04 6.916158e-04 4.026958e-04 1.471438e-04 2.300687e-04 1.073783e-03 4.011541e-04 2.379259e-05 
281 7026 2.213807e-03 0 0 7.679119e-05 5.805189e-04 6.279785e-04 3.716192e-04 1.328619e-04 2.107775e-04 9.764705e-04 3.680551e-04 2.136221e-05 
282 7051 2.218701e-03 0 0 7.908991e-05 5.964546e-04 6.376091e-04 3.693662e-04 1.322143e-04 2.182283e-04 1.023787e-03 3.644608e-04 2.111498e-05 
283 7076 2.221964e-03 0 0 7.790855e-05 5.923808e-04 6.366534e-04 3.810511e-04 1.326444e-04 2.277503e-04 9.998789e-04 3.742903e-04 2.168390e-05 
284 7101 2.434103e-03 0 0 8.684717e-05 6.440391e-04 6.877004e-04 4.137054e-04 1.434873e-04 2.475417e-04 1.075171e-03 4.241853e-04 2.327251e-05 
285 7126 2.287874e-03 0 0 8.298043e-05 6.030872e-04 6.373397e-04 3.762084e-04 1.334579e-04 2.311959e-04 1.024098e-03 4.145858e-04 2.209105e-05 
286 7151 2.439920e-03 0 0 9.019259e-05 6.496380e-04 6.876366e-04 3.954586e-04 1.393806e-04 2.478874e-04 1.114997e-03 4.540349e-04 2.255256e-05 
287 7176 2.242339e-03 0 0 8.100593e-05 5.881452e-04 6.208198e-04 3.582858e-04 1.270322e-04 2.255868e-04 1.019826e-03 4.127888e-04 2.044105e-05 
288 7201 2.200704e-03 0 0 7.665932e-05 5.626101e-04 5.913113e-04 3.439118e-04 1.268700e-04 2.243341e-04 9.787238e-04 4.020125e-04 1.983588e-05 
289 7226 2.217224e-03 0 0 7.626019e-05 5.560521e-04 5.794596e-04 3.521623e-04 1.282980e-04 2.222912e-04 9.546123e-04 4.036641e-04 1.990794e-05 
290 7251 2.416305e-03 0 0 8.242046e-05 6.013741e-04 6.248693e-04 3.825917e-04 1.387166e-04 2.419195e-04 1.048189e-03 4.401710e-04 2.166437e-05 
291 7276 2.372884e-03 0 0 8.163535e-05 5.811247e-04 6.057979e-04 3.678173e-04 1.363145e-04 2.328321e-04 1.020001e-03 4.317988e-04 2.092994e-05 
292 7301 2.330237e-03 0 0 7.838733e-05 5.483072e-04 5.713120e-04 3.495621e-04 1.348476e-04 2.259203e-04 9.628934e-04 4.191610e-04 1.989233e-05 
293 7326 2.137546e-03 0 0 7.469338e-05 5.166252e-04 5.371216e-04 3.190000e-04 1.258409e-04 2.106928e-04 9.153929e-04 3.799494e-04 1.838241e-05 
294 7351 1.965155e-03 0 0 6.952122e-05 4.656394e-04 4.801369e-04 2.916362e-04 1.146733e-04 1.938039e-04 8.333820e-04 3.414459e-04 1.708142e-05 
295 7376 1.884426e-03 0 0 6.748968e-05 4.528783e-04 4.730657e-04 2.867650e-04 1.079981e-04 1.812166e-04 8.032086e-04 3.296396e-04 1.608891e-05 
296 7401 1.889286e-03 0 0 6.669245e-05 4.517919e-04 4.714217e-04 2.830704e-04 1.057676e-04 1.870498e-04 7.914847e-04 3.318109e-04 1.569152e-05 
297 7426 1.680167e-03 0 0 5.829646e-05 3.965925e-04 4.127609e-04 2.464247e-04 9.335829e-05 1.660156e-04 6.938013e-04 2.929734e-04 1.373087e-05 
298 7451 1.539575e-03 0 0 5.225972e-05 3.517235e-04 3.663989e-04 2.194065e-04 8.583553e-05 1.556987e-04 6.156284e-04 2.599856e-04 1.228351e-05 
299 7476 1.504310e-03 0 0 4.956351e-05 3.326042e-04 3.465991e-04 2.140394e-04 8.238697e-05 1.473045e-04 5.879358e-04 2.473992e-04 1.205071e-05 
300 7501 1.516757e-03 0 0 4.937674e-05 3.464095e-04 3.626767e-04 2.128250e-04 8.479958e-05 1.519103e-04 6.147121e-04 2.480510e-04 1.213053e-05 
301 7526 1.601277e-03 0 0 5.204427e-05 3.665263e-04 3.827916e-04 2.309028e-04 8.902188e-05 1.584038e-04 6.561182e-04 2.683064e-04 1.266351e-05 
302 7551 1.916765e-03 0 0 6.141692e-05 4.326752e-04 4.594097e-04 2.793126e-04 1.052278e-04 1.914675e-04 7.624700e-04 3.238274e-04 1.470451e-05 
303 7576 2.227708e-03 0 0 7.177281e-05 4.955581e-04 5.238440e-04 3.477045e-04 1.227571e-04 2.226311e-04 8.740967e-04 3.694419e-04 1.693004e-05 
304 7601 2.298700e-03 0 0 7.606016e-05 5.419197e-04 5.764503e-04 3.600901e-04 1.301196e-04 2.259855e-04 9.586428e-04 3.995986e-04 1.747732e-05 
305 7626 2.567855e-03 0 0 8.234575e-05 5.808165e-04 6.261374e-04 4.104666e-04 1.432916e-04 2.441315e-04 1.033602e-03 4.341505e-04 2.000747e-05 
306 7651 2.539496e-03 0 0 8.203027e-05 5.829757e-04 6.388557e-04 3.984044e-04 1.438199e-04 2.427772e-04 1.042104e-03 4.174648e-04 1.975330e-05 
307 7676 2.436823e-03 0 0 7.637182e-05 5.411165e-04 5.937690e-04 3.706127e-04 1.353852e-04 2.247680e-04 9.622668e-04 3.858880e-04 1.845325e-05 
308 7701 2.436652e-03 0 0 7.753031e-05 5.672674e-04 6.228330e-04 3.739367e-04 1.372858e-04 2.235720e-04 1.031684e-03 4.172444e-04 1.816178e-05 
309 7726 2.695225e-03 0 0 8.323993e-05 6.173003e-04 6.856329e-04 4.046798e-04 1.616702e-04 2.555672e-04 1.135425e-03 4.634218e-04 1.998730e-05 
310 7751 3.219285e-03 0 0 9.727327e-05 7.227303e-04 8.084012e-04 4.920085e-04 1.874002e-04 3.041565e-04 1.341055e-03 5.583160e-04 2.329524e-05 
311 7776 2.955344e-03 0 0 8.927721e-05 6.615055e-04 7.411378e-04 4.387416e-04 1.720113e-04 2.802931e-04 1.222918e-03 5.068789e-04 2.146923e-05 
312 7801 3.043038e-03 0 0 8.986187e-05 6.671235e-04 7.493096e-04 4.432643e-04 1.749231e-04 2.821674e-04 1.227494e-03 5.130974e-04 2.151609e-05 
313 7826 3.013959e-03 0 0 8.675937e-05 6.653631e-04 7.601403e-04 4.339952e-04 1.674557e-04 2.706141e-04 1.208764e-03 5.050140e-04 2.090545e-05 
314 7851 2.833177e-03 0 0 7.912705e-05 6.053823e-04 6.958316e-04 4.012502e-04 1.567663e-04 2.469509e-04 1.104109e-03 4.598877e-04 2.030814e-05 
315 7876 2.577599e-03 0 0 7.121815e-05 5.416389e-04 6.221301e-04 3.657390e-04 1.415932e-04 2.177425e-04 9.903150e-04 4.126099e-04 1.795254e-05 
316 7901 2.690394e-03 0 0 7.547653e-05 5.772617e-04 6.625500e-04 3.721724e-04 1.444089e-04 2.197141e-04 1.046688e-03 4.261624e-04 1.952364e-05 
317 7926 2.375122e-03 0 0 6.685900e-05 5.005574e-04 5.782725e-04 3.282470e-04 1.268444e-04 1.887995e-04 9.149280e-04 3.642011e-04 1.695073e-05 
318 7951 2.320507e-03 0 0 6.619851e-05 4.798243e-04 5.538080e-04 3.300868e-04 1.234717e-04 1.853844e-04 8.728000e-04 3.573001e-04 1.666136e-05 
319 7976 2.307908e-03 0 0 6.563229e-05 4.645374e-04 5.350336e-04 3.281054e-04 1.217461e-04 1.822054e-04 8.508198e-04 3.464860e-04 1.657182e-05 
