%  columns="iteration, evaluation, void, void, void, xmean" (startseed=213456, 2015/08/22 14:52:23.56)
0 1 0 0 0 1.000000e+00 1.000000e+00 1.000000e+00 1.000000e+00 1.000000e+00 1.000000e+00 1.000000e+00 1.000000e+00 1.000000e+00 
1 26 0 0 0 1.079832e+00 1.004343e+00 9.416056e-01 1.021236e+00 1.565240e+01 9.959723e-01 8.560335e-01 3.007184e-01 9.872665e-01 
2 51 0 0 0 1.010904e+00 1.220586e+00 7.041884e-01 8.967104e-01 1.727062e+01 8.248432e-01 7.192702e-01 -4.499348e-01 1.007969e+00 
3 76 0 0 0 9.287928e-01 1.396753e+00 7.559122e-01 4.500736e-01 2.627619e+01 6.898096e-01 9.343438e-01 3.065700e-01 8.531154e-01 
4 101 0 0 0 8.734668e-01 1.873676e+00 9.802339e-01 5.661935e-01 2.815683e+01 5.915682e-01 9.154201e-01 1.160296e+00 8.581977e-01 
5 126 0 0 0 8.253971e-01 2.219925e+00 1.098368e+00 5.851698e-01 2.368181e+01 6.421202e-01 7.461380e-01 9.761386e-01 7.641160e-01 
6 151 0 0 0 6.850354e-01 2.160869e+00 1.101950e+00 7.611549e-01 3.288145e+01 6.457266e-01 1.015702e+00 5.241220e-01 7.925969e-01 
7 176 0 0 0 7.687026e-01 1.141011e+00 1.387490e+00 6.932868e-01 3.383785e+01 5.838491e-01 9.622063e-01 5.837183e-01 7.637143e-01 
8 201 0 0 0 5.079582e-01 1.278819e+00 1.323291e+00 1.069799e+00 3.544489e+01 6.628276e-01 9.028245e-01 8.151584e-01 7.493266e-01 
9 226 0 0 0 4.686254e-01 1.489610e+00 1.483914e+00 1.029253e+00 3.524125e+01 6.971163e-01 1.038674e+00 7.908054e-01 7.206485e-01 
10 251 0 0 0 7.444825e-01 1.476898e+00 1.406137e+00 6.074124e-01 4.357925e+01 6.602368e-01 1.074666e+00 4.806787e-01 6.311489e-01 
11 276 0 0 0 7.612979e-01 1.869634e+00 1.287548e+00 6.243815e-01 3.994997e+01 6.649605e-01 1.157422e+00 4.853455e-01 6.937008e-01 
12 301 0 0 0 6.719310e-01 1.794220e+00 1.437031e+00 6.963939e-01 3.872417e+01 6.829904e-01 1.201086e+00 2.671450e-01 6.713166e-01 
13 326 0 0 0 6.924127e-01 1.754578e+00 1.359111e+00 5.203224e-01 4.197205e+01 6.706283e-01 1.353832e+00 2.935391e-01 6.706578e-01 
14 351 0 0 0 6.823869e-01 1.687248e+00 1.437613e+00 3.446523e-01 4.137889e+01 6.539433e-01 1.137816e+00 2.370014e-01 6.986473e-01 
15 376 0 0 0 6.680882e-01 1.592410e+00 1.434360e+00 3.801726e-01 4.155866e+01 6.783496e-01 1.078429e+00 3.711435e-01 6.657244e-01 
16 401 0 0 0 5.947176e-01 1.446696e+00 1.383977e+00 3.661695e-01 4.733841e+01 6.514316e-01 1.096809e+00 2.598539e-01 7.086744e-01 
17 426 0 0 0 4.334804e-01 1.432381e+00 1.449217e+00 4.290027e-01 4.554735e+01 7.103676e-01 1.151898e+00 3.361303e-01 6.586128e-01 
18 451 0 0 0 3.122165e-01 1.388929e+00 1.539243e+00 3.909173e-01 4.712482e+01 7.129553e-01 1.152007e+00 2.233400e-01 6.596490e-01 
19 476 0 0 0 3.015042e-01 9.408830e-01 1.581641e+00 4.440599e-01 4.288350e+01 8.222023e-01 1.212650e+00 3.523918e-01 6.742061e-01 
20 501 0 0 0 2.698279e-01 9.972871e-01 1.556625e+00 4.473265e-01 3.780155e+01 8.041000e-01 1.254354e+00 5.146124e-01 7.073904e-01 
21 526 0 0 0 3.223228e-01 8.250075e-01 1.626318e+00 4.073368e-01 3.857636e+01 9.300031e-01 1.346490e+00 4.785263e-01 7.420092e-01 
22 551 0 0 0 2.856341e-01 8.719068e-01 1.516444e+00 2.989936e-01 3.890901e+01 8.574739e-01 1.374144e+00 5.164990e-01 7.474606e-01 
23 576 0 0 0 2.476478e-01 6.857027e-01 1.573850e+00 2.476462e-01 3.798799e+01 8.825799e-01 1.381443e+00 5.036098e-01 7.233023e-01 
24 601 0 0 0 2.310824e-01 7.801441e-01 1.561317e+00 2.105512e-01 3.876220e+01 8.233961e-01 1.509044e+00 5.381135e-01 7.947476e-01 
25 626 0 0 0 3.127948e-01 7.064211e-01 1.383911e+00 2.404989e-01 4.036448e+01 8.449976e-01 1.489252e+00 4.969780e-01 8.624311e-01 
26 651 0 0 0 2.572689e-01 7.443121e-01 1.340572e+00 2.305932e-01 4.119812e+01 8.403252e-01 1.402769e+00 5.996257e-01 8.541824e-01 
27 676 0 0 0 2.941836e-01 9.232304e-01 1.253763e+00 1.735579e-01 4.226767e+01 8.146134e-01 1.425523e+00 5.965913e-01 8.586478e-01 
28 701 0 0 0 2.779111e-01 8.495480e-01 1.293335e+00 1.668600e-01 4.307630e+01 8.006457e-01 1.501828e+00 5.645802e-01 8.034756e-01 
29 726 0 0 0 2.911673e-01 8.341110e-01 1.380649e+00 1.861764e-01 4.253778e+01 8.470969e-01 1.439424e+00 4.779502e-01 8.107512e-01 
30 751 0 0 0 2.603071e-01 8.233473e-01 1.383332e+00 1.303953e-01 3.972044e+01 8.558463e-01 1.448069e+00 5.214989e-01 8.241292e-01 
31 776 0 0 0 2.919194e-01 7.596916e-01 1.358340e+00 1.368825e-01 3.920056e+01 8.071118e-01 1.407990e+00 5.522886e-01 8.523500e-01 
32 801 0 0 0 2.551859e-01 6.488679e-01 1.421920e+00 1.570570e-01 3.806977e+01 8.291409e-01 1.456557e+00 6.475085e-01 8.784377e-01 
33 826 0 0 0 2.021539e-01 8.808445e-01 1.440214e+00 1.500282e-01 3.796872e+01 7.907852e-01 1.502743e+00 6.549974e-01 8.495242e-01 
34 851 0 0 0 1.640173e-01 8.192962e-01 1.415005e+00 2.126757e-01 3.822482e+01 7.809614e-01 1.557672e+00 6.029417e-01 8.495774e-01 
35 876 0 0 0 1.690686e-01 8.147589e-01 1.367107e+00 1.645916e-01 3.524358e+01 8.149307e-01 1.499568e+00 7.037333e-01 8.559456e-01 
36 901 0 0 0 1.856429e-01 8.850780e-01 1.367760e+00 1.624882e-01 3.548005e+01 7.998570e-01 1.477732e+00 7.160489e-01 8.354254e-01 
37 926 0 0 0 1.508885e-01 7.782243e-01 1.363457e+00 2.116025e-01 3.534288e+01 7.810577e-01 1.501168e+00 6.346275e-01 8.164907e-01 
38 951 0 0 0 1.508834e-01 9.268433e-01 1.334650e+00 1.751599e-01 3.791671e+01 7.469833e-01 1.484728e+00 6.108108e-01 8.291622e-01 
39 976 0 0 0 2.026065e-01 9.684484e-01 1.269150e+00 1.611225e-01 4.004103e+01 7.149388e-01 1.419401e+00 5.671002e-01 8.683216e-01 
40 1001 0 0 0 2.202722e-01 9.538287e-01 1.272261e+00 1.873373e-01 4.171919e+01 6.784306e-01 1.417936e+00 4.715259e-01 8.872101e-01 
41 1026 0 0 0 2.413235e-01 9.598173e-01 1.276206e+00 1.809581e-01 4.063424e+01 7.004431e-01 1.412757e+00 4.684658e-01 8.858489e-01 
42 1051 0 0 0 2.008431e-01 1.038381e+00 1.296360e+00 1.697178e-01 3.984353e+01 6.828162e-01 1.458436e+00 5.048248e-01 8.724768e-01 
43 1076 0 0 0 2.246136e-01 1.008507e+00 1.280297e+00 1.575147e-01 3.727792e+01 6.666491e-01 1.417333e+00 5.100793e-01 8.808639e-01 
44 1101 0 0 0 1.741100e-01 9.627009e-01 1.314708e+00 2.086079e-01 3.713495e+01 6.921982e-01 1.393573e+00 4.816164e-01 8.890228e-01 
45 1126 0 0 0 2.011412e-01 9.011746e-01 1.281778e+00 2.118360e-01 3.917245e+01 7.109255e-01 1.398452e+00 4.066469e-01 9.096550e-01 
46 1151 0 0 0 1.921071e-01 8.633683e-01 1.298838e+00 2.136935e-01 3.815027e+01 7.059497e-01 1.425729e+00 4.174608e-01 9.138577e-01 
47 1176 0 0 0 2.119640e-01 7.706310e-01 1.290824e+00 2.266214e-01 3.839721e+01 6.937091e-01 1.413978e+00 3.850208e-01 9.196978e-01 
48 1201 0 0 0 2.447339e-01 8.437212e-01 1.285671e+00 1.919317e-01 3.985824e+01 6.995257e-01 1.406951e+00 3.954319e-01 9.184571e-01 
49 1226 0 0 0 2.513083e-01 8.111765e-01 1.225969e+00 2.034782e-01 4.118794e+01 7.008992e-01 1.418961e+00 3.839908e-01 9.226698e-01 
50 1251 0 0 0 2.283960e-01 8.344156e-01 1.261726e+00 2.089060e-01 3.972855e+01 7.039897e-01 1.420343e+00 3.460011e-01 9.216329e-01 
51 1276 0 0 0 2.126028e-01 7.929582e-01 1.240331e+00 2.239311e-01 3.972300e+01 7.110590e-01 1.459964e+00 3.753527e-01 9.277725e-01 
52 1301 0 0 0 1.999260e-01 8.407234e-01 1.250809e+00 2.414633e-01 3.977750e+01 7.172403e-01 1.495510e+00 3.657763e-01 9.403638e-01 
53 1326 0 0 0 1.850720e-01 8.027629e-01 1.284423e+00 2.670027e-01 3.915729e+01 7.349899e-01 1.481513e+00 3.884606e-01 9.299746e-01 
54 1351 0 0 0 1.644320e-01 7.302207e-01 1.345288e+00 2.769625e-01 3.780305e+01 7.423088e-01 1.462269e+00 4.145427e-01 9.430060e-01 
55 1376 0 0 0 1.994090e-01 7.152706e-01 1.321015e+00 2.532991e-01 3.801667e+01 7.335262e-01 1.440253e+00 3.733686e-01 9.443939e-01 
56 1401 0 0 0 2.186440e-01 8.065402e-01 1.327050e+00 2.102817e-01 3.863622e+01 7.134414e-01 1.442074e+00 3.918011e-01 9.608160e-01 
57 1426 0 0 0 2.013412e-01 7.962836e-01 1.364149e+00 2.286563e-01 3.881393e+01 7.421101e-01 1.448580e+00 4.101363e-01 9.523089e-01 
58 1451 0 0 0 2.088224e-01 7.756980e-01 1.377607e+00 2.301976e-01 3.821606e+01 7.327039e-01 1.421739e+00 3.892244e-01 9.577309e-01 
59 1476 0 0 0 2.325900e-01 7.962478e-01 1.349882e+00 2.145128e-01 3.877734e+01 7.163443e-01 1.385531e+00 3.692354e-01 9.658612e-01 
60 1501 0 0 0 2.405793e-01 8.187067e-01 1.358196e+00 1.937450e-01 3.843920e+01 7.233211e-01 1.392283e+00 3.899885e-01 9.807958e-01 
61 1526 0 0 0 2.553468e-01 8.010695e-01 1.362362e+00 1.897863e-01 3.878846e+01 7.214411e-01 1.388213e+00 3.762886e-01 9.847489e-01 
62 1551 0 0 0 2.671661e-01 7.665771e-01 1.368379e+00 1.847430e-01 3.890582e+01 7.087485e-01 1.376722e+00 3.751895e-01 9.999679e-01 
63 1576 0 0 0 2.671164e-01 7.792471e-01 1.375323e+00 1.934963e-01 3.919997e+01 7.031372e-01 1.366647e+00 3.576734e-01 1.000111e+00 
64 1601 0 0 0 2.809726e-01 8.062906e-01 1.353947e+00 1.901977e-01 3.953490e+01 7.058059e-01 1.352899e+00 3.349706e-01 1.021323e+00 
65 1626 0 0 0 2.788385e-01 7.642663e-01 1.363475e+00 2.077369e-01 3.877322e+01 7.161544e-01 1.389595e+00 3.288149e-01 1.016672e+00 
66 1651 0 0 0 2.660202e-01 7.954303e-01 1.361497e+00 2.088065e-01 3.924287e+01 7.263364e-01 1.424401e+00 3.460035e-01 1.000414e+00 
67 1676 0 0 0 2.538987e-01 7.527968e-01 1.389456e+00 2.280111e-01 3.949604e+01 7.304805e-01 1.429222e+00 3.642273e-01 9.934817e-01 
68 1701 0 0 0 2.545709e-01 6.906693e-01 1.387097e+00 2.259034e-01 3.945593e+01 7.530756e-01 1.449234e+00 3.941238e-01 1.003876e+00 
69 1726 0 0 0 2.576181e-01 7.355741e-01 1.410336e+00 2.254077e-01 3.987418e+01 7.472085e-01 1.456212e+00 3.858551e-01 1.010194e+00 
70 1751 0 0 0 2.532501e-01 6.971105e-01 1.455529e+00 2.372665e-01 3.985774e+01 7.455948e-01 1.447478e+00 3.949061e-01 1.012002e+00 
71 1776 0 0 0 2.416472e-01 6.904384e-01 1.442372e+00 2.518866e-01 4.076424e+01 7.393390e-01 1.466737e+00 4.096961e-01 9.921433e-01 
72 1801 0 0 0 2.530964e-01 7.043251e-01 1.472484e+00 2.419298e-01 4.092916e+01 7.318482e-01 1.436279e+00 4.036422e-01 9.977407e-01 
73 1826 0 0 0 2.399063e-01 7.085325e-01 1.508207e+00 2.424407e-01 3.983261e+01 7.381373e-01 1.441603e+00 4.170240e-01 9.908561e-01 
74 1851 0 0 0 2.576912e-01 6.833300e-01 1.491401e+00 2.446629e-01 4.056510e+01 7.117625e-01 1.407378e+00 3.797819e-01 9.918548e-01 
75 1876 0 0 0 2.295488e-01 6.660871e-01 1.494025e+00 2.571439e-01 3.991406e+01 7.248468e-01 1.438727e+00 4.159648e-01 9.938538e-01 
76 1901 0 0 0 2.511181e-01 6.505761e-01 1.478345e+00 2.358703e-01 3.983712e+01 7.129448e-01 1.437133e+00 4.097930e-01 1.008198e+00 
77 1926 0 0 0 2.637536e-01 6.589493e-01 1.467918e+00 2.211230e-01 3.984769e+01 7.080347e-01 1.428483e+00 4.048094e-01 1.028333e+00 
78 1951 0 0 0 2.682035e-01 6.746898e-01 1.479247e+00 2.046388e-01 4.013668e+01 7.037310e-01 1.427309e+00 4.382326e-01 1.031543e+00 
79 1976 0 0 0 2.483815e-01 6.430072e-01 1.487322e+00 2.378244e-01 4.036518e+01 7.245124e-01 1.446237e+00 4.387414e-01 1.026407e+00 
80 2001 0 0 0 2.457306e-01 6.270785e-01 1.501994e+00 2.404189e-01 3.966649e+01 7.243022e-01 1.433828e+00 4.336660e-01 1.021732e+00 
81 2026 0 0 0 2.420130e-01 5.876597e-01 1.520519e+00 2.391682e-01 3.947199e+01 7.235785e-01 1.447712e+00 4.624884e-01 1.026186e+00 
82 2051 0 0 0 2.418639e-01 6.026928e-01 1.497107e+00 2.279156e-01 3.959743e+01 7.149686e-01 1.432130e+00 4.621739e-01 1.018425e+00 
83 2076 0 0 0 2.348736e-01 5.823749e-01 1.515474e+00 2.300908e-01 3.915844e+01 7.190721e-01 1.428538e+00 4.822981e-01 1.018965e+00 
84 2101 0 0 0 2.192633e-01 5.656049e-01 1.542137e+00 2.336615e-01 3.822013e+01 7.165245e-01 1.447111e+00 5.059325e-01 1.023943e+00 
85 2126 0 0 0 2.298683e-01 5.695576e-01 1.519976e+00 2.349489e-01 3.881566e+01 7.173058e-01 1.442064e+00 4.892703e-01 1.026448e+00 
86 2151 0 0 0 2.363183e-01 5.718021e-01 1.503526e+00 2.254531e-01 3.948958e+01 7.144211e-01 1.453667e+00 5.026515e-01 1.030433e+00 
87 2176 0 0 0 2.404013e-01 5.706129e-01 1.504316e+00 2.296397e-01 3.955193e+01 7.200209e-01 1.457368e+00 4.927555e-01 1.038774e+00 
88 2201 0 0 0 2.374169e-01 6.038719e-01 1.498207e+00 2.236359e-01 4.038771e+01 7.133413e-01 1.460164e+00 5.042180e-01 1.041510e+00 
89 2226 0 0 0 2.312603e-01 6.032261e-01 1.513943e+00 2.367576e-01 4.054533e+01 7.110006e-01 1.459189e+00 4.976331e-01 1.042981e+00 
90 2251 0 0 0 2.286607e-01 6.104302e-01 1.529317e+00 2.422218e-01 4.072432e+01 7.299825e-01 1.464476e+00 5.076465e-01 1.039465e+00 
91 2276 0 0 0 2.378243e-01 6.209280e-01 1.504392e+00 2.428830e-01 4.105461e+01 7.203340e-01 1.451036e+00 4.795840e-01 1.045504e+00 
92 2301 0 0 0 2.426998e-01 6.363976e-01 1.489105e+00 2.295216e-01 4.075848e+01 7.194767e-01 1.448117e+00 4.715760e-01 1.042895e+00 
93 2326 0 0 0 2.368624e-01 6.546949e-01 1.486820e+00 2.374522e-01 4.110365e+01 7.223155e-01 1.464453e+00 4.660912e-01 1.049444e+00 
94 2351 0 0 0 2.308648e-01 6.599774e-01 1.494227e+00 2.292100e-01 4.063999e+01 7.310834e-01 1.470054e+00 4.888498e-01 1.045839e+00 
95 2376 0 0 0 2.294336e-01 6.511329e-01 1.483588e+00 2.290700e-01 4.064023e+01 7.391133e-01 1.477783e+00 5.020422e-01 1.046638e+00 
96 2401 0 0 0 2.180276e-01 6.829247e-01 1.465995e+00 2.361656e-01 4.115909e+01 7.441608e-01 1.495082e+00 5.031525e-01 1.049726e+00 
97 2426 0 0 0 2.188152e-01 6.978628e-01 1.451350e+00 2.305208e-01 4.083432e+01 7.585722e-01 1.500987e+00 5.064979e-01 1.049219e+00 
98 2451 0 0 0 2.234815e-01 7.318465e-01 1.444486e+00 2.231510e-01 4.102341e+01 7.680280e-01 1.512314e+00 5.020406e-01 1.044108e+00 
99 2476 0 0 0 2.390883e-01 7.602961e-01 1.421735e+00 2.275545e-01 4.183453e+01 7.565137e-01 1.503712e+00 4.526353e-01 1.031084e+00 
100 2501 0 0 0 2.303454e-01 7.551423e-01 1.397927e+00 2.231380e-01 4.114414e+01 7.661689e-01 1.514963e+00 4.630556e-01 1.038078e+00 
101 2526 0 0 0 2.276553e-01 7.851797e-01 1.376626e+00 2.083293e-01 4.101366e+01 7.733608e-01 1.526859e+00 4.803987e-01 1.038519e+00 
102 2551 0 0 0 2.219583e-01 8.287133e-01 1.376007e+00 2.063956e-01 4.073912e+01 7.581527e-01 1.525981e+00 4.596527e-01 1.028951e+00 
103 2576 0 0 0 2.165395e-01 8.192596e-01 1.347200e+00 2.234223e-01 4.161156e+01 7.640793e-01 1.537634e+00 4.557921e-01 1.026341e+00 
104 2601 0 0 0 2.261812e-01 8.096115e-01 1.337814e+00 2.211241e-01 4.141423e+01 7.625738e-01 1.535439e+00 4.403749e-01 1.032079e+00 
105 2626 0 0 0 2.139608e-01 8.378181e-01 1.332487e+00 2.195688e-01 4.189155e+01 7.586469e-01 1.553591e+00 4.631254e-01 1.028615e+00 
106 2651 0 0 0 2.195708e-01 8.155829e-01 1.327483e+00 2.159752e-01 4.190612e+01 7.605417e-01 1.555357e+00 4.735910e-01 1.040205e+00 
107 2676 0 0 0 2.256076e-01 8.039099e-01 1.303762e+00 2.065249e-01 4.222526e+01 7.711975e-01 1.569462e+00 4.928588e-01 1.046026e+00 
108 2701 0 0 0 2.117806e-01 7.904083e-01 1.289634e+00 2.056504e-01 4.173655e+01 7.719283e-01 1.586921e+00 5.193282e-01 1.044928e+00 
109 2726 0 0 0 2.073111e-01 7.531340e-01 1.292552e+00 2.275683e-01 4.158848e+01 7.836592e-01 1.593180e+00 5.063286e-01 1.047084e+00 
110 2751 0 0 0 2.052211e-01 7.840417e-01 1.307672e+00 2.271475e-01 4.175412e+01 7.984971e-01 1.591120e+00 5.114827e-01 1.038940e+00 
111 2776 0 0 0 2.100786e-01 7.683299e-01 1.348963e+00 2.205664e-01 4.198829e+01 8.013684e-01 1.582022e+00 5.397758e-01 1.042451e+00 
112 2801 0 0 0 2.116612e-01 7.626981e-01 1.307457e+00 2.217580e-01 4.265243e+01 8.042476e-01 1.599869e+00 5.454994e-01 1.041871e+00 
113 2826 0 0 0 2.158677e-01 7.686479e-01 1.290587e+00 2.182168e-01 4.336498e+01 8.076943e-01 1.599012e+00 5.531923e-01 1.046263e+00 
114 2851 0 0 0 2.137089e-01 7.939597e-01 1.261451e+00 2.174305e-01 4.329009e+01 7.927522e-01 1.612310e+00 5.282552e-01 1.052109e+00 
115 2876 0 0 0 2.054248e-01 8.021129e-01 1.240212e+00 2.262739e-01 4.328667e+01 8.028262e-01 1.626986e+00 5.233773e-01 1.047842e+00 
116 2901 0 0 0 2.119855e-01 8.104957e-01 1.212109e+00 2.257111e-01 4.414906e+01 8.086053e-01 1.644240e+00 5.220940e-01 1.053693e+00 
117 2926 0 0 0 2.091321e-01 8.367694e-01 1.183235e+00 2.282056e-01 4.425135e+01 8.145893e-01 1.651780e+00 5.077836e-01 1.049683e+00 
118 2951 0 0 0 2.062249e-01 8.668602e-01 1.163435e+00 2.282847e-01 4.433273e+01 8.267346e-01 1.674673e+00 5.030955e-01 1.051310e+00 
119 2976 0 0 0 2.126469e-01 8.421220e-01 1.186610e+00 2.288940e-01 4.446116e+01 8.412188e-01 1.666873e+00 5.167964e-01 1.054806e+00 
120 3001 0 0 0 2.186245e-01 8.164219e-01 1.206965e+00 2.137205e-01 4.357783e+01 8.262240e-01 1.645388e+00 5.222507e-01 1.051450e+00 
121 3026 0 0 0 2.249563e-01 8.213692e-01 1.197978e+00 2.100160e-01 4.347949e+01 8.337109e-01 1.638928e+00 5.145158e-01 1.049307e+00 
122 3051 0 0 0 2.208198e-01 8.484572e-01 1.157524e+00 2.117760e-01 4.390951e+01 8.413613e-01 1.660687e+00 5.108986e-01 1.051011e+00 
123 3076 0 0 0 2.211339e-01 8.535810e-01 1.154418e+00 2.114669e-01 4.353433e+01 8.427731e-01 1.662287e+00 4.987372e-01 1.051646e+00 
124 3101 0 0 0 2.190980e-01 8.789188e-01 1.124300e+00 2.188117e-01 4.424511e+01 8.447967e-01 1.676627e+00 4.835121e-01 1.051643e+00 
125 3126 0 0 0 2.127002e-01 9.088232e-01 1.099785e+00 2.235203e-01 4.440287e+01 8.686571e-01 1.696146e+00 4.840145e-01 1.049398e+00 
126 3151 0 0 0 2.160395e-01 9.577310e-01 1.073605e+00 2.243339e-01 4.540297e+01 8.818602e-01 1.716952e+00 4.779695e-01 1.052826e+00 
127 3176 0 0 0 2.206361e-01 9.401443e-01 1.082242e+00 2.277007e-01 4.502458e+01 8.823597e-01 1.716696e+00 4.649269e-01 1.057109e+00 
128 3201 0 0 0 2.187608e-01 9.504401e-01 1.073793e+00 2.321161e-01 4.478232e+01 8.810878e-01 1.724635e+00 4.484770e-01 1.053991e+00 
129 3226 0 0 0 2.187356e-01 9.281754e-01 1.100204e+00 2.334077e-01 4.515991e+01 8.876823e-01 1.714450e+00 4.729746e-01 1.051430e+00 
130 3251 0 0 0 2.266351e-01 9.783447e-01 1.088928e+00 2.269589e-01 4.548622e+01 9.044353e-01 1.723925e+00 4.600554e-01 1.053219e+00 
131 3276 0 0 0 2.184164e-01 9.815978e-01 1.043336e+00 2.318373e-01 4.543372e+01 9.147072e-01 1.750860e+00 4.571811e-01 1.052090e+00 
132 3301 0 0 0 2.318056e-01 9.767108e-01 1.048968e+00 2.183938e-01 4.517475e+01 9.033113e-01 1.734466e+00 4.466281e-01 1.053105e+00 
133 3326 0 0 0 2.232860e-01 9.743106e-01 1.028728e+00 2.213265e-01 4.524515e+01 9.057931e-01 1.750573e+00 4.579663e-01 1.051742e+00 
134 3351 0 0 0 2.230076e-01 9.947045e-01 1.024792e+00 2.270936e-01 4.583281e+01 9.172804e-01 1.762123e+00 4.569152e-01 1.059569e+00 
135 3376 0 0 0 2.183221e-01 9.932951e-01 1.005553e+00 2.272040e-01 4.591513e+01 9.165629e-01 1.772743e+00 4.621308e-01 1.058026e+00 
136 3401 0 0 0 2.165725e-01 1.000924e+00 9.838607e-01 2.275226e-01 4.639012e+01 9.181043e-01 1.785599e+00 4.668557e-01 1.060262e+00 
137 3426 0 0 0 2.133969e-01 9.912696e-01 1.010020e+00 2.241946e-01 4.626544e+01 9.265155e-01 1.781223e+00 4.934183e-01 1.059529e+00 
138 3451 0 0 0 2.102149e-01 9.855898e-01 1.008875e+00 2.306707e-01 4.633650e+01 9.230369e-01 1.779276e+00 4.884298e-01 1.059833e+00 
139 3476 0 0 0 2.175237e-01 1.003370e+00 9.912326e-01 2.215494e-01 4.657019e+01 9.176808e-01 1.773890e+00 4.813308e-01 1.059296e+00 
140 3501 0 0 0 2.136439e-01 1.019285e+00 9.744032e-01 2.164084e-01 4.665094e+01 9.373158e-01 1.795040e+00 5.015245e-01 1.060805e+00 
141 3526 0 0 0 2.147960e-01 1.031746e+00 9.488043e-01 2.114542e-01 4.671484e+01 9.408257e-01 1.800644e+00 4.989884e-01 1.059648e+00 
142 3551 0 0 0 2.125399e-01 1.048535e+00 9.481515e-01 2.228082e-01 4.677445e+01 9.379787e-01 1.803313e+00 4.727811e-01 1.059358e+00 
143 3576 0 0 0 2.147080e-01 1.027595e+00 9.647195e-01 2.338724e-01 4.684039e+01 9.215921e-01 1.788079e+00 4.529451e-01 1.059198e+00 
144 3601 0 0 0 2.105852e-01 1.013334e+00 9.627043e-01 2.260989e-01 4.637686e+01 9.204827e-01 1.795026e+00 4.731079e-01 1.059177e+00 
145 3626 0 0 0 2.093309e-01 9.930358e-01 9.785072e-01 2.274278e-01 4.618640e+01 9.110854e-01 1.786878e+00 4.764761e-01 1.060553e+00 
146 3651 0 0 0 2.123214e-01 9.929372e-01 9.856546e-01 2.272571e-01 4.629225e+01 9.058744e-01 1.783914e+00 4.723536e-01 1.062042e+00 
147 3676 0 0 0 2.152567e-01 9.916611e-01 9.822475e-01 2.238340e-01 4.662883e+01 9.039313e-01 1.785159e+00 4.794090e-01 1.062814e+00 
148 3701 0 0 0 2.093749e-01 1.016374e+00 9.645921e-01 2.241162e-01 4.685912e+01 9.211203e-01 1.799060e+00 4.902312e-01 1.062262e+00 
149 3726 0 0 0 2.099084e-01 1.017207e+00 9.574216e-01 2.213987e-01 4.667258e+01 9.194066e-01 1.799037e+00 4.870696e-01 1.062198e+00 
150 3751 0 0 0 2.070174e-01 9.976672e-01 9.811108e-01 2.217815e-01 4.621821e+01 9.144665e-01 1.787354e+00 4.956142e-01 1.061106e+00 
151 3776 0 0 0 2.090204e-01 9.891128e-01 9.978446e-01 2.186069e-01 4.625515e+01 9.075595e-01 1.778580e+00 5.037873e-01 1.061364e+00 
152 3801 0 0 0 2.084191e-01 9.961489e-01 9.975150e-01 2.181872e-01 4.639518e+01 9.099078e-01 1.779539e+00 5.068903e-01 1.060503e+00 
153 3826 0 0 0 2.064034e-01 1.007758e+00 9.876555e-01 2.180276e-01 4.657287e+01 9.187081e-01 1.789247e+00 5.125080e-01 1.060920e+00 
154 3851 0 0 0 2.062223e-01 1.010224e+00 9.767732e-01 2.178763e-01 4.666245e+01 9.181380e-01 1.796332e+00 5.116055e-01 1.062781e+00 
155 3876 0 0 0 2.083730e-01 1.001972e+00 1.004477e+00 2.146816e-01 4.637612e+01 9.174262e-01 1.783732e+00 5.182846e-01 1.062089e+00 
156 3901 0 0 0 2.079825e-01 1.001845e+00 1.003855e+00 2.173271e-01 4.643822e+01 9.191400e-01 1.783314e+00 5.154181e-01 1.062390e+00 
157 3926 0 0 0 2.084203e-01 9.935063e-01 1.012088e+00 2.160529e-01 4.634470e+01 9.147024e-01 1.780259e+00 5.188747e-01 1.062369e+00 
158 3951 0 0 0 2.094361e-01 1.004532e+00 9.999071e-01 2.148022e-01 4.647583e+01 9.169357e-01 1.786118e+00 5.148641e-01 1.063030e+00 
159 3976 0 0 0 2.101112e-01 1.004151e+00 9.873373e-01 2.164857e-01 4.655299e+01 9.131664e-01 1.789416e+00 5.056156e-01 1.063252e+00 
160 4001 0 0 0 2.110253e-01 1.005414e+00 9.901756e-01 2.174692e-01 4.655740e+01 9.134419e-01 1.786811e+00 5.017155e-01 1.063542e+00 
161 4026 0 0 0 2.083577e-01 1.007163e+00 9.961259e-01 2.156585e-01 4.653786e+01 9.206736e-01 1.787423e+00 5.160991e-01 1.063258e+00 
162 4051 0 0 0 2.077439e-01 1.004552e+00 1.001766e+00 2.137858e-01 4.646288e+01 9.215231e-01 1.784763e+00 5.235619e-01 1.063258e+00 
163 4076 0 0 0 2.075009e-01 1.003130e+00 1.000163e+00 2.148842e-01 4.649123e+01 9.187903e-01 1.784621e+00 5.211665e-01 1.063368e+00 
164 4101 0 0 0 2.071622e-01 1.008135e+00 9.985715e-01 2.152469e-01 4.642580e+01 9.223133e-01 1.785540e+00 5.190021e-01 1.063068e+00 
165 4126 0 0 0 2.086562e-01 1.009662e+00 9.926499e-01 2.158602e-01 4.657288e+01 9.217808e-01 1.786683e+00 5.141024e-01 1.063447e+00 
166 4151 0 0 0 2.095308e-01 1.007066e+00 9.959964e-01 2.152357e-01 4.647588e+01 9.207806e-01 1.785772e+00 5.127625e-01 1.063261e+00 
167 4176 0 0 0 2.097544e-01 1.001588e+00 1.007398e+00 2.158047e-01 4.636946e+01 9.191086e-01 1.780523e+00 5.136806e-01 1.063231e+00 
168 4201 0 0 0 2.104770e-01 1.003407e+00 1.002942e+00 2.183368e-01 4.647930e+01 9.168472e-01 1.782584e+00 5.056985e-01 1.063370e+00 
169 4226 0 0 0 2.115071e-01 9.959503e-01 1.012198e+00 2.196203e-01 4.632767e+01 9.131597e-01 1.777425e+00 5.014506e-01 1.063184e+00 
170 4251 0 0 0 2.107891e-01 1.000357e+00 1.002106e+00 2.191220e-01 4.637019e+01 9.126643e-01 1.781241e+00 4.997629e-01 1.063353e+00 
171 4276 0 0 0 2.096287e-01 9.973471e-01 1.009391e+00 2.182713e-01 4.623922e+01 9.123683e-01 1.778368e+00 5.047666e-01 1.063434e+00 
172 4301 0 0 0 2.084280e-01 1.001521e+00 1.003181e+00 2.181708e-01 4.641513e+01 9.154278e-01 1.782556e+00 5.097578e-01 1.063595e+00 
173 4326 0 0 0 2.089270e-01 9.919458e-01 1.006082e+00 2.167256e-01 4.639560e+01 9.102097e-01 1.779879e+00 5.139413e-01 1.063487e+00 
174 4351 0 0 0 2.099327e-01 9.956548e-01 1.000484e+00 2.155469e-01 4.645899e+01 9.101564e-01 1.781167e+00 5.118988e-01 1.063518e+00 
175 4376 0 0 0 2.097916e-01 1.002741e+00 9.948865e-01 2.151395e-01 4.651226e+01 9.144236e-01 1.782786e+00 5.116639e-01 1.063280e+00 
176 4401 0 0 0 2.110634e-01 1.002860e+00 9.920052e-01 2.134237e-01 4.654270e+01 9.130250e-01 1.784328e+00 5.115357e-01 1.063591e+00 
177 4426 0 0 0 2.121482e-01 9.993723e-01 9.980067e-01 2.125329e-01 4.652446e+01 9.093610e-01 1.779916e+00 5.118678e-01 1.063621e+00 
178 4451 0 0 0 2.124157e-01 9.931829e-01 1.008083e+00 2.113753e-01 4.640458e+01 9.105375e-01 1.774828e+00 5.171443e-01 1.063121e+00 
179 4476 0 0 0 2.124886e-01 9.976135e-01 1.007924e+00 2.120975e-01 4.652330e+01 9.129054e-01 1.776477e+00 5.173481e-01 1.063075e+00 
180 4501 0 0 0 2.116830e-01 9.993323e-01 1.004643e+00 2.124213e-01 4.667110e+01 9.136444e-01 1.779473e+00 5.207313e-01 1.063450e+00 
181 4526 0 0 0 2.112681e-01 9.964983e-01 1.002819e+00 2.143658e-01 4.674715e+01 9.122002e-01 1.780133e+00 5.191258e-01 1.063738e+00 
182 4551 0 0 0 2.115883e-01 9.933086e-01 1.004153e+00 2.109777e-01 4.670192e+01 9.127270e-01 1.778522e+00 5.266621e-01 1.063798e+00 
183 4576 0 0 0 2.112378e-01 9.949241e-01 9.993416e-01 2.123292e-01 4.675203e+01 9.128128e-01 1.781073e+00 5.233157e-01 1.063959e+00 
184 4601 0 0 0 2.118353e-01 9.950162e-01 9.994863e-01 2.138637e-01 4.667986e+01 9.109214e-01 1.780684e+00 5.160553e-01 1.064150e+00 
185 4626 0 0 0 2.110267e-01 9.910370e-01 1.003166e+00 2.155824e-01 4.668160e+01 9.099401e-01 1.780714e+00 5.169446e-01 1.064228e+00 
186 4651 0 0 0 2.117652e-01 9.915445e-01 1.003738e+00 2.150244e-01 4.663455e+01 9.090931e-01 1.778966e+00 5.147279e-01 1.064181e+00 
187 4676 0 0 0 2.114630e-01 9.907344e-01 1.005609e+00 2.149142e-01 4.657150e+01 9.076479e-01 1.776897e+00 5.143403e-01 1.063938e+00 
188 4701 0 0 0 2.102680e-01 9.907591e-01 1.006008e+00 2.155071e-01 4.660797e+01 9.098214e-01 1.778030e+00 5.178990e-01 1.063978e+00 
189 4726 0 0 0 2.104570e-01 9.962724e-01 1.001555e+00 2.152679e-01 4.666085e+01 9.126226e-01 1.780022e+00 5.166871e-01 1.063947e+00 
190 4751 0 0 0 2.111893e-01 9.955189e-01 1.003945e+00 2.137019e-01 4.662252e+01 9.142217e-01 1.779142e+00 5.192462e-01 1.063728e+00 
191 4776 0 0 0 2.121485e-01 9.998687e-01 9.990376e-01 2.131044e-01 4.664655e+01 9.154914e-01 1.781634e+00 5.160300e-01 1.063784e+00 
192 4801 0 0 0 2.105152e-01 9.981908e-01 1.001277e+00 2.145245e-01 4.670602e+01 9.157556e-01 1.782596e+00 5.199799e-01 1.063848e+00 
193 4826 0 0 0 2.102405e-01 9.965888e-01 1.004245e+00 2.150233e-01 4.675626e+01 9.163659e-01 1.782140e+00 5.225500e-01 1.064041e+00 
194 4851 0 0 0 2.097695e-01 1.000226e+00 1.004446e+00 2.146240e-01 4.680845e+01 9.212966e-01 1.783571e+00 5.267164e-01 1.064017e+00 
195 4876 0 0 0 2.095746e-01 9.979867e-01 1.004847e+00 2.152805e-01 4.676606e+01 9.210440e-01 1.783571e+00 5.258997e-01 1.064109e+00 
196 4901 0 0 0 2.105837e-01 1.000711e+00 1.000041e+00 2.144370e-01 4.671773e+01 9.193540e-01 1.784387e+00 5.207716e-01 1.064110e+00 
197 4926 0 0 0 2.105986e-01 1.000149e+00 1.003768e+00 2.145166e-01 4.679581e+01 9.196898e-01 1.783465e+00 5.238665e-01 1.064163e+00 
198 4951 0 0 0 2.115018e-01 9.994153e-01 1.003111e+00 2.130425e-01 4.678153e+01 9.202535e-01 1.783808e+00 5.249363e-01 1.064338e+00 
199 4976 0 0 0 2.112672e-01 1.000633e+00 1.000819e+00 2.136132e-01 4.677955e+01 9.197676e-01 1.784720e+00 5.227882e-01 1.064252e+00 
200 5001 0 0 0 2.103444e-01 1.001161e+00 9.994125e-01 2.140970e-01 4.681486e+01 9.216037e-01 1.786592e+00 5.250388e-01 1.064291e+00 
201 5026 0 0 0 2.105444e-01 1.000595e+00 9.991530e-01 2.134395e-01 4.680568e+01 9.218261e-01 1.786591e+00 5.260093e-01 1.064137e+00 
202 5051 0 0 0 2.117079e-01 1.000857e+00 9.988411e-01 2.127211e-01 4.680165e+01 9.211370e-01 1.785654e+00 5.239448e-01 1.064080e+00 
203 5076 0 0 0 2.120801e-01 1.000632e+00 9.985403e-01 2.124763e-01 4.682479e+01 9.215271e-01 1.786454e+00 5.243851e-01 1.064264e+00 
204 5101 0 0 0 2.123079e-01 1.004673e+00 9.958078e-01 2.131293e-01 4.682389e+01 9.213147e-01 1.787107e+00 5.196788e-01 1.064297e+00 
205 5126 0 0 0 2.115119e-01 1.003047e+00 9.966462e-01 2.135718e-01 4.679231e+01 9.202768e-01 1.786758e+00 5.205358e-01 1.064415e+00 
206 5151 0 0 0 2.113090e-01 1.002655e+00 9.966427e-01 2.131197e-01 4.681633e+01 9.197301e-01 1.786646e+00 5.225301e-01 1.064395e+00 
207 5176 0 0 0 2.118003e-01 1.005547e+00 9.929475e-01 2.123395e-01 4.686976e+01 9.206269e-01 1.788527e+00 5.223020e-01 1.064481e+00 
208 5201 0 0 0 2.110607e-01 1.004119e+00 9.961291e-01 2.119219e-01 4.681890e+01 9.212946e-01 1.787446e+00 5.258029e-01 1.064295e+00 
209 5226 0 0 0 2.115646e-01 1.001350e+00 9.980056e-01 2.125225e-01 4.677517e+01 9.193182e-01 1.786047e+00 5.230068e-01 1.064277e+00 
210 5251 0 0 0 2.119281e-01 9.984038e-01 1.001542e+00 2.131468e-01 4.674048e+01 9.188477e-01 1.784189e+00 5.221489e-01 1.064292e+00 
211 5276 0 0 0 2.121737e-01 9.959618e-01 1.003796e+00 2.138319e-01 4.670559e+01 9.177712e-01 1.782960e+00 5.204448e-01 1.064417e+00 
212 5301 0 0 0 2.122217e-01 9.962605e-01 1.006341e+00 2.128967e-01 4.673332e+01 9.194651e-01 1.781891e+00 5.243566e-01 1.064221e+00 
213 5326 0 0 0 2.116954e-01 9.959102e-01 1.007383e+00 2.137705e-01 4.674649e+01 9.199923e-01 1.781707e+00 5.247031e-01 1.064126e+00 
214 5351 0 0 0 2.108165e-01 9.981212e-01 1.005703e+00 2.128544e-01 4.681841e+01 9.213664e-01 1.782922e+00 5.295488e-01 1.063953e+00 
215 5376 0 0 0 2.109153e-01 9.991807e-01 1.004161e+00 2.127808e-01 4.685071e+01 9.215865e-01 1.784063e+00 5.294452e-01 1.064008e+00 
216 5401 0 0 0 2.105209e-01 1.001547e+00 1.005180e+00 2.134298e-01 4.681039e+01 9.235020e-01 1.784309e+00 5.284908e-01 1.063916e+00 
217 5426 0 0 0 2.108326e-01 1.003041e+00 1.004490e+00 2.132388e-01 4.675943e+01 9.237254e-01 1.784809e+00 5.265586e-01 1.064084e+00 
218 5451 0 0 0 2.108208e-01 1.004012e+00 1.007885e+00 2.122579e-01 4.671123e+01 9.268376e-01 1.784032e+00 5.298149e-01 1.063983e+00 
219 5476 0 0 0 2.105589e-01 1.000892e+00 1.011947e+00 2.129502e-01 4.669083e+01 9.260504e-01 1.782058e+00 5.307108e-01 1.063961e+00 
220 5501 0 0 0 2.116047e-01 1.002222e+00 1.012908e+00 2.120374e-01 4.661174e+01 9.259184e-01 1.781450e+00 5.280230e-01 1.064002e+00 
221 5526 0 0 0 2.111656e-01 1.003173e+00 1.009977e+00 2.113729e-01 4.670332e+01 9.261995e-01 1.783292e+00 5.313694e-01 1.063994e+00 
222 5551 0 0 0 2.109614e-01 9.997894e-01 1.011937e+00 2.117472e-01 4.668806e+01 9.241464e-01 1.782256e+00 5.317834e-01 1.063990e+00 
223 5576 0 0 0 2.111011e-01 9.989147e-01 1.011472e+00 2.116150e-01 4.668888e+01 9.236613e-01 1.782559e+00 5.318575e-01 1.064012e+00 
224 5601 0 0 0 2.106563e-01 9.980185e-01 1.010570e+00 2.115601e-01 4.670654e+01 9.236910e-01 1.782691e+00 5.335716e-01 1.064056e+00 
225 5626 0 0 0 2.105875e-01 9.991745e-01 1.010180e+00 2.117336e-01 4.669687e+01 9.242917e-01 1.783716e+00 5.329801e-01 1.064165e+00 
226 5651 0 0 0 2.108381e-01 9.997884e-01 1.009166e+00 2.117422e-01 4.673258e+01 9.240953e-01 1.784006e+00 5.323992e-01 1.064246e+00 
227 5676 0 0 0 2.109966e-01 1.000809e+00 1.007015e+00 2.113798e-01 4.674547e+01 9.239606e-01 1.784462e+00 5.319276e-01 1.064189e+00 
228 5701 0 0 0 2.106787e-01 1.001753e+00 1.005854e+00 2.114173e-01 4.679682e+01 9.238864e-01 1.785127e+00 5.329217e-01 1.064138e+00 
229 5726 0 0 0 2.102311e-01 1.002188e+00 1.006218e+00 2.114689e-01 4.681722e+01 9.243625e-01 1.785260e+00 5.345098e-01 1.064139e+00 
230 5751 0 0 0 2.096404e-01 1.002573e+00 1.004780e+00 2.112621e-01 4.682784e+01 9.239698e-01 1.785772e+00 5.358757e-01 1.064087e+00 
231 5776 0 0 0 2.097794e-01 1.003450e+00 1.003058e+00 2.106299e-01 4.682735e+01 9.245484e-01 1.786691e+00 5.363736e-01 1.064121e+00 
232 5801 0 0 0 2.097035e-01 1.002560e+00 1.003887e+00 2.106199e-01 4.680244e+01 9.240081e-01 1.786161e+00 5.364600e-01 1.064102e+00 
233 5826 0 0 0 2.091865e-01 1.001006e+00 1.005612e+00 2.104045e-01 4.680003e+01 9.243508e-01 1.785123e+00 5.394436e-01 1.063984e+00 
234 5851 0 0 0 2.098018e-01 9.998487e-01 1.006694e+00 2.099322e-01 4.680979e+01 9.240552e-01 1.784395e+00 5.397520e-01 1.063920e+00 
235 5876 0 0 0 2.110025e-01 1.000053e+00 1.008566e+00 2.103578e-01 4.675547e+01 9.237848e-01 1.783318e+00 5.349755e-01 1.064010e+00 
236 5901 0 0 0 2.103470e-01 9.999184e-01 1.007908e+00 2.109655e-01 4.676064e+01 9.228466e-01 1.783516e+00 5.347515e-01 1.063997e+00 
237 5926 0 0 0 2.100034e-01 1.000729e+00 1.007754e+00 2.109445e-01 4.679362e+01 9.227411e-01 1.783739e+00 5.358982e-01 1.063889e+00 
238 5951 0 0 0 2.092988e-01 9.992629e-01 1.009167e+00 2.115507e-01 4.681845e+01 9.222760e-01 1.783253e+00 5.376610e-01 1.063863e+00 
239 5976 0 0 0 2.084535e-01 9.993449e-01 1.008246e+00 2.124687e-01 4.684620e+01 9.222480e-01 1.784158e+00 5.379416e-01 1.063871e+00 
240 6001 0 0 0 2.087626e-01 9.981099e-01 1.009353e+00 2.120830e-01 4.682189e+01 9.233984e-01 1.784222e+00 5.390013e-01 1.063928e+00 
241 6026 0 0 0 2.081050e-01 9.958879e-01 1.010762e+00 2.133216e-01 4.681627e+01 9.232527e-01 1.783849e+00 5.390941e-01 1.064022e+00 
242 6051 0 0 0 2.076609e-01 9.975353e-01 1.009230e+00 2.131305e-01 4.683796e+01 9.246703e-01 1.784955e+00 5.406244e-01 1.064009e+00 
243 6076 0 0 0 2.066788e-01 9.966190e-01 1.008030e+00 2.128282e-01 4.689288e+01 9.235611e-01 1.785853e+00 5.445163e-01 1.063950e+00 
244 6101 0 0 0 2.066755e-01 9.977619e-01 1.007132e+00 2.116568e-01 4.689728e+01 9.251086e-01 1.786215e+00 5.471035e-01 1.063909e+00 
245 6126 0 0 0 2.066768e-01 9.980247e-01 1.007074e+00 2.120954e-01 4.686514e+01 9.257516e-01 1.786390e+00 5.455860e-01 1.063954e+00 
246 6151 0 0 0 2.064339e-01 9.960655e-01 1.007625e+00 2.120825e-01 4.687338e+01 9.254500e-01 1.786649e+00 5.473039e-01 1.064110e+00 
247 6176 0 0 0 2.063206e-01 9.945150e-01 1.008503e+00 2.128719e-01 4.688755e+01 9.235941e-01 1.786047e+00 5.460834e-01 1.064073e+00 
248 6201 0 0 0 2.074315e-01 9.968826e-01 1.010986e+00 2.123336e-01 4.682978e+01 9.248564e-01 1.785206e+00 5.436970e-01 1.064044e+00 
249 6226 0 0 0 2.091165e-01 9.978122e-01 1.010880e+00 2.109579e-01 4.675491e+01 9.246105e-01 1.784494e+00 5.405292e-01 1.064037e+00 
250 6251 0 0 0 2.089422e-01 9.999817e-01 1.008389e+00 2.110987e-01 4.677714e+01 9.257219e-01 1.785830e+00 5.400583e-01 1.064134e+00 
251 6276 0 0 0 2.087498e-01 9.999475e-01 1.008128e+00 2.111945e-01 4.679351e+01 9.279112e-01 1.786193e+00 5.416534e-01 1.064162e+00 
252 6301 0 0 0 2.099077e-01 1.002670e+00 1.006758e+00 2.111813e-01 4.681322e+01 9.281906e-01 1.786072e+00 5.376674e-01 1.064095e+00 
253 6326 0 0 0 2.106078e-01 1.001499e+00 1.006929e+00 2.104328e-01 4.684361e+01 9.270039e-01 1.785105e+00 5.382319e-01 1.063952e+00 
254 6351 0 0 0 2.091513e-01 1.000925e+00 1.004507e+00 2.118473e-01 4.687824e+01 9.244453e-01 1.786086e+00 5.376312e-01 1.064053e+00 
255 6376 0 0 0 2.091222e-01 1.000898e+00 1.003336e+00 2.134588e-01 4.686619e+01 9.245417e-01 1.786616e+00 5.335742e-01 1.064153e+00 
256 6401 0 0 0 2.098134e-01 1.001348e+00 1.000564e+00 2.133629e-01 4.692150e+01 9.231900e-01 1.787370e+00 5.314670e-01 1.064217e+00 
257 6426 0 0 0 2.089844e-01 9.987617e-01 1.001434e+00 2.138482e-01 4.689725e+01 9.223786e-01 1.787316e+00 5.329363e-01 1.064276e+00 
258 6451 0 0 0 2.089542e-01 9.975428e-01 1.000039e+00 2.127302e-01 4.691435e+01 9.208153e-01 1.786972e+00 5.350983e-01 1.064162e+00 
259 6476 0 0 0 2.094746e-01 9.964983e-01 1.002474e+00 2.123406e-01 4.687143e+01 9.206825e-01 1.785826e+00 5.350074e-01 1.064175e+00 
260 6501 0 0 0 2.093490e-01 9.963906e-01 1.003462e+00 2.126835e-01 4.686629e+01 9.226210e-01 1.785933e+00 5.357273e-01 1.064229e+00 
261 6526 0 0 0 2.094532e-01 9.973754e-01 1.004513e+00 2.130783e-01 4.687094e+01 9.224071e-01 1.785754e+00 5.346492e-01 1.064226e+00 
262 6551 0 0 0 2.089629e-01 9.966676e-01 1.003205e+00 2.135852e-01 4.688673e+01 9.230959e-01 1.786322e+00 5.352939e-01 1.064247e+00 
263 6576 0 0 0 2.100485e-01 9.982354e-01 1.004135e+00 2.134013e-01 4.686346e+01 9.239676e-01 1.785616e+00 5.325091e-01 1.064230e+00 
264 6601 0 0 0 2.091927e-01 9.968247e-01 1.004036e+00 2.138547e-01 4.693825e+01 9.232197e-01 1.786156e+00 5.354338e-01 1.064160e+00 
265 6626 0 0 0 2.099191e-01 9.965671e-01 1.002846e+00 2.138012e-01 4.694096e+01 9.218846e-01 1.786362e+00 5.330204e-01 1.064239e+00 
266 6651 0 0 0 2.098908e-01 9.968221e-01 1.002198e+00 2.142332e-01 4.696341e+01 9.223192e-01 1.786998e+00 5.324807e-01 1.064237e+00 
267 6676 0 0 0 2.107117e-01 9.982814e-01 1.001961e+00 2.139099e-01 4.693523e+01 9.228252e-01 1.786811e+00 5.301936e-01 1.064295e+00 
268 6701 0 0 0 2.100536e-01 9.977938e-01 9.993704e-01 2.142047e-01 4.699940e+01 9.204423e-01 1.787458e+00 5.306906e-01 1.064308e+00 
269 6726 0 0 0 2.104444e-01 1.000465e+00 9.968744e-01 2.133743e-01 4.705539e+01 9.212214e-01 1.788050e+00 5.312109e-01 1.064209e+00 
270 6751 0 0 0 2.106915e-01 1.000103e+00 9.968369e-01 2.139574e-01 4.700275e+01 9.202961e-01 1.787774e+00 5.277975e-01 1.064330e+00 
271 6776 0 0 0 2.110420e-01 9.999879e-01 9.960179e-01 2.138071e-01 4.699443e+01 9.208520e-01 1.788180e+00 5.271627e-01 1.064410e+00 
272 6801 0 0 0 2.114294e-01 9.992787e-01 9.966102e-01 2.130618e-01 4.697676e+01 9.206898e-01 1.787683e+00 5.278219e-01 1.064407e+00 
273 6826 0 0 0 2.114855e-01 1.000353e+00 9.948530e-01 2.123075e-01 4.699377e+01 9.209617e-01 1.788183e+00 5.288559e-01 1.064393e+00 
274 6851 0 0 0 2.120939e-01 1.001887e+00 9.935881e-01 2.122000e-01 4.700893e+01 9.211359e-01 1.788163e+00 5.268969e-01 1.064368e+00 
275 6876 0 0 0 2.116725e-01 1.000679e+00 9.965576e-01 2.130143e-01 4.695962e+01 9.212045e-01 1.787544e+00 5.265894e-01 1.064427e+00 
276 6901 0 0 0 2.109627e-01 9.996178e-01 9.961858e-01 2.132951e-01 4.700779e+01 9.202890e-01 1.788083e+00 5.286985e-01 1.064398e+00 
277 6926 0 0 0 2.107207e-01 9.999180e-01 9.945707e-01 2.129074e-01 4.703551e+01 9.202788e-01 1.788671e+00 5.300869e-01 1.064387e+00 
278 6951 0 0 0 2.115049e-01 1.001127e+00 9.939865e-01 2.122268e-01 4.702845e+01 9.212711e-01 1.788698e+00 5.292247e-01 1.064368e+00 
279 6976 0 0 0 2.113843e-01 1.000237e+00 9.950542e-01 2.120728e-01 4.701542e+01 9.211920e-01 1.788313e+00 5.302510e-01 1.064352e+00 
280 7001 0 0 0 2.112829e-01 1.000640e+00 9.956316e-01 2.120198e-01 4.701591e+01 9.219398e-01 1.788444e+00 5.310129e-01 1.064316e+00 
281 7026 0 0 0 2.111674e-01 1.000081e+00 9.938769e-01 2.119370e-01 4.704061e+01 9.204742e-01 1.788565e+00 5.309867e-01 1.064324e+00 
282 7051 0 0 0 2.116019e-01 1.001214e+00 9.934955e-01 2.112060e-01 4.703623e+01 9.211611e-01 1.788691e+00 5.311927e-01 1.064291e+00 
283 7076 0 0 0 2.117530e-01 1.001244e+00 9.922468e-01 2.113033e-01 4.705343e+01 9.199428e-01 1.788906e+00 5.299821e-01 1.064322e+00 
284 7101 0 0 0 2.112787e-01 1.000073e+00 9.930717e-01 2.115035e-01 4.706651e+01 9.199339e-01 1.789047e+00 5.317532e-01 1.064259e+00 
285 7126 0 0 0 2.108289e-01 9.995273e-01 9.927525e-01 2.116308e-01 4.709796e+01 9.189262e-01 1.789459e+00 5.329187e-01 1.064246e+00 
286 7151 0 0 0 2.107341e-01 9.973402e-01 9.940218e-01 2.119778e-01 4.706983e+01 9.174090e-01 1.788543e+00 5.323246e-01 1.064229e+00 
287 7176 0 0 0 2.112857e-01 9.998444e-01 9.932241e-01 2.118029e-01 4.704927e+01 9.193780e-01 1.788712e+00 5.305670e-01 1.064276e+00 
288 7201 0 0 0 2.110565e-01 9.998078e-01 9.923221e-01 2.118758e-01 4.708023e+01 9.192386e-01 1.789093e+00 5.312978e-01 1.064219e+00 
289 7226 0 0 0 2.110431e-01 9.990752e-01 9.915528e-01 2.114347e-01 4.709356e+01 9.183058e-01 1.789551e+00 5.322952e-01 1.064248e+00 
290 7251 0 0 0 2.105675e-01 9.986854e-01 9.904661e-01 2.115982e-01 4.712642e+01 9.170660e-01 1.790007e+00 5.331372e-01 1.064261e+00 
291 7276 0 0 0 2.108846e-01 9.993872e-01 9.900760e-01 2.112926e-01 4.710774e+01 9.171688e-01 1.790078e+00 5.322805e-01 1.064346e+00 
292 7301 0 0 0 2.116865e-01 1.002260e+00 9.903147e-01 2.105149e-01 4.703898e+01 9.193544e-01 1.789566e+00 5.303563e-01 1.064363e+00 
293 7326 0 0 0 2.118814e-01 1.003784e+00 9.909706e-01 2.108233e-01 4.701412e+01 9.205143e-01 1.788931e+00 5.287965e-01 1.064342e+00 
294 7351 0 0 0 2.104906e-01 1.000749e+00 9.929842e-01 2.120184e-01 4.703149e+01 9.192808e-01 1.788684e+00 5.312968e-01 1.064290e+00 
295 7376 0 0 0 2.108998e-01 1.002406e+00 9.903901e-01 2.112975e-01 4.705315e+01 9.192498e-01 1.789617e+00 5.308826e-01 1.064350e+00 
296 7401 0 0 0 2.112897e-01 1.002601e+00 9.907372e-01 2.106217e-01 4.704751e+01 9.194261e-01 1.789325e+00 5.313666e-01 1.064257e+00 
297 7426 0 0 0 2.116386e-01 1.002953e+00 9.916050e-01 2.104867e-01 4.701890e+01 9.204002e-01 1.788854e+00 5.307027e-01 1.064262e+00 
298 7451 0 0 0 2.122092e-01 1.003402e+00 9.910052e-01 2.097718e-01 4.702193e+01 9.207489e-01 1.789034e+00 5.307447e-01 1.064251e+00 
299 7476 0 0 0 2.124510e-01 1.002793e+00 9.919871e-01 2.098729e-01 4.701704e+01 9.205080e-01 1.788473e+00 5.302133e-01 1.064233e+00 
300 7501 0 0 0 2.129309e-01 1.003639e+00 9.916350e-01 2.096081e-01 4.700456e+01 9.206281e-01 1.788392e+00 5.289539e-01 1.064251e+00 
301 7526 0 0 0 2.123899e-01 1.002493e+00 9.911761e-01 2.104341e-01 4.702745e+01 9.193116e-01 1.788691e+00 5.286765e-01 1.064309e+00 
302 7551 0 0 0 2.114591e-01 1.000418e+00 9.911621e-01 2.111924e-01 4.706398e+01 9.172871e-01 1.788990e+00 5.299947e-01 1.064272e+00 
303 7576 0 0 0 2.115336e-01 1.000655e+00 9.918650e-01 2.111606e-01 4.703698e+01 9.180240e-01 1.788776e+00 5.297527e-01 1.064322e+00 
304 7601 0 0 0 2.118164e-01 1.001911e+00 9.920962e-01 2.111037e-01 4.702851e+01 9.195373e-01 1.788618e+00 5.292386e-01 1.064275e+00 
305 7626 0 0 0 2.109638e-01 9.991817e-01 9.922865e-01 2.119275e-01 4.704565e+01 9.168719e-01 1.788603e+00 5.298772e-01 1.064341e+00 
306 7651 0 0 0 2.099713e-01 9.956682e-01 9.918234e-01 2.126636e-01 4.710402e+01 9.135045e-01 1.788953e+00 5.317266e-01 1.064347e+00 
307 7676 0 0 0 2.101971e-01 9.965194e-01 9.921529e-01 2.124698e-01 4.708552e+01 9.143060e-01 1.788737e+00 5.313453e-01 1.064345e+00 
308 7701 0 0 0 2.092126e-01 9.927300e-01 9.937678e-01 2.134148e-01 4.710878e+01 9.118468e-01 1.788600e+00 5.331999e-01 1.064394e+00 
309 7726 0 0 0 2.088682e-01 9.909349e-01 9.935622e-01 2.137961e-01 4.713757e+01 9.101946e-01 1.788642e+00 5.337161e-01 1.064420e+00 
310 7751 0 0 0 2.098653e-01 9.937533e-01 9.940858e-01 2.128257e-01 4.708878e+01 9.133092e-01 1.788102e+00 5.326762e-01 1.064370e+00 
311 7776 0 0 0 2.098748e-01 9.932934e-01 9.953281e-01 2.128365e-01 4.707559e+01 9.138197e-01 1.787962e+00 5.331958e-01 1.064380e+00 
312 7801 0 0 0 2.099446e-01 9.943239e-01 9.970410e-01 2.128426e-01 4.702127e+01 9.157020e-01 1.787619e+00 5.328792e-01 1.064408e+00 
313 7826 0 0 0 2.102514e-01 9.960211e-01 9.965499e-01 2.119350e-01 4.700633e+01 9.174865e-01 1.787621e+00 5.337627e-01 1.064352e+00 
314 7851 0 0 0 2.101894e-01 9.971836e-01 9.953482e-01 2.119069e-01 4.700509e+01 9.175287e-01 1.788200e+00 5.331401e-01 1.064384e+00 
315 7876 0 0 0 2.092840e-01 9.934710e-01 9.945413e-01 2.129088e-01 4.706170e+01 9.138348e-01 1.788657e+00 5.339223e-01 1.064450e+00 
316 7901 0 0 0 2.093178e-01 9.938898e-01 9.939571e-01 2.126123e-01 4.707241e+01 9.138577e-01 1.788946e+00 5.344212e-01 1.064434e+00 
317 7926 0 0 0 2.092202e-01 9.940374e-01 9.938868e-01 2.126943e-01 4.708105e+01 9.137701e-01 1.788951e+00 5.345379e-01 1.064421e+00 
318 7951 0 0 0 2.092665e-01 9.944836e-01 9.930826e-01 2.125217e-01 4.709657e+01 9.136624e-01 1.789234e+00 5.346628e-01 1.064406e+00 
319 7976 0 0 0 2.085646e-01 9.927116e-01 9.933347e-01 2.133004e-01 4.711257e+01 9.121878e-01 1.789342e+00 5.351356e-01 1.064443e+00 
320 8001 0 0 0 2.081663e-01 9.912390e-01 9.932731e-01 2.139905e-01 4.712582e+01 9.108230e-01 1.789200e+00 5.347853e-01 1.064454e+00 
321 8026 0 0 0 2.081610e-01 9.916501e-01 9.928388e-01 2.139777e-01 4.714028e+01 9.110391e-01 1.789478e+00 5.349397e-01 1.064440e+00 
322 8051 0 0 0 2.081880e-01 9.917210e-01 9.922976e-01 2.140277e-01 4.714710e+01 9.106526e-01 1.789645e+00 5.345405e-01 1.064465e+00 
323 8076 0 0 0 2.084839e-01 9.925036e-01 9.925101e-01 2.138203e-01 4.712598e+01 9.117224e-01 1.789559e+00 5.340534e-01 1.064476e+00 
324 8101 0 0 0 2.091327e-01 9.937097e-01 9.921406e-01 2.129785e-01 4.710617e+01 9.123039e-01 1.789395e+00 5.335494e-01 1.064456e+00 
325 8126 0 0 0 2.095359e-01 9.953274e-01 9.918373e-01 2.125071e-01 4.709046e+01 9.138607e-01 1.789426e+00 5.331670e-01 1.064431e+00 
326 8151 0 0 0 2.092068e-01 9.941675e-01 9.919450e-01 2.127588e-01 4.710118e+01 9.132564e-01 1.789593e+00 5.338885e-01 1.064467e+00 
327 8176 0 0 0 2.093004e-01 9.936688e-01 9.919632e-01 2.126143e-01 4.709268e+01 9.127841e-01 1.789498e+00 5.337533e-01 1.064479e+00 
328 8201 0 0 0 2.089627e-01 9.938622e-01 9.919136e-01 2.127724e-01 4.709105e+01 9.130040e-01 1.789594e+00 5.341980e-01 1.064480e+00 
329 8226 0 0 0 2.092865e-01 9.940962e-01 9.924218e-01 2.128018e-01 4.707263e+01 9.129453e-01 1.789206e+00 5.330008e-01 1.064491e+00 
330 8251 0 0 0 2.096184e-01 9.948007e-01 9.922111e-01 2.123536e-01 4.705507e+01 9.132027e-01 1.789149e+00 5.325792e-01 1.064505e+00 
331 8276 0 0 0 2.090875e-01 9.933803e-01 9.920093e-01 2.130922e-01 4.708329e+01 9.112383e-01 1.789185e+00 5.325075e-01 1.064523e+00 
332 8301 0 0 0 2.089592e-01 9.922071e-01 9.926509e-01 2.132842e-01 4.709347e+01 9.107382e-01 1.789038e+00 5.330669e-01 1.064501e+00 
333 8326 0 0 0 2.094670e-01 9.932699e-01 9.929256e-01 2.126709e-01 4.708364e+01 9.117557e-01 1.788841e+00 5.331087e-01 1.064457e+00 
334 8351 0 0 0 2.096601e-01 9.932481e-01 9.933830e-01 2.124691e-01 4.706933e+01 9.120562e-01 1.788618e+00 5.330480e-01 1.064453e+00 
335 8376 0 0 0 2.095249e-01 9.938342e-01 9.927706e-01 2.125750e-01 4.707209e+01 9.121143e-01 1.788954e+00 5.328181e-01 1.064491e+00 
336 8401 0 0 0 2.096735e-01 9.943353e-01 9.928399e-01 2.123525e-01 4.706010e+01 9.127777e-01 1.789026e+00 5.328196e-01 1.064499e+00 
337 8426 0 0 0 2.101758e-01 9.957253e-01 9.928275e-01 2.118826e-01 4.704386e+01 9.138646e-01 1.788852e+00 5.322232e-01 1.064479e+00 
338 8451 0 0 0 2.102534e-01 9.966290e-01 9.931688e-01 2.117126e-01 4.702915e+01 9.147593e-01 1.788812e+00 5.322927e-01 1.064468e+00 
339 8476 0 0 0 2.106834e-01 9.970250e-01 9.938483e-01 2.113385e-01 4.700093e+01 9.157584e-01 1.788465e+00 5.319404e-01 1.064450e+00 
340 8501 0 0 0 2.102534e-01 9.953944e-01 9.934678e-01 2.116110e-01 4.701952e+01 9.141496e-01 1.788640e+00 5.325579e-01 1.064468e+00 
341 8526 0 0 0 2.100817e-01 9.961383e-01 9.928228e-01 2.116614e-01 4.703240e+01 9.146237e-01 1.788918e+00 5.328492e-01 1.064446e+00 
342 8551 0 0 0 2.096741e-01 9.952537e-01 9.924509e-01 2.120502e-01 4.705650e+01 9.138007e-01 1.789190e+00 5.333945e-01 1.064461e+00 
343 8576 0 0 0 2.098961e-01 9.957359e-01 9.925136e-01 2.120181e-01 4.704594e+01 9.141078e-01 1.789002e+00 5.326174e-01 1.064461e+00 
344 8601 0 0 0 2.099223e-01 9.956064e-01 9.922496e-01 2.120747e-01 4.705114e+01 9.135304e-01 1.788948e+00 5.322580e-01 1.064468e+00 
345 8626 0 0 0 2.100859e-01 9.957690e-01 9.924366e-01 2.118839e-01 4.704014e+01 9.138323e-01 1.788831e+00 5.321844e-01 1.064481e+00 
346 8651 0 0 0 2.097884e-01 9.956067e-01 9.917004e-01 2.122059e-01 4.705912e+01 9.134598e-01 1.789109e+00 5.322609e-01 1.064484e+00 
347 8676 0 0 0 2.101380e-01 9.961166e-01 9.920988e-01 2.121210e-01 4.703032e+01 9.143184e-01 1.788805e+00 5.312292e-01 1.064492e+00 
348 8701 0 0 0 2.104960e-01 9.968551e-01 9.915705e-01 2.117277e-01 4.703144e+01 9.141456e-01 1.788769e+00 5.307230e-01 1.064494e+00 
349 8726 0 0 0 2.105071e-01 9.971698e-01 9.912683e-01 2.118461e-01 4.703473e+01 9.140426e-01 1.788726e+00 5.302135e-01 1.064484e+00 
350 8751 0 0 0 2.102488e-01 9.971936e-01 9.907383e-01 2.122908e-01 4.705477e+01 9.132012e-01 1.788869e+00 5.297619e-01 1.064493e+00 
351 8776 0 0 0 2.102945e-01 9.975632e-01 9.902806e-01 2.122784e-01 4.706520e+01 9.127727e-01 1.788851e+00 5.294090e-01 1.064472e+00 
352 8801 0 0 0 2.099785e-01 9.967971e-01 9.902216e-01 2.125549e-01 4.707546e+01 9.122250e-01 1.789013e+00 5.298471e-01 1.064492e+00 
353 8826 0 0 0 2.100707e-01 9.960654e-01 9.909228e-01 2.125491e-01 4.707701e+01 9.118377e-01 1.788704e+00 5.300401e-01 1.064476e+00 
354 8851 0 0 0 2.100769e-01 9.966288e-01 9.909751e-01 2.124087e-01 4.706904e+01 9.122288e-01 1.788718e+00 5.301497e-01 1.064465e+00 
355 8876 0 0 0 2.098058e-01 9.958299e-01 9.905627e-01 2.125290e-01 4.708828e+01 9.112315e-01 1.788835e+00 5.306779e-01 1.064465e+00 
356 8901 0 0 0 2.098224e-01 9.950767e-01 9.910422e-01 2.126392e-01 4.707777e+01 9.109677e-01 1.788680e+00 5.304914e-01 1.064498e+00 
357 8926 0 0 0 2.097983e-01 9.948797e-01 9.911157e-01 2.127263e-01 4.707530e+01 9.107530e-01 1.788613e+00 5.303003e-01 1.064514e+00 
358 8951 0 0 0 2.097462e-01 9.946895e-01 9.910385e-01 2.125007e-01 4.707606e+01 9.108678e-01 1.788779e+00 5.310548e-01 1.064525e+00 
359 8976 0 0 0 2.096944e-01 9.944482e-01 9.909564e-01 2.125896e-01 4.707838e+01 9.105716e-01 1.788790e+00 5.309789e-01 1.064537e+00 
360 9001 0 0 0 2.096935e-01 9.943071e-01 9.904393e-01 2.125406e-01 4.709363e+01 9.101165e-01 1.788974e+00 5.311014e-01 1.064536e+00 
361 9026 0 0 0 2.093144e-01 9.930760e-01 9.900908e-01 2.129075e-01 4.711467e+01 9.089916e-01 1.789155e+00 5.315458e-01 1.064563e+00 
362 9051 0 0 0 2.094330e-01 9.924440e-01 9.900734e-01 2.127864e-01 4.711824e+01 9.083472e-01 1.789071e+00 5.315633e-01 1.064576e+00 
363 9076 0 0 0 2.094739e-01 9.932719e-01 9.902650e-01 2.126455e-01 4.710333e+01 9.094932e-01 1.789143e+00 5.317010e-01 1.064580e+00 
364 9101 0 0 0 2.097574e-01 9.948892e-01 9.905148e-01 2.123004e-01 4.707869e+01 9.112725e-01 1.789064e+00 5.314565e-01 1.064560e+00 
365 9126 0 0 0 2.095374e-01 9.949741e-01 9.900311e-01 2.125405e-01 4.709062e+01 9.112069e-01 1.789331e+00 5.315069e-01 1.064564e+00 
366 9151 0 0 0 2.098252e-01 9.955278e-01 9.896231e-01 2.123965e-01 4.709628e+01 9.110859e-01 1.789335e+00 5.308503e-01 1.064550e+00 
367 9176 0 0 0 2.100896e-01 9.963106e-01 9.895632e-01 2.121692e-01 4.708370e+01 9.118217e-01 1.789308e+00 5.304266e-01 1.064542e+00 
368 9201 0 0 0 2.094946e-01 9.956307e-01 9.895902e-01 2.126340e-01 4.710369e+01 9.113940e-01 1.789556e+00 5.313924e-01 1.064539e+00 
369 9226 0 0 0 2.097027e-01 9.959734e-01 9.897430e-01 2.123342e-01 4.709164e+01 9.120173e-01 1.789414e+00 5.314578e-01 1.064539e+00 
370 9251 0 0 0 2.098297e-01 9.962608e-01 9.900213e-01 2.123201e-01 4.708418e+01 9.122349e-01 1.789269e+00 5.311028e-01 1.064528e+00 
371 9276 0 0 0 2.097365e-01 9.966698e-01 9.899977e-01 2.122797e-01 4.708238e+01 9.127476e-01 1.789442e+00 5.314683e-01 1.064530e+00 
372 9301 0 0 0 2.097065e-01 9.962403e-01 9.900607e-01 2.123573e-01 4.707824e+01 9.124392e-01 1.789385e+00 5.313300e-01 1.064540e+00 
373 9326 0 0 0 2.099907e-01 9.968564e-01 9.900203e-01 2.121113e-01 4.706608e+01 9.130133e-01 1.789293e+00 5.308859e-01 1.064546e+00 
374 9351 0 0 0 2.101248e-01 9.974245e-01 9.906169e-01 2.118201e-01 4.704118e+01 9.142140e-01 1.789172e+00 5.311765e-01 1.064533e+00 
375 9376 0 0 0 2.104360e-01 9.984968e-01 9.910553e-01 2.115217e-01 4.701856e+01 9.155858e-01 1.788997e+00 5.309077e-01 1.064518e+00 
376 9401 0 0 0 2.107078e-01 9.989778e-01 9.908912e-01 2.113065e-01 4.701209e+01 9.157966e-01 1.788936e+00 5.304220e-01 1.064529e+00 
377 9426 0 0 0 2.105967e-01 9.987066e-01 9.904523e-01 2.114455e-01 4.702907e+01 9.151068e-01 1.789045e+00 5.304385e-01 1.064525e+00 
378 9451 0 0 0 2.104218e-01 9.981120e-01 9.904411e-01 2.116417e-01 4.704033e+01 9.144772e-01 1.789130e+00 5.306468e-01 1.064541e+00 
379 9476 0 0 0 2.104353e-01 9.981075e-01 9.900821e-01 2.116321e-01 4.704345e+01 9.140108e-01 1.789114e+00 5.303646e-01 1.064553e+00 
380 9501 0 0 0 2.103914e-01 9.983503e-01 9.899017e-01 2.115642e-01 4.704426e+01 9.139996e-01 1.789184e+00 5.305000e-01 1.064548e+00 
381 9526 0 0 0 2.103183e-01 9.979537e-01 9.897114e-01 2.115622e-01 4.705030e+01 9.135506e-01 1.789250e+00 5.307038e-01 1.064563e+00 
382 9551 0 0 0 2.106139e-01 9.985833e-01 9.901716e-01 2.113423e-01 4.703057e+01 9.141042e-01 1.788990e+00 5.301979e-01 1.064564e+00 
383 9576 0 0 0 2.103414e-01 9.978855e-01 9.900594e-01 2.115570e-01 4.704092e+01 9.135163e-01 1.789073e+00 5.305713e-01 1.064564e+00 
384 9601 0 0 0 2.101767e-01 9.975818e-01 9.899690e-01 2.115755e-01 4.704464e+01 9.136120e-01 1.789240e+00 5.311634e-01 1.064564e+00 
385 9626 0 0 0 2.100928e-01 9.972860e-01 9.896180e-01 2.113885e-01 4.704870e+01 9.135060e-01 1.789487e+00 5.318507e-01 1.064582e+00 
386 9651 0 0 0 2.099167e-01 9.970952e-01 9.904148e-01 2.116774e-01 4.703829e+01 9.140010e-01 1.789361e+00 5.319656e-01 1.064583e+00 
387 9676 0 0 0 2.100556e-01 9.970801e-01 9.909641e-01 2.115182e-01 4.702219e+01 9.144443e-01 1.789127e+00 5.319957e-01 1.064589e+00 
388 9701 0 0 0 2.102962e-01 9.977572e-01 9.914524e-01 2.115476e-01 4.700461e+01 9.152898e-01 1.788915e+00 5.312341e-01 1.064580e+00 
389 9726 0 0 0 2.100780e-01 9.970449e-01 9.914432e-01 2.116075e-01 4.701313e+01 9.151006e-01 1.789043e+00 5.320102e-01 1.064573e+00 
390 9751 0 0 0 2.094323e-01 9.945900e-01 9.912001e-01 2.123778e-01 4.706363e+01 9.126498e-01 1.789246e+00 5.327672e-01 1.064581e+00 
391 9776 0 0 0 2.100582e-01 9.964798e-01 9.915997e-01 2.118155e-01 4.702448e+01 9.147041e-01 1.789019e+00 5.318949e-01 1.064570e+00 
392 9801 0 0 0 2.102175e-01 9.972180e-01 9.917093e-01 2.115924e-01 4.701050e+01 9.157317e-01 1.789019e+00 5.318688e-01 1.064567e+00 
393 9826 0 0 0 2.104492e-01 9.979613e-01 9.915649e-01 2.111090e-01 4.699905e+01 9.164591e-01 1.789086e+00 5.321229e-01 1.064561e+00 
394 9851 0 0 0 2.103204e-01 9.974040e-01 9.914027e-01 2.110399e-01 4.699550e+01 9.161059e-01 1.789170e+00 5.325216e-01 1.064585e+00 
395 9876 0 0 0 2.106630e-01 9.986796e-01 9.908684e-01 2.105855e-01 4.699001e+01 9.169035e-01 1.789297e+00 5.322699e-01 1.064578e+00 
396 9901 0 0 0 2.109771e-01 9.989662e-01 9.907486e-01 2.104515e-01 4.698825e+01 9.168040e-01 1.789175e+00 5.315571e-01 1.064575e+00 
397 9926 0 0 0 2.108922e-01 9.984942e-01 9.906310e-01 2.106543e-01 4.700854e+01 9.159794e-01 1.789163e+00 5.315433e-01 1.064560e+00 
398 9951 0 0 0 2.110866e-01 9.992188e-01 9.905735e-01 2.104049e-01 4.699468e+01 9.166100e-01 1.789141e+00 5.312920e-01 1.064555e+00 
399 9976 0 0 0 2.114268e-01 1.000384e+00 9.907423e-01 2.100629e-01 4.697311e+01 9.177144e-01 1.788977e+00 5.308242e-01 1.064532e+00 
400 10001 0 0 0 2.114914e-01 9.997949e-01 9.906182e-01 2.101532e-01 4.698972e+01 9.168937e-01 1.788990e+00 5.306656e-01 1.064525e+00 
401 10026 0 0 0 2.112201e-01 9.994384e-01 9.903133e-01 2.104902e-01 4.700685e+01 9.162432e-01 1.789084e+00 5.306726e-01 1.064533e+00 
402 10051 0 0 0 2.110622e-01 9.994569e-01 9.898953e-01 2.105960e-01 4.701763e+01 9.160728e-01 1.789233e+00 5.308089e-01 1.064539e+00 
403 10076 0 0 0 2.109052e-01 9.996880e-01 9.900176e-01 2.106683e-01 4.700716e+01 9.165943e-01 1.789274e+00 5.309817e-01 1.064554e+00 
404 10101 0 0 0 2.109669e-01 9.999661e-01 9.899714e-01 2.106664e-01 4.700011e+01 9.166882e-01 1.789212e+00 5.305805e-01 1.064559e+00 
405 10126 0 0 0 2.109678e-01 1.000670e+00 9.897499e-01 2.103829e-01 4.699184e+01 9.177095e-01 1.789433e+00 5.311439e-01 1.064555e+00 
406 10151 0 0 0 2.109516e-01 1.000109e+00 9.901154e-01 2.105188e-01 4.699351e+01 9.175196e-01 1.789322e+00 5.311745e-01 1.064550e+00 
407 10176 0 0 0 2.111446e-01 1.000788e+00 9.908017e-01 2.103703e-01 4.697059e+01 9.187081e-01 1.789122e+00 5.310156e-01 1.064534e+00 
408 10201 0 0 0 2.110839e-01 1.000659e+00 9.901602e-01 2.104183e-01 4.699053e+01 9.179675e-01 1.789284e+00 5.310036e-01 1.064530e+00 
409 10226 0 0 0 2.111053e-01 1.001155e+00 9.901862e-01 2.103336e-01 4.697926e+01 9.185515e-01 1.789329e+00 5.309704e-01 1.064539e+00 
410 10251 0 0 0 2.108340e-01 1.000810e+00 9.898009e-01 2.105906e-01 4.699973e+01 9.179478e-01 1.789509e+00 5.312358e-01 1.064543e+00 
411 10276 0 0 0 2.110158e-01 1.001445e+00 9.898560e-01 2.104016e-01 4.699001e+01 9.184476e-01 1.789448e+00 5.310043e-01 1.064529e+00 
412 10301 0 0 0 2.112022e-01 1.001743e+00 9.899524e-01 2.102944e-01 4.697989e+01 9.185149e-01 1.789290e+00 5.305128e-01 1.064535e+00 
413 10326 0 0 0 2.112339e-01 1.001842e+00 9.901084e-01 2.102392e-01 4.697119e+01 9.187121e-01 1.789234e+00 5.304760e-01 1.064544e+00 
414 10351 0 0 0 2.112354e-01 1.001574e+00 9.903651e-01 2.104047e-01 4.696894e+01 9.184658e-01 1.789092e+00 5.301313e-01 1.064551e+00 
415 10376 0 0 0 2.113511e-01 1.002002e+00 9.904944e-01 2.102948e-01 4.696241e+01 9.187528e-01 1.788998e+00 5.299612e-01 1.064546e+00 
416 10401 0 0 0 2.114696e-01 1.002384e+00 9.904350e-01 2.102353e-01 4.696211e+01 9.189646e-01 1.788972e+00 5.297119e-01 1.064536e+00 
417 10426 0 0 0 2.112757e-01 1.001884e+00 9.902521e-01 2.103689e-01 4.697281e+01 9.184159e-01 1.789058e+00 5.300132e-01 1.064543e+00 
418 10451 0 0 0 2.112937e-01 1.001977e+00 9.904041e-01 2.102645e-01 4.696440e+01 9.187109e-01 1.789055e+00 5.301741e-01 1.064548e+00 
419 10476 0 0 0 2.111291e-01 1.001639e+00 9.903914e-01 2.103896e-01 4.697168e+01 9.184680e-01 1.789138e+00 5.304913e-01 1.064549e+00 
420 10501 0 0 0 2.110081e-01 1.001226e+00 9.902056e-01 2.104541e-01 4.698091e+01 9.180555e-01 1.789245e+00 5.307701e-01 1.064555e+00 
421 10526 0 0 0 2.110514e-01 1.001265e+00 9.900622e-01 2.103761e-01 4.698062e+01 9.180318e-01 1.789271e+00 5.307488e-01 1.064563e+00 
422 10551 0 0 0 2.111600e-01 1.001391e+00 9.900054e-01 2.103888e-01 4.698164e+01 9.180884e-01 1.789246e+00 5.304230e-01 1.064562e+00 
423 10576 0 0 0 2.111998e-01 1.001455e+00 9.901517e-01 2.103725e-01 4.697626e+01 9.182251e-01 1.789191e+00 5.303396e-01 1.064564e+00 
424 10601 0 0 0 2.111577e-01 1.001477e+00 9.897492e-01 2.103866e-01 4.698555e+01 9.179505e-01 1.789305e+00 5.303390e-01 1.064569e+00 
425 10626 0 0 0 2.112826e-01 1.001859e+00 9.900153e-01 2.103487e-01 4.697697e+01 9.183909e-01 1.789188e+00 5.300673e-01 1.064559e+00 
426 10651 0 0 0 2.112257e-01 1.001543e+00 9.897035e-01 2.102996e-01 4.698581e+01 9.180398e-01 1.789320e+00 5.303704e-01 1.064571e+00 
427 10676 0 0 0 2.112560e-01 1.001895e+00 9.895770e-01 2.101885e-01 4.698118e+01 9.182828e-01 1.789353e+00 5.303762e-01 1.064571e+00 
428 10701 0 0 0 2.112890e-01 1.002090e+00 9.895146e-01 2.101442e-01 4.698009e+01 9.184155e-01 1.789359e+00 5.303287e-01 1.064574e+00 
429 10726 0 0 0 2.113020e-01 1.002402e+00 9.894963e-01 2.100246e-01 4.697260e+01 9.187413e-01 1.789362e+00 5.304172e-01 1.064581e+00 
430 10751 0 0 0 2.112820e-01 1.002271e+00 9.894249e-01 2.100305e-01 4.697417e+01 9.186198e-01 1.789379e+00 5.304564e-01 1.064584e+00 
431 10776 0 0 0 2.113158e-01 1.002519e+00 9.894752e-01 2.100134e-01 4.697056e+01 9.187267e-01 1.789315e+00 5.302987e-01 1.064580e+00 
432 10801 0 0 0 2.112463e-01 1.002419e+00 9.894611e-01 2.099858e-01 4.696923e+01 9.186543e-01 1.789324e+00 5.304982e-01 1.064591e+00 
433 10826 0 0 0 2.109594e-01 1.001379e+00 9.894624e-01 2.102355e-01 4.698400e+01 9.178378e-01 1.789428e+00 5.310186e-01 1.064603e+00 
434 10851 0 0 0 2.109166e-01 1.001007e+00 9.894775e-01 2.103229e-01 4.698889e+01 9.174355e-01 1.789393e+00 5.309973e-01 1.064604e+00 
435 10876 0 0 0 2.109834e-01 1.000831e+00 9.895527e-01 2.103043e-01 4.698809e+01 9.174548e-01 1.789355e+00 5.309549e-01 1.064597e+00 
436 10901 0 0 0 2.109741e-01 1.000668e+00 9.898469e-01 2.103503e-01 4.698411e+01 9.176382e-01 1.789315e+00 5.310394e-01 1.064589e+00 
437 10926 0 0 0 2.108867e-01 1.000453e+00 9.897952e-01 2.103240e-01 4.698441e+01 9.176986e-01 1.789408e+00 5.314049e-01 1.064596e+00 
438 10951 0 0 0 2.107971e-01 1.000543e+00 9.896586e-01 2.103363e-01 4.698614e+01 9.175807e-01 1.789463e+00 5.315136e-01 1.064604e+00 
439 10976 0 0 0 2.108077e-01 1.000317e+00 9.896428e-01 2.103925e-01 4.698933e+01 9.173144e-01 1.789426e+00 5.313898e-01 1.064601e+00 
440 11001 0 0 0 2.107552e-01 1.000201e+00 9.897030e-01 2.105258e-01 4.699429e+01 9.171164e-01 1.789402e+00 5.313042e-01 1.064597e+00 
441 11026 0 0 0 2.108580e-01 1.000638e+00 9.897445e-01 2.104978e-01 4.698895e+01 9.174144e-01 1.789356e+00 5.309795e-01 1.064596e+00 
442 11051 0 0 0 2.107996e-01 1.000559e+00 9.898854e-01 2.105750e-01 4.698829e+01 9.173892e-01 1.789340e+00 5.310103e-01 1.064592e+00 
443 11076 0 0 0 2.107869e-01 1.000582e+00 9.898550e-01 2.106265e-01 4.699297e+01 9.173160e-01 1.789360e+00 5.309785e-01 1.064588e+00 
444 11101 0 0 0 2.107995e-01 1.000644e+00 9.898101e-01 2.106670e-01 4.699370e+01 9.172833e-01 1.789364e+00 5.308186e-01 1.064587e+00 
445 11126 0 0 0 2.107550e-01 1.000841e+00 9.899512e-01 2.107311e-01 4.698854e+01 9.174868e-01 1.789346e+00 5.307361e-01 1.064590e+00 
446 11151 0 0 0 2.107825e-01 1.000916e+00 9.903658e-01 2.108312e-01 4.698183e+01 9.177079e-01 1.789218e+00 5.305206e-01 1.064584e+00 
447 11176 0 0 0 2.108934e-01 1.001284e+00 9.902749e-01 2.106833e-01 4.697530e+01 9.179962e-01 1.789223e+00 5.303944e-01 1.064586e+00 
448 11201 0 0 0 2.109312e-01 1.001173e+00 9.904372e-01 2.107505e-01 4.697645e+01 9.178691e-01 1.789125e+00 5.302145e-01 1.064581e+00 
449 11226 0 0 0 2.109244e-01 1.001470e+00 9.900345e-01 2.105961e-01 4.697687e+01 9.179011e-01 1.789233e+00 5.303417e-01 1.064593e+00 
450 11251 0 0 0 2.109381e-01 1.001508e+00 9.902117e-01 2.106497e-01 4.697398e+01 9.180691e-01 1.789203e+00 5.302475e-01 1.064588e+00 
451 11276 0 0 0 2.108428e-01 1.001082e+00 9.904087e-01 2.107983e-01 4.697838e+01 9.179006e-01 1.789209e+00 5.304068e-01 1.064587e+00 
452 11301 0 0 0 2.107138e-01 1.000557e+00 9.902872e-01 2.108106e-01 4.698561e+01 9.175465e-01 1.789305e+00 5.308635e-01 1.064591e+00 
453 11326 0 0 0 2.106630e-01 1.000645e+00 9.901671e-01 2.108346e-01 4.698811e+01 9.174981e-01 1.789341e+00 5.308872e-01 1.064593e+00 
454 11351 0 0 0 2.105951e-01 1.000597e+00 9.904025e-01 2.109410e-01 4.698555e+01 9.175629e-01 1.789311e+00 5.309008e-01 1.064593e+00 
455 11376 0 0 0 2.105876e-01 1.000659e+00 9.903173e-01 2.108979e-01 4.698534e+01 9.175685e-01 1.789347e+00 5.309712e-01 1.064595e+00 
456 11401 0 0 0 2.105768e-01 1.000795e+00 9.903212e-01 2.109451e-01 4.698521e+01 9.176041e-01 1.789325e+00 5.308507e-01 1.064589e+00 
457 11426 0 0 0 2.106442e-01 1.000815e+00 9.905488e-01 2.109657e-01 4.698203e+01 9.177388e-01 1.789243e+00 5.306950e-01 1.064579e+00 
458 11451 0 0 0 2.107873e-01 1.001392e+00 9.901051e-01 2.107700e-01 4.698063e+01 9.177561e-01 1.789266e+00 5.303819e-01 1.064584e+00 
459 11476 0 0 0 2.107733e-01 1.001425e+00 9.900614e-01 2.107243e-01 4.697883e+01 9.178113e-01 1.789275e+00 5.304751e-01 1.064584e+00 
460 11501 0 0 0 2.106852e-01 1.001013e+00 9.901549e-01 2.109625e-01 4.698895e+01 9.172209e-01 1.789220e+00 5.303130e-01 1.064581e+00 
461 11526 0 0 0 2.105544e-01 1.000817e+00 9.900261e-01 2.110894e-01 4.699828e+01 9.168498e-01 1.789281e+00 5.304246e-01 1.064580e+00 
462 11551 0 0 0 2.104252e-01 1.000567e+00 9.903555e-01 2.112436e-01 4.699748e+01 9.168764e-01 1.789278e+00 5.306185e-01 1.064585e+00 
463 11576 0 0 0 2.103738e-01 1.000343e+00 9.906602e-01 2.113131e-01 4.699356e+01 9.171379e-01 1.789276e+00 5.308070e-01 1.064582e+00 
464 11601 0 0 0 2.102529e-01 9.998195e-01 9.909890e-01 2.114245e-01 4.699325e+01 9.171302e-01 1.789281e+00 5.311663e-01 1.064584e+00 
465 11626 0 0 0 2.102524e-01 9.997757e-01 9.909861e-01 2.113774e-01 4.699190e+01 9.170988e-01 1.789291e+00 5.312609e-01 1.064589e+00 
466 11651 0 0 0 2.102554e-01 9.996506e-01 9.909787e-01 2.113596e-01 4.699346e+01 9.170965e-01 1.789328e+00 5.313787e-01 1.064583e+00 
467 11676 0 0 0 2.101082e-01 9.988677e-01 9.909931e-01 2.115006e-01 4.700426e+01 9.164191e-01 1.789332e+00 5.316640e-01 1.064591e+00 
468 11701 0 0 0 2.100021e-01 9.986294e-01 9.909401e-01 2.115002e-01 4.700792e+01 9.163566e-01 1.789421e+00 5.320480e-01 1.064596e+00 
469 11726 0 0 0 2.100619e-01 9.989409e-01 9.904827e-01 2.113308e-01 4.700884e+01 9.162277e-01 1.789471e+00 5.319630e-01 1.064609e+00 
470 11751 0 0 0 2.100200e-01 9.990240e-01 9.907265e-01 2.114065e-01 4.700307e+01 9.164804e-01 1.789447e+00 5.319393e-01 1.064608e+00 
471 11776 0 0 0 2.099595e-01 9.989222e-01 9.906304e-01 2.114816e-01 4.700930e+01 9.161831e-01 1.789460e+00 5.319350e-01 1.064602e+00 
472 11801 0 0 0 2.099653e-01 9.988193e-01 9.907534e-01 2.115841e-01 4.701142e+01 9.160439e-01 1.789408e+00 5.317610e-01 1.064594e+00 
473 11826 0 0 0 2.098491e-01 9.984461e-01 9.909564e-01 2.117264e-01 4.701383e+01 9.159780e-01 1.789428e+00 5.319654e-01 1.064598e+00 
474 11851 0 0 0 2.099387e-01 9.988449e-01 9.910714e-01 2.116435e-01 4.700362e+01 9.163858e-01 1.789379e+00 5.317738e-01 1.064604e+00 
475 11876 0 0 0 2.098231e-01 9.985456e-01 9.910324e-01 2.116723e-01 4.700753e+01 9.163045e-01 1.789472e+00 5.321473e-01 1.064607e+00 
476 11901 0 0 0 2.098659e-01 9.986571e-01 9.909548e-01 2.115917e-01 4.700541e+01 9.164045e-01 1.789454e+00 5.321368e-01 1.064603e+00 
477 11926 0 0 0 2.098521e-01 9.985183e-01 9.910320e-01 2.116955e-01 4.700876e+01 9.162114e-01 1.789411e+00 5.320061e-01 1.064593e+00 
478 11951 0 0 0 2.099525e-01 9.986475e-01 9.906940e-01 2.116099e-01 4.701415e+01 9.158607e-01 1.789382e+00 5.317397e-01 1.064590e+00 
479 11976 0 0 0 2.099388e-01 9.987446e-01 9.908091e-01 2.115861e-01 4.700901e+01 9.161755e-01 1.789413e+00 5.318639e-01 1.064591e+00 
480 12001 0 0 0 2.097961e-01 9.982005e-01 9.910186e-01 2.117625e-01 4.701373e+01 9.158836e-01 1.789414e+00 5.320773e-01 1.064594e+00 
481 12026 0 0 0 2.097586e-01 9.978716e-01 9.910079e-01 2.118450e-01 4.702038e+01 9.154950e-01 1.789389e+00 5.320770e-01 1.064591e+00 
482 12051 0 0 0 2.096796e-01 9.978214e-01 9.909806e-01 2.118718e-01 4.702183e+01 9.154333e-01 1.789435e+00 5.322382e-01 1.064590e+00 
483 12076 0 0 0 2.096840e-01 9.978347e-01 9.909769e-01 2.117940e-01 4.701846e+01 9.155753e-01 1.789452e+00 5.323780e-01 1.064598e+00 
484 12101 0 0 0 2.096621e-01 9.975849e-01 9.911511e-01 2.118160e-01 4.701654e+01 9.156186e-01 1.789435e+00 5.325123e-01 1.064602e+00 
485 12126 0 0 0 2.095878e-01 9.973953e-01 9.913519e-01 2.119195e-01 4.701626e+01 9.155744e-01 1.789415e+00 5.325854e-01 1.064601e+00 
486 12151 0 0 0 2.094719e-01 9.970455e-01 9.914657e-01 2.120055e-01 4.701810e+01 9.154856e-01 1.789450e+00 5.328494e-01 1.064610e+00 
487 12176 0 0 0 2.094087e-01 9.968059e-01 9.916134e-01 2.120419e-01 4.701678e+01 9.155157e-01 1.789459e+00 5.330520e-01 1.064613e+00 
488 12201 0 0 0 2.093708e-01 9.967233e-01 9.914966e-01 2.120474e-01 4.702120e+01 9.154307e-01 1.789517e+00 5.331855e-01 1.064610e+00 
489 12226 0 0 0 2.093403e-01 9.966585e-01 9.914418e-01 2.120598e-01 4.702333e+01 9.153249e-01 1.789537e+00 5.332358e-01 1.064612e+00 
490 12251 0 0 0 2.092786e-01 9.966096e-01 9.916913e-01 2.121427e-01 4.702016e+01 9.155084e-01 1.789522e+00 5.333238e-01 1.064610e+00 
491 12276 0 0 0 2.093287e-01 9.966360e-01 9.917217e-01 2.121049e-01 4.701756e+01 9.156179e-01 1.789515e+00 5.332772e-01 1.064613e+00 
492 12301 0 0 0 2.093886e-01 9.968995e-01 9.915758e-01 2.120594e-01 4.701754e+01 9.156516e-01 1.789522e+00 5.330953e-01 1.064611e+00 
493 12326 0 0 0 2.094318e-01 9.970394e-01 9.915883e-01 2.120327e-01 4.701531e+01 9.157841e-01 1.789514e+00 5.330116e-01 1.064612e+00 
494 12351 0 0 0 2.093572e-01 9.968769e-01 9.915100e-01 2.120825e-01 4.701973e+01 9.155308e-01 1.789542e+00 5.331048e-01 1.064616e+00 
495 12376 0 0 0 2.093710e-01 9.970284e-01 9.914522e-01 2.120766e-01 4.701977e+01 9.155792e-01 1.789551e+00 5.330286e-01 1.064615e+00 
496 12401 0 0 0 2.093361e-01 9.970164e-01 9.915860e-01 2.120894e-01 4.701650e+01 9.157758e-01 1.789555e+00 5.331497e-01 1.064616e+00 
497 12426 0 0 0 2.092138e-01 9.965644e-01 9.917184e-01 2.121338e-01 4.701827e+01 9.157246e-01 1.789606e+00 5.335877e-01 1.064621e+00 
498 12451 0 0 0 2.092317e-01 9.965304e-01 9.917665e-01 2.120807e-01 4.701552e+01 9.158430e-01 1.789605e+00 5.336803e-01 1.064626e+00 
499 12476 0 0 0 2.094129e-01 9.970683e-01 9.915527e-01 2.119485e-01 4.701332e+01 9.159830e-01 1.789576e+00 5.332673e-01 1.064618e+00 
500 12501 0 0 0 2.094937e-01 9.973150e-01 9.914660e-01 2.119226e-01 4.701232e+01 9.160021e-01 1.789539e+00 5.329842e-01 1.064618e+00 
501 12526 0 0 0 2.096061e-01 9.976706e-01 9.914594e-01 2.118488e-01 4.700748e+01 9.162481e-01 1.789498e+00 5.327320e-01 1.064615e+00 
502 12551 0 0 0 2.096370e-01 9.978799e-01 9.913462e-01 2.118280e-01 4.700858e+01 9.162459e-01 1.789499e+00 5.326108e-01 1.064609e+00 
503 12576 0 0 0 2.096669e-01 9.978699e-01 9.912539e-01 2.117602e-01 4.700826e+01 9.162319e-01 1.789513e+00 5.326458e-01 1.064614e+00 
504 12601 0 0 0 2.096843e-01 9.980440e-01 9.912529e-01 2.117514e-01 4.700697e+01 9.163705e-01 1.789510e+00 5.325862e-01 1.064610e+00 
505 12626 0 0 0 2.097467e-01 9.982475e-01 9.912740e-01 2.116855e-01 4.700212e+01 9.166245e-01 1.789497e+00 5.325141e-01 1.064611e+00 
506 12651 0 0 0 2.098053e-01 9.984019e-01 9.910883e-01 2.115978e-01 4.700220e+01 9.165965e-01 1.789505e+00 5.324269e-01 1.064614e+00 
507 12676 0 0 0 2.099102e-01 9.986903e-01 9.909652e-01 2.114776e-01 4.699838e+01 9.167730e-01 1.789483e+00 5.322678e-01 1.064613e+00 
508 12701 0 0 0 2.100556e-01 9.991258e-01 9.908854e-01 2.113770e-01 4.699344e+01 9.169303e-01 1.789425e+00 5.319039e-01 1.064612e+00 
509 12726 0 0 0 2.101740e-01 9.996121e-01 9.908346e-01 2.113921e-01 4.699165e+01 9.170109e-01 1.789358e+00 5.313778e-01 1.064603e+00 
510 12751 0 0 0 2.101181e-01 9.997305e-01 9.909559e-01 2.114984e-01 4.699073e+01 9.170573e-01 1.789358e+00 5.312916e-01 1.064602e+00 
511 12776 0 0 0 2.101997e-01 1.000004e+00 9.909078e-01 2.114975e-01 4.699151e+01 9.170407e-01 1.789318e+00 5.309898e-01 1.064588e+00 
512 12801 0 0 0 2.102453e-01 9.998675e-01 9.909096e-01 2.114200e-01 4.698975e+01 9.170167e-01 1.789265e+00 5.310345e-01 1.064590e+00 
513 12826 0 0 0 2.104415e-01 1.000658e+00 9.907733e-01 2.112997e-01 4.698184e+01 9.173484e-01 1.789192e+00 5.304417e-01 1.064588e+00 
514 12851 0 0 0 2.105601e-01 1.000798e+00 9.909418e-01 2.112908e-01 4.697748e+01 9.174764e-01 1.789094e+00 5.301407e-01 1.064585e+00 
515 12876 0 0 0 2.106355e-01 1.001109e+00 9.909114e-01 2.112458e-01 4.697409e+01 9.176305e-01 1.789065e+00 5.299210e-01 1.064583e+00 
516 12901 0 0 0 2.106320e-01 1.001115e+00 9.908965e-01 2.112983e-01 4.697621e+01 9.175831e-01 1.789068e+00 5.298316e-01 1.064579e+00 
517 12926 0 0 0 2.105037e-01 1.000678e+00 9.909667e-01 2.113629e-01 4.698110e+01 9.174270e-01 1.789135e+00 5.302340e-01 1.064583e+00 
518 12951 0 0 0 2.103842e-01 1.000559e+00 9.908702e-01 2.114547e-01 4.698694e+01 9.172652e-01 1.789220e+00 5.303986e-01 1.064586e+00 
519 12976 0 0 0 2.105639e-01 1.001128e+00 9.908299e-01 2.113846e-01 4.698151e+01 9.174920e-01 1.789133e+00 5.298686e-01 1.064579e+00 
520 13001 0 0 0 2.105924e-01 1.001134e+00 9.906397e-01 2.112736e-01 4.698218e+01 9.174575e-01 1.789162e+00 5.299718e-01 1.064583e+00 
521 13026 0 0 0 2.104301e-01 1.000618e+00 9.909426e-01 2.114287e-01 4.698332e+01 9.173890e-01 1.789192e+00 5.303275e-01 1.064588e+00 
522 13051 0 0 0 2.104882e-01 1.000832e+00 9.908699e-01 2.113845e-01 4.698178e+01 9.174387e-01 1.789181e+00 5.301674e-01 1.064589e+00 
523 13076 0 0 0 2.104323e-01 1.000383e+00 9.909112e-01 2.114681e-01 4.698801e+01 9.171236e-01 1.789174e+00 5.302965e-01 1.064586e+00 
524 13101 0 0 0 2.105047e-01 1.000574e+00 9.909926e-01 2.114927e-01 4.698550e+01 9.171651e-01 1.789100e+00 5.299853e-01 1.064583e+00 
525 13126 0 0 0 2.103952e-01 1.000312e+00 9.910569e-01 2.116090e-01 4.698949e+01 9.169568e-01 1.789120e+00 5.301129e-01 1.064586e+00 
526 13151 0 0 0 2.104579e-01 1.000396e+00 9.911835e-01 2.116478e-01 4.698738e+01 9.170379e-01 1.789059e+00 5.298747e-01 1.064582e+00 
527 13176 0 0 0 2.104886e-01 1.000694e+00 9.911241e-01 2.116217e-01 4.698549e+01 9.171769e-01 1.789062e+00 5.297443e-01 1.064580e+00 
528 13201 0 0 0 2.104547e-01 1.000575e+00 9.914224e-01 2.117376e-01 4.698263e+01 9.172473e-01 1.789012e+00 5.296941e-01 1.064580e+00 
529 13226 0 0 0 2.104163e-01 1.000398e+00 9.915195e-01 2.117920e-01 4.698321e+01 9.171538e-01 1.788992e+00 5.297381e-01 1.064582e+00 
530 13251 0 0 0 2.104393e-01 1.000445e+00 9.916404e-01 2.117525e-01 4.697787e+01 9.173559e-01 1.788978e+00 5.297683e-01 1.064588e+00 
531 13276 0 0 0 2.104320e-01 1.000505e+00 9.914572e-01 2.117195e-01 4.698107e+01 9.172696e-01 1.789022e+00 5.298068e-01 1.064588e+00 
532 13301 0 0 0 2.105578e-01 1.000990e+00 9.914147e-01 2.116213e-01 4.697523e+01 9.175662e-01 1.788981e+00 5.295200e-01 1.064583e+00 
533 13326 0 0 0 2.106248e-01 1.001269e+00 9.914613e-01 2.115943e-01 4.697063e+01 9.177251e-01 1.788928e+00 5.292932e-01 1.064581e+00 
534 13351 0 0 0 2.106966e-01 1.001438e+00 9.913918e-01 2.115068e-01 4.696835e+01 9.178587e-01 1.788921e+00 5.292295e-01 1.064577e+00 
535 13376 0 0 0 2.107769e-01 1.001642e+00 9.914932e-01 2.115207e-01 4.696444e+01 9.179428e-01 1.788839e+00 5.289108e-01 1.064573e+00 
536 13401 0 0 0 2.108558e-01 1.002020e+00 9.913097e-01 2.114303e-01 4.696318e+01 9.180528e-01 1.788851e+00 5.287327e-01 1.064572e+00 
537 13426 0 0 0 2.109300e-01 1.002283e+00 9.912350e-01 2.113804e-01 4.696181e+01 9.181697e-01 1.788841e+00 5.285587e-01 1.064570e+00 
538 13451 0 0 0 2.110588e-01 1.002667e+00 9.910681e-01 2.112924e-01 4.696109e+01 9.182191e-01 1.788806e+00 5.282426e-01 1.064561e+00 
539 13476 0 0 0 2.109562e-01 1.002258e+00 9.911077e-01 2.113598e-01 4.696612e+01 9.180043e-01 1.788843e+00 5.285281e-01 1.064564e+00 
540 13501 0 0 0 2.111730e-01 1.002990e+00 9.910988e-01 2.112791e-01 4.695803e+01 9.182779e-01 1.788714e+00 5.278383e-01 1.064555e+00 
541 13526 0 0 0 2.110912e-01 1.002845e+00 9.908719e-01 2.112338e-01 4.696331e+01 9.181497e-01 1.788829e+00 5.281799e-01 1.064558e+00 
542 13551 0 0 0 2.109681e-01 1.002406e+00 9.910064e-01 2.113100e-01 4.696511e+01 9.180692e-01 1.788873e+00 5.285268e-01 1.064564e+00 
543 13576 0 0 0 2.110339e-01 1.002599e+00 9.909409e-01 2.112479e-01 4.696329e+01 9.181520e-01 1.788860e+00 5.284038e-01 1.064564e+00 
544 13601 0 0 0 2.109552e-01 1.002321e+00 9.909289e-01 2.113157e-01 4.696815e+01 9.179297e-01 1.788895e+00 5.285582e-01 1.064569e+00 
545 13626 0 0 0 2.109811e-01 1.002408e+00 9.907982e-01 2.113143e-01 4.697118e+01 9.177797e-01 1.788890e+00 5.284192e-01 1.064564e+00 
546 13651 0 0 0 2.110295e-01 1.002402e+00 9.907379e-01 2.112366e-01 4.697006e+01 9.178196e-01 1.788890e+00 5.284423e-01 1.064566e+00 
547 13676 0 0 0 2.109185e-01 1.002156e+00 9.908142e-01 2.113167e-01 4.697274e+01 9.177690e-01 1.788949e+00 5.286998e-01 1.064566e+00 
548 13701 0 0 0 2.109101e-01 1.002105e+00 9.906971e-01 2.112360e-01 4.697321e+01 9.177924e-01 1.788996e+00 5.288952e-01 1.064570e+00 
549 13726 0 0 0 2.109926e-01 1.002364e+00 9.905528e-01 2.111185e-01 4.697080e+01 9.179207e-01 1.788993e+00 5.288051e-01 1.064568e+00 
550 13751 0 0 0 2.110274e-01 1.002386e+00 9.905643e-01 2.111455e-01 4.697127e+01 9.178045e-01 1.788931e+00 5.286084e-01 1.064565e+00 
551 13776 0 0 0 2.110459e-01 1.002463e+00 9.905314e-01 2.110885e-01 4.696911e+01 9.178922e-01 1.788934e+00 5.286369e-01 1.064567e+00 
552 13801 0 0 0 2.108577e-01 1.001868e+00 9.905280e-01 2.111738e-01 4.697630e+01 9.176401e-01 1.789051e+00 5.291854e-01 1.064574e+00 
553 13826 0 0 0 2.109008e-01 1.001820e+00 9.904617e-01 2.111378e-01 4.697773e+01 9.175614e-01 1.789040e+00 5.291502e-01 1.064572e+00 
554 13851 0 0 0 2.106914e-01 1.001182e+00 9.904921e-01 2.112448e-01 4.698575e+01 9.172861e-01 1.789164e+00 5.297447e-01 1.064576e+00 
555 13876 0 0 0 2.108783e-01 1.001801e+00 9.904538e-01 2.111305e-01 4.697806e+01 9.175927e-01 1.789078e+00 5.292576e-01 1.064572e+00 
556 13901 0 0 0 2.108996e-01 1.002056e+00 9.903371e-01 2.111355e-01 4.697997e+01 9.176308e-01 1.789106e+00 5.291253e-01 1.064566e+00 
557 13926 0 0 0 2.107481e-01 1.001682e+00 9.904053e-01 2.112030e-01 4.698310e+01 9.175794e-01 1.789211e+00 5.295710e-01 1.064574e+00 
558 13951 0 0 0 2.109220e-01 1.002271e+00 9.901822e-01 2.110838e-01 4.698134e+01 9.176965e-01 1.789168e+00 5.291252e-01 1.064565e+00 
559 13976 0 0 0 2.108817e-01 1.002088e+00 9.901068e-01 2.109986e-01 4.698060e+01 9.177395e-01 1.789219e+00 5.294454e-01 1.064575e+00 
560 14001 0 0 0 2.107338e-01 1.001645e+00 9.902249e-01 2.110996e-01 4.698408e+01 9.176587e-01 1.789293e+00 5.298380e-01 1.064581e+00 
561 14026 0 0 0 2.106320e-01 1.001476e+00 9.901908e-01 2.111613e-01 4.698776e+01 9.175508e-01 1.789355e+00 5.300379e-01 1.064584e+00 
562 14051 0 0 0 2.106223e-01 1.001449e+00 9.900763e-01 2.111054e-01 4.698945e+01 9.175737e-01 1.789415e+00 5.302076e-01 1.064586e+00 
563 14076 0 0 0 2.105656e-01 1.001403e+00 9.899222e-01 2.110922e-01 4.699388e+01 9.175281e-01 1.789506e+00 5.304259e-01 1.064585e+00 
564 14101 0 0 0 2.104156e-01 1.000662e+00 9.897584e-01 2.110655e-01 4.700301e+01 9.171492e-01 1.789637e+00 5.311075e-01 1.064593e+00 
565 14126 0 0 0 2.106641e-01 1.001386e+00 9.899152e-01 2.109519e-01 4.698979e+01 9.176702e-01 1.789478e+00 5.304630e-01 1.064589e+00 
566 14151 0 0 0 2.104736e-01 1.000809e+00 9.897913e-01 2.110014e-01 4.699905e+01 9.173860e-01 1.789631e+00 5.310796e-01 1.064593e+00 
567 14176 0 0 0 2.104542e-01 1.000747e+00 9.899849e-01 2.110768e-01 4.699650e+01 9.174489e-01 1.789602e+00 5.310220e-01 1.064598e+00 
568 14201 0 0 0 2.106773e-01 1.001465e+00 9.900864e-01 2.109863e-01 4.698432e+01 9.177785e-01 1.789426e+00 5.303082e-01 1.064592e+00 
569 14226 0 0 0 2.109623e-01 1.002114e+00 9.900210e-01 2.108435e-01 4.697649e+01 9.179505e-01 1.789246e+00 5.295468e-01 1.064582e+00 
570 14251 0 0 0 2.109863e-01 1.002177e+00 9.900477e-01 2.108164e-01 4.697470e+01 9.180594e-01 1.789233e+00 5.295375e-01 1.064582e+00 
571 14276 0 0 0 2.111853e-01 1.002665e+00 9.898699e-01 2.106835e-01 4.697167e+01 9.181361e-01 1.789156e+00 5.290614e-01 1.064577e+00 
572 14301 0 0 0 2.111634e-01 1.002703e+00 9.900308e-01 2.107642e-01 4.697005e+01 9.182342e-01 1.789145e+00 5.289959e-01 1.064572e+00 
573 14326 0 0 0 2.110199e-01 1.002202e+00 9.897953e-01 2.107400e-01 4.697857e+01 9.178474e-01 1.789276e+00 5.295288e-01 1.064580e+00 
574 14351 0 0 0 2.109228e-01 1.001871e+00 9.896883e-01 2.107270e-01 4.698337e+01 9.177701e-01 1.789389e+00 5.299542e-01 1.064586e+00 
575 14376 0 0 0 2.107053e-01 1.001439e+00 9.896713e-01 2.108473e-01 4.699095e+01 9.175501e-01 1.789527e+00 5.304604e-01 1.064595e+00 
576 14401 0 0 0 2.107190e-01 1.001344e+00 9.895218e-01 2.108082e-01 4.699465e+01 9.173715e-01 1.789538e+00 5.304970e-01 1.064594e+00 
577 14426 0 0 0 2.106156e-01 1.000933e+00 9.897060e-01 2.108875e-01 4.699544e+01 9.172798e-01 1.789541e+00 5.307691e-01 1.064598e+00 
578 14451 0 0 0 2.106676e-01 1.001051e+00 9.896513e-01 2.108484e-01 4.699486e+01 9.173027e-01 1.789520e+00 5.306565e-01 1.064593e+00 
579 14476 0 0 0 2.105343e-01 1.000552e+00 9.894762e-01 2.108447e-01 4.700308e+01 9.169903e-01 1.789629e+00 5.311575e-01 1.064600e+00 
580 14501 0 0 0 2.105212e-01 1.000367e+00 9.895867e-01 2.108826e-01 4.700272e+01 9.169282e-01 1.789598e+00 5.311743e-01 1.064600e+00 
581 14526 0 0 0 2.104431e-01 1.000334e+00 9.895096e-01 2.109528e-01 4.700726e+01 9.167796e-01 1.789652e+00 5.312367e-01 1.064603e+00 
582 14551 0 0 0 2.106073e-01 1.000919e+00 9.897034e-01 2.109739e-01 4.699843e+01 9.170906e-01 1.789514e+00 5.305804e-01 1.064593e+00 
583 14576 0 0 0 2.105432e-01 1.000915e+00 9.897766e-01 2.110347e-01 4.699764e+01 9.171489e-01 1.789547e+00 5.306442e-01 1.064600e+00 
584 14601 0 0 0 2.106300e-01 1.001294e+00 9.897908e-01 2.109966e-01 4.699359e+01 9.173614e-01 1.789500e+00 5.303842e-01 1.064593e+00 
585 14626 0 0 0 2.107898e-01 1.001578e+00 9.900307e-01 2.109071e-01 4.698133e+01 9.177685e-01 1.789368e+00 5.300634e-01 1.064591e+00 
586 14651 0 0 0 2.107595e-01 1.001435e+00 9.901517e-01 2.109611e-01 4.698046e+01 9.177371e-01 1.789351e+00 5.300796e-01 1.064595e+00 
587 14676 0 0 0 2.107285e-01 1.001472e+00 9.903364e-01 2.110441e-01 4.697850e+01 9.178744e-01 1.789329e+00 5.300417e-01 1.064595e+00 
588 14701 0 0 0 2.108207e-01 1.001750e+00 9.904105e-01 2.110223e-01 4.697397e+01 9.180677e-01 1.789266e+00 5.297685e-01 1.064591e+00 
589 14726 0 0 0 2.106862e-01 1.001203e+00 9.903086e-01 2.110691e-01 4.698263e+01 9.176766e-01 1.789348e+00 5.301840e-01 1.064598e+00 
590 14751 0 0 0 2.106783e-01 1.001015e+00 9.903036e-01 2.110481e-01 4.698341e+01 9.176114e-01 1.789355e+00 5.303015e-01 1.064603e+00 
591 14776 0 0 0 2.108913e-01 1.001585e+00 9.905002e-01 2.109764e-01 4.697156e+01 9.180398e-01 1.789200e+00 5.297139e-01 1.064598e+00 
592 14801 0 0 0 2.107472e-01 1.001415e+00 9.904159e-01 2.110658e-01 4.697858e+01 9.179294e-01 1.789328e+00 5.300246e-01 1.064602e+00 
593 14826 0 0 0 2.106763e-01 1.001203e+00 9.900135e-01 2.109510e-01 4.698685e+01 9.177428e-01 1.789493e+00 5.304937e-01 1.064607e+00 
594 14851 0 0 0 2.108906e-01 1.001905e+00 9.900265e-01 2.108234e-01 4.697691e+01 9.181621e-01 1.789376e+00 5.299477e-01 1.064601e+00 
595 14876 0 0 0 2.107833e-01 1.001496e+00 9.899245e-01 2.108284e-01 4.698300e+01 9.179950e-01 1.789467e+00 5.303740e-01 1.064604e+00 
596 14901 0 0 0 2.107186e-01 1.001646e+00 9.897803e-01 2.108402e-01 4.698651e+01 9.180443e-01 1.789573e+00 5.305118e-01 1.064608e+00 
597 14926 0 0 0 2.106632e-01 1.001208e+00 9.903153e-01 2.110062e-01 4.698209e+01 9.180529e-01 1.789462e+00 5.305390e-01 1.064607e+00 
598 14951 0 0 0 2.103567e-01 1.000526e+00 9.902087e-01 2.111639e-01 4.699574e+01 9.176369e-01 1.789658e+00 5.312908e-01 1.064612e+00 
599 14976 0 0 0 2.103036e-01 1.000156e+00 9.904866e-01 2.112660e-01 4.699487e+01 9.175298e-01 1.789598e+00 5.313622e-01 1.064614e+00 
600 15001 0 0 0 2.101587e-01 9.999648e-01 9.909975e-01 2.115280e-01 4.699083e+01 9.176400e-01 1.789570e+00 5.313693e-01 1.064616e+00 
601 15026 0 0 0 2.103422e-01 1.001080e+00 9.911672e-01 2.116541e-01 4.698138e+01 9.180153e-01 1.789412e+00 5.302505e-01 1.064603e+00 
602 15051 0 0 0 2.104037e-01 1.001646e+00 9.914192e-01 2.117733e-01 4.697595e+01 9.184064e-01 1.789349e+00 5.297773e-01 1.064593e+00 
603 15076 0 0 0 2.104814e-01 1.001728e+00 9.919497e-01 2.119582e-01 4.696825e+01 9.184484e-01 1.789154e+00 5.291889e-01 1.064597e+00 
604 15101 0 0 0 2.107197e-01 1.002253e+00 9.919350e-01 2.118214e-01 4.695892e+01 9.187135e-01 1.789010e+00 5.285989e-01 1.064592e+00 
605 15126 0 0 0 2.107703e-01 1.002729e+00 9.917598e-01 2.118659e-01 4.696110e+01 9.186980e-01 1.789015e+00 5.281823e-01 1.064593e+00 
606 15151 0 0 0 2.112345e-01 1.003884e+00 9.920227e-01 2.117853e-01 4.694441e+01 9.191850e-01 1.788680e+00 5.267188e-01 1.064573e+00 
607 15176 0 0 0 2.113166e-01 1.003931e+00 9.921960e-01 2.119576e-01 4.694613e+01 9.187786e-01 1.788460e+00 5.260315e-01 1.064557e+00 
608 15201 0 0 0 2.110154e-01 1.002644e+00 9.921991e-01 2.120065e-01 4.695648e+01 9.182594e-01 1.788611e+00 5.271421e-01 1.064568e+00 
609 15226 0 0 0 2.109470e-01 1.001571e+00 9.914368e-01 2.114777e-01 4.696612e+01 9.179836e-01 1.788878e+00 5.286704e-01 1.064586e+00 
610 15251 0 0 0 2.114933e-01 1.003286e+00 9.914192e-01 2.113104e-01 4.694933e+01 9.185599e-01 1.788546e+00 5.269372e-01 1.064553e+00 
611 15276 0 0 0 2.113165e-01 1.002895e+00 9.901864e-01 2.109832e-01 4.697510e+01 9.179834e-01 1.788973e+00 5.281204e-01 1.064553e+00 
612 15301 0 0 0 2.115552e-01 1.003241e+00 9.896033e-01 2.106845e-01 4.697941e+01 9.177557e-01 1.788940e+00 5.278531e-01 1.064532e+00 
613 15326 0 0 0 2.110171e-01 1.001912e+00 9.898851e-01 2.110538e-01 4.699428e+01 9.172854e-01 1.789191e+00 5.290950e-01 1.064551e+00 
614 15351 0 0 0 2.108421e-01 1.001610e+00 9.898771e-01 2.112673e-01 4.700371e+01 9.168053e-01 1.789241e+00 5.291764e-01 1.064556e+00 
615 15376 0 0 0 2.109047e-01 1.001360e+00 9.900458e-01 2.111974e-01 4.700051e+01 9.169408e-01 1.789178e+00 5.293119e-01 1.064544e+00 
616 15401 0 0 0 2.104628e-01 9.997477e-01 9.894534e-01 2.111718e-01 4.702619e+01 9.159961e-01 1.789571e+00 5.309981e-01 1.064570e+00 
617 15426 0 0 0 2.101578e-01 9.988533e-01 9.896592e-01 2.112848e-01 4.702977e+01 9.159053e-01 1.789729e+00 5.319360e-01 1.064593e+00 
618 15451 0 0 0 2.100188e-01 9.983295e-01 9.896079e-01 2.112721e-01 4.703470e+01 9.157587e-01 1.789835e+00 5.325308e-01 1.064589e+00 
619 15476 0 0 0 2.101665e-01 9.991559e-01 9.899461e-01 2.113570e-01 4.702204e+01 9.163426e-01 1.789689e+00 5.317695e-01 1.064583e+00 
620 15501 0 0 0 2.102074e-01 9.999252e-01 9.899857e-01 2.115092e-01 4.702206e+01 9.165671e-01 1.789667e+00 5.311778e-01 1.064570e+00 
621 15526 0 0 0 2.106221e-01 1.001002e+00 9.899254e-01 2.112632e-01 4.700739e+01 9.170495e-01 1.789443e+00 5.301614e-01 1.064549e+00 
622 15551 0 0 0 2.106543e-01 1.001072e+00 9.901170e-01 2.114032e-01 4.700783e+01 9.169621e-01 1.789337e+00 5.297868e-01 1.064538e+00 
623 15576 0 0 0 2.108596e-01 1.001090e+00 9.899226e-01 2.111890e-01 4.700613e+01 9.168181e-01 1.789213e+00 5.295539e-01 1.064535e+00 
624 15601 0 0 0 2.109764e-01 1.001557e+00 9.897447e-01 2.110445e-01 4.700197e+01 9.170650e-01 1.789222e+00 5.293630e-01 1.064541e+00 
625 15626 0 0 0 2.111604e-01 1.002241e+00 9.899462e-01 2.110152e-01 4.699070e+01 9.175927e-01 1.789093e+00 5.287650e-01 1.064535e+00 
626 15651 0 0 0 2.110272e-01 1.002337e+00 9.899526e-01 2.111019e-01 4.699329e+01 9.177989e-01 1.789230e+00 5.290332e-01 1.064534e+00 
627 15676 0 0 0 2.109207e-01 1.002000e+00 9.899611e-01 2.110892e-01 4.699385e+01 9.177549e-01 1.789290e+00 5.294445e-01 1.064538e+00 
628 15701 0 0 0 2.109915e-01 1.002448e+00 9.898331e-01 2.109912e-01 4.699014e+01 9.180460e-01 1.789288e+00 5.293136e-01 1.064529e+00 
629 15726 0 0 0 2.112205e-01 1.003155e+00 9.899678e-01 2.108781e-01 4.697726e+01 9.186037e-01 1.789172e+00 5.287403e-01 1.064529e+00 
630 15751 0 0 0 2.110174e-01 1.002082e+00 9.901389e-01 2.109688e-01 4.698420e+01 9.182020e-01 1.789237e+00 5.294750e-01 1.064542e+00 
631 15776 0 0 0 2.110726e-01 1.001951e+00 9.897815e-01 2.107848e-01 4.698707e+01 9.179650e-01 1.789277e+00 5.296095e-01 1.064558e+00 
632 15801 0 0 0 2.108445e-01 1.001033e+00 9.893724e-01 2.107323e-01 4.700261e+01 9.173398e-01 1.789485e+00 5.305549e-01 1.064564e+00 
633 15826 0 0 0 2.108226e-01 1.001137e+00 9.893687e-01 2.106944e-01 4.699962e+01 9.176258e-01 1.789539e+00 5.307066e-01 1.064565e+00 
634 15851 0 0 0 2.105750e-01 1.000368e+00 9.894778e-01 2.108445e-01 4.700697e+01 9.172668e-01 1.789626e+00 5.313150e-01 1.064575e+00 
635 15876 0 0 0 2.109231e-01 1.001466e+00 9.900206e-01 2.108842e-01 4.698633e+01 9.179279e-01 1.789258e+00 5.299762e-01 1.064553e+00 
636 15901 0 0 0 2.107684e-01 1.000950e+00 9.901772e-01 2.110289e-01 4.699087e+01 9.176240e-01 1.789262e+00 5.302483e-01 1.064559e+00 
