%  columns="iteration, evaluation, sigma, axis ratio, bestever, best, median, worst fitness function value, further objective values of best" (startseed=212417, 2015/08/22 11:13:55.18)
1 26 4.556661e+00 1.991721e+01  1.637064934601917798e+02  1.637064934601917798e+02  2.156340816122026369e+07  4.111230660677953126e+19
2 51 4.603361e+00 1.924515e+01  1.637064934601917798e+02  1.641509324924096802e+02  1.650508596272313184e+02  1.286480518352803230e+09
3 76 4.580000e+00 1.939394e+01  1.634559101157669829e+02  1.634559101157669829e+02  1.650145778588863550e+02  9.254334750164920092e+08
4 101 4.251489e+00 1.990360e+01  1.611734533998671566e+02  1.611734533998671566e+02  1.650563379403363342e+02  3.111082359133794904e+06
5 126 3.769771e+00 2.025431e+01  1.611734533998671566e+02  1.636082551876688456e+02  1.650177538165360147e+02  4.640905316169571875e+13
6 151 3.720747e+00 2.057766e+01  1.291439491532129757e+01  1.291439491532129757e+01  1.650483583739281812e+02  2.153119666825100780e+07
7 176 3.493517e+00 2.053830e+01  1.291439491532129757e+01  1.222165482767478863e+02  1.649549326595845855e+02  6.136749223056540489e+08
8 201 3.657184e+00 1.881871e+01  1.291439491532129757e+01  2.274483241632281505e+01  1.649912968565551807e+02  1.278269539459947968e+10
9 226 3.265764e+00 1.850258e+01  1.291439491532129757e+01  1.647063812714508515e+02  1.649913445141193620e+02  9.754434909638835816e+05
10 251 2.926428e+00 1.822112e+01  1.291439491532129757e+01  9.003728607244721616e+01  1.649793223203149921e+02  3.085870226788191497e+07
11 276 2.660311e+00 1.782083e+01  1.291439491532129757e+01  1.429934484901942504e+01  1.649905969338694547e+02  1.475466569515183335e+06
12 301 2.826335e+00 1.942598e+01  1.291439491532129757e+01  5.980462298916061314e+01  1.650025886948024265e+02  2.096686525883573340e+05
13 326 2.880806e+00 1.860774e+01  1.291439491532129757e+01  1.117311802189869638e+02  1.649571125401281790e+02  4.523572352036488242e+06
14 351 3.034836e+00 1.891694e+01  1.291439491532129757e+01  3.135317630349286233e+01  1.649427795419801157e+02  4.116982211471374612e+05
15 376 2.955915e+00 1.850425e+01  1.291439491532129757e+01  5.566096045482095889e+01  1.649817675898482037e+02  8.092686950943441479e+04
16 401 2.868901e+00 1.862624e+01  1.291439491532129757e+01  9.373131814699019060e+01  1.649826693504285231e+02  6.774697688935727347e+05
17 426 2.761298e+00 1.841297e+01  1.091589169130557124e+01  1.091589169130557124e+01  1.649912215701780553e+02  9.487813126511364244e+05
18 451 2.726499e+00 1.793965e+01  1.091589169130557124e+01  1.142605853630489676e+01  1.649473296953797785e+02  1.449119751740465406e+06
19 476 2.432465e+00 1.740231e+01  1.091589169130557124e+01  1.482128802453933325e+01  1.649824034077896613e+02  7.431962069093124592e+04
20 501 2.358044e+00 1.837507e+01  1.091589169130557124e+01  5.899048586838559061e+01  1.649958154024852206e+02  2.488797683649899554e+05
21 526 2.001745e+00 1.852436e+01  1.091589169130557124e+01  2.037628241084151881e+01  1.649789513793490983e+02  1.600427381933759316e+05
22 551 2.019032e+00 1.857842e+01  1.091589169130557124e+01  1.344014815610005265e+01  1.649682077822963606e+02  1.403026833784144037e+04
23 576 1.900565e+00 1.840619e+01  1.080680749171205512e+01  1.080680749171205512e+01  1.649253472243202339e+02  7.200298620447942812e+04
24 601 1.890909e+00 1.842205e+01  9.453263586656925455e+00  9.453263586656925455e+00  1.649801292940113058e+02  3.261221251546716303e+04
25 626 1.791266e+00 1.875325e+01  8.992472310306364847e+00  8.992472310306364847e+00  1.600823647808555847e+02  3.301624739065198810e+04
26 651 1.592024e+00 1.938799e+01  8.992472310306364847e+00  1.028556391906873735e+01  1.625102017425328143e+02  5.687650761247559421e+04
27 676 1.299898e+00 1.932675e+01  8.992472310306364847e+00  9.803546118230340056e+00  1.473068334277474207e+02  1.240094392452823013e+04
28 701 1.140098e+00 1.949195e+01  8.992472310306364847e+00  9.689093393397008924e+00  1.215003202090375112e+02  4.851266452011283945e+03
29 726 1.130450e+00 1.962885e+01  8.992472310306364847e+00  1.170631667077936022e+01  1.413033440821026545e+02  4.276572396485347781e+03
30 751 1.075951e+00 2.047221e+01  8.992472310306364847e+00  1.282819661262131916e+01  9.919921284735569600e+01  1.549580936275340946e+03
31 776 1.081257e+00 2.053244e+01  8.992472310306364847e+00  1.416552850969975097e+01  7.078889921878192126e+01  3.280243973458602795e+02
32 801 1.038756e+00 2.079134e+01  8.992472310306364847e+00  1.055343316607944359e+01  9.198048912450153125e+01  3.298203805592321714e+03
33 826 1.009445e+00 1.980501e+01  8.992472310306364847e+00  1.062845576692983229e+01  9.500846100385622606e+01  9.592906056946600302e+02
34 851 9.215694e-01 2.000347e+01  8.992472310306364847e+00  1.298145765256408168e+01  8.947210030750086673e+01  1.147846269558316180e+03
35 876 8.366298e-01 2.022133e+01  8.992472310306364847e+00  1.062059459196554734e+01  5.801522143319999714e+01  1.578636159880781236e+02
36 901 7.396653e-01 1.995629e+01  8.992472310306364847e+00  1.056054088574856564e+01  2.599374470129942694e+01  6.899439281506755606e+02
37 926 6.986066e-01 2.057025e+01  8.992472310306364847e+00  1.108695467379380517e+01  2.592551710618051075e+01  3.245672059281264410e+02
38 951 7.496222e-01 2.086445e+01  8.992472310306364847e+00  9.770286480332975643e+00  3.224482473751219658e+01  2.751935234898722911e+02
39 976 6.510706e-01 2.061675e+01  8.992472310306364847e+00  1.003216226419479185e+01  2.928960205961679009e+01  1.525238949806714004e+02
40 1001 6.769652e-01 1.942396e+01  8.992472310306364847e+00  1.070174354222606183e+01  2.615805871147390960e+01  2.389394473904681888e+02
41 1026 7.191955e-01 1.943913e+01  8.992472310306364847e+00  1.044479716937426517e+01  2.236211916695022239e+01  2.874357460774352830e+02
42 1051 7.105150e-01 1.980537e+01  8.992472310306364847e+00  1.002950448919293081e+01  2.183143035282663291e+01  8.255100275580623759e+01
43 1076 6.394693e-01 2.023352e+01  8.992472310306364847e+00  9.719091366211536354e+00  2.365504356389570972e+01  1.071000251952167162e+02
44 1101 6.004539e-01 2.075811e+01  8.992472310306364847e+00  1.051002828782637444e+01  2.024749710730089092e+01  3.187521346245750919e+02
45 1126 6.132010e-01 2.097763e+01  8.992472310306364847e+00  9.846769698781264069e+00  1.722271878658514055e+01  6.677973667516648959e+01
46 1151 6.609573e-01 2.069799e+01  8.992472310306364847e+00  1.007370281751650509e+01  3.064846852430563473e+01  1.241734873281829010e+02
47 1176 6.606398e-01 2.050556e+01  8.992472310306364847e+00  9.912196832060667262e+00  2.548489500697395016e+01  1.335601472930861462e+02
48 1201 6.583342e-01 2.141363e+01  8.992472310306364847e+00  9.394643021122179860e+00  1.835230862116585016e+01  1.336946630894209420e+02
49 1226 6.208229e-01 2.210072e+01  8.992472310306364847e+00  1.033785127092866496e+01  2.269383945334449137e+01  1.033765273199593793e+02
50 1251 5.800470e-01 2.322923e+01  8.992472310306364847e+00  9.761021094002217069e+00  1.509460751566327197e+01  7.024248968815960836e+01
51 1276 5.577065e-01 2.227149e+01  8.992472310306364847e+00  9.302019713310571092e+00  2.093364929517308326e+01  1.003106928398470927e+02
52 1301 5.644551e-01 2.247088e+01  8.992472310306364847e+00  9.304077098929115053e+00  1.261275402458914385e+01  4.980567637353679800e+01
53 1326 5.693193e-01 2.305160e+01  8.992472310306364847e+00  9.265439458382260796e+00  1.191952061074908897e+01  4.982349724189621298e+01
54 1351 6.008612e-01 2.372506e+01  8.992472310306364847e+00  9.191158211276153622e+00  1.180246452492659515e+01  4.235468098265263137e+01
55 1376 5.592526e-01 2.471919e+01  8.812575779341997873e+00  8.812575779341997873e+00  1.396136419457942246e+01  6.208586039644263366e+01
56 1401 5.544162e-01 2.597495e+01  8.812575779341997873e+00  9.096596050132745859e+00  1.064929488889901243e+01  4.769761177670009999e+01
57 1426 5.308621e-01 2.536111e+01  8.812575779341997873e+00  9.105247240528667518e+00  1.081433876428454610e+01  4.868772524462107043e+01
58 1451 5.385896e-01 2.564005e+01  8.812575779341997873e+00  9.015404249920386803e+00  1.196338315748951686e+01  1.737990609115592022e+01
59 1476 5.595949e-01 2.644480e+01  8.685919107546927975e+00  8.685919107546927975e+00  1.184099793324840100e+01  3.430052465383323579e+01
60 1501 5.372818e-01 2.691484e+01  8.685919107546927975e+00  8.901809925214127617e+00  1.131109500390491895e+01  3.061696682126726543e+01
61 1526 5.091790e-01 2.751938e+01  8.685919107546927975e+00  9.003853537953341757e+00  1.045966832366927335e+01  1.744362673750656967e+01
62 1551 4.795511e-01 2.815535e+01  8.685919107546927975e+00  8.939571647817267319e+00  1.050066209950258589e+01  2.355060066794365881e+01
63 1576 5.235258e-01 2.893396e+01  8.685919107546927975e+00  8.850351481937641651e+00  1.047235413845764995e+01  2.264163492549050360e+01
64 1601 5.731173e-01 2.989768e+01  8.655066511370996807e+00  8.655066511370996807e+00  9.719685585134564931e+00  2.260026002400728729e+01
65 1626 6.025003e-01 3.077878e+01  8.610435016400529662e+00  8.610435016400529662e+00  1.073263506674330792e+01  2.037056062232721843e+01
66 1651 5.840944e-01 3.273521e+01  8.610435016400529662e+00  8.786734456582523833e+00  1.056268706815353653e+01  2.474745828534821612e+01
67 1676 5.804361e-01 3.769064e+01  8.387223562403624655e+00  8.387223562403624655e+00  9.660940426252171420e+00  1.789953657243107799e+01
68 1701 8.018262e-01 3.957360e+01  8.149548781737294689e+00  8.149548781737294689e+00  9.078969235265166304e+00  1.724627713329232037e+01
69 1726 9.977984e-01 4.105865e+01  8.079370360741942036e+00  8.079370360741942036e+00  1.073125839095297351e+01  2.960424881809130682e+01
70 1751 9.413062e-01 4.126669e+01  7.982900748151700476e+00  7.982900748151700476e+00  1.236872039114085453e+01  6.783350047676182726e+01
71 1776 8.868556e-01 4.109542e+01  7.982900748151700476e+00  8.002331464784168347e+00  1.294627560469863248e+01  6.498369434429906732e+01
72 1801 9.791209e-01 4.193658e+01  7.677970239225994753e+00  7.677970239225994753e+00  1.278611061066365018e+01  4.267388023416084764e+01
73 1826 1.121742e+00 4.376926e+01  7.677970239225994753e+00  7.895405904030985411e+00  1.327809527355031349e+01  1.463861989423600960e+02
74 1851 1.222739e+00 4.689712e+01  7.668817588690474807e+00  7.668817588690474807e+00  1.327481353611193171e+01  9.487885812861226498e+01
75 1876 1.178561e+00 4.632923e+01  7.402487054218721774e+00  7.402487054218721774e+00  1.081638043324803178e+01  7.623711037251250389e+01
76 1901 1.145078e+00 4.761934e+01  7.402487054218721774e+00  7.484824715756571933e+00  1.046584839517458221e+01  4.295312501473962641e+01
77 1926 1.311128e+00 4.942432e+01  7.402487054218721774e+00  7.668178851096977944e+00  9.267924971111767718e+00  1.876234682741520032e+01
78 1951 1.425628e+00 5.038116e+01  7.402487054218721774e+00  7.831701657426360264e+00  1.086081785135924171e+01  5.504021753361144675e+01
79 1976 1.342482e+00 5.498841e+01  7.402487054218721774e+00  7.535623701283626019e+00  1.009433425646817639e+01  4.299672694846747589e+01
80 2001 1.285305e+00 5.656919e+01  7.402487054218721774e+00  7.575516879913847035e+00  9.123932511650890476e+00  2.307306067365961866e+01
81 2026 1.234208e+00 6.149682e+01  7.402487054218721774e+00  7.661145118424342648e+00  1.150283639168367955e+01  9.382668758675802678e+01
82 2051 1.067228e+00 6.332754e+01  7.402487054218721774e+00  7.745947835146272276e+00  1.076304989595646155e+01  5.888967847285955770e+01
83 2076 1.042303e+00 6.291971e+01  7.402487054218721774e+00  7.523403406231754964e+00  8.476496685837465961e+00  1.487675834987279977e+01
84 2101 9.173139e-01 6.055136e+01  7.402487054218721774e+00  7.677823964871102191e+00  9.803703716153306047e+00  3.536678956032528731e+01
85 2126 9.338398e-01 5.890849e+01  7.402487054218721774e+00  7.551476492062380252e+00  8.881058427196261817e+00  5.659281677240429076e+01
86 2151 8.450345e-01 6.228443e+01  7.402487054218721774e+00  7.698344231980621899e+00  9.203814133192416591e+00  2.497734159004358290e+01
87 2176 9.982129e-01 6.381489e+01  7.402487054218721774e+00  7.548906693856931582e+00  8.196750689578689020e+00  2.661851192404925470e+01
88 2201 1.075862e+00 7.075811e+01  7.402487054218721774e+00  7.419842618096682330e+00  8.146688975552583756e+00  1.765258663286719099e+01
89 2226 9.816539e-01 7.177293e+01  7.402487054218721774e+00  7.458192578791064342e+00  9.116428752789179413e+00  1.732860149287773766e+01
90 2251 8.818254e-01 7.218977e+01  7.402487054218721774e+00  7.475139913906700961e+00  8.161417417402216046e+00  1.169095641373968419e+01
91 2276 9.132535e-01 7.469570e+01  7.402487054218721774e+00  7.444410578965031000e+00  8.198357917002114803e+00  1.251899454876230777e+01
92 2301 8.718722e-01 7.422370e+01  7.402487054218721774e+00  7.447779177856645560e+00  8.030807224340357209e+00  1.219983256672493788e+01
93 2326 9.021892e-01 7.707865e+01  7.402487054218721774e+00  7.433469998902994647e+00  7.860333123201000305e+00  1.456408783522776673e+01
94 2351 8.636596e-01 7.893167e+01  7.402487054218721774e+00  7.415665011151712172e+00  7.792467842392685640e+00  1.821888182469221817e+01
95 2376 8.462962e-01 7.929654e+01  7.402487054218721774e+00  7.501488082344378583e+00  7.853393688395744476e+00  2.067737159554706494e+01
96 2401 8.127331e-01 8.224483e+01  7.402487054218721774e+00  7.491478212947563442e+00  7.765407244121665720e+00  9.040557601164831425e+00
97 2426 8.250292e-01 8.453841e+01  7.402487054218721774e+00  7.482103807233283277e+00  7.889179157130076447e+00  9.475393687958256095e+00
98 2451 7.874107e-01 9.136696e+01  7.402487054218721774e+00  7.458865499592108428e+00  7.667003470270137733e+00  1.101573105034049149e+01
99 2476 8.211760e-01 9.274403e+01  7.402487054218721774e+00  7.467993541704037064e+00  7.773691468192387433e+00  1.048448295692582377e+01
100 2501 8.349629e-01 9.186550e+01  7.402487054218721774e+00  7.441333400982960811e+00  7.825906995889592821e+00  9.566147795878734428e+00
101 2526 7.937191e-01 9.250480e+01  7.402487054218721774e+00  7.444923869821393758e+00  7.758316628709230223e+00  1.082542100117067463e+01
102 2551 7.833708e-01 9.975123e+01  7.402487054218721774e+00  7.407963718151953536e+00  7.638434026706141466e+00  8.525696805783166354e+00
103 2576 7.028593e-01 1.000917e+02  7.402487054218721774e+00  7.497708213495023699e+00  7.615791216014538456e+00  9.328040211416380956e+00
104 2601 6.290340e-01 1.047744e+02  7.402487054218721774e+00  7.448476906574251544e+00  7.678362547475186872e+00  9.962552660209077260e+00
105 2626 5.534077e-01 1.098790e+02  7.402487054218721774e+00  7.445393599613041147e+00  7.761441958219636561e+00  9.506109912064836465e+00
106 2651 4.859666e-01 1.098070e+02  7.402487054218721774e+00  7.424487426703692883e+00  7.532863763131348200e+00  8.347715134953798355e+00
107 2676 4.582730e-01 1.106016e+02  7.402487054218721774e+00  7.445792405778695056e+00  7.554890314688042174e+00  8.588739318952754331e+00
108 2701 5.009369e-01 1.145629e+02  7.402487054218721774e+00  7.436258484527932922e+00  7.495109527669656657e+00  7.836890091832005467e+00
109 2726 5.217882e-01 1.192326e+02  7.402487054218721774e+00  7.435161112525940474e+00  7.526982920151763956e+00  7.918924183897186886e+00
110 2751 4.667973e-01 1.236486e+02  7.402487054218721774e+00  7.428396810891960911e+00  7.536380156166394784e+00  8.204421989143948934e+00
111 2776 4.051619e-01 1.303317e+02  7.402487054218721774e+00  7.423803914935506398e+00  7.491320882083502219e+00  7.685730788891270926e+00
112 2801 3.459997e-01 1.395273e+02  7.402487054218721774e+00  7.431243832618920742e+00  7.465700042369181055e+00  7.623135243241547343e+00
113 2826 3.524371e-01 1.463423e+02  7.402487054218721774e+00  7.424354860319930971e+00  7.454955894073666656e+00  7.561125677961712199e+00
114 2851 3.666104e-01 1.544319e+02  7.402487054218721774e+00  7.434195637553743907e+00  7.462059056794070777e+00  7.606866021293146041e+00
115 2876 3.760878e-01 1.678612e+02  7.402487054218721774e+00  7.417627666776219542e+00  7.444483691494569122e+00  7.572671873296320300e+00
116 2901 3.932244e-01 1.733019e+02  7.402487054218721774e+00  7.420961054127802825e+00  7.458835604582647605e+00  7.671634416459297334e+00
117 2926 4.024857e-01 1.751342e+02  7.402487054218721774e+00  7.413520394410314296e+00  7.444403765292332054e+00  7.520974864786212244e+00
118 2951 3.859621e-01 1.790209e+02  7.402487054218721774e+00  7.407873385357802043e+00  7.446808323170283295e+00  7.803203745116794821e+00
119 2976 3.809741e-01 1.983046e+02  7.402487054218721774e+00  7.407612841996185082e+00  7.442789411993999238e+00  7.515494983146352226e+00
120 3001 3.506327e-01 2.077968e+02  7.402487054218721774e+00  7.420669795746607456e+00  7.457319069235347264e+00  7.523730032979371707e+00
121 3026 3.790809e-01 2.302687e+02  7.402487054218721774e+00  7.417424456933563448e+00  7.442199854763898337e+00  7.574569375547525851e+00
122 3051 3.903154e-01 2.414137e+02  7.402487054218721774e+00  7.422341667828913359e+00  7.445416066618524731e+00  7.501146141557099689e+00
123 3076 3.761152e-01 2.459708e+02  7.402487054218721774e+00  7.426747776509420085e+00  7.449050042673476923e+00  7.587032425489756093e+00
124 3101 3.735767e-01 2.482203e+02  7.402487054218721774e+00  7.416899500715447680e+00  7.431679068972886881e+00  7.495101597899701318e+00
125 3126 3.221221e-01 2.581561e+02  7.402487054218721774e+00  7.418778590769340653e+00  7.438919333363905650e+00  7.481301239623789456e+00
126 3151 3.014616e-01 2.715674e+02  7.402487054218721774e+00  7.403942825173690068e+00  7.430779924601526254e+00  7.463410230038030058e+00
127 3176 3.386962e-01 2.865922e+02  7.402487054218721774e+00  7.408594697596154077e+00  7.432057737534338848e+00  7.472278913417032875e+00
128 3201 3.734190e-01 3.040101e+02  7.402487054218721774e+00  7.412913825931181755e+00  7.433705672827447763e+00  7.540141544520473360e+00
129 3226 3.625815e-01 3.048129e+02  7.402487054218721774e+00  7.406107702525422276e+00  7.434397823629494972e+00  7.481158769416795806e+00
130 3251 3.635334e-01 3.133481e+02  7.402487054218721774e+00  7.415603277335319099e+00  7.434194049832902884e+00  7.457698179530893867e+00
131 3276 3.417358e-01 3.178661e+02  7.402487054218721774e+00  7.406517588850450196e+00  7.428372462906066787e+00  7.470308874571387037e+00
132 3301 3.575540e-01 3.251099e+02  7.402487054218721774e+00  7.413371030278741891e+00  7.432007041671000458e+00  7.477451488847867367e+00
133 3326 3.276459e-01 3.371575e+02  7.402487054218721774e+00  7.407083975554490607e+00  7.433802273263937721e+00  7.489201611529034075e+00
134 3351 3.285849e-01 3.496964e+02  7.402487054218721774e+00  7.411888921566549548e+00  7.433711943185682181e+00  7.484104106333932194e+00
135 3376 3.215647e-01 3.563288e+02  7.402487054218721774e+00  7.408139675054474793e+00  7.432511095533358869e+00  7.508861412026881510e+00
136 3401 2.686363e-01 3.584449e+02  7.402487054218721774e+00  7.414871844902251041e+00  7.429158621794625716e+00  7.522070782215696916e+00
137 3426 2.628547e-01 3.570800e+02  7.402487054218721774e+00  7.415018058111940036e+00  7.429502459431308381e+00  7.441682221026371558e+00
138 3451 2.555229e-01 3.682868e+02  7.402487054218721774e+00  7.408672938219639015e+00  7.424871382922632712e+00  7.444745468320417281e+00
139 3476 2.669469e-01 3.651254e+02  7.402487054218721774e+00  7.410482607967129987e+00  7.423822666532255532e+00  7.445548814297741735e+00
140 3501 2.461508e-01 3.684582e+02  7.402487054218721774e+00  7.403258842589078625e+00  7.426381403468704789e+00  7.445665086626226170e+00
141 3526 2.629064e-01 3.731498e+02  7.402487054218721774e+00  7.408300923018869888e+00  7.422734969886480627e+00  7.449805957823350866e+00
142 3551 2.560433e-01 3.880653e+02  7.402487054218721774e+00  7.410583036462697670e+00  7.426285296015226578e+00  7.443237589616549243e+00
143 3576 2.553849e-01 3.916071e+02  7.402487054218721774e+00  7.404170625478037060e+00  7.422320427782922891e+00  7.437590655217518609e+00
144 3601 2.473689e-01 3.863620e+02  7.402487054218721774e+00  7.412664906660855202e+00  7.424539179733089078e+00  7.440112873224980383e+00
145 3626 2.293062e-01 3.782781e+02  7.402487054218721774e+00  7.406713312704374275e+00  7.420777515763214538e+00  7.442544171619371873e+00
146 3651 2.222319e-01 3.721087e+02  7.402487054218721774e+00  7.407233723217310661e+00  7.420825102256563000e+00  7.440627177770845257e+00
147 3676 2.202275e-01 3.844468e+02  7.402487054218721774e+00  7.408255154361399697e+00  7.419663825846394722e+00  7.430939879752719079e+00
148 3701 1.980803e-01 3.888218e+02  7.402487054218721774e+00  7.409239700922832128e+00  7.416469358131149825e+00  7.438760901318609342e+00
149 3726 2.043214e-01 3.897676e+02  7.402487054218721774e+00  7.410261184114005140e+00  7.420397528286266642e+00  7.435209327854538586e+00
150 3751 1.884883e-01 3.822679e+02  7.402487054218721774e+00  7.410243304195505587e+00  7.417503526222393617e+00  7.429078328808249587e+00
151 3776 1.938120e-01 3.818566e+02  7.402487054218721774e+00  7.411028085602289650e+00  7.418244550458434894e+00  7.438795592021331338e+00
152 3801 1.872246e-01 3.843766e+02  7.402487054218721774e+00  7.410664812037885518e+00  7.416762081545940077e+00  7.430029488575375041e+00
153 3826 1.746427e-01 4.089106e+02  7.402487054218721774e+00  7.407447830538511191e+00  7.416716402137188524e+00  7.427422183474301498e+00
154 3851 1.668777e-01 4.256756e+02  7.402487054218721774e+00  7.406515717163288492e+00  7.420804738292451574e+00  7.432583675091460229e+00
155 3876 1.730587e-01 4.310880e+02  7.402487054218721774e+00  7.409226891054112585e+00  7.418940353616818584e+00  7.427996139321124680e+00
156 3901 1.768052e-01 4.248588e+02  7.402487054218721774e+00  7.405792986198704853e+00  7.421149253019644121e+00  7.427032667044058734e+00
157 3926 1.934192e-01 4.239883e+02  7.402487054218721774e+00  7.404542700698880431e+00  7.417659687744849961e+00  7.431265133766061126e+00
158 3951 2.290091e-01 4.539272e+02  7.402487054218721774e+00  7.402552409317266324e+00  7.415473020982848773e+00  7.431485450362325551e+00
159 3976 2.546802e-01 4.829488e+02  7.402487054218721774e+00  7.409499035638767772e+00  7.418148119859359291e+00  7.434713494091220731e+00
160 4001 2.539140e-01 5.062178e+02  7.402487054218721774e+00  7.403407138993276071e+00  7.419546887788780687e+00  7.430705318244753776e+00
161 4026 2.434419e-01 4.970407e+02  7.402487054218721774e+00  7.411688092142995288e+00  7.419864778708354258e+00  7.425645243761644032e+00
162 4051 2.421570e-01 5.245512e+02  7.402487054218721774e+00  7.404245262949749495e+00  7.418097965511669223e+00  7.430993133291331709e+00
163 4076 2.285743e-01 5.121354e+02  7.402487054218721774e+00  7.408587427881883514e+00  7.422220934424704986e+00  7.431864499871990049e+00
164 4101 2.018254e-01 4.920982e+02  7.402487054218721774e+00  7.405988808593270356e+00  7.416803375295195622e+00  7.428940359568128926e+00
165 4126 2.113879e-01 5.594857e+02  7.402487054218721774e+00  7.408485255382128543e+00  7.418284635517887082e+00  7.424938347536479633e+00
166 4151 1.899568e-01 5.578059e+02  7.402487054218721774e+00  7.404301285843827074e+00  7.415416259890023731e+00  7.428796045965213146e+00
167 4176 2.003837e-01 5.629947e+02  7.402487054218721774e+00  7.408906768374565743e+00  7.421675534786714046e+00  7.426883185980349467e+00
168 4201 2.057455e-01 5.658759e+02  7.402487054218721774e+00  7.405256949753083795e+00  7.415484348008919646e+00  7.429944142247700611e+00
169 4226 2.207670e-01 5.796241e+02  7.402487054218721774e+00  7.403900686851532242e+00  7.418546464369380367e+00  7.432849230550999664e+00
170 4251 2.237646e-01 5.816799e+02  7.402487054218721774e+00  7.406680332912253917e+00  7.417372761569087203e+00  7.433054294900509618e+00
171 4276 1.935302e-01 5.778398e+02  7.402487054218721774e+00  7.406943874961192442e+00  7.415957515291299984e+00  7.426879563827639252e+00
172 4301 1.850586e-01 5.870117e+02  7.398931070891952011e+00  7.398931070891952011e+00  7.417436872904749734e+00  7.425729391404177093e+00
173 4326 1.779346e-01 6.102518e+02  7.398931070891952011e+00  7.400577413662365878e+00  7.415417110967370107e+00  7.425020722953493468e+00
174 4351 1.648012e-01 6.033246e+02  7.398931070891952011e+00  7.399157390089122543e+00  7.415017242756338334e+00  7.423300632663321075e+00
175 4376 1.646927e-01 6.049911e+02  7.394296110784925879e+00  7.394296110784925879e+00  7.412846480089489987e+00  7.421834225019707354e+00
176 4401 1.596551e-01 6.011874e+02  7.394296110784925879e+00  7.398095324300707709e+00  7.416102971580897041e+00  7.428578289795093603e+00
177 4426 1.513863e-01 6.254331e+02  7.394296110784925879e+00  7.401659168974189740e+00  7.414395786647562936e+00  7.425825749532753761e+00
178 4451 1.307221e-01 6.399428e+02  7.394296110784925879e+00  7.400765294185834620e+00  7.413955046524642434e+00  7.427133489682472778e+00
179 4476 1.268228e-01 6.298642e+02  7.394296110784925879e+00  7.406112344938596159e+00  7.414686613749003286e+00  7.424871470532070639e+00
180 4501 1.214474e-01 6.461296e+02  7.394296110784925879e+00  7.399261247458277957e+00  7.411584106629408808e+00  7.426281424418476718e+00
181 4526 1.248679e-01 6.393429e+02  7.394296110784925879e+00  7.404174255369329494e+00  7.414472645184210009e+00  7.421423211145432575e+00
182 4551 1.293845e-01 6.444120e+02  7.394296110784925879e+00  7.399761910339274884e+00  7.413105915588005246e+00  7.424938720666121483e+00
183 4576 1.328631e-01 6.622560e+02  7.394296110784925879e+00  7.398524681673332104e+00  7.413426230556881436e+00  7.421554662314432171e+00
184 4601 1.472162e-01 6.979021e+02  7.394296110784925879e+00  7.396473021625446620e+00  7.411687364432317793e+00  7.426099406086703603e+00
185 4626 1.741230e-01 7.990298e+02  7.394296110784925879e+00  7.396805693473764265e+00  7.414518376482018169e+00  7.422178944119771415e+00
186 4651 1.888277e-01 8.216480e+02  7.390934894489242346e+00  7.390934894489242346e+00  7.411086102486057037e+00  7.425481560796723279e+00
187 4676 2.257369e-01 9.696966e+02  7.390934894489242346e+00  7.403027605489230112e+00  7.410300107092516519e+00  7.421774145485271035e+00
188 4701 2.114911e-01 9.901526e+02  7.390934894489242346e+00  7.400210374633807042e+00  7.408428376112788705e+00  7.427708501002914687e+00
189 4726 2.345204e-01 1.075769e+03  7.390934894489242346e+00  7.396052035082487208e+00  7.408144905045322304e+00  7.427603055837029622e+00
190 4751 2.365950e-01 1.083529e+03  7.390934894489242346e+00  7.396269253989400383e+00  7.409961740160865062e+00  7.429156092231491648e+00
191 4776 1.997768e-01 1.103432e+03  7.389659520486235422e+00  7.389659520486235422e+00  7.408537463493846786e+00  7.433569545086332830e+00
192 4801 1.761087e-01 1.071382e+03  7.389659520486235422e+00  7.392506881286631248e+00  7.407412119320620825e+00  7.418404799297690921e+00
193 4826 1.557846e-01 1.073698e+03  7.389659520486235422e+00  7.393215409284744410e+00  7.408026506411946599e+00  7.421690410163327201e+00
194 4851 1.376743e-01 1.095029e+03  7.387383258330544322e+00  7.387383258330544322e+00  7.406586173446954469e+00  7.425628923021142747e+00
195 4876 1.267247e-01 1.084475e+03  7.387383258330544322e+00  7.396733760257630408e+00  7.406628119684429024e+00  7.419371741459345415e+00
196 4901 1.333120e-01 1.101305e+03  7.387383258330544322e+00  7.395688420144923114e+00  7.409337174369365897e+00  7.419142605657165213e+00
197 4926 1.455589e-01 1.105305e+03  7.387383258330544322e+00  7.395493374611326054e+00  7.406307687726136457e+00  7.413899201087832402e+00
198 4951 1.655933e-01 1.210526e+03  7.387383258330544322e+00  7.397448667929721111e+00  7.406367778735496898e+00  7.416168599328985422e+00
199 4976 1.841618e-01 1.264914e+03  7.387383258330544322e+00  7.398896107810548628e+00  7.407094894029089716e+00  7.416869891935778725e+00
200 5001 2.189191e-01 1.397767e+03  7.387383258330544322e+00  7.393125209806115983e+00  7.406440802682779712e+00  7.417139771205349064e+00
201 5026 2.094245e-01 1.433514e+03  7.387383258330544322e+00  7.398291205277152116e+00  7.409190309554197995e+00  7.422715464170657640e+00
202 5051 2.253761e-01 1.302702e+03  7.387383258330544322e+00  7.393613927746748971e+00  7.404681009416815840e+00  7.420165725456214112e+00
203 5076 2.034831e-01 1.372291e+03  7.387383258330544322e+00  7.392388395918704447e+00  7.408266213414088419e+00  7.415879104240948649e+00
204 5101 2.352135e-01 1.401676e+03  7.387383258330544322e+00  7.399607817781547858e+00  7.408524899854892709e+00  7.432015862687686436e+00
205 5126 2.201687e-01 1.434994e+03  7.387383258330544322e+00  7.394689478252514547e+00  7.407144869812782417e+00  7.419165547545159889e+00
206 5151 2.307024e-01 1.492121e+03  7.387383258330544322e+00  7.398284283638441039e+00  7.405414826833784048e+00  7.416768972338912747e+00
207 5176 2.269755e-01 1.466383e+03  7.387383258330544322e+00  7.392203331009014278e+00  7.405225015582636239e+00  7.436545237274340359e+00
208 5201 2.170490e-01 1.389429e+03  7.386415844313256152e+00  7.386415844313256152e+00  7.404554796675467010e+00  7.434646846360031702e+00
209 5226 2.107101e-01 1.384692e+03  7.386415844313256152e+00  7.392044691894832376e+00  7.405548509681098679e+00  7.543204946369943542e+00
210 5251 1.734377e-01 1.310612e+03  7.386415844313256152e+00  7.391952605081320904e+00  7.403156728648508711e+00  7.435774541821736250e+00
211 5276 1.949027e-01 1.295684e+03  7.386415844313256152e+00  7.386529851378378808e+00  7.399116372215426729e+00  7.415024594193542207e+00
212 5301 1.690892e-01 1.290894e+03  7.386415844313256152e+00  7.388103781718430518e+00  7.400144460747563713e+00  7.481276432761172046e+00
213 5326 1.598051e-01 1.286652e+03  7.386415844313256152e+00  7.391771189654551932e+00  7.402784782576550704e+00  7.434624197207996055e+00
214 5351 1.574909e-01 1.264234e+03  7.386415844313256152e+00  7.390417840143345352e+00  7.401411230324482560e+00  7.414364336815640222e+00
215 5376 1.555168e-01 1.260606e+03  7.386415844313256152e+00  7.390789798829705326e+00  7.400287602672097620e+00  7.479172775416691010e+00
216 5401 1.550451e-01 1.198408e+03  7.386415844313256152e+00  7.392377613064263109e+00  7.405667925520676320e+00  7.521680156133691675e+00
217 5426 1.521061e-01 1.176567e+03  7.386415844313256152e+00  7.395570768600642886e+00  7.402014133982047994e+00  7.427233907235852861e+00
218 5451 1.514109e-01 1.126738e+03  7.386415844313256152e+00  7.398926693818044242e+00  7.407724903743232225e+00  7.445962426050654059e+00
219 5476 1.258505e-01 1.141977e+03  7.386415844313256152e+00  7.390586483270319640e+00  7.403348991590694261e+00  7.412711572426784912e+00
220 5501 1.180786e-01 1.189931e+03  7.386415844313256152e+00  7.389408878046999085e+00  7.402777434791770972e+00  7.420544593551244184e+00
221 5526 1.113438e-01 1.156270e+03  7.386415844313256152e+00  7.397935305777247450e+00  7.402582776267228049e+00  7.413491336255629172e+00
222 5551 1.122371e-01 1.165404e+03  7.386415844313256152e+00  7.388467284723757800e+00  7.402980676748613043e+00  7.411721568587436693e+00
223 5576 1.083219e-01 1.194623e+03  7.386415844313256152e+00  7.392769300865169591e+00  7.404167297800581693e+00  7.409792188112357181e+00
224 5601 1.074513e-01 1.162081e+03  7.386415844313256152e+00  7.391484767319911775e+00  7.404199128214458803e+00  7.412204990766016799e+00
225 5626 1.040292e-01 1.185234e+03  7.386415844313256152e+00  7.394711413364253083e+00  7.403438863124401692e+00  7.410994737031607826e+00
226 5651 1.020273e-01 1.188564e+03  7.386415844313256152e+00  7.388219173545076401e+00  7.403077798645968599e+00  7.411178967621033564e+00
227 5676 9.506519e-02 1.123986e+03  7.386415844313256152e+00  7.392099055765153359e+00  7.403964645303117820e+00  7.416180076783880359e+00
228 5701 9.033977e-02 1.148384e+03  7.386415844313256152e+00  7.393556962326520932e+00  7.401943883226326903e+00  7.413947813980972690e+00
229 5726 8.533160e-02 1.136903e+03  7.386415844313256152e+00  7.392447216070637594e+00  7.405145353216664006e+00  7.416615612219081832e+00
230 5751 8.149462e-02 1.148851e+03  7.386415844313256152e+00  7.394078191163766078e+00  7.402153434031530033e+00  7.413628078994016768e+00
231 5776 8.569067e-02 1.097030e+03  7.386415844313256152e+00  7.395784257099099257e+00  7.403887282804624270e+00  7.413358399322484082e+00
232 5801 8.300911e-02 1.089380e+03  7.386415844313256152e+00  7.392506623829623535e+00  7.403690579602022481e+00  7.420518037530721145e+00
233 5826 7.338434e-02 1.164448e+03  7.386415844313256152e+00  7.386510065085462706e+00  7.399735247822451178e+00  7.410153443941200457e+00
234 5851 7.213946e-02 1.129044e+03  7.386415844313256152e+00  7.394268100639875385e+00  7.403925516962615916e+00  7.413631969927573451e+00
235 5876 7.219425e-02 1.158464e+03  7.386415844313256152e+00  7.392760073743249727e+00  7.402561656047319083e+00  7.413923443231200672e+00
236 5901 6.909586e-02 1.135421e+03  7.383716835097351883e+00  7.383716835097351883e+00  7.403192459890240329e+00  7.414416829538929221e+00
237 5926 6.833701e-02 1.143076e+03  7.383716835097351883e+00  7.390875026372382806e+00  7.401598224564177819e+00  7.412802261283321315e+00
238 5951 7.228607e-02 1.140472e+03  7.383716835097351883e+00  7.383817954451081356e+00  7.398551120249578616e+00  7.410288766114629055e+00
239 5976 7.402716e-02 1.200395e+03  7.383716835097351883e+00  7.392736844749143721e+00  7.402398180500147085e+00  7.416808963530483467e+00
240 6001 7.303982e-02 1.288473e+03  7.383716835097351883e+00  7.393054090185366967e+00  7.399854905854915010e+00  7.408999212622877195e+00
241 6026 6.850961e-02 1.321091e+03  7.383716835097351883e+00  7.387719557547150373e+00  7.403459732148652606e+00  7.414713822411721722e+00
242 6051 6.951379e-02 1.282938e+03  7.382530594735593255e+00  7.382530594735593255e+00  7.403524880102258621e+00  7.411351074319531662e+00
243 6076 6.615427e-02 1.339699e+03  7.382530594735593255e+00  7.386592519561951065e+00  7.402005360512498910e+00  7.412103190857542323e+00
244 6101 5.938704e-02 1.313062e+03  7.382530594735593255e+00  7.389059943215458226e+00  7.402089547226474942e+00  7.416369723601871300e+00
245 6126 5.992843e-02 1.353799e+03  7.382530594735593255e+00  7.390330847378503876e+00  7.400474956031455775e+00  7.412667993104685493e+00
246 6151 6.433277e-02 1.433886e+03  7.382530594735593255e+00  7.386127180718056628e+00  7.405901115832415726e+00  7.412444769341516526e+00
247 6176 6.750050e-02 1.455706e+03  7.382530594735593255e+00  7.393299020047009229e+00  7.403271142754223710e+00  7.413673256021628077e+00
248 6201 6.755442e-02 1.345897e+03  7.382530594735593255e+00  7.390944471159680340e+00  7.402715445650160042e+00  7.411080691394442255e+00
249 6226 6.651773e-02 1.368156e+03  7.382530594735593255e+00  7.389278850132414256e+00  7.401651315913767348e+00  7.410857612785832771e+00
250 6251 6.127279e-02 1.399424e+03  7.382530594735593255e+00  7.397712390333464505e+00  7.404508587150727905e+00  7.418592222587780505e+00
251 6276 5.736333e-02 1.370646e+03  7.382530594735593255e+00  7.392503711921356135e+00  7.400177639128253659e+00  7.412671804113649010e+00
252 6301 5.365740e-02 1.417608e+03  7.382530594735593255e+00  7.389389671560419259e+00  7.403716819261553006e+00  7.411609238732525640e+00
253 6326 4.944821e-02 1.481283e+03  7.382530594735593255e+00  7.388556184991208475e+00  7.403715957853725271e+00  7.415430162806146974e+00
254 6351 4.708059e-02 1.507133e+03  7.382530594735593255e+00  7.397130842191935507e+00  7.402503342944152465e+00  7.418933688994155062e+00
255 6376 5.018225e-02 1.624078e+03  7.382530594735593255e+00  7.392612637928845487e+00  7.402532651348368020e+00  7.416440187292541175e+00
256 6401 4.887530e-02 1.628041e+03  7.382530594735593255e+00  7.392102377327403495e+00  7.397866678379863892e+00  7.413997308214314685e+00
257 6426 4.710575e-02 1.601459e+03  7.382530594735593255e+00  7.389070156087090169e+00  7.401552630086564832e+00  7.408547784437715222e+00
258 6451 4.845425e-02 1.696371e+03  7.382530594735593255e+00  7.391111007646066433e+00  7.402183567120481200e+00  7.412449898501627388e+00
259 6476 4.722676e-02 1.711485e+03  7.382530594735593255e+00  7.385915256478337021e+00  7.399632065291702254e+00  7.409517253965497652e+00
260 6501 4.032078e-02 1.698291e+03  7.382530594735593255e+00  7.389613726360444446e+00  7.402515933381339508e+00  7.415389733071544143e+00
261 6526 3.740699e-02 1.748760e+03  7.382530594735593255e+00  7.392207370272927847e+00  7.401119798978313291e+00  7.413972396174806079e+00
262 6551 3.568014e-02 1.677506e+03  7.382530594735593255e+00  7.389092206526423290e+00  7.399402640287189747e+00  7.414299100787332009e+00
263 6576 4.243352e-02 1.684447e+03  7.382530594735593255e+00  7.388809424430392347e+00  7.403208828831683519e+00  7.412398848646223115e+00
264 6601 4.365714e-02 1.686757e+03  7.382530594735593255e+00  7.386147983471349932e+00  7.401756371051289918e+00  7.410255046606662788e+00
265 6626 5.058597e-02 1.630555e+03  7.382530594735593255e+00  7.394824965801417349e+00  7.401322911241215330e+00  7.413375104742558008e+00
266 6651 5.103050e-02 1.648948e+03  7.382530594735593255e+00  7.395673135068831172e+00  7.403804260289477135e+00  7.415145960563686245e+00
267 6676 5.120000e-02 1.591639e+03  7.382530594735593255e+00  7.387224146852819473e+00  7.400957606615112816e+00  7.412381251341866317e+00
268 6701 4.619650e-02 1.672786e+03  7.382530594735593255e+00  7.394898549542215704e+00  7.401894967181367413e+00  7.413644828661841046e+00
269 6726 4.489325e-02 1.665136e+03  7.382530594735593255e+00  7.385296775691537974e+00  7.397669422612353607e+00  7.410406487198106795e+00
270 6751 4.420022e-02 1.730333e+03  7.382530594735593255e+00  7.391958667010272599e+00  7.401151829771135837e+00  7.412152576426511708e+00
271 6776 4.794413e-02 1.740785e+03  7.382530594735593255e+00  7.387066789045921844e+00  7.401776909408748217e+00  7.410236245518075471e+00
272 6801 5.003010e-02 1.795778e+03  7.382530594735593255e+00  7.388555474078799534e+00  7.399450351089705613e+00  7.405114910094054537e+00
273 6826 4.969315e-02 1.800188e+03  7.382122212488388513e+00  7.382122212488388513e+00  7.397754566728316661e+00  7.412888952251872610e+00
274 6851 4.844175e-02 1.807610e+03  7.382122212488388513e+00  7.390696527377229152e+00  7.403690140441563372e+00  7.413969946958016699e+00
275 6876 5.315042e-02 1.804710e+03  7.382122212488388513e+00  7.389368531195322554e+00  7.401094645187422216e+00  7.411822874057004462e+00
276 6901 5.267788e-02 1.834452e+03  7.382122212488388513e+00  7.390832122612291499e+00  7.400915298787553276e+00  7.411497140377751869e+00
277 6926 4.674124e-02 1.770718e+03  7.382122212488388513e+00  7.388774499191616663e+00  7.401782099776858637e+00  7.414385435065044661e+00
278 6951 4.313590e-02 1.802145e+03  7.382122212488388513e+00  7.392741189265403357e+00  7.403564950283866075e+00  7.409215698668030647e+00
279 6976 4.536313e-02 1.783302e+03  7.382122212488388513e+00  7.389085455396138258e+00  7.401886819636012582e+00  7.412906137456613642e+00
280 7001 4.965094e-02 1.729482e+03  7.382122212488388513e+00  7.384543814234978854e+00  7.403718057206517322e+00  7.409626005756202005e+00
281 7026 4.646297e-02 1.718012e+03  7.382122212488388513e+00  7.392053205190327603e+00  7.400626566296589104e+00  7.413649595870474229e+00
282 7051 4.603064e-02 1.745622e+03  7.382122212488388513e+00  7.391138406157857332e+00  7.399911211075552941e+00  7.415347990510679388e+00
283 7076 5.038585e-02 1.734501e+03  7.382122212488388513e+00  7.390903319470981891e+00  7.400738327610179468e+00  7.410475606385301894e+00
284 7101 5.371912e-02 1.825483e+03  7.382122212488388513e+00  7.386782475553254734e+00  7.401996733899848913e+00  7.408981796638459016e+00
285 7126 5.218712e-02 1.825790e+03  7.382122212488388513e+00  7.382456205674623462e+00  7.400193812504053170e+00  7.410885598277364039e+00
286 7151 5.670469e-02 1.863879e+03  7.382122212488388513e+00  7.388371601167910363e+00  7.400657806085018997e+00  7.412331513175840492e+00
287 7176 5.699631e-02 1.906017e+03  7.382122212488388513e+00  7.393127924789993699e+00  7.399692784243018906e+00  7.409914603903334118e+00
288 7201 5.943471e-02 1.961958e+03  7.381045618364004746e+00  7.381045618364004746e+00  7.404746282948470260e+00  7.422236269002001841e+00
289 7226 5.897840e-02 2.074983e+03  7.381045618364004746e+00  7.386296208303824606e+00  7.399608099977396769e+00  7.414156899626992647e+00
290 7251 5.494891e-02 2.412891e+03  7.381045618364004746e+00  7.393319929908122923e+00  7.402090947684073718e+00  7.412642261037484914e+00
291 7276 5.825263e-02 2.444611e+03  7.381045618364004746e+00  7.393592277904200927e+00  7.400910086095089824e+00  7.414400735543144272e+00
292 7301 5.594461e-02 2.570951e+03  7.381045618364004746e+00  7.390003888192464565e+00  7.400623530997114230e+00  7.409552852727383510e+00
293 7326 6.261042e-02 2.588822e+03  7.381045618364004746e+00  7.390001401972208228e+00  7.402590119930335000e+00  7.415103605944551646e+00
294 7351 6.402132e-02 2.413565e+03  7.381045618364004746e+00  7.390323349460194535e+00  7.401899619638170336e+00  7.410794122626900737e+00
295 7376 6.828584e-02 2.369769e+03  7.381045618364004746e+00  7.393433150520135833e+00  7.401810691919195939e+00  7.414277652506811478e+00
296 7401 6.555585e-02 2.421488e+03  7.381045618364004746e+00  7.389081369875370342e+00  7.402514051796991623e+00  7.415420014756915812e+00
297 7426 6.640651e-02 2.432202e+03  7.381045618364004746e+00  7.392501153851517515e+00  7.399697431896219868e+00  7.413663478874381596e+00
298 7451 6.527497e-02 2.353394e+03  7.381045618364004746e+00  7.388813916436196116e+00  7.403696998785797234e+00  7.410334585006889796e+00
299 7476 6.371699e-02 2.390389e+03  7.381045618364004746e+00  7.386304460023992213e+00  7.400066388818789420e+00  7.413226095443332220e+00
300 7501 6.106027e-02 2.291631e+03  7.381045618364004746e+00  7.388705564846800300e+00  7.401209926499928926e+00  7.412148056473117030e+00
301 7526 6.356914e-02 2.331524e+03  7.381045618364004746e+00  7.389185289756695418e+00  7.402980906111139348e+00  7.411398344603769672e+00
302 7551 5.423059e-02 2.236981e+03  7.381045618364004746e+00  7.387330411103400607e+00  7.402663022122397685e+00  7.409788464034772204e+00
303 7576 5.429988e-02 2.279678e+03  7.381045618364004746e+00  7.391829859269031466e+00  7.403027951674371110e+00  7.410147984395112353e+00
304 7601 5.809277e-02 2.318081e+03  7.381045618364004746e+00  7.394620104261819371e+00  7.402363219357202873e+00  7.414788371281289869e+00
305 7626 6.131735e-02 2.286188e+03  7.381045618364004746e+00  7.389139026786595288e+00  7.400373841423083299e+00  7.408966417200767651e+00
306 7651 6.052403e-02 2.419683e+03  7.381045618364004746e+00  7.390415378598271801e+00  7.401930997151576541e+00  7.410657506787501347e+00
307 7676 5.782743e-02 2.375061e+03  7.381045618364004746e+00  7.391015598797139319e+00  7.399459094854079488e+00  7.411082637832126174e+00
308 7701 5.825517e-02 2.462398e+03  7.381045618364004746e+00  7.386405740440448398e+00  7.402608305713365588e+00  7.414842729453004821e+00
309 7726 5.988227e-02 2.541693e+03  7.381045618364004746e+00  7.391128919861812641e+00  7.401691570884947780e+00  7.412923227955994676e+00
310 7751 5.826245e-02 2.474348e+03  7.381045618364004746e+00  7.387967547088351239e+00  7.401996455510526651e+00  7.417805025274858188e+00
311 7776 5.995162e-02 2.450738e+03  7.381045618364004746e+00  7.392229401971637692e+00  7.402617156440911117e+00  7.414090687500114463e+00
312 7801 6.223050e-02 2.490630e+03  7.381045618364004746e+00  7.390633327790046003e+00  7.401037361800321790e+00  7.421670194120179254e+00
313 7826 6.475506e-02 2.422234e+03  7.381045618364004746e+00  7.393182001801041459e+00  7.403761876714620271e+00  7.413797967930801924e+00
314 7851 6.571692e-02 2.232434e+03  7.381045618364004746e+00  7.394702121957330121e+00  7.402249833683319125e+00  7.414209722482247855e+00
315 7876 6.786716e-02 2.397663e+03  7.381045618364004746e+00  7.394018084496555510e+00  7.400724431464701603e+00  7.410287830597637182e+00
316 7901 7.522133e-02 2.520232e+03  7.381045618364004746e+00  7.388613152667381279e+00  7.403532324768835160e+00  7.412496128443612164e+00
317 7926 7.192014e-02 2.553595e+03  7.381045618364004746e+00  7.382710085804973232e+00  7.402695566203187916e+00  7.409629484810042577e+00
318 7951 6.085684e-02 2.538905e+03  7.381045618364004746e+00  7.393020853166610173e+00  7.403545401494330491e+00  7.415907132331585494e+00
319 7976 5.668332e-02 2.616496e+03  7.381045618364004746e+00  7.394269638961923796e+00  7.402736950185397014e+00  7.413316309835697560e+00
320 8001 5.256838e-02 2.756771e+03  7.381045618364004746e+00  7.392607113292589460e+00  7.401682124824508158e+00  7.413200073814540048e+00
321 8026 5.500760e-02 2.689618e+03  7.381045618364004746e+00  7.389672437519161363e+00  7.404103912441382107e+00  7.418452459475199490e+00
322 8051 4.944076e-02 2.720709e+03  7.381045618364004746e+00  7.388612438156521911e+00  7.403126532607802623e+00  7.409322712006852996e+00
323 8076 4.962366e-02 2.687149e+03  7.381045618364004746e+00  7.386698227237308956e+00  7.400906939545119023e+00  7.411724821229089599e+00
324 8101 5.311396e-02 2.628648e+03  7.381045618364004746e+00  7.384199339651978278e+00  7.399779311433460904e+00  7.414122029352347987e+00
325 8126 5.782199e-02 2.561172e+03  7.381045618364004746e+00  7.391517074864577097e+00  7.403083355645340369e+00  7.412183716275989376e+00
326 8151 6.328123e-02 2.518546e+03  7.381045618364004746e+00  7.390074482378264698e+00  7.405247782217670327e+00  7.415851457821795556e+00
327 8176 6.325272e-02 2.521535e+03  7.381045618364004746e+00  7.387753919816227643e+00  7.404368311883090747e+00  7.412681415189216416e+00
328 8201 6.747155e-02 2.488373e+03  7.381045618364004746e+00  7.390290875732849152e+00  7.401851117316588180e+00  7.413575817248113431e+00
329 8226 6.611103e-02 2.506390e+03  7.381045618364004746e+00  7.391241366791282630e+00  7.401921509167025626e+00  7.413686464691810585e+00
330 8251 5.511585e-02 2.540276e+03  7.381045618364004746e+00  7.388091944239434383e+00  7.403015285031857573e+00  7.412969477077805180e+00
331 8276 4.535122e-02 2.566011e+03  7.381045618364004746e+00  7.393544325107637150e+00  7.402947677394279502e+00  7.406923006711260804e+00
332 8301 4.323772e-02 2.692859e+03  7.381045618364004746e+00  7.397366620103674961e+00  7.404813982604316003e+00  7.410436590462721185e+00
333 8326 4.170158e-02 2.895573e+03  7.381045618364004746e+00  7.386335945641913092e+00  7.402591554317147882e+00  7.411582518395284147e+00
334 8351 4.700503e-02 3.082664e+03  7.381045618364004746e+00  7.384883745283102208e+00  7.400546214482917939e+00  7.409091522255685902e+00
335 8376 5.416130e-02 3.207384e+03  7.381045618364004746e+00  7.387525243337010217e+00  7.401472557536106223e+00  7.412940826415521656e+00
336 8401 5.039657e-02 3.161286e+03  7.381045618364004746e+00  7.392456374846992695e+00  7.401819983256219260e+00  7.409450483734260295e+00
337 8426 4.307963e-02 3.136911e+03  7.381045618364004746e+00  7.387918122798452281e+00  7.401860659231512152e+00  7.416040729795759567e+00
338 8451 4.269665e-02 3.148115e+03  7.381045618364004746e+00  7.395716826374469477e+00  7.404632836365456328e+00  7.414378871568917617e+00
339 8476 4.413505e-02 2.937981e+03  7.381045618364004746e+00  7.390614762458891818e+00  7.400970722553411818e+00  7.409823193874258251e+00
340 8501 4.117831e-02 2.938394e+03  7.381045618364004746e+00  7.388728222114164801e+00  7.402733246376782539e+00  7.409262535806035999e+00
341 8526 3.636070e-02 2.862485e+03  7.381045618364004746e+00  7.394143611121250181e+00  7.404188656028288129e+00  7.411012832000050565e+00
342 8551 3.347089e-02 2.799633e+03  7.381045618364004746e+00  7.386857783355143425e+00  7.402758254086530876e+00  7.411408028695452899e+00
343 8576 3.247176e-02 2.825293e+03  7.381045618364004746e+00  7.388591232912133933e+00  7.403124255870363157e+00  7.408682767959833271e+00
344 8601 3.140218e-02 2.884324e+03  7.381045618364004746e+00  7.391281909523826243e+00  7.401593749403843070e+00  7.409065735909478256e+00
345 8626 2.873140e-02 2.767235e+03  7.381045618364004746e+00  7.389545392873719365e+00  7.401014778441751929e+00  7.411023582631001361e+00
346 8651 2.794360e-02 2.725485e+03  7.381045618364004746e+00  7.392057140547265703e+00  7.402179888931552654e+00  7.419028597026974481e+00
347 8676 2.620531e-02 2.762900e+03  7.381045618364004746e+00  7.389459189319378396e+00  7.400474186639487861e+00  7.419286081456546000e+00
348 8701 2.442801e-02 2.788627e+03  7.381045618364004746e+00  7.389692343316079715e+00  7.402141286779437834e+00  7.420559115706621967e+00
349 8726 2.491366e-02 2.690494e+03  7.381045618364004746e+00  7.393366446762621891e+00  7.401874545422259644e+00  7.414973723838803821e+00
350 8751 2.668951e-02 2.676112e+03  7.381045618364004746e+00  7.389234297511238836e+00  7.400750812684440127e+00  7.411024430906863358e+00
351 8776 2.453367e-02 2.889332e+03  7.381045618364004746e+00  7.384865677510245696e+00  7.399803436690044478e+00  7.416183365016789431e+00
352 8801 2.681404e-02 2.962792e+03  7.381045618364004746e+00  7.387586847419126634e+00  7.404091879666270692e+00  7.411048092289254541e+00
353 8826 2.545138e-02 3.057200e+03  7.381045618364004746e+00  7.387152967872631315e+00  7.400280901940429423e+00  7.418970152679547070e+00
354 8851 2.187039e-02 3.117073e+03  7.381045618364004746e+00  7.388574606377152243e+00  7.401928368991003815e+00  7.408900357908466461e+00
355 8876 2.083646e-02 3.133487e+03  7.381045618364004746e+00  7.389457190050550572e+00  7.401077369516509741e+00  7.411173402468623550e+00
356 8901 1.856200e-02 3.169228e+03  7.381045618364004746e+00  7.393029303739091063e+00  7.401403407497932463e+00  7.410802724519452767e+00
357 8926 1.651531e-02 3.218068e+03  7.381045618364004746e+00  7.388549785700269545e+00  7.401803941622327798e+00  7.413660465357486018e+00
358 8951 1.629153e-02 3.311254e+03  7.381045618364004746e+00  7.394812503705972873e+00  7.402625736680961133e+00  7.411718792296108305e+00
359 8976 1.707323e-02 3.383609e+03  7.381045618364004746e+00  7.390605444008276237e+00  7.402833425195179728e+00  7.411571371778594042e+00
360 9001 1.819650e-02 3.233477e+03  7.381045618364004746e+00  7.387545182028448565e+00  7.401259070912410643e+00  7.414238107264438327e+00
361 9026 1.769037e-02 3.293563e+03  7.381045618364004746e+00  7.390409209111443722e+00  7.404409405622299545e+00  7.417052764656925312e+00
362 9051 2.076633e-02 3.541765e+03  7.381045618364004746e+00  7.389408170714430568e+00  7.401910337369282722e+00  7.409864924510002560e+00
363 9076 2.232773e-02 3.495771e+03  7.381045618364004746e+00  7.390759478116029513e+00  7.403386543431958344e+00  7.415157368006010330e+00
364 9101 2.378415e-02 3.555280e+03  7.381045618364004746e+00  7.391940212866915161e+00  7.401241350183271450e+00  7.411051384703618794e+00
365 9126 2.139695e-02 3.605380e+03  7.381045618364004746e+00  7.391441211180773685e+00  7.400495703286437355e+00  7.408494241645467326e+00
366 9151 1.985194e-02 3.534019e+03  7.381045618364004746e+00  7.390476732042143837e+00  7.399034259276102254e+00  7.412147671177557129e+00
367 9176 1.996251e-02 3.524652e+03  7.381045618364004746e+00  7.395361827955824197e+00  7.403039437237838527e+00  7.412359354846772774e+00
368 9201 1.940826e-02 3.491139e+03  7.381045618364004746e+00  7.389913856423603988e+00  7.400249603668608067e+00  7.414522951165517739e+00
369 9226 1.977076e-02 3.574167e+03  7.381045618364004746e+00  7.394016211362682611e+00  7.400228756292787757e+00  7.410084511205448088e+00
370 9251 1.871131e-02 3.734351e+03  7.381045618364004746e+00  7.394235105620125204e+00  7.400421654359464085e+00  7.410231060151985183e+00
371 9276 1.881423e-02 3.752000e+03  7.381045618364004746e+00  7.387364501288380403e+00  7.400235153448768699e+00  7.412423233269489486e+00
372 9301 1.941350e-02 3.655760e+03  7.381045618364004746e+00  7.390030937650680087e+00  7.399931732587459621e+00  7.411788640849604981e+00
373 9326 1.845571e-02 3.584900e+03  7.381045618364004746e+00  7.389951746530016408e+00  7.403760756619736760e+00  7.409256238501080283e+00
374 9351 1.706166e-02 3.462217e+03  7.381045618364004746e+00  7.391000090673560230e+00  7.402449411165402893e+00  7.414963170893654976e+00
375 9376 1.570730e-02 3.405896e+03  7.381045618364004746e+00  7.393059419659112841e+00  7.400451375977983304e+00  7.411152855686142793e+00
376 9401 1.502777e-02 3.509263e+03  7.381045618364004746e+00  7.391226187985293627e+00  7.402800248343723410e+00  7.413327733848650070e+00
377 9426 1.699362e-02 3.585883e+03  7.381045618364004746e+00  7.394192501524413430e+00  7.400488259326754026e+00  7.408807123925247318e+00
378 9451 1.938285e-02 3.625236e+03  7.381045618364004746e+00  7.393242142337362210e+00  7.400800420880560004e+00  7.411061007677319346e+00
379 9476 2.142273e-02 3.847822e+03  7.381045618364004746e+00  7.394198974624383247e+00  7.402977067344592044e+00  7.409887178746637382e+00
380 9501 2.097501e-02 3.990862e+03  7.381045618364004746e+00  7.386675526722545015e+00  7.398892821264306363e+00  7.411380004194324300e+00
381 9526 1.875540e-02 4.028291e+03  7.381045618364004746e+00  7.394542734022979680e+00  7.403029768595699167e+00  7.411232088667303763e+00
382 9551 1.714752e-02 4.159259e+03  7.381045618364004746e+00  7.391962070093716086e+00  7.404528293832005836e+00  7.414991935008765189e+00
383 9576 1.714913e-02 4.186842e+03  7.381045618364004746e+00  7.392893275467047332e+00  7.403441553015835730e+00  7.409680760471531791e+00
384 9601 1.567735e-02 4.341794e+03  7.381045618364004746e+00  7.394360474187663179e+00  7.401825453944884892e+00  7.416001330635578981e+00
385 9626 1.414166e-02 4.499935e+03  7.381045618364004746e+00  7.393743799563146979e+00  7.401208566051630910e+00  7.410962807621140236e+00
386 9651 1.407798e-02 4.286525e+03  7.381045618364004746e+00  7.387654004873049018e+00  7.400423439706405482e+00  7.407773641920299745e+00
387 9676 1.361396e-02 4.288294e+03  7.381045618364004746e+00  7.385807687760631346e+00  7.401700707714812033e+00  7.411213222678956214e+00
388 9701 1.344825e-02 4.412730e+03  7.381045618364004746e+00  7.388316937596511202e+00  7.401122564631742229e+00  7.410705432563980288e+00
389 9726 1.431951e-02 4.307436e+03  7.381045618364004746e+00  7.388990175895404633e+00  7.403120542710926344e+00  7.411117950271438382e+00
390 9751 1.558292e-02 4.597421e+03  7.381045618364004746e+00  7.390340773212032310e+00  7.401619726105475472e+00  7.417887671669038951e+00
391 9776 1.796540e-02 5.093858e+03  7.381045618364004746e+00  7.390951243330206033e+00  7.400696994292507824e+00  7.411266102798812483e+00
392 9801 2.126465e-02 5.284501e+03  7.381045618364004746e+00  7.384489788378587605e+00  7.400672293071343333e+00  7.411235375745447662e+00
393 9826 2.569964e-02 5.454904e+03  7.381045618364004746e+00  7.388314330615696868e+00  7.398561063070275168e+00  7.411487892733556571e+00
394 9851 2.387841e-02 5.502059e+03  7.381045618364004746e+00  7.388566857139998945e+00  7.402154413744496786e+00  7.413492784456895635e+00
395 9876 2.295629e-02 5.790076e+03  7.381045618364004746e+00  7.392909016293129021e+00  7.403441023320810110e+00  7.413050087101751728e+00
396 9901 2.587864e-02 6.935675e+03  7.381045618364004746e+00  7.385832859850953724e+00  7.402654941540299127e+00  7.413647598808104533e+00
397 9926 2.689152e-02 7.162564e+03  7.381045618364004746e+00  7.391993003497266734e+00  7.401069312084648466e+00  7.407413602076392323e+00
398 9951 2.612278e-02 7.232700e+03  7.381045618364004746e+00  7.390212756719283682e+00  7.403144547500361661e+00  7.415510646506344727e+00
399 9976 2.561095e-02 6.882137e+03  7.381045618364004746e+00  7.387084188146493702e+00  7.400810233014285977e+00  7.413188030687692276e+00
400 10001 2.408894e-02 6.948234e+03  7.381045618364004746e+00  7.389574337055038633e+00  7.401617460268679061e+00  7.410639409432403291e+00
401 10026 2.290541e-02 6.743671e+03  7.381045618364004746e+00  7.392305828365415721e+00  7.403342274477676455e+00  7.413586958242175839e+00
402 10051 2.152027e-02 6.652298e+03  7.381045618364004746e+00  7.392423356524167488e+00  7.401907969956697642e+00  7.411682271866745886e+00
403 10076 2.086183e-02 6.525667e+03  7.381045618364004746e+00  7.394563731813633467e+00  7.401622964325304643e+00  7.409934178955150941e+00
404 10101 1.849993e-02 6.551164e+03  7.381045618364004746e+00  7.388292835809098236e+00  7.404637469034771158e+00  7.413728996587232167e+00
405 10126 1.640789e-02 6.669560e+03  7.381045618364004746e+00  7.390540855125956377e+00  7.400825807089118413e+00  7.412206528193094002e+00
406 10151 1.467298e-02 6.438100e+03  7.381045618364004746e+00  7.387293050719530463e+00  7.402097227954997471e+00  7.411772226951160114e+00
407 10176 1.650658e-02 6.444099e+03  7.381045618364004746e+00  7.392401346449779531e+00  7.402271730583415810e+00  7.413014461947812883e+00
408 10201 1.585370e-02 6.367769e+03  7.381045618364004746e+00  7.390307398072705425e+00  7.402543091654230523e+00  7.409081304234530485e+00
409 10226 1.628631e-02 6.488465e+03  7.381045618364004746e+00  7.388536766645269260e+00  7.401464758893173013e+00  7.411257134440959682e+00
410 10251 1.731880e-02 6.637573e+03  7.381045618364004746e+00  7.392291840534181091e+00  7.400186463964880446e+00  7.408793467092874785e+00
411 10276 1.706105e-02 7.106044e+03  7.381045618364004746e+00  7.389866086236896336e+00  7.401907678222286791e+00  7.414725748573349762e+00
412 10301 1.791403e-02 7.482887e+03  7.381045618364004746e+00  7.391796577761997611e+00  7.403341487231147156e+00  7.414333601205359336e+00
413 10326 1.849118e-02 7.734372e+03  7.381045618364004746e+00  7.390799081357473987e+00  7.401036681914789028e+00  7.414223062793870334e+00
414 10351 1.773649e-02 7.762764e+03  7.381045618364004746e+00  7.385080682093413174e+00  7.399474153148281275e+00  7.412345829805868647e+00
415 10376 1.769835e-02 7.614710e+03  7.381045618364004746e+00  7.390115708680427886e+00  7.401730813006805576e+00  7.415786877627335016e+00
416 10401 1.869317e-02 7.963224e+03  7.381045618364004746e+00  7.391117384706877402e+00  7.401983006276578791e+00  7.414546670295391273e+00
417 10426 1.724243e-02 7.988069e+03  7.381045618364004746e+00  7.392125807730050902e+00  7.404326219716254265e+00  7.416629612795164306e+00
418 10451 1.679177e-02 7.764187e+03  7.381045618364004746e+00  7.389531717306222269e+00  7.400907223876341590e+00  7.407656348681030956e+00
419 10476 1.480590e-02 8.005704e+03  7.381045618364004746e+00  7.395442071648946403e+00  7.401216693595616292e+00  7.417772829003226320e+00
420 10501 1.488347e-02 8.160051e+03  7.381045618364004746e+00  7.392994612467465032e+00  7.402680351418426952e+00  7.417907194858525344e+00
421 10526 1.639023e-02 8.721975e+03  7.381045618364004746e+00  7.387072238177187167e+00  7.403253484339685997e+00  7.411461143235904991e+00
422 10551 1.734191e-02 8.736035e+03  7.381045618364004746e+00  7.394797904301602998e+00  7.402149582841953901e+00  7.411236829954948035e+00
423 10576 1.798997e-02 8.076343e+03  7.381045618364004746e+00  7.391193493496003519e+00  7.401423849175500003e+00  7.414870668082553351e+00
424 10601 2.220599e-02 7.601847e+03  7.381045618364004746e+00  7.389727407744467236e+00  7.400502700003015022e+00  7.416898326214847792e+00
425 10626 2.396944e-02 7.725088e+03  7.381045618364004746e+00  7.391848721674571188e+00  7.400259838171032278e+00  7.410397966547787263e+00
426 10651 2.509737e-02 7.766894e+03  7.381045618364004746e+00  7.390333942219245777e+00  7.401838381951739265e+00  7.411214183279387413e+00
427 10676 2.212358e-02 7.607263e+03  7.381045618364004746e+00  7.392710119562782900e+00  7.403862915360958752e+00  7.416752377849748612e+00
428 10701 1.906346e-02 7.703551e+03  7.381045618364004746e+00  7.385166854935752312e+00  7.401887991387983590e+00  7.408023603360248011e+00
429 10726 2.070843e-02 7.818966e+03  7.381045618364004746e+00  7.383149136381423006e+00  7.400787367209376910e+00  7.412322346515048288e+00
430 10751 2.148883e-02 7.885815e+03  7.381045618364004746e+00  7.386040982871984184e+00  7.402186657104043555e+00  7.412781803802335645e+00
431 10776 2.220573e-02 8.150180e+03  7.381045618364004746e+00  7.386368757292657961e+00  7.401758726097058982e+00  7.415100053954242654e+00
432 10801 2.192857e-02 7.935951e+03  7.381045618364004746e+00  7.382769689602268315e+00  7.401867214452480859e+00  7.413361783640496583e+00
433 10826 2.224897e-02 7.642668e+03  7.381045618364004746e+00  7.385778968882116047e+00  7.403967793182613555e+00  7.409440267667752877e+00
