%  columns=["iteration, evaluation, sigma, void, void, stds==sigma*sqrt(diag(C))" (startseed=211329, 2015/08/17 3:17:53.29)
1 31 1.886242e+00 0 0 6.261185e-01 5.057034e-01 1.158201e+00 4.765787e-01 6.333086e-01 4.281802e-01 1.891720e+00 1.160691e+00 4.369713e-01 
2 61 2.026346e+00 0 0 6.619480e-01 5.267256e-01 1.237334e+00 5.348732e-01 6.709768e-01 4.528433e-01 2.057721e+00 1.266120e+00 4.610027e-01 
3 91 2.505507e+00 0 0 8.124367e-01 6.310004e-01 1.524426e+00 6.533610e-01 8.433752e-01 5.622705e-01 2.522982e+00 1.554482e+00 5.646554e-01 
4 121 2.479873e+00 0 0 8.151798e-01 6.174562e-01 1.508271e+00 6.293014e-01 7.931732e-01 5.619136e-01 2.439042e+00 1.554316e+00 5.405618e-01 
5 151 2.413344e+00 0 0 7.878714e-01 6.007010e-01 1.421467e+00 5.872296e-01 7.477928e-01 5.556566e-01 2.292134e+00 1.459584e+00 5.167718e-01 
6 181 2.318970e+00 0 0 7.532658e-01 5.565641e-01 1.332559e+00 5.356913e-01 7.015111e-01 5.155239e-01 2.189194e+00 1.386277e+00 4.993646e-01 
7 211 2.126838e+00 0 0 6.824880e-01 5.064041e-01 1.176800e+00 4.780204e-01 6.264369e-01 4.709914e-01 1.938005e+00 1.227836e+00 4.584793e-01 
8 241 2.060633e+00 0 0 6.837982e-01 4.743432e-01 1.097948e+00 4.581511e-01 5.971736e-01 4.472226e-01 1.814514e+00 1.135786e+00 4.468391e-01 
9 271 2.152566e+00 0 0 7.035395e-01 4.780976e-01 1.131544e+00 4.829354e-01 6.174796e-01 4.790946e-01 1.922974e+00 1.160939e+00 4.594472e-01 
10 301 1.917780e+00 0 0 6.026008e-01 4.296186e-01 1.004339e+00 4.262471e-01 5.296775e-01 4.155672e-01 1.676312e+00 1.010993e+00 4.028536e-01 
11 331 1.947541e+00 0 0 5.962513e-01 4.251192e-01 9.999730e-01 4.282706e-01 5.544758e-01 4.031262e-01 1.667482e+00 9.959219e-01 4.135571e-01 
12 361 1.838897e+00 0 0 5.366429e-01 3.854690e-01 9.104182e-01 3.835772e-01 5.032891e-01 3.675123e-01 1.545393e+00 9.163847e-01 3.882207e-01 
13 391 1.724006e+00 0 0 4.920644e-01 3.615025e-01 8.441988e-01 3.586473e-01 4.594336e-01 3.358189e-01 1.506154e+00 8.788922e-01 3.818914e-01 
14 421 1.508649e+00 0 0 4.115280e-01 3.117019e-01 7.419179e-01 3.057329e-01 3.840321e-01 2.824343e-01 1.272587e+00 7.384805e-01 3.256938e-01 
15 451 1.287021e+00 0 0 3.410358e-01 2.655298e-01 6.149089e-01 2.585471e-01 3.186545e-01 2.336847e-01 1.049065e+00 6.070157e-01 2.686077e-01 
16 481 1.137113e+00 0 0 2.926869e-01 2.258146e-01 5.305599e-01 2.231202e-01 2.698220e-01 2.073247e-01 9.172235e-01 5.326983e-01 2.331408e-01 
17 511 1.147072e+00 0 0 2.885478e-01 2.277907e-01 5.344260e-01 2.214967e-01 2.625882e-01 2.169897e-01 9.656735e-01 5.149427e-01 2.257085e-01 
18 541 9.995576e-01 0 0 2.507552e-01 1.936337e-01 4.606938e-01 1.855819e-01 2.286194e-01 1.870614e-01 8.261903e-01 4.296911e-01 1.908284e-01 
19 571 8.944891e-01 0 0 2.159775e-01 1.670133e-01 4.016316e-01 1.591476e-01 1.963215e-01 1.672757e-01 7.375837e-01 3.681412e-01 1.663536e-01 
20 601 8.416917e-01 0 0 2.009334e-01 1.565945e-01 3.720268e-01 1.525380e-01 1.859025e-01 1.532960e-01 6.883141e-01 3.426014e-01 1.538788e-01 
21 631 7.417214e-01 0 0 1.696985e-01 1.379621e-01 3.234638e-01 1.350883e-01 1.596637e-01 1.301764e-01 5.926575e-01 2.982684e-01 1.320565e-01 
22 661 7.030873e-01 0 0 1.543253e-01 1.324358e-01 3.198217e-01 1.295435e-01 1.506424e-01 1.209923e-01 5.689985e-01 2.755495e-01 1.198296e-01 
23 691 6.594256e-01 0 0 1.454773e-01 1.210547e-01 3.070887e-01 1.225756e-01 1.392253e-01 1.114488e-01 5.235512e-01 2.551382e-01 1.116862e-01 
24 721 6.459075e-01 0 0 1.472544e-01 1.153598e-01 2.899269e-01 1.179269e-01 1.318151e-01 1.052798e-01 5.095998e-01 2.486019e-01 1.083700e-01 
25 751 6.343286e-01 0 0 1.390015e-01 1.129083e-01 2.904731e-01 1.114012e-01 1.239873e-01 1.018645e-01 4.940097e-01 2.377573e-01 1.038778e-01 
26 781 6.243267e-01 0 0 1.322192e-01 1.105764e-01 2.939780e-01 1.069570e-01 1.214961e-01 9.781818e-02 4.743400e-01 2.338139e-01 1.073415e-01 
27 811 5.738927e-01 0 0 1.177976e-01 1.025332e-01 2.692274e-01 9.522310e-02 1.076568e-01 8.778184e-02 4.240452e-01 2.073388e-01 9.613598e-02 
28 841 5.333906e-01 0 0 1.069548e-01 9.490893e-02 2.524123e-01 8.565038e-02 9.855530e-02 8.183094e-02 3.847429e-01 1.890671e-01 8.998089e-02 
29 871 5.035781e-01 0 0 1.037565e-01 8.631943e-02 2.368282e-01 7.958905e-02 8.946603e-02 7.825378e-02 3.512384e-01 1.813638e-01 8.451872e-02 
30 901 5.146352e-01 0 0 1.034299e-01 8.461523e-02 2.335281e-01 8.013876e-02 9.371441e-02 7.743599e-02 3.645905e-01 1.821588e-01 8.621804e-02 
31 931 5.145856e-01 0 0 1.025412e-01 8.337157e-02 2.269364e-01 7.808210e-02 9.162232e-02 7.805808e-02 3.603893e-01 1.815656e-01 8.787022e-02 
32 961 4.775418e-01 0 0 9.468109e-02 7.753637e-02 2.140095e-01 6.995977e-02 8.288364e-02 7.135046e-02 3.202876e-01 1.650858e-01 8.103528e-02 
33 991 4.602790e-01 0 0 9.355853e-02 7.467622e-02 2.100787e-01 6.952833e-02 8.009937e-02 7.486744e-02 3.049543e-01 1.613609e-01 7.822884e-02 
34 1021 4.331073e-01 0 0 8.434907e-02 6.760987e-02 1.883966e-01 6.584655e-02 7.438185e-02 6.992195e-02 2.864426e-01 1.457429e-01 6.999136e-02 
35 1051 3.546775e-01 0 0 6.857560e-02 5.270089e-02 1.538426e-01 5.507457e-02 5.989211e-02 5.665090e-02 2.316861e-01 1.161952e-01 5.664725e-02 
36 1081 2.996952e-01 0 0 5.691576e-02 4.362678e-02 1.278468e-01 4.579869e-02 4.962892e-02 4.789938e-02 1.914225e-01 9.984943e-02 5.078543e-02 
37 1111 3.186317e-01 0 0 5.824985e-02 4.659925e-02 1.417954e-01 4.845044e-02 5.322062e-02 4.993371e-02 1.974692e-01 1.032158e-01 5.521711e-02 
38 1141 3.329666e-01 0 0 5.854746e-02 4.757437e-02 1.493657e-01 5.079837e-02 5.628320e-02 5.105944e-02 2.039437e-01 1.043425e-01 5.977675e-02 
39 1171 3.363977e-01 0 0 5.926684e-02 4.686422e-02 1.510053e-01 5.137801e-02 5.513246e-02 5.308224e-02 2.111227e-01 1.054158e-01 6.354693e-02 
40 1201 3.576429e-01 0 0 6.145177e-02 4.851097e-02 1.593673e-01 5.304560e-02 5.764871e-02 5.538607e-02 2.218489e-01 1.169854e-01 7.351959e-02 
41 1231 3.617225e-01 0 0 6.058246e-02 5.020285e-02 1.632454e-01 5.556892e-02 5.851088e-02 5.836731e-02 2.192220e-01 1.183832e-01 7.818101e-02 
42 1261 3.584671e-01 0 0 6.052683e-02 4.909162e-02 1.606179e-01 5.272931e-02 5.641893e-02 5.491167e-02 2.154605e-01 1.193288e-01 7.684753e-02 
43 1291 3.438314e-01 0 0 5.708571e-02 4.709333e-02 1.519056e-01 4.851414e-02 5.182995e-02 5.089870e-02 2.042783e-01 1.134155e-01 7.465293e-02 
44 1321 3.363196e-01 0 0 5.546680e-02 4.697723e-02 1.504544e-01 4.875587e-02 5.073985e-02 5.171629e-02 1.944120e-01 1.094445e-01 7.328896e-02 
45 1351 3.808334e-01 0 0 6.143861e-02 5.315485e-02 1.913737e-01 5.431562e-02 6.038074e-02 5.592916e-02 2.128928e-01 1.261282e-01 8.137310e-02 
46 1381 4.024910e-01 0 0 6.200056e-02 5.672488e-02 2.105718e-01 5.609634e-02 6.217798e-02 5.896485e-02 2.269542e-01 1.283070e-01 8.508222e-02 
47 1411 3.946022e-01 0 0 6.019993e-02 5.357133e-02 2.087421e-01 5.303073e-02 5.928943e-02 5.634273e-02 2.172331e-01 1.218042e-01 7.980010e-02 
48 1441 4.145925e-01 0 0 6.425641e-02 5.469436e-02 2.307371e-01 5.517669e-02 6.325308e-02 6.385449e-02 2.207388e-01 1.281482e-01 8.170359e-02 
49 1471 3.922047e-01 0 0 6.094234e-02 5.056641e-02 2.155141e-01 5.122134e-02 5.889986e-02 5.911079e-02 2.082230e-01 1.179579e-01 7.478071e-02 
50 1501 3.363764e-01 0 0 5.082583e-02 4.510400e-02 1.792136e-01 4.287897e-02 5.036810e-02 5.097990e-02 1.744857e-01 9.960037e-02 6.212992e-02 
51 1531 3.377351e-01 0 0 4.891988e-02 4.447294e-02 1.878748e-01 4.276697e-02 5.151191e-02 4.974546e-02 1.792363e-01 9.569537e-02 6.522542e-02 
52 1561 3.428295e-01 0 0 4.777437e-02 4.747033e-02 1.851459e-01 4.302077e-02 5.341335e-02 5.121122e-02 1.784424e-01 9.378769e-02 6.687634e-02 
53 1591 3.276864e-01 0 0 4.548525e-02 4.580613e-02 1.762671e-01 4.163996e-02 5.068941e-02 5.019402e-02 1.691537e-01 9.176839e-02 6.307129e-02 
54 1621 2.838005e-01 0 0 3.807029e-02 3.929483e-02 1.459709e-01 3.498069e-02 4.251777e-02 4.150716e-02 1.461304e-01 7.825886e-02 5.272882e-02 
55 1651 2.319143e-01 0 0 3.096220e-02 3.127919e-02 1.214455e-01 2.951692e-02 3.445767e-02 3.419868e-02 1.192562e-01 6.629985e-02 4.170802e-02 
56 1681 2.430588e-01 0 0 3.213762e-02 3.201869e-02 1.246512e-01 3.126569e-02 3.685226e-02 3.534545e-02 1.290727e-01 6.921762e-02 4.329889e-02 
57 1711 2.416749e-01 0 0 3.079769e-02 3.076258e-02 1.228968e-01 2.995758e-02 3.607775e-02 3.353397e-02 1.228592e-01 7.181085e-02 4.453650e-02 
58 1741 2.211052e-01 0 0 2.711487e-02 2.721929e-02 1.089622e-01 2.650603e-02 3.286034e-02 2.992987e-02 1.115424e-01 6.404097e-02 3.942124e-02 
59 1771 2.007240e-01 0 0 2.413378e-02 2.540351e-02 9.951282e-02 2.381003e-02 2.918971e-02 2.845723e-02 1.060003e-01 5.678468e-02 3.451068e-02 
60 1801 2.104313e-01 0 0 2.502496e-02 2.715929e-02 1.048814e-01 2.519061e-02 3.085507e-02 3.150455e-02 1.148274e-01 5.789909e-02 3.523726e-02 
61 1831 2.103760e-01 0 0 2.626701e-02 2.590324e-02 1.055640e-01 2.481917e-02 3.021947e-02 3.133152e-02 1.108351e-01 5.760223e-02 3.367370e-02 
62 1861 1.859980e-01 0 0 2.283249e-02 2.373492e-02 8.924255e-02 2.138300e-02 2.576252e-02 2.726251e-02 9.815640e-02 4.943734e-02 2.849534e-02 
63 1891 1.709984e-01 0 0 2.034613e-02 2.174940e-02 8.226183e-02 1.940651e-02 2.317617e-02 2.526488e-02 8.916360e-02 4.505709e-02 2.543720e-02 
64 1921 1.768620e-01 0 0 2.048253e-02 2.207891e-02 8.495571e-02 2.024876e-02 2.476192e-02 2.619660e-02 9.247440e-02 4.594534e-02 2.533003e-02 
65 1951 1.815344e-01 0 0 2.016142e-02 2.265204e-02 8.555118e-02 2.000351e-02 2.510832e-02 2.647053e-02 9.229915e-02 4.655216e-02 2.566982e-02 
66 1981 1.765044e-01 0 0 1.958392e-02 2.327674e-02 8.536119e-02 1.944612e-02 2.388493e-02 2.587807e-02 8.816084e-02 4.627759e-02 2.436568e-02 
67 2011 1.960579e-01 0 0 2.128399e-02 2.556827e-02 9.403297e-02 2.141227e-02 2.836274e-02 2.795690e-02 9.668805e-02 5.188818e-02 2.609981e-02 
68 2041 1.792632e-01 0 0 1.903443e-02 2.361934e-02 8.432521e-02 1.967433e-02 2.523320e-02 2.610612e-02 8.738257e-02 4.646864e-02 2.300384e-02 
69 2071 1.898125e-01 0 0 1.994984e-02 2.529722e-02 9.043271e-02 2.027309e-02 2.620138e-02 2.726457e-02 9.347407e-02 4.860998e-02 2.350532e-02 
70 2101 1.892262e-01 0 0 1.945147e-02 2.476551e-02 9.263471e-02 2.002069e-02 2.644792e-02 2.710155e-02 9.023381e-02 4.758319e-02 2.222944e-02 
71 2131 1.979512e-01 0 0 1.965027e-02 2.565883e-02 1.007255e-01 2.067122e-02 3.009356e-02 2.913646e-02 9.213306e-02 4.891460e-02 2.195401e-02 
72 2161 1.923626e-01 0 0 1.867940e-02 2.504911e-02 9.793350e-02 2.024133e-02 2.928881e-02 2.767210e-02 8.890404e-02 4.531493e-02 2.062019e-02 
73 2191 1.660984e-01 0 0 1.614369e-02 2.112731e-02 8.648455e-02 1.736894e-02 2.443461e-02 2.372277e-02 7.440271e-02 3.829626e-02 1.696568e-02 
74 2221 1.740396e-01 0 0 1.609905e-02 2.136815e-02 8.976151e-02 1.893706e-02 2.655984e-02 2.465492e-02 7.554628e-02 3.942777e-02 1.748995e-02 
75 2251 1.707504e-01 0 0 1.590847e-02 2.129836e-02 8.578156e-02 1.920667e-02 2.594018e-02 2.448966e-02 7.061467e-02 3.767657e-02 1.643514e-02 
76 2281 1.570646e-01 0 0 1.441968e-02 1.981992e-02 7.778851e-02 1.747830e-02 2.492103e-02 2.243292e-02 6.458089e-02 3.574548e-02 1.436837e-02 
77 2311 1.407642e-01 0 0 1.288405e-02 1.805498e-02 6.750222e-02 1.561112e-02 2.176096e-02 1.952582e-02 5.558592e-02 3.084331e-02 1.225860e-02 
78 2341 1.328286e-01 0 0 1.200177e-02 1.715134e-02 6.464916e-02 1.449178e-02 2.126992e-02 1.772573e-02 5.213215e-02 2.951007e-02 1.097452e-02 
79 2371 1.423778e-01 0 0 1.285817e-02 1.777971e-02 6.903258e-02 1.621871e-02 2.405041e-02 1.878521e-02 5.416749e-02 3.385224e-02 1.123395e-02 
80 2401 1.455562e-01 0 0 1.270262e-02 1.783562e-02 7.112300e-02 1.597339e-02 2.423535e-02 1.939560e-02 5.701794e-02 3.415061e-02 1.096335e-02 
81 2431 1.430083e-01 0 0 1.226053e-02 1.748936e-02 7.039676e-02 1.490960e-02 2.350023e-02 1.845261e-02 5.618167e-02 3.347340e-02 1.030648e-02 
82 2461 1.287926e-01 0 0 1.073512e-02 1.634268e-02 6.386266e-02 1.333318e-02 2.038587e-02 1.637276e-02 4.880621e-02 2.959247e-02 8.788421e-03 
83 2491 1.258838e-01 0 0 1.026233e-02 1.550557e-02 6.135090e-02 1.276901e-02 1.909486e-02 1.585293e-02 4.873987e-02 2.803979e-02 8.224930e-03 
84 2521 1.202100e-01 0 0 9.721498e-03 1.654580e-02 5.664929e-02 1.218453e-02 1.786212e-02 1.524881e-02 4.851850e-02 2.602763e-02 7.445130e-03 
85 2551 1.103128e-01 0 0 8.813229e-03 1.504756e-02 5.092583e-02 1.104453e-02 1.662981e-02 1.385045e-02 4.353106e-02 2.353580e-02 6.481943e-03 
86 2581 1.003672e-01 0 0 7.746890e-03 1.355368e-02 4.761064e-02 1.019872e-02 1.496545e-02 1.219677e-02 4.022731e-02 2.072237e-02 5.599679e-03 
87 2611 8.256472e-02 0 0 6.347389e-03 1.088852e-02 3.819069e-02 8.367398e-03 1.212213e-02 9.698203e-03 3.237073e-02 1.668422e-02 4.410726e-03 
88 2641 7.543463e-02 0 0 5.662713e-03 9.617470e-03 3.448667e-02 7.335363e-03 1.184524e-02 8.719306e-03 2.993476e-02 1.466909e-02 3.840468e-03 
89 2671 6.541683e-02 0 0 4.908635e-03 8.416433e-03 2.892477e-02 6.246246e-03 9.966123e-03 7.410739e-03 2.554282e-02 1.268181e-02 3.184774e-03 
90 2701 6.096675e-02 0 0 4.681532e-03 7.631503e-03 2.587966e-02 5.962263e-03 9.193718e-03 7.042335e-03 2.387805e-02 1.127746e-02 2.827854e-03 
91 2731 5.683188e-02 0 0 4.413097e-03 7.058470e-03 2.329708e-02 5.438632e-03 8.409011e-03 6.419221e-03 2.180177e-02 1.024948e-02 2.559046e-03 
92 2761 5.350319e-02 0 0 4.318769e-03 6.406112e-03 2.137962e-02 5.005855e-03 7.957656e-03 6.066782e-03 1.972128e-02 9.374659e-03 2.295574e-03 
93 2791 5.300413e-02 0 0 4.217788e-03 6.517483e-03 2.043596e-02 4.895965e-03 7.871210e-03 6.340111e-03 2.111136e-02 8.911161e-03 2.159690e-03 
94 2821 5.927147e-02 0 0 4.887998e-03 7.580542e-03 2.341442e-02 5.282954e-03 8.784154e-03 7.045561e-03 2.346025e-02 1.012558e-02 2.321083e-03 
95 2851 5.418489e-02 0 0 4.389876e-03 6.790562e-03 2.109521e-02 4.698139e-03 8.202430e-03 6.432655e-03 2.142179e-02 9.062123e-03 2.007104e-03 
96 2881 5.105915e-02 0 0 4.228566e-03 6.429726e-03 1.915746e-02 4.597378e-03 7.881725e-03 6.041547e-03 2.044777e-02 8.353408e-03 1.809971e-03 
97 2911 4.841788e-02 0 0 4.210365e-03 5.962078e-03 1.773735e-02 4.294715e-03 7.713073e-03 5.709195e-03 1.897883e-02 8.038559e-03 1.645691e-03 
98 2941 4.902301e-02 0 0 4.275912e-03 6.119115e-03 1.823488e-02 4.339740e-03 7.700590e-03 5.871485e-03 1.863233e-02 8.094630e-03 1.604650e-03 
99 2971 4.783950e-02 0 0 4.148042e-03 5.946195e-03 1.760888e-02 4.397820e-03 7.218381e-03 6.157634e-03 1.816387e-02 7.683283e-03 1.490919e-03 
100 3001 4.445204e-02 0 0 3.759859e-03 5.696252e-03 1.629774e-02 4.056071e-03 6.716837e-03 5.612524e-03 1.668545e-02 6.877517e-03 1.315838e-03 
101 3031 4.051992e-02 0 0 3.453669e-03 5.048211e-03 1.520120e-02 3.633496e-03 6.004998e-03 5.103878e-03 1.501108e-02 6.369493e-03 1.158187e-03 
102 3061 3.792813e-02 0 0 3.349490e-03 4.646054e-03 1.370963e-02 3.347950e-03 5.521975e-03 4.877687e-03 1.350247e-02 6.185822e-03 1.054137e-03 
103 3091 3.709284e-02 0 0 3.250838e-03 4.478571e-03 1.364463e-02 3.274943e-03 5.497757e-03 4.994850e-03 1.301995e-02 5.949860e-03 9.984469e-04 
104 3121 3.780915e-02 0 0 3.231686e-03 4.669048e-03 1.385880e-02 3.322875e-03 5.472472e-03 5.174677e-03 1.295041e-02 5.998960e-03 9.904368e-04 
105 3151 3.850284e-02 0 0 3.319196e-03 4.687468e-03 1.396343e-02 3.566869e-03 5.460679e-03 5.430932e-03 1.394279e-02 6.041754e-03 9.830402e-04 
106 3181 4.201119e-02 0 0 3.731129e-03 4.994073e-03 1.490046e-02 3.957309e-03 6.163261e-03 5.907957e-03 1.507581e-02 6.407469e-03 1.037514e-03 
107 3211 4.151002e-02 0 0 3.756303e-03 5.192420e-03 1.465402e-02 3.828913e-03 6.745357e-03 5.577547e-03 1.467120e-02 6.095688e-03 9.804828e-04 
108 3241 3.978292e-02 0 0 3.500562e-03 4.979001e-03 1.361947e-02 3.684211e-03 6.348508e-03 5.342322e-03 1.431646e-02 5.872361e-03 9.066928e-04 
109 3271 3.746583e-02 0 0 3.332170e-03 4.824564e-03 1.266661e-02 3.507455e-03 5.834714e-03 5.038109e-03 1.359632e-02 5.554907e-03 8.230983e-04 
110 3301 3.783576e-02 0 0 3.393148e-03 5.017783e-03 1.233005e-02 3.460597e-03 5.750435e-03 4.905056e-03 1.391213e-02 5.778695e-03 8.082927e-04 
111 3331 4.793169e-02 0 0 4.472458e-03 6.508924e-03 1.589208e-02 4.347577e-03 7.050324e-03 6.401805e-03 1.768494e-02 8.037685e-03 1.000429e-03 
112 3361 5.269208e-02 0 0 4.740971e-03 7.512846e-03 1.694948e-02 4.673299e-03 7.712729e-03 6.849270e-03 1.883304e-02 8.722024e-03 1.055519e-03 
113 3391 6.410512e-02 0 0 6.126397e-03 9.344306e-03 2.178397e-02 5.617312e-03 9.509820e-03 1.058273e-02 2.282238e-02 1.120064e-02 1.237175e-03 
114 3421 6.357020e-02 0 0 6.056070e-03 8.971833e-03 2.168691e-02 5.451778e-03 9.303421e-03 1.042956e-02 2.181664e-02 1.082638e-02 1.184362e-03 
115 3451 5.691884e-02 0 0 5.275695e-03 7.851666e-03 1.908332e-02 4.730213e-03 8.311217e-03 9.208942e-03 1.887167e-02 9.423762e-03 1.019699e-03 
116 3481 5.358322e-02 0 0 4.981799e-03 7.542412e-03 1.785910e-02 4.451956e-03 7.714717e-03 8.654249e-03 1.791772e-02 8.762145e-03 9.099305e-04 
117 3511 5.069912e-02 0 0 4.584096e-03 7.170515e-03 1.666670e-02 4.090750e-03 7.270227e-03 7.921462e-03 1.654590e-02 8.334211e-03 8.223725e-04 
118 3541 5.169130e-02 0 0 4.878455e-03 7.124126e-03 1.753751e-02 4.282962e-03 7.711204e-03 8.981411e-03 1.704766e-02 8.657193e-03 8.035109e-04 
119 3571 5.176454e-02 0 0 4.907534e-03 7.113442e-03 1.763820e-02 4.174080e-03 7.499520e-03 9.021922e-03 1.711081e-02 8.860529e-03 7.833770e-04 
120 3601 4.942331e-02 0 0 4.758926e-03 6.796866e-03 1.624925e-02 4.091255e-03 6.869375e-03 8.644571e-03 1.672689e-02 8.682751e-03 7.128362e-04 
121 3631 4.802281e-02 0 0 4.510678e-03 6.687833e-03 1.523608e-02 3.974942e-03 6.363217e-03 8.110959e-03 1.598060e-02 8.093077e-03 6.565427e-04 
122 3661 4.420956e-02 0 0 4.124176e-03 6.013638e-03 1.373690e-02 3.597901e-03 5.653111e-03 7.384721e-03 1.460217e-02 7.350584e-03 5.904739e-04 
123 3691 4.292850e-02 0 0 3.918641e-03 5.565338e-03 1.280993e-02 3.476055e-03 5.418603e-03 7.005234e-03 1.367628e-02 6.856548e-03 5.595517e-04 
124 3721 4.107935e-02 0 0 3.725458e-03 5.171218e-03 1.197699e-02 3.234136e-03 5.414502e-03 6.434992e-03 1.248192e-02 6.516928e-03 5.107478e-04 
125 3751 4.037403e-02 0 0 3.522851e-03 5.096504e-03 1.146900e-02 3.121893e-03 5.366430e-03 6.121422e-03 1.194346e-02 6.190323e-03 4.906219e-04 
126 3781 3.785230e-02 0 0 3.235230e-03 4.715954e-03 1.075916e-02 2.826734e-03 5.032140e-03 5.513931e-03 1.090318e-02 5.614096e-03 4.408409e-04 
127 3811 4.182689e-02 0 0 3.471225e-03 5.254439e-03 1.178613e-02 3.192318e-03 5.390644e-03 5.996759e-03 1.327622e-02 6.137725e-03 4.847499e-04 
128 3841 4.283098e-02 0 0 3.644399e-03 5.514513e-03 1.194980e-02 3.353770e-03 5.591990e-03 6.035193e-03 1.363299e-02 6.134201e-03 4.907508e-04 
129 3871 4.650488e-02 0 0 4.228145e-03 6.331255e-03 1.284788e-02 3.922712e-03 6.335389e-03 6.737324e-03 1.564504e-02 6.643842e-03 5.111598e-04 
130 3901 5.015776e-02 0 0 4.675460e-03 6.725134e-03 1.396218e-02 4.368409e-03 7.177428e-03 7.265048e-03 1.734820e-02 7.146908e-03 5.258644e-04 
131 3931 4.993938e-02 0 0 4.623486e-03 6.582754e-03 1.374542e-02 4.306884e-03 7.247103e-03 7.453794e-03 1.757897e-02 6.862857e-03 5.032323e-04 
132 3961 5.170007e-02 0 0 4.762646e-03 6.604380e-03 1.399452e-02 4.492887e-03 7.504999e-03 7.667821e-03 1.871809e-02 6.838090e-03 5.102642e-04 
133 3991 5.200200e-02 0 0 4.669263e-03 6.446341e-03 1.421581e-02 4.588123e-03 7.524902e-03 7.554595e-03 1.894814e-02 6.789004e-03 4.973819e-04 
134 4021 5.328748e-02 0 0 4.800246e-03 6.395157e-03 1.563524e-02 4.488140e-03 8.053973e-03 7.585040e-03 1.890656e-02 6.894884e-03 5.082133e-04 
135 4051 5.199472e-02 0 0 4.631733e-03 6.020316e-03 1.481455e-02 4.189133e-03 7.702168e-03 7.180603e-03 1.817563e-02 6.836965e-03 4.832309e-04 
136 4081 4.767040e-02 0 0 4.101602e-03 5.458823e-03 1.379169e-02 3.776767e-03 6.726299e-03 6.639606e-03 1.717412e-02 6.063063e-03 4.301811e-04 
137 4111 4.372431e-02 0 0 3.608380e-03 5.087280e-03 1.258583e-02 3.462600e-03 6.020127e-03 5.989249e-03 1.591905e-02 5.406873e-03 4.082714e-04 
138 4141 4.388432e-02 0 0 3.574974e-03 5.136763e-03 1.228204e-02 3.438513e-03 6.075358e-03 5.879580e-03 1.577246e-02 5.405741e-03 3.955920e-04 
139 4171 4.818765e-02 0 0 3.827680e-03 5.637152e-03 1.369831e-02 3.690401e-03 6.461407e-03 6.286526e-03 1.718677e-02 6.078469e-03 4.366438e-04 
140 4201 4.599495e-02 0 0 3.516691e-03 5.183192e-03 1.313726e-02 3.364569e-03 6.187696e-03 5.740878e-03 1.610084e-02 5.770779e-03 4.088156e-04 
141 4231 4.343427e-02 0 0 3.370874e-03 4.862054e-03 1.209976e-02 3.125122e-03 5.591035e-03 5.685195e-03 1.460507e-02 5.420228e-03 3.708266e-04 
142 4261 3.978231e-02 0 0 3.179292e-03 4.321720e-03 1.136485e-02 2.750329e-03 5.132352e-03 5.395213e-03 1.306728e-02 4.905749e-03 3.273440e-04 
143 4291 3.365060e-02 0 0 2.673669e-03 3.660561e-03 9.813660e-03 2.313118e-03 4.329520e-03 4.600376e-03 1.091990e-02 4.349667e-03 2.741436e-04 
144 4321 3.097551e-02 0 0 2.464525e-03 3.382588e-03 9.092112e-03 2.208108e-03 4.135997e-03 4.035305e-03 1.062399e-02 3.859474e-03 2.425506e-04 
145 4351 3.036506e-02 0 0 2.388444e-03 3.309244e-03 8.959161e-03 2.207167e-03 4.166364e-03 3.858974e-03 1.046496e-02 3.776654e-03 2.395970e-04 
146 4381 3.025618e-02 0 0 2.278099e-03 3.221042e-03 8.612675e-03 2.141126e-03 4.246732e-03 3.657730e-03 1.020069e-02 3.858417e-03 2.348339e-04 
147 4411 3.084931e-02 0 0 2.289883e-03 3.122467e-03 8.569821e-03 2.125629e-03 4.495592e-03 3.576548e-03 1.031688e-02 3.949989e-03 2.290313e-04 
148 4441 2.766044e-02 0 0 2.101114e-03 2.697563e-03 7.580560e-03 1.903509e-03 4.096581e-03 3.167174e-03 9.163782e-03 3.408623e-03 2.013222e-04 
149 4471 2.968292e-02 0 0 2.341879e-03 2.942480e-03 7.906089e-03 1.990339e-03 4.375746e-03 3.406152e-03 9.527236e-03 3.650996e-03 2.187801e-04 
150 4501 3.099838e-02 0 0 2.533236e-03 3.108105e-03 7.981380e-03 2.173994e-03 4.555715e-03 3.620762e-03 1.008225e-02 3.704176e-03 2.199079e-04 
151 4531 3.496641e-02 0 0 2.838021e-03 3.536609e-03 8.887771e-03 2.493538e-03 5.059067e-03 3.949177e-03 1.277406e-02 4.124983e-03 2.423933e-04 
152 4561 3.091840e-02 0 0 2.416380e-03 3.076026e-03 7.661025e-03 2.137991e-03 4.278219e-03 3.414053e-03 1.099840e-02 3.568882e-03 2.032086e-04 
153 4591 2.885589e-02 0 0 2.181691e-03 2.765174e-03 7.183397e-03 1.977246e-03 3.939410e-03 3.099441e-03 1.038096e-02 3.282309e-03 1.815316e-04 
154 4621 3.035230e-02 0 0 2.370999e-03 2.888770e-03 7.433238e-03 2.123725e-03 4.271164e-03 3.427431e-03 1.107922e-02 3.384178e-03 1.874676e-04 
155 4651 3.102510e-02 0 0 2.477809e-03 3.004745e-03 7.925836e-03 2.202639e-03 4.552855e-03 3.452350e-03 1.140834e-02 3.369083e-03 1.902739e-04 
156 4681 3.248360e-02 0 0 2.740568e-03 3.107104e-03 8.868321e-03 2.334422e-03 4.895487e-03 3.921241e-03 1.172451e-02 3.406384e-03 1.901035e-04 
157 4711 3.088494e-02 0 0 2.523951e-03 2.874022e-03 8.760272e-03 2.195242e-03 4.614901e-03 3.668264e-03 1.072253e-02 3.134154e-03 1.791644e-04 
158 4741 2.828668e-02 0 0 2.288453e-03 2.633501e-03 7.755761e-03 1.964446e-03 4.167673e-03 3.289501e-03 9.515696e-03 2.793363e-03 1.619454e-04 
159 4771 2.670477e-02 0 0 2.073264e-03 2.428828e-03 7.047117e-03 1.781660e-03 3.781328e-03 3.078305e-03 8.713866e-03 2.565303e-03 1.536442e-04 
160 4801 2.541082e-02 0 0 1.880890e-03 2.252242e-03 6.953574e-03 1.638561e-03 3.446039e-03 2.869944e-03 7.913054e-03 2.406741e-03 1.421120e-04 
161 4831 2.547939e-02 0 0 1.877465e-03 2.270203e-03 7.236809e-03 1.592301e-03 3.518084e-03 2.881258e-03 7.613117e-03 2.315697e-03 1.429851e-04 
162 4861 2.662479e-02 0 0 1.940093e-03 2.430707e-03 7.608965e-03 1.688345e-03 3.682734e-03 2.926820e-03 7.858037e-03 2.463730e-03 1.487968e-04 
163 4891 2.846503e-02 0 0 2.252576e-03 2.745687e-03 8.060979e-03 1.818048e-03 4.115766e-03 3.097773e-03 8.331015e-03 2.631753e-03 1.582672e-04 
164 4921 2.942725e-02 0 0 2.377456e-03 2.791812e-03 8.199281e-03 1.889223e-03 4.513988e-03 3.184136e-03 8.650142e-03 2.770316e-03 1.644003e-04 
165 4951 2.669489e-02 0 0 2.135949e-03 2.565266e-03 7.548702e-03 1.740957e-03 4.071127e-03 2.920163e-03 7.994385e-03 2.451509e-03 1.477268e-04 
166 4981 2.856840e-02 0 0 2.334766e-03 2.912542e-03 8.467286e-03 1.977134e-03 4.438572e-03 3.206877e-03 8.480713e-03 2.587778e-03 1.612580e-04 
167 5011 2.795226e-02 0 0 2.385185e-03 2.972616e-03 8.165722e-03 2.051058e-03 4.519044e-03 3.162322e-03 8.844494e-03 2.673702e-03 1.720205e-04 
168 5041 2.737357e-02 0 0 2.293704e-03 2.876390e-03 7.813650e-03 1.947109e-03 4.364764e-03 3.042738e-03 8.387895e-03 2.696343e-03 1.676339e-04 
169 5071 3.078658e-02 0 0 2.612757e-03 3.580355e-03 8.609124e-03 2.208940e-03 4.973391e-03 3.327636e-03 9.315636e-03 2.986959e-03 1.826632e-04 
170 5101 3.470553e-02 0 0 2.926306e-03 3.997739e-03 9.513731e-03 2.391513e-03 5.571871e-03 3.745609e-03 1.004818e-02 3.353094e-03 1.985995e-04 
171 5131 3.437582e-02 0 0 2.796307e-03 4.055368e-03 9.154084e-03 2.459704e-03 5.287849e-03 3.597743e-03 1.050068e-02 3.294732e-03 1.939362e-04 
172 5161 3.178686e-02 0 0 2.580106e-03 3.638527e-03 8.368192e-03 2.209755e-03 4.813664e-03 3.251088e-03 9.592900e-03 3.011396e-03 1.747657e-04 
173 5191 3.061227e-02 0 0 2.482588e-03 3.425193e-03 7.981696e-03 2.055335e-03 4.645937e-03 3.102399e-03 9.076417e-03 2.790545e-03 1.609586e-04 
174 5221 2.777117e-02 0 0 2.267970e-03 3.032600e-03 7.158232e-03 1.894389e-03 4.297867e-03 2.758878e-03 8.378763e-03 2.483018e-03 1.461243e-04 
175 5251 3.089245e-02 0 0 2.552970e-03 3.426395e-03 8.005205e-03 2.086528e-03 4.767159e-03 3.039101e-03 9.179557e-03 2.941555e-03 1.590151e-04 
176 5281 3.110382e-02 0 0 2.500019e-03 3.624357e-03 8.082622e-03 2.173111e-03 4.684844e-03 3.034360e-03 9.523940e-03 2.921462e-03 1.551462e-04 
177 5311 3.327202e-02 0 0 2.654533e-03 4.004084e-03 8.430609e-03 2.382982e-03 4.915756e-03 3.143210e-03 1.013814e-02 3.033251e-03 1.621988e-04 
178 5341 3.110107e-02 0 0 2.419616e-03 3.663799e-03 7.824342e-03 2.143127e-03 4.420907e-03 2.949145e-03 9.795335e-03 2.921958e-03 1.517998e-04 
179 5371 2.851911e-02 0 0 2.203427e-03 3.268608e-03 7.509273e-03 1.918264e-03 4.130805e-03 2.595361e-03 8.664274e-03 2.629306e-03 1.413564e-04 
180 5401 2.384881e-02 0 0 1.768201e-03 2.697613e-03 6.024824e-03 1.574030e-03 3.325336e-03 2.082556e-03 7.090164e-03 2.130502e-03 1.142381e-04 
181 5431 2.302235e-02 0 0 1.725236e-03 2.574568e-03 5.678558e-03 1.542279e-03 3.190315e-03 1.982736e-03 6.672129e-03 2.031927e-03 1.076846e-04 
182 5461 2.309912e-02 0 0 1.668635e-03 2.582106e-03 5.752192e-03 1.535515e-03 3.127365e-03 1.929618e-03 7.016664e-03 2.004334e-03 1.043081e-04 
183 5491 2.301312e-02 0 0 1.726434e-03 2.604629e-03 5.607294e-03 1.514715e-03 3.144523e-03 2.003154e-03 7.097805e-03 2.062196e-03 1.030770e-04 
184 5521 2.090050e-02 0 0 1.545047e-03 2.357069e-03 4.980999e-03 1.360577e-03 2.790027e-03 1.842170e-03 6.381241e-03 1.839929e-03 9.151393e-05 
185 5551 2.452305e-02 0 0 1.970698e-03 2.940024e-03 6.239683e-03 1.630188e-03 3.594976e-03 2.252309e-03 7.875917e-03 2.256395e-03 1.100909e-04 
186 5581 2.481082e-02 0 0 1.977881e-03 2.922996e-03 6.371826e-03 1.637309e-03 3.653044e-03 2.200349e-03 8.313533e-03 2.218955e-03 1.196183e-04 
187 5611 2.461426e-02 0 0 1.950144e-03 2.826148e-03 6.211864e-03 1.618865e-03 3.577646e-03 2.199282e-03 8.190208e-03 2.213871e-03 1.178494e-04 
188 5641 2.260662e-02 0 0 1.758821e-03 2.564812e-03 5.461591e-03 1.429402e-03 3.229661e-03 1.986617e-03 7.262865e-03 2.031354e-03 1.070414e-04 
189 5671 2.221008e-02 0 0 1.726023e-03 2.568358e-03 5.565366e-03 1.424684e-03 3.203210e-03 1.947509e-03 7.022331e-03 2.045450e-03 1.044995e-04 
190 5701 2.320493e-02 0 0 1.804703e-03 2.718339e-03 6.106410e-03 1.432260e-03 3.359088e-03 2.042512e-03 6.996970e-03 2.072391e-03 1.049613e-04 
191 5731 2.321672e-02 0 0 1.728273e-03 2.686129e-03 6.172351e-03 1.382248e-03 3.243731e-03 2.019532e-03 6.876068e-03 2.013383e-03 1.025163e-04 
192 5761 2.100053e-02 0 0 1.550242e-03 2.327998e-03 5.430696e-03 1.224052e-03 2.889614e-03 1.785065e-03 6.111556e-03 1.766857e-03 9.052372e-05 
193 5791 1.948191e-02 0 0 1.447298e-03 2.147311e-03 4.855883e-03 1.115062e-03 2.668753e-03 1.640023e-03 5.514600e-03 1.729174e-03 8.254302e-05 
194 5821 1.768874e-02 0 0 1.258581e-03 2.002680e-03 4.362610e-03 9.998900e-04 2.372008e-03 1.463606e-03 5.003282e-03 1.612376e-03 7.585439e-05 
195 5851 1.566503e-02 0 0 1.063694e-03 1.778182e-03 3.814236e-03 8.854783e-04 2.014339e-03 1.246666e-03 4.369537e-03 1.398227e-03 6.769474e-05 
196 5881 1.753501e-02 0 0 1.278593e-03 2.035824e-03 4.341378e-03 1.030613e-03 2.418934e-03 1.394281e-03 5.317900e-03 1.619528e-03 7.525511e-05 
197 5911 1.527840e-02 0 0 1.076479e-03 1.738944e-03 3.649543e-03 8.822261e-04 2.020182e-03 1.185892e-03 4.702320e-03 1.394741e-03 6.310899e-05 
198 5941 1.492648e-02 0 0 1.000473e-03 1.657291e-03 3.786722e-03 8.387674e-04 1.914481e-03 1.158937e-03 4.562742e-03 1.351476e-03 5.983786e-05 
199 5971 1.594619e-02 0 0 1.068915e-03 1.758720e-03 3.990035e-03 8.782417e-04 2.023704e-03 1.289805e-03 4.830253e-03 1.526838e-03 6.151509e-05 
200 6001 1.689159e-02 0 0 1.112709e-03 1.907203e-03 4.547101e-03 9.309780e-04 2.142515e-03 1.414547e-03 5.019051e-03 1.602787e-03 6.994034e-05 
201 6031 1.592936e-02 0 0 1.059012e-03 1.789710e-03 4.430229e-03 8.643745e-04 2.093132e-03 1.314458e-03 4.622106e-03 1.533310e-03 6.595019e-05 
202 6061 1.671133e-02 0 0 1.161687e-03 1.817678e-03 4.824572e-03 9.296851e-04 2.310337e-03 1.326035e-03 5.059651e-03 1.597561e-03 6.887987e-05 
203 6091 1.608271e-02 0 0 1.105225e-03 1.762364e-03 4.845264e-03 8.837334e-04 2.212888e-03 1.223631e-03 4.687271e-03 1.533530e-03 6.625492e-05 
204 6121 1.522896e-02 0 0 1.033748e-03 1.656119e-03 4.498661e-03 8.336788e-04 2.061978e-03 1.120331e-03 4.351499e-03 1.426574e-03 6.407961e-05 
205 6151 1.321107e-02 0 0 8.671471e-04 1.399811e-03 3.809437e-03 7.093706e-04 1.761517e-03 9.467745e-04 3.708652e-03 1.201735e-03 5.620672e-05 
206 6181 1.214665e-02 0 0 7.949411e-04 1.254624e-03 3.498181e-03 6.391485e-04 1.584149e-03 8.799920e-04 3.276208e-03 1.101093e-03 5.012203e-05 
207 6211 1.182526e-02 0 0 7.834779e-04 1.242721e-03 3.313561e-03 6.447186e-04 1.535174e-03 8.746607e-04 3.268460e-03 1.097596e-03 4.880709e-05 
208 6241 1.143080e-02 0 0 7.422597e-04 1.204768e-03 3.110135e-03 6.289068e-04 1.456894e-03 8.217941e-04 3.167652e-03 1.062554e-03 4.853936e-05 
209 6271 1.019377e-02 0 0 6.572805e-04 1.058180e-03 2.821831e-03 5.477561e-04 1.314250e-03 7.418804e-04 2.849745e-03 9.334076e-04 4.626510e-05 
210 6301 9.918496e-03 0 0 6.223774e-04 1.010217e-03 2.648176e-03 5.405050e-04 1.243338e-03 7.252209e-04 2.778955e-03 8.734032e-04 4.308424e-05 
211 6331 9.945125e-03 0 0 5.985425e-04 9.945405e-04 2.572333e-03 5.346339e-04 1.236576e-03 7.049303e-04 2.753328e-03 8.656983e-04 4.209401e-05 
212 6361 9.426523e-03 0 0 5.458849e-04 9.392099e-04 2.442377e-03 5.148267e-04 1.145764e-03 6.602940e-04 2.610747e-03 8.079252e-04 4.043423e-05 
213 6391 9.477147e-03 0 0 5.292069e-04 9.027528e-04 2.459700e-03 5.079982e-04 1.098897e-03 6.751220e-04 2.615304e-03 8.361001e-04 4.015483e-05 
214 6421 9.852078e-03 0 0 5.483567e-04 9.024465e-04 2.481750e-03 5.330773e-04 1.115045e-03 6.687954e-04 2.781961e-03 8.731508e-04 3.998054e-05 
215 6451 9.323383e-03 0 0 5.003811e-04 8.679602e-04 2.312749e-03 5.122915e-04 1.009082e-03 6.163768e-04 2.688995e-03 8.058764e-04 3.670686e-05 
216 6481 8.641191e-03 0 0 4.526543e-04 7.868460e-04 2.162983e-03 4.628544e-04 9.198156e-04 5.756689e-04 2.471754e-03 7.337454e-04 3.271268e-05 
217 6511 8.482059e-03 0 0 4.306772e-04 7.623294e-04 2.052571e-03 4.489112e-04 8.912699e-04 5.458733e-04 2.407507e-03 6.893046e-04 3.105105e-05 
218 6541 7.202066e-03 0 0 3.559078e-04 6.435375e-04 1.771057e-03 3.681113e-04 7.679119e-04 4.518337e-04 1.955312e-03 5.654413e-04 2.540920e-05 
219 6571 7.053020e-03 0 0 3.556957e-04 6.258641e-04 1.711529e-03 3.619874e-04 7.596926e-04 4.406428e-04 1.911028e-03 5.490104e-04 2.491962e-05 
220 6601 6.571978e-03 0 0 3.159461e-04 5.703467e-04 1.574514e-03 3.324258e-04 6.875904e-04 3.989929e-04 1.757508e-03 4.965506e-04 2.411904e-05 
221 6631 6.192415e-03 0 0 2.981906e-04 5.373824e-04 1.449182e-03 3.267251e-04 6.396327e-04 3.572384e-04 1.714047e-03 4.728229e-04 2.238234e-05 
222 6661 5.672920e-03 0 0 2.669594e-04 5.119245e-04 1.356574e-03 3.118552e-04 5.874155e-04 3.164451e-04 1.577075e-03 4.488328e-04 2.160446e-05 
223 6691 5.834830e-03 0 0 2.797827e-04 5.682236e-04 1.381375e-03 3.412822e-04 6.074464e-04 3.235272e-04 1.673935e-03 4.814553e-04 2.207110e-05 
224 6721 5.628692e-03 0 0 2.695186e-04 5.240792e-04 1.336132e-03 3.157148e-04 6.097296e-04 3.000125e-04 1.573204e-03 4.579923e-04 2.186180e-05 
225 6751 6.186464e-03 0 0 2.894942e-04 5.911657e-04 1.443387e-03 3.526581e-04 6.503349e-04 3.252044e-04 1.675479e-03 4.900363e-04 2.354824e-05 
226 6781 6.661918e-03 0 0 3.253916e-04 6.257023e-04 1.586468e-03 3.788504e-04 7.143542e-04 3.454807e-04 1.751248e-03 5.465241e-04 2.503123e-05 
227 6811 6.803050e-03 0 0 3.415128e-04 6.268327e-04 1.630553e-03 3.762270e-04 7.512237e-04 3.441821e-04 1.727538e-03 5.486788e-04 2.477003e-05 
228 6841 7.158144e-03 0 0 3.734562e-04 6.306849e-04 1.667692e-03 3.923448e-04 7.915023e-04 3.691301e-04 1.801176e-03 5.992502e-04 2.542360e-05 
229 6871 6.688376e-03 0 0 3.391267e-04 6.070255e-04 1.552327e-03 3.639535e-04 7.298097e-04 3.593345e-04 1.635151e-03 5.694934e-04 2.311080e-05 
230 6901 6.570221e-03 0 0 3.299840e-04 6.282016e-04 1.446600e-03 3.820194e-04 7.012185e-04 3.475891e-04 1.627525e-03 5.838952e-04 2.238104e-05 
231 6931 6.594617e-03 0 0 3.207344e-04 6.365046e-04 1.475082e-03 3.824343e-04 6.854360e-04 3.621531e-04 1.686452e-03 5.747637e-04 2.181318e-05 
232 6961 5.650618e-03 0 0 2.671821e-04 5.255197e-04 1.236400e-03 3.195459e-04 5.710784e-04 3.129259e-04 1.424570e-03 4.698238e-04 1.813234e-05 
233 6991 5.807733e-03 0 0 2.776291e-04 5.187911e-04 1.266081e-03 3.227689e-04 6.016944e-04 3.124717e-04 1.405615e-03 4.616858e-04 1.865166e-05 
234 7021 6.470407e-03 0 0 3.139984e-04 5.907127e-04 1.514847e-03 3.638566e-04 6.830073e-04 3.684990e-04 1.639740e-03 5.218884e-04 2.058882e-05 
235 7051 7.211179e-03 0 0 3.487257e-04 6.523260e-04 1.639645e-03 4.068227e-04 7.387214e-04 4.092025e-04 1.839294e-03 5.863335e-04 2.217366e-05 
236 7081 7.400770e-03 0 0 3.529498e-04 6.533940e-04 1.644443e-03 4.017591e-04 7.513236e-04 4.032875e-04 1.871684e-03 5.840535e-04 2.309524e-05 
237 7111 6.849396e-03 0 0 3.182088e-04 6.087105e-04 1.478835e-03 3.733390e-04 6.738121e-04 3.674814e-04 1.729994e-03 5.364317e-04 2.092663e-05 
238 7141 6.486146e-03 0 0 2.973770e-04 5.776987e-04 1.358188e-03 3.628996e-04 6.171295e-04 3.396934e-04 1.664991e-03 5.068626e-04 1.949840e-05 
239 7171 6.593601e-03 0 0 3.055660e-04 5.965636e-04 1.323472e-03 3.757433e-04 6.156439e-04 3.453035e-04 1.696315e-03 5.531230e-04 1.981404e-05 
240 7201 6.244869e-03 0 0 2.856056e-04 5.628137e-04 1.217512e-03 3.558525e-04 5.692261e-04 3.283021e-04 1.630562e-03 5.282884e-04 1.849104e-05 
241 7231 6.968035e-03 0 0 3.121808e-04 6.137086e-04 1.319428e-03 3.861460e-04 6.438740e-04 3.643269e-04 1.912218e-03 5.671721e-04 2.195307e-05 
242 7261 7.812338e-03 0 0 3.466475e-04 6.924216e-04 1.504749e-03 4.316899e-04 7.260811e-04 4.026343e-04 2.181500e-03 6.292775e-04 2.452803e-05 
243 7291 7.884380e-03 0 0 3.612434e-04 7.001249e-04 1.549876e-03 4.244127e-04 7.571497e-04 3.931163e-04 2.126563e-03 6.376228e-04 2.399048e-05 
244 7321 7.023699e-03 0 0 3.218107e-04 6.310109e-04 1.355852e-03 3.854343e-04 6.669545e-04 3.421952e-04 1.911963e-03 5.610106e-04 2.110937e-05 
245 7351 6.416006e-03 0 0 2.817008e-04 5.602232e-04 1.193375e-03 3.373510e-04 5.858989e-04 3.089882e-04 1.705022e-03 4.873143e-04 1.910622e-05 
246 7381 6.122609e-03 0 0 2.701719e-04 5.156217e-04 1.120667e-03 3.301491e-04 5.528550e-04 2.891517e-04 1.623746e-03 4.757656e-04 1.887276e-05 
247 7411 6.035974e-03 0 0 2.612636e-04 5.141729e-04 1.099238e-03 3.333216e-04 5.341410e-04 2.801258e-04 1.611392e-03 4.792300e-04 1.817942e-05 
248 7441 5.641442e-03 0 0 2.458109e-04 4.784093e-04 1.095232e-03 3.094418e-04 5.202143e-04 2.795402e-04 1.508038e-03 4.536151e-04 1.644539e-05 
249 7471 5.587112e-03 0 0 2.352671e-04 4.531947e-04 1.125798e-03 2.920173e-04 5.146110e-04 2.808107e-04 1.422128e-03 4.271424e-04 1.722560e-05 
250 7501 5.072130e-03 0 0 2.032787e-04 4.068442e-04 1.031845e-03 2.792497e-04 4.537545e-04 2.595421e-04 1.405652e-03 3.792871e-04 1.526949e-05 
251 7531 4.460491e-03 0 0 1.745475e-04 3.521014e-04 9.135631e-04 2.438729e-04 4.005424e-04 2.282475e-04 1.241269e-03 3.361012e-04 1.311363e-05 
252 7561 4.476352e-03 0 0 1.742767e-04 3.467760e-04 9.251894e-04 2.373688e-04 3.958729e-04 2.372672e-04 1.209710e-03 3.505311e-04 1.303684e-05 
253 7591 4.275251e-03 0 0 1.673400e-04 3.443472e-04 9.413481e-04 2.349392e-04 4.076538e-04 2.305515e-04 1.146242e-03 3.478744e-04 1.218039e-05 
254 7621 4.883960e-03 0 0 1.901622e-04 4.269979e-04 1.050703e-03 2.775856e-04 4.512150e-04 2.575742e-04 1.265714e-03 3.994207e-04 1.332566e-05 
255 7651 5.351677e-03 0 0 2.059848e-04 4.615538e-04 1.147264e-03 2.936228e-04 4.953548e-04 2.980548e-04 1.404956e-03 4.295563e-04 1.436377e-05 
256 7681 5.353684e-03 0 0 2.081164e-04 4.442828e-04 1.150645e-03 2.803233e-04 5.116655e-04 2.851903e-04 1.355422e-03 4.222445e-04 1.388597e-05 
257 7711 5.599341e-03 0 0 2.294012e-04 4.632233e-04 1.173626e-03 2.966981e-04 5.333545e-04 2.890806e-04 1.371529e-03 4.649491e-04 1.452838e-05 
258 7741 5.550791e-03 0 0 2.396269e-04 4.525864e-04 1.194487e-03 2.882983e-04 5.615900e-04 2.802510e-04 1.317386e-03 4.564295e-04 1.439750e-05 
259 7771 5.522557e-03 0 0 2.330991e-04 4.504072e-04 1.146056e-03 2.861678e-04 5.357608e-04 2.698895e-04 1.355613e-03 4.517841e-04 1.419092e-05 
260 7801 5.182981e-03 0 0 2.159865e-04 4.199715e-04 1.043799e-03 2.684182e-04 4.913333e-04 2.506478e-04 1.316319e-03 4.285439e-04 1.298244e-05 
261 7831 5.103529e-03 0 0 2.110936e-04 4.185038e-04 1.020191e-03 2.672911e-04 4.753581e-04 2.547853e-04 1.315284e-03 4.218499e-04 1.242745e-05 
262 7861 5.294549e-03 0 0 2.141603e-04 4.504732e-04 1.027087e-03 2.820250e-04 4.755341e-04 2.715992e-04 1.366999e-03 4.366587e-04 1.247847e-05 
263 7891 5.005542e-03 0 0 1.979203e-04 4.217389e-04 9.460179e-04 2.665288e-04 4.476882e-04 2.508193e-04 1.317773e-03 4.006852e-04 1.279659e-05 
264 7921 5.043373e-03 0 0 1.914140e-04 4.198544e-04 9.158232e-04 2.582882e-04 4.365906e-04 2.448317e-04 1.309479e-03 3.995569e-04 1.246702e-05 
265 7951 4.745150e-03 0 0 1.822154e-04 3.999223e-04 8.530548e-04 2.478071e-04 4.062924e-04 2.270084e-04 1.222800e-03 3.960922e-04 1.164633e-05 
266 7981 4.757706e-03 0 0 1.774742e-04 3.868461e-04 8.591919e-04 2.427129e-04 4.009110e-04 2.328035e-04 1.212235e-03 3.964689e-04 1.156929e-05 
267 8011 4.271262e-03 0 0 1.618461e-04 3.363621e-04 8.070337e-04 2.123561e-04 3.723063e-04 2.107640e-04 1.085210e-03 3.535059e-04 1.018338e-05 
268 8041 4.601153e-03 0 0 1.773681e-04 3.501368e-04 8.429128e-04 2.264180e-04 4.104053e-04 2.249024e-04 1.156092e-03 3.854115e-04 1.115262e-05 
269 8071 4.986193e-03 0 0 1.917204e-04 3.842927e-04 8.966655e-04 2.492699e-04 4.549303e-04 2.376308e-04 1.284356e-03 4.166703e-04 1.226581e-05 
270 8101 4.834172e-03 0 0 1.860544e-04 3.622152e-04 8.649132e-04 2.363260e-04 4.341544e-04 2.304292e-04 1.223820e-03 4.029260e-04 1.173676e-05 
271 8131 4.725241e-03 0 0 1.817936e-04 3.648236e-04 8.257965e-04 2.416263e-04 4.206108e-04 2.268977e-04 1.170646e-03 4.059371e-04 1.103068e-05 
272 8161 4.537257e-03 0 0 1.724834e-04 3.541002e-04 7.859148e-04 2.436806e-04 3.967734e-04 2.148473e-04 1.111083e-03 3.954880e-04 1.053966e-05 
273 8191 4.619760e-03 0 0 1.818087e-04 3.579871e-04 7.869383e-04 2.558228e-04 4.079846e-04 2.148636e-04 1.188461e-03 3.956930e-04 1.033240e-05 
274 8221 5.111930e-03 0 0 2.007503e-04 3.941048e-04 8.565515e-04 2.900929e-04 4.461241e-04 2.384787e-04 1.316111e-03 4.489244e-04 1.120701e-05 
275 8251 4.889117e-03 0 0 1.858122e-04 3.756030e-04 8.023965e-04 2.842167e-04 4.091862e-04 2.199586e-04 1.353053e-03 4.218822e-04 1.035717e-05 
276 8281 4.971530e-03 0 0 1.880390e-04 3.774400e-04 8.178994e-04 2.906519e-04 4.064217e-04 2.209283e-04 1.392334e-03 4.313829e-04 1.105005e-05 
277 8311 5.437905e-03 0 0 2.048831e-04 4.221828e-04 8.722000e-04 3.136871e-04 4.338344e-04 2.316864e-04 1.532155e-03 4.643263e-04 1.214681e-05 
278 8341 5.693109e-03 0 0 2.063800e-04 4.433724e-04 8.984366e-04 3.257289e-04 4.340533e-04 2.487598e-04 1.564412e-03 4.682187e-04 1.284284e-05 
279 8371 5.574658e-03 0 0 2.007112e-04 4.394374e-04 8.628806e-04 3.138101e-04 4.235303e-04 2.380447e-04 1.529784e-03 4.443575e-04 1.230458e-05 
280 8401 5.487533e-03 0 0 2.044955e-04 4.384022e-04 8.348383e-04 3.139436e-04 4.129620e-04 2.247301e-04 1.455009e-03 4.598192e-04 1.164844e-05 
281 8431 5.846962e-03 0 0 2.199775e-04 4.721089e-04 8.587404e-04 3.367846e-04 4.301066e-04 2.405651e-04 1.573797e-03 4.828465e-04 1.245432e-05 
282 8461 6.679581e-03 0 0 2.487753e-04 5.664958e-04 9.877374e-04 3.988114e-04 4.864993e-04 2.821476e-04 1.757095e-03 5.809145e-04 1.390377e-05 
283 8491 6.215262e-03 0 0 2.446632e-04 5.683234e-04 9.850455e-04 3.809305e-04 4.787243e-04 2.572617e-04 1.578846e-03 5.723348e-04 1.271309e-05 
284 8521 6.256944e-03 0 0 2.393615e-04 5.610629e-04 9.830558e-04 3.858228e-04 4.711194e-04 2.620765e-04 1.643765e-03 5.722419e-04 1.361439e-05 
285 8551 5.969029e-03 0 0 2.250605e-04 5.268096e-04 9.017497e-04 3.609740e-04 4.370434e-04 2.406879e-04 1.527041e-03 5.345165e-04 1.254034e-05 
286 8581 5.414029e-03 0 0 2.088653e-04 4.601713e-04 7.961096e-04 3.172147e-04 3.911914e-04 2.104085e-04 1.416371e-03 4.771284e-04 1.085496e-05 
287 8611 4.821781e-03 0 0 1.833188e-04 4.325099e-04 6.886332e-04 2.977328e-04 3.384784e-04 1.899978e-04 1.282093e-03 4.477020e-04 9.236202e-06 
288 8641 5.381414e-03 0 0 2.007932e-04 4.929106e-04 7.421528e-04 3.342361e-04 3.703113e-04 2.052378e-04 1.429840e-03 5.066317e-04 1.047931e-05 
289 8671 6.310066e-03 0 0 2.305092e-04 5.567728e-04 8.326733e-04 3.848342e-04 4.214612e-04 2.363857e-04 1.694359e-03 5.815144e-04 1.227164e-05 
290 8701 6.762820e-03 0 0 2.467856e-04 5.988262e-04 8.820254e-04 4.097272e-04 4.527770e-04 2.457416e-04 1.790270e-03 6.332809e-04 1.265605e-05 
291 8731 5.992693e-03 0 0 2.194442e-04 5.150854e-04 7.754146e-04 3.525463e-04 4.071199e-04 2.151392e-04 1.535220e-03 5.501316e-04 1.149014e-05 
292 8761 5.637024e-03 0 0 2.046934e-04 4.774761e-04 7.277096e-04 3.203400e-04 3.934041e-04 1.945065e-04 1.399129e-03 5.006861e-04 1.039397e-05 
293 8791 5.602997e-03 0 0 2.088593e-04 4.708904e-04 7.179738e-04 3.213170e-04 4.171941e-04 1.875516e-04 1.443999e-03 4.929842e-04 9.931980e-06 
294 8821 5.964164e-03 0 0 2.211472e-04 5.134256e-04 7.473313e-04 3.445721e-04 4.471401e-04 1.971580e-04 1.610315e-03 5.236104e-04 1.044668e-05 
295 8851 7.297840e-03 0 0 2.734100e-04 6.683825e-04 9.441041e-04 4.366354e-04 5.667536e-04 2.443901e-04 1.982025e-03 6.650678e-04 1.382994e-05 
296 8881 9.205152e-03 0 0 3.400639e-04 8.429990e-04 1.177046e-03 5.484303e-04 7.031968e-04 3.033111e-04 2.478311e-03 8.387667e-04 1.852829e-05 
297 8911 8.613646e-03 0 0 3.061047e-04 7.675875e-04 1.097566e-03 4.961762e-04 6.420333e-04 2.803754e-04 2.274578e-03 7.634549e-04 1.750046e-05 
298 8941 7.675674e-03 0 0 2.682091e-04 6.723766e-04 9.422272e-04 4.329203e-04 5.547210e-04 2.492627e-04 1.991539e-03 6.673939e-04 1.491518e-05 
299 8971 7.165518e-03 0 0 2.468960e-04 6.285486e-04 8.765245e-04 4.106870e-04 5.157092e-04 2.315171e-04 1.881082e-03 6.296376e-04 1.353119e-05 
300 9001 7.283444e-03 0 0 2.461084e-04 6.147270e-04 8.716148e-04 4.094337e-04 5.110421e-04 2.311866e-04 1.848885e-03 6.359087e-04 1.438986e-05 
301 9031 6.817576e-03 0 0 2.226191e-04 5.643801e-04 8.150861e-04 3.812650e-04 4.727461e-04 2.075389e-04 1.680456e-03 5.934032e-04 1.320530e-05 
302 9061 6.578076e-03 0 0 2.048461e-04 5.285238e-04 8.043279e-04 3.592568e-04 4.415206e-04 1.943438e-04 1.629851e-03 5.654126e-04 1.358163e-05 
303 9091 6.115210e-03 0 0 1.894611e-04 4.689978e-04 7.349771e-04 3.223049e-04 4.075377e-04 1.753203e-04 1.478563e-03 5.069162e-04 1.243821e-05 
304 9121 5.841582e-03 0 0 1.769095e-04 4.292711e-04 6.985100e-04 2.948727e-04 3.980313e-04 1.630447e-04 1.454686e-03 4.627364e-04 1.164669e-05 
305 9151 5.707015e-03 0 0 1.691003e-04 4.146775e-04 6.939968e-04 2.859517e-04 3.948960e-04 1.508853e-04 1.404996e-03 4.418559e-04 1.135867e-05 
306 9181 5.418258e-03 0 0 1.583704e-04 3.993639e-04 6.588304e-04 2.711341e-04 3.659201e-04 1.404067e-04 1.319910e-03 4.185054e-04 1.059193e-05 
307 9211 5.214044e-03 0 0 1.503517e-04 3.722540e-04 6.376197e-04 2.562396e-04 3.523958e-04 1.312372e-04 1.283856e-03 3.862697e-04 9.846176e-06 
308 9241 4.853218e-03 0 0 1.344051e-04 3.325133e-04 5.966442e-04 2.318213e-04 3.202282e-04 1.224077e-04 1.188698e-03 3.470155e-04 9.175797e-06 
309 9271 4.954757e-03 0 0 1.345742e-04 3.247589e-04 6.008782e-04 2.268008e-04 3.189250e-04 1.204256e-04 1.168005e-03 3.410421e-04 9.179412e-06 
310 9301 5.072769e-03 0 0 1.388295e-04 3.296457e-04 6.001459e-04 2.350230e-04 3.265566e-04 1.213954e-04 1.260503e-03 3.467013e-04 9.235856e-06 
311 9331 5.062308e-03 0 0 1.397868e-04 3.176708e-04 5.926755e-04 2.268016e-04 3.215984e-04 1.244432e-04 1.262337e-03 3.544470e-04 9.157542e-06 
312 9361 5.075575e-03 0 0 1.383890e-04 3.066621e-04 6.081058e-04 2.217088e-04 3.256790e-04 1.293560e-04 1.225387e-03 3.440950e-04 9.184066e-06 
313 9391 4.959266e-03 0 0 1.325428e-04 3.014680e-04 5.839725e-04 2.111610e-04 3.054760e-04 1.238194e-04 1.175520e-03 3.258484e-04 9.070447e-06 
314 9421 4.150647e-03 0 0 1.168342e-04 2.438873e-04 4.837167e-04 1.783361e-04 2.608017e-04 1.035660e-04 9.772784e-04 2.764736e-04 7.708683e-06 
315 9451 3.831283e-03 0 0 1.085396e-04 2.134625e-04 4.363709e-04 1.585047e-04 2.397379e-04 9.313422e-05 8.974693e-04 2.493310e-04 6.802378e-06 
316 9481 3.844563e-03 0 0 1.079741e-04 2.150329e-04 4.270161e-04 1.583335e-04 2.332641e-04 9.840119e-05 9.132631e-04 2.551172e-04 6.908749e-06 
317 9511 3.910151e-03 0 0 1.070572e-04 2.160810e-04 4.394401e-04 1.570934e-04 2.397193e-04 1.007506e-04 9.342589e-04 2.588353e-04 7.127242e-06 
318 9541 3.618859e-03 0 0 9.652407e-05 2.084464e-04 3.939000e-04 1.502848e-04 2.133378e-04 9.288424e-05 8.485856e-04 2.501974e-04 6.729265e-06 
319 9571 3.446537e-03 0 0 9.165575e-05 2.072943e-04 3.742112e-04 1.502633e-04 1.979136e-04 8.992491e-05 7.918188e-04 2.519585e-04 6.418916e-06 
320 9601 3.288277e-03 0 0 8.658322e-05 1.996606e-04 3.479794e-04 1.459372e-04 1.828306e-04 8.606695e-05 7.521802e-04 2.399066e-04 6.055431e-06 
321 9631 3.206435e-03 0 0 8.650671e-05 1.901978e-04 3.473401e-04 1.396856e-04 1.843971e-04 8.419116e-05 7.415895e-04 2.376235e-04 5.891378e-06 
322 9661 3.185616e-03 0 0 8.377652e-05 1.847926e-04 3.365995e-04 1.375520e-04 1.749416e-04 8.631658e-05 7.121577e-04 2.361905e-04 5.922748e-06 
323 9691 3.157868e-03 0 0 8.393333e-05 1.890771e-04 3.208605e-04 1.388661e-04 1.700271e-04 8.531229e-05 7.082434e-04 2.338643e-04 5.813692e-06 
324 9721 3.043362e-03 0 0 7.909624e-05 1.749703e-04 3.012795e-04 1.308739e-04 1.598846e-04 8.088313e-05 6.872418e-04 2.233712e-04 5.470503e-06 
325 9751 3.034154e-03 0 0 7.960108e-05 1.721230e-04 2.989207e-04 1.277576e-04 1.553751e-04 8.248297e-05 6.786781e-04 2.233037e-04 5.451494e-06 
326 9781 2.849989e-03 0 0 7.742735e-05 1.593761e-04 3.065923e-04 1.225817e-04 1.618411e-04 7.656555e-05 6.481501e-04 2.117491e-04 4.922189e-06 
327 9811 2.989135e-03 0 0 8.150679e-05 1.699998e-04 3.364617e-04 1.302138e-04 1.664450e-04 8.180777e-05 6.740055e-04 2.247190e-04 5.115843e-06 
328 9841 2.658839e-03 0 0 6.988919e-05 1.475285e-04 2.879102e-04 1.107431e-04 1.433561e-04 6.925693e-05 5.829659e-04 1.913134e-04 4.618148e-06 
329 9871 2.585675e-03 0 0 6.868542e-05 1.485896e-04 2.712716e-04 1.098816e-04 1.323572e-04 7.357763e-05 5.570686e-04 2.004202e-04 4.552272e-06 
330 9901 2.421022e-03 0 0 6.260563e-05 1.372271e-04 2.521972e-04 1.012231e-04 1.209860e-04 6.843345e-05 5.199042e-04 1.917267e-04 4.311711e-06 
331 9931 2.506576e-03 0 0 6.596754e-05 1.415474e-04 2.577741e-04 1.050660e-04 1.228188e-04 6.996400e-05 5.370586e-04 2.002077e-04 4.253501e-06 
332 9961 2.265012e-03 0 0 5.749755e-05 1.237795e-04 2.257681e-04 9.178714e-05 1.075799e-04 6.056817e-05 4.755781e-04 1.746250e-04 3.696879e-06 
333 9991 2.145503e-03 0 0 5.519162e-05 1.129074e-04 2.149676e-04 8.481337e-05 1.010112e-04 5.885497e-05 4.469466e-04 1.673187e-04 3.485619e-06 
334 10021 1.982328e-03 0 0 4.861152e-05 9.903941e-05 1.946763e-04 7.507990e-05 8.923280e-05 5.298656e-05 4.091639e-04 1.485988e-04 3.215337e-06 
335 10051 2.249336e-03 0 0 5.519790e-05 1.100488e-04 2.144453e-04 8.200593e-05 1.010378e-04 5.958649e-05 4.547778e-04 1.704785e-04 3.885686e-06 
336 10081 2.269118e-03 0 0 5.585879e-05 1.112607e-04 2.188250e-04 8.072212e-05 9.979302e-05 6.001435e-05 4.503308e-04 1.799708e-04 3.867871e-06 
337 10111 2.292735e-03 0 0 6.149134e-05 1.114454e-04 2.210507e-04 8.296573e-05 9.935707e-05 6.210626e-05 4.444102e-04 1.913231e-04 3.996760e-06 
338 10141 2.411898e-03 0 0 6.663337e-05 1.190118e-04 2.269513e-04 8.625211e-05 1.045197e-04 6.303636e-05 4.655430e-04 2.089273e-04 4.181534e-06 
339 10171 2.449367e-03 0 0 6.797304e-05 1.280801e-04 2.307407e-04 9.000642e-05 1.029425e-04 6.192863e-05 4.921331e-04 2.102774e-04 4.256330e-06 
340 10201 2.802972e-03 0 0 7.516635e-05 1.432186e-04 2.767478e-04 1.023363e-04 1.187024e-04 7.437084e-05 5.910916e-04 2.372874e-04 5.033541e-06 
341 10231 2.940855e-03 0 0 8.095336e-05 1.516634e-04 2.934312e-04 1.051970e-04 1.295828e-04 7.833549e-05 6.232578e-04 2.485265e-04 5.628676e-06 
342 10261 3.256443e-03 0 0 1.005160e-04 1.684477e-04 3.174929e-04 1.218664e-04 1.445318e-04 8.911020e-05 6.760937e-04 3.062910e-04 6.469928e-06 
343 10291 3.259326e-03 0 0 1.025368e-04 1.824898e-04 3.155078e-04 1.285111e-04 1.438244e-04 8.986909e-05 6.898888e-04 3.196796e-04 6.332269e-06 
344 10321 2.786957e-03 0 0 8.612819e-05 1.597647e-04 2.597675e-04 1.097920e-04 1.200603e-04 7.594480e-05 5.760015e-04 2.742965e-04 5.463053e-06 
345 10351 2.416899e-03 0 0 7.346935e-05 1.345705e-04 2.213830e-04 9.212780e-05 1.008273e-04 6.389491e-05 5.076477e-04 2.347040e-04 4.782905e-06 
346 10381 2.195235e-03 0 0 6.368927e-05 1.212934e-04 2.125479e-04 8.415294e-05 9.185941e-05 5.649003e-05 4.515725e-04 2.090720e-04 4.182944e-06 
347 10411 2.219652e-03 0 0 6.542566e-05 1.212811e-04 2.089122e-04 8.274302e-05 8.981933e-05 5.776703e-05 4.578247e-04 2.119863e-04 4.035428e-06 
348 10441 2.247408e-03 0 0 6.734512e-05 1.246701e-04 2.062235e-04 8.693044e-05 8.769754e-05 6.351578e-05 4.697938e-04 2.221842e-04 4.130997e-06 
349 10471 2.041915e-03 0 0 5.888855e-05 1.089675e-04 1.907665e-04 7.703781e-05 7.841868e-05 5.737779e-05 4.191249e-04 2.003705e-04 3.908439e-06 
350 10501 2.093890e-03 0 0 5.908738e-05 1.090367e-04 2.004937e-04 7.672774e-05 8.045126e-05 5.614089e-05 4.274491e-04 1.983032e-04 4.092328e-06 
351 10531 2.149810e-03 0 0 6.302207e-05 1.109304e-04 2.092726e-04 7.891017e-05 8.042446e-05 6.169679e-05 4.256446e-04 2.097072e-04 4.261879e-06 
352 10561 2.220918e-03 0 0 6.661786e-05 1.198169e-04 2.096822e-04 8.384178e-05 8.048235e-05 6.278285e-05 4.364363e-04 2.266751e-04 4.242060e-06 
353 10591 2.227644e-03 0 0 6.670328e-05 1.227347e-04 2.099679e-04 8.631435e-05 7.741257e-05 6.259279e-05 4.352137e-04 2.259478e-04 4.168655e-06 
354 10621 2.146096e-03 0 0 6.522410e-05 1.155849e-04 2.030324e-04 8.173400e-05 7.765723e-05 5.827035e-05 4.013779e-04 2.132909e-04 3.854148e-06 
355 10651 2.000917e-03 0 0 6.169778e-05 1.055438e-04 1.963904e-04 7.529071e-05 7.158985e-05 5.575941e-05 3.620081e-04 2.021370e-04 3.490296e-06 
356 10681 1.941826e-03 0 0 6.134634e-05 1.043008e-04 1.942246e-04 7.279367e-05 7.070039e-05 5.541802e-05 3.574724e-04 2.003275e-04 3.416621e-06 
357 10711 2.114848e-03 0 0 6.784296e-05 1.120027e-04 2.215047e-04 7.865808e-05 7.685109e-05 6.033485e-05 3.848604e-04 2.235138e-04 3.645728e-06 
358 10741 2.356724e-03 0 0 7.533080e-05 1.254029e-04 2.470734e-04 8.651963e-05 8.821973e-05 6.859227e-05 4.326869e-04 2.564226e-04 4.438336e-06 
359 10771 2.288853e-03 0 0 7.489376e-05 1.233071e-04 2.448938e-04 8.403812e-05 8.629000e-05 7.048866e-05 4.238867e-04 2.573630e-04 4.431668e-06 
360 10801 1.884149e-03 0 0 6.288046e-05 1.034955e-04 1.999289e-04 6.929474e-05 6.924712e-05 5.845991e-05 3.516396e-04 2.162718e-04 3.598110e-06 
361 10831 1.820722e-03 0 0 5.828219e-05 9.767136e-05 1.870628e-04 6.534118e-05 6.584199e-05 5.423727e-05 3.287939e-04 2.034015e-04 3.444700e-06 
362 10861 1.703349e-03 0 0 5.398349e-05 9.632733e-05 1.809422e-04 6.339500e-05 6.181038e-05 5.317160e-05 3.003335e-04 1.922485e-04 3.148831e-06 
363 10891 1.743068e-03 0 0 5.446406e-05 9.739604e-05 1.840392e-04 6.334504e-05 6.137082e-05 5.290881e-05 2.958682e-04 1.910771e-04 3.178355e-06 
364 10921 1.713808e-03 0 0 5.271208e-05 9.673445e-05 1.825131e-04 6.076599e-05 6.154125e-05 4.993984e-05 2.836974e-04 1.814804e-04 3.091528e-06 
365 10951 1.601337e-03 0 0 4.896884e-05 9.063335e-05 1.699144e-04 5.553500e-05 5.621573e-05 4.783821e-05 2.631165e-04 1.690699e-04 2.948533e-06 
366 10981 1.508301e-03 0 0 4.498521e-05 8.359693e-05 1.566142e-04 5.177942e-05 5.347231e-05 4.333883e-05 2.478495e-04 1.533684e-04 2.802164e-06 
367 11011 1.719777e-03 0 0 5.393747e-05 9.465686e-05 1.769002e-04 5.975950e-05 6.841261e-05 4.967633e-05 2.931449e-04 1.763837e-04 3.354590e-06 
368 11041 1.709539e-03 0 0 5.302011e-05 9.485057e-05 1.709164e-04 6.011826e-05 6.751583e-05 4.920426e-05 3.020437e-04 1.790603e-04 3.507130e-06 
369 11071 1.763956e-03 0 0 5.468401e-05 9.432695e-05 1.708956e-04 5.991299e-05 6.957699e-05 5.039223e-05 3.225619e-04 1.843463e-04 3.701770e-06 
370 11101 1.890904e-03 0 0 5.902533e-05 1.024086e-04 1.855930e-04 6.403395e-05 7.599929e-05 5.414259e-05 3.450330e-04 1.939522e-04 3.847681e-06 
371 11131 1.828006e-03 0 0 5.663868e-05 9.977252e-05 1.770591e-04 6.154069e-05 7.200587e-05 5.183219e-05 3.363605e-04 1.870903e-04 3.630122e-06 
372 11161 1.852958e-03 0 0 5.729679e-05 1.005725e-04 1.855855e-04 6.173440e-05 7.277604e-05 5.116617e-05 3.544980e-04 1.888279e-04 3.664305e-06 
373 11191 1.786945e-03 0 0 5.425881e-05 9.559163e-05 1.764133e-04 5.756781e-05 7.091694e-05 4.746935e-05 3.440648e-04 1.766541e-04 3.570463e-06 
374 11221 1.980889e-03 0 0 6.245191e-05 1.092765e-04 2.025700e-04 6.835769e-05 8.385463e-05 5.505083e-05 3.900914e-04 2.099438e-04 4.251616e-06 
375 11251 2.257465e-03 0 0 7.057985e-05 1.214582e-04 2.662858e-04 7.844325e-05 1.025948e-04 6.813426e-05 4.347644e-04 2.456777e-04 5.004252e-06 
376 11281 2.882339e-03 0 0 9.068375e-05 1.498003e-04 3.646757e-04 9.833116e-05 1.382523e-04 9.022328e-05 5.541087e-04 3.191264e-04 6.519010e-06 
377 11311 2.811037e-03 0 0 8.584438e-05 1.468355e-04 3.452154e-04 9.380410e-05 1.308773e-04 8.663674e-05 5.373045e-04 3.035580e-04 6.159629e-06 
378 11341 2.692066e-03 0 0 8.379406e-05 1.364563e-04 3.263763e-04 8.947118e-05 1.251082e-04 8.290471e-05 5.328522e-04 2.897198e-04 5.916203e-06 
379 11371 2.567767e-03 0 0 7.698568e-05 1.230384e-04 3.128357e-04 8.090365e-05 1.173806e-04 7.826373e-05 5.032867e-04 2.674215e-04 5.697805e-06 
380 11401 2.357595e-03 0 0 7.022224e-05 1.142970e-04 2.891251e-04 7.425001e-05 1.076018e-04 7.177518e-05 4.516895e-04 2.451685e-04 5.149289e-06 
381 11431 2.618998e-03 0 0 8.119087e-05 1.399123e-04 3.216302e-04 9.064661e-05 1.200603e-04 8.273865e-05 4.918014e-04 2.920325e-04 5.872628e-06 
382 11461 2.917921e-03 0 0 9.343488e-05 1.612681e-04 3.751473e-04 1.071486e-04 1.328281e-04 9.959038e-05 5.300644e-04 3.440340e-04 6.675700e-06 
383 11491 2.924428e-03 0 0 9.358727e-05 1.638780e-04 3.689774e-04 1.086171e-04 1.317708e-04 1.012229e-04 5.502310e-04 3.503081e-04 6.982639e-06 
384 11521 2.959649e-03 0 0 9.236170e-05 1.588485e-04 4.112596e-04 1.060975e-04 1.408696e-04 1.025815e-04 5.406221e-04 3.435251e-04 7.130703e-06 
385 11551 3.003096e-03 0 0 9.232850e-05 1.613861e-04 4.063194e-04 1.094337e-04 1.380912e-04 1.035360e-04 5.437077e-04 3.446944e-04 7.158584e-06 
386 11581 3.218323e-03 0 0 1.000189e-04 1.830947e-04 4.271368e-04 1.204943e-04 1.446731e-04 1.083256e-04 5.882390e-04 3.771156e-04 7.510254e-06 
387 11611 3.576019e-03 0 0 1.081354e-04 2.055513e-04 4.783114e-04 1.332722e-04 1.606257e-04 1.182933e-04 6.573845e-04 4.077664e-04 8.310306e-06 
388 11641 3.985094e-03 0 0 1.162580e-04 2.322641e-04 5.201768e-04 1.458711e-04 1.736075e-04 1.281261e-04 7.148505e-04 4.448880e-04 9.208951e-06 
389 11671 4.004872e-03 0 0 1.165841e-04 2.368656e-04 5.066134e-04 1.483125e-04 1.673466e-04 1.252701e-04 7.125797e-04 4.384848e-04 9.058746e-06 
390 11701 4.497295e-03 0 0 1.267918e-04 2.558757e-04 5.499202e-04 1.615803e-04 1.871616e-04 1.343204e-04 7.799271e-04 4.699081e-04 9.933970e-06 
391 11731 4.659464e-03 0 0 1.294847e-04 2.637969e-04 5.805338e-04 1.684223e-04 1.918387e-04 1.406249e-04 8.313025e-04 4.869211e-04 1.011550e-05 
392 11761 4.289915e-03 0 0 1.188174e-04 2.380018e-04 5.205875e-04 1.553613e-04 1.745415e-04 1.282125e-04 7.620644e-04 4.367387e-04 9.082930e-06 
393 11791 4.492786e-03 0 0 1.255479e-04 2.463096e-04 5.254040e-04 1.591219e-04 1.777265e-04 1.301679e-04 8.077377e-04 4.504697e-04 9.496819e-06 
394 11821 4.547152e-03 0 0 1.252323e-04 2.380321e-04 5.453047e-04 1.539059e-04 1.845682e-04 1.310595e-04 8.120081e-04 4.429857e-04 9.452200e-06 
395 11851 3.776607e-03 0 0 1.001586e-04 1.983152e-04 4.463754e-04 1.243624e-04 1.502900e-04 1.060277e-04 6.777561e-04 3.572793e-04 7.657606e-06 
396 11881 3.641538e-03 0 0 9.494523e-05 2.034364e-04 4.246111e-04 1.232672e-04 1.403010e-04 1.005666e-04 6.533773e-04 3.383752e-04 7.287020e-06 
397 11911 3.377521e-03 0 0 8.635180e-05 1.872963e-04 3.797165e-04 1.103187e-04 1.277171e-04 9.262158e-05 5.928191e-04 3.100593e-04 6.792005e-06 
398 11941 3.753732e-03 0 0 1.026944e-04 2.178022e-04 4.095849e-04 1.282739e-04 1.405426e-04 1.111020e-04 6.637028e-04 3.868400e-04 8.319339e-06 
399 11971 3.380997e-03 0 0 8.938813e-05 1.958256e-04 3.707359e-04 1.146331e-04 1.225616e-04 9.866445e-05 5.830949e-04 3.422067e-04 7.467199e-06 
400 12001 3.275486e-03 0 0 8.684932e-05 1.904998e-04 3.636739e-04 1.087869e-04 1.192214e-04 9.663479e-05 5.687775e-04 3.333596e-04 7.155074e-06 
401 12031 3.031510e-03 0 0 8.162503e-05 1.732883e-04 3.328940e-04 9.856198e-05 1.110557e-04 9.120116e-05 5.112863e-04 3.118335e-04 6.597867e-06 
402 12061 3.111913e-03 0 0 8.419558e-05 1.739128e-04 3.542329e-04 1.012100e-04 1.138244e-04 9.557863e-05 5.022771e-04 3.258634e-04 6.633572e-06 
403 12091 3.002894e-03 0 0 8.046121e-05 1.644853e-04 3.431701e-04 9.496193e-05 1.093743e-04 9.239140e-05 4.886223e-04 3.119874e-04 6.373903e-06 
404 12121 3.102339e-03 0 0 8.341668e-05 1.773249e-04 3.523974e-04 1.043418e-04 1.133120e-04 9.663946e-05 5.110005e-04 3.237061e-04 6.608364e-06 
405 12151 2.857743e-03 0 0 7.555328e-05 1.633818e-04 3.175875e-04 9.563159e-05 1.036691e-04 8.910467e-05 4.572526e-04 3.000444e-04 6.091328e-06 
406 12181 2.954467e-03 0 0 8.340983e-05 1.702708e-04 3.352111e-04 1.000247e-04 1.046586e-04 9.573324e-05 5.074449e-04 3.226640e-04 6.459122e-06 
407 12211 2.893541e-03 0 0 7.926664e-05 1.640452e-04 3.249307e-04 9.761006e-05 9.975692e-05 9.154028e-05 5.231522e-04 3.063456e-04 6.264158e-06 
408 12241 2.634223e-03 0 0 7.194093e-05 1.453218e-04 2.896280e-04 8.771420e-05 9.153340e-05 8.362097e-05 4.819677e-04 2.744408e-04 5.800389e-06 
409 12271 2.767834e-03 0 0 7.364221e-05 1.491679e-04 2.963460e-04 9.064930e-05 9.557266e-05 8.558082e-05 4.949220e-04 2.823187e-04 5.944833e-06 
410 12301 2.922848e-03 0 0 7.662708e-05 1.515416e-04 3.142556e-04 9.184278e-05 1.048908e-04 8.865462e-05 5.289340e-04 2.932533e-04 6.304823e-06 
411 12331 2.779145e-03 0 0 7.207316e-05 1.559055e-04 2.927022e-04 9.035683e-05 9.963725e-05 8.396812e-05 4.906215e-04 2.814924e-04 5.921578e-06 
412 12361 2.663677e-03 0 0 6.753186e-05 1.433297e-04 2.905930e-04 8.378738e-05 9.862606e-05 8.145416e-05 4.511805e-04 2.667860e-04 5.634899e-06 
413 12391 2.821988e-03 0 0 7.129299e-05 1.596075e-04 3.059688e-04 9.328547e-05 1.041967e-04 8.746908e-05 4.756322e-04 2.861577e-04 5.882977e-06 
414 12421 2.512413e-03 0 0 6.222233e-05 1.404236e-04 2.662408e-04 8.112564e-05 9.000709e-05 7.759355e-05 4.176215e-04 2.523170e-04 5.370782e-06 
415 12451 2.514226e-03 0 0 6.183928e-05 1.394742e-04 2.612413e-04 8.577074e-05 8.801096e-05 7.747201e-05 4.280285e-04 2.540382e-04 5.257705e-06 
416 12481 2.719489e-03 0 0 6.664723e-05 1.551374e-04 2.862006e-04 9.656318e-05 1.059741e-04 8.820439e-05 4.918028e-04 2.929114e-04 6.101262e-06 
417 12511 2.719368e-03 0 0 6.690814e-05 1.572528e-04 2.879826e-04 9.824506e-05 1.039319e-04 8.960588e-05 4.788031e-04 2.977830e-04 6.214288e-06 
418 12541 2.498433e-03 0 0 6.225847e-05 1.401745e-04 2.590462e-04 8.798379e-05 9.567395e-05 8.205069e-05 4.489619e-04 2.722781e-04 5.706824e-06 
419 12571 2.544288e-03 0 0 6.205814e-05 1.546312e-04 2.667504e-04 9.221475e-05 9.938832e-05 8.512003e-05 4.443844e-04 2.845464e-04 5.866195e-06 
420 12601 2.687876e-03 0 0 6.453393e-05 1.598658e-04 2.763824e-04 9.825533e-05 1.045077e-04 8.741431e-05 4.742464e-04 2.944276e-04 6.037584e-06 
421 12631 3.316441e-03 0 0 7.942997e-05 2.046672e-04 3.352403e-04 1.219083e-04 1.298144e-04 1.081747e-04 5.820208e-04 3.646343e-04 7.648217e-06 
422 12661 3.482113e-03 0 0 8.304490e-05 2.177663e-04 3.465530e-04 1.278912e-04 1.359547e-04 1.148793e-04 6.088360e-04 3.887050e-04 8.020631e-06 
423 12691 3.648548e-03 0 0 8.660907e-05 2.288457e-04 3.616452e-04 1.341905e-04 1.470568e-04 1.184683e-04 6.655369e-04 4.012490e-04 8.408212e-06 
424 12721 3.594581e-03 0 0 8.661046e-05 2.240061e-04 3.522077e-04 1.325313e-04 1.457862e-04 1.150969e-04 6.360662e-04 3.944298e-04 8.152621e-06 
425 12751 3.598081e-03 0 0 8.819589e-05 2.196342e-04 3.521689e-04 1.305113e-04 1.432153e-04 1.144903e-04 6.662295e-04 3.945868e-04 8.083009e-06 
426 12781 3.548890e-03 0 0 8.435460e-05 2.186766e-04 3.447332e-04 1.300461e-04 1.403144e-04 1.122894e-04 6.500638e-04 3.838973e-04 7.805965e-06 
427 12811 3.359629e-03 0 0 7.833905e-05 2.064687e-04 3.188687e-04 1.218054e-04 1.344441e-04 1.033161e-04 6.180370e-04 3.540150e-04 7.255556e-06 
428 12841 3.444874e-03 0 0 7.894218e-05 2.139319e-04 3.279505e-04 1.265529e-04 1.387829e-04 1.063313e-04 6.482074e-04 3.605916e-04 7.511422e-06 
429 12871 3.587780e-03 0 0 8.261181e-05 2.417030e-04 3.400305e-04 1.408617e-04 1.440704e-04 1.122401e-04 6.780024e-04 3.853628e-04 7.834358e-06 
430 12901 3.374623e-03 0 0 7.594796e-05 2.275311e-04 3.140680e-04 1.306402e-04 1.374127e-04 1.026623e-04 6.315031e-04 3.539427e-04 7.142051e-06 
431 12931 3.106560e-03 0 0 7.402534e-05 2.164234e-04 2.961744e-04 1.238891e-04 1.255235e-04 9.829401e-05 5.711502e-04 3.387632e-04 6.624430e-06 
432 12961 2.810808e-03 0 0 6.375903e-05 1.901724e-04 2.677318e-04 1.066083e-04 1.157484e-04 8.748245e-05 5.084589e-04 2.962526e-04 5.937510e-06 
433 12991 2.639687e-03 0 0 5.776009e-05 1.752158e-04 2.431218e-04 9.605939e-05 1.091332e-04 7.889299e-05 4.704856e-04 2.670399e-04 5.419432e-06 
434 13021 2.522000e-03 0 0 5.510904e-05 1.647996e-04 2.310868e-04 9.027251e-05 1.027772e-04 7.417228e-05 4.395081e-04 2.486736e-04 5.093604e-06 
435 13051 2.372401e-03 0 0 5.197117e-05 1.575028e-04 2.149894e-04 8.509405e-05 9.523505e-05 7.072982e-05 4.111885e-04 2.390315e-04 4.904172e-06 
436 13081 2.306497e-03 0 0 4.843984e-05 1.481379e-04 2.018241e-04 8.047464e-05 9.122556e-05 6.584615e-05 3.888690e-04 2.219951e-04 4.606471e-06 
437 13111 2.286232e-03 0 0 4.676389e-05 1.454615e-04 2.015787e-04 7.947625e-05 8.940033e-05 6.476372e-05 3.789354e-04 2.171157e-04 4.534943e-06 
438 13141 2.211617e-03 0 0 4.344066e-05 1.425650e-04 1.956260e-04 7.802821e-05 8.369713e-05 6.151430e-05 3.745534e-04 2.035188e-04 4.215594e-06 
439 13171 2.383034e-03 0 0 4.697697e-05 1.514519e-04 2.301450e-04 8.317190e-05 9.515230e-05 6.938516e-05 3.917554e-04 2.234788e-04 4.621656e-06 
440 13201 2.137624e-03 0 0 4.145008e-05 1.342334e-04 1.992465e-04 7.279572e-05 8.377270e-05 6.096886e-05 3.466186e-04 2.008836e-04 4.151011e-06 
441 13231 2.202534e-03 0 0 4.201488e-05 1.372900e-04 2.023518e-04 7.237487e-05 8.997719e-05 6.291953e-05 3.864377e-04 2.076857e-04 4.305866e-06 
442 13261 2.244483e-03 0 0 4.161371e-05 1.338676e-04 2.013600e-04 7.096215e-05 8.845116e-05 6.156019e-05 3.800408e-04 2.031861e-04 4.287326e-06 
443 13291 2.114199e-03 0 0 4.053553e-05 1.266685e-04 1.883547e-04 6.667260e-05 7.982748e-05 5.869778e-05 3.425802e-04 1.917884e-04 3.992667e-06 
444 13321 1.894095e-03 0 0 3.709142e-05 1.133819e-04 1.684066e-04 6.115429e-05 6.987598e-05 5.288280e-05 3.094866e-04 1.721103e-04 3.564798e-06 
445 13351 1.777032e-03 0 0 3.495921e-05 1.047895e-04 1.560901e-04 5.689347e-05 6.476306e-05 4.908977e-05 2.870141e-04 1.604683e-04 3.293826e-06 
446 13381 1.545558e-03 0 0 2.970548e-05 9.215723e-05 1.328657e-04 4.965880e-05 5.663521e-05 4.116285e-05 2.496237e-04 1.349463e-04 2.769526e-06 
447 13411 1.587324e-03 0 0 3.007707e-05 9.514474e-05 1.384760e-04 4.988580e-05 5.629188e-05 4.150445e-05 2.499607e-04 1.362110e-04 2.823053e-06 
448 13441 1.624262e-03 0 0 2.987441e-05 9.506858e-05 1.403277e-04 5.061700e-05 5.740465e-05 4.152570e-05 2.535990e-04 1.360662e-04 2.833687e-06 
449 13471 1.517897e-03 0 0 2.716835e-05 9.039471e-05 1.292202e-04 4.796662e-05 5.305145e-05 3.784452e-05 2.326353e-04 1.242010e-04 2.641272e-06 
450 13501 1.499765e-03 0 0 2.766943e-05 9.892447e-05 1.247257e-04 5.366896e-05 5.278068e-05 3.734171e-05 2.474322e-04 1.236985e-04 2.541387e-06 
451 13531 1.545153e-03 0 0 2.811801e-05 1.026687e-04 1.282893e-04 5.459090e-05 5.498166e-05 3.786420e-05 2.497380e-04 1.258863e-04 2.591499e-06 
452 13561 1.322151e-03 0 0 2.409400e-05 8.850276e-05 1.098049e-04 4.723712e-05 4.625618e-05 3.219467e-05 2.120717e-04 1.074743e-04 2.187464e-06 
453 13591 1.262386e-03 0 0 2.290126e-05 8.234454e-05 1.016726e-04 4.385680e-05 4.257031e-05 3.035641e-05 1.964389e-04 1.019815e-04 2.097047e-06 
454 13621 1.322446e-03 0 0 2.355261e-05 8.395923e-05 1.110454e-04 4.532608e-05 4.624429e-05 3.224297e-05 2.065149e-04 1.052433e-04 2.224144e-06 
455 13651 1.199013e-03 0 0 2.097122e-05 7.615787e-05 1.013657e-04 4.055626e-05 4.299495e-05 2.938142e-05 1.940796e-04 9.485881e-05 2.088142e-06 
456 13681 1.050880e-03 0 0 1.851256e-05 6.408279e-05 8.596843e-05 3.421170e-05 3.631415e-05 2.523180e-05 1.636702e-04 8.068190e-05 1.786305e-06 
457 13711 1.061686e-03 0 0 1.830435e-05 6.422341e-05 8.347679e-05 3.440123e-05 3.505896e-05 2.475145e-05 1.633301e-04 7.983072e-05 1.747507e-06 
458 13741 9.719305e-04 0 0 1.634237e-05 5.751778e-05 7.533161e-05 3.055639e-05 3.244433e-05 2.210901e-05 1.473665e-04 7.043293e-05 1.602124e-06 
459 13771 8.403397e-04 0 0 1.370224e-05 4.947246e-05 6.256392e-05 2.598494e-05 2.725835e-05 1.821383e-05 1.279897e-04 5.826679e-05 1.340419e-06 
460 13801 7.491120e-04 0 0 1.195287e-05 4.223063e-05 5.547700e-05 2.245951e-05 2.387398e-05 1.642089e-05 1.119055e-04 5.160706e-05 1.187856e-06 
461 13831 6.864836e-04 0 0 1.137324e-05 4.023683e-05 5.123289e-05 2.154140e-05 2.273522e-05 1.533245e-05 1.046064e-04 4.898564e-05 1.109133e-06 
462 13861 6.217176e-04 0 0 1.035178e-05 3.574643e-05 4.700810e-05 1.942433e-05 2.062438e-05 1.395881e-05 9.444257e-05 4.411995e-05 9.974044e-07 
463 13891 5.848271e-04 0 0 1.005664e-05 3.413315e-05 4.223533e-05 1.841620e-05 1.948726e-05 1.246747e-05 8.607379e-05 4.002600e-05 8.912719e-07 
464 13921 5.859018e-04 0 0 9.889945e-06 3.465584e-05 4.154473e-05 1.828562e-05 1.957967e-05 1.213833e-05 8.609469e-05 3.893164e-05 9.127376e-07 
465 13951 5.363383e-04 0 0 9.060736e-06 3.142122e-05 3.826009e-05 1.633265e-05 1.806728e-05 1.102068e-05 7.773187e-05 3.524297e-05 8.429161e-07 
466 13981 5.498829e-04 0 0 1.008329e-05 3.465342e-05 3.934354e-05 1.854466e-05 1.868321e-05 1.172403e-05 8.120793e-05 3.812122e-05 8.949768e-07 
467 14011 5.098664e-04 0 0 8.961219e-06 3.222736e-05 3.549408e-05 1.710604e-05 1.680255e-05 1.040592e-05 7.451044e-05 3.366589e-05 8.006241e-07 
468 14041 5.156233e-04 0 0 9.125846e-06 3.314137e-05 3.536868e-05 1.699680e-05 1.690667e-05 1.067546e-05 7.662636e-05 3.466458e-05 8.620658e-07 
469 14071 5.194683e-04 0 0 8.899204e-06 3.274103e-05 3.441843e-05 1.655852e-05 1.693137e-05 1.049829e-05 7.551152e-05 3.422635e-05 8.578668e-07 
470 14101 5.280375e-04 0 0 8.966766e-06 3.529963e-05 3.486761e-05 1.743567e-05 1.706402e-05 1.086860e-05 7.639929e-05 3.577420e-05 9.139686e-07 
471 14131 4.962465e-04 0 0 8.432238e-06 3.460849e-05 3.205514e-05 1.698828e-05 1.609045e-05 1.015748e-05 7.366493e-05 3.354874e-05 8.546090e-07 
472 14161 5.257100e-04 0 0 9.286181e-06 3.547349e-05 3.323719e-05 1.750588e-05 1.648973e-05 1.094018e-05 7.549499e-05 3.673621e-05 9.056069e-07 
473 14191 5.268032e-04 0 0 9.383908e-06 3.469577e-05 3.310672e-05 1.736445e-05 1.652678e-05 1.095277e-05 7.567874e-05 3.623608e-05 8.925971e-07 
474 14221 7.238082e-04 0 0 1.315279e-05 4.668301e-05 4.486514e-05 2.314219e-05 2.269893e-05 1.513991e-05 1.047094e-04 4.944417e-05 1.254397e-06 
475 14251 8.359152e-04 0 0 1.511156e-05 5.589750e-05 5.101581e-05 2.747513e-05 2.606799e-05 1.767505e-05 1.310391e-04 5.782025e-05 1.513285e-06 
476 14281 8.080909e-04 0 0 1.408453e-05 5.553477e-05 5.090917e-05 2.714644e-05 2.616157e-05 1.692115e-05 1.285533e-04 5.531823e-05 1.443141e-06 
477 14311 7.359498e-04 0 0 1.244159e-05 5.052359e-05 4.677118e-05 2.447966e-05 2.433093e-05 1.517470e-05 1.173135e-04 4.912675e-05 1.291498e-06 
478 14341 6.727240e-04 0 0 1.220766e-05 4.704525e-05 4.395321e-05 2.352661e-05 2.228646e-05 1.469607e-05 1.074941e-04 4.773040e-05 1.208734e-06 
479 14371 6.031511e-04 0 0 1.064884e-05 4.214270e-05 3.840278e-05 2.110009e-05 1.936666e-05 1.291373e-05 9.315721e-05 4.202848e-05 1.041302e-06 
480 14401 5.534332e-04 0 0 9.414863e-06 3.811050e-05 3.451919e-05 1.909093e-05 1.750906e-05 1.148590e-05 8.182554e-05 3.769812e-05 9.086141e-07 
481 14431 4.764690e-04 0 0 8.100110e-06 3.234372e-05 3.016049e-05 1.603291e-05 1.472609e-05 9.975982e-06 6.887850e-05 3.197830e-05 7.935080e-07 
482 14461 4.472888e-04 0 0 7.303737e-06 2.945826e-05 2.802245e-05 1.454873e-05 1.353483e-05 9.134426e-06 6.289181e-05 2.902349e-05 7.330140e-07 
483 14491 4.640191e-04 0 0 7.520218e-06 3.238093e-05 2.864853e-05 1.597138e-05 1.384441e-05 9.381807e-06 6.467640e-05 3.048006e-05 7.405760e-07 
484 14521 5.192143e-04 0 0 8.433109e-06 3.567887e-05 3.163789e-05 1.738683e-05 1.527850e-05 1.025790e-05 7.016253e-05 3.304565e-05 8.141317e-07 
