%  columns=["iteration, evaluation, sigma, void, void, stds==sigma*sqrt(diag(C))" (startseed=209898, 2015/08/17 10:9:39.99)
1 31 1.595454e+00 0 0 1.598591e+00 4.219587e-01 7.613246e-01 5.542804e-01 4.027823e-01 1.559968e+00 5.014474e-01 4.901766e-01 3.197985e-01 
2 61 1.764847e+00 0 0 1.687978e+00 4.548934e-01 8.477277e-01 6.047257e-01 4.328168e-01 1.819199e+00 5.336826e-01 5.471668e-01 3.445616e-01 
3 91 1.775015e+00 0 0 1.616370e+00 4.414915e-01 8.423295e-01 6.115237e-01 4.277397e-01 1.854242e+00 5.196327e-01 5.619726e-01 3.395507e-01 
4 121 2.106028e+00 0 0 2.017403e+00 5.486124e-01 9.772671e-01 6.968589e-01 4.996684e-01 2.181217e+00 6.088440e-01 6.694892e-01 4.000117e-01 
5 151 2.126522e+00 0 0 2.065180e+00 5.499389e-01 9.404132e-01 6.934946e-01 4.888219e-01 2.157108e+00 6.047118e-01 6.646730e-01 3.913771e-01 
6 181 2.099937e+00 0 0 2.017441e+00 5.377635e-01 8.999814e-01 6.853108e-01 4.613358e-01 2.042674e+00 5.986827e-01 6.405606e-01 3.719351e-01 
7 211 1.875771e+00 0 0 1.733614e+00 4.647846e-01 7.875598e-01 5.967471e-01 4.016900e-01 1.744900e+00 5.194393e-01 5.723703e-01 3.179583e-01 
8 241 1.729322e+00 0 0 1.535524e+00 4.250207e-01 6.977463e-01 5.316589e-01 3.548690e-01 1.589930e+00 4.706181e-01 5.078642e-01 2.896421e-01 
9 271 1.518330e+00 0 0 1.279909e+00 3.620329e-01 5.882521e-01 4.515148e-01 2.978501e-01 1.369072e+00 4.076797e-01 4.326325e-01 2.461265e-01 
10 301 1.591037e+00 0 0 1.304447e+00 3.953819e-01 6.186454e-01 4.664532e-01 3.001264e-01 1.437973e+00 4.260956e-01 4.405346e-01 2.575175e-01 
11 331 1.537322e+00 0 0 1.200979e+00 3.697279e-01 6.168060e-01 4.459747e-01 2.803896e-01 1.337691e+00 3.982130e-01 4.116777e-01 2.402681e-01 
12 361 1.478868e+00 0 0 1.108907e+00 3.473818e-01 5.791982e-01 4.137965e-01 2.706570e-01 1.241813e+00 3.728599e-01 3.836252e-01 2.417062e-01 
13 391 1.401746e+00 0 0 1.003952e+00 3.361284e-01 5.368425e-01 3.863341e-01 2.526673e-01 1.141966e+00 3.512581e-01 3.484738e-01 2.282104e-01 
14 421 1.333152e+00 0 0 9.231207e-01 3.137272e-01 5.262541e-01 3.638009e-01 2.470003e-01 1.065735e+00 3.330775e-01 3.205675e-01 2.103594e-01 
15 451 1.158565e+00 0 0 7.828746e-01 2.737663e-01 4.504029e-01 3.031597e-01 2.112701e-01 9.137181e-01 2.763030e-01 2.733942e-01 1.806592e-01 
16 481 1.177854e+00 0 0 7.826622e-01 2.768596e-01 4.488393e-01 3.042312e-01 2.103879e-01 9.549609e-01 2.846630e-01 2.689443e-01 1.770721e-01 
17 511 1.073503e+00 0 0 6.815982e-01 2.474514e-01 4.172691e-01 2.705450e-01 1.895744e-01 8.604505e-01 2.554291e-01 2.408533e-01 1.599045e-01 
18 541 9.522711e-01 0 0 5.923183e-01 2.192293e-01 3.551685e-01 2.342193e-01 1.615498e-01 7.661673e-01 2.231637e-01 2.080097e-01 1.450848e-01 
19 571 9.388757e-01 0 0 5.720312e-01 2.135113e-01 3.433072e-01 2.280290e-01 1.533205e-01 7.450782e-01 2.149343e-01 2.103044e-01 1.517160e-01 
20 601 9.522310e-01 0 0 5.626606e-01 2.216417e-01 3.342787e-01 2.206484e-01 1.513157e-01 7.530707e-01 2.289097e-01 2.024515e-01 1.632648e-01 
21 631 1.036954e+00 0 0 5.976909e-01 2.420035e-01 3.644850e-01 2.315037e-01 1.699122e-01 8.449500e-01 2.386974e-01 2.136211e-01 1.819779e-01 
22 661 1.008978e+00 0 0 5.669733e-01 2.290601e-01 3.511653e-01 2.203166e-01 1.643068e-01 8.169735e-01 2.263746e-01 2.002859e-01 1.725860e-01 
23 691 9.270708e-01 0 0 5.092406e-01 2.073311e-01 3.166109e-01 2.014338e-01 1.512296e-01 7.386663e-01 2.048866e-01 1.781907e-01 1.540426e-01 
24 721 8.956214e-01 0 0 4.792914e-01 2.018129e-01 3.043102e-01 1.917591e-01 1.460484e-01 7.532145e-01 1.951775e-01 1.644605e-01 1.444741e-01 
25 751 7.907497e-01 0 0 4.084435e-01 1.745701e-01 2.567612e-01 1.702952e-01 1.292261e-01 6.518890e-01 1.683859e-01 1.424937e-01 1.223160e-01 
26 781 7.856689e-01 0 0 4.134024e-01 1.717165e-01 2.640033e-01 1.648096e-01 1.285226e-01 6.382453e-01 1.658662e-01 1.414213e-01 1.176117e-01 
27 811 7.025687e-01 0 0 3.717502e-01 1.537199e-01 2.317809e-01 1.433308e-01 1.146153e-01 5.564125e-01 1.495837e-01 1.235503e-01 1.023169e-01 
28 841 6.674628e-01 0 0 3.371218e-01 1.394029e-01 2.113603e-01 1.292510e-01 1.129392e-01 5.348483e-01 1.371328e-01 1.155831e-01 9.608624e-02 
29 871 7.122103e-01 0 0 3.474151e-01 1.543201e-01 2.200663e-01 1.406442e-01 1.192390e-01 5.772623e-01 1.399870e-01 1.201536e-01 1.113430e-01 
30 901 6.695315e-01 0 0 3.164910e-01 1.447730e-01 1.991173e-01 1.300356e-01 1.084437e-01 5.206465e-01 1.332298e-01 1.098836e-01 1.034790e-01 
31 931 7.077364e-01 0 0 3.316309e-01 1.516847e-01 2.104805e-01 1.330217e-01 1.129521e-01 5.647460e-01 1.386649e-01 1.149940e-01 1.154260e-01 
32 961 7.448575e-01 0 0 3.413039e-01 1.587885e-01 2.181237e-01 1.377597e-01 1.162964e-01 5.800196e-01 1.435406e-01 1.194482e-01 1.257049e-01 
33 991 7.690037e-01 0 0 3.521685e-01 1.640265e-01 2.198170e-01 1.454066e-01 1.164439e-01 6.058901e-01 1.550127e-01 1.191837e-01 1.325340e-01 
34 1021 7.779583e-01 0 0 3.771530e-01 1.604089e-01 2.166317e-01 1.430213e-01 1.176746e-01 6.054832e-01 1.568157e-01 1.196375e-01 1.330347e-01 
35 1051 7.250191e-01 0 0 3.502114e-01 1.453245e-01 1.981545e-01 1.330499e-01 1.058736e-01 5.542249e-01 1.465206e-01 1.087712e-01 1.210159e-01 
36 1081 6.558199e-01 0 0 3.236462e-01 1.371933e-01 1.770353e-01 1.208760e-01 9.878927e-02 5.057370e-01 1.307841e-01 9.381916e-02 1.066058e-01 
37 1111 6.138906e-01 0 0 3.081019e-01 1.265627e-01 1.610917e-01 1.078208e-01 9.462315e-02 4.736091e-01 1.198597e-01 8.529673e-02 9.579313e-02 
38 1141 6.374401e-01 0 0 3.253817e-01 1.340726e-01 1.628003e-01 1.098278e-01 1.023707e-01 4.665171e-01 1.258812e-01 8.998968e-02 1.003802e-01 
39 1171 6.496327e-01 0 0 3.359307e-01 1.409090e-01 1.588182e-01 1.130125e-01 1.046062e-01 4.846216e-01 1.244199e-01 8.818288e-02 1.084249e-01 
40 1201 7.116924e-01 0 0 3.662820e-01 1.581727e-01 1.710266e-01 1.236090e-01 1.195995e-01 5.284133e-01 1.326351e-01 9.403844e-02 1.203998e-01 
41 1231 6.870012e-01 0 0 3.450938e-01 1.470762e-01 1.661285e-01 1.149763e-01 1.147775e-01 4.979031e-01 1.273376e-01 8.704035e-02 1.156199e-01 
42 1261 6.536307e-01 0 0 3.195940e-01 1.485089e-01 1.565848e-01 1.075113e-01 1.066130e-01 4.615150e-01 1.189915e-01 8.245547e-02 1.094602e-01 
43 1291 6.572177e-01 0 0 3.244768e-01 1.539954e-01 1.579351e-01 1.057284e-01 1.065575e-01 4.472676e-01 1.163860e-01 8.539206e-02 1.108477e-01 
44 1321 6.371825e-01 0 0 3.119561e-01 1.507779e-01 1.522691e-01 9.732006e-02 9.869403e-02 4.220470e-01 1.120655e-01 8.197549e-02 1.067209e-01 
45 1351 5.531292e-01 0 0 2.681083e-01 1.274067e-01 1.259679e-01 8.125030e-02 8.317277e-02 3.661125e-01 9.272783e-02 7.239972e-02 9.202555e-02 
46 1381 5.241026e-01 0 0 2.478824e-01 1.223958e-01 1.165410e-01 7.983795e-02 7.697842e-02 3.460721e-01 8.461106e-02 6.790968e-02 8.679279e-02 
47 1411 4.821887e-01 0 0 2.230765e-01 1.087581e-01 1.066239e-01 7.169817e-02 7.077008e-02 3.166551e-01 7.560762e-02 6.075408e-02 7.902005e-02 
48 1441 4.856586e-01 0 0 2.175353e-01 1.069071e-01 1.045774e-01 7.677380e-02 7.047485e-02 3.193428e-01 7.256495e-02 6.059461e-02 8.259510e-02 
49 1471 4.672494e-01 0 0 2.109553e-01 1.003388e-01 1.008506e-01 7.233829e-02 6.670738e-02 3.059404e-01 6.908047e-02 5.961649e-02 7.755722e-02 
50 1501 4.687147e-01 0 0 2.023571e-01 1.006908e-01 1.024649e-01 7.171918e-02 6.738265e-02 2.970032e-01 6.786212e-02 5.852426e-02 7.838280e-02 
51 1531 4.077779e-01 0 0 1.689255e-01 8.436128e-02 8.709775e-02 6.076451e-02 5.696531e-02 2.519432e-01 5.934727e-02 5.125713e-02 6.588799e-02 
52 1561 3.817578e-01 0 0 1.595600e-01 7.894928e-02 7.868395e-02 5.616018e-02 5.259015e-02 2.328230e-01 5.492242e-02 4.677097e-02 6.106962e-02 
53 1591 4.154741e-01 0 0 1.750835e-01 8.728950e-02 8.296025e-02 5.999469e-02 5.767594e-02 2.458088e-01 5.981480e-02 5.036723e-02 6.865619e-02 
54 1621 3.875345e-01 0 0 1.614419e-01 7.919310e-02 8.035700e-02 5.641914e-02 5.282570e-02 2.270975e-01 5.607298e-02 4.617744e-02 6.181543e-02 
55 1651 4.331629e-01 0 0 1.788750e-01 9.818309e-02 9.182861e-02 6.168004e-02 5.844231e-02 2.522463e-01 6.048253e-02 5.005685e-02 7.004260e-02 
56 1681 4.591217e-01 0 0 1.827257e-01 1.041509e-01 9.422117e-02 6.271092e-02 6.046073e-02 2.597462e-01 6.872857e-02 5.064742e-02 7.247985e-02 
57 1711 4.299796e-01 0 0 1.695572e-01 9.557969e-02 8.491611e-02 5.790997e-02 5.512124e-02 2.418047e-01 6.284354e-02 4.650164e-02 6.644834e-02 
58 1741 4.938589e-01 0 0 1.921126e-01 1.116125e-01 9.567804e-02 6.625930e-02 6.779385e-02 3.013396e-01 7.560556e-02 5.164617e-02 7.280703e-02 
59 1771 4.590369e-01 0 0 1.717372e-01 1.015596e-01 8.560301e-02 6.116895e-02 6.358800e-02 2.773668e-01 6.872975e-02 4.763929e-02 6.584796e-02 
60 1801 4.308937e-01 0 0 1.602150e-01 9.513819e-02 8.277603e-02 5.620793e-02 5.903244e-02 2.525297e-01 6.507549e-02 4.425528e-02 5.971100e-02 
61 1831 4.125533e-01 0 0 1.505818e-01 8.866340e-02 7.881230e-02 5.560441e-02 5.666034e-02 2.399669e-01 6.175861e-02 4.143370e-02 5.478574e-02 
62 1861 4.216611e-01 0 0 1.630202e-01 8.767746e-02 8.203556e-02 5.811833e-02 5.605172e-02 2.403949e-01 6.097213e-02 4.210109e-02 5.474992e-02 
63 1891 4.192230e-01 0 0 1.599710e-01 8.332745e-02 8.025928e-02 5.922874e-02 5.443678e-02 2.290670e-01 5.838034e-02 4.129497e-02 5.296019e-02 
64 1921 3.932750e-01 0 0 1.497667e-01 7.618721e-02 7.350207e-02 5.547028e-02 4.909511e-02 2.133240e-01 5.363272e-02 4.028577e-02 4.758634e-02 
65 1951 3.948057e-01 0 0 1.498180e-01 7.307356e-02 7.138758e-02 5.432914e-02 5.049103e-02 2.081168e-01 5.401516e-02 4.100553e-02 4.670731e-02 
66 1981 3.763451e-01 0 0 1.490805e-01 6.822708e-02 6.570925e-02 4.992748e-02 4.958937e-02 1.931622e-01 5.101556e-02 3.861403e-02 4.285437e-02 
67 2011 3.568019e-01 0 0 1.388921e-01 6.232320e-02 6.035980e-02 4.780688e-02 4.784300e-02 1.882857e-01 5.039886e-02 3.536495e-02 3.998239e-02 
68 2041 3.217172e-01 0 0 1.228846e-01 5.568797e-02 5.399056e-02 4.173290e-02 4.221034e-02 1.667621e-01 4.435766e-02 3.040883e-02 3.464899e-02 
69 2071 3.097457e-01 0 0 1.148001e-01 5.183599e-02 5.051806e-02 3.922673e-02 3.900213e-02 1.686493e-01 4.193000e-02 2.895564e-02 3.221630e-02 
70 2101 2.463840e-01 0 0 8.793546e-02 3.976571e-02 3.877708e-02 3.017378e-02 3.077446e-02 1.336177e-01 3.332694e-02 2.222032e-02 2.453911e-02 
71 2131 2.144940e-01 0 0 7.594977e-02 3.431424e-02 3.447056e-02 2.615819e-02 2.634866e-02 1.135699e-01 2.848363e-02 1.994375e-02 2.047829e-02 
72 2161 1.673957e-01 0 0 5.912942e-02 2.722798e-02 2.668272e-02 1.982409e-02 1.970836e-02 8.718647e-02 2.193778e-02 1.507174e-02 1.531798e-02 
73 2191 1.915420e-01 0 0 6.678216e-02 3.066855e-02 3.085029e-02 2.248289e-02 2.390779e-02 1.010823e-01 2.727872e-02 1.850596e-02 1.681989e-02 
74 2221 1.775753e-01 0 0 6.131439e-02 2.793089e-02 2.883686e-02 1.978929e-02 2.234663e-02 9.373571e-02 2.435510e-02 1.712589e-02 1.485687e-02 
75 2251 1.707962e-01 0 0 5.977601e-02 2.576003e-02 2.873726e-02 1.909901e-02 2.257448e-02 8.990984e-02 2.359359e-02 1.648432e-02 1.355787e-02 
76 2281 1.759696e-01 0 0 6.371479e-02 2.537719e-02 2.974075e-02 1.919939e-02 2.444835e-02 9.233512e-02 2.360942e-02 1.675633e-02 1.338768e-02 
77 2311 1.635423e-01 0 0 5.787990e-02 2.299531e-02 2.758483e-02 1.773626e-02 2.260612e-02 8.515308e-02 2.179278e-02 1.525450e-02 1.200830e-02 
78 2341 1.752226e-01 0 0 6.585085e-02 2.371098e-02 2.973372e-02 1.842915e-02 2.393217e-02 9.012754e-02 2.366608e-02 1.682800e-02 1.249970e-02 
79 2371 1.813201e-01 0 0 6.644829e-02 2.493483e-02 3.067015e-02 1.856953e-02 2.393348e-02 9.115086e-02 2.414498e-02 1.748842e-02 1.236007e-02 
80 2401 1.659515e-01 0 0 5.872496e-02 2.227728e-02 2.830134e-02 1.614810e-02 2.279564e-02 8.131231e-02 2.214318e-02 1.582906e-02 1.067841e-02 
81 2431 1.754107e-01 0 0 6.161661e-02 2.334567e-02 2.899915e-02 1.662586e-02 2.453681e-02 8.409846e-02 2.376489e-02 1.685360e-02 1.087643e-02 
82 2461 1.521468e-01 0 0 5.316635e-02 1.984262e-02 2.492012e-02 1.424410e-02 2.069461e-02 7.065100e-02 2.024807e-02 1.484362e-02 8.999480e-03 
83 2491 1.487041e-01 0 0 5.095128e-02 1.942635e-02 2.415842e-02 1.341128e-02 2.138220e-02 6.830877e-02 2.055567e-02 1.462780e-02 8.370733e-03 
84 2521 1.584756e-01 0 0 5.307465e-02 2.054776e-02 2.509710e-02 1.430787e-02 2.239973e-02 8.035556e-02 2.229822e-02 1.564269e-02 8.540675e-03 
85 2551 1.528758e-01 0 0 4.897177e-02 1.978340e-02 2.408814e-02 1.335508e-02 2.111915e-02 7.577551e-02 2.104067e-02 1.477204e-02 7.859959e-03 
86 2581 1.408011e-01 0 0 4.452886e-02 1.800753e-02 2.180781e-02 1.287012e-02 1.867436e-02 6.853873e-02 1.873088e-02 1.359948e-02 6.920169e-03 
87 2611 1.470970e-01 0 0 4.571644e-02 1.827050e-02 2.302091e-02 1.298654e-02 1.889988e-02 7.156740e-02 2.057248e-02 1.367668e-02 6.980716e-03 
88 2641 1.442173e-01 0 0 4.494164e-02 1.733073e-02 2.259209e-02 1.281267e-02 1.843762e-02 6.825051e-02 2.028152e-02 1.324969e-02 6.502738e-03 
89 2671 1.389819e-01 0 0 4.294370e-02 1.659292e-02 2.146386e-02 1.227205e-02 1.752080e-02 6.292979e-02 2.043303e-02 1.284739e-02 6.009422e-03 
90 2701 1.283335e-01 0 0 4.067015e-02 1.481421e-02 1.984687e-02 1.132323e-02 1.580198e-02 5.630302e-02 1.835904e-02 1.179048e-02 5.361277e-03 
91 2731 1.170065e-01 0 0 3.689201e-02 1.325145e-02 1.818630e-02 1.066071e-02 1.450319e-02 4.983023e-02 1.654034e-02 1.079255e-02 4.641206e-03 
92 2761 1.058634e-01 0 0 3.258974e-02 1.206717e-02 1.653092e-02 9.676611e-03 1.276496e-02 4.301521e-02 1.435992e-02 9.766688e-03 4.116993e-03 
93 2791 8.868213e-02 0 0 2.614187e-02 9.778962e-03 1.355482e-02 8.048063e-03 1.049832e-02 3.434911e-02 1.174255e-02 7.940572e-03 3.314570e-03 
94 2821 8.629417e-02 0 0 2.443472e-02 9.317030e-03 1.300400e-02 8.036197e-03 9.881983e-03 3.218897e-02 1.194898e-02 7.683958e-03 3.100018e-03 
95 2851 8.414243e-02 0 0 2.326971e-02 9.059811e-03 1.255171e-02 7.684567e-03 9.617218e-03 3.120515e-02 1.165073e-02 7.286017e-03 2.876627e-03 
96 2881 9.305140e-02 0 0 2.671886e-02 1.000914e-02 1.518607e-02 8.567445e-03 1.082538e-02 3.405179e-02 1.295665e-02 8.073241e-03 3.062268e-03 
97 2911 1.023652e-01 0 0 3.248245e-02 1.085373e-02 1.635118e-02 9.571178e-03 1.206176e-02 3.635901e-02 1.398422e-02 8.919030e-03 3.245958e-03 
98 2941 1.173285e-01 0 0 3.853766e-02 1.198375e-02 1.919224e-02 1.081313e-02 1.381715e-02 3.977061e-02 1.658689e-02 1.006541e-02 3.522631e-03 
99 2971 1.240921e-01 0 0 4.138677e-02 1.243020e-02 2.013981e-02 1.133200e-02 1.453856e-02 4.167336e-02 1.738068e-02 1.029763e-02 3.577802e-03 
100 3001 1.446218e-01 0 0 4.737669e-02 1.450824e-02 2.316889e-02 1.455912e-02 1.671535e-02 5.092450e-02 2.001699e-02 1.171133e-02 3.950949e-03 
101 3031 1.699906e-01 0 0 5.480766e-02 1.720237e-02 2.814486e-02 1.746024e-02 1.959220e-02 6.786290e-02 2.313443e-02 1.391326e-02 4.382394e-03 
102 3061 1.848105e-01 0 0 5.716597e-02 1.813954e-02 3.391902e-02 1.824653e-02 2.091663e-02 7.607253e-02 2.477459e-02 1.471538e-02 4.584768e-03 
103 3091 1.514367e-01 0 0 4.478918e-02 1.455202e-02 2.799693e-02 1.440529e-02 1.674446e-02 6.124900e-02 2.008626e-02 1.165575e-02 3.605717e-03 
104 3121 1.369768e-01 0 0 4.065739e-02 1.333167e-02 2.485713e-02 1.269269e-02 1.535005e-02 5.513838e-02 1.919158e-02 1.023542e-02 3.105422e-03 
105 3151 1.343630e-01 0 0 4.010577e-02 1.304525e-02 2.500352e-02 1.194999e-02 1.565749e-02 5.251130e-02 1.842060e-02 9.876992e-03 2.899199e-03 
106 3181 1.275648e-01 0 0 3.761518e-02 1.314757e-02 2.358893e-02 1.111680e-02 1.472045e-02 4.891928e-02 1.725379e-02 9.595433e-03 2.621981e-03 
107 3211 1.250015e-01 0 0 3.580874e-02 1.378675e-02 2.281296e-02 1.076834e-02 1.454956e-02 4.600865e-02 1.635662e-02 9.253129e-03 2.440949e-03 
108 3241 1.147123e-01 0 0 3.318570e-02 1.282202e-02 2.035814e-02 9.941752e-03 1.350077e-02 4.106695e-02 1.496990e-02 8.248084e-03 2.148709e-03 
109 3271 1.240104e-01 0 0 3.667270e-02 1.391625e-02 2.328627e-02 1.107413e-02 1.618171e-02 4.534725e-02 1.639854e-02 8.804285e-03 2.209372e-03 
110 3301 1.208773e-01 0 0 3.633090e-02 1.323669e-02 2.279202e-02 1.093262e-02 1.679147e-02 4.333241e-02 1.551188e-02 8.514103e-03 2.075099e-03 
111 3331 1.146010e-01 0 0 3.356264e-02 1.204639e-02 2.140482e-02 1.031100e-02 1.590374e-02 4.010202e-02 1.453670e-02 7.824955e-03 1.864069e-03 
112 3361 1.210196e-01 0 0 3.476108e-02 1.355101e-02 2.184316e-02 1.096982e-02 1.626076e-02 4.325749e-02 1.505921e-02 8.381898e-03 1.874408e-03 
113 3391 1.166296e-01 0 0 3.272827e-02 1.297587e-02 2.156898e-02 1.042661e-02 1.529415e-02 4.204880e-02 1.461189e-02 7.918629e-03 1.761391e-03 
114 3421 1.154665e-01 0 0 3.361594e-02 1.266439e-02 2.053686e-02 1.103412e-02 1.523461e-02 4.024989e-02 1.417383e-02 7.902372e-03 1.684392e-03 
115 3451 1.087500e-01 0 0 3.117621e-02 1.244977e-02 1.920718e-02 9.984041e-03 1.450447e-02 3.668698e-02 1.327749e-02 7.484676e-03 1.515234e-03 
116 3481 1.120133e-01 0 0 3.242515e-02 1.241681e-02 1.962777e-02 1.008299e-02 1.456044e-02 3.713633e-02 1.346513e-02 7.673397e-03 1.481813e-03 
117 3511 1.037819e-01 0 0 2.898493e-02 1.138754e-02 1.918486e-02 9.652953e-03 1.318197e-02 3.387911e-02 1.207247e-02 6.967302e-03 1.319691e-03 
118 3541 9.541250e-02 0 0 2.614016e-02 1.051621e-02 1.723634e-02 8.802801e-03 1.156107e-02 3.076656e-02 1.089521e-02 6.148836e-03 1.189882e-03 
119 3571 9.366460e-02 0 0 2.552956e-02 9.862309e-03 1.735011e-02 8.589152e-03 1.127949e-02 2.933233e-02 1.027011e-02 5.880863e-03 1.125993e-03 
120 3601 8.131299e-02 0 0 2.141060e-02 8.860375e-03 1.518191e-02 7.512671e-03 9.796829e-03 2.518812e-02 8.719723e-03 4.902409e-03 9.529830e-04 
121 3631 7.344620e-02 0 0 1.888205e-02 7.735286e-03 1.333519e-02 6.977984e-03 8.569882e-03 2.417311e-02 7.799496e-03 4.430399e-03 8.231494e-04 
122 3661 5.987958e-02 0 0 1.515400e-02 6.159424e-03 1.127636e-02 5.787571e-03 7.195630e-03 1.923030e-02 6.195940e-03 3.745176e-03 6.500364e-04 
123 3691 6.568092e-02 0 0 1.697335e-02 6.779857e-03 1.279988e-02 6.306448e-03 8.525009e-03 2.104283e-02 7.603892e-03 4.099446e-03 7.061152e-04 
124 3721 6.683148e-02 0 0 1.694063e-02 7.191242e-03 1.369968e-02 6.295528e-03 8.587946e-03 2.091037e-02 7.658186e-03 4.072552e-03 6.930412e-04 
125 3751 6.327029e-02 0 0 1.531785e-02 6.633281e-03 1.269504e-02 6.018683e-03 8.025168e-03 2.044053e-02 7.297396e-03 3.828785e-03 6.292767e-04 
126 3781 6.829161e-02 0 0 1.622621e-02 7.137428e-03 1.367390e-02 6.711794e-03 8.535052e-03 2.203713e-02 7.969466e-03 4.080749e-03 6.515126e-04 
127 3811 6.251681e-02 0 0 1.525856e-02 6.554414e-03 1.265633e-02 6.381837e-03 7.962776e-03 1.983862e-02 7.242668e-03 3.817578e-03 5.925958e-04 
128 3841 5.761648e-02 0 0 1.348969e-02 5.920451e-03 1.176582e-02 5.925569e-03 7.065785e-03 1.765557e-02 6.619406e-03 3.486761e-03 5.273204e-04 
129 3871 5.229272e-02 0 0 1.235546e-02 5.581851e-03 1.087942e-02 5.490036e-03 6.296433e-03 1.604343e-02 5.997758e-03 3.180432e-03 4.567347e-04 
130 3901 5.093536e-02 0 0 1.170389e-02 5.226058e-03 1.127705e-02 5.726871e-03 6.114619e-03 1.580282e-02 5.739335e-03 3.253450e-03 4.310769e-04 
131 3931 4.871946e-02 0 0 1.123931e-02 4.912248e-03 1.067049e-02 5.615538e-03 5.740245e-03 1.591121e-02 5.501223e-03 3.112235e-03 4.128612e-04 
132 3961 4.596983e-02 0 0 1.037265e-02 4.460030e-03 1.006429e-02 5.281029e-03 5.175914e-03 1.485996e-02 5.015568e-03 2.855142e-03 3.859718e-04 
133 3991 4.356075e-02 0 0 9.686761e-03 4.280148e-03 9.302793e-03 4.961607e-03 4.884222e-03 1.396351e-02 4.773319e-03 2.707837e-03 3.834644e-04 
134 4021 4.178121e-02 0 0 9.306059e-03 4.057594e-03 9.122155e-03 4.642360e-03 4.763739e-03 1.327897e-02 4.398582e-03 2.541764e-03 3.549424e-04 
135 4051 4.105378e-02 0 0 8.988689e-03 4.010475e-03 9.391676e-03 4.376131e-03 4.750825e-03 1.277568e-02 4.185777e-03 2.442604e-03 3.377807e-04 
136 4081 3.642914e-02 0 0 7.907187e-03 3.499061e-03 8.143640e-03 3.822606e-03 4.149431e-03 1.113564e-02 3.593225e-03 2.113872e-03 2.968282e-04 
137 4111 3.789550e-02 0 0 8.367345e-03 3.859745e-03 8.475011e-03 3.995917e-03 4.454341e-03 1.120183e-02 3.616345e-03 2.234267e-03 3.100010e-04 
138 4141 4.303207e-02 0 0 9.925626e-03 4.265743e-03 9.238689e-03 4.455624e-03 5.026077e-03 1.243299e-02 4.154525e-03 2.542189e-03 3.470566e-04 
139 4171 4.453214e-02 0 0 1.073324e-02 4.472983e-03 9.775797e-03 4.603873e-03 5.773807e-03 1.293919e-02 4.360062e-03 2.654710e-03 3.594054e-04 
140 4201 4.282438e-02 0 0 1.081454e-02 4.220220e-03 9.382212e-03 4.362222e-03 5.479319e-03 1.253872e-02 4.060804e-03 2.485395e-03 3.337177e-04 
141 4231 3.691482e-02 0 0 9.447676e-03 3.620172e-03 7.926467e-03 3.670233e-03 4.797245e-03 1.056874e-02 3.424546e-03 2.131208e-03 2.820522e-04 
142 4261 3.852140e-02 0 0 9.508466e-03 3.710262e-03 8.254372e-03 3.935691e-03 4.964082e-03 1.142789e-02 3.521497e-03 2.222316e-03 2.872962e-04 
143 4291 3.764009e-02 0 0 9.299946e-03 3.660828e-03 8.555320e-03 3.862263e-03 4.844488e-03 1.102108e-02 3.342287e-03 2.106781e-03 2.810909e-04 
144 4321 3.307228e-02 0 0 7.837666e-03 3.200649e-03 7.415754e-03 3.304451e-03 4.097479e-03 9.461595e-03 2.924252e-03 1.785579e-03 2.434268e-04 
145 4351 3.212376e-02 0 0 7.576923e-03 3.119399e-03 7.051237e-03 3.236909e-03 3.842121e-03 9.485692e-03 2.867393e-03 1.692174e-03 2.323498e-04 
146 4381 3.038667e-02 0 0 7.496974e-03 2.899244e-03 6.780083e-03 3.171438e-03 3.683667e-03 9.038633e-03 2.593381e-03 1.584537e-03 2.180774e-04 
147 4411 2.946061e-02 0 0 7.193452e-03 2.694920e-03 6.432779e-03 2.965732e-03 3.524323e-03 8.963396e-03 2.531237e-03 1.507472e-03 2.197806e-04 
148 4441 2.627708e-02 0 0 6.326428e-03 2.380469e-03 5.680461e-03 2.579536e-03 3.137078e-03 7.600905e-03 2.221766e-03 1.371387e-03 1.892246e-04 
149 4471 2.726244e-02 0 0 6.500939e-03 2.411764e-03 5.866493e-03 2.604650e-03 3.205639e-03 7.634761e-03 2.268081e-03 1.387074e-03 2.086148e-04 
150 4501 2.606280e-02 0 0 6.021403e-03 2.300634e-03 5.376622e-03 2.395278e-03 2.991512e-03 7.301457e-03 2.156187e-03 1.325784e-03 1.972677e-04 
151 4531 2.205728e-02 0 0 4.970820e-03 1.881891e-03 4.361947e-03 2.000389e-03 2.473272e-03 6.041448e-03 1.765098e-03 1.131102e-03 1.631640e-04 
152 4561 2.292810e-02 0 0 5.192053e-03 1.928702e-03 4.595932e-03 2.084438e-03 2.662437e-03 6.359127e-03 1.803142e-03 1.214565e-03 1.714386e-04 
153 4591 2.134125e-02 0 0 4.873103e-03 1.855077e-03 4.197206e-03 1.875324e-03 2.495624e-03 5.889314e-03 1.680764e-03 1.100481e-03 1.595817e-04 
154 4621 2.141838e-02 0 0 4.873652e-03 1.829124e-03 4.192780e-03 1.937947e-03 2.551027e-03 5.905857e-03 1.767181e-03 1.097669e-03 1.581558e-04 
155 4651 2.439248e-02 0 0 5.934267e-03 2.057439e-03 4.709744e-03 2.145225e-03 3.190503e-03 6.572544e-03 2.045449e-03 1.258933e-03 1.747824e-04 
156 4681 2.217796e-02 0 0 5.491274e-03 1.893930e-03 4.347424e-03 1.967238e-03 2.995125e-03 5.815812e-03 1.849129e-03 1.162365e-03 1.578587e-04 
157 4711 2.208839e-02 0 0 5.314970e-03 1.828560e-03 4.179536e-03 2.008712e-03 2.885739e-03 5.667163e-03 1.798760e-03 1.165127e-03 1.636466e-04 
158 4741 2.563120e-02 0 0 6.158535e-03 2.180031e-03 4.958815e-03 2.450718e-03 3.402511e-03 6.488838e-03 2.236837e-03 1.438920e-03 1.914357e-04 
159 4771 3.160934e-02 0 0 7.555240e-03 2.711418e-03 6.560492e-03 3.134648e-03 4.122941e-03 8.402984e-03 2.752447e-03 1.754862e-03 2.353375e-04 
160 4801 2.836437e-02 0 0 6.727125e-03 2.431907e-03 5.825973e-03 2.779706e-03 3.707836e-03 7.272690e-03 2.484629e-03 1.556574e-03 2.145349e-04 
161 4831 3.153893e-02 0 0 7.473896e-03 2.618700e-03 6.397793e-03 3.120991e-03 4.169886e-03 7.939121e-03 2.732974e-03 1.737145e-03 2.375198e-04 
162 4861 3.304428e-02 0 0 7.934302e-03 2.666756e-03 6.413891e-03 3.297070e-03 4.398405e-03 8.415318e-03 2.965646e-03 1.848254e-03 2.420122e-04 
163 4891 3.527644e-02 0 0 8.567249e-03 2.826643e-03 6.812307e-03 3.428366e-03 4.656700e-03 8.554727e-03 3.125163e-03 1.978438e-03 2.485038e-04 
164 4921 3.529290e-02 0 0 8.359717e-03 2.962978e-03 6.624478e-03 3.342762e-03 4.691931e-03 8.351399e-03 3.151550e-03 1.958563e-03 2.494780e-04 
165 4951 3.334172e-02 0 0 7.907150e-03 2.841504e-03 6.350979e-03 3.224999e-03 4.329024e-03 7.802444e-03 2.961917e-03 1.816353e-03 2.270881e-04 
166 4981 3.770163e-02 0 0 8.617492e-03 3.290347e-03 7.482534e-03 3.641030e-03 4.735737e-03 8.794777e-03 3.287158e-03 2.076699e-03 2.738629e-04 
167 5011 3.705995e-02 0 0 9.014608e-03 3.474312e-03 7.851414e-03 3.627287e-03 4.982997e-03 8.426253e-03 3.321035e-03 2.087695e-03 2.625122e-04 
168 5041 3.663443e-02 0 0 8.971318e-03 3.473063e-03 7.988297e-03 3.533402e-03 5.068277e-03 8.457639e-03 3.202492e-03 2.121959e-03 2.513027e-04 
169 5071 4.068055e-02 0 0 1.088283e-02 4.162015e-03 9.329175e-03 3.948433e-03 6.426203e-03 9.050757e-03 3.467044e-03 2.343833e-03 2.712214e-04 
170 5101 4.783010e-02 0 0 1.286029e-02 5.087235e-03 1.102958e-02 4.725645e-03 7.711617e-03 1.092660e-02 4.094957e-03 2.700577e-03 3.198820e-04 
171 5131 4.811801e-02 0 0 1.347311e-02 5.314703e-03 1.103133e-02 4.691345e-03 7.907250e-03 1.139461e-02 4.097373e-03 2.628086e-03 3.139381e-04 
172 5161 3.948307e-02 0 0 1.085413e-02 4.225585e-03 8.918073e-03 3.876487e-03 6.339322e-03 9.058128e-03 3.245327e-03 2.133183e-03 2.454981e-04 
173 5191 3.404754e-02 0 0 9.213105e-03 3.570157e-03 7.660315e-03 3.243974e-03 5.398041e-03 7.787857e-03 2.741647e-03 1.800161e-03 2.095181e-04 
174 5221 3.401816e-02 0 0 9.128499e-03 3.545521e-03 7.791417e-03 3.147060e-03 5.344329e-03 7.546868e-03 2.828080e-03 1.783996e-03 2.077377e-04 
175 5251 3.694845e-02 0 0 9.554594e-03 3.808105e-03 8.149991e-03 3.401510e-03 5.598318e-03 8.404063e-03 3.082249e-03 1.906324e-03 2.229745e-04 
176 5281 3.310637e-02 0 0 8.462022e-03 3.420382e-03 7.197658e-03 2.957222e-03 5.004116e-03 7.470638e-03 2.812599e-03 1.665033e-03 1.963602e-04 
177 5311 3.382880e-02 0 0 8.233805e-03 3.352438e-03 7.092038e-03 2.929902e-03 4.891209e-03 7.504588e-03 2.834496e-03 1.686380e-03 2.052780e-04 
178 5341 3.157346e-02 0 0 7.501445e-03 3.138870e-03 6.710776e-03 2.679791e-03 4.566455e-03 6.842141e-03 2.645590e-03 1.555405e-03 1.845105e-04 
179 5371 3.111792e-02 0 0 7.372078e-03 3.043080e-03 6.367967e-03 2.631878e-03 4.453853e-03 6.667634e-03 2.719031e-03 1.501671e-03 1.788888e-04 
180 5401 3.506324e-02 0 0 8.099621e-03 3.366699e-03 6.901879e-03 2.892649e-03 5.005237e-03 7.356801e-03 3.129289e-03 1.656873e-03 2.095722e-04 
181 5431 3.456352e-02 0 0 7.852486e-03 3.455019e-03 6.835843e-03 2.861779e-03 4.842299e-03 7.363532e-03 3.199670e-03 1.655717e-03 1.993812e-04 
182 5461 3.837930e-02 0 0 8.593284e-03 3.955151e-03 7.468962e-03 3.327670e-03 5.256602e-03 7.860495e-03 3.644136e-03 1.882732e-03 2.360452e-04 
183 5491 3.581431e-02 0 0 8.146922e-03 3.605063e-03 6.901396e-03 3.018545e-03 4.909430e-03 7.111622e-03 3.281855e-03 1.716692e-03 2.141958e-04 
184 5521 3.338637e-02 0 0 7.615364e-03 3.369579e-03 6.656495e-03 2.928913e-03 4.478452e-03 6.509464e-03 2.982459e-03 1.601129e-03 1.966503e-04 
185 5551 3.303062e-02 0 0 7.449436e-03 3.305031e-03 6.652473e-03 2.796569e-03 4.463344e-03 6.157618e-03 2.847924e-03 1.544032e-03 1.885605e-04 
186 5581 3.866428e-02 0 0 8.974362e-03 3.904658e-03 8.040159e-03 3.191376e-03 5.432424e-03 7.959771e-03 3.431200e-03 1.766208e-03 2.195319e-04 
187 5611 3.780384e-02 0 0 8.748210e-03 3.828311e-03 7.932253e-03 3.020235e-03 5.246217e-03 7.869775e-03 3.391056e-03 1.681870e-03 2.046885e-04 
188 5641 3.904050e-02 0 0 8.835207e-03 4.092479e-03 7.940807e-03 3.192264e-03 5.274659e-03 8.414870e-03 3.528999e-03 1.752984e-03 2.066769e-04 
189 5671 3.865800e-02 0 0 9.021288e-03 3.898318e-03 7.691627e-03 3.046791e-03 5.189975e-03 8.268770e-03 3.427182e-03 1.685179e-03 1.948682e-04 
190 5701 4.187060e-02 0 0 1.086556e-02 4.237361e-03 8.661915e-03 3.311968e-03 5.915160e-03 8.725617e-03 3.568501e-03 1.787649e-03 2.085739e-04 
191 5731 4.559778e-02 0 0 1.262799e-02 4.823855e-03 9.951250e-03 3.584180e-03 6.698704e-03 9.348987e-03 3.812413e-03 1.926081e-03 2.299967e-04 
192 5761 4.444739e-02 0 0 1.279707e-02 4.680029e-03 9.777314e-03 3.388972e-03 6.677243e-03 9.192147e-03 3.649295e-03 1.826488e-03 2.170497e-04 
193 5791 4.346662e-02 0 0 1.221428e-02 4.440127e-03 9.329992e-03 3.226743e-03 6.349948e-03 9.428162e-03 3.473445e-03 1.779149e-03 2.073582e-04 
194 5821 3.838440e-02 0 0 1.061358e-02 3.843161e-03 8.009826e-03 2.933644e-03 5.497467e-03 8.332037e-03 3.047162e-03 1.567083e-03 1.848229e-04 
195 5851 3.406909e-02 0 0 9.269759e-03 3.325279e-03 6.932965e-03 2.628547e-03 4.847020e-03 7.450457e-03 2.629513e-03 1.416320e-03 1.633790e-04 
196 5881 3.226311e-02 0 0 8.696596e-03 3.083773e-03 6.519556e-03 2.542260e-03 4.500890e-03 6.844684e-03 2.413041e-03 1.351566e-03 1.534455e-04 
197 5911 3.045120e-02 0 0 7.918787e-03 2.866618e-03 6.185519e-03 2.327441e-03 4.174015e-03 6.317250e-03 2.294683e-03 1.280532e-03 1.435676e-04 
198 5941 2.717958e-02 0 0 6.918152e-03 2.489611e-03 5.493470e-03 2.027901e-03 3.641274e-03 5.476941e-03 1.977966e-03 1.114829e-03 1.219515e-04 
199 5971 2.539716e-02 0 0 6.247124e-03 2.250952e-03 5.009495e-03 1.839564e-03 3.367934e-03 5.006672e-03 1.756242e-03 9.977872e-04 1.084372e-04 
200 6001 2.206493e-02 0 0 5.347035e-03 1.940700e-03 4.305729e-03 1.560747e-03 2.954503e-03 4.142654e-03 1.511042e-03 8.403816e-04 9.504526e-05 
201 6031 2.092078e-02 0 0 4.881115e-03 1.754514e-03 3.897698e-03 1.470652e-03 2.695568e-03 4.053310e-03 1.392142e-03 7.909530e-04 9.023317e-05 
202 6061 1.859125e-02 0 0 4.464894e-03 1.528572e-03 3.496220e-03 1.409330e-03 2.400049e-03 3.557546e-03 1.204554e-03 7.180862e-04 7.907339e-05 
203 6091 1.747968e-02 0 0 4.048026e-03 1.430696e-03 3.222066e-03 1.325792e-03 2.205160e-03 3.510427e-03 1.110767e-03 6.761561e-04 7.150684e-05 
204 6121 1.808992e-02 0 0 4.041927e-03 1.445797e-03 3.217707e-03 1.413280e-03 2.253129e-03 3.519929e-03 1.186842e-03 6.991845e-04 7.417647e-05 
205 6151 1.819165e-02 0 0 4.052884e-03 1.484728e-03 3.516317e-03 1.475799e-03 2.298823e-03 3.657382e-03 1.227690e-03 7.260146e-04 7.304405e-05 
206 6181 1.921343e-02 0 0 4.066826e-03 1.551322e-03 3.621211e-03 1.567706e-03 2.340859e-03 3.732385e-03 1.301387e-03 8.586153e-04 7.602440e-05 
207 6211 1.877575e-02 0 0 3.928081e-03 1.479659e-03 3.466262e-03 1.621461e-03 2.237705e-03 3.617844e-03 1.329487e-03 8.686889e-04 7.308358e-05 
208 6241 1.957381e-02 0 0 4.080100e-03 1.555420e-03 3.585252e-03 1.760936e-03 2.281659e-03 3.778408e-03 1.507878e-03 9.710527e-04 7.671791e-05 
209 6271 1.737707e-02 0 0 3.499769e-03 1.333945e-03 3.036942e-03 1.603903e-03 1.932932e-03 3.344080e-03 1.364331e-03 8.679620e-04 6.953696e-05 
210 6301 1.670257e-02 0 0 3.312730e-03 1.270786e-03 2.869878e-03 1.489894e-03 1.863713e-03 3.111202e-03 1.271001e-03 8.184402e-04 6.649560e-05 
211 6331 1.458730e-02 0 0 2.823181e-03 1.077076e-03 2.472728e-03 1.283215e-03 1.589274e-03 2.651407e-03 1.099553e-03 7.107083e-04 5.676121e-05 
212 6361 1.387336e-02 0 0 2.642353e-03 1.013291e-03 2.353027e-03 1.254347e-03 1.487372e-03 2.564917e-03 1.128351e-03 7.149691e-04 5.664900e-05 
213 6391 1.149699e-02 0 0 2.164998e-03 8.390618e-04 1.957216e-03 1.057976e-03 1.267214e-03 2.087909e-03 9.440964e-04 6.022012e-04 4.613523e-05 
214 6421 1.247300e-02 0 0 2.545975e-03 9.219114e-04 2.172360e-03 1.176511e-03 1.433537e-03 2.549562e-03 1.027633e-03 6.309550e-04 4.956507e-05 
215 6451 1.395032e-02 0 0 2.818089e-03 1.021369e-03 2.419561e-03 1.350216e-03 1.575645e-03 2.932363e-03 1.143308e-03 7.341093e-04 6.444471e-05 
216 6481 1.564720e-02 0 0 3.364977e-03 1.169791e-03 2.745548e-03 1.612306e-03 1.847422e-03 3.219511e-03 1.296215e-03 8.710544e-04 7.323839e-05 
217 6511 1.629672e-02 0 0 3.511779e-03 1.198581e-03 2.818880e-03 1.593071e-03 1.916435e-03 3.222909e-03 1.326559e-03 8.690122e-04 7.341777e-05 
218 6541 1.424077e-02 0 0 3.022352e-03 1.002079e-03 2.370497e-03 1.392540e-03 1.621456e-03 2.728339e-03 1.187903e-03 7.841405e-04 6.196131e-05 
219 6571 1.467883e-02 0 0 2.963319e-03 1.036182e-03 2.405704e-03 1.411995e-03 1.619828e-03 2.796985e-03 1.228661e-03 8.376370e-04 6.250751e-05 
220 6601 1.589694e-02 0 0 3.074497e-03 1.083381e-03 2.571651e-03 1.625421e-03 1.685410e-03 3.031721e-03 1.322868e-03 9.423557e-04 6.539006e-05 
221 6631 1.644913e-02 0 0 3.259380e-03 1.118604e-03 2.721837e-03 1.726817e-03 1.730244e-03 3.153457e-03 1.345277e-03 9.556075e-04 6.586751e-05 
222 6661 1.673212e-02 0 0 3.407080e-03 1.240884e-03 2.822764e-03 1.708773e-03 1.835883e-03 3.249915e-03 1.363689e-03 9.309122e-04 6.685521e-05 
223 6691 1.853340e-02 0 0 3.817593e-03 1.348084e-03 3.096831e-03 1.841731e-03 2.041853e-03 3.541303e-03 1.512221e-03 1.016096e-03 7.243117e-05 
224 6721 2.087273e-02 0 0 4.133658e-03 1.509848e-03 3.356485e-03 2.052671e-03 2.250184e-03 4.240849e-03 1.657481e-03 1.125092e-03 8.934785e-05 
225 6751 2.082975e-02 0 0 4.096975e-03 1.476531e-03 3.272853e-03 2.041728e-03 2.240959e-03 4.286176e-03 1.631495e-03 1.115257e-03 9.536920e-05 
226 6781 2.312052e-02 0 0 4.459751e-03 1.670798e-03 3.619675e-03 2.216537e-03 2.414744e-03 4.938846e-03 1.763233e-03 1.198216e-03 1.081956e-04 
227 6811 2.325103e-02 0 0 4.370473e-03 1.658441e-03 3.551506e-03 2.205709e-03 2.343433e-03 4.919058e-03 1.733960e-03 1.162916e-03 1.069007e-04 
228 6841 2.370310e-02 0 0 4.424318e-03 1.749324e-03 3.722665e-03 2.415361e-03 2.304574e-03 4.939579e-03 1.849836e-03 1.243761e-03 1.087715e-04 
229 6871 2.216363e-02 0 0 4.083443e-03 1.622755e-03 3.517575e-03 2.197339e-03 2.099505e-03 4.470960e-03 1.664395e-03 1.135201e-03 9.930487e-05 
230 6901 2.162685e-02 0 0 3.953395e-03 1.624208e-03 3.365818e-03 2.131433e-03 1.989425e-03 4.336950e-03 1.656141e-03 1.104847e-03 9.458300e-05 
231 6931 1.840304e-02 0 0 3.386012e-03 1.327313e-03 2.786631e-03 1.770124e-03 1.658430e-03 3.635285e-03 1.377475e-03 9.034810e-04 7.752565e-05 
232 6961 1.673458e-02 0 0 3.089787e-03 1.173592e-03 2.516081e-03 1.601641e-03 1.480719e-03 3.305916e-03 1.253105e-03 8.378395e-04 6.827160e-05 
233 6991 1.303013e-02 0 0 2.424079e-03 9.080540e-04 2.055060e-03 1.231338e-03 1.162683e-03 2.566874e-03 9.611169e-04 6.574836e-04 5.247457e-05 
234 7021 1.184434e-02 0 0 2.203908e-03 8.021658e-04 1.818899e-03 1.095513e-03 1.046928e-03 2.258365e-03 8.817787e-04 6.018277e-04 4.620462e-05 
235 7051 1.054259e-02 0 0 1.920576e-03 6.856677e-04 1.583659e-03 9.669170e-04 9.172701e-04 1.948276e-03 7.681470e-04 5.236254e-04 3.990111e-05 
236 7081 1.051295e-02 0 0 1.876736e-03 6.792010e-04 1.529230e-03 9.509898e-04 8.836373e-04 1.944185e-03 7.686392e-04 5.068117e-04 3.811390e-05 
237 7111 1.080838e-02 0 0 1.949986e-03 6.860677e-04 1.547727e-03 9.427626e-04 9.419666e-04 2.009774e-03 7.631792e-04 5.040201e-04 4.007668e-05 
238 7141 9.703995e-03 0 0 1.789438e-03 6.443156e-04 1.392498e-03 8.293271e-04 8.679379e-04 1.797321e-03 6.956320e-04 4.383215e-04 3.702932e-05 
239 7171 9.453280e-03 0 0 1.752763e-03 6.360098e-04 1.366620e-03 7.984554e-04 8.446302e-04 1.750326e-03 6.655658e-04 4.196384e-04 3.484628e-05 
240 7201 9.243561e-03 0 0 1.782905e-03 6.057075e-04 1.312905e-03 7.612163e-04 8.623162e-04 1.631651e-03 6.406652e-04 4.032695e-04 3.511946e-05 
241 7231 8.744478e-03 0 0 1.608714e-03 5.533835e-04 1.209292e-03 7.009475e-04 7.870462e-04 1.546545e-03 5.752242e-04 3.733458e-04 3.399919e-05 
242 7261 8.184432e-03 0 0 1.484057e-03 5.089802e-04 1.116969e-03 6.773170e-04 7.294940e-04 1.493682e-03 5.460460e-04 3.565541e-04 3.203555e-05 
243 7291 7.898052e-03 0 0 1.417533e-03 4.949232e-04 1.084700e-03 6.402290e-04 7.170211e-04 1.422931e-03 5.274210e-04 3.426276e-04 3.048279e-05 
244 7321 7.529249e-03 0 0 1.338470e-03 4.587501e-04 1.032705e-03 5.967167e-04 6.617863e-04 1.344937e-03 4.892707e-04 3.179481e-04 2.970621e-05 
245 7351 8.502194e-03 0 0 1.482716e-03 5.175103e-04 1.151971e-03 6.693721e-04 7.397867e-04 1.579483e-03 5.441673e-04 3.511781e-04 3.446104e-05 
246 7381 9.158879e-03 0 0 1.584020e-03 5.669334e-04 1.235318e-03 7.415908e-04 8.032915e-04 1.749607e-03 5.886931e-04 3.750347e-04 3.620846e-05 
247 7411 8.612276e-03 0 0 1.434835e-03 5.281911e-04 1.115271e-03 6.736364e-04 7.230358e-04 1.597724e-03 5.831470e-04 3.426530e-04 3.305931e-05 
248 7441 8.557747e-03 0 0 1.449256e-03 5.310345e-04 1.150971e-03 6.637630e-04 7.321709e-04 1.624482e-03 5.709074e-04 3.335001e-04 3.199755e-05 
249 7471 9.371943e-03 0 0 1.665117e-03 5.939505e-04 1.291058e-03 7.150411e-04 8.351072e-04 1.756591e-03 6.341243e-04 3.607588e-04 3.620906e-05 
250 7501 9.102065e-03 0 0 1.587714e-03 5.595814e-04 1.213191e-03 7.026203e-04 7.971812e-04 1.769047e-03 6.140632e-04 3.570930e-04 3.630344e-05 
251 7531 9.406785e-03 0 0 1.604208e-03 5.873141e-04 1.271117e-03 7.215059e-04 7.951779e-04 1.756367e-03 6.543980e-04 3.827056e-04 3.682497e-05 
252 7561 1.022194e-02 0 0 1.720680e-03 6.471121e-04 1.380859e-03 7.800079e-04 8.631019e-04 1.839771e-03 7.050770e-04 4.090414e-04 4.095316e-05 
253 7591 9.760929e-03 0 0 1.669533e-03 6.127817e-04 1.329439e-03 7.485530e-04 8.360313e-04 1.812915e-03 6.588227e-04 4.004542e-04 3.989011e-05 
254 7621 1.031823e-02 0 0 1.837599e-03 6.503333e-04 1.373739e-03 7.798453e-04 9.317251e-04 1.890891e-03 7.017898e-04 4.187516e-04 4.432220e-05 
255 7651 1.173939e-02 0 0 2.357592e-03 7.477883e-04 1.539028e-03 8.706902e-04 1.164502e-03 2.099108e-03 8.076236e-04 4.736664e-04 4.950252e-05 
256 7681 1.179027e-02 0 0 2.347277e-03 7.384208e-04 1.523328e-03 8.476223e-04 1.156873e-03 2.043437e-03 8.042547e-04 4.782134e-04 5.014019e-05 
257 7711 1.222626e-02 0 0 2.469180e-03 7.587322e-04 1.552760e-03 8.494037e-04 1.210407e-03 2.061191e-03 8.135796e-04 4.796883e-04 5.143988e-05 
258 7741 1.131005e-02 0 0 2.378496e-03 6.869545e-04 1.406119e-03 8.072219e-04 1.164144e-03 1.902311e-03 7.423787e-04 4.536807e-04 4.583824e-05 
259 7771 1.201865e-02 0 0 2.472910e-03 7.753338e-04 1.575275e-03 8.365216e-04 1.204276e-03 1.990868e-03 7.681315e-04 4.774509e-04 5.377572e-05 
260 7801 1.256572e-02 0 0 2.628274e-03 8.035571e-04 1.670649e-03 9.132934e-04 1.266403e-03 2.242404e-03 7.933530e-04 4.962042e-04 5.481793e-05 
261 7831 1.294952e-02 0 0 2.997481e-03 8.699451e-04 1.703244e-03 9.375513e-04 1.370351e-03 2.347509e-03 8.357744e-04 5.269304e-04 5.612026e-05 
262 7861 1.239956e-02 0 0 2.959688e-03 8.223043e-04 1.602782e-03 8.687757e-04 1.307526e-03 2.224846e-03 8.181339e-04 5.032171e-04 5.189035e-05 
263 7891 1.385057e-02 0 0 3.378315e-03 9.207712e-04 1.833261e-03 9.903012e-04 1.447787e-03 2.534752e-03 9.060554e-04 5.420995e-04 5.754974e-05 
264 7921 1.493734e-02 0 0 3.696149e-03 9.741904e-04 1.962360e-03 1.040425e-03 1.588605e-03 2.718557e-03 9.846665e-04 5.886769e-04 6.323389e-05 
265 7951 1.310192e-02 0 0 3.158365e-03 8.414917e-04 1.680776e-03 8.873970e-04 1.353417e-03 2.315444e-03 8.773462e-04 5.230175e-04 5.498101e-05 
266 7981 1.346442e-02 0 0 3.165072e-03 8.722096e-04 1.736057e-03 9.543762e-04 1.371621e-03 2.528508e-03 8.911812e-04 5.249432e-04 5.820124e-05 
267 8011 1.336746e-02 0 0 3.206447e-03 8.503170e-04 1.669016e-03 9.435730e-04 1.371850e-03 2.565612e-03 8.734778e-04 5.249020e-04 5.949502e-05 
268 8041 1.468344e-02 0 0 3.628078e-03 9.905024e-04 1.859154e-03 1.090555e-03 1.513379e-03 2.916283e-03 9.478838e-04 5.728903e-04 7.001413e-05 
269 8071 1.401022e-02 0 0 3.405990e-03 9.614940e-04 1.736964e-03 1.006634e-03 1.410751e-03 2.679134e-03 9.102675e-04 5.339838e-04 6.764218e-05 
270 8101 1.246523e-02 0 0 3.004809e-03 8.467671e-04 1.542495e-03 8.743399e-04 1.237355e-03 2.277921e-03 8.309176e-04 4.651325e-04 5.958992e-05 
271 8131 1.133070e-02 0 0 2.721827e-03 7.896705e-04 1.485819e-03 7.740377e-04 1.107253e-03 1.993141e-03 7.730688e-04 4.403569e-04 5.475034e-05 
272 8161 1.101310e-02 0 0 2.536305e-03 7.596252e-04 1.420612e-03 7.381011e-04 1.032859e-03 1.876008e-03 7.662900e-04 4.321680e-04 5.089325e-05 
273 8191 1.023871e-02 0 0 2.409690e-03 7.112276e-04 1.311170e-03 6.808558e-04 9.541984e-04 1.726229e-03 7.307397e-04 3.953760e-04 4.618288e-05 
274 8221 1.045678e-02 0 0 2.439545e-03 7.339346e-04 1.358323e-03 6.736814e-04 9.822188e-04 1.690643e-03 7.607893e-04 4.011928e-04 4.677561e-05 
275 8251 1.047627e-02 0 0 2.490198e-03 7.229939e-04 1.340564e-03 6.758334e-04 1.014056e-03 1.698941e-03 7.785480e-04 3.882017e-04 4.521722e-05 
276 8281 1.036112e-02 0 0 2.449583e-03 7.256517e-04 1.328193e-03 6.887459e-04 1.016069e-03 1.715861e-03 7.701958e-04 3.966767e-04 4.640241e-05 
277 8311 1.125606e-02 0 0 2.687040e-03 7.586744e-04 1.430913e-03 8.557840e-04 1.099118e-03 1.970248e-03 8.075935e-04 4.498359e-04 4.979094e-05 
278 8341 1.339334e-02 0 0 3.141514e-03 8.928934e-04 1.690424e-03 1.079921e-03 1.263421e-03 2.378312e-03 9.203712e-04 5.383605e-04 6.020133e-05 
279 8371 1.369431e-02 0 0 3.154971e-03 9.334779e-04 1.685932e-03 1.093969e-03 1.285466e-03 2.472948e-03 9.296051e-04 5.336590e-04 6.343889e-05 
280 8401 1.602355e-02 0 0 3.569392e-03 1.099620e-03 1.967316e-03 1.281200e-03 1.452090e-03 2.877907e-03 1.102454e-03 6.352209e-04 7.417243e-05 
281 8431 1.805730e-02 0 0 4.035191e-03 1.270410e-03 2.201948e-03 1.476858e-03 1.612195e-03 3.556710e-03 1.221121e-03 6.996983e-04 8.840678e-05 
282 8461 1.779347e-02 0 0 3.966496e-03 1.263174e-03 2.164895e-03 1.522099e-03 1.556999e-03 3.827206e-03 1.225381e-03 6.929908e-04 8.618597e-05 
283 8491 1.639226e-02 0 0 3.588445e-03 1.195962e-03 2.067981e-03 1.414707e-03 1.403141e-03 3.555916e-03 1.151217e-03 6.334833e-04 7.833347e-05 
284 8521 1.663294e-02 0 0 3.719708e-03 1.291989e-03 2.041241e-03 1.381004e-03 1.441224e-03 3.568354e-03 1.177279e-03 6.311519e-04 8.328382e-05 
285 8551 1.379977e-02 0 0 3.092830e-03 1.089943e-03 1.695317e-03 1.124017e-03 1.183428e-03 2.886878e-03 9.501816e-04 5.214419e-04 7.019635e-05 
286 8581 1.278825e-02 0 0 2.885322e-03 9.976709e-04 1.555904e-03 1.020055e-03 1.103783e-03 2.627505e-03 8.463965e-04 4.761954e-04 6.689489e-05 
287 8611 1.297824e-02 0 0 2.855767e-03 9.763635e-04 1.579024e-03 1.005868e-03 1.095637e-03 2.623479e-03 8.434084e-04 4.724863e-04 6.486607e-05 
288 8641 1.096977e-02 0 0 2.350884e-03 8.398411e-04 1.393067e-03 8.610382e-04 9.102445e-04 2.217302e-03 6.852824e-04 3.850035e-04 5.441326e-05 
289 8671 9.913527e-03 0 0 2.064994e-03 7.634119e-04 1.256792e-03 8.075911e-04 7.969952e-04 2.104547e-03 6.049401e-04 3.442317e-04 4.925630e-05 
290 8701 1.075736e-02 0 0 2.160201e-03 8.208309e-04 1.342237e-03 8.591933e-04 8.331213e-04 2.258826e-03 6.577328e-04 3.654706e-04 5.287509e-05 
291 8731 1.178872e-02 0 0 2.389361e-03 1.017771e-03 1.520085e-03 9.081425e-04 9.210161e-04 2.549719e-03 7.673376e-04 3.955193e-04 6.348168e-05 
292 8761 1.066211e-02 0 0 2.112649e-03 8.934240e-04 1.341649e-03 8.281277e-04 8.267305e-04 2.282451e-03 6.791486e-04 3.625553e-04 5.572797e-05 
293 8791 9.746258e-03 0 0 1.891649e-03 8.037007e-04 1.183593e-03 7.266340e-04 7.322766e-04 2.045085e-03 6.273792e-04 3.239448e-04 4.926169e-05 
294 8821 9.744329e-03 0 0 1.854947e-03 7.864963e-04 1.165572e-03 7.074080e-04 7.153672e-04 1.958461e-03 6.214891e-04 3.225662e-04 4.823454e-05 
295 8851 8.900013e-03 0 0 1.755897e-03 6.840992e-04 1.052508e-03 6.447017e-04 6.613161e-04 1.744096e-03 5.403838e-04 2.864153e-04 4.294729e-05 
296 8881 7.952900e-03 0 0 1.584318e-03 6.170943e-04 9.546792e-04 6.111135e-04 5.986077e-04 1.595030e-03 4.900880e-04 2.572201e-04 3.973000e-05 
297 8911 7.362023e-03 0 0 1.443657e-03 5.531297e-04 8.498238e-04 5.537830e-04 5.472027e-04 1.442899e-03 4.502023e-04 2.365509e-04 3.622662e-05 
298 8941 6.850848e-03 0 0 1.303920e-03 5.004645e-04 7.537496e-04 5.049381e-04 4.995197e-04 1.330143e-03 4.246602e-04 2.165780e-04 3.300734e-05 
299 8971 6.777267e-03 0 0 1.290434e-03 4.936772e-04 7.267434e-04 4.879284e-04 4.966881e-04 1.310394e-03 4.023272e-04 2.096281e-04 3.221100e-05 
300 9001 6.491768e-03 0 0 1.233227e-03 4.642424e-04 7.191220e-04 4.611056e-04 4.657944e-04 1.223836e-03 3.826834e-04 1.937125e-04 3.021889e-05 
301 9031 6.289069e-03 0 0 1.170742e-03 4.491883e-04 7.130601e-04 4.511876e-04 4.490358e-04 1.187607e-03 3.644305e-04 1.868008e-04 2.910957e-05 
302 9061 6.745805e-03 0 0 1.271090e-03 4.847845e-04 7.654297e-04 4.672494e-04 5.028792e-04 1.235096e-03 3.942214e-04 1.979255e-04 3.341462e-05 
303 9091 6.898378e-03 0 0 1.272374e-03 5.024692e-04 7.825792e-04 4.683800e-04 5.067288e-04 1.255002e-03 4.160315e-04 1.998060e-04 3.367677e-05 
304 9121 7.294671e-03 0 0 1.324824e-03 5.268749e-04 8.191573e-04 4.804098e-04 5.340553e-04 1.303496e-03 4.317008e-04 2.040332e-04 3.524750e-05 
305 9151 6.986322e-03 0 0 1.224778e-03 5.119766e-04 7.838945e-04 4.439961e-04 4.989827e-04 1.234234e-03 4.155820e-04 1.885042e-04 3.411293e-05 
306 9181 7.483788e-03 0 0 1.313446e-03 5.484895e-04 8.265043e-04 5.111310e-04 5.256420e-04 1.412005e-03 4.450452e-04 2.223197e-04 3.677206e-05 
307 9211 7.133863e-03 0 0 1.280821e-03 5.059516e-04 7.589652e-04 4.802221e-04 5.090146e-04 1.339080e-03 4.104402e-04 2.099536e-04 3.464991e-05 
308 9241 7.444188e-03 0 0 1.345628e-03 5.204867e-04 7.795528e-04 4.971293e-04 5.440690e-04 1.389640e-03 4.572447e-04 2.268578e-04 3.728457e-05 
309 9271 7.230759e-03 0 0 1.353069e-03 5.278313e-04 7.495983e-04 4.637408e-04 5.437535e-04 1.335208e-03 4.396178e-04 2.161727e-04 3.683978e-05 
310 9301 7.574257e-03 0 0 1.369536e-03 5.565681e-04 7.986057e-04 5.171625e-04 5.490645e-04 1.416925e-03 4.720625e-04 2.394842e-04 3.904190e-05 
311 9331 8.826771e-03 0 0 1.592418e-03 6.264055e-04 9.213054e-04 6.287251e-04 6.442198e-04 1.665752e-03 5.730890e-04 2.814264e-04 4.427871e-05 
312 9361 7.748528e-03 0 0 1.373656e-03 5.410597e-04 7.806539e-04 5.470537e-04 5.496713e-04 1.459925e-03 4.886252e-04 2.370424e-04 3.707981e-05 
313 9391 7.155660e-03 0 0 1.316718e-03 5.206354e-04 6.926511e-04 5.295413e-04 5.105244e-04 1.418775e-03 4.664287e-04 2.221740e-04 3.483404e-05 
314 9421 6.649084e-03 0 0 1.206237e-03 4.825881e-04 6.462370e-04 4.903392e-04 4.768875e-04 1.308755e-03 4.280170e-04 2.051448e-04 3.274263e-05 
315 9451 6.647047e-03 0 0 1.189158e-03 4.806402e-04 6.498940e-04 4.713879e-04 4.774412e-04 1.240195e-03 4.339380e-04 2.048135e-04 3.203528e-05 
316 9481 6.433035e-03 0 0 1.121404e-03 4.617908e-04 6.141192e-04 4.498124e-04 4.532141e-04 1.197373e-03 4.124266e-04 1.934491e-04 3.049520e-05 
317 9511 7.235556e-03 0 0 1.278425e-03 5.304575e-04 7.458893e-04 4.935637e-04 5.223878e-04 1.289948e-03 4.834020e-04 2.160998e-04 3.593783e-05 
318 9541 8.364313e-03 0 0 1.442481e-03 6.213365e-04 9.373851e-04 5.918181e-04 5.931626e-04 1.451688e-03 5.789269e-04 2.612295e-04 4.138338e-05 
319 9571 8.944689e-03 0 0 1.568011e-03 6.431521e-04 1.008705e-03 6.426975e-04 6.371759e-04 1.526298e-03 6.048304e-04 2.739190e-04 4.295481e-05 
320 9601 9.461506e-03 0 0 1.689217e-03 6.816956e-04 1.047463e-03 6.673455e-04 6.822258e-04 1.611339e-03 6.445314e-04 2.820269e-04 4.434176e-05 
321 9631 8.146999e-03 0 0 1.462546e-03 6.071316e-04 9.062526e-04 5.725804e-04 5.858523e-04 1.370805e-03 5.697725e-04 2.434624e-04 3.867933e-05 
322 9661 7.771704e-03 0 0 1.380440e-03 5.657999e-04 8.284773e-04 5.505610e-04 5.523355e-04 1.327988e-03 5.310403e-04 2.307170e-04 3.663546e-05 
323 9691 7.308212e-03 0 0 1.259277e-03 5.182898e-04 7.633742e-04 5.156064e-04 5.007927e-04 1.243945e-03 4.758144e-04 2.088783e-04 3.342454e-05 
324 9721 7.343961e-03 0 0 1.294951e-03 5.110443e-04 7.661984e-04 5.284312e-04 5.098655e-04 1.255599e-03 4.613930e-04 2.064102e-04 3.274655e-05 
325 9751 7.242746e-03 0 0 1.302694e-03 4.826324e-04 7.324365e-04 5.350332e-04 5.103360e-04 1.247079e-03 4.393210e-04 2.085509e-04 3.141146e-05 
326 9781 7.299813e-03 0 0 1.288998e-03 4.743665e-04 7.207019e-04 5.468823e-04 5.065888e-04 1.250872e-03 4.385082e-04 2.167356e-04 3.115643e-05 
327 9811 7.463734e-03 0 0 1.285322e-03 4.759920e-04 7.344954e-04 6.136254e-04 5.015764e-04 1.347948e-03 4.459676e-04 2.444513e-04 3.151911e-05 
328 9841 7.034903e-03 0 0 1.184188e-03 4.415915e-04 6.962444e-04 5.701929e-04 4.577967e-04 1.241459e-03 4.099062e-04 2.246364e-04 2.943474e-05 
329 9871 7.729086e-03 0 0 1.240319e-03 4.682187e-04 7.675343e-04 6.289259e-04 4.828925e-04 1.346695e-03 4.368160e-04 2.470018e-04 3.218869e-05 
330 9901 8.533054e-03 0 0 1.366038e-03 5.430238e-04 8.901451e-04 6.727560e-04 5.345507e-04 1.463469e-03 4.886812e-04 2.701600e-04 3.787187e-05 
331 9931 9.579652e-03 0 0 1.451599e-03 6.162218e-04 1.089449e-03 7.705738e-04 5.782709e-04 1.667213e-03 5.351221e-04 3.056699e-04 4.431874e-05 
332 9961 1.010509e-02 0 0 1.670643e-03 6.471670e-04 1.113796e-03 7.866583e-04 6.627556e-04 1.732205e-03 5.769558e-04 3.175342e-04 4.578081e-05 
333 9991 9.931560e-03 0 0 1.604901e-03 6.668311e-04 1.107716e-03 7.446118e-04 6.431013e-04 1.656738e-03 5.828120e-04 3.105996e-04 4.761508e-05 
334 10021 1.011780e-02 0 0 1.567007e-03 6.961723e-04 1.150590e-03 7.476383e-04 6.334540e-04 1.643308e-03 6.023821e-04 3.134593e-04 4.873559e-05 
335 10051 9.596337e-03 0 0 1.511227e-03 6.655957e-04 1.076580e-03 6.846384e-04 6.194553e-04 1.523981e-03 5.567566e-04 2.858545e-04 4.551866e-05 
336 10081 9.942394e-03 0 0 1.523074e-03 7.037394e-04 1.084140e-03 6.992733e-04 6.331159e-04 1.637826e-03 5.828612e-04 2.897291e-04 4.654477e-05 
337 10111 1.071264e-02 0 0 1.597411e-03 7.888129e-04 1.218855e-03 8.020375e-04 6.617590e-04 1.823183e-03 6.611129e-04 3.253828e-04 5.153917e-05 
338 10141 1.111905e-02 0 0 1.739946e-03 8.189734e-04 1.268409e-03 8.272145e-04 7.270162e-04 1.903260e-03 7.053409e-04 3.343742e-04 5.278083e-05 
339 10171 1.110326e-02 0 0 1.744792e-03 8.093726e-04 1.236139e-03 8.113993e-04 7.206004e-04 1.878059e-03 6.940982e-04 3.305331e-04 5.170366e-05 
340 10201 9.772428e-03 0 0 1.549066e-03 6.956030e-04 1.079800e-03 7.032309e-04 6.314490e-04 1.611250e-03 5.991735e-04 2.821135e-04 4.457641e-05 
341 10231 8.571999e-03 0 0 1.376924e-03 6.371810e-04 9.578075e-04 6.249065e-04 5.700431e-04 1.486358e-03 5.462310e-04 2.479555e-04 4.075948e-05 
342 10261 7.879496e-03 0 0 1.297565e-03 5.796871e-04 8.736233e-04 5.612916e-04 5.360486e-04 1.313549e-03 4.970508e-04 2.280038e-04 3.728910e-05 
343 10291 9.349211e-03 0 0 1.566096e-03 6.905083e-04 1.052728e-03 6.610479e-04 6.473547e-04 1.548512e-03 5.711779e-04 2.609896e-04 4.579246e-05 
344 10321 1.096696e-02 0 0 1.858727e-03 8.731943e-04 1.259951e-03 7.727665e-04 7.697765e-04 1.856687e-03 6.884544e-04 3.159213e-04 5.911743e-05 
345 10351 1.144569e-02 0 0 1.882957e-03 9.058772e-04 1.318919e-03 7.948609e-04 7.905492e-04 1.909387e-03 6.997092e-04 3.257586e-04 6.169350e-05 
346 10381 1.065334e-02 0 0 1.738170e-03 8.590291e-04 1.228680e-03 7.077645e-04 7.400005e-04 1.765495e-03 6.276777e-04 2.909250e-04 5.993298e-05 
347 10411 9.772587e-03 0 0 1.546263e-03 7.992909e-04 1.159071e-03 6.711385e-04 6.556860e-04 1.587366e-03 5.817616e-04 2.871147e-04 5.559863e-05 
348 10441 1.045261e-02 0 0 1.691897e-03 8.270612e-04 1.215359e-03 7.160555e-04 7.048884e-04 1.643389e-03 5.921915e-04 2.964150e-04 5.744681e-05 
349 10471 9.295225e-03 0 0 1.480753e-03 8.130779e-04 1.161390e-03 6.306586e-04 6.151077e-04 1.479524e-03 5.695424e-04 2.639466e-04 5.541065e-05 
350 10501 8.185519e-03 0 0 1.299415e-03 6.937263e-04 9.927536e-04 5.365109e-04 5.353496e-04 1.245145e-03 4.877083e-04 2.270293e-04 4.719887e-05 
351 10531 7.161266e-03 0 0 1.118092e-03 5.931783e-04 8.502161e-04 4.609858e-04 4.626085e-04 1.075083e-03 4.116700e-04 1.935512e-04 4.078211e-05 
352 10561 6.857469e-03 0 0 1.039320e-03 5.762504e-04 8.457693e-04 4.337193e-04 4.344229e-04 1.022798e-03 3.833143e-04 1.796455e-04 4.059598e-05 
353 10591 7.174217e-03 0 0 1.117362e-03 6.013797e-04 8.635513e-04 4.660326e-04 4.599378e-04 1.116057e-03 4.064888e-04 1.898708e-04 4.257320e-05 
354 10621 8.024113e-03 0 0 1.222672e-03 6.574218e-04 9.329202e-04 5.375928e-04 4.983708e-04 1.271438e-03 4.477050e-04 2.166582e-04 4.603888e-05 
355 10651 8.194825e-03 0 0 1.223027e-03 6.698931e-04 9.721443e-04 5.509981e-04 4.977389e-04 1.274818e-03 4.568634e-04 2.213531e-04 4.645328e-05 
356 10681 8.026648e-03 0 0 1.210124e-03 6.490168e-04 9.323867e-04 5.360334e-04 4.891657e-04 1.267776e-03 4.345459e-04 2.133275e-04 4.594242e-05 
357 10711 7.070607e-03 0 0 1.077645e-03 5.527067e-04 8.006851e-04 4.616580e-04 4.332662e-04 1.087910e-03 3.699588e-04 1.806911e-04 3.923943e-05 
358 10741 6.472544e-03 0 0 9.902168e-04 5.255633e-04 7.327478e-04 4.228343e-04 3.952402e-04 1.001193e-03 3.479773e-04 1.692879e-04 3.672471e-05 
359 10771 7.200978e-03 0 0 1.229057e-03 5.787435e-04 8.132123e-04 4.664561e-04 4.842267e-04 1.100478e-03 3.878359e-04 1.830997e-04 4.061529e-05 
360 10801 7.332521e-03 0 0 1.342292e-03 5.768518e-04 8.147966e-04 4.632300e-04 5.353857e-04 1.101327e-03 3.824243e-04 1.807407e-04 4.129338e-05 
361 10831 7.192799e-03 0 0 1.356115e-03 6.005438e-04 8.168964e-04 4.561832e-04 5.388132e-04 1.128345e-03 4.039365e-04 1.793710e-04 4.283633e-05 
362 10861 7.117954e-03 0 0 1.312860e-03 6.334419e-04 8.568478e-04 4.440576e-04 5.200614e-04 1.102643e-03 4.163446e-04 1.812486e-04 4.436836e-05 
363 10891 8.688925e-03 0 0 1.586048e-03 8.953022e-04 1.249696e-03 5.560659e-04 6.294623e-04 1.329021e-03 5.841609e-04 2.385694e-04 6.157330e-05 
364 10921 8.750172e-03 0 0 1.552612e-03 9.151973e-04 1.279010e-03 5.446983e-04 6.221225e-04 1.291304e-03 5.969840e-04 2.390954e-04 6.283395e-05 
365 10951 9.624097e-03 0 0 1.673578e-03 1.107033e-03 1.512827e-03 5.888186e-04 6.694038e-04 1.489896e-03 7.159198e-04 2.694460e-04 7.535940e-05 
366 10981 1.050142e-02 0 0 1.787922e-03 1.249079e-03 1.734288e-03 6.247261e-04 7.176577e-04 1.591675e-03 7.803297e-04 2.890632e-04 8.566883e-05 
367 11011 1.118376e-02 0 0 1.844957e-03 1.354289e-03 1.909887e-03 6.444529e-04 7.376747e-04 1.673197e-03 8.480565e-04 3.013206e-04 9.264533e-05 
368 11041 1.179284e-02 0 0 1.980953e-03 1.361597e-03 1.919433e-03 6.826460e-04 7.861323e-04 1.763006e-03 8.615069e-04 3.085825e-04 9.314319e-05 
369 11071 1.310890e-02 0 0 2.387027e-03 1.505852e-03 2.080983e-03 7.671259e-04 9.720587e-04 1.972751e-03 9.435646e-04 3.474586e-04 1.043942e-04 
370 11101 1.294846e-02 0 0 2.358471e-03 1.462581e-03 2.041961e-03 7.604038e-04 9.659386e-04 1.898711e-03 9.092938e-04 3.391263e-04 1.021202e-04 
371 11131 1.300842e-02 0 0 2.345572e-03 1.486796e-03 2.117696e-03 7.994085e-04 9.575965e-04 1.856117e-03 9.114756e-04 3.532505e-04 1.025726e-04 
372 11161 1.273061e-02 0 0 2.260060e-03 1.439763e-03 2.024807e-03 7.538549e-04 9.171015e-04 1.851128e-03 8.820132e-04 3.306374e-04 9.975190e-05 
373 11191 1.343795e-02 0 0 2.314336e-03 1.469314e-03 2.062377e-03 7.962034e-04 9.351561e-04 1.979231e-03 9.026539e-04 3.398194e-04 1.019586e-04 
374 11221 1.406708e-02 0 0 2.598178e-03 1.570089e-03 2.166726e-03 8.192256e-04 1.068232e-03 2.123659e-03 9.391419e-04 3.427649e-04 1.100547e-04 
375 11251 1.398408e-02 0 0 2.534357e-03 1.498911e-03 2.088569e-03 8.026284e-04 1.051010e-03 2.036424e-03 8.994984e-04 3.354688e-04 1.054680e-04 
376 11281 1.155337e-02 0 0 2.094274e-03 1.244493e-03 1.703929e-03 6.383542e-04 8.718089e-04 1.686333e-03 7.515602e-04 2.730779e-04 8.791027e-05 
377 11311 1.069961e-02 0 0 1.926393e-03 1.169379e-03 1.591143e-03 5.773920e-04 8.054608e-04 1.544100e-03 7.300208e-04 2.552149e-04 8.280083e-05 
378 11341 1.069930e-02 0 0 1.884532e-03 1.143908e-03 1.549278e-03 5.560079e-04 7.856930e-04 1.517912e-03 7.156138e-04 2.444256e-04 8.187174e-05 
379 11371 1.212281e-02 0 0 2.184144e-03 1.270052e-03 1.719005e-03 6.344845e-04 9.357464e-04 1.687910e-03 7.868744e-04 2.786273e-04 9.199808e-05 
380 11401 1.346642e-02 0 0 2.396205e-03 1.392026e-03 1.914049e-03 6.838778e-04 1.025516e-03 1.865337e-03 8.510689e-04 2.959833e-04 1.018183e-04 
381 11431 1.417252e-02 0 0 2.648644e-03 1.466920e-03 1.969433e-03 7.121608e-04 1.108874e-03 2.034126e-03 8.963598e-04 3.103689e-04 1.063600e-04 
382 11461 1.311500e-02 0 0 2.491598e-03 1.313276e-03 1.775070e-03 6.991387e-04 1.028486e-03 1.861252e-03 8.138366e-04 2.957139e-04 9.543698e-05 
383 11491 1.190990e-02 0 0 2.188667e-03 1.160843e-03 1.573924e-03 6.166124e-04 8.986890e-04 1.616596e-03 7.510305e-04 2.672314e-04 8.436206e-05 
384 11521 1.114010e-02 0 0 2.068951e-03 1.051597e-03 1.420056e-03 5.749101e-04 8.527160e-04 1.485697e-03 6.936645e-04 2.495831e-04 7.688826e-05 
385 11551 1.087018e-02 0 0 2.019532e-03 1.033076e-03 1.392563e-03 5.577121e-04 8.267734e-04 1.442094e-03 7.003124e-04 2.477542e-04 7.463724e-05 
386 11581 1.109186e-02 0 0 2.103543e-03 1.066239e-03 1.450563e-03 6.062711e-04 8.477079e-04 1.554497e-03 7.212862e-04 2.528819e-04 7.641435e-05 
387 11611 9.841418e-03 0 0 1.818246e-03 9.328528e-04 1.256996e-03 5.209780e-04 7.342663e-04 1.365712e-03 6.274378e-04 2.160134e-04 6.669491e-05 
388 11641 9.650170e-03 0 0 1.779289e-03 9.140227e-04 1.253378e-03 5.202956e-04 7.152630e-04 1.299730e-03 6.197998e-04 2.189340e-04 6.453728e-05 
389 11671 9.190741e-03 0 0 1.673855e-03 8.624004e-04 1.187344e-03 4.906993e-04 6.748469e-04 1.226739e-03 5.978958e-04 2.076687e-04 6.069684e-05 
390 11701 8.750187e-03 0 0 1.635754e-03 8.099214e-04 1.100789e-03 4.658451e-04 6.583238e-04 1.207191e-03 5.587068e-04 1.914463e-04 5.752742e-05 
391 11731 8.365574e-03 0 0 1.551616e-03 7.745797e-04 1.057812e-03 4.491009e-04 6.236955e-04 1.132000e-03 5.279177e-04 1.858522e-04 5.475172e-05 
392 11761 9.526043e-03 0 0 1.757339e-03 8.578308e-04 1.178398e-03 5.269038e-04 7.054945e-04 1.334448e-03 5.923039e-04 2.091892e-04 6.067189e-05 
393 11791 8.767041e-03 0 0 1.566066e-03 7.705754e-04 1.052325e-03 4.765008e-04 6.323692e-04 1.209210e-03 5.335006e-04 1.913036e-04 5.446451e-05 
394 11821 8.274875e-03 0 0 1.431759e-03 7.124486e-04 9.605349e-04 4.317753e-04 5.817484e-04 1.112200e-03 4.956712e-04 1.765106e-04 5.027300e-05 
395 11851 7.845975e-03 0 0 1.326839e-03 6.701654e-04 9.047387e-04 4.093805e-04 5.384569e-04 1.054647e-03 4.651365e-04 1.640039e-04 4.733885e-05 
