%  columns="iteration, evaluation, sigma, axis ratio, bestever, best, median, worst fitness function value, further objective values of best" (startseed=212426, 2015/08/17 1:49:34.27)
1 31 1.985616e+00 5.824840e+00  8.026003405383166012e+01  8.026003405383166012e+01  3.353002647442520538e+04  2.280434109949743003e+07
2 61 2.058678e+00 5.835003e+00  8.026003405383166012e+01  2.806537861448088051e+02  3.299155273012524958e+02  1.434779344866218418e+07
3 91 1.899661e+00 5.684736e+00  8.026003405383166012e+01  1.042396535492540863e+02  3.299883511107057075e+02  1.546668533041420951e+07
4 121 1.782515e+00 5.495457e+00  8.026003405383166012e+01  2.171858846613965284e+02  3.298898004723349118e+02  1.553563890691874083e+06
5 151 1.712384e+00 5.337192e+00  6.400505371388820208e+01  6.400505371388820208e+01  3.299413498399665059e+02  1.874262314380614832e+07
6 181 1.641998e+00 5.207945e+00  6.400505371388820208e+01  1.304120909416514564e+02  3.299259403738677747e+02  8.527839218197865412e+05
7 211 1.500673e+00 5.221566e+00  6.400505371388820208e+01  8.319082894675160844e+01  3.301366310919584066e+02  4.743880567136246711e+06
8 241 1.391923e+00 5.206747e+00  6.400505371388820208e+01  3.068927441571349277e+02  3.300752232692959751e+02  2.152668479786047712e+06
9 271 1.475339e+00 5.364755e+00  6.400505371388820208e+01  1.226490587408206068e+02  3.300947022019856831e+02  2.421590879709542496e+05
10 301 1.512884e+00 5.697128e+00  6.400505371388820208e+01  6.962705302006712316e+01  3.301351601785239609e+02  1.198809867229488736e+05
11 331 1.467989e+00 5.574451e+00  6.400505371388820208e+01  1.813181634059401404e+02  3.301097442068087275e+02  1.873711354925390333e+05
12 361 1.441019e+00 5.636047e+00  6.400505371388820208e+01  2.195954773570977636e+02  3.301229853216213996e+02  9.988633183683443349e+05
13 391 1.385552e+00 5.557301e+00  6.400505371388820208e+01  1.206317968377875047e+02  3.301228721870940035e+02  2.623208907670286717e+05
14 421 1.351543e+00 5.768752e+00  6.363246812893135029e+01  6.363246812893135029e+01  3.298394267423923907e+02  4.568057363056138274e+04
15 451 1.480757e+00 5.682859e+00  6.363246812893135029e+01  6.443996930656587097e+01  3.301108837974178414e+02  8.399924415655469056e+04
16 481 1.555480e+00 5.707519e+00  6.336119215326495890e+01  6.336119215326495890e+01  3.300388973148675404e+02  4.481176245488543645e+04
17 511 1.669375e+00 5.695797e+00  6.336119215326495890e+01  1.176902236943882656e+02  3.300037726519815351e+02  2.188846664600981967e+04
18 541 1.756682e+00 5.635682e+00  6.336119215326495890e+01  8.288959850743833613e+01  3.300840049543814416e+02  2.043041457576937391e+05
19 571 1.739454e+00 5.529829e+00  6.336119215326495890e+01  2.460671341625281059e+02  3.299624402079400056e+02  2.424746717227751855e+06
20 601 1.545698e+00 5.547230e+00  6.336119215326495890e+01  1.940132652576268129e+02  3.300686822185033407e+02  2.880711101921786321e+05
21 631 1.540221e+00 5.492875e+00  6.336119215326495890e+01  1.379521098219263422e+02  3.300305129045245280e+02  3.914554124645906995e+04
22 661 1.388690e+00 5.648572e+00  6.336119215326495890e+01  7.015209502363556737e+01  3.283055250214246144e+02  4.804638721371050565e+02
23 691 1.342916e+00 5.872642e+00  6.336119215326495890e+01  8.744402739601437702e+01  3.299678607192311119e+02  3.335626683764136396e+05
24 721 1.303967e+00 5.811479e+00  5.980433683689918212e+01  5.980433683689918212e+01  3.237810152730550044e+02  8.900868361585442472e+03
25 751 1.293770e+00 5.708656e+00  5.980433683689918212e+01  6.376568320507280418e+01  3.087744710815003373e+02  1.037931638701158954e+05
26 781 1.399515e+00 5.559319e+00  5.850123275503049314e+01  5.850123275503049314e+01  3.267590911275767667e+02  2.553260618730823808e+03
27 811 1.259921e+00 5.492482e+00  5.850123275503049314e+01  6.094605857177079145e+01  3.175854609470407013e+02  6.055429720603387977e+03
28 841 1.131802e+00 5.455524e+00  5.850123275503049314e+01  5.890110609860430912e+01  2.820816020036330656e+02  5.738207059515943001e+03
29 871 1.014715e+00 5.481489e+00  5.850123275503049314e+01  5.953032515624121146e+01  2.678374829546312412e+02  3.717678721223752291e+03
30 901 8.784358e-01 5.450305e+00  5.850123275503049314e+01  6.096969278843283035e+01  2.145083818680023455e+02  7.228324525880830151e+03
31 931 9.578221e-01 5.475133e+00  5.825423725372699835e+01  5.825423725372699835e+01  2.656886518031710693e+02  3.313007990080429408e+03
32 961 8.694733e-01 5.361221e+00  5.825423725372699835e+01  6.023450665823720840e+01  1.999915826667615875e+02  6.864986110070265113e+02
33 991 7.870155e-01 5.412388e+00  5.825423725372699835e+01  6.128718895671534028e+01  1.413811461668270226e+02  1.678568908664782612e+03
34 1021 7.158822e-01 5.395730e+00  5.825423725372699835e+01  6.098016635479635994e+01  2.198539286337512522e+02  1.279945849683970664e+03
35 1051 7.739754e-01 5.375899e+00  5.825423725372699835e+01  5.968314175752662720e+01  1.102185892451597908e+02  7.557507290734178014e+02
36 1081 8.448068e-01 5.408181e+00  5.825423725372699835e+01  6.276136974559832993e+01  1.586410265672385549e+02  7.612485556291976536e+02
37 1111 7.005493e-01 5.506850e+00  5.825423725372699835e+01  6.035568547338777989e+01  1.154732985765964486e+02  4.329545624644002260e+02
38 1141 6.636130e-01 5.702419e+00  5.825423725372699835e+01  6.042437997777022929e+01  8.235032017920485714e+01  2.758146376309473453e+02
39 1171 7.026628e-01 5.879554e+00  5.825423725372699835e+01  5.877330678883543413e+01  1.240148641664638944e+02  1.055731374664309442e+03
40 1201 6.699735e-01 5.967570e+00  5.825423725372699835e+01  5.855236585343331512e+01  1.006282508524207344e+02  3.824631967626764322e+02
41 1231 6.583011e-01 6.034224e+00  5.825423725372699835e+01  5.865572129568417381e+01  1.095198107464940449e+02  3.522099348762098998e+02
42 1261 5.693127e-01 6.359900e+00  5.825423725372699835e+01  5.832312733822749351e+01  8.482765948275695678e+01  1.622291722279194062e+02
43 1291 5.247747e-01 6.709283e+00  5.825423725372699835e+01  5.869387900686754733e+01  7.550896780652530538e+01  2.307662243669034581e+02
44 1321 5.448235e-01 7.906911e+00  5.806682036225596022e+01  5.806682036225596022e+01  6.738076664691345741e+01  1.296361406587370482e+02
45 1351 5.137373e-01 8.553690e+00  5.798424543670161313e+01  5.798424543670161313e+01  6.616588237899688352e+01  1.530993938548977553e+02
46 1381 5.273207e-01 9.068617e+00  5.798424543670161313e+01  5.802528032331680663e+01  6.448217654521232589e+01  2.057438551640106823e+02
47 1411 5.328596e-01 9.246816e+00  5.760667293395712818e+01  5.760667293395712818e+01  6.123388542122931710e+01  1.732505849336312735e+02
48 1441 5.268496e-01 9.557797e+00  5.760667293395712818e+01  5.786355285107030966e+01  6.980631653607971998e+01  1.475185519387204920e+02
49 1471 5.646667e-01 1.010376e+01  5.760667293395712818e+01  5.837180158065385172e+01  6.826441005610374191e+01  1.323111102163891815e+02
50 1501 6.048768e-01 1.069720e+01  5.732020611844109226e+01  5.732020611844109226e+01  6.450316313943110913e+01  1.232788641388829376e+02
51 1531 5.321637e-01 1.142399e+01  5.732020611844109226e+01  5.781988247786630097e+01  6.510180244482256740e+01  1.789649079020981617e+02
52 1561 5.219941e-01 1.202991e+01  5.732020611844109226e+01  5.746069683318192745e+01  6.037039740656950215e+01  8.193152503682711085e+01
53 1591 4.598445e-01 1.260336e+01  5.732020611844109226e+01  5.791126789579884360e+01  6.116995786955574488e+01  1.001596038502557917e+02
54 1621 4.357929e-01 1.368219e+01  5.732020611844109226e+01  5.764427183465721072e+01  6.094088650534777685e+01  8.162899884342753865e+01
55 1651 3.667701e-01 1.462457e+01  5.732020611844109226e+01  5.755161768478211570e+01  6.036628956138205382e+01  8.893155234075594251e+01
56 1681 3.649509e-01 1.528886e+01  5.732020611844109226e+01  5.788015878217599663e+01  6.048755376799383754e+01  7.179343688977246529e+01
57 1711 4.117501e-01 1.613235e+01  5.732020611844109226e+01  5.779413850143532017e+01  5.884358027532375957e+01  7.399564901645926795e+01
58 1741 4.463113e-01 1.680125e+01  5.732020611844109226e+01  5.780479627444447033e+01  6.038469966030886837e+01  9.353648730137447842e+01
59 1771 4.455964e-01 1.730673e+01  5.726520365202676999e+01  5.726520365202676999e+01  5.979496522838071826e+01  1.044417243796168009e+02
60 1801 3.724664e-01 1.845946e+01  5.726520365202676999e+01  5.758373800762907280e+01  5.933250196118251552e+01  9.107589655983159105e+01
61 1831 3.269167e-01 1.981709e+01  5.726520365202676999e+01  5.741312631562895774e+01  5.936197046602886473e+01  7.914262949166763406e+01
62 1861 3.180859e-01 1.999274e+01  5.726520365202676999e+01  5.758847958380694365e+01  5.851123392120868516e+01  6.782449197126535978e+01
63 1891 2.781301e-01 2.119730e+01  5.726520365202676999e+01  5.736892725130664417e+01  5.905807279779838836e+01  6.569812297755336772e+01
64 1921 2.675417e-01 2.165203e+01  5.726520365202676999e+01  5.745886351536950087e+01  5.816323518852839669e+01  7.116527379779309115e+01
65 1951 2.541872e-01 2.272981e+01  5.726520365202676999e+01  5.740548634816364171e+01  5.782916207042352852e+01  6.073092939765778198e+01
66 1981 2.619164e-01 2.352432e+01  5.726520365202676999e+01  5.736468500046177610e+01  5.784241753737872216e+01  6.238521951983317138e+01
67 2011 2.621855e-01 2.494889e+01  5.726520365202676999e+01  5.729910970761680744e+01  5.800938506344236600e+01  6.400188809974241622e+01
68 2041 2.391374e-01 2.604925e+01  5.726520365202676999e+01  5.755578730589403591e+01  5.797709196412920107e+01  6.043429170054263011e+01
69 2071 2.520784e-01 2.710312e+01  5.726520365202676999e+01  5.730010203172903971e+01  5.782800983542034601e+01  5.980384661348409736e+01
70 2101 2.578865e-01 3.044610e+01  5.726520365202676999e+01  5.737384679767201590e+01  5.771706809128832560e+01  6.000429626539771277e+01
71 2131 2.539622e-01 3.230939e+01  5.726520365202676999e+01  5.731470688540886016e+01  5.773100227705933207e+01  6.010765886420617932e+01
72 2161 2.207116e-01 3.449343e+01  5.726520365202676999e+01  5.732370077940309727e+01  5.762169131255022592e+01  5.910935662031450732e+01
73 2191 2.358225e-01 3.644350e+01  5.726520365202676999e+01  5.729555994451062872e+01  5.761440435052736575e+01  5.856536721761167286e+01
74 2221 2.341515e-01 3.772718e+01  5.726520365202676999e+01  5.727559931800574589e+01  5.759330141247343704e+01  6.002848207414130854e+01
75 2251 2.485136e-01 3.926023e+01  5.726071583272265286e+01  5.726071583272265286e+01  5.749745442033420062e+01  5.929346036209375370e+01
76 2281 2.381805e-01 4.362820e+01  5.725943047652183537e+01  5.725943047652183537e+01  5.750305437102859685e+01  5.847040492796453748e+01
77 2311 2.656599e-01 4.500440e+01  5.725943047652183537e+01  5.733211052038569733e+01  5.752498395445695678e+01  5.827340684119275238e+01
78 2341 2.226860e-01 4.792884e+01  5.725659054443427465e+01  5.725659054443427465e+01  5.758179981339864639e+01  5.858720551614320016e+01
79 2371 2.003348e-01 4.841290e+01  5.725659054443427465e+01  5.727710351933262700e+01  5.749035784248958691e+01  5.813559337388201698e+01
80 2401 2.146133e-01 5.225489e+01  5.724972731095505196e+01  5.724972731095505196e+01  5.742466346373818453e+01  5.787305213605135634e+01
81 2431 2.104407e-01 5.591747e+01  5.724725592605918223e+01  5.724725592605918223e+01  5.741251552152064619e+01  5.828581949887202995e+01
82 2461 2.428298e-01 5.919103e+01  5.724725592605918223e+01  5.731272450165980104e+01  5.744378063610085405e+01  5.878258395100129974e+01
83 2491 2.239773e-01 6.127194e+01  5.724725592605918223e+01  5.725409307210888699e+01  5.738593129518739033e+01  6.106320499324454687e+01
84 2521 1.996135e-01 6.538938e+01  5.724725592605918223e+01  5.726936647015768500e+01  5.739791530840105338e+01  5.774235084506845794e+01
85 2551 1.867243e-01 6.685724e+01  5.724725592605918223e+01  5.725576552401302166e+01  5.739005047004441451e+01  5.772155816256216099e+01
86 2581 1.758954e-01 7.289643e+01  5.724725592605918223e+01  5.726474919470246761e+01  5.737850415407203286e+01  5.779942353031988489e+01
87 2611 1.719546e-01 7.349788e+01  5.724725592605918223e+01  5.726454825936200166e+01  5.736612019195371914e+01  5.776174260150254725e+01
88 2641 1.680589e-01 7.420897e+01  5.724257207176106022e+01  5.724257207176106022e+01  5.734050880238622483e+01  5.762950905272414559e+01
89 2671 1.651374e-01 7.458486e+01  5.724199779242272967e+01  5.724199779242272967e+01  5.735490206380296030e+01  5.771134568203866166e+01
90 2701 1.624408e-01 7.803014e+01  5.724199779242272967e+01  5.725257830848309482e+01  5.735656077472419412e+01  5.754967717775102187e+01
91 2731 1.622948e-01 7.713736e+01  5.724199779242272967e+01  5.728567011661915842e+01  5.737862789753862103e+01  5.765769873663176526e+01
92 2761 1.486787e-01 7.418977e+01  5.724199779242272967e+01  5.724472644941735666e+01  5.735425471950136966e+01  5.769110555302705734e+01
93 2791 1.436566e-01 7.559343e+01  5.724199779242272967e+01  5.725995586719932362e+01  5.731956049604744408e+01  5.745230514942100797e+01
94 2821 1.386310e-01 7.661900e+01  5.724199779242272967e+01  5.726599698527472526e+01  5.731757430521284391e+01  5.755186963068598516e+01
95 2851 1.454972e-01 7.842897e+01  5.723765540969711907e+01  5.723765540969711907e+01  5.731800702128978742e+01  5.741954616809196921e+01
96 2881 1.595237e-01 7.959845e+01  5.723765540969711907e+01  5.725209214855295414e+01  5.731336856558947090e+01  5.743007791837851528e+01
97 2911 1.653606e-01 8.331195e+01  5.723765540969711907e+01  5.725118611261231649e+01  5.732319074501879186e+01  5.761723340331704435e+01
98 2941 1.696337e-01 8.523594e+01  5.723765540969711907e+01  5.723838454653863295e+01  5.733808834784287001e+01  5.755298963198639228e+01
99 2971 1.671909e-01 8.687395e+01  5.723765540969711907e+01  5.724865529248093310e+01  5.731235557670382263e+01  5.746224317955460492e+01
100 3001 1.472225e-01 8.719164e+01  5.723765540969711907e+01  5.724547813165608545e+01  5.728973838106523431e+01  5.740685705553450191e+01
101 3031 1.396440e-01 8.900829e+01  5.723765540969711907e+01  5.724668203278001499e+01  5.728973455108914692e+01  5.738387837568264160e+01
102 3061 1.262849e-01 9.027131e+01  5.723765540969711907e+01  5.724800810039305787e+01  5.730271308430707222e+01  5.741225066629891671e+01
103 3091 1.211000e-01 8.731227e+01  5.723765540969711907e+01  5.724147160957353719e+01  5.730545912256533114e+01  5.735462402562767181e+01
104 3121 1.189729e-01 8.509625e+01  5.722957043981109138e+01  5.722957043981109138e+01  5.727670202526915233e+01  5.735408433543400974e+01
105 3151 1.121603e-01 8.728897e+01  5.722957043981109138e+01  5.724105876232301426e+01  5.728485246642189566e+01  5.734845423750267912e+01
106 3181 1.260913e-01 8.952564e+01  5.722875229600536784e+01  5.722875229600536784e+01  5.726621387909460736e+01  5.733807292748701911e+01
107 3211 1.246104e-01 9.219029e+01  5.722875229600536784e+01  5.723310582555062354e+01  5.727801803131811198e+01  5.733863148811197874e+01
108 3241 1.250161e-01 9.354794e+01  5.722366048990350862e+01  5.722366048990350862e+01  5.726604118479298222e+01  5.732240258970490743e+01
109 3271 1.181130e-01 9.310879e+01  5.722366048990350862e+01  5.723224269229989147e+01  5.726372651161534577e+01  5.732391768648923147e+01
110 3301 1.016489e-01 8.704155e+01  5.722366048990350862e+01  5.723921512663839906e+01  5.726204460144688113e+01  5.738089671022805049e+01
111 3331 9.260419e-02 8.941095e+01  5.722366048990350862e+01  5.722992918596914080e+01  5.727465590126199402e+01  5.732140920500563652e+01
112 3361 8.018894e-02 9.129120e+01  5.722366048990350862e+01  5.722832229709861451e+01  5.727045009455848401e+01  5.729516755249800752e+01
113 3391 7.738397e-02 9.577405e+01  5.722366048990350862e+01  5.722791854637662823e+01  5.725693833410535660e+01  5.730300461999927819e+01
114 3421 8.123105e-02 9.968416e+01  5.722366048990350862e+01  5.723191623990335586e+01  5.725137720100097738e+01  5.729781025040320230e+01
115 3451 9.080155e-02 9.813955e+01  5.722366048990350862e+01  5.723330842566841881e+01  5.725518563887690959e+01  5.731705993521612186e+01
116 3481 9.240544e-02 9.925734e+01  5.722366048990350862e+01  5.723182509576497523e+01  5.726198047819136860e+01  5.729699172633743132e+01
117 3511 1.046697e-01 9.813346e+01  5.721767871980729581e+01  5.721767871980729581e+01  5.725429843428832299e+01  5.735079511398475205e+01
118 3541 1.136350e-01 1.000146e+02  5.721767871980729581e+01  5.722251387321745852e+01  5.726172107510585363e+01  5.734349974988582233e+01
119 3571 1.078952e-01 9.956487e+01  5.721767871980729581e+01  5.722656306822842254e+01  5.725084123151490445e+01  5.730791708316182564e+01
120 3601 1.066884e-01 1.049180e+02  5.721767871980729581e+01  5.722469971841498193e+01  5.725362863682643422e+01  5.730693745602319922e+01
121 3631 9.646672e-02 1.047623e+02  5.721767871980729581e+01  5.722280256208247806e+01  5.725604086869359577e+01  5.730398627925108457e+01
122 3661 8.654694e-02 1.111221e+02  5.721767871980729581e+01  5.722615337250998380e+01  5.725494092421918424e+01  5.730710833878903543e+01
123 3691 9.129270e-02 1.148035e+02  5.721767871980729581e+01  5.722452113766681236e+01  5.724611390161245339e+01  5.731662553292997586e+01
124 3721 9.190929e-02 1.157609e+02  5.721767871980729581e+01  5.722260597022948048e+01  5.724940729566975506e+01  5.729919301689494660e+01
125 3751 9.400235e-02 1.153541e+02  5.721767871980729581e+01  5.722433216270775347e+01  5.725228662750415509e+01  5.731041008727514452e+01
126 3781 9.672040e-02 1.128862e+02  5.721767871980729581e+01  5.721806812743228932e+01  5.724755913185127554e+01  5.730818054661897065e+01
127 3811 1.042289e-01 1.123786e+02  5.721767871980729581e+01  5.722710213757623876e+01  5.724876859356399450e+01  5.729989236117254592e+01
128 3841 1.100269e-01 1.146925e+02  5.721767871980729581e+01  5.722841658272291454e+01  5.726024186732618659e+01  5.733453059977627220e+01
129 3871 1.118860e-01 1.160059e+02  5.721767871980729581e+01  5.722794718675258707e+01  5.725577199161705977e+01  5.734728445446060618e+01
130 3901 1.073812e-01 1.159970e+02  5.721767871980729581e+01  5.721795625042560118e+01  5.725231250846564990e+01  5.732089911333568466e+01
131 3931 1.104148e-01 1.160409e+02  5.721767871980729581e+01  5.722900123978534737e+01  5.724890299987389142e+01  5.729972599364364783e+01
132 3961 8.994151e-02 1.197341e+02  5.721767871980729581e+01  5.722764796598274017e+01  5.725137795762169901e+01  5.728661260993622051e+01
133 3991 8.500232e-02 1.200417e+02  5.721767871980729581e+01  5.722521456421577568e+01  5.725168050703368294e+01  5.729086852268111585e+01
134 4021 8.102594e-02 1.180137e+02  5.721767871980729581e+01  5.722010377087939048e+01  5.724603811735991599e+01  5.731344293236568888e+01
135 4051 6.939480e-02 1.216776e+02  5.721609814329404031e+01  5.721609814329404031e+01  5.724896288959598678e+01  5.729778208403793371e+01
136 4081 7.320845e-02 1.254425e+02  5.721609814329404031e+01  5.722686435295416629e+01  5.725529648057292320e+01  5.729402388258297663e+01
137 4111 7.122812e-02 1.327579e+02  5.721609814329404031e+01  5.721852845661404530e+01  5.724124971822091368e+01  5.728776858812595663e+01
138 4141 6.986743e-02 1.365066e+02  5.721609814329404031e+01  5.722667306410239974e+01  5.724603068698387176e+01  5.731057841328350833e+01
139 4171 6.705252e-02 1.415326e+02  5.721527812700982452e+01  5.721527812700982452e+01  5.724175804022598868e+01  5.731249889979962830e+01
140 4201 7.190215e-02 1.484332e+02  5.720512160383744060e+01  5.720512160383744060e+01  5.724614753662069688e+01  5.728790559970219931e+01
141 4231 7.736571e-02 1.477289e+02  5.720512160383744060e+01  5.722397368576654486e+01  5.725104058406609653e+01  5.728208368785769267e+01
142 4261 7.797456e-02 1.456836e+02  5.720512160383744060e+01  5.722501243411778660e+01  5.724445519689203365e+01  5.728263599722394872e+01
143 4291 7.787061e-02 1.457514e+02  5.720512160383744060e+01  5.721938413712697979e+01  5.724907026344050109e+01  5.729634016819653652e+01
144 4321 8.082652e-02 1.434676e+02  5.720512160383744060e+01  5.721546643264530019e+01  5.724834454618955704e+01  5.729258124073906799e+01
145 4351 6.899318e-02 1.551484e+02  5.720512160383744060e+01  5.720858021628227164e+01  5.724361254178231917e+01  5.729238458190349093e+01
146 4381 6.022552e-02 1.599626e+02  5.720512160383744060e+01  5.722029416165207749e+01  5.724178016461543450e+01  5.729096778549321556e+01
147 4411 5.536260e-02 1.527449e+02  5.720512160383744060e+01  5.722072954338266726e+01  5.723738686743902093e+01  5.728502097723767861e+01
148 4441 5.081945e-02 1.390124e+02  5.720512160383744060e+01  5.721430897455735476e+01  5.723694271788313870e+01  5.727044930210733753e+01
149 4471 4.983737e-02 1.354732e+02  5.720512160383744060e+01  5.721972795744456874e+01  5.724099839709022319e+01  5.727438084016709752e+01
150 4501 5.345571e-02 1.347493e+02  5.720512160383744060e+01  5.721277014768920566e+01  5.723928234752349908e+01  5.729965390310960061e+01
151 4531 5.740246e-02 1.350742e+02  5.720512160383744060e+01  5.721722537185999613e+01  5.724092763816152285e+01  5.727994597602291549e+01
152 4561 5.853887e-02 1.406420e+02  5.720512160383744060e+01  5.722189540674786201e+01  5.724177055657622049e+01  5.727184544817314560e+01
153 4591 5.744944e-02 1.401375e+02  5.720512160383744060e+01  5.722456745276301149e+01  5.724344804887559235e+01  5.730778498200658788e+01
154 4621 5.187613e-02 1.438504e+02  5.720512160383744060e+01  5.722215209841661476e+01  5.723973911605712317e+01  5.729705097465721764e+01
155 4651 5.287087e-02 1.432607e+02  5.720512160383744060e+01  5.721480254508890084e+01  5.723815843500013045e+01  5.726176703251275768e+01
156 4681 5.584188e-02 1.424944e+02  5.720512160383744060e+01  5.722060469909607150e+01  5.723824466776989084e+01  5.728623349316015378e+01
157 4711 5.673162e-02 1.429182e+02  5.720512160383744060e+01  5.722054896690436721e+01  5.723559877723084810e+01  5.730342741991337618e+01
158 4741 5.608206e-02 1.418298e+02  5.720512160383744060e+01  5.722353440773592581e+01  5.723814633937447383e+01  5.728879604746079224e+01
159 4771 4.954285e-02 1.482262e+02  5.720512160383744060e+01  5.722229944149661662e+01  5.723938583762607379e+01  5.729100832025245893e+01
160 4801 4.704745e-02 1.504993e+02  5.720512160383744060e+01  5.721973494426616469e+01  5.724273058080116527e+01  5.729021246974403425e+01
161 4831 4.621107e-02 1.529274e+02  5.720512160383744060e+01  5.721981660767458067e+01  5.724179999094618410e+01  5.729226687780332838e+01
162 4861 4.119016e-02 1.492105e+02  5.720512160383744060e+01  5.722565289179227932e+01  5.724654717030331597e+01  5.728571540245884819e+01
163 4891 4.036211e-02 1.496498e+02  5.720512160383744060e+01  5.721827109643760423e+01  5.724383867581048690e+01  5.731448766119803651e+01
164 4921 3.594524e-02 1.503348e+02  5.720512160383744060e+01  5.723050080108727400e+01  5.724393174966352404e+01  5.731211376129409985e+01
165 4951 3.281794e-02 1.576858e+02  5.720512160383744060e+01  5.722132462553376797e+01  5.724523196832634397e+01  5.728915335311162949e+01
166 4981 3.099891e-02 1.547681e+02  5.720512160383744060e+01  5.722401031528747239e+01  5.724093749732418246e+01  5.729178326447032532e+01
167 5011 3.082790e-02 1.519372e+02  5.720512160383744060e+01  5.721982689446231518e+01  5.723890677372754965e+01  5.730843851609904505e+01
168 5041 2.731475e-02 1.554189e+02  5.720512160383744060e+01  5.722027503514641467e+01  5.723761595187488638e+01  5.728156750309879897e+01
169 5071 2.464777e-02 1.595548e+02  5.720512160383744060e+01  5.722164910812612959e+01  5.724058071913327694e+01  5.728549118164971787e+01
170 5101 2.441375e-02 1.670992e+02  5.720512160383744060e+01  5.722469553716111079e+01  5.723994820335948930e+01  5.727716525818996018e+01
171 5131 2.334681e-02 1.677890e+02  5.720512160383744060e+01  5.722080276655159992e+01  5.723909399531180497e+01  5.727377395267815530e+01
172 5161 2.392791e-02 1.593373e+02  5.720512160383744060e+01  5.722102390878789890e+01  5.723952923618303146e+01  5.729201433046975467e+01
173 5191 2.173461e-02 1.538987e+02  5.720512160383744060e+01  5.721286717879144135e+01  5.724055320791210022e+01  5.727275034915281537e+01
174 5221 2.153040e-02 1.610844e+02  5.720512160383744060e+01  5.721943681986138586e+01  5.723270141709291181e+01  5.727076784889664651e+01
175 5251 2.218489e-02 1.555163e+02  5.720512160383744060e+01  5.722300448814758056e+01  5.723593625870282153e+01  5.729624835102845282e+01
176 5281 2.354685e-02 1.541217e+02  5.720512160383744060e+01  5.722509773221194962e+01  5.724422567415357577e+01  5.727165011369903880e+01
177 5311 2.388046e-02 1.584069e+02  5.720512160383744060e+01  5.722322344328220112e+01  5.723458119955205348e+01  5.728398527588979050e+01
178 5341 2.374487e-02 1.627816e+02  5.720512160383744060e+01  5.722037984584466841e+01  5.723945028253711342e+01  5.730811497190805426e+01
179 5371 2.435617e-02 1.697133e+02  5.720512160383744060e+01  5.722223714277482998e+01  5.723622058621340614e+01  5.727777084168688759e+01
180 5401 2.179962e-02 1.674286e+02  5.720512160383744060e+01  5.722205105496361455e+01  5.724130131076375960e+01  5.727024550522781254e+01
181 5431 2.164107e-02 1.619571e+02  5.720512160383744060e+01  5.721826539619321750e+01  5.723698692883329642e+01  5.727481415134117526e+01
182 5461 2.261214e-02 1.701584e+02  5.720512160383744060e+01  5.722145243699175410e+01  5.723944047029749527e+01  5.732110983283912731e+01
183 5491 2.085108e-02 1.693280e+02  5.720512160383744060e+01  5.721247949012912670e+01  5.723427955090707542e+01  5.727668853920809511e+01
184 5521 2.178704e-02 1.830899e+02  5.720512160383744060e+01  5.721663311523226270e+01  5.723686467387378229e+01  5.730561618548995284e+01
185 5551 2.138055e-02 1.753981e+02  5.720512160383744060e+01  5.722206626535931662e+01  5.723819102184029362e+01  5.728215735807691544e+01
186 5581 2.231849e-02 1.739783e+02  5.720512160383744060e+01  5.721579988714597675e+01  5.723622751903633343e+01  5.731884074173474630e+01
187 5611 2.140401e-02 1.748738e+02  5.720512160383744060e+01  5.721640758057188947e+01  5.723811724369637943e+01  5.727299932655781589e+01
188 5641 2.086137e-02 1.663400e+02  5.720512160383744060e+01  5.721597982114623449e+01  5.724014791956658144e+01  5.728161260153592593e+01
189 5671 2.212638e-02 1.735379e+02  5.720512160383744060e+01  5.721385828668246631e+01  5.724350789939067852e+01  5.728385051958937879e+01
190 5701 2.033376e-02 1.835733e+02  5.720377665420886615e+01  5.720377665420886615e+01  5.723676138239929401e+01  5.727052513531624811e+01
191 5731 2.253910e-02 1.891781e+02  5.720377665420886615e+01  5.722032264919309341e+01  5.724059371745837410e+01  5.730572772060029507e+01
192 5761 2.293474e-02 1.798123e+02  5.720377665420886615e+01  5.721733711014616119e+01  5.723759434788915712e+01  5.727718223791315211e+01
193 5791 2.262323e-02 1.783618e+02  5.720377665420886615e+01  5.721712920241152744e+01  5.723906344134073265e+01  5.727105454807181673e+01
194 5821 2.052039e-02 1.816969e+02  5.720377665420886615e+01  5.722205374750916462e+01  5.724123055362504431e+01  5.727429552467230423e+01
195 5851 2.026302e-02 1.879837e+02  5.720377665420886615e+01  5.721237268331219639e+01  5.723746006888652005e+01  5.727054432129955330e+01
196 5881 2.072081e-02 1.815602e+02  5.720377665420886615e+01  5.721924962898512490e+01  5.723560880514622085e+01  5.727009458209195714e+01
197 5911 2.295353e-02 1.754224e+02  5.720377665420886615e+01  5.721651848231753945e+01  5.723551860398310964e+01  5.729013655356239099e+01
198 5941 2.707791e-02 1.741440e+02  5.720377665420886615e+01  5.722090661705875902e+01  5.723927980183924547e+01  5.727138165730939079e+01
199 5971 3.117222e-02 1.958237e+02  5.720377665420886615e+01  5.722060496716768085e+01  5.724232821955213524e+01  5.727353339915562458e+01
200 6001 3.302341e-02 1.997112e+02  5.720377665420886615e+01  5.721907664894425238e+01  5.723415777097523716e+01  5.727088645403798495e+01
201 6031 3.736203e-02 1.891203e+02  5.720377665420886615e+01  5.722322748558050165e+01  5.724104574774568732e+01  5.730859663237473711e+01
202 6061 4.226134e-02 1.827729e+02  5.720377665420886615e+01  5.722031078257484182e+01  5.723957215775253360e+01  5.727025313510326043e+01
203 6091 4.967031e-02 1.714703e+02  5.720377665420886615e+01  5.722214129971065688e+01  5.724089854833046331e+01  5.729074146800382294e+01
204 6121 4.730010e-02 1.617726e+02  5.720377665420886615e+01  5.722237350857613336e+01  5.724017803571308605e+01  5.730627806757296128e+01
205 6151 4.508707e-02 1.611322e+02  5.720377665420886615e+01  5.721485835761116334e+01  5.723858158251366035e+01  5.728767720154549181e+01
206 6181 4.491466e-02 1.651763e+02  5.720377665420886615e+01  5.721220625870820697e+01  5.723589094277584621e+01  5.728234247710390292e+01
207 6211 5.035224e-02 1.586249e+02  5.720377665420886615e+01  5.722176034393893929e+01  5.724178841508118865e+01  5.727307624992103285e+01
208 6241 5.088046e-02 1.568128e+02  5.720377665420886615e+01  5.721713499107124790e+01  5.723714533594555576e+01  5.726283667485820672e+01
209 6271 5.000623e-02 1.595173e+02  5.720377665420886615e+01  5.721712996844193100e+01  5.724124362697314439e+01  5.730374848621453765e+01
210 6301 4.515383e-02 1.596848e+02  5.720377665420886615e+01  5.721130284570241287e+01  5.724091715127076441e+01  5.727757389080529293e+01
211 6331 3.808868e-02 1.666917e+02  5.720377665420886615e+01  5.721525500429872579e+01  5.723867719633015838e+01  5.726775497611090060e+01
212 6361 3.599280e-02 1.671656e+02  5.720377665420886615e+01  5.722280270723876328e+01  5.723735364708522866e+01  5.727983114358070793e+01
213 6391 3.431096e-02 1.706840e+02  5.720377665420886615e+01  5.721514333451855094e+01  5.723266197891330620e+01  5.727096387647662112e+01
214 6421 3.652618e-02 1.722089e+02  5.720377665420886615e+01  5.720546532430888931e+01  5.723722389480214190e+01  5.728714332462089232e+01
215 6451 3.535655e-02 1.708039e+02  5.720377665420886615e+01  5.721953287192894777e+01  5.723798444068043523e+01  5.727287756650962791e+01
216 6481 3.573515e-02 1.850747e+02  5.720377665420886615e+01  5.721625930892462719e+01  5.723872965502518184e+01  5.726647688213532206e+01
217 6511 3.291660e-02 1.886460e+02  5.720377665420886615e+01  5.721394200302535182e+01  5.723406489514201922e+01  5.728521134215054644e+01
218 6541 3.603781e-02 1.843195e+02  5.720377665420886615e+01  5.721400611054994556e+01  5.723720287594594680e+01  5.726263967969264002e+01
219 6571 3.441702e-02 1.888509e+02  5.720377665420886615e+01  5.722165628590613551e+01  5.724138071627233160e+01  5.727440220813596738e+01
220 6601 3.663136e-02 1.921357e+02  5.720377665420886615e+01  5.721921403324716948e+01  5.723576768777915902e+01  5.726781162818840443e+01
221 6631 3.850862e-02 1.834038e+02  5.720377665420886615e+01  5.721416504784181001e+01  5.724111187329953765e+01  5.727921034482236706e+01
222 6661 3.823926e-02 1.811746e+02  5.720377665420886615e+01  5.721856743473558282e+01  5.723276773219173208e+01  5.727846598786341303e+01
223 6691 3.399873e-02 1.757571e+02  5.720377665420886615e+01  5.722049171540029988e+01  5.723658331527069976e+01  5.727671301897760259e+01
224 6721 3.489948e-02 1.703119e+02  5.720377665420886615e+01  5.722300534799843774e+01  5.723691024490397439e+01  5.728223111393717915e+01
225 6751 3.262516e-02 1.722578e+02  5.720377665420886615e+01  5.721892265948442002e+01  5.723721185563555025e+01  5.727616724218161437e+01
226 6781 3.213178e-02 1.720699e+02  5.720377665420886615e+01  5.722056891447578408e+01  5.723771240198505694e+01  5.728438367368471518e+01
227 6811 3.155463e-02 1.595840e+02  5.720377665420886615e+01  5.721348110905653073e+01  5.723310891918676191e+01  5.727520116433903041e+01
228 6841 3.005788e-02 1.653058e+02  5.720377665420886615e+01  5.722392823568601017e+01  5.723883466473710513e+01  5.728412146716202358e+01
229 6871 3.041185e-02 1.739369e+02  5.720377665420886615e+01  5.722083193617787344e+01  5.723884480808812469e+01  5.728937058155034379e+01
230 6901 3.057748e-02 1.755462e+02  5.720377665420886615e+01  5.720481660657203093e+01  5.724310767157841440e+01  5.728288055584867777e+01
231 6931 3.128340e-02 1.795325e+02  5.720377665420886615e+01  5.721566682857006469e+01  5.723390435641058360e+01  5.727348629282673187e+01
232 6961 3.087434e-02 1.843422e+02  5.720377665420886615e+01  5.721949430567457995e+01  5.723566804769214400e+01  5.726747512929793515e+01
233 6991 3.086969e-02 1.871985e+02  5.720377665420886615e+01  5.721716380355124443e+01  5.723816991659563058e+01  5.726845666493720444e+01
234 7021 2.714920e-02 1.729713e+02  5.720377665420886615e+01  5.721488088099673774e+01  5.723744859741927371e+01  5.726876964487745170e+01
235 7051 2.503504e-02 1.653294e+02  5.720377665420886615e+01  5.722103974887520650e+01  5.723834786952905063e+01  5.730451317008158441e+01
236 7081 2.365392e-02 1.656394e+02  5.720377665420886615e+01  5.721646070709076071e+01  5.723466663352080985e+01  5.727237645226517770e+01
237 7111 2.387024e-02 1.698805e+02  5.720377665420886615e+01  5.722045588109229897e+01  5.723796935973814470e+01  5.726929473494467970e+01
238 7141 2.373011e-02 1.741774e+02  5.720377665420886615e+01  5.721652289532259772e+01  5.723755678898706378e+01  5.727609514722787765e+01
239 7171 2.297441e-02 1.728636e+02  5.720377665420886615e+01  5.721268078433418225e+01  5.723711159231230994e+01  5.726978918193050561e+01
240 7201 1.945145e-02 1.748253e+02  5.720377665420886615e+01  5.721995634434571087e+01  5.723556472113310178e+01  5.726247449256831601e+01
241 7231 1.885127e-02 1.864771e+02  5.720377665420886615e+01  5.721723582635657834e+01  5.724001790933247946e+01  5.727985393623242771e+01
242 7261 1.663300e-02 1.890894e+02  5.720377665420886615e+01  5.721583779588069518e+01  5.723698016817579060e+01  5.726958565878233998e+01
243 7291 1.639900e-02 1.835196e+02  5.720377665420886615e+01  5.722247196951712311e+01  5.723434934161187471e+01  5.725862730525366828e+01
244 7321 1.684263e-02 1.785242e+02  5.720377665420886615e+01  5.721501434645357165e+01  5.723782607464265482e+01  5.727336206811152408e+01
245 7351 1.702434e-02 1.808388e+02  5.720377665420886615e+01  5.721536984157806671e+01  5.723586583201612399e+01  5.727799182317137650e+01
246 7381 1.608081e-02 1.768267e+02  5.720377665420886615e+01  5.721108418430350895e+01  5.723871156198082844e+01  5.726073353784610731e+01
247 7411 1.562567e-02 1.801109e+02  5.720377665420886615e+01  5.722228893718241238e+01  5.724117818357283483e+01  5.728022399755778338e+01
248 7441 1.459142e-02 1.833728e+02  5.720377665420886615e+01  5.720608532480090958e+01  5.723898374323991334e+01  5.726577030646423339e+01
249 7471 1.412789e-02 1.808139e+02  5.720377665420886615e+01  5.721402694063260697e+01  5.723789934422768511e+01  5.727721750745121199e+01
250 7501 1.239218e-02 1.882878e+02  5.720377665420886615e+01  5.721896611258684118e+01  5.723804324853662706e+01  5.730687981796944541e+01
251 7531 1.235120e-02 2.025906e+02  5.720377665420886615e+01  5.721596533107849325e+01  5.723896043152520008e+01  5.727334144244640868e+01
252 7561 1.156145e-02 2.034701e+02  5.720377665420886615e+01  5.722368793310458557e+01  5.723639527082151801e+01  5.728503266910422553e+01
253 7591 1.215079e-02 1.862816e+02  5.720377665420886615e+01  5.721591663698301033e+01  5.723664752773419195e+01  5.727486070800293305e+01
254 7621 1.338186e-02 1.848358e+02  5.720377665420886615e+01  5.722570596096748119e+01  5.724225590094884808e+01  5.728298179684279035e+01
255 7651 1.186816e-02 1.820224e+02  5.720377665420886615e+01  5.721563593777645451e+01  5.723236592597247352e+01  5.727707950681804050e+01
256 7681 1.054511e-02 1.825312e+02  5.720377665420886615e+01  5.720403819725352434e+01  5.723207022752323780e+01  5.726777098877876426e+01
257 7711 1.129838e-02 1.850436e+02  5.720377665420886615e+01  5.720624657569680949e+01  5.723873617757968191e+01  5.728465590901615201e+01
258 7741 1.049616e-02 1.836317e+02  5.720377665420886615e+01  5.721695853813213972e+01  5.724003046329244171e+01  5.726984166977555901e+01
259 7771 1.005631e-02 1.954641e+02  5.720377665420886615e+01  5.721926033743302753e+01  5.724088677092049693e+01  5.728145431602030158e+01
260 7801 1.036869e-02 1.955849e+02  5.720377665420886615e+01  5.721471226949741151e+01  5.723585722911175822e+01  5.726498468090294836e+01
261 7831 9.635234e-03 1.820836e+02  5.720377665420886615e+01  5.721996073932193383e+01  5.723908101725888287e+01  5.727604811459291057e+01
262 7861 9.057615e-03 1.940783e+02  5.720377665420886615e+01  5.720565529120453618e+01  5.723849259700585890e+01  5.726335306344489595e+01
263 7891 8.975558e-03 1.990103e+02  5.720377665420886615e+01  5.721390245508964512e+01  5.723480099379910513e+01  5.726238748232707820e+01
264 7921 8.665566e-03 1.917246e+02  5.720377665420886615e+01  5.720526736170654658e+01  5.723430810831762017e+01  5.726197957846084563e+01
265 7951 8.724194e-03 2.026097e+02  5.720377665420886615e+01  5.720805679343843764e+01  5.723644581262781372e+01  5.725592258197025330e+01
266 7981 7.290701e-03 1.988815e+02  5.720377665420886615e+01  5.722259080844342805e+01  5.723983805493119803e+01  5.727515019739437463e+01
267 8011 6.342270e-03 1.960530e+02  5.720377665420886615e+01  5.721305926562746436e+01  5.723661869656407930e+01  5.726923389856740698e+01
268 8041 6.095777e-03 1.914350e+02  5.720377665420886615e+01  5.720459585064600816e+01  5.723764299216079365e+01  5.727352727491542339e+01
269 8071 5.703426e-03 1.887864e+02  5.720377665420886615e+01  5.721670145515470551e+01  5.723507718738127892e+01  5.727536586709476296e+01
270 8101 5.919874e-03 1.965105e+02  5.720377665420886615e+01  5.720566324866651087e+01  5.724316123359272979e+01  5.726750873736595793e+01
271 8131 6.179277e-03 2.116380e+02  5.720377665420886615e+01  5.720977893087179211e+01  5.723280637809044435e+01  5.727573840997970933e+01
272 8161 7.067894e-03 2.394863e+02  5.720377665420886615e+01  5.720896292344004763e+01  5.723287746964000888e+01  5.728972648980993654e+01
273 8191 7.805349e-03 2.444025e+02  5.720377665420886615e+01  5.720960546334362107e+01  5.723487415835140268e+01  5.728776426646447817e+01
274 8221 8.086431e-03 2.492208e+02  5.720377665420886615e+01  5.721509327128487143e+01  5.723535156881566621e+01  5.730238739618096133e+01
275 8251 7.899063e-03 2.664148e+02  5.720377665420886615e+01  5.721457050805908295e+01  5.723402448466825376e+01  5.727993741571941655e+01
276 8281 8.617447e-03 2.944919e+02  5.720377665420886615e+01  5.721343875554950387e+01  5.723590510910262452e+01  5.729058106703658382e+01
277 8311 8.820757e-03 3.102216e+02  5.720377665420886615e+01  5.721291873677581918e+01  5.723981344492965917e+01  5.727101598094300527e+01
278 8341 8.667052e-03 3.112889e+02  5.720377665420886615e+01  5.721718145531586686e+01  5.723877404897914545e+01  5.727139116154037168e+01
279 8371 8.477292e-03 3.311824e+02  5.720377665420886615e+01  5.721407429028303682e+01  5.723367342802448121e+01  5.728555297193241813e+01
280 8401 7.385842e-03 3.304595e+02  5.720377665420886615e+01  5.721921190522753875e+01  5.724104143570573910e+01  5.728530570441529335e+01
281 8431 6.646840e-03 3.228942e+02  5.720377665420886615e+01  5.720906412570304411e+01  5.723575604144998863e+01  5.726487697399898025e+01
282 8461 6.077969e-03 3.181752e+02  5.720377665420886615e+01  5.722067048198992723e+01  5.724126990421246575e+01  5.728625231244816973e+01
283 8491 6.590228e-03 3.379985e+02  5.720377665420886615e+01  5.721830190661009397e+01  5.723585730594422927e+01  5.729138857972111509e+01
284 8521 6.884883e-03 3.434370e+02  5.720377665420886615e+01  5.721946926857199855e+01  5.724092159789370271e+01  5.727725178076255474e+01
285 8551 6.994443e-03 3.340920e+02  5.720377665420886615e+01  5.722473729339820636e+01  5.723768101648423112e+01  5.727718758681716338e+01
286 8581 6.781379e-03 3.352483e+02  5.720377665420886615e+01  5.721221291336657089e+01  5.723834428652810402e+01  5.727216823037107218e+01
287 8611 6.772853e-03 3.428341e+02  5.720334456279091739e+01  5.720334456279091739e+01  5.723622388240657699e+01  5.727219932156504001e+01
288 8641 6.532077e-03 3.573379e+02  5.720334456279091739e+01  5.721808462539392082e+01  5.723892404641512144e+01  5.725535371262242990e+01
289 8671 6.200883e-03 3.703510e+02  5.720334456279091739e+01  5.721812082369572749e+01  5.723972077157485217e+01  5.727031650570765464e+01
290 8701 6.266272e-03 3.595561e+02  5.720334456279091739e+01  5.721933321705073183e+01  5.723592998748543437e+01  5.725651341144681794e+01
291 8731 6.408392e-03 3.536917e+02  5.720334456279091739e+01  5.721476699758622431e+01  5.723436716153830162e+01  5.727572296570557597e+01
292 8761 7.937458e-03 3.657515e+02  5.720334456279091739e+01  5.721328485734308344e+01  5.723950540322811520e+01  5.726970416645770001e+01
293 8791 8.462901e-03 3.717273e+02  5.720334456279091739e+01  5.720514962214154053e+01  5.723611017033077530e+01  5.725582676363747225e+01
294 8821 8.314871e-03 3.680282e+02  5.720334456279091739e+01  5.721809905259185314e+01  5.724061331639593675e+01  5.726783377995789692e+01
295 8851 8.219543e-03 3.599583e+02  5.720334456279091739e+01  5.721613646818514098e+01  5.723519730121510918e+01  5.727553628261077279e+01
296 8881 7.678641e-03 3.562620e+02  5.720334456279091739e+01  5.721582370457321076e+01  5.723481364366305968e+01  5.727420679464204767e+01
297 8911 8.254310e-03 3.648234e+02  5.720334456279091739e+01  5.721768203915026163e+01  5.723807278804600429e+01  5.729542821432049493e+01
298 8941 7.842418e-03 3.691496e+02  5.720334456279091739e+01  5.720815387658049644e+01  5.723289409172909359e+01  5.725909928492133361e+01
299 8971 8.199196e-03 3.443396e+02  5.720334456279091739e+01  5.722002819927075734e+01  5.724046502005986525e+01  5.726762143614494960e+01
300 9001 7.217129e-03 3.385396e+02  5.720334456279091739e+01  5.720969711321872353e+01  5.723842315796711233e+01  5.726655722872751397e+01
301 9031 7.163627e-03 3.275376e+02  5.720334456279091739e+01  5.721447117542578553e+01  5.723707480796429792e+01  5.727714448957402027e+01
302 9061 6.532748e-03 3.278628e+02  5.720334456279091739e+01  5.720575107909643009e+01  5.723770975202629074e+01  5.727544123501301954e+01
303 9091 6.310127e-03 3.334290e+02  5.720334456279091739e+01  5.721032754184772529e+01  5.723840869613641047e+01  5.726229755495135976e+01
304 9121 6.307060e-03 3.365974e+02  5.720334456279091739e+01  5.721697825735931531e+01  5.723299219773727486e+01  5.727225296949742273e+01
305 9151 5.913568e-03 3.317699e+02  5.720334456279091739e+01  5.720909662766017334e+01  5.724150135093395875e+01  5.729248193755718432e+01
306 9181 5.169716e-03 3.434294e+02  5.720334456279091739e+01  5.720964945365536636e+01  5.723375034246011239e+01  5.727671359540007501e+01
307 9211 4.133560e-03 3.377452e+02  5.720334456279091739e+01  5.721816722800657118e+01  5.723855189909025398e+01  5.727192880329798186e+01
308 9241 3.715546e-03 3.446426e+02  5.720334456279091739e+01  5.721775373891115635e+01  5.723819176772509820e+01  5.727892412009143897e+01
309 9271 3.389616e-03 3.366386e+02  5.720334456279091739e+01  5.720620476146628164e+01  5.723963629417588095e+01  5.728025830525852768e+01
310 9301 3.352323e-03 3.457060e+02  5.720334456279091739e+01  5.720481569412913814e+01  5.723593328357657839e+01  5.725853957027791807e+01
311 9331 3.120687e-03 3.330301e+02  5.720334456279091739e+01  5.721359265188996801e+01  5.723986236916447723e+01  5.728417011304041040e+01
312 9361 3.175706e-03 3.318341e+02  5.720334456279091739e+01  5.721836314730993678e+01  5.723936465422038111e+01  5.728686089440142837e+01
313 9391 3.005149e-03 3.393986e+02  5.720334456279091739e+01  5.721231744888291360e+01  5.723986839008178151e+01  5.726861949029827059e+01
314 9421 2.874323e-03 3.627115e+02  5.720334456279091739e+01  5.720613523818173007e+01  5.724121483787290288e+01  5.726678695341765035e+01
315 9451 2.925030e-03 3.641750e+02  5.720334456279091739e+01  5.720954061549483072e+01  5.724152296242081661e+01  5.728937913430165452e+01
316 9481 2.802331e-03 3.817103e+02  5.720334456279091739e+01  5.721400090788371529e+01  5.723703989044900453e+01  5.727529263023772899e+01
317 9511 2.671430e-03 3.798115e+02  5.720334456279091739e+01  5.720647156944431799e+01  5.723583775438905974e+01  5.726962197400442278e+01
318 9541 2.573171e-03 3.828010e+02  5.720334456279091739e+01  5.721774146085794399e+01  5.723985470325811775e+01  5.727262154025358143e+01
319 9571 2.705944e-03 3.826953e+02  5.720334456279091739e+01  5.720985199991224590e+01  5.723669056921798415e+01  5.726060676220757273e+01
320 9601 2.714067e-03 3.802519e+02  5.720334456279091739e+01  5.721068935687486601e+01  5.723226272788181035e+01  5.725706494955532833e+01
321 9631 3.292387e-03 3.686798e+02  5.720334456279091739e+01  5.720867925493537598e+01  5.724099980859550385e+01  5.727092144509904870e+01
322 9661 3.583703e-03 3.664321e+02  5.720334456279091739e+01  5.721476554011719173e+01  5.723715901413477525e+01  5.727649240551704679e+01
323 9691 3.216811e-03 3.617094e+02  5.720334456279091739e+01  5.721092155260161860e+01  5.723702627711055868e+01  5.727736672996513789e+01
324 9721 3.181379e-03 3.480742e+02  5.720334456279091739e+01  5.720821405521144243e+01  5.723610723533739986e+01  5.725801332005225674e+01
325 9751 3.167790e-03 3.494163e+02  5.720151338466232005e+01  5.720151338466232005e+01  5.723454088570304066e+01  5.727490930309873818e+01
326 9781 3.240956e-03 3.551350e+02  5.720151338466232005e+01  5.720959875073690171e+01  5.724075475783440226e+01  5.727554017594913915e+01
327 9811 3.431907e-03 3.570223e+02  5.720151338466232005e+01  5.721491848923827916e+01  5.723830629517394186e+01  5.726541088022999304e+01
328 9841 3.378515e-03 3.509176e+02  5.720151338466232005e+01  5.720926425765802037e+01  5.723922619249489685e+01  5.730049982927420871e+01
329 9871 3.410640e-03 3.567721e+02  5.719998577949582597e+01  5.719998577949582597e+01  5.724235899889414725e+01  5.726194588586183443e+01
330 9901 3.273939e-03 3.994932e+02  5.719998577949582597e+01  5.721354622756120989e+01  5.723976130070023771e+01  5.726144052323004985e+01
331 9931 3.181521e-03 4.096611e+02  5.719998577949582597e+01  5.721383751079035562e+01  5.723791110543352545e+01  5.727346905979473490e+01
332 9961 3.449190e-03 4.666891e+02  5.719998577949582597e+01  5.722086244323848803e+01  5.723829957695502912e+01  5.728533860964023461e+01
333 9991 3.476604e-03 4.844240e+02  5.719998577949582597e+01  5.722048427270379278e+01  5.724188728637807344e+01  5.727016646693998325e+01
334 10021 3.331907e-03 4.668834e+02  5.719998577949582597e+01  5.720716278154122847e+01  5.724118897713960763e+01  5.727610813553155822e+01
335 10051 3.800206e-03 4.870371e+02  5.719998577949582597e+01  5.721718900430140309e+01  5.723957963929241544e+01  5.726917640390210806e+01
336 10081 3.888280e-03 4.886833e+02  5.719998577949582597e+01  5.721523479803915535e+01  5.724002443218456904e+01  5.726823138140227343e+01
337 10111 4.039339e-03 4.932447e+02  5.719998577949582597e+01  5.721315906960016662e+01  5.723198476758702213e+01  5.727265855306811915e+01
338 10141 3.738950e-03 5.033829e+02  5.719998577949582597e+01  5.721723134554932244e+01  5.723688315244456248e+01  5.726863798621721457e+01
339 10171 3.519495e-03 4.787436e+02  5.719998577949582597e+01  5.720975460176722294e+01  5.723575848341570094e+01  5.727254586836744465e+01
340 10201 3.539012e-03 4.584272e+02  5.719998577949582597e+01  5.721572486265429802e+01  5.723810989063348842e+01  5.727364578426906405e+01
341 10231 3.662974e-03 4.675379e+02  5.719998577949582597e+01  5.721292445338067978e+01  5.723975676366889331e+01  5.728901038630077380e+01
342 10261 3.781892e-03 4.503658e+02  5.719998577949582597e+01  5.722107637709761718e+01  5.723610261013378420e+01  5.726388333340702985e+01
343 10291 3.696566e-03 4.493287e+02  5.719998577949582597e+01  5.721365123763253280e+01  5.723339090821555430e+01  5.727791525764561698e+01
344 10321 3.630960e-03 4.346436e+02  5.719998577949582597e+01  5.721354847045882508e+01  5.723745875455389154e+01  5.728057163321167877e+01
345 10351 3.488066e-03 4.410675e+02  5.719998577949582597e+01  5.722336958060801493e+01  5.724360809322323007e+01  5.728302973720145985e+01
346 10381 3.627037e-03 4.360852e+02  5.719998577949582597e+01  5.721025818388189066e+01  5.723850798708144083e+01  5.725913016304421888e+01
347 10411 3.992774e-03 4.560473e+02  5.719771871564077514e+01  5.719771871564077514e+01  5.724305402382034913e+01  5.726395172674116196e+01
348 10441 3.961960e-03 4.561805e+02  5.719771871564077514e+01  5.721032949877002949e+01  5.723619474442178046e+01  5.727292336765076186e+01
349 10471 4.048632e-03 4.442338e+02  5.719771871564077514e+01  5.721205117399952655e+01  5.724180098612072243e+01  5.727629053108081791e+01
350 10501 4.219791e-03 4.561484e+02  5.719771871564077514e+01  5.720400875644418193e+01  5.723667673696840552e+01  5.726757399813182303e+01
351 10531 5.315826e-03 4.489270e+02  5.719771871564077514e+01  5.720588981942773188e+01  5.723923662428557435e+01  5.729092952140472050e+01
352 10561 5.573649e-03 4.598147e+02  5.719771871564077514e+01  5.721692123794537821e+01  5.723684887612280647e+01  5.726768763704131260e+01
353 10591 5.269301e-03 4.600085e+02  5.719771871564077514e+01  5.720973834961202442e+01  5.723933610382356107e+01  5.726038407581894774e+01
354 10621 5.911896e-03 4.521102e+02  5.719771871564077514e+01  5.720539566659353170e+01  5.723395059846129129e+01  5.724653571975620991e+01
355 10651 6.844828e-03 4.654687e+02  5.719771871564077514e+01  5.722088811411471454e+01  5.724266308163949191e+01  5.728168326105840436e+01
356 10681 6.802768e-03 4.524093e+02  5.719771871564077514e+01  5.720978607663523974e+01  5.724038368022594625e+01  5.727496958604812249e+01
357 10711 7.212782e-03 4.723844e+02  5.719771871564077514e+01  5.720589295172477051e+01  5.724046239100719902e+01  5.728422395176616533e+01
358 10741 7.604857e-03 4.553763e+02  5.719771871564077514e+01  5.721163662703655461e+01  5.723947014818304524e+01  5.728037342227323592e+01
359 10771 8.484933e-03 4.838762e+02  5.719771871564077514e+01  5.720627589655889977e+01  5.724066172168178923e+01  5.728326408365590083e+01
360 10801 9.450526e-03 4.784204e+02  5.719771871564077514e+01  5.721624042654595144e+01  5.723646053641195408e+01  5.727628359504001310e+01
361 10831 8.978944e-03 4.666319e+02  5.719771871564077514e+01  5.720927677145753876e+01  5.723604957522213255e+01  5.729249869278486784e+01
362 10861 9.013888e-03 5.091364e+02  5.719771871564077514e+01  5.720527578089273391e+01  5.723604694038594687e+01  5.726322992365306419e+01
363 10891 1.073928e-02 5.385223e+02  5.719771871564077514e+01  5.721900100826515967e+01  5.723585082695551307e+01  5.728538678498620129e+01
364 10921 1.143799e-02 5.398305e+02  5.719771871564077514e+01  5.721799629816351285e+01  5.723629369063101535e+01  5.727198940946519201e+01
365 10951 1.082870e-02 5.376969e+02  5.719771871564077514e+01  5.721347604440781254e+01  5.724221187911255981e+01  5.727875774249010021e+01
366 10981 1.135961e-02 5.389073e+02  5.719771871564077514e+01  5.721999130959176227e+01  5.723528136634501351e+01  5.726044814909211311e+01
367 11011 1.137674e-02 5.259151e+02  5.719771871564077514e+01  5.721644859944004935e+01  5.723216529362102989e+01  5.728864831291041071e+01
368 11041 1.202021e-02 5.683256e+02  5.719771871564077514e+01  5.722097392666400140e+01  5.723832689060129297e+01  5.726507641231229684e+01
369 11071 1.085129e-02 5.713289e+02  5.719771871564077514e+01  5.720375650989431193e+01  5.723366520928244228e+01  5.727544082425134775e+01
370 11101 9.750145e-03 5.709695e+02  5.719771871564077514e+01  5.721136162231135813e+01  5.723344555202486106e+01  5.726488912485025651e+01
371 11131 9.849230e-03 5.508735e+02  5.719771871564077514e+01  5.721333892172308566e+01  5.723629937624181707e+01  5.728344623934317781e+01
372 11161 1.090728e-02 5.806078e+02  5.719771871564077514e+01  5.720729336752380334e+01  5.723557660437461436e+01  5.728875884051898737e+01
373 11191 1.044544e-02 6.160245e+02  5.719771871564077514e+01  5.721944569016699234e+01  5.723736254184431971e+01  5.729257009514709864e+01
374 11221 1.136564e-02 6.427935e+02  5.719771871564077514e+01  5.721480880709916050e+01  5.724272627699342308e+01  5.725802037683450862e+01
375 11251 1.123481e-02 6.566145e+02  5.719771871564077514e+01  5.721056608715215930e+01  5.723457714785904216e+01  5.726522549203360768e+01
376 11281 1.156301e-02 6.863318e+02  5.719771871564077514e+01  5.720922465929855605e+01  5.723645899754284017e+01  5.727264110765018046e+01
377 11311 1.167448e-02 6.700901e+02  5.719771871564077514e+01  5.720911796585589570e+01  5.723523481178689565e+01  5.726471041542858131e+01
378 11341 1.107884e-02 6.590158e+02  5.719771871564077514e+01  5.721444300436144914e+01  5.723569674020150444e+01  5.727167842926088781e+01
379 11371 1.029567e-02 6.712435e+02  5.719771871564077514e+01  5.720519193264986768e+01  5.723756763029085448e+01  5.726631974916786305e+01
380 11401 9.134141e-03 6.720020e+02  5.719771871564077514e+01  5.721813601713692776e+01  5.723525833841330268e+01  5.725781102684835844e+01
381 11431 9.319659e-03 7.056381e+02  5.719771871564077514e+01  5.721827605144721929e+01  5.723641777183870971e+01  5.727546814483051207e+01
382 11461 9.427308e-03 7.078221e+02  5.719771871564077514e+01  5.721239621082126092e+01  5.723516275816898258e+01  5.729449784740037899e+01
383 11491 9.561822e-03 7.451863e+02  5.719771871564077514e+01  5.721501547565748069e+01  5.723813838472145221e+01  5.729012993176498014e+01
384 11521 9.358972e-03 7.731785e+02  5.719771871564077514e+01  5.721206059494384988e+01  5.723614035285231694e+01  5.728765278006918749e+01
385 11551 9.013581e-03 7.470160e+02  5.719771871564077514e+01  5.721337930866926058e+01  5.724313431539870578e+01  5.728533936265444737e+01
386 11581 9.032931e-03 7.218588e+02  5.719771871564077514e+01  5.721436163247888373e+01  5.724172966330921497e+01  5.726075769011734451e+01
387 11611 8.618752e-03 7.450138e+02  5.719771871564077514e+01  5.722200984099252707e+01  5.723605479982732902e+01  5.728726199061448199e+01
388 11641 9.005538e-03 7.603808e+02  5.719771871564077514e+01  5.721089813307067118e+01  5.723972433385427649e+01  5.727810563259676258e+01
389 11671 8.866181e-03 7.799032e+02  5.719771871564077514e+01  5.720144580825931513e+01  5.724013305011375508e+01  5.730610781838816337e+01
390 11701 8.886735e-03 7.959048e+02  5.719771871564077514e+01  5.722021411706771232e+01  5.723999038563496100e+01  5.729035172378432605e+01
391 11731 8.692378e-03 8.449263e+02  5.719771871564077514e+01  5.722079220765621699e+01  5.723603642246122547e+01  5.726537842265410916e+01
392 11761 9.031903e-03 8.758515e+02  5.719771871564077514e+01  5.721722126821361343e+01  5.723511092379877141e+01  5.726675581788066438e+01
393 11791 9.205409e-03 9.381396e+02  5.719771871564077514e+01  5.721351389017829092e+01  5.724003316864835256e+01  5.726611544061059078e+01
394 11821 8.721397e-03 9.624527e+02  5.719771871564077514e+01  5.721815509712766357e+01  5.723880255106720938e+01  5.727925412920008341e+01
395 11851 7.857388e-03 9.852754e+02  5.719771871564077514e+01  5.721960066708281545e+01  5.723862178592223415e+01  5.730478096550331202e+01
396 11881 7.924026e-03 1.023351e+03  5.719771871564077514e+01  5.721265432925854100e+01  5.723284856311092028e+01  5.728039459536765321e+01
397 11911 8.011727e-03 9.995606e+02  5.719771871564077514e+01  5.721356364496703861e+01  5.723225098505693609e+01  5.726215913393350121e+01
398 11941 9.133278e-03 9.901255e+02  5.719771871564077514e+01  5.722049402664836748e+01  5.724252154801989434e+01  5.727010853825024128e+01
399 11971 8.685817e-03 9.254488e+02  5.719771871564077514e+01  5.721400740738145885e+01  5.723786949335198670e+01  5.726311572306286735e+01
400 12001 8.688807e-03 9.447961e+02  5.719771871564077514e+01  5.721708197961912390e+01  5.723362617446427691e+01  5.727943406021201156e+01
401 12031 8.697008e-03 9.267469e+02  5.719771871564077514e+01  5.721352035059260288e+01  5.723789396161031817e+01  5.729093052588474677e+01
402 12061 9.165415e-03 8.953584e+02  5.719771871564077514e+01  5.721667275451657275e+01  5.723649447034197379e+01  5.729466780689071470e+01
403 12091 8.850638e-03 8.659893e+02  5.719771871564077514e+01  5.720926888588471115e+01  5.723994227340433838e+01  5.727810184639176327e+01
404 12121 9.417314e-03 8.925177e+02  5.719771871564077514e+01  5.721424858129682889e+01  5.723658699309024200e+01  5.727879679500743748e+01
405 12151 1.107635e-02 8.526834e+02  5.719771871564077514e+01  5.721275003448383245e+01  5.723370051195870900e+01  5.729388006354075458e+01
406 12181 1.391791e-02 8.669012e+02  5.719771871564077514e+01  5.721819029313495264e+01  5.724353260107103836e+01  5.728144754429725083e+01
407 12211 1.559295e-02 8.165116e+02  5.719771871564077514e+01  5.721735631755149143e+01  5.723925877905617909e+01  5.728051725898250623e+01
408 12241 1.552924e-02 8.274391e+02  5.719771871564077514e+01  5.722170720613469541e+01  5.724247702770157531e+01  5.725909926213029877e+01
409 12271 1.535150e-02 8.142439e+02  5.719771871564077514e+01  5.721328668496214220e+01  5.723729597496178201e+01  5.727589206048452297e+01
410 12301 1.751546e-02 8.103459e+02  5.719771871564077514e+01  5.720729006478690337e+01  5.723746498672797856e+01  5.729100886494283174e+01
411 12331 1.932708e-02 8.287491e+02  5.719771871564077514e+01  5.721336037697493992e+01  5.723630579947815988e+01  5.727768281795631822e+01
412 12361 1.898051e-02 8.547068e+02  5.719771871564077514e+01  5.721554016608647686e+01  5.723925343202979832e+01  5.726849746366601579e+01
413 12391 1.815567e-02 8.931459e+02  5.719771871564077514e+01  5.721739909855013195e+01  5.723836432503263438e+01  5.726989307111719540e+01
414 12421 1.696704e-02 8.650722e+02  5.719771871564077514e+01  5.721824489235933697e+01  5.724011794182722213e+01  5.726850268655683607e+01
415 12451 1.535236e-02 8.901267e+02  5.719771871564077514e+01  5.721086189327770910e+01  5.723747579159329746e+01  5.728717495671210713e+01
416 12481 1.633450e-02 8.637589e+02  5.719771871564077514e+01  5.721789692416466266e+01  5.723908743410098054e+01  5.728147139134467380e+01
417 12511 1.695194e-02 9.104313e+02  5.719771871564077514e+01  5.722007831036182068e+01  5.723843283126227277e+01  5.727924340760232269e+01
418 12541 1.750386e-02 1.014460e+03  5.719771871564077514e+01  5.721983829292818058e+01  5.723963974680892619e+01  5.727251334634549096e+01
419 12571 1.787184e-02 1.011998e+03  5.719771871564077514e+01  5.722252741114613173e+01  5.724200062319117421e+01  5.727898640720226808e+01
420 12601 1.705099e-02 9.716959e+02  5.719771871564077514e+01  5.721291178059507843e+01  5.723501378578603038e+01  5.727701233284932414e+01
421 12631 1.763763e-02 1.074030e+03  5.719771871564077514e+01  5.721277459106137542e+01  5.724194450304783288e+01  5.728459233290504926e+01
422 12661 1.719099e-02 1.070203e+03  5.719771871564077514e+01  5.721474909051060820e+01  5.724488757622183499e+01  5.728145699181546036e+01
423 12691 1.565695e-02 1.111424e+03  5.719771871564077514e+01  5.721559573248319452e+01  5.723246984594196363e+01  5.726000687690951452e+01
424 12721 1.663128e-02 1.097454e+03  5.719771871564077514e+01  5.719926871319695749e+01  5.723716548468183873e+01  5.728610787161962037e+01
425 12751 2.137180e-02 9.773458e+02  5.719771871564077514e+01  5.720333948194651441e+01  5.723419909424556806e+01  5.725558803894070081e+01
426 12781 2.209609e-02 9.832714e+02  5.719771871564077514e+01  5.722117547130022785e+01  5.723897722661035203e+01  5.728975943443380459e+01
427 12811 2.234751e-02 9.514262e+02  5.719771871564077514e+01  5.721795498222350318e+01  5.723896719512870845e+01  5.729259364794187093e+01
428 12841 2.434683e-02 9.447645e+02  5.719771871564077514e+01  5.721011279985064135e+01  5.723892990363691524e+01  5.727000894781619422e+01
429 12871 2.523873e-02 9.451765e+02  5.719771871564077514e+01  5.721666473648791396e+01  5.723268796541303516e+01  5.727067507935370827e+01
430 12901 2.558689e-02 9.576465e+02  5.719771871564077514e+01  5.721901416565336262e+01  5.723761876327579756e+01  5.727475289881337517e+01
431 12931 2.780850e-02 1.044765e+03  5.719771871564077514e+01  5.721360452170331001e+01  5.723806116846290593e+01  5.725974724623205958e+01
432 12961 2.894278e-02 1.039548e+03  5.719771871564077514e+01  5.721288187781242129e+01  5.723597604674758088e+01  5.728389891044498938e+01
433 12991 2.690802e-02 1.065223e+03  5.719771871564077514e+01  5.721976164015336508e+01  5.723745151784463303e+01  5.725923594287363727e+01
434 13021 2.681656e-02 1.022978e+03  5.719771871564077514e+01  5.721261986332541483e+01  5.723771467720419537e+01  5.727258998140239044e+01
435 13051 2.673600e-02 1.025613e+03  5.719771871564077514e+01  5.720863138951776250e+01  5.723812830614369318e+01  5.727707908039722895e+01
436 13081 2.738656e-02 9.776518e+02  5.719771871564077514e+01  5.721832144299058598e+01  5.724027262125942173e+01  5.727792706472580164e+01
437 13111 2.641252e-02 9.931044e+02  5.719771871564077514e+01  5.721431292985609218e+01  5.724098889423108005e+01  5.726466706791519812e+01
438 13141 2.991306e-02 9.745716e+02  5.719771871564077514e+01  5.721680678817942578e+01  5.723782849022870778e+01  5.726471503225565840e+01
439 13171 3.263653e-02 9.319983e+02  5.719771871564077514e+01  5.720295929295157578e+01  5.723918152707138063e+01  5.726143654019828944e+01
440 13201 3.302277e-02 8.970808e+02  5.719771871564077514e+01  5.720684902673519190e+01  5.723680461855061452e+01  5.726930108533258590e+01
441 13231 3.542168e-02 9.132682e+02  5.719771871564077514e+01  5.721448573896246614e+01  5.724068254762530472e+01  5.727563560635383055e+01
442 13261 3.337528e-02 8.972714e+02  5.719771871564077514e+01  5.721638692843269780e+01  5.724368141545283351e+01  5.731208019362571804e+01
