%  columns="iteration, evaluation, sigma, axis ratio, bestever, best, median, worst fitness function value, further objective values of best" (startseed=215904, 2015/08/16 19:43:58.05)
1 31 8.234619e+00 2.518703e+01  2.603767906898619913e+02  2.603767906898619913e+02  3.301790012770831595e+02  1.346458450256427228e+08
2 61 7.882269e+00 2.551272e+01  2.603767906898619913e+02  2.892409010440808288e+02  3.301463486584211751e+02  1.884574883876080513e+08
3 91 7.324801e+00 2.463566e+01  9.715735453316565895e+01  9.715735453316565895e+01  3.300341603239861001e+02  1.228935717992496677e+06
4 121 7.741225e+00 2.388910e+01  9.715735453316565895e+01  2.504679105282319540e+02  3.300017879549544659e+02  3.651879337394175678e+07
5 151 8.279025e+00 2.277690e+01  7.638570919420361349e+01  7.638570919420361349e+01  3.300457262133285781e+02  2.704241617611594200e+08
6 181 9.193007e+00 2.159214e+01  7.638570919420361349e+01  1.422146486115569815e+02  3.300664752435602622e+02  3.576723616152937757e+05
7 211 9.104130e+00 2.128962e+01  7.638570919420361349e+01  1.066368697866466420e+02  3.300793963583106461e+02  1.924197432780982926e+07
8 241 9.146534e+00 2.083367e+01  7.638570919420361349e+01  9.791377124996667192e+01  3.300212663207445303e+02  1.060512029552842956e+06
9 271 8.259493e+00 1.998718e+01  7.638570919420361349e+01  2.438821693857813102e+02  3.300147119345561464e+02  1.257619224470505491e+06
10 301 8.004016e+00 1.970374e+01  7.638570919420361349e+01  1.205649855771416554e+02  3.300151389848372219e+02  1.905599970539471833e+05
11 331 8.141224e+00 2.004046e+01  7.638570919420361349e+01  9.390277952996150646e+01  3.300641537885255161e+02  4.147500940311169717e+06
12 361 7.230049e+00 2.012730e+01  7.638570919420361349e+01  2.151231054585821312e+02  3.301891283506891455e+02  1.065231186184675246e+07
13 391 6.359107e+00 2.022787e+01  7.082496270731999743e+01  7.082496270731999743e+01  3.293289133344991342e+02  1.516630328074862715e+06
14 421 7.344221e+00 2.015644e+01  6.756807251134745229e+01  6.756807251134745229e+01  3.818298623695236529e+02  8.407252676599827828e+05
15 451 7.706350e+00 2.382661e+01  6.756807251134745229e+01  8.665074454673107596e+01  3.298805800481023880e+02  1.538252654592108738e+05
16 481 8.321462e+00 2.403011e+01  6.756807251134745229e+01  7.755514775014012230e+01  3.295979567763156979e+02  2.066086676275580190e+06
17 511 9.039241e+00 2.287297e+01  6.756807251134745229e+01  7.905402121267340476e+01  3.299447960285610293e+02  5.120254538851910911e+04
18 541 9.358718e+00 2.293384e+01  6.756807251134745229e+01  9.405065249128504945e+01  3.299278288361257978e+02  1.297699832733446601e+04
19 571 9.334697e+00 2.312332e+01  6.255392641138551824e+01  6.255392641138551824e+01  3.242260958229786638e+02  7.237516164249012945e+04
20 601 9.580789e+00 2.306181e+01  6.255392641138551824e+01  9.330188032296061351e+01  3.298324065657696451e+02  4.508142222988947469e+04
21 631 8.605237e+00 2.276723e+01  6.255392641138551824e+01  6.465742158449702970e+01  3.300436108292043400e+02  1.048603051894081000e+04
22 661 8.514752e+00 2.207271e+01  6.255392641138551824e+01  7.811596826191063769e+01  3.300391077381809737e+02  6.064896952538662299e+04
23 691 8.538579e+00 2.100869e+01  6.255392641138551824e+01  7.584445595729265222e+01  3.300885521292372005e+02  4.438088679009600310e+04
24 721 8.574961e+00 1.982142e+01  6.255392641138551824e+01  6.274892717191949032e+01  3.257688984555335878e+02  1.051686351961039472e+05
25 751 8.590971e+00 1.944035e+01  6.255392641138551824e+01  6.887168749431076265e+01  3.274788764993286918e+02  1.224946966415740462e+04
26 781 9.360169e+00 1.996407e+01  5.958012762455357603e+01  5.958012762455357603e+01  3.279585084336067666e+02  3.100661846749302640e+03
27 811 9.585904e+00 2.081800e+01  5.958012762455357603e+01  6.185372691889470786e+01  3.235705229489628323e+02  7.569478432374451586e+03
28 841 8.813299e+00 2.259967e+01  5.958012762455357603e+01  6.732920185160801907e+01  3.838056269226898394e+02  4.551230341582688561e+04
29 871 8.810468e+00 2.321512e+01  5.958012762455357603e+01  6.045414697250603808e+01  3.288289869331407544e+02  8.832025964164888137e+03
30 901 8.467664e+00 2.281922e+01  5.958012762455357603e+01  6.017815136264989206e+01  2.913832101783574444e+02  4.650679185413070627e+03
31 931 7.919454e+00 2.282347e+01  5.958012762455357603e+01  6.004722901129662915e+01  2.602754809968099039e+02  5.777009370948917422e+03
32 961 7.462245e+00 2.322303e+01  5.958012762455357603e+01  6.692350807764069032e+01  3.038124146463173361e+02  2.940534586382993439e+03
33 991 8.217238e+00 2.317623e+01  5.958012762455357603e+01  6.333179435816043679e+01  2.424310679622377904e+02  2.988722615616456096e+03
34 1021 8.196642e+00 2.296361e+01  5.958012762455357603e+01  8.726861110022846901e+01  3.203836569582225593e+02  6.518030730279397176e+03
35 1051 8.792268e+00 2.394059e+01  5.958012762455357603e+01  6.383058201548398358e+01  1.863705616588060821e+02  2.845623294296263339e+03
36 1081 8.911484e+00 2.335857e+01  5.958012762455357603e+01  6.455832079940066137e+01  2.164998526878809457e+02  1.097858570822327692e+03
37 1111 8.572899e+00 2.395739e+01  5.958012762455357603e+01  6.239304951502583663e+01  2.501397808569362269e+02  5.236078161528501369e+03
38 1141 7.689874e+00 2.422138e+01  5.958012762455357603e+01  6.028752348308613307e+01  1.792028333908960462e+02  7.796404501940999126e+02
39 1171 8.060568e+00 2.472398e+01  5.958012762455357603e+01  6.798321926226711298e+01  2.240428508460295518e+02  2.179163763287542224e+03
40 1201 8.062761e+00 2.488964e+01  5.958012762455357603e+01  6.647281752231728547e+01  1.432986996107997015e+02  5.330515559263474643e+03
41 1231 7.197299e+00 2.492547e+01  5.958012762455357603e+01  6.238252105021565797e+01  1.725294886587261090e+02  5.521493060564131156e+03
42 1261 6.802146e+00 2.488226e+01  5.958012762455357603e+01  6.235707338618862394e+01  1.647198329494061397e+02  1.702045477800700382e+03
43 1291 6.051870e+00 2.595507e+01  5.958012762455357603e+01  6.129629338090543911e+01  1.351776554817096780e+02  5.414342172191081772e+02
44 1321 5.529461e+00 2.614817e+01  5.958012762455357603e+01  6.024979174542491478e+01  8.984819763738866527e+01  3.894650398033809324e+02
45 1351 5.694102e+00 2.672785e+01  5.958012762455357603e+01  6.144896410910559581e+01  1.006353300587637705e+02  4.991299875288058274e+02
46 1381 5.569936e+00 2.662982e+01  5.958012762455357603e+01  6.022157668079840676e+01  8.805823407168946915e+01  3.110065568007174761e+02
47 1411 5.457901e+00 2.702205e+01  5.958012762455357603e+01  6.029508316043751392e+01  9.141040615256119395e+01  3.133910776948258672e+02
48 1441 5.826276e+00 2.717424e+01  5.856407013396278671e+01  5.856407013396278671e+01  8.035030016712696010e+01  5.735092965191032590e+02
49 1471 6.162844e+00 2.582771e+01  5.856407013396278671e+01  6.286993197276250100e+01  8.655771547711918856e+01  6.483243088278691175e+02
50 1501 5.920703e+00 2.557146e+01  5.856407013396278671e+01  6.021036739691331263e+01  1.042083409803843068e+02  3.736837652260290952e+02
51 1531 5.304528e+00 2.525931e+01  5.856407013396278671e+01  5.889643425972890611e+01  9.325748605782777645e+01  2.616536595987719807e+02
52 1561 5.366904e+00 2.530537e+01  5.856407013396278671e+01  6.006763652377458129e+01  8.507703010561988322e+01  2.465037256912448242e+02
53 1591 5.034361e+00 2.482532e+01  5.856407013396278671e+01  6.045804027091895705e+01  7.889904130364183743e+01  3.625807771121303631e+02
54 1621 5.331006e+00 2.482757e+01  5.856407013396278671e+01  6.023668107309399034e+01  8.538919270780458248e+01  4.346395388630091929e+02
55 1651 5.010759e+00 2.491451e+01  5.856407013396278671e+01  5.909486306251758947e+01  6.948310399035828766e+01  1.987465020353005229e+02
56 1681 4.660129e+00 2.467172e+01  5.856407013396278671e+01  5.913919165614962026e+01  7.826340157833850242e+01  4.038820044202583404e+02
57 1711 4.559260e+00 2.493936e+01  5.856407013396278671e+01  6.017629332160166911e+01  6.950895930783934773e+01  1.880442698170536460e+02
58 1741 4.120427e+00 2.580334e+01  5.856407013396278671e+01  6.013843305850855359e+01  7.406726515319921589e+01  1.358878663937363171e+02
59 1771 3.698680e+00 2.631476e+01  5.856407013396278671e+01  6.012400894646387428e+01  6.626746499354692332e+01  1.430933592381908852e+02
60 1801 4.043814e+00 2.729415e+01  5.856407013396278671e+01  6.011412534725509715e+01  6.474535140080514850e+01  1.058824379346165188e+02
61 1831 3.495568e+00 2.752440e+01  5.856407013396278671e+01  6.009068295925582959e+01  6.333569287514886526e+01  9.123808748559372361e+01
62 1861 3.392743e+00 2.934849e+01  5.856407013396278671e+01  6.017959090995865523e+01  6.152332759531896755e+01  8.285691839650409918e+01
63 1891 2.894022e+00 2.995118e+01  5.856407013396278671e+01  6.016985277365553486e+01  6.489596111814003621e+01  8.739161413640667320e+01
64 1921 2.638997e+00 3.104698e+01  5.856407013396278671e+01  6.010883571946626347e+01  6.204698801605366043e+01  7.214886460098827570e+01
65 1951 2.721631e+00 3.080209e+01  5.856407013396278671e+01  6.013241570943711167e+01  6.119707906897269822e+01  8.535286002996414823e+01
66 1981 2.833266e+00 3.102376e+01  5.856407013396278671e+01  6.014487002264316118e+01  6.121400221790110407e+01  7.147532570510186645e+01
67 2011 2.745357e+00 3.085043e+01  5.856407013396278671e+01  6.013026776859756239e+01  6.123072456754321991e+01  7.287091375664101633e+01
68 2041 3.110644e+00 3.160985e+01  5.856407013396278671e+01  6.016977976341519252e+01  6.125817171368721148e+01  6.462326319002261243e+01
69 2071 2.920133e+00 3.309617e+01  5.856407013396278671e+01  6.013778682099141548e+01  6.140704205077042133e+01  8.491221087203163620e+01
70 2101 2.635342e+00 3.363005e+01  5.856407013396278671e+01  6.011680256043936765e+01  6.068976791701918216e+01  7.220832639242931350e+01
71 2131 2.706681e+00 3.521166e+01  5.856407013396278671e+01  6.010647156465415719e+01  6.092835361861278898e+01  6.752029004104338128e+01
72 2161 2.678752e+00 3.662994e+01  5.856407013396278671e+01  6.011803213763378295e+01  6.116373367650788850e+01  7.486092091073675192e+01
73 2191 2.881830e+00 3.727244e+01  5.856407013396278671e+01  6.012065092308196768e+01  6.089316806917475589e+01  6.459557232620531408e+01
74 2221 3.201917e+00 3.877422e+01  5.856407013396278671e+01  6.007301390181764589e+01  6.057392639413374269e+01  6.760389156833890922e+01
75 2251 3.307788e+00 3.934866e+01  5.856407013396278671e+01  6.012050896671222233e+01  6.049083085019726980e+01  6.969193031677792760e+01
76 2281 3.057704e+00 4.053102e+01  5.856407013396278671e+01  6.010563173678166038e+01  6.173875493183221153e+01  7.741278535711781217e+01
77 2311 3.042991e+00 4.175707e+01  5.856407013396278671e+01  6.009814016245800161e+01  6.091363937868742084e+01  6.516552286191300425e+01
78 2341 2.988377e+00 4.559233e+01  5.856407013396278671e+01  6.006774721120780214e+01  6.055726471302495639e+01  6.996611638089083840e+01
79 2371 2.673814e+00 4.460417e+01  5.856407013396278671e+01  6.009364938983073756e+01  6.106954421171349168e+01  6.560583135061108351e+01
80 2401 2.561719e+00 4.545346e+01  5.856407013396278671e+01  6.010967156003208345e+01  6.038307937637308953e+01  6.330594704809021067e+01
81 2431 2.456192e+00 4.655210e+01  5.856407013396278671e+01  6.006427727327935173e+01  6.037669386570393470e+01  6.366703154998403136e+01
82 2461 2.506711e+00 4.750989e+01  5.856407013396278671e+01  6.009155563199735184e+01  6.026724538042670787e+01  6.749113840271017750e+01
83 2491 2.761136e+00 4.765315e+01  5.856407013396278671e+01  5.989478035004275114e+01  6.046976049127587771e+01  6.288325698589380153e+01
84 2521 2.813060e+00 4.590657e+01  5.856407013396278671e+01  6.007703212325937159e+01  6.031550782814237976e+01  6.467462337965011443e+01
85 2551 2.949082e+00 4.840284e+01  5.856407013396278671e+01  5.969161016731072777e+01  6.028178320811894508e+01  6.611659685623845917e+01
86 2581 3.087856e+00 5.026891e+01  5.856407013396278671e+01  6.014442142133056279e+01  6.052382381453063687e+01  7.860399419677415267e+01
87 2611 3.200963e+00 4.952553e+01  5.856407013396278671e+01  5.942604074567476857e+01  6.059121593486779034e+01  7.149177658202927432e+01
88 2641 3.389236e+00 5.127388e+01  5.856407013396278671e+01  5.890822009773035717e+01  6.168844698528916126e+01  7.346762033777839918e+01
89 2671 4.143418e+00 5.145644e+01  5.856407013396278671e+01  5.933355097083756391e+01  6.120174215523806538e+01  7.284337903473272036e+01
90 2701 3.860809e+00 4.866202e+01  5.856407013396278671e+01  5.941730834506152803e+01  6.080340706163116238e+01  7.213525474820401939e+01
91 2731 3.798712e+00 4.901881e+01  5.856407013396278671e+01  5.919059930129817815e+01  6.132048854672696336e+01  7.413042515776382402e+01
92 2761 4.100779e+00 4.968765e+01  5.856407013396278671e+01  5.874711670310932021e+01  6.044375418573346792e+01  9.099159418541849220e+01
93 2791 4.421004e+00 4.956598e+01  5.849213257845265446e+01  5.849213257845265446e+01  6.168990396269336429e+01  9.329797809428112032e+01
94 2821 4.292091e+00 4.896794e+01  5.756483585221711508e+01  5.756483585221711508e+01  6.342234976305979899e+01  1.358454681994502096e+02
95 2851 3.988780e+00 4.874721e+01  5.756483585221711508e+01  5.845315025341477622e+01  6.045952327283652750e+01  8.186271757093768997e+01
96 2881 4.167060e+00 4.764441e+01  5.756483585221711508e+01  5.775161234059698501e+01  5.982264502026575315e+01  7.915704903072017373e+01
97 2911 4.504952e+00 4.747731e+01  5.745343897157554380e+01  5.745343897157554380e+01  6.132293413642983637e+01  9.425974086915567796e+01
98 2941 4.442993e+00 5.074763e+01  5.745343897157554380e+01  5.759037895141274532e+01  6.025396830515992264e+01  8.744310313354588970e+01
99 2971 4.362008e+00 5.042781e+01  5.745343897157554380e+01  5.747537899418638574e+01  6.426063785862150723e+01  1.697822385177736066e+02
100 3001 4.527001e+00 5.039869e+01  5.730902320831946639e+01  5.730902320831946639e+01  5.976829606016799090e+01  8.903609849514504049e+01
101 3031 4.186782e+00 5.034691e+01  5.730902320831946639e+01  5.780457051986456918e+01  6.112324046496257779e+01  9.824519457530431055e+01
102 3061 3.654027e+00 5.082324e+01  5.730902320831946639e+01  5.768052189869996482e+01  6.026824986647700655e+01  9.181541615481457086e+01
103 3091 3.421001e+00 5.119999e+01  5.722221113644610568e+01  5.722221113644610568e+01  5.935790807133108160e+01  7.598888816075458408e+01
104 3121 2.947550e+00 4.996889e+01  5.722221113644610568e+01  5.726150364888974309e+01  5.885820631490466326e+01  8.032967592363387155e+01
105 3151 2.663839e+00 5.246654e+01  5.722221113644610568e+01  5.727937333790636387e+01  5.868637758731951948e+01  9.859216480513541114e+01
106 3181 2.434958e+00 5.308928e+01  5.722221113644610568e+01  5.723390430366340098e+01  5.822596963924409863e+01  6.577294326849360573e+01
107 3211 2.518201e+00 5.248482e+01  5.720923583503002874e+01  5.720923583503002874e+01  5.772450922994794098e+01  6.469136349456768187e+01
108 3241 2.363003e+00 5.369128e+01  5.720923583503002874e+01  5.724652375545043981e+01  5.838225949443203433e+01  6.433670463806791417e+01
109 3271 2.396653e+00 5.221385e+01  5.720923583503002874e+01  5.732327392828355528e+01  5.771568188759451346e+01  6.222404448761218987e+01
110 3301 2.218101e+00 5.315528e+01  5.720923583503002874e+01  5.731565985048751344e+01  5.770617848872254996e+01  6.246576833256650474e+01
111 3331 1.780652e+00 5.360121e+01  5.720923583503002874e+01  5.721516934733314486e+01  5.751990102761570256e+01  5.983200621382379580e+01
112 3361 1.585258e+00 5.471101e+01  5.720766884339344927e+01  5.720766884339344927e+01  5.745396853848284735e+01  6.219066175214950931e+01
113 3391 1.531709e+00 5.683311e+01  5.720766884339344927e+01  5.723157464191865529e+01  5.734776479433977414e+01  5.797103914414726944e+01
114 3421 1.486491e+00 5.787041e+01  5.720766884339344927e+01  5.721624205708289423e+01  5.742274069843432471e+01  5.846059520898280937e+01
115 3451 1.444530e+00 6.064542e+01  5.717558118849675708e+01  5.717558118849675708e+01  5.734684153658182026e+01  5.784998264092850206e+01
116 3481 1.559808e+00 6.074610e+01  5.717558118849675708e+01  5.718737591650066321e+01  5.728694991498750255e+01  5.795240582823421960e+01
117 3511 1.563826e+00 6.105533e+01  5.716236491297394195e+01  5.716236491297394195e+01  5.732677008478728453e+01  5.789015695015463336e+01
118 3541 1.463864e+00 6.091610e+01  5.716236491297394195e+01  5.719312376810569276e+01  5.731415018621532909e+01  5.817840486126541322e+01
119 3571 1.357022e+00 5.963223e+01  5.716236491297394195e+01  5.717288300996649753e+01  5.725372488262119219e+01  5.753547832357564573e+01
120 3601 1.360088e+00 6.076618e+01  5.716236491297394195e+01  5.719130274346921539e+01  5.725115553927733458e+01  5.759473502521875332e+01
121 3631 1.291859e+00 6.073109e+01  5.716236491297394195e+01  5.719968886162643429e+01  5.728421595984169556e+01  5.766024298323248587e+01
122 3661 1.498370e+00 6.224078e+01  5.716236491297394195e+01  5.717104753481103785e+01  5.726780830370329056e+01  5.762328348586477489e+01
123 3691 1.437284e+00 5.951059e+01  5.716236491297394195e+01  5.719195248567833545e+01  5.726310455297291924e+01  5.914362488949449670e+01
124 3721 1.401369e+00 6.316111e+01  5.716236491297394195e+01  5.719677509031835427e+01  5.728610456800089423e+01  5.786356991286352525e+01
125 3751 1.387541e+00 6.222319e+01  5.716236491297394195e+01  5.718160145753869017e+01  5.723843402346251708e+01  5.857227037398130420e+01
126 3781 1.334480e+00 6.144853e+01  5.716236491297394195e+01  5.719034106616445001e+01  5.725240701315165381e+01  5.772968779861317046e+01
127 3811 1.253125e+00 6.147489e+01  5.716236491297394195e+01  5.718242934785382658e+01  5.722454117028094345e+01  5.793253346074891397e+01
128 3841 1.207495e+00 6.206077e+01  5.716236491297394195e+01  5.717192976598289533e+01  5.722807626867876252e+01  5.753190522257592932e+01
129 3871 1.161331e+00 6.695746e+01  5.716236491297394195e+01  5.717184994424576416e+01  5.721418948129109339e+01  5.730930947717072854e+01
130 3901 9.569565e-01 6.894476e+01  5.716236491297394195e+01  5.717079318610308292e+01  5.721043000792370492e+01  5.735044318596464308e+01
131 3931 9.795479e-01 6.810507e+01  5.716236491297394195e+01  5.716559580074756752e+01  5.719276560150312605e+01  5.726059837991353163e+01
132 3961 9.288544e-01 6.897240e+01  5.716236491297394195e+01  5.717105762642529498e+01  5.720147685475497212e+01  5.732287222285739858e+01
133 3991 8.153110e-01 6.960697e+01  5.716236491297394195e+01  5.716727604061127010e+01  5.720644289273086258e+01  5.725659338964240419e+01
134 4021 7.187995e-01 7.071663e+01  5.716236491297394195e+01  5.717602301081623040e+01  5.720098237329930413e+01  5.725231438730365596e+01
135 4051 7.950641e-01 6.943867e+01  5.714762229186739262e+01  5.714762229186739262e+01  5.719142103801936372e+01  5.728250510981439447e+01
136 4081 7.573668e-01 7.069939e+01  5.714762229186739262e+01  5.716196798586321393e+01  5.718622530553236061e+01  5.724379084403243212e+01
137 4111 6.647669e-01 7.306347e+01  5.714762229186739262e+01  5.715749624824013608e+01  5.719992885772202840e+01  5.723249752871858931e+01
138 4141 7.122179e-01 7.521756e+01  5.714762229186739262e+01  5.716963931959053014e+01  5.719907057288890684e+01  5.725049218097953485e+01
139 4171 6.864517e-01 7.049508e+01  5.714762229186739262e+01  5.715517057477460128e+01  5.719608294716069707e+01  5.726470717059808635e+01
140 4201 6.566062e-01 6.907973e+01  5.714762229186739262e+01  5.716398142621243039e+01  5.718662284864348067e+01  5.722814120756264344e+01
141 4231 6.889099e-01 6.799849e+01  5.714469356948595191e+01  5.714469356948595191e+01  5.718977344482736669e+01  5.724030470438506768e+01
142 4261 7.536592e-01 6.862935e+01  5.714469356948595191e+01  5.716055966242400643e+01  5.719674740466150098e+01  5.722976793581660360e+01
143 4291 6.587593e-01 6.727020e+01  5.714469356948595191e+01  5.716186559561967329e+01  5.719279145380185270e+01  5.725368690050515852e+01
144 4321 6.050316e-01 6.855195e+01  5.714469356948595191e+01  5.716883413730732144e+01  5.719704255118090686e+01  5.726588922525240832e+01
145 4351 6.721768e-01 6.585088e+01  5.714469356948595191e+01  5.715137105504157944e+01  5.719130830399872423e+01  5.723969732288912837e+01
146 4381 6.746003e-01 6.739921e+01  5.714469356948595191e+01  5.716475932943612293e+01  5.719564207503155728e+01  5.751996335455865506e+01
147 4411 5.907682e-01 6.665949e+01  5.714469356948595191e+01  5.715083983819894797e+01  5.719167173904128987e+01  5.728726304153656912e+01
148 4441 6.747181e-01 6.793565e+01  5.714469356948595191e+01  5.715340325733671989e+01  5.718964215649972971e+01  5.771938037604651583e+01
149 4471 6.757726e-01 6.823150e+01  5.714469356948595191e+01  5.716312666586009072e+01  5.719506467561526364e+01  5.724328416251712781e+01
150 4501 6.775676e-01 7.074207e+01  5.714469356948595191e+01  5.714757522458393169e+01  5.718546674042460154e+01  5.724678539381413600e+01
151 4531 6.631542e-01 6.996373e+01  5.714469356948595191e+01  5.714981690623409349e+01  5.718581196051020044e+01  5.724999976847506389e+01
152 4561 6.324270e-01 7.148322e+01  5.714469356948595191e+01  5.715406507129235791e+01  5.718707042309391397e+01  5.722812922352754583e+01
153 4591 6.419759e-01 7.356766e+01  5.714469356948595191e+01  5.716320039645617612e+01  5.719628794467568866e+01  5.728712931577802436e+01
154 4621 5.731207e-01 7.263748e+01  5.714469356948595191e+01  5.716181186254321034e+01  5.718964232538209558e+01  5.745796550982380779e+01
155 4651 5.896605e-01 6.986812e+01  5.714469356948595191e+01  5.715584133685747759e+01  5.719069088243226417e+01  5.723230782673176975e+01
156 4681 6.079331e-01 6.862496e+01  5.714469356948595191e+01  5.716514230688108711e+01  5.719733082498310495e+01  5.729341260810957692e+01
157 4711 6.235608e-01 6.539911e+01  5.714469356948595191e+01  5.715983133198297139e+01  5.719616244596705457e+01  5.795418108575487537e+01
158 4741 5.386350e-01 6.596642e+01  5.714469356948595191e+01  5.716470836984640158e+01  5.718437668224594006e+01  5.726553358182833620e+01
159 4771 6.207077e-01 6.388770e+01  5.714469356948595191e+01  5.715891042107209330e+01  5.719130246431936371e+01  5.725543278173171302e+01
160 4801 5.628429e-01 6.264277e+01  5.714469356948595191e+01  5.715682918986280470e+01  5.718615259099749437e+01  5.726294744951828619e+01
161 4831 5.181789e-01 6.534478e+01  5.713559155959832481e+01  5.713559155959832481e+01  5.718506225222370887e+01  5.724088263020294676e+01
162 4861 4.802446e-01 6.727357e+01  5.713559155959832481e+01  5.715745782220299276e+01  5.719045958191675538e+01  5.723640550757846768e+01
163 4891 4.522342e-01 6.873230e+01  5.713559155959832481e+01  5.715509778941254382e+01  5.718269571229204473e+01  5.724704136858410664e+01
164 4921 4.696815e-01 7.099135e+01  5.713559155959832481e+01  5.716121767387276265e+01  5.718267650180590067e+01  5.722405074599433306e+01
165 4951 4.934609e-01 6.570721e+01  5.713559155959832481e+01  5.714071434046552156e+01  5.718906958432522458e+01  5.722763402069118399e+01
166 4981 5.676336e-01 6.164776e+01  5.713559155959832481e+01  5.715673549459650360e+01  5.717879435637161123e+01  5.725228972260026694e+01
167 5011 5.183649e-01 6.156403e+01  5.713559155959832481e+01  5.715175245385824354e+01  5.718211120441115014e+01  5.724810400367306329e+01
168 5041 5.015221e-01 6.163415e+01  5.713559155959832481e+01  5.714611514165390105e+01  5.719120862046084142e+01  5.727936897290574336e+01
169 5071 4.482195e-01 5.815899e+01  5.713559155959832481e+01  5.715110511116631642e+01  5.718687400772424212e+01  5.726821365482841486e+01
170 5101 4.990575e-01 5.917684e+01  5.713559155959832481e+01  5.715182600265305979e+01  5.718363672744767001e+01  5.725547478810515400e+01
171 5131 5.101382e-01 6.084212e+01  5.712905754982712381e+01  5.712905754982712381e+01  5.717835549030290565e+01  5.724609368774834195e+01
172 5161 5.388689e-01 6.036868e+01  5.712905754982712381e+01  5.713850464585939903e+01  5.717799656609071235e+01  5.721625625425497219e+01
173 5191 6.137853e-01 6.054721e+01  5.712905754982712381e+01  5.714571588500633936e+01  5.718605079312386152e+01  5.725612217324550102e+01
174 5221 6.523998e-01 6.163160e+01  5.712905754982712381e+01  5.714571574445733404e+01  5.718035983512959319e+01  5.722345568412733030e+01
175 5251 6.937544e-01 6.591049e+01  5.712905754982712381e+01  5.714940119332619872e+01  5.717833263793608722e+01  5.722768673965950370e+01
176 5281 6.741925e-01 6.870441e+01  5.712905754982712381e+01  5.715299709963430530e+01  5.718529152897770018e+01  5.722245060030263630e+01
177 5311 6.651639e-01 6.869691e+01  5.712905754982712381e+01  5.716064091376192380e+01  5.717569746012955534e+01  5.721858537022819746e+01
178 5341 5.895846e-01 7.115437e+01  5.712905754982712381e+01  5.715052387463465777e+01  5.718479261103986033e+01  5.722191872819680469e+01
179 5371 5.893616e-01 7.550581e+01  5.712905754982712381e+01  5.715415713656011576e+01  5.717429592793007487e+01  5.721625549096762597e+01
180 5401 5.808425e-01 7.771405e+01  5.712905754982712381e+01  5.714596176842000830e+01  5.718435189179311351e+01  5.730439734964640763e+01
181 5431 5.103690e-01 7.686260e+01  5.712905754982712381e+01  5.715790718718022845e+01  5.717782626171565141e+01  5.723206943797046620e+01
182 5461 4.830513e-01 7.176636e+01  5.712905754982712381e+01  5.714804832887445940e+01  5.718698673887587347e+01  5.722501965580578087e+01
183 5491 4.400970e-01 7.128469e+01  5.712905754982712381e+01  5.715263932537240521e+01  5.717758165246156921e+01  5.722505466511166361e+01
184 5521 4.197601e-01 6.972168e+01  5.712905754982712381e+01  5.715294828887500955e+01  5.718141459101146040e+01  5.724972232711623121e+01
185 5551 4.029410e-01 7.335331e+01  5.712905754982712381e+01  5.715464802104548880e+01  5.718313762365733055e+01  5.721841456366409773e+01
186 5581 3.758711e-01 7.413884e+01  5.712905754982712381e+01  5.715573946421689300e+01  5.717606223916389752e+01  5.722564061128453261e+01
187 5611 3.329534e-01 7.466346e+01  5.712905754982712381e+01  5.715952103863376976e+01  5.717981588094716017e+01  5.721625479598364450e+01
188 5641 3.136886e-01 8.061475e+01  5.712905754982712381e+01  5.715265921436072460e+01  5.718624266146648694e+01  5.721993211770700327e+01
189 5671 3.120287e-01 8.056564e+01  5.712905754982712381e+01  5.715161603758576803e+01  5.718696054397521777e+01  5.723190501832741006e+01
190 5701 2.931128e-01 8.703615e+01  5.712905754982712381e+01  5.715959624497951097e+01  5.718048705622776140e+01  5.721408361284794353e+01
191 5731 2.912470e-01 8.512006e+01  5.712905754982712381e+01  5.715693924180168040e+01  5.718195799664488277e+01  5.722016042317505935e+01
192 5761 2.852649e-01 8.733898e+01  5.712905754982712381e+01  5.715975740554404183e+01  5.717707858493439232e+01  5.721390009912568075e+01
193 5791 2.947793e-01 8.835168e+01  5.712905754982712381e+01  5.715978647796749357e+01  5.718371456336043224e+01  5.722132276987373700e+01
194 5821 3.238947e-01 9.182553e+01  5.712905754982712381e+01  5.715292989221647701e+01  5.718116770404277815e+01  5.721426208891715248e+01
195 5851 3.221481e-01 9.176475e+01  5.712905754982712381e+01  5.714953149711037383e+01  5.717794160748419330e+01  5.722123746656695431e+01
196 5881 3.239740e-01 8.931204e+01  5.712905754982712381e+01  5.715027096845217613e+01  5.718392370077623355e+01  5.726615791658268506e+01
197 5911 3.074200e-01 9.261689e+01  5.712905754982712381e+01  5.716671851225308387e+01  5.718185601874724711e+01  5.721265226199246712e+01
198 5941 3.335835e-01 8.969786e+01  5.712905754982712381e+01  5.715152960626495826e+01  5.718122148265108962e+01  5.721170000937379996e+01
199 5971 3.594622e-01 9.167985e+01  5.712905754982712381e+01  5.715730109428009342e+01  5.718386493931312486e+01  5.722425590572652254e+01
200 6001 3.297482e-01 9.318877e+01  5.712905754982712381e+01  5.713500663724381212e+01  5.718221388132587890e+01  5.723128184557400289e+01
201 6031 3.389117e-01 1.071519e+02  5.712905754982712381e+01  5.715316124614677307e+01  5.718290944112702334e+01  5.724404481477269258e+01
202 6061 3.529578e-01 1.049662e+02  5.712905754982712381e+01  5.715254789346184339e+01  5.717941280613277399e+01  5.723491892988532470e+01
203 6091 3.320153e-01 1.104846e+02  5.712905754982712381e+01  5.714938151604107475e+01  5.717582980631405576e+01  5.722447178733610684e+01
204 6121 3.403788e-01 1.145039e+02  5.712905754982712381e+01  5.714539527642948968e+01  5.717904450800905636e+01  5.721161754221327556e+01
205 6151 3.336465e-01 1.151582e+02  5.712905754982712381e+01  5.715279406776839721e+01  5.718025109268941719e+01  5.721129859874986323e+01
206 6181 3.157720e-01 1.081992e+02  5.712905754982712381e+01  5.715329357008626232e+01  5.717427454928630937e+01  5.722220836387389653e+01
207 6211 2.963963e-01 1.142977e+02  5.712905754982712381e+01  5.715693623478776431e+01  5.717932058727635081e+01  5.722817181218891847e+01
208 6241 3.047695e-01 1.200484e+02  5.712905754982712381e+01  5.715775737527356171e+01  5.717373716484397050e+01  5.725080461027083345e+01
209 6271 3.420417e-01 1.144433e+02  5.712905754982712381e+01  5.715462567918032732e+01  5.717640951259829762e+01  5.721219506402161414e+01
210 6301 3.336170e-01 1.175371e+02  5.712905754982712381e+01  5.715944979678293691e+01  5.718214187483732758e+01  5.724068046747686367e+01
211 6331 3.365923e-01 1.216873e+02  5.712905754982712381e+01  5.715305133557625084e+01  5.717841710875579508e+01  5.721979783806854414e+01
212 6361 4.006342e-01 1.168363e+02  5.712905754982712381e+01  5.715120184411810556e+01  5.718110292581332033e+01  5.724272914795606937e+01
213 6391 4.313162e-01 1.147678e+02  5.712905754982712381e+01  5.715057795392090156e+01  5.718232838275923768e+01  5.720637927352077412e+01
214 6421 4.697968e-01 1.152015e+02  5.712905754982712381e+01  5.715149066040225279e+01  5.718159957255491577e+01  5.722343242155622534e+01
215 6451 4.052119e-01 1.174614e+02  5.712905754982712381e+01  5.715133814184400052e+01  5.718107403956226165e+01  5.727609813556516372e+01
216 6481 3.825112e-01 1.195238e+02  5.712905754982712381e+01  5.715992043729736594e+01  5.717875808364497914e+01  5.724099396841211984e+01
217 6511 3.686080e-01 1.173569e+02  5.712905754982712381e+01  5.714183981546769076e+01  5.717668598800237589e+01  5.723290953452041663e+01
218 6541 3.474834e-01 1.163695e+02  5.712905754982712381e+01  5.714955180194144191e+01  5.717788692328784350e+01  5.722183801567436490e+01
219 6571 3.192495e-01 1.159021e+02  5.712905754982712381e+01  5.715427691034184932e+01  5.717891702584154956e+01  5.720082315767410819e+01
220 6601 2.830143e-01 1.158550e+02  5.712905754982712381e+01  5.715050547740027298e+01  5.717669644821130248e+01  5.720554056238843543e+01
221 6631 2.853606e-01 1.215845e+02  5.712905754982712381e+01  5.714642158013288054e+01  5.717894252102347252e+01  5.723047674233132653e+01
222 6661 2.819784e-01 1.181141e+02  5.712905754982712381e+01  5.715048857995359555e+01  5.717567056091294830e+01  5.721186213739174775e+01
223 6691 2.690306e-01 1.231275e+02  5.712905754982712381e+01  5.715376085581603149e+01  5.717676127961744470e+01  5.721107844526917319e+01
224 6721 2.589081e-01 1.162107e+02  5.712905754982712381e+01  5.714153026965581716e+01  5.717401200360413327e+01  5.724300800951657209e+01
225 6751 2.433254e-01 1.129897e+02  5.712905754982712381e+01  5.715838913461736581e+01  5.718066527635976826e+01  5.721353311839855849e+01
226 6781 2.591739e-01 1.182485e+02  5.712905754982712381e+01  5.714793153804478720e+01  5.717928508687167266e+01  5.721889239629307866e+01
227 6811 2.635442e-01 1.213519e+02  5.712905754982712381e+01  5.715021677879141038e+01  5.717495623231614132e+01  5.720827707135029527e+01
228 6841 2.449725e-01 1.220969e+02  5.712905754982712381e+01  5.714952984874668118e+01  5.717614147520800572e+01  5.720444659014030719e+01
229 6871 2.539313e-01 1.323632e+02  5.712905754982712381e+01  5.714654823833242858e+01  5.718128835771683072e+01  5.723775152045027426e+01
230 6901 2.544344e-01 1.360729e+02  5.712905754982712381e+01  5.713552478588742645e+01  5.717840293206148772e+01  5.721903145619759812e+01
231 6931 2.588039e-01 1.344227e+02  5.712905754982712381e+01  5.714235994660626261e+01  5.717383440644628934e+01  5.719862504966883421e+01
232 6961 2.323504e-01 1.292752e+02  5.712905754982712381e+01  5.715195910602335516e+01  5.717177461943557404e+01  5.721665429548627912e+01
233 6991 1.948055e-01 1.275666e+02  5.712905754982712381e+01  5.715002912246609412e+01  5.717662411790608701e+01  5.721883371186694944e+01
234 7021 1.823830e-01 1.326800e+02  5.712905754982712381e+01  5.715340333296243358e+01  5.717309998069844568e+01  5.723144143573438214e+01
235 7051 1.983699e-01 1.374088e+02  5.712905754982712381e+01  5.714351494647893048e+01  5.717084908380626018e+01  5.720517224067577899e+01
236 7081 1.840897e-01 1.348957e+02  5.712905754982712381e+01  5.714970115459460942e+01  5.718141273779059475e+01  5.720285063791487090e+01
237 7111 1.894450e-01 1.332579e+02  5.712905754982712381e+01  5.715235296467088233e+01  5.717992119382576277e+01  5.721136365273909519e+01
238 7141 2.015251e-01 1.307486e+02  5.712905754982712381e+01  5.715427309697864189e+01  5.717773263481590362e+01  5.720938746144092590e+01
239 7171 2.290182e-01 1.337269e+02  5.712905754982712381e+01  5.715385116744083405e+01  5.717156952656118563e+01  5.720672500491714629e+01
240 7201 2.012557e-01 1.358464e+02  5.712905754982712381e+01  5.715813597457162132e+01  5.717583331186712314e+01  5.720931565143054343e+01
241 7231 1.766024e-01 1.353084e+02  5.712905754982712381e+01  5.714075892601006501e+01  5.717822473889570034e+01  5.720520117519004799e+01
242 7261 1.753889e-01 1.280562e+02  5.712905754982712381e+01  5.715875113526767137e+01  5.717606014245495061e+01  5.721163429627600294e+01
243 7291 1.630490e-01 1.220068e+02  5.712905754982712381e+01  5.715491098187285246e+01  5.717688699967076360e+01  5.722798721928779742e+01
244 7321 1.650015e-01 1.292496e+02  5.712905754982712381e+01  5.714602723699614018e+01  5.717061752619432724e+01  5.722383490566014785e+01
245 7351 1.633310e-01 1.287210e+02  5.712905754982712381e+01  5.715096881881909496e+01  5.717415341383875216e+01  5.720365127004602357e+01
246 7381 1.445172e-01 1.238252e+02  5.712905754982712381e+01  5.714556861639407259e+01  5.717914546764038874e+01  5.722319594852822888e+01
247 7411 1.559326e-01 1.199662e+02  5.712905754982712381e+01  5.714790793172294059e+01  5.717429138758939899e+01  5.725382866726346265e+01
248 7441 1.676203e-01 1.174717e+02  5.712905754982712381e+01  5.714617544173463415e+01  5.717998836162462339e+01  5.724408634605426016e+01
249 7471 1.769291e-01 1.178847e+02  5.712905754982712381e+01  5.713395228988469654e+01  5.717817720892431055e+01  5.721616261943032100e+01
250 7501 2.089798e-01 1.174807e+02  5.712905754982712381e+01  5.715121630713864675e+01  5.718320476055038171e+01  5.722209323768906586e+01
251 7531 1.993721e-01 1.276080e+02  5.712905754982712381e+01  5.714967174438586994e+01  5.717257397153630905e+01  5.720910101569532458e+01
252 7561 1.948876e-01 1.285719e+02  5.712905754982712381e+01  5.714750375235753665e+01  5.717956649053439833e+01  5.721966759668831060e+01
253 7591 1.926154e-01 1.230270e+02  5.712905754982712381e+01  5.716091672209887520e+01  5.718139184547430887e+01  5.723585032728593092e+01
254 7621 1.885382e-01 1.282465e+02  5.712905754982712381e+01  5.715940237467413709e+01  5.718072039471304180e+01  5.723239605571905741e+01
255 7651 1.834514e-01 1.276335e+02  5.712905754982712381e+01  5.715869173114233348e+01  5.717982311269517481e+01  5.721490861473360212e+01
256 7681 1.873766e-01 1.316406e+02  5.712905754982712381e+01  5.714098938493438595e+01  5.717072564919685362e+01  5.719518746267711862e+01
257 7711 2.004141e-01 1.357073e+02  5.712905754982712381e+01  5.714046726407138266e+01  5.717688680630867282e+01  5.721935446120936319e+01
258 7741 2.052822e-01 1.433754e+02  5.712905754982712381e+01  5.714821486269433848e+01  5.717817863349772267e+01  5.722723919051034613e+01
259 7771 2.118472e-01 1.467161e+02  5.712905754982712381e+01  5.714818466381308326e+01  5.717429940193689220e+01  5.722463887477490374e+01
260 7801 1.776859e-01 1.471444e+02  5.712905754982712381e+01  5.714492746929725797e+01  5.717924326953506409e+01  5.722460797226322171e+01
261 7831 1.719471e-01 1.388161e+02  5.712905754982712381e+01  5.714863929978666590e+01  5.717794649385777461e+01  5.721614949640009229e+01
262 7861 1.550948e-01 1.337457e+02  5.712905754982712381e+01  5.713834691648861508e+01  5.717062038746058050e+01  5.722714978678745013e+01
263 7891 1.326540e-01 1.366040e+02  5.712905754982712381e+01  5.714178198345828008e+01  5.717321279605440765e+01  5.720373027619210404e+01
264 7921 1.284135e-01 1.368435e+02  5.712905754982712381e+01  5.715751159407578541e+01  5.717386668748056877e+01  5.720637557208340240e+01
265 7951 1.378426e-01 1.430261e+02  5.712905754982712381e+01  5.713350154949461057e+01  5.717270505190049334e+01  5.720005942959791412e+01
266 7981 1.511631e-01 1.467494e+02  5.712905754982712381e+01  5.714970346585823791e+01  5.717406279742371566e+01  5.721218573333192836e+01
267 8011 1.559741e-01 1.498680e+02  5.712905754982712381e+01  5.714892361849284441e+01  5.718118880982779473e+01  5.720239603386336569e+01
268 8041 1.477686e-01 1.491239e+02  5.712905754982712381e+01  5.714981682477206704e+01  5.717220967438552037e+01  5.723459368272038716e+01
269 8071 1.378337e-01 1.468593e+02  5.712905754982712381e+01  5.714625598505176640e+01  5.717883092998604866e+01  5.721610894009385362e+01
270 8101 1.371466e-01 1.445753e+02  5.712905754982712381e+01  5.714602203798249036e+01  5.717773358752165791e+01  5.721876437174903174e+01
271 8131 1.623884e-01 1.533490e+02  5.712905754982712381e+01  5.715779331417050457e+01  5.717753947136871062e+01  5.723072828722565930e+01
272 8161 1.973350e-01 1.582288e+02  5.712905754982712381e+01  5.715169404490639238e+01  5.718015813448002405e+01  5.720521466520899878e+01
273 8191 1.950391e-01 1.600666e+02  5.712905754982712381e+01  5.715776288920203285e+01  5.717957159195660921e+01  5.722312353453052935e+01
274 8221 1.982065e-01 1.595521e+02  5.712905754982712381e+01  5.714881136410865281e+01  5.718054526813484983e+01  5.724044067812467063e+01
275 8251 1.982792e-01 1.622514e+02  5.712905754982712381e+01  5.715259589589106781e+01  5.717692083111124646e+01  5.724387236043431670e+01
276 8281 2.096825e-01 1.650427e+02  5.712905754982712381e+01  5.716384198713065956e+01  5.718658877296502396e+01  5.721162273280017274e+01
277 8311 2.026495e-01 1.710093e+02  5.712905754982712381e+01  5.715429331673300339e+01  5.718023008579704225e+01  5.721335557745229039e+01
278 8341 1.979818e-01 1.607402e+02  5.712905754982712381e+01  5.714192434993489655e+01  5.717332417779242348e+01  5.720658787231799636e+01
279 8371 1.917718e-01 1.533351e+02  5.712905754982712381e+01  5.715326884332017698e+01  5.717128435116769936e+01  5.720684465813293684e+01
280 8401 1.621664e-01 1.509471e+02  5.712905754982712381e+01  5.715583997643764036e+01  5.717654823404609488e+01  5.722480029212766794e+01
281 8431 1.728209e-01 1.569984e+02  5.712905754982712381e+01  5.714821564902916862e+01  5.717345491130787849e+01  5.720988979686471509e+01
282 8461 1.758347e-01 1.631677e+02  5.712905754982712381e+01  5.714931432093312935e+01  5.717282025767792675e+01  5.721182879635988172e+01
283 8491 1.966533e-01 1.662815e+02  5.712905754982712381e+01  5.714772344211133515e+01  5.717649550064039943e+01  5.722577803433929944e+01
284 8521 2.149135e-01 1.716310e+02  5.712905754982712381e+01  5.715240322816757157e+01  5.717732135193689658e+01  5.721442237140669818e+01
285 8551 2.193414e-01 1.646070e+02  5.712905754982712381e+01  5.713703215931147383e+01  5.718346458106297092e+01  5.721726642174758126e+01
286 8581 2.501885e-01 1.654262e+02  5.712905754982712381e+01  5.716037348655057571e+01  5.717857934354493921e+01  5.723016979921393244e+01
287 8611 2.608965e-01 1.632838e+02  5.712905754982712381e+01  5.715215483286949194e+01  5.717668391448681575e+01  5.719967558080759318e+01
288 8641 3.017896e-01 1.609286e+02  5.712905754982712381e+01  5.715193446536365229e+01  5.717691295339101032e+01  5.720556797898214541e+01
289 8671 3.128927e-01 1.631710e+02  5.712905754982712381e+01  5.713736231297873758e+01  5.717539865270870081e+01  5.721794015412670831e+01
290 8701 3.032202e-01 1.613596e+02  5.712905754982712381e+01  5.714593574730905345e+01  5.718072611009824868e+01  5.721681348355194530e+01
291 8731 3.248955e-01 1.618782e+02  5.712905754982712381e+01  5.715379039579254083e+01  5.717675664158768711e+01  5.720116622134908368e+01
292 8761 3.552933e-01 1.657433e+02  5.712905754982712381e+01  5.714499014555643441e+01  5.717724341643351949e+01  5.724147051111534523e+01
293 8791 3.134181e-01 1.689211e+02  5.712905754982712381e+01  5.714240001327151930e+01  5.717748376550788691e+01  5.721355100619660305e+01
294 8821 3.037310e-01 1.743136e+02  5.712905754982712381e+01  5.714505764069100024e+01  5.717824982434169812e+01  5.721348625643392438e+01
295 8851 2.983897e-01 1.783668e+02  5.712905754982712381e+01  5.715348185812514004e+01  5.718115431015245065e+01  5.723821885056031533e+01
296 8881 2.814705e-01 1.818948e+02  5.712905754982712381e+01  5.715500385990949894e+01  5.717290367934978690e+01  5.720642837876255271e+01
297 8911 2.484158e-01 1.844188e+02  5.712905754982712381e+01  5.714517083258365204e+01  5.718193801480968119e+01  5.723580734516396262e+01
298 8941 2.639618e-01 1.809201e+02  5.712905754982712381e+01  5.715037205558445521e+01  5.717690518119415799e+01  5.722017776313461468e+01
299 8971 2.616646e-01 1.841896e+02  5.712905754982712381e+01  5.714618202789557699e+01  5.717853952932503603e+01  5.721742669079633714e+01
300 9001 3.200567e-01 1.743405e+02  5.712905754982712381e+01  5.714406172103065273e+01  5.717350208172466353e+01  5.722422873811050437e+01
301 9031 3.365923e-01 1.766713e+02  5.712830746432649676e+01  5.712830746432649676e+01  5.717863143832393291e+01  5.722566094034679907e+01
302 9061 3.379017e-01 1.715239e+02  5.712830746432649676e+01  5.714175299153325227e+01  5.717396948737713558e+01  5.722473195052696582e+01
303 9091 3.347524e-01 1.679918e+02  5.712830746432649676e+01  5.715127697041211263e+01  5.717591206378656210e+01  5.721721519451713789e+01
304 9121 3.013441e-01 1.690329e+02  5.712830746432649676e+01  5.715102201752854683e+01  5.717643287884966696e+01  5.721808568872996403e+01
305 9151 3.228343e-01 1.708224e+02  5.712830746432649676e+01  5.714397065211072402e+01  5.718115286938455455e+01  5.721300895849959289e+01
306 9181 3.154380e-01 1.735504e+02  5.712830746432649676e+01  5.713863699565925458e+01  5.718488516643267872e+01  5.721988243448716105e+01
307 9211 2.701321e-01 1.806373e+02  5.712830746432649676e+01  5.714028008485700383e+01  5.717675225786801718e+01  5.722274657685127863e+01
308 9241 2.667031e-01 1.786269e+02  5.712830746432649676e+01  5.714086949226631873e+01  5.717440390434107655e+01  5.723514344786421049e+01
309 9271 2.592251e-01 1.751257e+02  5.712830746432649676e+01  5.714522286863655154e+01  5.717898581581720663e+01  5.721340229626393636e+01
310 9301 2.558875e-01 1.649379e+02  5.712830746432649676e+01  5.714244435296516400e+01  5.717607479279394056e+01  5.721006750209072322e+01
311 9331 2.691623e-01 1.606098e+02  5.712830746432649676e+01  5.714916674843950517e+01  5.717436958922664303e+01  5.721263648569555471e+01
312 9361 2.608570e-01 1.562314e+02  5.712830746432649676e+01  5.715052486156668010e+01  5.717355273042480945e+01  5.721102947756660484e+01
313 9391 2.694746e-01 1.551153e+02  5.712830746432649676e+01  5.714919931286708277e+01  5.717292671402515225e+01  5.722252829045761757e+01
314 9421 3.128333e-01 1.449366e+02  5.712830746432649676e+01  5.714675771105959967e+01  5.717844782469529719e+01  5.721380120915164014e+01
315 9451 3.466603e-01 1.362655e+02  5.712830746432649676e+01  5.714504591026589964e+01  5.717835044192418081e+01  5.724194730601804793e+01
316 9481 3.282608e-01 1.356961e+02  5.712830746432649676e+01  5.714079873494283390e+01  5.717479681415979087e+01  5.721839774766951336e+01
317 9511 3.047767e-01 1.381581e+02  5.712830746432649676e+01  5.714083653625180403e+01  5.717835692257690283e+01  5.721172852806962084e+01
318 9541 3.361130e-01 1.367537e+02  5.712830746432649676e+01  5.714784346680053773e+01  5.718168357761219056e+01  5.723847418841192081e+01
319 9571 3.394464e-01 1.332749e+02  5.712830746432649676e+01  5.714536729235530288e+01  5.717247752321848964e+01  5.721001966806962002e+01
320 9601 3.505731e-01 1.305939e+02  5.712830746432649676e+01  5.715595266825822307e+01  5.718308141396820332e+01  5.720738935449483620e+01
321 9631 3.307183e-01 1.277457e+02  5.712830746432649676e+01  5.714411468523141480e+01  5.717363554564008155e+01  5.719905976227531141e+01
322 9661 3.404257e-01 1.243177e+02  5.712830746432649676e+01  5.715850703325499893e+01  5.717845806632340100e+01  5.721239469164795821e+01
323 9691 4.032969e-01 1.273360e+02  5.712830746432649676e+01  5.714609128637700053e+01  5.718283705464077116e+01  5.723520562691324187e+01
324 9721 4.083456e-01 1.234666e+02  5.712830746432649676e+01  5.714399090045405671e+01  5.717591484432580273e+01  5.721525476290641166e+01
325 9751 3.896098e-01 1.295629e+02  5.712830746432649676e+01  5.715453602878639572e+01  5.718014687071567437e+01  5.723470967930917652e+01
326 9781 4.102682e-01 1.251203e+02  5.712830746432649676e+01  5.714626774796853681e+01  5.717766991239903973e+01  5.720271092356775711e+01
327 9811 4.309603e-01 1.256938e+02  5.712830746432649676e+01  5.715012741910160798e+01  5.717541179343463398e+01  5.723596550021132146e+01
328 9841 3.714015e-01 1.272447e+02  5.712830746432649676e+01  5.714695252356476374e+01  5.717599744566210518e+01  5.723701377788141542e+01
329 9871 3.887214e-01 1.281786e+02  5.712830746432649676e+01  5.715143877782195148e+01  5.717457249169129341e+01  5.721924280641010796e+01
330 9901 4.540473e-01 1.312633e+02  5.712830746432649676e+01  5.713641848168792592e+01  5.717948035149115071e+01  5.725634188203022745e+01
331 9931 5.079874e-01 1.379307e+02  5.712830746432649676e+01  5.714334250303610929e+01  5.717978874326455951e+01  5.722104524090840982e+01
332 9961 4.882891e-01 1.345486e+02  5.712830746432649676e+01  5.714179567534188209e+01  5.717829120746272764e+01  5.721164124542354301e+01
333 9991 5.259388e-01 1.312052e+02  5.712830746432649676e+01  5.714445545602772114e+01  5.717935283373552124e+01  5.722763788312676070e+01
334 10021 6.051463e-01 1.219168e+02  5.712830746432649676e+01  5.715230563877961600e+01  5.716782559350380666e+01  5.721932210256889562e+01
335 10051 7.219234e-01 1.262252e+02  5.712830746432649676e+01  5.714639757491612215e+01  5.717484470663159613e+01  5.722462631751721318e+01
336 10081 6.923308e-01 1.246346e+02  5.712830746432649676e+01  5.714353055490749966e+01  5.718347559836269056e+01  5.723698714073699989e+01
337 10111 6.510122e-01 1.211273e+02  5.712830746432649676e+01  5.715683335028553813e+01  5.718283608449501543e+01  5.726288870119029895e+01
338 10141 6.744960e-01 1.214340e+02  5.712830746432649676e+01  5.714519739508236285e+01  5.717758633030910431e+01  5.720359192622238709e+01
339 10171 6.409667e-01 1.234039e+02  5.712830746432649676e+01  5.715408404520465524e+01  5.718375532918655324e+01  5.723301849693545762e+01
340 10201 6.239720e-01 1.226523e+02  5.712830746432649676e+01  5.714146471452647802e+01  5.717593571976453859e+01  5.723310647219334157e+01
341 10231 5.712874e-01 1.284271e+02  5.712830746432649676e+01  5.714368314436586616e+01  5.717662717788473969e+01  5.721342427250137064e+01
342 10261 5.262716e-01 1.303578e+02  5.712830746432649676e+01  5.714904152467683218e+01  5.717963758424470910e+01  5.722219289205057180e+01
343 10291 5.774498e-01 1.255911e+02  5.712830746432649676e+01  5.714288809590636475e+01  5.717530392900923886e+01  5.722978111292249537e+01
344 10321 6.030336e-01 1.275276e+02  5.712830746432649676e+01  5.714564896750592027e+01  5.717111050939172401e+01  5.723625005785261521e+01
345 10351 5.432217e-01 1.300443e+02  5.712830746432649676e+01  5.715213649297392351e+01  5.717312980527182731e+01  5.721683914644901847e+01
346 10381 5.364019e-01 1.368433e+02  5.712830746432649676e+01  5.714917970841918304e+01  5.718001178322732869e+01  5.721849866343016089e+01
347 10411 6.054389e-01 1.377920e+02  5.712830746432649676e+01  5.715323052310050400e+01  5.718267110801157571e+01  5.723586997140461108e+01
348 10441 7.770085e-01 1.444606e+02  5.712830746432649676e+01  5.714823186882431116e+01  5.716981898074610768e+01  5.721716903152736222e+01
349 10471 8.486915e-01 1.418876e+02  5.712830746432649676e+01  5.715015307740684847e+01  5.717921753521882522e+01  5.724791771757290348e+01
350 10501 8.168220e-01 1.424975e+02  5.712830746432649676e+01  5.715162902083334728e+01  5.718122468421462656e+01  5.724204946179248310e+01
351 10531 7.534513e-01 1.402316e+02  5.712830746432649676e+01  5.715585042409772143e+01  5.718356985639847778e+01  5.726045703719971414e+01
352 10561 7.702501e-01 1.453881e+02  5.712830746432649676e+01  5.714621109485422323e+01  5.718190814366596442e+01  5.722814949378876292e+01
353 10591 6.635477e-01 1.439308e+02  5.712823333953545557e+01  5.712823333953545557e+01  5.717267882899747633e+01  5.725276200239663638e+01
354 10621 6.514225e-01 1.501502e+02  5.712823333953545557e+01  5.715377202441565174e+01  5.717736678322957289e+01  5.720687862226555609e+01
355 10651 6.033259e-01 1.541854e+02  5.712823333953545557e+01  5.715373451131950588e+01  5.717414837943280759e+01  5.722003673948243829e+01
356 10681 5.360791e-01 1.564538e+02  5.712823333953545557e+01  5.714488499856720694e+01  5.717761894100200948e+01  5.724357925524573432e+01
357 10711 4.895446e-01 1.592461e+02  5.712823333953545557e+01  5.714636787203600932e+01  5.717359173826594088e+01  5.723319822171518467e+01
358 10741 5.528347e-01 1.579709e+02  5.712823333953545557e+01  5.713700447585100051e+01  5.717840395165454481e+01  5.722450306338394199e+01
359 10771 5.264839e-01 1.521618e+02  5.712823333953545557e+01  5.715281944363719902e+01  5.717851729919979675e+01  5.722387696181834826e+01
360 10801 4.336423e-01 1.501305e+02  5.712823333953545557e+01  5.714218558112649760e+01  5.717317959052788012e+01  5.721404128634041797e+01
361 10831 4.436761e-01 1.557809e+02  5.712823333953545557e+01  5.715429662926290177e+01  5.718023979312837923e+01  5.721983719344066088e+01
362 10861 4.603163e-01 1.537759e+02  5.712823333953545557e+01  5.715636649189261220e+01  5.718149138971529055e+01  5.721980029034904902e+01
363 10891 4.626730e-01 1.607620e+02  5.712823333953545557e+01  5.714817230531217263e+01  5.717704447722009320e+01  5.723037404702260744e+01
364 10921 4.279788e-01 1.687279e+02  5.712823333953545557e+01  5.714338989711635008e+01  5.717935552326652981e+01  5.721127638815006833e+01
365 10951 4.037144e-01 1.622669e+02  5.712823333953545557e+01  5.714994650815096122e+01  5.717735842042705485e+01  5.722873036684902104e+01
366 10981 3.934327e-01 1.672137e+02  5.712823333953545557e+01  5.714851520883154024e+01  5.717960603077197845e+01  5.722349360698438403e+01
367 11011 4.125896e-01 1.713002e+02  5.712823333953545557e+01  5.713998227006185004e+01  5.716759766684384658e+01  5.720807338872153736e+01
368 11041 4.263700e-01 1.714784e+02  5.712823333953545557e+01  5.714641548355474754e+01  5.717243781252632573e+01  5.720786375489981879e+01
369 11071 4.411973e-01 1.748339e+02  5.712823333953545557e+01  5.714281735786794769e+01  5.717187759137669900e+01  5.721603671184086437e+01
370 11101 3.850041e-01 1.778217e+02  5.712823333953545557e+01  5.715001702408591200e+01  5.717420983986800564e+01  5.721989882071390809e+01
371 11131 4.221668e-01 1.900315e+02  5.712823333953545557e+01  5.715242248082103060e+01  5.718606830137322561e+01  5.723464945020251804e+01
372 11161 4.268377e-01 1.894488e+02  5.712823333953545557e+01  5.715438270299465984e+01  5.717489688353090571e+01  5.724028983462631004e+01
373 11191 4.258435e-01 1.869888e+02  5.712823333953545557e+01  5.714393002396399623e+01  5.718239105249772081e+01  5.722686589312387184e+01
374 11221 4.099698e-01 1.980416e+02  5.712823333953545557e+01  5.714557511986213001e+01  5.717758489923748755e+01  5.724179431179064892e+01
375 11251 4.068760e-01 2.120941e+02  5.712823333953545557e+01  5.714968122302929032e+01  5.717725787647964353e+01  5.721351295050510544e+01
376 11281 4.028744e-01 2.114816e+02  5.712823333953545557e+01  5.714715683561740889e+01  5.717490498718581193e+01  5.720639052328913010e+01
377 11311 3.820484e-01 2.128596e+02  5.712823333953545557e+01  5.714478454271794305e+01  5.716659496490107983e+01  5.721588626738287076e+01
378 11341 3.515426e-01 2.094215e+02  5.712823333953545557e+01  5.714716293266276637e+01  5.717392576347770472e+01  5.721393195261293840e+01
379 11371 3.264869e-01 2.086776e+02  5.712823333953545557e+01  5.714272023087431762e+01  5.717263340847236464e+01  5.722646236880699888e+01
380 11401 3.143072e-01 2.157773e+02  5.712823333953545557e+01  5.713726670428414423e+01  5.717206676350868122e+01  5.721316121992529702e+01
381 11431 3.058057e-01 2.016105e+02  5.712823333953545557e+01  5.714849458697513285e+01  5.717743443204507514e+01  5.722067745364671509e+01
382 11461 3.140674e-01 1.921863e+02  5.712823333953545557e+01  5.713991589031518004e+01  5.717638985996840972e+01  5.723277913093509994e+01
383 11491 3.085810e-01 2.006535e+02  5.712823333953545557e+01  5.714574884707777613e+01  5.717901699955817207e+01  5.722403397064357478e+01
384 11521 3.162070e-01 2.077265e+02  5.712823333953545557e+01  5.714593887140273409e+01  5.717616949018641748e+01  5.723080227735197667e+01
385 11551 3.395359e-01 2.050252e+02  5.712823333953545557e+01  5.714581816054115393e+01  5.717413261575791239e+01  5.721852374783320272e+01
386 11581 3.051063e-01 2.075259e+02  5.712823333953545557e+01  5.714433374931513754e+01  5.717796510024524537e+01  5.722786145195039609e+01
387 11611 2.574421e-01 2.118318e+02  5.712823333953545557e+01  5.713390557670017245e+01  5.717182076739992169e+01  5.721863158827821394e+01
388 11641 2.068045e-01 2.150876e+02  5.712823333953545557e+01  5.715264087113526870e+01  5.717156696095145918e+01  5.720853618243798877e+01
389 11671 2.468381e-01 2.189286e+02  5.712823333953545557e+01  5.713883068717463942e+01  5.716972436239426969e+01  5.720578910456209343e+01
390 11701 2.501141e-01 2.442046e+02  5.712823333953545557e+01  5.714855504984329571e+01  5.716757447489000299e+01  5.721590639213710716e+01
391 11731 2.368949e-01 2.470103e+02  5.712823333953545557e+01  5.714307884298499118e+01  5.717352776825573812e+01  5.720832295108284882e+01
392 11761 2.186023e-01 2.605307e+02  5.712823333953545557e+01  5.714958075696316087e+01  5.718366237184431355e+01  5.721890293356639745e+01
393 11791 2.543113e-01 2.579545e+02  5.712823333953545557e+01  5.714161489843483821e+01  5.717287679870524642e+01  5.722524640642545535e+01
394 11821 2.739372e-01 2.716224e+02  5.712823333953545557e+01  5.712890060124300362e+01  5.717330119669141908e+01  5.721354940802999067e+01
395 11851 3.030236e-01 2.696061e+02  5.712823333953545557e+01  5.714209507459043635e+01  5.717477168822947675e+01  5.720574907422615496e+01
396 11881 3.035985e-01 2.669594e+02  5.712823333953545557e+01  5.715416878879896245e+01  5.717743903307886910e+01  5.721649088978729480e+01
397 11911 3.133248e-01 2.750412e+02  5.712823333953545557e+01  5.714627199998139417e+01  5.716834166065194012e+01  5.722781931847448789e+01
398 11941 3.130817e-01 2.691719e+02  5.712823333953545557e+01  5.715308482123106160e+01  5.717535072647901018e+01  5.722468660971949816e+01
399 11971 2.933889e-01 2.698452e+02  5.712823333953545557e+01  5.713506048408612514e+01  5.717005704184275316e+01  5.721181737907407694e+01
400 12001 3.199086e-01 2.669511e+02  5.712823333953545557e+01  5.713967163942894700e+01  5.717289924787955613e+01  5.721595202155699411e+01
401 12031 2.792371e-01 2.662655e+02  5.712823333953545557e+01  5.714688197645276091e+01  5.717313424124625953e+01  5.723307471168300253e+01
402 12061 2.666988e-01 2.687783e+02  5.712823333953545557e+01  5.713515157917340304e+01  5.717274310885153454e+01  5.724219060940576753e+01
403 12091 2.772355e-01 2.726639e+02  5.712823333953545557e+01  5.713548971090786921e+01  5.717364408963715050e+01  5.723943817942451773e+01
404 12121 2.734490e-01 3.003348e+02  5.712632613307556539e+01  5.712632613307556539e+01  5.717581001957097442e+01  5.721226205196399661e+01
405 12151 2.835127e-01 3.024531e+02  5.712632613307556539e+01  5.714102061745826688e+01  5.717819258940605209e+01  5.723653521902895136e+01
406 12181 3.099737e-01 2.935624e+02  5.712632613307556539e+01  5.713953405234119032e+01  5.717091713339181069e+01  5.721231255202026489e+01
407 12211 3.079775e-01 2.911042e+02  5.712632613307556539e+01  5.714845488147982877e+01  5.717524611332467543e+01  5.721351723489444652e+01
408 12241 2.925173e-01 3.005728e+02  5.712632613307556539e+01  5.714858093487880097e+01  5.717926512398404526e+01  5.722278008272117233e+01
409 12271 2.779489e-01 2.955440e+02  5.712632613307556539e+01  5.714379933120517308e+01  5.717129637918284857e+01  5.721815491925917030e+01
410 12301 2.498890e-01 2.900782e+02  5.712632613307556539e+01  5.714700683085577282e+01  5.717859406630831387e+01  5.726367303613489668e+01
411 12331 2.224928e-01 2.950845e+02  5.712632613307556539e+01  5.714871842498008903e+01  5.717597265025388964e+01  5.721505580334358854e+01
412 12361 2.266172e-01 3.043508e+02  5.712632613307556539e+01  5.713003419456564558e+01  5.717418696812030987e+01  5.721045490584815951e+01
413 12391 2.301562e-01 2.942124e+02  5.712632613307556539e+01  5.715080116573139435e+01  5.716966674050717501e+01  5.725047753684646779e+01
414 12421 2.331061e-01 3.022744e+02  5.712632613307556539e+01  5.714422112871876180e+01  5.716961698652760759e+01  5.722518238809172431e+01
415 12451 2.574618e-01 2.886291e+02  5.712632613307556539e+01  5.713836552619457620e+01  5.716491196803251285e+01  5.724015892089224167e+01
416 12481 2.465651e-01 3.049223e+02  5.712632613307556539e+01  5.714182620003043667e+01  5.717239109093169702e+01  5.724092014505024650e+01
417 12511 2.165062e-01 3.088965e+02  5.712632613307556539e+01  5.714591576558446206e+01  5.717128329791579233e+01  5.722240604970100009e+01
418 12541 1.999321e-01 2.942938e+02  5.712632613307556539e+01  5.713827591117819082e+01  5.716822228110935100e+01  5.723843032817808307e+01
419 12571 1.958214e-01 2.930881e+02  5.712632613307556539e+01  5.713404777521228084e+01  5.716890370592612669e+01  5.724516691236819099e+01
420 12601 1.750509e-01 3.011179e+02  5.712632613307556539e+01  5.714101716790689522e+01  5.716870823118185285e+01  5.722013050352252606e+01
421 12631 1.582080e-01 2.999806e+02  5.712632613307556539e+01  5.714154994763667617e+01  5.716899338741538372e+01  5.720722132164540596e+01
422 12661 1.674312e-01 3.102111e+02  5.712632613307556539e+01  5.713963934951401313e+01  5.717292055451217436e+01  5.722082618241609708e+01
423 12691 1.719194e-01 3.190822e+02  5.712632613307556539e+01  5.714184405321095994e+01  5.717156135404731288e+01  5.722045905747297923e+01
424 12721 1.645457e-01 3.258188e+02  5.712632613307556539e+01  5.714630995021325077e+01  5.717166346005092237e+01  5.721294367000996317e+01
425 12751 1.690503e-01 3.263958e+02  5.712632613307556539e+01  5.715329798608620138e+01  5.718466464947002237e+01  5.722453847474170630e+01
426 12781 1.540006e-01 3.287014e+02  5.712632613307556539e+01  5.713935318699820698e+01  5.717358161124198546e+01  5.721441031674436317e+01
427 12811 1.433934e-01 3.390875e+02  5.712632613307556539e+01  5.713537305863560789e+01  5.717391307440757231e+01  5.722363120011851834e+01
428 12841 1.552162e-01 3.455432e+02  5.712632613307556539e+01  5.714727192140330203e+01  5.717482189570553430e+01  5.722605686070329511e+01
429 12871 1.626965e-01 3.410508e+02  5.712632613307556539e+01  5.715049020006668457e+01  5.717531355376403468e+01  5.722275008099019544e+01
430 12901 1.684987e-01 3.484416e+02  5.712632613307556539e+01  5.714477865684759195e+01  5.717828791378289566e+01  5.720547693550631863e+01
431 12931 1.798710e-01 3.446837e+02  5.712632613307556539e+01  5.714952994618946036e+01  5.717626061735769838e+01  5.721290757640008451e+01
432 12961 1.870526e-01 3.397772e+02  5.712632613307556539e+01  5.713929398987316688e+01  5.716678691883014096e+01  5.721821698856163607e+01
433 12991 1.948891e-01 3.415001e+02  5.712632613307556539e+01  5.714726811448066712e+01  5.717793209909922325e+01  5.722678772636838573e+01
434 13021 1.787852e-01 3.430794e+02  5.712632613307556539e+01  5.714528348192154539e+01  5.717299198429348905e+01  5.720641169431607409e+01
435 13051 1.701843e-01 3.327053e+02  5.712632613307556539e+01  5.713230908120766571e+01  5.716907330075532911e+01  5.719925170186553487e+01
436 13081 1.741607e-01 3.428650e+02  5.712632613307556539e+01  5.714425270760482078e+01  5.717292228088983563e+01  5.721039471738308890e+01
437 13111 1.584628e-01 3.412981e+02  5.712632613307556539e+01  5.712867139727588039e+01  5.717540558236153458e+01  5.719972389389347711e+01
438 13141 1.350858e-01 3.324123e+02  5.712632613307556539e+01  5.713773693846242452e+01  5.717316679368440191e+01  5.721652192179992369e+01
439 13171 1.377973e-01 3.443287e+02  5.712632613307556539e+01  5.713525312596885186e+01  5.717186707205733853e+01  5.720428809551311389e+01
440 13201 1.462223e-01 3.616187e+02  5.712632613307556539e+01  5.714186229649808979e+01  5.717829393704716523e+01  5.720500151773467934e+01
441 13231 1.400418e-01 3.681693e+02  5.712632613307556539e+01  5.713926895446498122e+01  5.716800092764918872e+01  5.722658214259614340e+01
442 13261 1.349239e-01 3.990748e+02  5.712632613307556539e+01  5.714843273705425020e+01  5.716713920873284849e+01  5.721430426962162130e+01
443 13291 1.457891e-01 4.620899e+02  5.712632613307556539e+01  5.714334834731936041e+01  5.717805174649802780e+01  5.722870928085779241e+01
444 13321 1.399219e-01 4.553296e+02  5.712632613307556539e+01  5.713520219795267963e+01  5.716941897165295927e+01  5.723148325217276522e+01
445 13351 1.309141e-01 4.859260e+02  5.712632613307556539e+01  5.714134906489965715e+01  5.717397229556200955e+01  5.720559150163646933e+01
446 13381 1.245165e-01 4.951997e+02  5.712632613307556539e+01  5.713318977427738332e+01  5.716773215761732274e+01  5.720207236165236964e+01
447 13411 1.268342e-01 5.098038e+02  5.712632613307556539e+01  5.714927043156868791e+01  5.717625985639598696e+01  5.722639738482706662e+01
448 13441 1.399315e-01 4.935012e+02  5.712632613307556539e+01  5.712966625109227436e+01  5.716918512702365973e+01  5.722627356339232563e+01
449 13471 1.273404e-01 4.899830e+02  5.712632613307556539e+01  5.714177247910591007e+01  5.717029709842891805e+01  5.725384731926852311e+01
450 13501 1.244431e-01 4.830023e+02  5.712632613307556539e+01  5.714189087271974188e+01  5.716991964345318422e+01  5.722044149011220782e+01
451 13531 1.092515e-01 4.949567e+02  5.712632613307556539e+01  5.714864217670889701e+01  5.717683282792593502e+01  5.721648766494597282e+01
452 13561 9.641986e-02 5.042404e+02  5.712632613307556539e+01  5.714864405694305560e+01  5.717100391925229985e+01  5.722149076822324076e+01
453 13591 9.280936e-02 5.332272e+02  5.712632613307556539e+01  5.714402781122045383e+01  5.717095857757409760e+01  5.722944885926168013e+01
454 13621 9.739619e-02 5.270468e+02  5.712632613307556539e+01  5.714706211464487495e+01  5.716956684460151905e+01  5.719525859064188467e+01
455 13651 1.000918e-01 5.073160e+02  5.712632613307556539e+01  5.714777363878371830e+01  5.717466907518220864e+01  5.722851814968075956e+01
456 13681 1.027809e-01 5.090498e+02  5.712632613307556539e+01  5.714566929726015587e+01  5.717231618206386656e+01  5.720029435583458621e+01
457 13711 1.100553e-01 5.450754e+02  5.712632613307556539e+01  5.714384222444304839e+01  5.716813980645277837e+01  5.720340330675383456e+01
458 13741 1.059929e-01 5.629575e+02  5.712632613307556539e+01  5.714531789011851259e+01  5.716847297672874362e+01  5.721955186345026334e+01
459 13771 1.008349e-01 5.881756e+02  5.712632613307556539e+01  5.714125467550145743e+01  5.717525363980011832e+01  5.722373379159465401e+01
460 13801 1.057618e-01 5.982793e+02  5.712632613307556539e+01  5.712859951686820636e+01  5.716732309973204451e+01  5.724923524224881533e+01
461 13831 1.073878e-01 6.062051e+02  5.712632613307556539e+01  5.714405109928836168e+01  5.717018860861065832e+01  5.720678567718520924e+01
462 13861 1.050398e-01 6.447930e+02  5.712632613307556539e+01  5.713830275250751356e+01  5.717587255185870276e+01  5.723135800195950651e+01
463 13891 1.114801e-01 6.674711e+02  5.712632613307556539e+01  5.713819808745545714e+01  5.716997152752502132e+01  5.722129092400552963e+01
464 13921 1.140673e-01 6.617120e+02  5.712632613307556539e+01  5.714177304224790532e+01  5.716541554610918041e+01  5.719337473185394316e+01
465 13951 1.206780e-01 6.265665e+02  5.712632613307556539e+01  5.714967669141930884e+01  5.717086148952830627e+01  5.724966195411573011e+01
466 13981 1.211648e-01 6.381824e+02  5.712632613307556539e+01  5.713598516975343955e+01  5.717701774660119440e+01  5.721978179191727065e+01
467 14011 1.170633e-01 6.340967e+02  5.712632613307556539e+01  5.714360789316212674e+01  5.717444878484998583e+01  5.721358134248025351e+01
468 14041 1.118482e-01 6.051451e+02  5.712228047679786869e+01  5.712228047679786869e+01  5.717484349879082117e+01  5.721725635330663806e+01
469 14071 1.041417e-01 6.416846e+02  5.712228047679786869e+01  5.714386398339564721e+01  5.717112189511283304e+01  5.723135475409102924e+01
470 14101 1.076191e-01 6.268558e+02  5.712228047679786869e+01  5.713523684031483185e+01  5.717128127012225747e+01  5.722779820971032194e+01
471 14131 1.012029e-01 6.343532e+02  5.712228047679786869e+01  5.714382555332403513e+01  5.717177391510898588e+01  5.722346685151952528e+01
472 14161 9.702797e-02 6.545842e+02  5.712228047679786869e+01  5.713662124722124958e+01  5.717580913734369119e+01  5.724294875261669802e+01
473 14191 8.215716e-02 6.545120e+02  5.712228047679786869e+01  5.714377164054180014e+01  5.717558953402156163e+01  5.720399056599735843e+01
474 14221 7.661264e-02 6.215462e+02  5.712228047679786869e+01  5.714357978571209173e+01  5.717238060943401479e+01  5.720401541211364815e+01
475 14251 7.070864e-02 5.999897e+02  5.712228047679786869e+01  5.714065451925389993e+01  5.717190088882405519e+01  5.722307028622708458e+01
476 14281 6.207618e-02 6.283545e+02  5.712228047679786869e+01  5.712947656488782400e+01  5.716736479974480289e+01  5.723456290532158164e+01
477 14311 5.761244e-02 5.986176e+02  5.712228047679786869e+01  5.714114373320701645e+01  5.717175286917782273e+01  5.722794702569029823e+01
478 14341 5.509157e-02 5.780541e+02  5.712228047679786869e+01  5.712775750420376397e+01  5.716850977757690089e+01  5.722907184964719107e+01
479 14371 4.949337e-02 5.973633e+02  5.712228047679786869e+01  5.713708567829547036e+01  5.717132836019479214e+01  5.721564876734993277e+01
480 14401 5.083083e-02 5.722588e+02  5.712228047679786869e+01  5.714215256332074944e+01  5.717552853966456894e+01  5.722860106010609371e+01
481 14431 5.201932e-02 5.326699e+02  5.712228047679786869e+01  5.712890419918704765e+01  5.717199587609535172e+01  5.720934079119528093e+01
482 14461 5.382700e-02 5.404799e+02  5.712228047679786869e+01  5.715072621067272962e+01  5.717319879478720424e+01  5.721578515659338393e+01
483 14491 5.001593e-02 5.096731e+02  5.712228047679786869e+01  5.712437493656135246e+01  5.717353693044120888e+01  5.722313748786197607e+01
484 14521 5.643125e-02 5.385399e+02  5.712228047679786869e+01  5.714238383919687436e+01  5.716964822509933697e+01  5.721507569967782558e+01
485 14551 5.855306e-02 5.306854e+02  5.712228047679786869e+01  5.714138888391939020e+01  5.717347929761233161e+01  5.721634875286207489e+01
486 14581 5.817650e-02 6.032741e+02  5.712228047679786869e+01  5.713153674225996781e+01  5.716984350859945607e+01  5.722687488107862919e+01
487 14611 5.328457e-02 5.791652e+02  5.712228047679786869e+01  5.713695820145060367e+01  5.717115291797338728e+01  5.721197438158979764e+01
488 14641 4.922606e-02 5.772835e+02  5.712228047679786869e+01  5.714753577050849742e+01  5.717462954179980272e+01  5.720485891660504763e+01
489 14671 4.994940e-02 6.035563e+02  5.712228047679786869e+01  5.714102965373965048e+01  5.717519648607924410e+01  5.721926003703352137e+01
490 14701 4.930734e-02 5.859066e+02  5.712228047679786869e+01  5.714652938756884026e+01  5.716724247061048914e+01  5.721773970650906449e+01
491 14731 6.427885e-02 6.120499e+02  5.712228047679786869e+01  5.714665453902505021e+01  5.717598165538753108e+01  5.722100907832880523e+01
492 14761 6.756991e-02 6.099381e+02  5.712228047679786869e+01  5.714766698670160849e+01  5.718258432120169488e+01  5.723625597902858431e+01
493 14791 7.561793e-02 6.522902e+02  5.712228047679786869e+01  5.714407646601691226e+01  5.717546167151955672e+01  5.720325933280430775e+01
494 14821 6.802675e-02 6.533063e+02  5.712228047679786869e+01  5.714097733991788175e+01  5.717041531097336104e+01  5.722475304041844169e+01
495 14851 6.624504e-02 6.508153e+02  5.712228047679786869e+01  5.713224936761390893e+01  5.716846396889207682e+01  5.721201251198812088e+01
496 14881 6.647701e-02 6.806670e+02  5.712228047679786869e+01  5.714620804781736041e+01  5.717426029438301782e+01  5.720712711920113236e+01
497 14911 7.017395e-02 6.740560e+02  5.712228047679786869e+01  5.714731721095651551e+01  5.717301941171940172e+01  5.719966260616881470e+01
498 14941 6.291079e-02 6.507144e+02  5.712228047679786869e+01  5.713915868466558834e+01  5.717810143430093461e+01  5.720783615606769956e+01
499 14971 6.847468e-02 6.331720e+02  5.712228047679786869e+01  5.713853446807650016e+01  5.717402935725162649e+01  5.722438143359695317e+01
500 15001 6.618193e-02 6.649435e+02  5.712228047679786869e+01  5.713594496587788996e+01  5.716987425994325633e+01  5.721094317204475033e+01
501 15031 7.041830e-02 6.857095e+02  5.712228047679786869e+01  5.714898173000167958e+01  5.717981994296319925e+01  5.722237859890854139e+01
502 15061 6.769977e-02 6.619985e+02  5.712228047679786869e+01  5.713754647441340495e+01  5.717951488917903191e+01  5.721201514629205320e+01
503 15091 6.574883e-02 6.654838e+02  5.712228047679786869e+01  5.714060504093032478e+01  5.717235657462165932e+01  5.723463552618572692e+01
504 15121 7.021106e-02 6.587407e+02  5.712228047679786869e+01  5.713127252518334842e+01  5.717060228370301900e+01  5.722523021397020671e+01
505 15151 7.580035e-02 6.800360e+02  5.712228047679786869e+01  5.714571542569957074e+01  5.717468637256572350e+01  5.722956010831391893e+01
506 15181 8.159411e-02 6.580491e+02  5.712228047679786869e+01  5.714391778993376647e+01  5.716791849376662782e+01  5.720790522449252080e+01
507 15211 8.128759e-02 6.334562e+02  5.712228047679786869e+01  5.713014593988717138e+01  5.717202299408270250e+01  5.722952121648115309e+01
508 15241 8.075874e-02 6.179071e+02  5.712228047679786869e+01  5.712689702771117339e+01  5.716767236935234564e+01  5.721625454820303958e+01
509 15271 7.392691e-02 6.129533e+02  5.712228047679786869e+01  5.713941724840939429e+01  5.716803786051730185e+01  5.723185700577097634e+01
510 15301 7.268871e-02 6.083582e+02  5.712228047679786869e+01  5.714173672024455186e+01  5.717339692280941676e+01  5.723141217310819684e+01
511 15331 7.040439e-02 6.060365e+02  5.712228047679786869e+01  5.714912173038635501e+01  5.717094987083547863e+01  5.719980310997496531e+01
512 15361 7.937309e-02 5.794373e+02  5.712228047679786869e+01  5.713387304954574120e+01  5.716862293047893218e+01  5.719496275787282968e+01
513 15391 8.662952e-02 5.708890e+02  5.712228047679786869e+01  5.713341743173462817e+01  5.717913204447935982e+01  5.721683784121292859e+01
514 15421 8.676142e-02 5.394707e+02  5.712228047679786869e+01  5.714876183160662038e+01  5.717397745445697410e+01  5.721343570375245946e+01
515 15451 8.822792e-02 5.384358e+02  5.712228047679786869e+01  5.715306277631860610e+01  5.717653465785319611e+01  5.720853362110942442e+01
516 15481 8.994732e-02 5.857394e+02  5.712228047679786869e+01  5.713688877655194887e+01  5.717374601155249536e+01  5.720956599080631122e+01
517 15511 8.122848e-02 5.856862e+02  5.712228047679786869e+01  5.713540425311200011e+01  5.717340506306229742e+01  5.723043239390476344e+01
518 15541 7.559013e-02 6.022892e+02  5.712228047679786869e+01  5.714230197668169353e+01  5.717481089340468259e+01  5.723955677255391095e+01
519 15571 7.543651e-02 5.842981e+02  5.712228047679786869e+01  5.714565699202204030e+01  5.717304957635814588e+01  5.720358775037449561e+01
520 15601 9.047390e-02 5.881830e+02  5.712228047679786869e+01  5.715000948075683596e+01  5.717654100851836318e+01  5.722558419051827627e+01
521 15631 8.869931e-02 5.417218e+02  5.712228047679786869e+01  5.714538611146012670e+01  5.717385752476837268e+01  5.722274561356238110e+01
522 15661 1.037246e-01 5.414201e+02  5.712228047679786869e+01  5.715008833084939255e+01  5.717130784769574348e+01  5.723427440679808598e+01
523 15691 8.798615e-02 5.500903e+02  5.712228047679786869e+01  5.713318526292576394e+01  5.717462364700845967e+01  5.722428898615260096e+01
524 15721 9.114025e-02 5.497448e+02  5.711574232728451506e+01  5.711574232728451506e+01  5.717226192933834739e+01  5.721235201699713713e+01
525 15751 8.281560e-02 5.343197e+02  5.711574232728451506e+01  5.713887188172763842e+01  5.717421083327457154e+01  5.720627719433137059e+01
526 15781 9.299490e-02 5.472800e+02  5.711574232728451506e+01  5.714625777964380404e+01  5.717381724818945088e+01  5.722521411663063873e+01
527 15811 1.086830e-01 5.497492e+02  5.711574232728451506e+01  5.715498245710624303e+01  5.717407269929624647e+01  5.722404386155573519e+01
528 15841 1.080269e-01 5.420508e+02  5.711574232728451506e+01  5.715430619235006304e+01  5.717865840447188219e+01  5.723644118321440999e+01
529 15871 1.134141e-01 5.474048e+02  5.711574232728451506e+01  5.714190438815925432e+01  5.716910916188723490e+01  5.720601614370221455e+01
530 15901 1.148008e-01 5.545178e+02  5.711574232728451506e+01  5.713448726386979359e+01  5.717613250883246678e+01  5.721060403682071183e+01
531 15931 1.106597e-01 5.586439e+02  5.711574232728451506e+01  5.713969619252378607e+01  5.717817095458703847e+01  5.721678227313527998e+01
532 15961 1.084730e-01 5.709651e+02  5.711574232728451506e+01  5.715056709154538339e+01  5.717622260750133023e+01  5.721980921534921549e+01
533 15991 1.044878e-01 5.688965e+02  5.711574232728451506e+01  5.714202828522650179e+01  5.717701542458657826e+01  5.722797726723694467e+01
534 16021 1.248589e-01 5.338702e+02  5.711574232728451506e+01  5.714574333893695268e+01  5.717486034775127735e+01  5.720604206722453000e+01
535 16051 1.318174e-01 5.161717e+02  5.711574232728451506e+01  5.714101284256426538e+01  5.717596051780010669e+01  5.721667868908033938e+01
536 16081 1.265766e-01 5.145079e+02  5.711574232728451506e+01  5.713823528128403950e+01  5.717271458174575116e+01  5.722002971585401099e+01
537 16111 1.270500e-01 5.278762e+02  5.711574232728451506e+01  5.714183377371620054e+01  5.716921452799817160e+01  5.723436586046288710e+01
538 16141 1.421601e-01 5.253464e+02  5.711574232728451506e+01  5.713846775370508624e+01  5.716992494127109126e+01  5.720164723862360745e+01
539 16171 1.462509e-01 4.841000e+02  5.711574232728451506e+01  5.713967028779062218e+01  5.717031284880974340e+01  5.723365165399528109e+01
540 16201 1.461967e-01 5.031482e+02  5.711574232728451506e+01  5.714213988513791520e+01  5.717527364215394670e+01  5.721976232137812701e+01
541 16231 1.747573e-01 4.966953e+02  5.711574232728451506e+01  5.715253767218153769e+01  5.717603206040264752e+01  5.720260500009105442e+01
542 16261 1.627790e-01 4.764341e+02  5.711574232728451506e+01  5.714751334092649415e+01  5.717545327380457110e+01  5.720442884497111180e+01
543 16291 1.471990e-01 5.248323e+02  5.711574232728451506e+01  5.714631514357255782e+01  5.716900065345653559e+01  5.721953781217619905e+01
544 16321 1.520023e-01 5.388231e+02  5.711574232728451506e+01  5.714994948764586979e+01  5.717337831594103648e+01  5.721911157627421574e+01
545 16351 1.402075e-01 5.717322e+02  5.711574232728451506e+01  5.713305792045524356e+01  5.718229837054845177e+01  5.722918088484957622e+01
546 16381 1.466414e-01 5.654239e+02  5.711574232728451506e+01  5.713299587468561924e+01  5.717249636057625395e+01  5.720218711184260485e+01
547 16411 1.404773e-01 5.488368e+02  5.711574232728451506e+01  5.715071599043076844e+01  5.716946238657009616e+01  5.721733784483178198e+01
548 16441 1.399359e-01 5.232185e+02  5.711574232728451506e+01  5.714057797491410895e+01  5.716995685770027080e+01  5.721593534927838220e+01
549 16471 1.488576e-01 4.925058e+02  5.711574232728451506e+01  5.713998703234283028e+01  5.717107233774881081e+01  5.720252800540918514e+01
550 16501 1.586946e-01 4.994244e+02  5.711574232728451506e+01  5.714171972978437708e+01  5.717794433440464275e+01  5.720830633092757012e+01
551 16531 1.502970e-01 4.890072e+02  5.711574232728451506e+01  5.714852792086547595e+01  5.717477630499062258e+01  5.720095386512262792e+01
552 16561 1.555767e-01 4.861560e+02  5.711574232728451506e+01  5.713923741764975262e+01  5.717387544880929795e+01  5.721204799649521533e+01
553 16591 1.597833e-01 5.293329e+02  5.711574232728451506e+01  5.713808198728779075e+01  5.717158482870902958e+01  5.723870363316802923e+01
554 16621 1.630380e-01 5.226359e+02  5.711574232728451506e+01  5.714123575259304744e+01  5.717297370602772588e+01  5.719446685905566596e+01
555 16651 1.603119e-01 5.229005e+02  5.711574232728451506e+01  5.714513060772752340e+01  5.717248617780744269e+01  5.720645201363892340e+01
556 16681 1.320921e-01 5.392861e+02  5.711574232728451506e+01  5.714333913070117887e+01  5.717209119194455980e+01  5.723410379370062628e+01
557 16711 1.338276e-01 5.493554e+02  5.711574232728451506e+01  5.714077917351470148e+01  5.716779268207555731e+01  5.719592280964054254e+01
558 16741 1.349188e-01 5.379707e+02  5.711574232728451506e+01  5.714741795554754589e+01  5.717095103161418024e+01  5.719881981860216769e+01
559 16771 1.444096e-01 5.357221e+02  5.711574232728451506e+01  5.713893965363270411e+01  5.717011015804052221e+01  5.721555556783677332e+01
560 16801 1.461509e-01 5.287468e+02  5.711574232728451506e+01  5.714508846451483493e+01  5.717201918028881380e+01  5.722108672259759743e+01
561 16831 1.687940e-01 5.112682e+02  5.711574232728451506e+01  5.715210233131724493e+01  5.717254993371145844e+01  5.722115739489233022e+01
562 16861 1.797341e-01 5.130232e+02  5.711574232728451506e+01  5.714331888263012615e+01  5.717237585189791105e+01  5.725575152440200100e+01
563 16891 1.777098e-01 5.171820e+02  5.711574232728451506e+01  5.714231261488744451e+01  5.717074066729809800e+01  5.721904036389229020e+01
564 16921 1.884507e-01 5.359020e+02  5.711574232728451506e+01  5.714022756429446304e+01  5.717314140057953153e+01  5.722768352498832201e+01
565 16951 1.895926e-01 5.656340e+02  5.711574232728451506e+01  5.714381894507756954e+01  5.716747602271750139e+01  5.720954824447500187e+01
566 16981 1.841896e-01 5.622325e+02  5.711574232728451506e+01  5.714265889546615540e+01  5.717604151994219563e+01  5.721446668149840775e+01
567 17011 1.867130e-01 5.343151e+02  5.711574232728451506e+01  5.715655059107154301e+01  5.717678715238926657e+01  5.720620751243107094e+01
568 17041 1.794500e-01 5.509263e+02  5.711574232728451506e+01  5.714518231706026086e+01  5.717993338380469481e+01  5.723117248286450831e+01
569 17071 1.876514e-01 5.442802e+02  5.711574232728451506e+01  5.715504868279456474e+01  5.717479456405846605e+01  5.723095803803239789e+01
570 17101 1.693353e-01 5.567927e+02  5.711574232728451506e+01  5.713421643927446780e+01  5.717216064527645614e+01  5.721973092535461092e+01
571 17131 1.675004e-01 5.609430e+02  5.711574232728451506e+01  5.714448279300390965e+01  5.717085765525656171e+01  5.722590311860943757e+01
572 17161 1.683114e-01 5.359157e+02  5.711574232728451506e+01  5.713628594804158212e+01  5.717377394523415290e+01  5.722209838290496720e+01
573 17191 1.693195e-01 5.538597e+02  5.711574232728451506e+01  5.714130513840107284e+01  5.717050525343285727e+01  5.723036091832724992e+01
574 17221 1.650198e-01 5.712851e+02  5.711574232728451506e+01  5.714633231515228573e+01  5.717432578644719854e+01  5.721751519618509008e+01
575 17251 1.597624e-01 5.936705e+02  5.711574232728451506e+01  5.715510705829224491e+01  5.717564604349579582e+01  5.723588927539809390e+01
576 17281 1.292143e-01 6.014584e+02  5.711574232728451506e+01  5.714054729918038333e+01  5.717443023539968294e+01  5.725400186464486296e+01
577 17311 1.164839e-01 5.912483e+02  5.711574232728451506e+01  5.713757754124138444e+01  5.717434577020880937e+01  5.722448024310190817e+01
578 17341 1.106055e-01 5.834578e+02  5.711574232728451506e+01  5.715284341488500530e+01  5.718003958864034075e+01  5.724964123616783240e+01
579 17371 1.105396e-01 5.719066e+02  5.711574232728451506e+01  5.714257657617616815e+01  5.717508794029701846e+01  5.722332123656778435e+01
580 17401 1.124830e-01 5.399865e+02  5.711574232728451506e+01  5.714137771338305782e+01  5.717549195347280033e+01  5.720467796889251133e+01
581 17431 1.100192e-01 5.457088e+02  5.711574232728451506e+01  5.713674601924662966e+01  5.717276707085413534e+01  5.724763385702544127e+01
582 17461 9.975153e-02 5.393135e+02  5.711574232728451506e+01  5.715216650587798597e+01  5.717799108505004568e+01  5.721623507761485428e+01
583 17491 1.025857e-01 5.571263e+02  5.711574232728451506e+01  5.713397941268104319e+01  5.717189895408305489e+01  5.720374209294372037e+01
584 17521 9.394741e-02 5.240232e+02  5.711574232728451506e+01  5.714381398189934202e+01  5.716261138720868473e+01  5.722204664661244067e+01
585 17551 8.906509e-02 5.855190e+02  5.711574232728451506e+01  5.714020440122331479e+01  5.717089569339417210e+01  5.721425494912016063e+01
586 17581 1.001914e-01 5.785740e+02  5.711574232728451506e+01  5.713002138750812264e+01  5.717082819410937589e+01  5.719551420327351110e+01
587 17611 1.036436e-01 5.798035e+02  5.711574232728451506e+01  5.713240001794989809e+01  5.716580920254065745e+01  5.721797825410757810e+01
588 17641 1.167628e-01 5.991089e+02  5.711574232728451506e+01  5.714368999202580568e+01  5.717349057642720567e+01  5.726782052618196417e+01
589 17671 1.299740e-01 5.905912e+02  5.711574232728451506e+01  5.713244225519845543e+01  5.717320268765569580e+01  5.722658768851403721e+01
590 17701 1.367939e-01 5.853814e+02  5.711574232728451506e+01  5.713891005863716543e+01  5.716893449497700885e+01  5.720346634307893652e+01
591 17731 1.456162e-01 5.731499e+02  5.711574232728451506e+01  5.715465321300732171e+01  5.717907906459905121e+01  5.723794164964539277e+01
592 17761 1.577375e-01 5.775633e+02  5.711574232728451506e+01  5.713343014279261922e+01  5.717832122345142665e+01  5.721545468094186759e+01
593 17791 1.555767e-01 5.425467e+02  5.711574232728451506e+01  5.713960120072765392e+01  5.716883687355857546e+01  5.720958274573067115e+01
594 17821 1.521841e-01 5.541735e+02  5.711574232728451506e+01  5.714978040217314970e+01  5.717720194299961634e+01  5.723810247255514128e+01
595 17851 1.576443e-01 5.555147e+02  5.711574232728451506e+01  5.714302452524899678e+01  5.716326677304110149e+01  5.722148706117209827e+01
596 17881 1.617147e-01 5.830214e+02  5.711574232728451506e+01  5.715085372286853982e+01  5.716788166607729238e+01  5.722272325339365295e+01
597 17911 1.567514e-01 6.061119e+02  5.711574232728451506e+01  5.715067755653338111e+01  5.717429891466202463e+01  5.721262922448244836e+01
598 17941 1.530903e-01 6.278800e+02  5.711574232728451506e+01  5.714047471089399011e+01  5.717281385639688551e+01  5.722823655351668037e+01
599 17971 1.749252e-01 6.232604e+02  5.711574232728451506e+01  5.714364219506452969e+01  5.717679692160928084e+01  5.722552282603319185e+01
