%  columns=["iteration, evaluation, sigma, void, void, stds==sigma*sqrt(diag(C))" (startseed=213401, 2015/08/21 19:13:58.02)
1 26 4.913364e+00 0 0 7.443068e-01 3.884000e-01 1.831167e+00 1.675211e+00 6.768076e-01 4.810656e+00 4.446366e-01 4.356000e-01 2.647297e-01 
2 51 5.238095e+00 0 0 7.757817e-01 4.105349e-01 1.928938e+00 1.729287e+00 7.185968e-01 5.097124e+00 4.699263e-01 4.558172e-01 2.741267e-01 
3 76 4.752717e+00 0 0 6.918330e-01 3.624595e-01 1.692889e+00 1.496557e+00 6.443317e-01 4.557377e+00 4.254547e-01 4.014474e-01 2.396824e-01 
4 101 4.365651e+00 0 0 6.261863e-01 3.176172e-01 1.536683e+00 1.312278e+00 5.856578e-01 4.178738e+00 3.882610e-01 3.741798e-01 2.161497e-01 
5 126 4.404133e+00 0 0 6.174552e-01 3.110540e-01 1.532043e+00 1.260750e+00 5.863920e-01 4.444365e+00 3.859322e-01 3.696720e-01 2.118925e-01 
6 151 4.349077e+00 0 0 6.102537e-01 3.004580e-01 1.510672e+00 1.195763e+00 5.671655e-01 4.386890e+00 3.746609e-01 3.628368e-01 2.187258e-01 
7 176 4.189178e+00 0 0 5.899828e-01 2.869951e-01 1.401551e+00 1.101392e+00 5.548170e-01 4.193608e+00 3.540628e-01 3.410304e-01 2.075585e-01 
8 201 3.834199e+00 0 0 5.267969e-01 2.567038e-01 1.308476e+00 9.668963e-01 4.962987e-01 3.787986e+00 3.149257e-01 3.148697e-01 1.882235e-01 
9 226 3.825828e+00 0 0 5.540248e-01 2.562442e-01 1.323903e+00 9.271023e-01 4.915425e-01 3.731730e+00 3.155256e-01 3.037054e-01 1.841057e-01 
10 251 3.641350e+00 0 0 5.166081e-01 2.461555e-01 1.230460e+00 8.442798e-01 4.545542e-01 3.482008e+00 3.012722e-01 2.826446e-01 1.743801e-01 
11 276 3.588409e+00 0 0 4.949071e-01 2.402367e-01 1.198130e+00 8.061664e-01 4.501631e-01 3.416168e+00 2.899031e-01 2.833782e-01 1.774265e-01 
12 301 3.494832e+00 0 0 4.850584e-01 2.292767e-01 1.130073e+00 7.472392e-01 4.478757e-01 3.335618e+00 2.847709e-01 2.660607e-01 1.712258e-01 
13 326 3.352324e+00 0 0 4.574006e-01 2.229478e-01 1.096473e+00 6.841478e-01 4.225767e-01 3.101372e+00 2.646801e-01 2.562167e-01 1.576178e-01 
14 351 3.485451e+00 0 0 4.649352e-01 2.260166e-01 1.176855e+00 6.979934e-01 4.414359e-01 3.220622e+00 2.697363e-01 2.634151e-01 1.618038e-01 
15 376 3.344111e+00 0 0 4.314780e-01 2.265786e-01 1.113522e+00 6.489810e-01 4.162510e-01 2.997898e+00 2.496863e-01 2.517482e-01 1.499041e-01 
16 401 3.512150e+00 0 0 4.512056e-01 2.482724e-01 1.138287e+00 6.578702e-01 4.221009e-01 3.162821e+00 2.628382e-01 2.581682e-01 1.522257e-01 
17 426 3.770644e+00 0 0 4.669687e-01 2.695047e-01 1.246798e+00 7.111868e-01 4.525111e-01 3.481317e+00 2.731030e-01 2.812635e-01 1.627582e-01 
18 451 3.708865e+00 0 0 4.445618e-01 2.632215e-01 1.219207e+00 7.005912e-01 4.277337e-01 3.363710e+00 2.623868e-01 2.763249e-01 1.571935e-01 
19 476 3.460864e+00 0 0 3.982492e-01 2.440612e-01 1.135112e+00 6.412998e-01 3.851048e-01 3.138047e+00 2.422611e-01 2.507297e-01 1.428480e-01 
20 501 3.449931e+00 0 0 3.920063e-01 2.513401e-01 1.162480e+00 6.331502e-01 3.732732e-01 3.072227e+00 2.394943e-01 2.568492e-01 1.373943e-01 
21 526 3.294172e+00 0 0 3.598624e-01 2.354179e-01 1.084311e+00 6.191851e-01 3.487616e-01 2.887731e+00 2.230227e-01 2.471158e-01 1.283416e-01 
22 551 2.905729e+00 0 0 3.136421e-01 1.997162e-01 9.710684e-01 5.422807e-01 2.934233e-01 2.587876e+00 1.955467e-01 2.133221e-01 1.097169e-01 
23 576 2.716440e+00 0 0 2.858532e-01 1.941712e-01 8.910455e-01 5.018347e-01 2.690986e-01 2.328427e+00 1.799635e-01 1.966227e-01 1.048548e-01 
24 601 2.429018e+00 0 0 2.462109e-01 1.699625e-01 7.955176e-01 4.324764e-01 2.346994e-01 2.020709e+00 1.572228e-01 1.779490e-01 9.274286e-02 
25 626 2.428455e+00 0 0 2.430758e-01 1.694346e-01 7.756860e-01 4.246185e-01 2.298085e-01 1.987731e+00 1.593245e-01 1.827465e-01 9.081578e-02 
26 651 2.119261e+00 0 0 2.080052e-01 1.446615e-01 6.546926e-01 3.571556e-01 2.018897e-01 1.729812e+00 1.388689e-01 1.552415e-01 7.669708e-02 
27 676 1.881152e+00 0 0 1.805350e-01 1.244987e-01 5.675806e-01 3.066127e-01 1.769362e-01 1.537016e+00 1.185193e-01 1.418445e-01 6.696985e-02 
28 701 1.739586e+00 0 0 1.645161e-01 1.109102e-01 5.254202e-01 2.735914e-01 1.617264e-01 1.363168e+00 1.077672e-01 1.310758e-01 6.239345e-02 
29 726 1.913978e+00 0 0 1.756901e-01 1.164182e-01 6.461488e-01 2.900237e-01 1.768887e-01 1.578655e+00 1.174710e-01 1.390349e-01 6.666613e-02 
30 751 1.851083e+00 0 0 1.637754e-01 1.095332e-01 6.074567e-01 2.692670e-01 1.661465e-01 1.529253e+00 1.128971e-01 1.345099e-01 6.416385e-02 
31 776 1.889544e+00 0 0 1.616717e-01 1.121370e-01 6.110486e-01 2.620974e-01 1.648805e-01 1.557489e+00 1.182593e-01 1.394604e-01 6.781420e-02 
32 801 1.898335e+00 0 0 1.584246e-01 1.106578e-01 6.178615e-01 2.558707e-01 1.638957e-01 1.564531e+00 1.184863e-01 1.386753e-01 6.745410e-02 
33 826 1.895548e+00 0 0 1.542590e-01 1.090598e-01 6.313223e-01 2.474122e-01 1.581069e-01 1.558591e+00 1.247068e-01 1.385737e-01 6.556199e-02 
34 851 1.866229e+00 0 0 1.474310e-01 1.077896e-01 6.101773e-01 2.330487e-01 1.504640e-01 1.517677e+00 1.202087e-01 1.338054e-01 6.541284e-02 
35 876 1.737801e+00 0 0 1.364771e-01 9.752112e-02 5.519692e-01 2.086712e-01 1.378392e-01 1.399119e+00 1.128602e-01 1.223636e-01 6.050365e-02 
36 901 1.560286e+00 0 0 1.171635e-01 8.538543e-02 5.057859e-01 1.804657e-01 1.218430e-01 1.237556e+00 1.014986e-01 1.132038e-01 5.277837e-02 
37 926 1.747212e+00 0 0 1.323075e-01 1.053846e-01 5.575783e-01 1.936803e-01 1.387747e-01 1.432402e+00 1.115933e-01 1.339688e-01 5.999718e-02 
38 951 1.880214e+00 0 0 1.433421e-01 1.114115e-01 6.050510e-01 2.087306e-01 1.481549e-01 1.548997e+00 1.256397e-01 1.466073e-01 6.416171e-02 
39 976 1.957866e+00 0 0 1.446959e-01 1.138976e-01 6.306922e-01 2.149886e-01 1.497677e-01 1.566642e+00 1.274455e-01 1.527869e-01 6.852220e-02 
40 1001 1.809499e+00 0 0 1.290825e-01 1.024636e-01 5.695809e-01 1.973712e-01 1.331765e-01 1.474247e+00 1.179945e-01 1.371267e-01 6.182932e-02 
41 1026 1.932706e+00 0 0 1.331689e-01 1.069074e-01 6.169703e-01 2.033352e-01 1.475879e-01 1.550077e+00 1.297995e-01 1.432157e-01 6.426696e-02 
42 1051 1.748699e+00 0 0 1.194799e-01 9.551422e-02 5.572332e-01 1.778728e-01 1.294451e-01 1.365305e+00 1.168161e-01 1.314552e-01 5.635602e-02 
43 1076 1.825954e+00 0 0 1.238580e-01 9.644699e-02 5.647474e-01 1.813256e-01 1.291711e-01 1.564597e+00 1.217364e-01 1.356505e-01 5.643283e-02 
44 1101 1.849162e+00 0 0 1.278341e-01 9.510215e-02 5.708464e-01 1.923069e-01 1.324210e-01 1.617890e+00 1.278095e-01 1.339606e-01 5.613538e-02 
45 1126 1.684082e+00 0 0 1.120078e-01 8.514214e-02 5.212405e-01 1.687346e-01 1.167305e-01 1.450751e+00 1.151923e-01 1.225771e-01 4.944190e-02 
46 1151 1.488893e+00 0 0 9.547776e-02 7.596752e-02 4.499357e-01 1.460615e-01 9.919590e-02 1.232379e+00 9.959783e-02 1.120807e-01 4.336112e-02 
47 1176 1.568381e+00 0 0 1.076334e-01 7.980969e-02 4.613310e-01 1.517059e-01 1.029205e-01 1.279810e+00 1.027680e-01 1.256575e-01 4.545756e-02 
48 1201 1.589708e+00 0 0 1.061159e-01 8.044051e-02 4.697900e-01 1.481335e-01 1.020116e-01 1.315085e+00 1.021873e-01 1.281128e-01 4.609213e-02 
49 1226 1.448354e+00 0 0 9.614890e-02 7.190530e-02 4.159448e-01 1.304795e-01 9.239199e-02 1.172705e+00 8.893280e-02 1.136384e-01 4.058771e-02 
50 1251 1.334776e+00 0 0 8.613911e-02 6.868141e-02 3.788553e-01 1.176387e-01 8.357431e-02 1.066570e+00 7.890601e-02 1.055163e-01 3.777653e-02 
51 1276 1.290302e+00 0 0 8.100873e-02 6.842247e-02 3.755664e-01 1.137655e-01 8.017701e-02 1.023515e+00 7.512399e-02 1.006907e-01 3.857306e-02 
52 1301 1.171972e+00 0 0 7.149592e-02 6.011822e-02 3.434699e-01 1.013804e-01 7.148007e-02 9.051226e-01 6.868157e-02 9.009692e-02 3.437288e-02 
53 1326 1.165810e+00 0 0 6.954595e-02 6.254591e-02 3.501996e-01 9.625524e-02 7.007105e-02 8.673997e-01 6.613230e-02 8.676621e-02 3.342382e-02 
54 1351 1.227604e+00 0 0 7.256591e-02 6.613095e-02 3.716090e-01 9.883636e-02 7.190039e-02 9.065828e-01 7.039563e-02 9.376456e-02 3.576154e-02 
55 1376 1.102825e+00 0 0 6.431217e-02 5.765774e-02 3.416453e-01 8.747941e-02 6.437811e-02 7.869395e-01 6.460044e-02 8.475199e-02 3.142068e-02 
56 1401 1.083419e+00 0 0 6.066055e-02 5.846701e-02 3.376050e-01 8.465610e-02 6.595834e-02 7.902752e-01 6.547133e-02 8.638192e-02 3.276555e-02 
57 1426 1.158640e+00 0 0 6.459710e-02 6.278358e-02 3.634292e-01 8.781632e-02 7.024571e-02 8.499250e-01 7.183995e-02 9.300577e-02 3.464061e-02 
58 1451 1.349339e+00 0 0 7.361748e-02 7.158149e-02 4.431016e-01 1.013893e-01 8.844860e-02 9.646067e-01 8.250103e-02 1.083883e-01 4.139386e-02 
59 1476 1.522472e+00 0 0 8.619426e-02 7.955143e-02 5.249777e-01 1.142754e-01 1.004869e-01 1.123049e+00 9.167733e-02 1.237790e-01 4.526887e-02 
60 1501 1.422558e+00 0 0 7.984609e-02 7.377025e-02 4.807515e-01 1.036902e-01 9.663601e-02 1.039431e+00 8.335657e-02 1.206096e-01 4.182223e-02 
61 1526 1.382130e+00 0 0 7.570203e-02 7.032510e-02 4.588512e-01 9.845990e-02 9.392831e-02 1.029188e+00 8.026834e-02 1.177019e-01 3.982451e-02 
62 1551 1.190110e+00 0 0 6.347431e-02 6.014202e-02 3.823174e-01 8.276833e-02 7.810659e-02 8.853280e-01 6.768041e-02 9.798913e-02 3.334831e-02 
63 1576 1.221819e+00 0 0 6.403197e-02 6.343514e-02 3.876302e-01 8.392843e-02 7.985606e-02 9.234880e-01 6.710308e-02 1.104112e-01 3.385161e-02 
64 1601 1.241466e+00 0 0 6.700857e-02 6.466448e-02 3.868069e-01 8.472038e-02 8.689440e-02 9.140308e-01 6.734520e-02 1.166719e-01 3.373835e-02 
65 1626 1.215485e+00 0 0 6.333301e-02 6.128990e-02 3.718571e-01 8.255640e-02 8.443158e-02 8.784152e-01 6.476793e-02 1.098357e-01 3.279428e-02 
66 1651 1.187870e+00 0 0 5.942181e-02 5.911928e-02 3.608103e-01 7.895333e-02 8.243029e-02 8.506099e-01 6.147747e-02 1.147205e-01 3.165042e-02 
67 1676 1.128165e+00 0 0 5.805330e-02 5.694867e-02 3.515026e-01 7.386300e-02 7.730483e-02 8.218395e-01 5.884624e-02 1.086973e-01 2.973730e-02 
68 1701 1.062929e+00 0 0 5.454219e-02 5.328041e-02 3.207597e-01 6.957204e-02 7.516535e-02 7.554940e-01 5.541224e-02 1.001198e-01 2.731953e-02 
69 1726 1.038871e+00 0 0 5.221124e-02 5.176842e-02 3.106272e-01 6.642042e-02 7.680440e-02 7.753487e-01 5.547769e-02 1.036152e-01 2.682068e-02 
70 1751 9.966224e-01 0 0 4.828806e-02 4.868958e-02 2.963367e-01 6.182228e-02 7.613919e-02 7.336333e-01 5.166784e-02 9.736896e-02 2.542562e-02 
71 1776 9.403626e-01 0 0 4.457773e-02 4.517050e-02 2.797740e-01 5.800299e-02 7.008174e-02 6.972405e-01 5.351534e-02 8.969795e-02 2.311176e-02 
72 1801 8.206716e-01 0 0 3.888094e-02 3.942900e-02 2.431946e-01 4.897716e-02 5.994770e-02 5.888749e-01 4.605748e-02 7.722638e-02 1.953868e-02 
73 1826 9.370101e-01 0 0 4.358477e-02 4.335294e-02 3.085301e-01 5.505639e-02 7.453575e-02 6.897804e-01 5.231664e-02 9.855942e-02 2.192702e-02 
74 1851 1.009632e+00 0 0 4.786658e-02 4.521954e-02 3.494098e-01 5.910070e-02 8.550091e-02 7.340764e-01 5.528692e-02 1.078387e-01 2.278090e-02 
75 1876 9.458108e-01 0 0 4.426261e-02 4.172622e-02 3.279361e-01 5.323367e-02 7.918607e-02 6.882904e-01 5.014703e-02 1.003517e-01 2.112035e-02 
76 1901 9.048247e-01 0 0 4.162812e-02 3.912626e-02 3.355712e-01 5.182980e-02 7.988011e-02 6.451491e-01 4.616906e-02 9.831589e-02 2.097651e-02 
77 1926 8.462358e-01 0 0 3.870914e-02 3.788452e-02 3.162815e-01 4.865197e-02 7.460929e-02 6.285555e-01 4.221310e-02 9.058361e-02 2.088902e-02 
78 1951 1.000453e+00 0 0 4.864459e-02 4.361542e-02 3.765097e-01 5.717516e-02 8.834548e-02 7.223890e-01 5.781036e-02 1.100558e-01 2.421981e-02 
79 1976 9.713429e-01 0 0 4.737470e-02 4.075605e-02 3.639278e-01 5.640532e-02 8.418168e-02 6.915648e-01 5.527944e-02 1.073211e-01 2.288798e-02 
80 2001 8.347177e-01 0 0 3.926016e-02 3.420098e-02 3.079225e-01 4.819023e-02 7.082149e-02 6.077788e-01 4.685282e-02 8.938117e-02 1.929848e-02 
81 2026 7.900169e-01 0 0 3.689509e-02 3.216419e-02 2.837621e-01 4.542172e-02 6.655907e-02 5.860519e-01 4.555093e-02 8.202670e-02 1.803693e-02 
82 2051 8.387020e-01 0 0 4.066765e-02 3.353703e-02 2.899391e-01 4.970252e-02 6.777186e-02 6.067996e-01 4.951604e-02 8.413765e-02 1.886936e-02 
83 2076 8.270520e-01 0 0 3.885244e-02 3.314081e-02 2.815782e-01 4.835241e-02 6.674863e-02 5.942585e-01 4.861057e-02 7.997481e-02 1.839743e-02 
84 2101 8.280856e-01 0 0 3.799527e-02 3.202801e-02 3.018267e-01 4.665900e-02 6.599586e-02 5.709911e-01 4.773406e-02 7.830408e-02 1.823903e-02 
85 2126 8.583864e-01 0 0 3.876417e-02 3.246778e-02 3.173705e-01 4.713767e-02 6.595628e-02 5.875765e-01 5.388996e-02 7.768075e-02 1.823633e-02 
86 2151 8.289946e-01 0 0 3.734571e-02 3.119693e-02 3.094372e-01 4.492159e-02 6.182049e-02 5.647361e-01 5.237843e-02 7.280392e-02 1.757128e-02 
87 2176 8.055628e-01 0 0 3.650941e-02 2.966326e-02 3.042339e-01 4.221391e-02 6.013567e-02 5.804902e-01 5.422746e-02 7.202269e-02 1.701949e-02 
88 2201 7.804422e-01 0 0 3.481802e-02 2.820239e-02 2.897969e-01 4.069510e-02 5.670949e-02 5.567725e-01 5.289110e-02 6.858017e-02 1.588593e-02 
89 2226 7.411477e-01 0 0 3.243317e-02 2.613662e-02 2.827498e-01 3.770081e-02 5.318851e-02 5.222080e-01 4.881305e-02 6.289499e-02 1.598696e-02 
90 2251 7.718886e-01 0 0 3.454804e-02 2.764967e-02 3.025003e-01 3.903927e-02 5.637533e-02 5.362890e-01 5.228865e-02 6.462629e-02 1.666259e-02 
91 2276 8.249024e-01 0 0 3.623128e-02 3.019622e-02 3.182353e-01 4.135311e-02 6.047865e-02 5.774758e-01 5.780378e-02 6.867705e-02 1.849144e-02 
92 2301 8.617298e-01 0 0 3.841272e-02 3.050308e-02 3.560182e-01 4.367994e-02 6.075147e-02 5.921481e-01 6.296794e-02 6.972564e-02 1.931004e-02 
93 2326 9.720452e-01 0 0 4.638274e-02 3.427210e-02 4.117959e-01 4.891143e-02 6.961979e-02 6.498367e-01 7.312900e-02 8.074366e-02 2.397439e-02 
94 2351 9.061190e-01 0 0 4.310297e-02 3.164743e-02 3.869003e-01 4.488586e-02 6.416679e-02 5.961071e-01 6.751782e-02 7.426817e-02 2.290867e-02 
95 2376 8.939619e-01 0 0 4.262280e-02 3.107017e-02 3.852339e-01 4.341552e-02 6.915798e-02 5.735562e-01 6.566324e-02 7.372233e-02 2.310776e-02 
96 2401 9.321274e-01 0 0 4.338316e-02 3.226978e-02 3.897469e-01 4.541390e-02 7.176238e-02 5.893619e-01 6.908852e-02 7.486470e-02 2.448124e-02 
97 2426 9.749495e-01 0 0 4.444393e-02 3.332824e-02 3.942227e-01 4.735648e-02 7.887881e-02 6.414559e-01 7.311407e-02 8.105055e-02 2.550759e-02 
98 2451 8.915387e-01 0 0 4.107109e-02 2.985858e-02 3.470027e-01 4.282183e-02 6.967298e-02 5.729809e-01 6.600222e-02 7.135676e-02 2.247333e-02 
99 2476 9.429357e-01 0 0 4.488226e-02 3.062448e-02 3.565012e-01 4.449177e-02 7.293210e-02 5.981378e-01 6.755980e-02 7.469071e-02 2.282223e-02 
100 2501 9.378201e-01 0 0 4.444216e-02 3.034023e-02 3.441467e-01 4.322450e-02 6.992200e-02 5.764340e-01 6.995930e-02 7.417331e-02 2.240136e-02 
101 2526 9.413991e-01 0 0 4.339352e-02 3.059286e-02 3.347414e-01 4.563210e-02 7.325440e-02 5.854762e-01 6.845833e-02 7.806339e-02 2.239261e-02 
102 2551 8.948278e-01 0 0 4.059495e-02 2.798420e-02 3.138435e-01 4.320213e-02 6.683253e-02 5.497310e-01 6.518491e-02 7.283199e-02 2.105436e-02 
103 2576 8.922079e-01 0 0 4.004270e-02 2.743175e-02 3.136461e-01 4.338377e-02 6.500969e-02 5.420289e-01 6.318486e-02 7.240896e-02 2.058389e-02 
104 2601 8.123082e-01 0 0 3.598164e-02 2.405231e-02 2.775272e-01 3.809437e-02 5.827379e-02 4.896706e-01 5.626943e-02 6.565560e-02 1.839790e-02 
105 2626 8.024219e-01 0 0 3.521871e-02 2.314458e-02 2.647586e-01 3.683247e-02 5.688052e-02 4.676635e-01 5.393022e-02 6.537025e-02 1.792865e-02 
106 2651 8.509828e-01 0 0 3.909052e-02 2.462508e-02 2.711565e-01 3.859364e-02 5.906517e-02 4.882873e-01 5.831773e-02 6.734150e-02 1.855985e-02 
107 2676 8.706797e-01 0 0 4.014327e-02 2.434107e-02 2.666207e-01 3.792201e-02 5.814858e-02 5.055834e-01 5.818806e-02 6.672050e-02 1.904492e-02 
108 2701 8.116582e-01 0 0 3.656728e-02 2.306441e-02 2.516877e-01 3.517209e-02 5.340413e-02 4.702061e-01 5.534924e-02 5.982100e-02 1.738325e-02 
109 2726 8.633154e-01 0 0 4.000092e-02 2.384163e-02 2.585427e-01 3.688962e-02 5.543695e-02 4.880428e-01 5.911375e-02 6.297412e-02 1.898440e-02 
110 2751 9.101090e-01 0 0 4.085877e-02 2.525166e-02 2.718278e-01 3.809370e-02 6.245118e-02 5.232839e-01 6.063519e-02 6.819547e-02 1.981215e-02 
111 2776 8.734468e-01 0 0 3.783812e-02 2.382932e-02 2.696262e-01 3.568713e-02 5.875034e-02 5.063868e-01 5.652149e-02 6.384935e-02 1.941560e-02 
112 2801 8.976804e-01 0 0 3.819207e-02 2.483696e-02 2.762701e-01 3.605793e-02 6.123492e-02 5.053625e-01 5.729651e-02 6.514297e-02 1.989698e-02 
113 2826 8.282978e-01 0 0 3.433261e-02 2.260129e-02 2.496053e-01 3.284336e-02 5.574510e-02 4.644070e-01 5.247597e-02 5.898018e-02 1.833542e-02 
114 2851 7.917892e-01 0 0 3.172082e-02 2.179385e-02 2.314246e-01 3.034984e-02 5.247622e-02 4.302188e-01 4.891980e-02 5.520127e-02 1.737849e-02 
115 2876 7.866817e-01 0 0 3.289788e-02 2.120343e-02 2.264602e-01 2.926654e-02 5.045242e-02 4.278018e-01 4.872914e-02 5.253967e-02 1.688056e-02 
116 2901 7.834549e-01 0 0 3.201698e-02 2.086333e-02 2.257393e-01 2.883060e-02 5.034898e-02 4.301422e-01 5.096431e-02 5.120881e-02 1.637366e-02 
117 2926 7.497498e-01 0 0 3.015186e-02 1.973213e-02 2.077374e-01 2.678776e-02 4.815936e-02 4.028352e-01 4.804116e-02 4.819647e-02 1.527915e-02 
118 2951 7.030550e-01 0 0 2.748753e-02 1.794533e-02 1.897039e-01 2.431352e-02 4.398338e-02 3.668667e-01 4.352768e-02 4.424791e-02 1.386590e-02 
119 2976 6.467277e-01 0 0 2.515904e-02 1.615619e-02 1.681667e-01 2.156124e-02 3.935278e-02 3.257727e-01 4.003352e-02 4.006812e-02 1.275130e-02 
120 3001 6.206591e-01 0 0 2.335826e-02 1.505334e-02 1.578271e-01 2.055946e-02 3.628883e-02 3.013065e-01 3.737003e-02 3.750356e-02 1.184057e-02 
121 3026 7.090831e-01 0 0 2.781886e-02 1.711054e-02 1.936062e-01 2.288674e-02 4.319661e-02 3.443882e-01 5.106029e-02 4.192642e-02 1.363419e-02 
122 3051 7.656456e-01 0 0 2.995966e-02 1.806580e-02 2.089181e-01 2.403512e-02 4.625579e-02 3.636039e-01 5.501794e-02 4.396501e-02 1.470846e-02 
123 3076 7.977628e-01 0 0 3.054186e-02 1.838349e-02 2.146430e-01 2.486379e-02 5.076765e-02 3.743429e-01 5.666350e-02 4.469186e-02 1.500661e-02 
124 3101 7.226698e-01 0 0 2.655047e-02 1.638705e-02 1.880092e-01 2.175883e-02 4.441035e-02 3.252855e-01 4.959025e-02 4.057144e-02 1.332538e-02 
125 3126 6.265526e-01 0 0 2.291240e-02 1.385425e-02 1.608371e-01 1.893798e-02 3.775072e-02 2.783685e-01 4.197999e-02 3.525683e-02 1.169270e-02 
126 3151 6.149703e-01 0 0 2.186015e-02 1.323830e-02 1.558409e-01 1.849947e-02 3.634620e-02 2.806051e-01 4.010917e-02 3.402430e-02 1.129180e-02 
127 3176 6.643368e-01 0 0 2.388268e-02 1.381142e-02 1.696123e-01 1.970223e-02 3.926873e-02 3.102232e-01 4.209548e-02 3.587418e-02 1.199025e-02 
128 3201 7.016909e-01 0 0 2.520320e-02 1.425451e-02 1.776341e-01 2.026901e-02 4.110341e-02 3.214808e-01 4.335607e-02 3.758546e-02 1.253299e-02 
129 3226 7.508823e-01 0 0 2.685097e-02 1.528321e-02 1.871176e-01 2.175923e-02 4.466207e-02 3.497729e-01 4.596587e-02 4.083046e-02 1.319394e-02 
130 3251 7.559827e-01 0 0 2.687240e-02 1.536087e-02 1.823268e-01 2.146550e-02 4.345956e-02 3.418909e-01 4.871396e-02 4.071700e-02 1.303430e-02 
131 3276 8.393895e-01 0 0 2.961627e-02 1.675893e-02 2.003757e-01 2.410034e-02 4.839857e-02 4.170320e-01 5.476696e-02 4.414635e-02 1.457825e-02 
132 3301 8.583420e-01 0 0 2.993166e-02 1.663588e-02 2.036136e-01 2.438008e-02 5.154248e-02 4.202943e-01 5.603074e-02 4.591340e-02 1.437972e-02 
133 3326 9.085704e-01 0 0 3.109656e-02 1.754540e-02 2.088359e-01 2.493386e-02 5.365210e-02 4.544375e-01 5.997715e-02 4.874691e-02 1.508990e-02 
134 3351 8.913496e-01 0 0 3.020756e-02 1.665395e-02 2.042999e-01 2.430966e-02 5.197795e-02 4.434006e-01 5.897299e-02 4.809388e-02 1.432942e-02 
135 3376 7.886918e-01 0 0 2.578630e-02 1.512112e-02 1.818782e-01 2.086149e-02 4.923109e-02 3.817157e-01 5.175536e-02 4.253633e-02 1.265867e-02 
136 3401 8.395143e-01 0 0 2.752683e-02 1.672712e-02 1.913013e-01 2.178768e-02 5.248173e-02 3.915091e-01 5.929350e-02 4.643099e-02 1.313869e-02 
137 3426 8.030066e-01 0 0 2.566065e-02 1.633426e-02 1.811781e-01 2.017525e-02 4.917021e-02 3.646034e-01 5.781734e-02 4.281028e-02 1.244765e-02 
138 3451 8.102655e-01 0 0 2.587917e-02 1.645448e-02 1.791965e-01 1.986421e-02 4.948803e-02 4.106382e-01 6.038845e-02 4.283940e-02 1.278262e-02 
139 3476 7.835952e-01 0 0 2.439272e-02 1.534390e-02 1.691110e-01 1.873340e-02 4.736236e-02 3.890081e-01 5.911013e-02 4.130133e-02 1.231737e-02 
140 3501 7.036103e-01 0 0 2.110426e-02 1.363548e-02 1.540531e-01 1.650984e-02 4.168288e-02 3.397862e-01 5.242639e-02 3.615079e-02 1.077374e-02 
141 3526 7.567645e-01 0 0 2.195148e-02 1.458909e-02 1.643320e-01 1.759140e-02 4.375721e-02 3.675451e-01 5.716180e-02 3.877999e-02 1.155672e-02 
142 3551 8.229436e-01 0 0 2.392614e-02 1.632174e-02 1.773191e-01 1.948038e-02 4.735072e-02 3.885166e-01 6.513845e-02 4.167733e-02 1.246450e-02 
143 3576 7.541659e-01 0 0 2.109172e-02 1.459867e-02 1.670567e-01 1.749428e-02 4.205945e-02 3.576834e-01 5.794156e-02 3.710404e-02 1.127124e-02 
144 3601 6.829866e-01 0 0 1.846108e-02 1.333225e-02 1.470488e-01 1.562083e-02 3.813502e-02 3.153494e-01 5.045450e-02 3.262081e-02 1.017352e-02 
145 3626 6.594590e-01 0 0 1.739480e-02 1.266329e-02 1.415163e-01 1.491057e-02 3.655805e-02 3.103214e-01 4.761211e-02 3.192987e-02 9.916371e-03 
146 3651 6.297856e-01 0 0 1.690406e-02 1.175206e-02 1.319990e-01 1.409404e-02 3.455771e-02 2.953126e-01 4.430341e-02 3.090831e-02 9.474751e-03 
147 3676 6.144853e-01 0 0 1.594763e-02 1.155038e-02 1.269339e-01 1.378603e-02 3.381523e-02 2.778626e-01 4.362608e-02 2.969303e-02 9.127480e-03 
148 3701 6.576959e-01 0 0 1.688031e-02 1.204458e-02 1.377678e-01 1.526979e-02 3.887216e-02 2.993738e-01 4.719649e-02 3.131767e-02 9.381990e-03 
149 3726 6.370015e-01 0 0 1.579289e-02 1.151296e-02 1.362634e-01 1.440504e-02 3.803334e-02 2.862028e-01 4.401943e-02 3.028593e-02 9.111250e-03 
150 3751 6.169491e-01 0 0 1.467943e-02 1.081866e-02 1.299574e-01 1.369328e-02 3.781737e-02 2.716887e-01 4.159432e-02 2.820389e-02 8.633247e-03 
151 3776 5.785023e-01 0 0 1.398666e-02 1.029445e-02 1.189758e-01 1.270314e-02 3.590635e-02 2.517387e-01 3.825184e-02 2.596472e-02 8.122908e-03 
152 3801 5.144915e-01 0 0 1.206768e-02 8.995555e-03 1.024542e-01 1.137092e-02 3.214375e-02 2.207335e-01 3.308516e-02 2.301430e-02 7.035770e-03 
153 3826 4.587795e-01 0 0 1.064491e-02 7.935147e-03 8.993736e-02 1.002328e-02 2.845779e-02 1.942948e-01 2.877177e-02 1.990366e-02 6.173237e-03 
154 3851 4.243120e-01 0 0 9.632801e-03 7.209142e-03 8.157106e-02 8.993940e-03 2.616946e-02 1.801299e-01 2.581609e-02 1.799954e-02 5.591760e-03 
155 3876 4.185419e-01 0 0 9.521256e-03 7.064591e-03 8.044601e-02 8.764782e-03 2.504805e-02 1.783810e-01 2.478714e-02 1.762383e-02 5.610996e-03 
156 3901 4.841551e-01 0 0 1.143899e-02 8.056582e-03 9.179764e-02 9.795381e-03 2.890079e-02 2.012379e-01 2.811458e-02 2.078359e-02 7.110612e-03 
157 3926 5.327061e-01 0 0 1.226773e-02 8.651013e-03 1.017179e-01 1.092255e-02 3.145398e-02 2.251602e-01 2.983830e-02 2.261644e-02 7.975734e-03 
158 3951 5.103007e-01 0 0 1.163336e-02 8.131637e-03 9.432745e-02 1.011701e-02 2.974252e-02 2.149274e-01 2.808643e-02 2.170443e-02 7.414717e-03 
159 3976 5.344126e-01 0 0 1.185314e-02 8.445057e-03 9.729849e-02 1.077690e-02 3.231811e-02 2.339212e-01 2.960573e-02 2.265039e-02 7.577978e-03 
160 4001 5.584438e-01 0 0 1.214720e-02 8.752868e-03 9.853704e-02 1.147825e-02 3.382699e-02 2.490922e-01 2.989471e-02 2.397980e-02 7.687785e-03 
161 4026 5.325959e-01 0 0 1.131311e-02 7.992760e-03 9.118353e-02 1.099180e-02 3.281705e-02 2.355382e-01 2.774065e-02 2.442868e-02 7.186986e-03 
162 4051 5.281903e-01 0 0 1.092652e-02 7.653434e-03 9.100089e-02 1.072614e-02 3.242575e-02 2.325033e-01 2.685096e-02 2.377327e-02 7.038418e-03 
163 4076 4.623171e-01 0 0 9.318361e-03 6.448249e-03 7.898428e-02 9.271944e-03 2.756230e-02 1.989403e-01 2.267283e-02 2.056492e-02 6.052683e-03 
164 4101 3.959974e-01 0 0 7.655561e-03 5.333266e-03 6.532781e-02 7.769093e-03 2.333711e-02 1.649330e-01 1.860992e-02 1.748491e-02 4.963891e-03 
165 4126 3.762930e-01 0 0 7.094888e-03 4.927120e-03 6.025626e-02 7.254614e-03 2.175965e-02 1.525815e-01 1.772627e-02 1.629019e-02 4.574895e-03 
166 4151 3.747743e-01 0 0 7.067122e-03 4.744001e-03 6.194892e-02 7.076002e-03 2.157123e-02 1.526061e-01 1.717856e-02 1.600785e-02 4.412231e-03 
167 4176 3.392389e-01 0 0 6.510459e-03 4.253684e-03 5.727863e-02 6.351460e-03 1.966001e-02 1.390416e-01 1.553280e-02 1.445771e-02 3.851214e-03 
168 4201 3.360875e-01 0 0 6.319748e-03 4.173886e-03 5.676618e-02 6.109731e-03 2.076062e-02 1.375201e-01 1.504651e-02 1.462580e-02 3.669434e-03 
169 4226 3.434144e-01 0 0 6.341990e-03 4.190942e-03 5.712605e-02 6.216184e-03 2.265627e-02 1.464886e-01 1.471890e-02 1.499888e-02 3.684305e-03 
170 4251 3.463941e-01 0 0 6.373534e-03 4.111378e-03 5.880562e-02 6.216789e-03 2.311780e-02 1.490341e-01 1.543881e-02 1.487499e-02 3.747891e-03 
171 4276 3.464453e-01 0 0 6.502430e-03 4.009760e-03 5.692476e-02 6.138968e-03 2.422788e-02 1.569249e-01 1.545259e-02 1.501374e-02 3.691799e-03 
172 4301 3.036647e-01 0 0 5.640542e-03 3.535625e-03 4.932082e-02 5.586341e-03 2.071085e-02 1.375418e-01 1.338670e-02 1.268438e-02 3.215154e-03 
173 4326 3.603877e-01 0 0 6.467774e-03 4.402844e-03 5.737896e-02 6.576715e-03 2.386171e-02 1.644897e-01 1.535076e-02 1.654888e-02 3.766080e-03 
174 4351 3.830900e-01 0 0 6.795474e-03 4.572280e-03 5.911042e-02 6.735643e-03 2.475074e-02 1.709024e-01 1.581833e-02 1.757780e-02 3.923720e-03 
175 4376 3.561250e-01 0 0 6.200197e-03 4.148519e-03 5.355166e-02 6.299626e-03 2.294230e-02 1.597014e-01 1.428361e-02 1.631961e-02 3.544759e-03 
176 4401 3.499980e-01 0 0 5.903792e-03 4.025580e-03 5.340742e-02 6.063805e-03 2.241747e-02 1.520753e-01 1.389095e-02 1.647557e-02 3.371668e-03 
177 4426 3.222932e-01 0 0 5.363065e-03 3.673995e-03 4.874079e-02 5.704039e-03 2.023518e-02 1.349126e-01 1.271469e-02 1.506468e-02 2.966949e-03 
178 4451 2.977773e-01 0 0 5.057461e-03 3.303851e-03 4.414917e-02 5.293954e-03 1.806242e-02 1.232631e-01 1.132467e-02 1.362865e-02 2.672557e-03 
179 4476 2.946654e-01 0 0 4.804958e-03 3.379669e-03 4.320494e-02 5.148279e-03 1.725449e-02 1.211231e-01 1.080611e-02 1.304939e-02 2.531486e-03 
180 4501 3.077939e-01 0 0 4.907371e-03 3.504198e-03 4.946105e-02 5.353757e-03 1.740498e-02 1.252537e-01 1.088225e-02 1.376307e-02 2.543160e-03 
181 4526 2.947150e-01 0 0 4.713209e-03 3.455176e-03 4.718639e-02 5.187972e-03 1.635445e-02 1.183015e-01 1.078050e-02 1.291259e-02 2.363432e-03 
182 4551 2.806855e-01 0 0 4.333726e-03 3.258837e-03 4.389957e-02 4.968665e-03 1.609703e-02 1.097425e-01 9.993568e-03 1.181145e-02 2.154059e-03 
183 4576 3.106442e-01 0 0 4.667251e-03 3.592905e-03 4.790087e-02 5.471118e-03 1.754291e-02 1.176005e-01 1.154335e-02 1.268737e-02 2.421428e-03 
184 4601 3.517873e-01 0 0 5.170892e-03 4.022006e-03 5.365097e-02 6.271872e-03 2.098666e-02 1.416584e-01 1.313518e-02 1.433951e-02 2.629360e-03 
185 4626 3.343571e-01 0 0 4.933327e-03 3.770257e-03 4.902887e-02 5.912279e-03 1.926499e-02 1.315413e-01 1.244602e-02 1.309605e-02 2.422547e-03 
186 4651 3.152209e-01 0 0 4.549458e-03 3.635876e-03 4.640711e-02 5.732162e-03 1.829564e-02 1.218030e-01 1.191362e-02 1.239895e-02 2.255829e-03 
187 4676 2.977946e-01 0 0 4.278009e-03 3.415435e-03 4.263490e-02 5.285834e-03 1.718911e-02 1.122533e-01 1.104271e-02 1.195472e-02 2.096087e-03 
188 4701 2.865620e-01 0 0 4.017970e-03 3.303101e-03 4.125597e-02 5.067506e-03 1.631877e-02 1.094063e-01 1.093723e-02 1.109738e-02 1.991879e-03 
189 4726 2.822683e-01 0 0 3.879011e-03 3.162204e-03 4.091017e-02 5.088437e-03 1.604270e-02 1.049278e-01 1.057849e-02 1.074227e-02 1.977757e-03 
190 4751 2.557103e-01 0 0 3.455403e-03 2.878792e-03 3.599197e-02 4.745028e-03 1.420670e-02 9.674278e-02 9.270801e-03 9.562652e-03 1.740467e-03 
191 4776 2.506581e-01 0 0 3.360312e-03 2.745485e-03 3.440563e-02 4.473189e-03 1.370230e-02 9.283688e-02 8.788498e-03 9.588587e-03 1.645974e-03 
192 4801 2.187930e-01 0 0 2.945827e-03 2.403806e-03 2.925532e-02 3.888613e-03 1.189502e-02 8.066909e-02 7.449317e-03 8.284774e-03 1.394880e-03 
193 4826 2.120509e-01 0 0 2.800542e-03 2.291710e-03 2.837714e-02 3.689124e-03 1.140332e-02 7.702295e-02 7.173290e-03 7.804242e-03 1.350169e-03 
194 4851 1.989912e-01 0 0 2.652324e-03 2.121186e-03 2.608400e-02 3.356535e-03 1.062361e-02 7.009207e-02 6.542772e-03 7.180677e-03 1.251422e-03 
195 4876 1.921058e-01 0 0 2.570558e-03 2.043831e-03 2.545793e-02 3.189243e-03 1.011372e-02 6.848756e-02 6.210991e-03 6.656500e-03 1.222185e-03 
196 4901 1.806237e-01 0 0 2.416695e-03 1.876718e-03 2.337759e-02 2.900467e-03 9.647032e-03 6.553627e-02 5.844257e-03 6.485430e-03 1.142817e-03 
197 4926 1.622060e-01 0 0 2.151632e-03 1.637721e-03 2.112054e-02 2.538623e-03 8.679102e-03 5.828962e-02 5.161721e-03 5.826407e-03 1.030016e-03 
198 4951 1.552596e-01 0 0 1.976450e-03 1.575907e-03 1.974946e-02 2.401651e-03 8.381880e-03 5.695929e-02 4.861813e-03 5.516896e-03 1.016367e-03 
199 4976 1.547326e-01 0 0 1.909712e-03 1.543388e-03 1.904132e-02 2.331935e-03 8.162111e-03 5.660301e-02 4.829988e-03 5.443915e-03 9.934692e-04 
200 5001 1.474404e-01 0 0 1.867190e-03 1.427587e-03 1.763660e-02 2.245386e-03 7.555975e-03 5.214252e-02 4.512168e-03 5.003216e-03 9.383210e-04 
201 5026 1.243004e-01 0 0 1.583493e-03 1.174248e-03 1.468868e-02 1.827468e-03 6.263974e-03 4.297922e-02 3.692128e-03 4.081170e-03 7.729951e-04 
202 5051 1.276917e-01 0 0 1.659377e-03 1.180207e-03 1.511727e-02 1.881198e-03 6.286189e-03 4.450425e-02 3.752481e-03 4.260022e-03 7.872418e-04 
203 5076 1.199071e-01 0 0 1.506709e-03 1.071917e-03 1.397442e-02 1.750880e-03 5.772978e-03 4.024207e-02 3.406203e-03 3.901126e-03 7.308256e-04 
204 5101 1.152289e-01 0 0 1.412208e-03 9.969395e-04 1.317900e-02 1.630059e-03 5.449692e-03 3.694691e-02 3.194402e-03 3.660854e-03 7.062966e-04 
205 5126 1.049069e-01 0 0 1.299363e-03 8.832760e-04 1.161185e-02 1.499059e-03 5.144865e-03 3.288414e-02 2.932248e-03 3.344711e-03 6.234953e-04 
206 5151 1.070450e-01 0 0 1.315234e-03 9.285688e-04 1.137350e-02 1.516887e-03 5.526173e-03 3.401942e-02 2.955937e-03 3.466499e-03 6.500782e-04 
207 5176 1.112579e-01 0 0 1.412616e-03 9.637262e-04 1.190054e-02 1.599465e-03 5.919327e-03 3.590878e-02 3.033489e-03 3.726429e-03 6.760478e-04 
208 5201 9.857201e-02 0 0 1.209007e-03 8.194911e-04 1.055411e-02 1.374530e-03 5.099983e-03 3.089474e-02 2.626518e-03 3.285130e-03 5.801150e-04 
209 5226 9.221161e-02 0 0 1.124640e-03 7.671530e-04 9.935785e-03 1.260578e-03 4.647063e-03 2.857678e-02 2.449671e-03 2.986936e-03 5.201852e-04 
210 5251 8.874441e-02 0 0 1.083133e-03 7.366000e-04 9.652698e-03 1.199401e-03 4.325200e-03 2.841438e-02 2.343261e-03 2.856128e-03 4.858535e-04 
211 5276 9.239131e-02 0 0 1.167509e-03 7.712455e-04 9.613516e-03 1.272761e-03 4.565699e-03 3.032987e-02 2.442150e-03 2.981595e-03 4.938244e-04 
212 5301 9.008966e-02 0 0 1.133507e-03 7.357424e-04 9.016723e-03 1.239741e-03 4.626168e-03 2.968880e-02 2.344326e-03 2.815346e-03 4.694165e-04 
213 5326 1.032635e-01 0 0 1.339878e-03 8.549854e-04 1.082137e-02 1.545528e-03 5.567756e-03 3.437343e-02 2.742344e-03 3.154248e-03 5.523924e-04 
214 5351 1.049743e-01 0 0 1.347015e-03 8.401686e-04 1.101793e-02 1.558079e-03 5.593853e-03 3.380238e-02 2.720639e-03 3.088648e-03 5.571060e-04 
215 5376 9.271991e-02 0 0 1.149967e-03 7.243157e-04 9.427238e-03 1.348142e-03 4.750981e-03 2.872327e-02 2.357354e-03 2.674394e-03 4.796256e-04 
216 5401 8.645471e-02 0 0 1.034488e-03 6.834130e-04 8.681648e-03 1.262737e-03 4.280015e-03 2.687544e-02 2.194316e-03 2.458176e-03 4.419312e-04 
217 5426 8.506203e-02 0 0 1.033798e-03 6.821137e-04 8.263441e-03 1.274365e-03 4.110339e-03 2.589260e-02 2.120642e-03 2.369064e-03 4.224942e-04 
218 5451 8.021176e-02 0 0 9.792114e-04 6.416551e-04 7.679210e-03 1.168832e-03 3.727488e-03 2.388690e-02 2.018192e-03 2.189047e-03 4.134120e-04 
219 5476 7.565082e-02 0 0 8.903158e-04 5.851037e-04 7.283746e-03 1.079933e-03 3.400470e-03 2.189211e-02 1.859294e-03 2.080949e-03 3.859529e-04 
220 5501 7.464856e-02 0 0 8.547344e-04 5.598738e-04 7.144915e-03 1.060475e-03 3.299464e-03 2.115530e-02 1.786960e-03 2.039631e-03 3.805596e-04 
221 5526 8.079713e-02 0 0 9.102798e-04 5.940789e-04 7.775245e-03 1.152054e-03 3.594313e-03 2.203131e-02 1.962465e-03 2.218703e-03 3.991939e-04 
222 5551 8.291786e-02 0 0 9.840904e-04 6.253439e-04 7.935705e-03 1.261682e-03 3.688134e-03 2.336398e-02 1.988200e-03 2.219990e-03 3.987243e-04 
223 5576 9.068369e-02 0 0 1.101367e-03 6.864437e-04 8.761198e-03 1.365989e-03 4.099968e-03 2.823317e-02 2.256502e-03 2.391203e-03 4.256348e-04 
224 5601 1.017730e-01 0 0 1.229030e-03 7.616234e-04 9.959053e-03 1.519425e-03 4.435699e-03 3.149709e-02 2.478293e-03 2.716197e-03 4.723528e-04 
225 5626 1.157102e-01 0 0 1.477388e-03 9.169591e-04 1.103780e-02 1.910427e-03 5.399379e-03 3.927944e-02 3.041489e-03 3.087941e-03 5.248720e-04 
226 5651 1.260350e-01 0 0 1.571267e-03 9.835521e-04 1.223775e-02 2.034851e-03 5.856097e-03 4.376134e-02 3.213460e-03 3.454675e-03 5.616088e-04 
227 5676 1.486995e-01 0 0 1.989398e-03 1.231892e-03 1.571332e-02 2.476883e-03 6.661518e-03 5.103536e-02 3.758672e-03 4.035979e-03 6.601920e-04 
228 5701 1.514628e-01 0 0 2.110498e-03 1.319979e-03 1.587490e-02 2.710284e-03 6.975506e-03 5.192937e-02 3.733307e-03 4.069624e-03 6.605863e-04 
229 5726 1.443049e-01 0 0 1.998623e-03 1.264671e-03 1.502116e-02 2.594734e-03 6.584757e-03 4.904557e-02 3.456818e-03 3.843769e-03 6.076959e-04 
230 5751 1.693531e-01 0 0 2.461531e-03 1.583343e-03 1.875195e-02 3.295468e-03 7.658678e-03 5.869894e-02 4.036796e-03 4.475163e-03 7.334575e-04 
231 5776 1.661647e-01 0 0 2.408383e-03 1.557358e-03 1.798576e-02 3.244367e-03 7.562242e-03 5.807096e-02 3.940768e-03 4.415710e-03 7.447333e-04 
232 5801 1.549075e-01 0 0 2.192091e-03 1.408831e-03 1.727734e-02 2.940803e-03 7.105155e-03 5.245768e-02 3.795107e-03 4.069344e-03 6.792701e-04 
233 5826 1.479370e-01 0 0 2.130293e-03 1.355367e-03 1.641243e-02 2.729606e-03 6.674172e-03 4.913195e-02 3.688075e-03 3.776171e-03 6.506065e-04 
234 5851 1.341703e-01 0 0 1.936892e-03 1.230754e-03 1.467468e-02 2.491351e-03 5.992369e-03 4.401537e-02 3.345346e-03 3.407312e-03 5.824201e-04 
235 5876 1.316574e-01 0 0 2.025471e-03 1.245938e-03 1.495232e-02 2.492892e-03 5.775616e-03 4.296667e-02 3.431175e-03 3.243616e-03 5.756509e-04 
236 5901 1.312520e-01 0 0 1.981727e-03 1.206546e-03 1.452498e-02 2.393315e-03 5.889032e-03 4.145337e-02 3.342231e-03 3.263364e-03 5.645827e-04 
237 5926 1.181619e-01 0 0 1.727752e-03 1.064997e-03 1.278463e-02 2.099650e-03 5.190367e-03 3.681936e-02 2.943636e-03 2.908166e-03 5.014304e-04 
238 5951 1.219467e-01 0 0 1.755401e-03 1.088901e-03 1.312874e-02 2.135267e-03 5.320754e-03 3.819095e-02 3.050691e-03 2.946286e-03 5.147905e-04 
239 5976 1.203179e-01 0 0 1.668504e-03 1.058588e-03 1.294554e-02 2.066229e-03 5.285521e-03 3.895636e-02 3.025573e-03 2.864721e-03 4.972526e-04 
240 6001 1.111936e-01 0 0 1.473500e-03 9.476589e-04 1.188213e-02 1.866274e-03 4.851894e-03 3.559881e-02 2.716189e-03 2.586645e-03 4.478954e-04 
241 6026 1.227394e-01 0 0 1.665583e-03 1.054237e-03 1.292476e-02 2.127065e-03 5.314681e-03 4.052650e-02 3.009127e-03 2.770470e-03 4.892968e-04 
242 6051 1.281162e-01 0 0 1.711300e-03 1.079063e-03 1.480528e-02 2.190117e-03 5.514750e-03 4.151648e-02 3.123623e-03 2.839442e-03 4.933943e-04 
243 6076 1.300247e-01 0 0 1.791043e-03 1.119058e-03 1.482900e-02 2.274557e-03 5.507281e-03 4.195950e-02 3.260249e-03 2.840390e-03 4.921777e-04 
244 6101 1.226259e-01 0 0 1.656276e-03 1.056566e-03 1.405735e-02 2.130318e-03 4.982231e-03 3.994153e-02 3.104491e-03 2.859854e-03 4.451096e-04 
245 6126 1.188459e-01 0 0 1.586005e-03 1.024150e-03 1.379669e-02 2.073811e-03 4.773698e-03 3.853828e-02 2.932221e-03 2.786838e-03 4.316674e-04 
246 6151 1.278899e-01 0 0 1.698668e-03 1.144469e-03 1.640437e-02 2.218798e-03 5.025835e-03 4.180379e-02 3.184828e-03 2.937645e-03 4.663605e-04 
247 6176 1.265344e-01 0 0 1.675359e-03 1.127150e-03 1.610214e-02 2.133740e-03 4.993112e-03 4.038126e-02 3.085988e-03 2.868507e-03 4.446917e-04 
248 6201 1.123278e-01 0 0 1.482051e-03 9.904169e-04 1.395715e-02 1.889838e-03 4.391833e-03 3.551715e-02 2.731280e-03 2.432839e-03 3.928469e-04 
249 6226 1.221607e-01 0 0 1.634991e-03 1.130950e-03 1.527304e-02 2.126989e-03 4.909857e-03 4.019359e-02 3.250865e-03 2.746033e-03 4.165359e-04 
250 6251 1.190127e-01 0 0 1.551676e-03 1.070157e-03 1.461190e-02 2.027476e-03 4.880718e-03 3.829143e-02 3.161059e-03 2.832140e-03 3.935811e-04 
251 6276 1.156996e-01 0 0 1.471593e-03 1.016125e-03 1.367238e-02 1.944873e-03 4.747924e-03 3.620074e-02 2.956292e-03 2.968274e-03 3.840842e-04 
252 6301 1.145217e-01 0 0 1.500119e-03 1.020193e-03 1.345112e-02 1.975689e-03 4.559915e-03 3.577791e-02 2.913259e-03 3.043207e-03 3.755070e-04 
253 6326 1.160563e-01 0 0 1.488723e-03 1.021113e-03 1.334036e-02 1.979429e-03 4.768848e-03 3.661222e-02 2.940587e-03 3.209535e-03 3.741302e-04 
254 6351 1.103529e-01 0 0 1.395041e-03 9.776586e-04 1.295204e-02 1.899028e-03 4.516115e-03 3.451414e-02 2.759963e-03 3.068701e-03 3.585888e-04 
255 6376 1.158656e-01 0 0 1.514915e-03 1.049915e-03 1.372529e-02 2.001723e-03 4.799155e-03 3.547932e-02 2.949532e-03 3.404474e-03 3.896557e-04 
256 6401 1.147425e-01 0 0 1.455306e-03 1.012290e-03 1.305796e-02 1.928346e-03 4.708237e-03 3.421492e-02 2.930429e-03 3.383252e-03 3.754864e-04 
257 6426 1.003711e-01 0 0 1.256758e-03 8.573035e-04 1.111886e-02 1.622677e-03 4.036989e-03 2.949166e-02 2.571524e-03 2.944927e-03 3.266055e-04 
258 6451 9.893150e-02 0 0 1.225756e-03 8.336999e-04 1.179399e-02 1.568036e-03 3.842169e-03 2.857718e-02 2.528682e-03 2.810700e-03 3.154474e-04 
259 6476 1.074198e-01 0 0 1.329286e-03 8.842311e-04 1.269133e-02 1.699805e-03 4.041156e-03 2.999836e-02 2.787282e-03 3.078659e-03 3.388344e-04 
260 6501 9.736183e-02 0 0 1.175003e-03 7.932964e-04 1.130088e-02 1.508123e-03 3.606701e-03 2.724377e-02 2.486265e-03 2.759625e-03 3.000955e-04 
261 6526 8.283683e-02 0 0 9.844361e-04 6.530039e-04 9.583176e-03 1.235302e-03 2.952339e-03 2.240064e-02 2.072410e-03 2.270048e-03 2.511309e-04 
262 6551 7.685877e-02 0 0 9.045349e-04 5.977974e-04 8.641754e-03 1.130759e-03 2.678036e-03 2.039169e-02 1.850961e-03 2.134652e-03 2.367085e-04 
263 6576 7.150622e-02 0 0 8.604530e-04 5.600975e-04 8.347523e-03 1.050409e-03 2.399686e-03 1.854449e-02 1.736459e-03 1.962432e-03 2.202956e-04 
264 6601 8.028543e-02 0 0 9.718192e-04 6.066993e-04 9.165864e-03 1.142065e-03 2.656242e-03 2.071505e-02 1.878600e-03 2.184608e-03 2.450268e-04 
265 6626 7.081134e-02 0 0 8.547057e-04 5.182927e-04 7.879308e-03 9.928673e-04 2.340490e-03 1.829977e-02 1.619613e-03 1.914349e-03 2.175746e-04 
266 6651 6.877638e-02 0 0 8.212282e-04 4.925047e-04 7.574995e-03 9.511869e-04 2.227232e-03 1.742595e-02 1.586559e-03 1.819577e-03 2.103007e-04 
267 6676 6.560124e-02 0 0 7.823348e-04 4.771440e-04 7.064802e-03 9.011450e-04 2.094560e-03 1.677659e-02 1.604279e-03 1.734815e-03 2.046260e-04 
268 6701 6.866146e-02 0 0 8.156985e-04 5.195518e-04 7.574039e-03 9.896784e-04 2.153252e-03 1.805839e-02 1.723447e-03 1.951889e-03 2.096379e-04 
269 6726 6.761582e-02 0 0 8.318977e-04 5.231490e-04 7.490619e-03 9.734818e-04 2.085091e-03 1.752443e-02 1.717673e-03 1.920773e-03 2.058789e-04 
270 6751 7.434844e-02 0 0 9.204429e-04 5.998238e-04 9.148679e-03 1.091417e-03 2.283092e-03 1.875454e-02 1.974686e-03 2.031811e-03 2.254964e-04 
271 6776 7.302776e-02 0 0 9.415264e-04 6.186287e-04 9.265972e-03 1.111696e-03 2.242879e-03 1.843839e-02 1.918559e-03 1.997060e-03 2.209750e-04 
272 6801 7.602803e-02 0 0 9.878556e-04 6.374565e-04 9.466500e-03 1.145566e-03 2.434768e-03 1.872461e-02 1.963903e-03 2.093289e-03 2.282227e-04 
273 6826 7.844368e-02 0 0 1.010872e-03 6.594185e-04 9.904740e-03 1.230559e-03 2.460694e-03 1.873319e-02 1.949793e-03 2.214319e-03 2.331172e-04 
274 6851 8.460279e-02 0 0 1.154047e-03 7.519691e-04 1.108026e-02 1.451160e-03 2.613756e-03 2.153202e-02 2.043069e-03 2.550504e-03 2.550397e-04 
275 6876 8.236735e-02 0 0 1.158993e-03 7.615269e-04 1.112104e-02 1.480130e-03 2.509169e-03 2.035557e-02 1.966275e-03 2.540402e-03 2.545651e-04 
276 6901 7.922948e-02 0 0 1.106764e-03 7.413665e-04 1.072077e-02 1.444335e-03 2.323742e-03 1.955105e-02 1.866000e-03 2.435602e-03 2.399827e-04 
277 6926 7.861695e-02 0 0 1.082049e-03 7.364669e-04 1.065266e-02 1.422209e-03 2.237813e-03 1.915879e-02 1.793562e-03 2.348413e-03 2.315690e-04 
278 6951 6.983635e-02 0 0 9.474876e-04 6.363976e-04 9.452134e-03 1.226344e-03 1.965737e-03 1.641194e-02 1.594450e-03 2.030204e-03 2.130521e-04 
279 6976 6.824237e-02 0 0 9.220500e-04 6.192030e-04 9.165306e-03 1.219980e-03 1.928847e-03 1.554084e-02 1.537510e-03 1.982516e-03 2.055268e-04 
280 7001 6.832075e-02 0 0 9.137696e-04 6.298531e-04 9.149359e-03 1.238533e-03 1.898423e-03 1.646134e-02 1.502237e-03 1.948701e-03 2.004785e-04 
281 7026 6.855935e-02 0 0 9.471658e-04 6.634064e-04 9.205451e-03 1.274458e-03 1.941671e-03 1.722868e-02 1.518377e-03 2.028508e-03 1.972896e-04 
282 7051 6.906840e-02 0 0 9.429748e-04 6.661921e-04 9.253905e-03 1.253743e-03 1.916066e-03 1.725834e-02 1.517862e-03 1.961012e-03 1.985640e-04 
283 7076 6.942754e-02 0 0 9.547836e-04 6.664405e-04 9.048240e-03 1.255336e-03 1.849370e-03 1.735467e-02 1.547645e-03 1.958442e-03 2.048427e-04 
284 7101 6.058543e-02 0 0 8.152747e-04 5.643012e-04 7.688451e-03 1.070376e-03 1.613239e-03 1.474305e-02 1.329406e-03 1.682945e-03 1.744405e-04 
285 7126 6.322280e-02 0 0 8.355495e-04 5.998739e-04 7.970032e-03 1.105036e-03 1.624441e-03 1.546679e-02 1.382744e-03 1.757958e-03 1.759665e-04 
286 7151 6.291043e-02 0 0 8.243486e-04 5.883063e-04 7.798621e-03 1.069418e-03 1.557032e-03 1.516598e-02 1.388759e-03 1.687089e-03 1.736347e-04 
287 7176 6.781057e-02 0 0 9.385715e-04 6.504117e-04 8.826850e-03 1.179329e-03 1.621322e-03 1.670923e-02 1.668830e-03 1.800445e-03 1.916635e-04 
288 7201 6.279099e-02 0 0 8.671542e-04 5.949847e-04 7.885321e-03 1.079512e-03 1.463753e-03 1.590023e-02 1.524302e-03 1.634750e-03 1.762389e-04 
289 7226 5.332839e-02 0 0 7.298471e-04 4.950138e-04 6.570368e-03 8.919215e-04 1.206332e-03 1.319110e-02 1.318175e-03 1.372547e-03 1.507802e-04 
290 7251 4.654112e-02 0 0 6.183557e-04 4.196865e-04 5.708623e-03 7.617816e-04 1.034909e-03 1.128757e-02 1.134066e-03 1.162083e-03 1.299672e-04 
291 7276 5.090373e-02 0 0 6.656921e-04 4.522530e-04 6.327912e-03 8.182383e-04 1.145370e-03 1.212682e-02 1.241967e-03 1.278436e-03 1.416290e-04 
292 7301 6.275351e-02 0 0 8.081383e-04 5.481865e-04 7.918482e-03 1.003082e-03 1.444108e-03 1.484531e-02 1.523313e-03 1.550283e-03 1.752330e-04 
293 7326 7.066776e-02 0 0 9.307311e-04 6.300703e-04 8.910124e-03 1.186681e-03 1.585824e-03 1.644613e-02 1.699535e-03 1.748392e-03 2.162974e-04 
294 7351 8.151464e-02 0 0 1.112401e-03 7.584383e-04 1.146252e-02 1.409460e-03 1.813174e-03 1.906612e-02 1.992659e-03 2.018453e-03 2.670469e-04 
295 7376 7.644983e-02 0 0 1.020347e-03 7.028833e-04 1.087779e-02 1.292505e-03 1.675074e-03 1.776564e-02 1.846544e-03 1.887622e-03 2.415407e-04 
296 7401 7.282758e-02 0 0 9.871136e-04 6.685056e-04 1.026900e-02 1.225220e-03 1.572302e-03 1.684754e-02 1.759496e-03 1.769075e-03 2.273296e-04 
297 7426 7.964979e-02 0 0 1.077771e-03 7.767182e-04 1.227944e-02 1.440816e-03 1.801637e-03 1.860461e-02 1.884752e-03 1.950851e-03 2.472192e-04 
298 7451 7.509050e-02 0 0 9.978572e-04 7.320388e-04 1.194161e-02 1.332164e-03 1.705454e-03 1.732116e-02 1.782795e-03 1.796061e-03 2.402798e-04 
299 7476 6.769562e-02 0 0 9.233016e-04 6.563540e-04 1.061089e-02 1.194077e-03 1.527312e-03 1.530559e-02 1.662151e-03 1.594840e-03 2.254972e-04 
300 7501 6.479862e-02 0 0 8.733798e-04 6.224512e-04 1.024213e-02 1.135349e-03 1.450461e-03 1.420983e-02 1.566352e-03 1.469044e-03 2.198710e-04 
301 7526 6.708814e-02 0 0 9.596483e-04 6.416175e-04 1.027084e-02 1.178034e-03 1.511300e-03 1.584424e-02 1.892704e-03 1.565335e-03 2.312084e-04 
302 7551 6.749682e-02 0 0 9.747710e-04 6.733851e-04 1.077230e-02 1.223147e-03 1.511793e-03 1.635489e-02 1.929256e-03 1.624587e-03 2.418012e-04 
303 7576 7.424503e-02 0 0 1.050000e-03 7.512054e-04 1.243673e-02 1.320050e-03 1.627148e-03 1.834772e-02 2.060221e-03 1.782048e-03 2.622715e-04 
304 7601 6.697829e-02 0 0 9.390969e-04 6.767564e-04 1.151872e-02 1.179267e-03 1.476676e-03 1.676046e-02 1.806195e-03 1.587852e-03 2.361094e-04 
305 7626 6.610198e-02 0 0 9.551150e-04 6.723976e-04 1.159229e-02 1.156032e-03 1.478291e-03 1.659146e-02 1.855560e-03 1.531433e-03 2.432567e-04 
306 7651 6.243841e-02 0 0 9.103663e-04 6.311202e-04 1.085940e-02 1.106058e-03 1.486420e-03 1.563593e-02 1.752992e-03 1.435877e-03 2.305536e-04 
307 7676 6.252581e-02 0 0 8.990556e-04 6.431363e-04 1.096442e-02 1.114318e-03 1.528326e-03 1.589728e-02 1.720800e-03 1.422805e-03 2.251682e-04 
308 7701 6.806177e-02 0 0 9.533509e-04 6.845201e-04 1.195196e-02 1.186051e-03 1.643268e-03 1.684628e-02 1.823327e-03 1.498590e-03 2.435041e-04 
309 7726 5.982779e-02 0 0 8.166870e-04 5.878955e-04 1.048293e-02 1.018077e-03 1.457125e-03 1.435040e-02 1.573298e-03 1.286826e-03 2.080129e-04 
310 7751 5.976275e-02 0 0 8.134564e-04 5.899427e-04 1.083516e-02 1.027488e-03 1.474237e-03 1.449643e-02 1.617771e-03 1.292704e-03 2.309346e-04 
311 7776 6.107642e-02 0 0 8.138537e-04 5.988556e-04 1.096766e-02 1.021396e-03 1.506548e-03 1.465482e-02 1.611775e-03 1.345487e-03 2.295829e-04 
312 7801 6.467356e-02 0 0 8.592129e-04 6.320560e-04 1.172885e-02 1.077616e-03 1.679777e-03 1.533693e-02 1.672017e-03 1.458230e-03 2.442869e-04 
313 7826 5.981644e-02 0 0 7.977567e-04 5.747495e-04 1.059492e-02 9.970378e-04 1.558776e-03 1.396055e-02 1.538273e-03 1.328193e-03 2.275891e-04 
314 7851 6.123189e-02 0 0 8.341750e-04 5.854794e-04 1.068982e-02 1.021101e-03 1.595192e-03 1.416501e-02 1.585196e-03 1.309550e-03 2.312092e-04 
315 7876 5.336856e-02 0 0 7.428502e-04 4.997377e-04 8.965707e-03 8.944875e-04 1.384802e-03 1.216223e-02 1.404930e-03 1.111221e-03 2.027209e-04 
316 7901 4.936343e-02 0 0 6.904264e-04 4.629492e-04 8.138292e-03 8.286747e-04 1.245771e-03 1.119855e-02 1.295350e-03 1.035010e-03 1.922936e-04 
317 7926 5.131081e-02 0 0 6.982286e-04 4.651387e-04 8.138615e-03 8.382701e-04 1.256832e-03 1.124874e-02 1.307230e-03 1.038141e-03 1.994817e-04 
318 7951 5.099276e-02 0 0 6.884531e-04 4.520125e-04 7.787479e-03 8.168506e-04 1.253084e-03 1.119430e-02 1.278078e-03 9.999011e-04 1.964140e-04 
319 7976 5.251278e-02 0 0 6.928538e-04 4.613701e-04 8.204551e-03 8.492961e-04 1.366846e-03 1.112233e-02 1.289750e-03 1.018552e-03 1.975888e-04 
320 8001 5.006479e-02 0 0 6.540706e-04 4.271198e-04 7.713147e-03 8.064308e-04 1.328761e-03 1.019958e-02 1.245049e-03 9.747860e-04 1.944159e-04 
321 8026 4.523658e-02 0 0 6.122241e-04 3.819689e-04 6.990141e-03 7.217463e-04 1.197915e-03 9.636581e-03 1.153812e-03 8.577664e-04 1.767470e-04 
322 8051 4.202305e-02 0 0 5.744037e-04 3.532957e-04 6.327736e-03 6.674668e-04 1.170798e-03 8.819384e-03 1.072373e-03 8.003608e-04 1.631914e-04 
323 8076 4.398551e-02 0 0 6.142644e-04 3.666914e-04 6.384235e-03 7.017717e-04 1.302890e-03 9.226931e-03 1.147640e-03 8.239752e-04 1.726274e-04 
324 8101 4.044391e-02 0 0 5.548210e-04 3.309001e-04 5.799014e-03 6.420718e-04 1.224007e-03 8.245296e-03 1.036922e-03 7.527214e-04 1.610555e-04 
325 8126 4.059829e-02 0 0 5.444426e-04 3.242233e-04 5.830423e-03 6.331809e-04 1.205378e-03 8.194364e-03 1.013158e-03 7.512337e-04 1.595155e-04 
326 8151 4.099260e-02 0 0 5.440932e-04 3.376068e-04 5.933529e-03 6.569234e-04 1.189933e-03 8.224723e-03 9.840789e-04 8.104005e-04 1.587235e-04 
327 8176 3.919466e-02 0 0 5.153898e-04 3.138869e-04 5.554992e-03 6.175058e-04 1.116628e-03 7.881717e-03 9.280871e-04 7.758119e-04 1.499244e-04 
328 8201 3.516046e-02 0 0 4.703472e-04 2.840532e-04 4.797669e-03 5.669589e-04 1.068141e-03 7.397409e-03 8.396372e-04 6.823023e-04 1.336240e-04 
329 8226 3.628023e-02 0 0 4.795397e-04 2.864697e-04 4.981717e-03 5.747237e-04 1.062399e-03 7.487446e-03 8.580992e-04 6.980254e-04 1.421635e-04 
330 8251 3.993718e-02 0 0 5.103144e-04 3.061880e-04 5.490220e-03 6.178203e-04 1.249231e-03 8.157065e-03 9.513604e-04 8.228511e-04 1.528137e-04 
331 8276 3.982802e-02 0 0 5.063762e-04 3.025199e-04 5.583129e-03 6.041783e-04 1.217506e-03 8.431822e-03 9.509312e-04 8.165280e-04 1.529576e-04 
332 8301 4.054873e-02 0 0 5.176696e-04 3.019151e-04 5.612720e-03 6.063524e-04 1.263072e-03 8.638760e-03 9.868221e-04 8.090992e-04 1.544388e-04 
333 8326 3.586575e-02 0 0 4.542343e-04 2.634258e-04 4.931223e-03 5.214357e-04 1.103343e-03 7.413961e-03 8.664343e-04 7.063115e-04 1.342229e-04 
334 8351 3.253452e-02 0 0 3.987526e-04 2.348829e-04 4.446050e-03 4.613068e-04 1.020184e-03 6.691933e-03 7.587469e-04 6.220930e-04 1.195159e-04 
335 8376 3.436583e-02 0 0 4.282872e-04 2.537339e-04 4.688326e-03 5.016971e-04 1.109499e-03 7.015667e-03 8.012680e-04 6.562657e-04 1.256800e-04 
336 8401 3.873658e-02 0 0 4.788735e-04 2.887276e-04 5.166028e-03 5.802674e-04 1.287863e-03 7.879496e-03 8.865734e-04 7.200686e-04 1.412551e-04 
337 8426 3.755289e-02 0 0 4.655105e-04 2.735427e-04 4.816295e-03 5.568741e-04 1.239904e-03 7.487744e-03 8.594591e-04 7.085346e-04 1.368637e-04 
338 8451 3.806040e-02 0 0 4.629583e-04 2.725513e-04 4.851583e-03 5.554433e-04 1.211393e-03 7.470279e-03 8.589608e-04 7.154951e-04 1.397050e-04 
339 8476 3.472027e-02 0 0 4.116323e-04 2.433268e-04 4.324440e-03 4.995017e-04 1.133326e-03 6.757901e-03 7.805924e-04 6.566837e-04 1.243734e-04 
340 8501 3.360581e-02 0 0 3.838488e-04 2.281460e-04 4.069371e-03 4.732344e-04 1.091119e-03 6.265129e-03 7.330548e-04 6.426038e-04 1.150243e-04 
341 8526 3.167537e-02 0 0 3.528589e-04 2.097622e-04 3.767831e-03 4.362097e-04 1.009639e-03 5.738380e-03 6.817286e-04 6.015597e-04 1.077022e-04 
342 8551 3.161728e-02 0 0 3.703551e-04 2.074945e-04 3.841127e-03 4.386235e-04 1.010559e-03 5.742577e-03 6.926790e-04 5.900006e-04 1.169313e-04 
343 8576 3.477093e-02 0 0 4.326294e-04 2.516882e-04 4.401144e-03 4.997119e-04 1.106027e-03 6.595718e-03 8.077827e-04 6.603485e-04 1.309318e-04 
344 8601 3.607643e-02 0 0 4.425603e-04 2.517305e-04 4.614212e-03 5.055682e-04 1.136217e-03 6.755486e-03 8.429568e-04 6.747926e-04 1.410051e-04 
345 8626 3.596284e-02 0 0 4.449327e-04 2.498682e-04 4.516217e-03 5.123701e-04 1.109581e-03 6.757102e-03 8.306323e-04 6.812942e-04 1.417310e-04 
346 8651 4.041980e-02 0 0 4.812159e-04 2.713798e-04 5.209356e-03 5.530973e-04 1.203662e-03 7.304614e-03 8.968228e-04 7.513569e-04 1.597303e-04 
347 8676 4.066817e-02 0 0 4.722991e-04 2.768357e-04 5.560408e-03 5.599732e-04 1.235232e-03 7.287555e-03 8.777870e-04 7.657008e-04 1.575592e-04 
348 8701 3.945172e-02 0 0 4.583109e-04 2.609798e-04 5.495140e-03 5.299690e-04 1.169740e-03 7.095609e-03 8.580684e-04 7.508832e-04 1.541934e-04 
349 8726 3.602277e-02 0 0 4.073657e-04 2.461762e-04 5.073012e-03 4.848912e-04 1.059514e-03 6.588782e-03 7.550025e-04 6.865292e-04 1.374192e-04 
350 8751 3.525319e-02 0 0 4.111273e-04 2.416252e-04 5.007027e-03 4.823775e-04 1.034316e-03 6.674539e-03 7.496467e-04 6.485333e-04 1.349452e-04 
351 8776 2.970156e-02 0 0 3.442350e-04 2.069857e-04 4.304826e-03 4.023192e-04 8.771938e-04 5.796317e-03 6.242516e-04 5.411264e-04 1.127878e-04 
352 8801 2.780334e-02 0 0 3.229780e-04 2.003965e-04 4.162660e-03 3.756561e-04 7.903306e-04 5.544502e-03 5.753959e-04 5.000422e-04 1.043492e-04 
353 8826 2.886563e-02 0 0 3.282985e-04 2.045556e-04 4.559226e-03 3.764644e-04 8.060462e-04 5.856057e-03 5.840372e-04 5.219799e-04 1.145335e-04 
354 8851 2.777544e-02 0 0 3.090504e-04 1.953975e-04 4.318503e-03 3.620082e-04 8.108940e-04 5.494774e-03 5.503024e-04 5.103076e-04 1.063951e-04 
355 8876 2.673257e-02 0 0 2.902880e-04 1.837910e-04 4.092674e-03 3.386116e-04 7.849397e-04 5.165508e-03 5.211687e-04 4.914024e-04 9.837310e-05 
356 8901 2.552129e-02 0 0 2.659136e-04 1.723620e-04 3.959015e-03 3.166601e-04 7.568245e-04 4.924248e-03 4.853048e-04 4.657940e-04 9.119774e-05 
357 8926 2.383869e-02 0 0 2.436198e-04 1.597756e-04 3.648747e-03 2.891991e-04 7.245536e-04 4.569894e-03 4.440645e-04 4.369632e-04 8.243471e-05 
358 8951 2.364802e-02 0 0 2.440545e-04 1.572681e-04 3.512445e-03 2.983753e-04 7.489143e-04 4.532266e-03 4.303985e-04 4.277771e-04 8.300362e-05 
359 8976 2.220160e-02 0 0 2.322345e-04 1.470356e-04 3.283937e-03 2.810513e-04 6.985187e-04 4.131098e-03 3.904415e-04 4.087485e-04 7.866939e-05 
360 9001 2.285796e-02 0 0 2.497092e-04 1.510527e-04 3.459888e-03 2.960544e-04 7.054144e-04 4.398007e-03 3.975445e-04 4.215630e-04 8.200171e-05 
361 9026 2.270070e-02 0 0 2.462030e-04 1.462252e-04 3.432788e-03 2.900690e-04 6.797790e-04 4.243131e-03 3.807270e-04 4.050757e-04 8.203162e-05 
362 9051 2.238696e-02 0 0 2.431253e-04 1.414503e-04 3.349653e-03 2.823548e-04 6.476304e-04 4.209357e-03 3.769943e-04 3.881610e-04 7.867860e-05 
363 9076 2.230732e-02 0 0 2.453682e-04 1.434501e-04 3.281150e-03 2.836712e-04 6.348378e-04 4.131990e-03 3.709471e-04 3.882967e-04 8.031552e-05 
364 9101 2.158424e-02 0 0 2.471280e-04 1.415269e-04 3.117338e-03 2.826081e-04 5.929659e-04 4.022931e-03 3.600909e-04 3.657420e-04 7.956148e-05 
365 9126 2.068325e-02 0 0 2.390506e-04 1.364161e-04 2.865685e-03 2.738421e-04 5.486421e-04 3.935112e-03 3.429706e-04 3.464207e-04 7.590786e-05 
366 9151 1.936583e-02 0 0 2.158185e-04 1.225305e-04 2.644743e-03 2.448423e-04 5.016300e-04 3.547637e-03 3.113262e-04 3.121594e-04 6.998310e-05 
367 9176 1.847874e-02 0 0 1.972649e-04 1.150285e-04 2.545580e-03 2.257839e-04 4.774535e-04 3.296258e-03 2.876519e-04 2.969212e-04 6.412612e-05 
368 9201 2.014296e-02 0 0 2.235040e-04 1.307403e-04 2.871556e-03 2.533654e-04 5.167407e-04 3.685951e-03 3.192853e-04 3.231563e-04 6.857270e-05 
369 9226 2.085280e-02 0 0 2.304711e-04 1.350475e-04 2.930025e-03 2.581305e-04 5.287685e-04 3.827948e-03 3.351999e-04 3.393285e-04 6.950112e-05 
370 9251 2.145398e-02 0 0 2.448992e-04 1.429434e-04 3.076064e-03 2.695200e-04 5.352633e-04 4.019346e-03 3.868232e-04 3.433323e-04 6.978203e-05 
371 9276 2.259728e-02 0 0 2.579815e-04 1.490193e-04 3.127200e-03 2.822268e-04 5.472010e-04 4.279916e-03 4.299003e-04 3.528624e-04 7.243585e-05 
372 9301 2.297927e-02 0 0 2.604904e-04 1.463839e-04 3.157985e-03 2.844205e-04 5.661940e-04 4.349940e-03 4.421750e-04 3.541573e-04 7.429616e-05 
373 9326 2.336635e-02 0 0 2.667304e-04 1.479595e-04 3.180545e-03 2.897311e-04 5.624498e-04 4.490150e-03 4.878745e-04 3.789756e-04 7.510777e-05 
374 9351 2.162821e-02 0 0 2.540048e-04 1.331080e-04 3.044008e-03 2.614533e-04 5.253384e-04 4.089860e-03 4.459673e-04 3.417888e-04 7.286581e-05 
375 9376 2.092975e-02 0 0 2.513940e-04 1.263494e-04 2.935332e-03 2.513229e-04 5.088284e-04 3.989583e-03 4.377652e-04 3.252249e-04 7.052430e-05 
376 9401 2.156356e-02 0 0 2.641578e-04 1.318393e-04 2.968579e-03 2.645037e-04 5.617156e-04 4.130787e-03 4.617873e-04 3.377417e-04 7.058409e-05 
377 9426 2.216002e-02 0 0 2.685748e-04 1.329639e-04 3.052901e-03 2.761078e-04 6.119968e-04 4.204084e-03 4.861707e-04 3.588678e-04 7.307427e-05 
378 9451 2.122056e-02 0 0 2.494802e-04 1.239924e-04 2.840801e-03 2.560601e-04 5.749131e-04 3.967395e-03 4.562404e-04 3.315471e-04 6.888085e-05 
379 9476 2.250674e-02 0 0 2.674316e-04 1.292841e-04 3.064011e-03 2.647654e-04 6.181371e-04 4.116089e-03 4.766204e-04 3.496126e-04 7.520915e-05 
380 9501 2.213901e-02 0 0 2.590107e-04 1.251537e-04 3.037157e-03 2.550915e-04 5.890452e-04 3.970650e-03 4.700586e-04 3.447526e-04 7.511988e-05 
381 9526 2.448031e-02 0 0 2.813526e-04 1.390828e-04 3.478502e-03 2.829772e-04 6.503224e-04 4.312886e-03 5.115273e-04 3.799627e-04 8.175812e-05 
382 9551 2.457472e-02 0 0 2.804121e-04 1.404652e-04 3.391490e-03 2.886529e-04 6.516500e-04 4.333008e-03 5.123680e-04 3.841416e-04 8.113837e-05 
383 9576 2.485275e-02 0 0 3.022412e-04 1.443983e-04 3.391990e-03 3.073386e-04 6.710483e-04 4.617382e-03 5.204251e-04 3.803081e-04 8.481520e-05 
384 9601 2.824164e-02 0 0 3.469725e-04 1.626670e-04 3.817757e-03 3.500209e-04 8.551694e-04 5.306367e-03 5.828025e-04 4.637039e-04 9.746910e-05 
385 9626 2.585452e-02 0 0 3.124521e-04 1.440325e-04 3.385028e-03 3.113338e-04 7.683736e-04 4.760943e-03 5.305084e-04 4.171488e-04 8.660450e-05 
386 9651 2.258996e-02 0 0 2.709864e-04 1.245500e-04 2.989477e-03 2.719955e-04 6.642558e-04 4.089350e-03 4.475939e-04 3.580088e-04 7.678670e-05 
387 9676 2.515063e-02 0 0 2.999591e-04 1.365964e-04 3.573731e-03 2.980762e-04 8.277948e-04 4.425856e-03 4.891897e-04 4.244204e-04 8.519434e-05 
388 9701 3.206415e-02 0 0 3.958740e-04 1.804258e-04 4.436092e-03 3.879180e-04 1.061859e-03 5.631996e-03 6.067157e-04 5.343277e-04 1.082016e-04 
389 9726 3.699502e-02 0 0 4.382237e-04 1.993331e-04 4.981661e-03 4.379213e-04 1.239502e-03 6.235385e-03 6.876195e-04 6.071462e-04 1.212556e-04 
390 9751 3.513429e-02 0 0 4.067786e-04 1.820877e-04 4.680675e-03 4.007788e-04 1.212534e-03 5.716057e-03 6.386248e-04 5.747410e-04 1.115726e-04 
391 9776 3.219102e-02 0 0 3.747411e-04 1.601893e-04 4.173898e-03 3.563296e-04 1.186646e-03 5.132121e-03 5.712173e-04 5.334357e-04 1.004766e-04 
392 9801 3.007308e-02 0 0 3.402171e-04 1.445936e-04 3.862484e-03 3.234500e-04 1.091768e-03 4.708503e-03 5.264683e-04 4.999942e-04 9.275255e-05 
393 9826 2.845521e-02 0 0 3.125401e-04 1.318718e-04 3.496897e-03 2.939098e-04 1.034051e-03 4.349118e-03 4.984884e-04 4.881071e-04 8.451142e-05 
394 9851 2.783459e-02 0 0 2.971703e-04 1.262323e-04 3.466616e-03 2.772884e-04 9.998222e-04 4.090184e-03 4.823848e-04 4.709227e-04 8.141155e-05 
395 9876 2.636829e-02 0 0 2.877350e-04 1.222743e-04 3.262447e-03 2.649587e-04 9.163652e-04 3.916566e-03 4.533728e-04 4.326353e-04 7.794693e-05 
396 9901 2.493066e-02 0 0 2.787037e-04 1.164413e-04 3.110468e-03 2.470342e-04 8.711059e-04 3.798925e-03 4.263358e-04 4.050237e-04 7.401186e-05 
397 9926 2.435356e-02 0 0 2.680584e-04 1.115907e-04 3.261613e-03 2.393314e-04 8.859440e-04 3.574466e-03 4.127093e-04 3.917541e-04 7.290610e-05 
398 9951 2.481727e-02 0 0 2.761713e-04 1.148867e-04 3.667443e-03 2.374055e-04 9.265481e-04 3.594752e-03 4.169316e-04 4.102901e-04 8.053321e-05 
399 9976 2.637407e-02 0 0 3.100555e-04 1.207895e-04 4.026313e-03 2.462088e-04 1.070641e-03 3.800139e-03 4.362202e-04 4.659016e-04 8.889899e-05 
400 10001 2.399386e-02 0 0 2.827459e-04 1.087900e-04 3.601844e-03 2.192954e-04 9.784211e-04 3.355314e-03 3.867248e-04 4.237025e-04 8.027854e-05 
401 10026 2.229619e-02 0 0 2.631061e-04 1.025170e-04 3.261060e-03 2.044162e-04 9.139923e-04 3.147592e-03 3.604656e-04 3.932811e-04 7.316508e-05 
402 10051 2.204455e-02 0 0 2.554961e-04 1.022309e-04 3.310155e-03 1.954922e-04 9.091470e-04 3.055379e-03 3.453788e-04 4.031113e-04 7.132839e-05 
403 10076 2.445917e-02 0 0 3.004948e-04 1.127901e-04 3.781493e-03 2.106854e-04 1.081956e-03 3.330894e-03 3.688546e-04 4.818800e-04 8.361828e-05 
404 10101 2.727852e-02 0 0 3.412170e-04 1.266398e-04 4.259947e-03 2.331058e-04 1.233750e-03 3.700089e-03 4.200167e-04 5.567233e-04 9.435054e-05 
405 10126 2.979260e-02 0 0 3.673347e-04 1.385475e-04 4.661286e-03 2.573106e-04 1.342575e-03 4.146232e-03 4.532485e-04 5.952317e-04 1.014650e-04 
406 10151 3.434289e-02 0 0 4.224312e-04 1.549331e-04 5.374322e-03 2.879492e-04 1.607931e-03 4.764652e-03 5.099256e-04 7.269409e-04 1.166907e-04 
407 10176 4.253498e-02 0 0 5.375313e-04 1.977646e-04 6.599373e-03 3.723524e-04 1.987852e-03 6.271931e-03 6.467480e-04 8.927266e-04 1.428981e-04 
408 10201 4.589516e-02 0 0 5.713951e-04 2.122213e-04 7.186267e-03 4.124919e-04 2.173022e-03 6.628751e-03 6.832033e-04 9.388893e-04 1.542281e-04 
409 10226 3.992214e-02 0 0 5.090842e-04 1.795688e-04 6.204052e-03 3.468280e-04 1.938139e-03 5.707092e-03 5.790544e-04 8.301261e-04 1.371989e-04 
410 10251 4.716704e-02 0 0 5.798458e-04 2.206690e-04 8.262329e-03 4.027873e-04 2.220835e-03 6.542603e-03 6.659626e-04 9.424940e-04 1.621054e-04 
411 10276 4.703107e-02 0 0 5.645237e-04 2.234464e-04 8.224298e-03 3.971068e-04 2.145800e-03 6.522153e-03 6.524205e-04 9.108099e-04 1.591773e-04 
412 10301 4.923116e-02 0 0 6.071913e-04 2.302229e-04 8.448165e-03 4.111530e-04 2.179721e-03 6.715078e-03 7.415379e-04 9.339906e-04 1.721861e-04 
413 10326 4.702098e-02 0 0 5.751814e-04 2.262634e-04 7.988879e-03 3.995512e-04 2.060036e-03 6.300760e-03 6.991362e-04 9.237544e-04 1.610004e-04 
414 10351 4.047126e-02 0 0 4.890897e-04 1.925413e-04 6.925459e-03 3.382094e-04 1.740717e-03 5.242612e-03 5.858878e-04 7.671275e-04 1.373963e-04 
415 10376 4.038393e-02 0 0 4.864662e-04 1.897508e-04 6.811267e-03 3.275588e-04 1.778935e-03 5.267576e-03 5.732898e-04 7.671060e-04 1.360878e-04 
416 10401 4.160139e-02 0 0 5.113984e-04 1.945633e-04 6.983438e-03 3.299472e-04 1.811765e-03 5.558037e-03 6.294511e-04 7.992206e-04 1.453122e-04 
417 10426 4.163268e-02 0 0 4.973843e-04 1.913612e-04 6.694608e-03 3.200044e-04 1.771018e-03 5.537771e-03 6.154759e-04 7.801212e-04 1.397217e-04 
418 10451 4.442676e-02 0 0 5.298885e-04 2.029452e-04 7.265898e-03 3.376661e-04 1.892921e-03 5.849397e-03 6.423993e-04 8.167988e-04 1.519838e-04 
419 10476 4.430550e-02 0 0 5.171887e-04 1.959526e-04 7.070437e-03 3.233761e-04 1.855912e-03 5.764375e-03 6.208952e-04 8.038758e-04 1.490744e-04 
420 10501 4.155369e-02 0 0 4.856633e-04 1.785759e-04 6.709026e-03 2.992496e-04 1.712829e-03 5.374640e-03 5.878919e-04 7.540555e-04 1.402603e-04 
421 10526 3.438900e-02 0 0 3.921398e-04 1.488270e-04 5.388707e-03 2.471095e-04 1.380064e-03 4.417589e-03 4.752998e-04 6.220357e-04 1.120396e-04 
422 10551 3.062713e-02 0 0 3.527219e-04 1.295737e-04 4.959131e-03 2.183914e-04 1.274989e-03 3.838092e-03 4.143382e-04 5.553624e-04 1.030816e-04 
423 10576 2.961863e-02 0 0 3.307617e-04 1.223512e-04 4.826080e-03 2.079886e-04 1.204072e-03 3.571331e-03 3.940998e-04 5.172805e-04 9.946603e-05 
424 10601 2.942060e-02 0 0 3.214628e-04 1.190839e-04 4.710377e-03 2.043921e-04 1.188223e-03 3.508416e-03 3.856507e-04 5.128419e-04 9.789689e-05 
425 10626 2.779644e-02 0 0 2.954676e-04 1.099315e-04 4.397303e-03 1.871003e-04 1.111498e-03 3.222873e-03 3.576166e-04 4.938487e-04 9.214852e-05 
426 10651 3.031217e-02 0 0 3.150085e-04 1.213994e-04 4.613929e-03 2.150248e-04 1.182978e-03 3.512475e-03 3.842705e-04 5.271522e-04 1.020840e-04 
427 10676 3.129162e-02 0 0 3.189456e-04 1.250540e-04 4.731688e-03 2.218240e-04 1.227554e-03 3.603305e-03 3.842823e-04 5.461328e-04 1.029905e-04 
428 10701 3.046240e-02 0 0 3.013424e-04 1.200556e-04 4.581189e-03 2.144433e-04 1.171853e-03 3.399827e-03 3.615312e-04 5.197932e-04 9.767845e-05 
429 10726 2.938988e-02 0 0 2.966869e-04 1.144643e-04 4.265165e-03 2.032182e-04 1.101180e-03 3.260774e-03 3.544188e-04 4.914399e-04 9.478667e-05 
430 10751 2.993641e-02 0 0 3.081376e-04 1.127050e-04 4.240086e-03 1.996634e-04 1.120966e-03 3.315096e-03 3.512455e-04 4.965904e-04 9.752904e-05 
431 10776 2.892691e-02 0 0 2.886677e-04 1.046217e-04 3.978559e-03 1.862304e-04 1.051683e-03 3.108138e-03 3.307450e-04 4.697122e-04 9.327028e-05 
432 10801 2.582393e-02 0 0 2.532677e-04 9.663877e-05 3.499385e-03 1.697694e-04 9.233932e-04 2.763095e-03 2.873423e-04 4.259311e-04 8.191354e-05 
433 10826 2.445872e-02 0 0 2.416877e-04 9.168186e-05 3.205246e-03 1.584910e-04 8.843041e-04 2.646163e-03 2.688460e-04 4.160128e-04 7.545708e-05 
434 10851 2.326120e-02 0 0 2.241042e-04 8.541158e-05 2.982042e-03 1.480867e-04 8.209865e-04 2.490508e-03 2.555113e-04 3.869754e-04 6.910633e-05 
435 10876 2.274258e-02 0 0 2.164026e-04 8.346690e-05 2.902188e-03 1.392233e-04 8.012282e-04 2.468181e-03 2.446940e-04 3.759312e-04 6.756235e-05 
436 10901 2.255186e-02 0 0 2.144211e-04 8.379750e-05 2.883322e-03 1.403724e-04 7.959272e-04 2.416530e-03 2.457675e-04 3.731265e-04 6.612672e-05 
437 10926 2.246680e-02 0 0 2.282973e-04 8.238852e-05 2.902880e-03 1.373188e-04 8.084084e-04 2.502739e-03 2.454814e-04 3.717067e-04 6.831992e-05 
438 10951 2.066833e-02 0 0 2.030603e-04 7.396350e-05 2.595779e-03 1.228623e-04 7.100922e-04 2.245129e-03 2.303897e-04 3.323517e-04 6.063739e-05 
439 10976 1.950278e-02 0 0 1.921169e-04 6.767906e-05 2.497956e-03 1.112389e-04 6.756994e-04 2.062381e-03 2.161169e-04 3.098173e-04 5.754672e-05 
440 11001 1.780423e-02 0 0 1.779216e-04 6.008336e-05 2.339154e-03 9.953413e-05 6.227433e-04 1.879311e-03 1.960451e-04 2.793914e-04 5.321567e-05 
441 11026 1.661421e-02 0 0 1.635205e-04 5.716453e-05 2.103783e-03 9.532459e-05 5.616289e-04 1.778183e-03 1.810115e-04 2.551321e-04 4.827173e-05 
442 11051 1.728059e-02 0 0 1.707368e-04 5.781081e-05 2.182479e-03 9.891625e-05 5.637968e-04 1.812609e-03 1.907576e-04 2.557216e-04 5.124011e-05 
443 11076 1.580809e-02 0 0 1.569117e-04 5.160838e-05 2.034861e-03 8.803880e-05 5.185825e-04 1.638873e-03 1.724545e-04 2.316126e-04 4.710729e-05 
444 11101 1.357736e-02 0 0 1.319061e-04 4.511481e-05 1.750634e-03 7.270840e-05 4.443058e-04 1.419397e-03 1.427205e-04 1.984165e-04 3.965491e-05 
445 11126 1.444230e-02 0 0 1.389693e-04 4.701719e-05 1.852622e-03 7.636680e-05 4.928793e-04 1.482696e-03 1.488077e-04 2.180245e-04 4.152898e-05 
446 11151 1.488586e-02 0 0 1.503748e-04 4.898866e-05 1.861049e-03 7.729761e-05 5.352485e-04 1.559302e-03 1.543494e-04 2.395739e-04 4.270175e-05 
447 11176 1.614851e-02 0 0 1.710195e-04 5.271109e-05 2.044088e-03 8.327212e-05 6.228815e-04 1.658993e-03 1.642531e-04 2.744295e-04 4.723619e-05 
448 11201 1.740065e-02 0 0 1.829293e-04 5.824612e-05 2.203877e-03 9.168190e-05 6.687827e-04 1.791709e-03 1.701984e-04 2.957996e-04 5.064263e-05 
449 11226 1.729998e-02 0 0 1.872937e-04 5.759525e-05 2.245468e-03 9.095164e-05 6.591313e-04 1.840471e-03 1.813731e-04 2.881965e-04 5.229959e-05 
450 11251 1.590037e-02 0 0 1.730887e-04 5.449103e-05 2.037862e-03 8.499956e-05 6.077145e-04 1.758547e-03 1.623569e-04 2.730636e-04 4.814811e-05 
451 11276 1.509830e-02 0 0 1.656072e-04 5.045368e-05 1.950428e-03 7.975296e-05 5.770489e-04 1.700118e-03 1.524296e-04 2.575470e-04 4.596657e-05 
452 11301 1.367612e-02 0 0 1.460702e-04 4.559091e-05 1.719140e-03 7.221355e-05 5.026642e-04 1.511354e-03 1.377633e-04 2.224997e-04 4.072748e-05 
453 11326 1.283050e-02 0 0 1.361563e-04 4.357962e-05 1.665884e-03 6.766104e-05 4.685233e-04 1.389804e-03 1.260679e-04 2.067507e-04 3.886550e-05 
454 11351 1.171396e-02 0 0 1.229599e-04 4.090849e-05 1.473337e-03 6.305556e-05 4.169378e-04 1.308754e-03 1.129040e-04 1.849236e-04 3.438853e-05 
455 11376 1.020264e-02 0 0 1.036993e-04 3.634910e-05 1.286239e-03 5.457549e-05 3.536378e-04 1.171497e-03 9.555367e-05 1.552344e-04 2.955181e-05 
456 11401 1.028942e-02 0 0 1.004065e-04 3.771545e-05 1.325507e-03 5.514763e-05 3.418161e-04 1.171491e-03 9.596932e-05 1.567883e-04 2.933097e-05 
457 11426 9.967039e-03 0 0 9.408668e-05 3.675488e-05 1.273000e-03 5.244899e-05 3.193949e-04 1.146621e-03 9.072598e-05 1.456796e-04 2.817938e-05 
458 11451 9.307516e-03 0 0 8.785664e-05 3.440669e-05 1.191926e-03 4.826559e-05 3.025843e-04 1.080611e-03 8.379035e-05 1.347959e-04 2.580180e-05 
459 11476 8.166782e-03 0 0 7.475613e-05 3.036581e-05 1.065081e-03 4.195932e-05 2.623444e-04 9.348047e-04 7.505958e-05 1.190355e-04 2.242055e-05 
460 11501 7.690792e-03 0 0 6.976671e-05 2.810047e-05 9.926483e-04 3.852368e-05 2.417023e-04 8.813919e-04 6.995524e-05 1.092516e-04 2.078048e-05 
461 11526 6.695317e-03 0 0 6.119192e-05 2.391344e-05 8.527705e-04 3.341492e-05 2.081324e-04 7.471283e-04 6.027646e-05 9.257653e-05 1.803431e-05 
462 11551 6.403585e-03 0 0 5.681347e-05 2.208759e-05 7.942561e-04 3.073161e-05 1.976499e-04 6.903997e-04 5.682401e-05 9.043910e-05 1.672917e-05 
463 11576 6.243319e-03 0 0 6.089034e-05 2.105290e-05 8.023197e-04 2.967974e-05 1.996915e-04 6.906524e-04 5.750469e-05 8.764048e-05 1.763966e-05 
464 11601 6.335182e-03 0 0 6.542987e-05 2.171967e-05 8.088602e-04 3.164284e-05 2.049024e-04 7.020317e-04 5.861966e-05 8.900470e-05 1.885461e-05 
465 11626 5.776335e-03 0 0 5.981327e-05 1.948087e-05 7.182714e-04 2.895056e-05 1.822671e-04 6.333637e-04 5.610688e-05 7.848608e-05 1.707494e-05 
466 11651 5.778289e-03 0 0 6.149989e-05 1.969868e-05 7.052798e-04 2.997637e-05 1.796782e-04 6.781591e-04 5.745713e-05 7.671195e-05 1.697996e-05 
467 11676 5.708889e-03 0 0 6.042879e-05 1.894111e-05 7.139708e-04 2.953826e-05 1.735673e-04 6.629515e-04 6.088567e-05 7.480455e-05 1.708210e-05 
468 11701 5.336171e-03 0 0 5.451536e-05 1.862013e-05 6.956213e-04 2.831433e-05 1.590429e-04 6.169495e-04 5.722375e-05 6.779231e-05 1.580371e-05 
469 11726 4.817209e-03 0 0 4.963864e-05 1.626829e-05 6.280399e-04 2.493064e-05 1.422375e-04 5.409616e-04 5.200256e-05 5.978013e-05 1.444399e-05 
470 11751 4.936849e-03 0 0 4.903818e-05 1.636414e-05 6.325884e-04 2.509390e-05 1.405908e-04 5.439763e-04 5.155945e-05 5.961396e-05 1.432127e-05 
471 11776 5.550026e-03 0 0 5.390342e-05 1.777564e-05 6.955331e-04 2.742851e-05 1.526591e-04 6.178182e-04 5.799386e-05 6.555977e-05 1.579600e-05 
472 11801 6.097977e-03 0 0 5.846961e-05 1.955996e-05 7.414527e-04 3.017741e-05 1.664724e-04 6.999249e-04 6.178463e-05 7.210290e-05 1.672897e-05 
473 11826 6.825138e-03 0 0 6.429064e-05 2.220068e-05 8.258813e-04 3.407287e-05 1.827257e-04 7.821572e-04 6.753218e-05 8.144932e-05 1.814401e-05 
474 11851 7.509391e-03 0 0 7.075631e-05 2.393812e-05 9.211881e-04 3.774079e-05 2.014639e-04 8.498523e-04 7.526235e-05 8.999846e-05 1.983038e-05 
475 11876 6.726530e-03 0 0 6.570068e-05 2.151483e-05 8.358085e-04 3.527785e-05 1.817011e-04 7.620713e-04 7.006159e-05 7.971225e-05 1.843177e-05 
476 11901 7.047447e-03 0 0 7.199444e-05 2.402209e-05 9.253381e-04 3.932931e-05 2.016775e-04 8.285510e-04 7.444009e-05 8.367513e-05 1.961101e-05 
477 11926 6.804352e-03 0 0 6.944574e-05 2.370300e-05 9.052884e-04 3.824574e-05 1.941837e-04 8.039988e-04 6.974714e-05 8.175377e-05 1.887837e-05 
478 11951 6.680884e-03 0 0 6.883541e-05 2.317387e-05 8.943133e-04 3.849851e-05 1.884676e-04 7.809651e-04 6.884683e-05 8.108317e-05 1.918546e-05 
479 11976 6.531525e-03 0 0 6.861030e-05 2.250947e-05 8.614632e-04 3.690736e-05 1.828104e-04 7.682005e-04 6.952895e-05 7.761427e-05 1.856835e-05 
480 12001 6.667813e-03 0 0 7.659256e-05 2.262344e-05 9.003237e-04 3.723904e-05 2.014841e-04 8.042112e-04 7.364815e-05 7.994966e-05 2.041745e-05 
481 12026 6.003842e-03 0 0 6.683756e-05 2.024456e-05 7.905510e-04 3.304053e-05 1.744841e-04 7.098479e-04 6.516838e-05 6.919132e-05 1.782240e-05 
482 12051 5.702424e-03 0 0 6.504866e-05 1.879568e-05 7.631918e-04 3.055434e-05 1.733766e-04 6.763921e-04 6.126454e-05 6.547152e-05 1.719452e-05 
483 12076 6.844337e-03 0 0 7.943707e-05 2.210752e-05 8.967468e-04 3.683014e-05 2.043648e-04 8.079175e-04 7.565540e-05 7.816721e-05 2.130717e-05 
484 12101 7.815353e-03 0 0 9.001081e-05 2.579136e-05 9.750319e-04 4.543349e-05 2.264481e-04 9.084335e-04 8.390129e-05 9.313913e-05 2.421497e-05 
485 12126 7.810053e-03 0 0 8.803447e-05 2.699178e-05 9.659060e-04 4.603923e-05 2.184709e-04 9.236804e-04 8.455349e-05 9.165080e-05 2.405005e-05 
486 12151 7.915187e-03 0 0 8.655685e-05 2.716165e-05 9.685173e-04 4.529724e-05 2.169009e-04 9.159444e-04 8.285588e-05 9.050575e-05 2.364684e-05 
487 12176 8.134806e-03 0 0 8.977536e-05 2.769079e-05 1.050444e-03 4.575505e-05 2.245388e-04 9.310528e-04 8.496833e-05 9.143246e-05 2.534880e-05 
488 12201 8.298266e-03 0 0 9.367655e-05 2.794029e-05 1.074941e-03 4.567104e-05 2.349465e-04 9.679686e-04 8.849379e-05 9.128944e-05 2.609764e-05 
489 12226 7.663142e-03 0 0 8.889801e-05 2.555948e-05 1.025312e-03 4.124517e-05 2.209428e-04 8.814924e-04 8.471688e-05 8.235212e-05 2.512104e-05 
490 12251 7.336716e-03 0 0 8.964580e-05 2.450318e-05 1.001556e-03 3.857646e-05 2.206298e-04 8.822769e-04 8.544276e-05 7.730627e-05 2.493488e-05 
491 12276 7.860223e-03 0 0 9.312564e-05 2.662648e-05 1.062895e-03 4.136230e-05 2.387772e-04 9.321291e-04 9.029320e-05 8.661230e-05 2.600619e-05 
492 12301 7.233578e-03 0 0 8.311172e-05 2.389522e-05 9.508322e-04 3.686661e-05 2.157437e-04 8.346685e-04 8.102337e-05 7.811497e-05 2.317453e-05 
493 12326 7.739329e-03 0 0 9.523796e-05 2.551600e-05 1.082128e-03 4.017448e-05 2.425173e-04 9.540971e-04 9.023581e-05 8.492810e-05 2.638851e-05 
494 12351 7.693839e-03 0 0 9.350158e-05 2.454030e-05 1.048393e-03 3.890878e-05 2.410928e-04 9.233284e-04 8.753894e-05 8.279575e-05 2.556473e-05 
495 12376 6.977219e-03 0 0 8.676936e-05 2.193603e-05 9.936816e-04 3.454355e-05 2.261870e-04 8.131315e-04 7.942144e-05 7.445473e-05 2.406742e-05 
496 12401 6.537349e-03 0 0 8.095559e-05 2.131992e-05 9.113460e-04 3.319026e-05 2.081771e-04 7.657444e-04 7.364472e-05 6.906435e-05 2.234467e-05 
497 12426 6.105527e-03 0 0 7.241272e-05 1.948967e-05 8.227290e-04 3.033024e-05 1.857529e-04 6.831507e-04 6.755552e-05 6.265136e-05 2.003508e-05 
498 12451 6.428240e-03 0 0 7.617739e-05 2.082620e-05 8.491948e-04 3.377842e-05 1.906523e-04 7.161501e-04 7.149065e-05 6.804044e-05 2.136504e-05 
499 12476 5.745357e-03 0 0 6.876743e-05 1.887779e-05 7.669451e-04 3.041666e-05 1.732553e-04 6.502930e-04 6.362507e-05 6.099681e-05 1.909594e-05 
500 12501 5.865251e-03 0 0 6.775834e-05 1.874557e-05 7.596829e-04 3.020782e-05 1.725141e-04 6.617230e-04 6.411505e-05 6.165197e-05 1.877773e-05 
501 12526 6.059583e-03 0 0 6.924042e-05 1.901811e-05 7.791819e-04 3.039416e-05 1.799508e-04 6.753185e-04 6.436062e-05 6.482887e-05 1.921804e-05 
502 12551 6.712849e-03 0 0 7.831125e-05 2.085711e-05 8.817287e-04 3.384673e-05 2.054691e-04 7.593984e-04 7.095341e-05 7.283054e-05 2.204746e-05 
503 12576 6.345521e-03 0 0 7.267121e-05 1.959002e-05 8.276187e-04 3.174637e-05 1.915873e-04 7.038740e-04 6.557069e-05 6.824463e-05 2.043996e-05 
504 12601 5.560710e-03 0 0 6.555496e-05 1.734402e-05 7.381260e-04 2.850044e-05 1.711773e-04 6.306719e-04 5.690347e-05 6.094166e-05 1.843229e-05 
505 12626 5.183070e-03 0 0 6.047639e-05 1.670903e-05 6.750956e-04 2.759043e-05 1.581646e-04 5.972384e-04 5.274048e-05 5.638415e-05 1.688599e-05 
506 12651 5.733877e-03 0 0 6.682699e-05 1.924189e-05 7.432370e-04 3.152221e-05 1.735957e-04 6.688079e-04 5.813842e-05 6.316783e-05 1.849660e-05 
507 12676 5.653992e-03 0 0 6.447900e-05 1.887787e-05 7.269372e-04 3.092540e-05 1.672602e-04 6.471556e-04 5.615815e-05 6.221915e-05 1.765474e-05 
508 12701 5.486418e-03 0 0 6.206088e-05 1.844787e-05 6.931019e-04 3.131050e-05 1.567682e-04 6.245259e-04 5.608514e-05 5.927902e-05 1.682825e-05 
509 12726 5.079833e-03 0 0 5.776991e-05 1.673145e-05 6.567249e-04 2.874045e-05 1.445457e-04 5.780845e-04 5.176432e-05 5.404986e-05 1.583276e-05 
510 12751 5.039480e-03 0 0 5.710078e-05 1.674173e-05 6.657305e-04 2.883242e-05 1.424024e-04 5.683507e-04 5.113420e-05 5.323885e-05 1.572823e-05 
511 12776 4.739807e-03 0 0 5.196259e-05 1.563378e-05 6.067305e-04 2.689044e-05 1.290887e-04 5.210744e-04 4.725167e-05 4.841347e-05 1.438496e-05 
512 12801 5.150243e-03 0 0 5.513445e-05 1.653779e-05 6.648156e-04 2.821660e-05 1.418291e-04 5.523705e-04 4.966418e-05 5.307721e-05 1.541105e-05 
513 12826 6.553097e-03 0 0 6.826297e-05 2.060636e-05 8.296314e-04 3.545804e-05 1.760309e-04 6.932468e-04 6.414203e-05 6.649876e-05 1.913463e-05 
514 12851 6.602273e-03 0 0 6.685602e-05 2.028489e-05 8.173364e-04 3.468102e-05 1.718571e-04 6.869866e-04 6.341014e-05 6.446928e-05 1.870010e-05 
515 12876 6.664226e-03 0 0 6.649986e-05 2.070807e-05 8.097491e-04 3.612374e-05 1.713447e-04 6.923090e-04 6.318637e-05 6.387031e-05 1.855257e-05 
516 12901 9.084996e-03 0 0 8.867871e-05 2.954478e-05 1.100142e-03 5.129813e-05 2.288337e-04 9.329295e-04 8.783520e-05 8.670639e-05 2.490188e-05 
517 12926 1.020457e-02 0 0 1.022640e-04 3.369779e-05 1.243483e-03 5.859251e-05 2.553577e-04 1.139809e-03 9.925284e-05 9.346740e-05 2.869057e-05 
518 12951 9.352024e-03 0 0 9.006585e-05 2.971981e-05 1.124453e-03 5.194067e-05 2.256657e-04 1.005760e-03 8.849459e-05 8.325135e-05 2.574654e-05 
519 12976 9.963630e-03 0 0 9.353610e-05 3.074028e-05 1.178320e-03 5.413888e-05 2.348447e-04 1.043368e-03 9.109303e-05 8.606638e-05 2.709154e-05 
520 13001 1.057268e-02 0 0 9.733888e-05 3.203260e-05 1.221181e-03 5.646759e-05 2.519457e-04 1.089885e-03 9.350441e-05 9.237977e-05 2.765315e-05 
521 13026 1.058508e-02 0 0 9.778078e-05 3.186491e-05 1.245383e-03 5.645375e-05 2.500005e-04 1.075958e-03 9.529068e-05 9.143297e-05 2.803045e-05 
522 13051 9.813195e-03 0 0 8.870280e-05 2.878055e-05 1.133549e-03 5.082290e-05 2.226203e-04 1.009818e-03 8.569991e-05 8.158251e-05 2.526610e-05 
523 13076 9.550350e-03 0 0 8.988937e-05 2.890222e-05 1.082690e-03 5.013088e-05 2.191593e-04 1.038187e-03 8.279541e-05 8.106790e-05 2.463659e-05 
524 13101 1.101506e-02 0 0 1.181837e-04 3.474028e-05 1.295076e-03 6.202891e-05 2.707535e-04 1.286741e-03 1.041648e-04 9.824154e-05 3.147178e-05 
525 13126 1.126369e-02 0 0 1.222293e-04 3.551796e-05 1.326251e-03 6.474803e-05 2.744293e-04 1.310459e-03 1.089406e-04 9.759427e-05 3.244900e-05 
526 13151 1.274868e-02 0 0 1.358340e-04 3.890877e-05 1.490324e-03 7.226484e-05 3.012253e-04 1.495707e-03 1.240695e-04 1.099120e-04 3.595689e-05 
527 13176 1.269049e-02 0 0 1.348103e-04 3.760566e-05 1.544664e-03 6.918927e-05 3.096237e-04 1.496988e-03 1.198587e-04 1.080595e-04 3.609905e-05 
528 13201 1.329287e-02 0 0 1.400255e-04 3.877720e-05 1.633626e-03 7.207874e-05 3.289471e-04 1.540339e-03 1.219488e-04 1.149440e-04 3.755441e-05 
529 13226 1.334763e-02 0 0 1.420858e-04 3.854431e-05 1.627315e-03 7.219655e-05 3.328884e-04 1.546354e-03 1.216472e-04 1.169891e-04 3.815352e-05 
530 13251 1.485536e-02 0 0 1.570905e-04 4.361728e-05 1.787629e-03 8.090337e-05 3.700540e-04 1.721430e-03 1.329882e-04 1.305621e-04 4.184679e-05 
531 13276 1.475176e-02 0 0 1.543370e-04 4.283299e-05 1.816892e-03 7.889288e-05 3.650586e-04 1.682631e-03 1.351962e-04 1.247222e-04 4.138518e-05 
532 13301 1.281863e-02 0 0 1.329323e-04 3.670562e-05 1.554259e-03 6.773555e-05 3.068177e-04 1.475927e-03 1.165864e-04 1.051930e-04 3.559219e-05 
533 13326 1.192009e-02 0 0 1.246793e-04 3.454195e-05 1.463083e-03 6.419211e-05 2.869801e-04 1.384834e-03 1.055166e-04 9.731555e-05 3.335885e-05 
534 13351 1.108093e-02 0 0 1.160445e-04 3.148924e-05 1.351904e-03 5.843543e-05 2.679281e-04 1.299308e-03 9.795605e-05 9.037262e-05 3.090723e-05 
535 13376 1.026633e-02 0 0 1.061398e-04 2.862772e-05 1.230586e-03 5.300666e-05 2.502551e-04 1.182797e-03 8.868432e-05 8.735377e-05 2.854270e-05 
536 13401 9.012278e-03 0 0 9.340672e-05 2.463645e-05 1.094250e-03 4.532610e-05 2.170459e-04 1.030865e-03 8.161892e-05 7.420572e-05 2.541158e-05 
537 13426 9.365868e-03 0 0 9.904236e-05 2.639102e-05 1.169142e-03 4.817944e-05 2.359590e-04 1.084810e-03 8.456759e-05 7.854770e-05 2.709913e-05 
538 13451 9.989176e-03 0 0 1.031057e-04 2.763331e-05 1.207754e-03 5.091261e-05 2.442481e-04 1.148024e-03 8.962679e-05 8.084205e-05 2.792630e-05 
539 13476 1.070439e-02 0 0 1.074802e-04 2.929865e-05 1.270401e-03 5.354683e-05 2.536576e-04 1.209938e-03 9.393352e-05 8.502877e-05 2.907683e-05 
540 13501 1.195003e-02 0 0 1.185126e-04 3.307633e-05 1.375521e-03 6.036755e-05 2.774571e-04 1.355661e-03 1.029109e-04 9.444489e-05 3.190248e-05 
