%  columns="iteration, evaluation, void, void, void, xmean" (startseed=216442, 2015/08/21 22:51:47.43)
0 1 0 0 0 1.000000e+00 1.000000e+00 1.000000e+00 1.000000e+00 1.000000e+00 1.000000e+00 1.000000e+00 1.000000e+00 1.000000e+00 
1 26 0 0 0 -1.040999e+00 6.706667e-01 9.654702e-01 1.179374e+00 2.223407e+00 2.486532e+00 8.702027e-01 1.124749e+00 1.184188e+00 
2 51 0 0 0 7.705258e-01 1.486229e+00 1.022330e+00 9.237255e-01 3.321813e+00 3.923974e+00 8.939511e-01 1.107205e+00 1.133251e+00 
3 76 0 0 0 1.251978e+00 1.460454e+00 8.960524e-01 8.516482e-01 4.525467e+00 3.975387e+00 9.662319e-01 9.305410e-01 1.089408e+00 
4 101 0 0 0 1.427131e+00 1.214489e+00 8.682285e-01 8.878544e-01 4.178951e+00 3.927200e+00 1.016102e+00 8.856687e-01 1.150649e+00 
5 126 0 0 0 1.375028e+00 1.346132e+00 8.005877e-01 8.538021e-01 4.584919e+00 3.591019e+00 8.659092e-01 9.683735e-01 1.040457e+00 
6 151 0 0 0 1.458547e+00 1.632723e+00 7.602178e-01 5.638488e-01 5.035803e+00 4.401164e+00 9.108064e-01 7.685957e-01 1.153392e+00 
7 176 0 0 0 1.944636e+00 1.267246e+00 7.340557e-01 4.296394e-01 5.442106e+00 5.697926e+00 8.857990e-01 6.896486e-01 1.248104e+00 
8 201 0 0 0 1.875614e+00 1.488801e+00 7.916613e-01 6.297313e-01 6.187369e+00 6.556085e+00 8.255795e-01 5.491918e-01 1.212753e+00 
9 226 0 0 0 1.026723e+00 1.446037e+00 8.369076e-01 4.214657e-01 6.271457e+00 5.399574e+00 8.185345e-01 5.984538e-01 1.203016e+00 
10 251 0 0 0 8.507876e-01 1.317033e+00 8.732163e-01 4.331640e-01 6.330364e+00 5.322770e+00 8.972369e-01 7.245280e-01 1.276286e+00 
11 276 0 0 0 6.896315e-01 1.202753e+00 8.740145e-01 4.365490e-01 5.814298e+00 5.343965e+00 9.084083e-01 5.053307e-01 1.133054e+00 
12 301 0 0 0 1.048007e+00 8.074057e-01 9.354383e-01 2.873079e-01 5.939367e+00 5.215558e+00 8.718745e-01 5.913107e-01 1.117861e+00 
13 326 0 0 0 1.255615e+00 7.795387e-01 9.230097e-01 2.133348e-01 6.884420e+00 6.188455e+00 7.955761e-01 5.415064e-01 1.112152e+00 
14 351 0 0 0 1.271986e+00 7.673149e-01 9.058216e-01 3.054135e-01 6.272134e+00 6.309849e+00 7.255034e-01 5.782186e-01 1.219998e+00 
15 376 0 0 0 1.048455e+00 1.006706e+00 9.270147e-01 2.339333e-01 6.461857e+00 7.294418e+00 7.067571e-01 4.623279e-01 1.222553e+00 
16 401 0 0 0 8.953453e-01 7.325334e-01 8.688585e-01 2.546158e-01 6.019480e+00 6.874645e+00 7.067326e-01 4.939409e-01 1.157625e+00 
17 426 0 0 0 8.633951e-01 6.382017e-01 9.216384e-01 2.138969e-01 6.556752e+00 6.789592e+00 7.415946e-01 3.946955e-01 1.168103e+00 
18 451 0 0 0 5.272045e-01 6.699800e-01 8.928387e-01 2.303562e-01 6.131365e+00 5.903038e+00 7.618172e-01 4.644753e-01 1.178472e+00 
19 476 0 0 0 6.838821e-01 5.596468e-01 8.536412e-01 3.544559e-01 6.704998e+00 6.205752e+00 7.715451e-01 4.059281e-01 1.094381e+00 
20 501 0 0 0 8.377438e-01 4.697912e-01 8.453489e-01 3.016868e-01 7.219908e+00 6.561101e+00 7.571086e-01 3.497336e-01 1.133401e+00 
21 526 0 0 0 5.476877e-01 5.979984e-01 8.628675e-01 4.140771e-01 6.981976e+00 6.772457e+00 7.333051e-01 3.144345e-01 1.218868e+00 
22 551 0 0 0 6.376365e-01 7.314934e-01 9.112267e-01 4.799319e-01 7.670707e+00 7.095169e+00 7.695886e-01 2.499807e-01 1.256965e+00 
23 576 0 0 0 8.908440e-01 7.318428e-01 9.458218e-01 4.768581e-01 7.773665e+00 7.484194e+00 7.707004e-01 1.706564e-01 1.255950e+00 
24 601 0 0 0 1.153540e+00 6.924274e-01 1.021549e+00 4.215949e-01 7.764663e+00 7.801265e+00 7.523751e-01 1.960798e-01 1.302220e+00 
25 626 0 0 0 1.617541e+00 5.851538e-01 1.023846e+00 2.986182e-01 7.672028e+00 7.531991e+00 7.078756e-01 2.040686e-01 1.327035e+00 
26 651 0 0 0 1.163933e+00 7.736579e-01 9.865906e-01 3.147291e-01 6.708589e+00 7.274863e+00 7.470780e-01 2.266650e-01 1.312344e+00 
27 676 0 0 0 1.346256e+00 7.062365e-01 9.397224e-01 2.199615e-01 6.654483e+00 6.977218e+00 7.184001e-01 2.510404e-01 1.346862e+00 
28 701 0 0 0 9.455673e-01 7.338093e-01 9.546718e-01 2.721520e-01 6.827173e+00 6.710212e+00 7.546611e-01 2.939091e-01 1.319797e+00 
29 726 0 0 0 9.184355e-01 6.355426e-01 8.982329e-01 2.643557e-01 7.205524e+00 6.457215e+00 8.098333e-01 3.130366e-01 1.291072e+00 
30 751 0 0 0 8.595234e-01 7.614140e-01 9.517329e-01 3.893935e-01 7.609970e+00 6.389133e+00 8.542423e-01 3.054593e-01 1.313622e+00 
31 776 0 0 0 1.339729e+00 4.268053e-01 8.959608e-01 3.654005e-01 7.960069e+00 6.189381e+00 8.089234e-01 2.793996e-01 1.338291e+00 
32 801 0 0 0 1.265742e+00 4.060375e-01 8.801582e-01 3.747212e-01 7.747905e+00 6.091624e+00 8.091931e-01 3.041913e-01 1.382626e+00 
33 826 0 0 0 8.886702e-01 4.975878e-01 8.132778e-01 3.262756e-01 7.639395e+00 5.790692e+00 7.796997e-01 4.045474e-01 1.297086e+00 
34 851 0 0 0 1.018752e+00 4.913208e-01 8.884132e-01 2.791008e-01 7.410006e+00 5.214733e+00 7.004774e-01 3.986010e-01 1.341944e+00 
35 876 0 0 0 1.088238e+00 4.463493e-01 9.168598e-01 2.570159e-01 7.481316e+00 5.051920e+00 7.701306e-01 3.568827e-01 1.344805e+00 
36 901 0 0 0 1.142965e+00 4.821805e-01 9.391739e-01 2.337082e-01 7.258004e+00 5.226031e+00 7.540584e-01 3.267388e-01 1.338718e+00 
37 926 0 0 0 1.423657e+00 5.022395e-01 9.429106e-01 2.797742e-01 7.626446e+00 5.704454e+00 7.619529e-01 2.608648e-01 1.347183e+00 
38 951 0 0 0 1.499591e+00 5.663648e-01 1.019590e+00 2.856651e-01 7.688038e+00 5.791036e+00 7.333931e-01 2.381690e-01 1.395014e+00 
39 976 0 0 0 1.437983e+00 6.098428e-01 1.089522e+00 3.286677e-01 7.779756e+00 5.910694e+00 7.203567e-01 2.069938e-01 1.418577e+00 
40 1001 0 0 0 1.129678e+00 6.343320e-01 1.059318e+00 3.742010e-01 7.692572e+00 5.961691e+00 7.793643e-01 2.335802e-01 1.403819e+00 
41 1026 0 0 0 1.293504e+00 6.000081e-01 1.059580e+00 3.167917e-01 7.490892e+00 5.970486e+00 7.291238e-01 2.396796e-01 1.393848e+00 
42 1051 0 0 0 1.049188e+00 6.775553e-01 1.040376e+00 2.792533e-01 7.314557e+00 5.763490e+00 7.528688e-01 2.509512e-01 1.376735e+00 
43 1076 0 0 0 1.132054e+00 6.745564e-01 1.062584e+00 2.546436e-01 7.159272e+00 5.715220e+00 7.711424e-01 2.526719e-01 1.429411e+00 
44 1101 0 0 0 1.203342e+00 6.007321e-01 1.110549e+00 3.486426e-01 7.381839e+00 6.081006e+00 7.559347e-01 2.342702e-01 1.408503e+00 
45 1126 0 0 0 1.179862e+00 6.246860e-01 1.066120e+00 3.385468e-01 7.459248e+00 6.042506e+00 7.446528e-01 2.345546e-01 1.367116e+00 
46 1151 0 0 0 1.075395e+00 6.769421e-01 1.064409e+00 3.321662e-01 7.542593e+00 5.868064e+00 7.530879e-01 2.258853e-01 1.374418e+00 
47 1176 0 0 0 1.218540e+00 6.695765e-01 1.124456e+00 2.906549e-01 7.369558e+00 5.737489e+00 7.405934e-01 2.211700e-01 1.406298e+00 
48 1201 0 0 0 1.224829e+00 6.865263e-01 1.108860e+00 2.631868e-01 7.386179e+00 5.463609e+00 7.336670e-01 2.270402e-01 1.420395e+00 
49 1226 0 0 0 1.063808e+00 7.034499e-01 1.119909e+00 3.354647e-01 7.523362e+00 5.692845e+00 7.203055e-01 2.170182e-01 1.412369e+00 
50 1251 0 0 0 1.054993e+00 6.733858e-01 1.158730e+00 3.092968e-01 7.316537e+00 5.344360e+00 7.245148e-01 2.390052e-01 1.425740e+00 
51 1276 0 0 0 9.962816e-01 7.116950e-01 1.150619e+00 3.438651e-01 7.346458e+00 5.729215e+00 7.223908e-01 2.253998e-01 1.393358e+00 
52 1301 0 0 0 9.200388e-01 7.357124e-01 1.123552e+00 3.586174e-01 7.415542e+00 6.013050e+00 7.419042e-01 2.298857e-01 1.374955e+00 
53 1326 0 0 0 1.047138e+00 7.199063e-01 1.125657e+00 3.638137e-01 7.372365e+00 6.276845e+00 7.180879e-01 2.094641e-01 1.388547e+00 
54 1351 0 0 0 1.227644e+00 6.837231e-01 1.158116e+00 3.493745e-01 7.363638e+00 6.405081e+00 6.866189e-01 1.938176e-01 1.425175e+00 
55 1376 0 0 0 1.250542e+00 6.441118e-01 1.134215e+00 3.123681e-01 7.344295e+00 6.095938e+00 6.797210e-01 2.104065e-01 1.431954e+00 
56 1401 0 0 0 1.117603e+00 6.680749e-01 1.112955e+00 3.113241e-01 7.182951e+00 6.092326e+00 6.752698e-01 2.261094e-01 1.403670e+00 
57 1426 0 0 0 1.096257e+00 6.191054e-01 1.135447e+00 2.915729e-01 7.088355e+00 5.817968e+00 6.578871e-01 2.397871e-01 1.436985e+00 
58 1451 0 0 0 1.046398e+00 6.012009e-01 1.123817e+00 2.957654e-01 7.266045e+00 5.688372e+00 6.481493e-01 2.514651e-01 1.441671e+00 
59 1476 0 0 0 1.116665e+00 6.107839e-01 1.106392e+00 2.589328e-01 6.999996e+00 5.660823e+00 6.537565e-01 2.610263e-01 1.441306e+00 
60 1501 0 0 0 1.063982e+00 5.530876e-01 1.086668e+00 2.626526e-01 7.082444e+00 5.513148e+00 6.424530e-01 2.805115e-01 1.458597e+00 
61 1526 0 0 0 1.031286e+00 5.867348e-01 1.106757e+00 2.825968e-01 7.023896e+00 5.593997e+00 6.630597e-01 2.576747e-01 1.460771e+00 
62 1551 0 0 0 1.064847e+00 6.063449e-01 1.134824e+00 2.686757e-01 6.964324e+00 5.648266e+00 6.521790e-01 2.495477e-01 1.467383e+00 
63 1576 0 0 0 1.118576e+00 6.286773e-01 1.133960e+00 2.633668e-01 7.061410e+00 5.732681e+00 6.764466e-01 2.483982e-01 1.466167e+00 
64 1601 0 0 0 1.207917e+00 5.862297e-01 1.114650e+00 2.545493e-01 7.142569e+00 5.704098e+00 6.788157e-01 2.571764e-01 1.455858e+00 
65 1626 0 0 0 1.047198e+00 6.387170e-01 1.115390e+00 2.586414e-01 6.958907e+00 5.849361e+00 6.814165e-01 2.649131e-01 1.470094e+00 
66 1651 0 0 0 1.084587e+00 6.041628e-01 1.141899e+00 2.867716e-01 7.099691e+00 5.973824e+00 6.682097e-01 2.558747e-01 1.488369e+00 
67 1676 0 0 0 1.041829e+00 5.962782e-01 1.129490e+00 3.046827e-01 7.086513e+00 6.011572e+00 6.544611e-01 2.501859e-01 1.485364e+00 
68 1701 0 0 0 1.069040e+00 6.299791e-01 1.176147e+00 3.393283e-01 7.141973e+00 6.258644e+00 6.283438e-01 2.240193e-01 1.498530e+00 
69 1726 0 0 0 1.164151e+00 6.321033e-01 1.193773e+00 2.943965e-01 7.095916e+00 5.908925e+00 5.841400e-01 2.236170e-01 1.535254e+00 
70 1751 0 0 0 1.139526e+00 6.490720e-01 1.203097e+00 3.020503e-01 7.171830e+00 6.121668e+00 5.813991e-01 2.320234e-01 1.511510e+00 
71 1776 0 0 0 1.203945e+00 6.275821e-01 1.188900e+00 2.917409e-01 7.086310e+00 6.428635e+00 5.921320e-01 2.464867e-01 1.491445e+00 
72 1801 0 0 0 1.201201e+00 6.293802e-01 1.178270e+00 2.292736e-01 6.745322e+00 6.212832e+00 6.000079e-01 2.665377e-01 1.530607e+00 
73 1826 0 0 0 1.313193e+00 5.934914e-01 1.164041e+00 2.469937e-01 6.963393e+00 6.488637e+00 5.952734e-01 2.633103e-01 1.503828e+00 
74 1851 0 0 0 1.265458e+00 6.139120e-01 1.133813e+00 2.399284e-01 6.944036e+00 6.735984e+00 5.930544e-01 2.613756e-01 1.501752e+00 
75 1876 0 0 0 1.167216e+00 6.039051e-01 1.126107e+00 2.739782e-01 7.033474e+00 6.980729e+00 6.234538e-01 2.790422e-01 1.485418e+00 
76 1901 0 0 0 1.091205e+00 5.944232e-01 1.143503e+00 3.120784e-01 7.112563e+00 7.104147e+00 6.074488e-01 2.743748e-01 1.491216e+00 
77 1926 0 0 0 1.285053e+00 5.357660e-01 1.140773e+00 3.087596e-01 7.182781e+00 7.254181e+00 6.166336e-01 2.637063e-01 1.505201e+00 
78 1951 0 0 0 1.372023e+00 5.110154e-01 1.132608e+00 3.013720e-01 7.173280e+00 7.268624e+00 5.965854e-01 2.591665e-01 1.517030e+00 
79 1976 0 0 0 1.234764e+00 5.711256e-01 1.165090e+00 3.002418e-01 6.943328e+00 7.293251e+00 5.827646e-01 2.547052e-01 1.550686e+00 
80 2001 0 0 0 1.229557e+00 5.844180e-01 1.204675e+00 2.901756e-01 6.817761e+00 7.409648e+00 5.759876e-01 2.623538e-01 1.558431e+00 
81 2026 0 0 0 1.071478e+00 5.716225e-01 1.202835e+00 2.867170e-01 6.695489e+00 7.428356e+00 5.494118e-01 2.893717e-01 1.577576e+00 
82 2051 0 0 0 1.062002e+00 5.414002e-01 1.177286e+00 2.890320e-01 6.666886e+00 7.462489e+00 5.273110e-01 2.957967e-01 1.603588e+00 
83 2076 0 0 0 1.150890e+00 5.738352e-01 1.214331e+00 2.698008e-01 6.476647e+00 7.650056e+00 5.168919e-01 2.844467e-01 1.641366e+00 
84 2101 0 0 0 1.165243e+00 5.492015e-01 1.197865e+00 2.795460e-01 6.589996e+00 7.780735e+00 4.839515e-01 2.903491e-01 1.625413e+00 
85 2126 0 0 0 1.277796e+00 4.646414e-01 1.138202e+00 2.927528e-01 6.872024e+00 7.701143e+00 5.103990e-01 2.971885e-01 1.589338e+00 
86 2151 0 0 0 1.117362e+00 4.902207e-01 1.162037e+00 2.816173e-01 6.663034e+00 7.611867e+00 4.992768e-01 3.154055e-01 1.601550e+00 
87 2176 0 0 0 1.290546e+00 4.818178e-01 1.163301e+00 2.680985e-01 6.761038e+00 7.660230e+00 4.634056e-01 2.971469e-01 1.619532e+00 
88 2201 0 0 0 1.201604e+00 5.224782e-01 1.182262e+00 2.637066e-01 6.764125e+00 7.570640e+00 4.604809e-01 2.996060e-01 1.616873e+00 
89 2226 0 0 0 1.095529e+00 5.903576e-01 1.184100e+00 2.481935e-01 6.559780e+00 7.657079e+00 4.502275e-01 2.995571e-01 1.630092e+00 
90 2251 0 0 0 1.104586e+00 5.763452e-01 1.185107e+00 2.801509e-01 6.670380e+00 7.890578e+00 4.602537e-01 2.835727e-01 1.646372e+00 
91 2276 0 0 0 1.090705e+00 5.799290e-01 1.199771e+00 3.080448e-01 6.822060e+00 8.202789e+00 4.501828e-01 2.829206e-01 1.645390e+00 
92 2301 0 0 0 1.086384e+00 5.729403e-01 1.182968e+00 3.079803e-01 6.882109e+00 8.284771e+00 4.371709e-01 2.912807e-01 1.650327e+00 
93 2326 0 0 0 1.020718e+00 5.379168e-01 1.168019e+00 2.910415e-01 6.767584e+00 7.885053e+00 4.209658e-01 3.134260e-01 1.665778e+00 
94 2351 0 0 0 1.057741e+00 5.306742e-01 1.132080e+00 2.953128e-01 6.938145e+00 7.957038e+00 4.132639e-01 3.099970e-01 1.650868e+00 
95 2376 0 0 0 1.204042e+00 5.304400e-01 1.151858e+00 2.891782e-01 7.022722e+00 7.669799e+00 4.138005e-01 2.864225e-01 1.641840e+00 
96 2401 0 0 0 1.222486e+00 5.091395e-01 1.116227e+00 3.033562e-01 7.373191e+00 7.645883e+00 4.225386e-01 2.979359e-01 1.597514e+00 
97 2426 0 0 0 1.209440e+00 5.292310e-01 1.133879e+00 3.288880e-01 7.486293e+00 7.589803e+00 4.392913e-01 2.787215e-01 1.599489e+00 
98 2451 0 0 0 1.113041e+00 5.917377e-01 1.163364e+00 2.964692e-01 7.214025e+00 7.156732e+00 4.335928e-01 2.739311e-01 1.625933e+00 
99 2476 0 0 0 1.108924e+00 5.705836e-01 1.140003e+00 3.106709e-01 7.215008e+00 7.550867e+00 4.399137e-01 2.814803e-01 1.629095e+00 
100 2501 0 0 0 1.092011e+00 6.232845e-01 1.158518e+00 3.033926e-01 7.238879e+00 7.367696e+00 3.930794e-01 2.638781e-01 1.655588e+00 
101 2526 0 0 0 1.134695e+00 6.064906e-01 1.143260e+00 3.495799e-01 7.652270e+00 7.316727e+00 4.095423e-01 2.474061e-01 1.629474e+00 
102 2551 0 0 0 1.095468e+00 6.167724e-01 1.156220e+00 3.519459e-01 7.459147e+00 7.792121e+00 3.923735e-01 2.542278e-01 1.653380e+00 
103 2576 0 0 0 1.185559e+00 6.101620e-01 1.136947e+00 3.551732e-01 7.661428e+00 7.697117e+00 4.047479e-01 2.444473e-01 1.628496e+00 
104 2601 0 0 0 1.189241e+00 6.352194e-01 1.161849e+00 3.466914e-01 7.626484e+00 7.550382e+00 4.114536e-01 2.408024e-01 1.637223e+00 
105 2626 0 0 0 1.110901e+00 6.564442e-01 1.172486e+00 3.372906e-01 7.622793e+00 7.462212e+00 3.752248e-01 2.498512e-01 1.649219e+00 
106 2651 0 0 0 1.082059e+00 6.579597e-01 1.188932e+00 3.384916e-01 7.587315e+00 7.223304e+00 3.645618e-01 2.483395e-01 1.663957e+00 
107 2676 0 0 0 1.022210e+00 6.410516e-01 1.168981e+00 3.451446e-01 7.504416e+00 7.424637e+00 3.469533e-01 2.558960e-01 1.664671e+00 
108 2701 0 0 0 1.049761e+00 6.426495e-01 1.184151e+00 3.333100e-01 7.484940e+00 7.193986e+00 3.206434e-01 2.517993e-01 1.684811e+00 
109 2726 0 0 0 1.045923e+00 6.462745e-01 1.184666e+00 3.497261e-01 7.485407e+00 7.487641e+00 3.168126e-01 2.478225e-01 1.696326e+00 
110 2751 0 0 0 1.063255e+00 6.343388e-01 1.163838e+00 3.640352e-01 7.478249e+00 7.794657e+00 3.301318e-01 2.417214e-01 1.681791e+00 
111 2776 0 0 0 1.066789e+00 6.230889e-01 1.172153e+00 3.740700e-01 7.470485e+00 7.857677e+00 3.096784e-01 2.371827e-01 1.696088e+00 
112 2801 0 0 0 1.023630e+00 6.026748e-01 1.162847e+00 3.857474e-01 7.452534e+00 7.681377e+00 3.455254e-01 2.410313e-01 1.682440e+00 
113 2826 0 0 0 1.093085e+00 5.656148e-01 1.143017e+00 3.722131e-01 7.512074e+00 7.692338e+00 3.595378e-01 2.510155e-01 1.665614e+00 
114 2851 0 0 0 1.163165e+00 5.715944e-01 1.140571e+00 3.689069e-01 7.631839e+00 7.952843e+00 3.243725e-01 2.447467e-01 1.678482e+00 
115 2876 0 0 0 1.082924e+00 5.863707e-01 1.135797e+00 3.755208e-01 7.578107e+00 7.943247e+00 3.161191e-01 2.483297e-01 1.682777e+00 
116 2901 0 0 0 1.063544e+00 5.969229e-01 1.167246e+00 3.896593e-01 7.597131e+00 7.708316e+00 2.956944e-01 2.379328e-01 1.695872e+00 
117 2926 0 0 0 1.034463e+00 6.110624e-01 1.168743e+00 3.987392e-01 7.697926e+00 7.649247e+00 2.624973e-01 2.372888e-01 1.698226e+00 
118 2951 0 0 0 1.059585e+00 5.764091e-01 1.152749e+00 3.886547e-01 7.724884e+00 7.686581e+00 2.775085e-01 2.511149e-01 1.682242e+00 
119 2976 0 0 0 1.004387e+00 5.968534e-01 1.148901e+00 3.837061e-01 7.635224e+00 7.569704e+00 2.914774e-01 2.486064e-01 1.663102e+00 
120 3001 0 0 0 1.013466e+00 6.386625e-01 1.163076e+00 3.803337e-01 7.625899e+00 7.816687e+00 2.779834e-01 2.415360e-01 1.676324e+00 
121 3026 0 0 0 9.646373e-01 6.199458e-01 1.146375e+00 3.727079e-01 7.731503e+00 7.499898e+00 2.652790e-01 2.591929e-01 1.676206e+00 
122 3051 0 0 0 9.705593e-01 6.310200e-01 1.151708e+00 3.840467e-01 7.842957e+00 7.535889e+00 2.520690e-01 2.530397e-01 1.673291e+00 
123 3076 0 0 0 1.010816e+00 6.554005e-01 1.162817e+00 3.849971e-01 8.040253e+00 7.363031e+00 2.407427e-01 2.423135e-01 1.673119e+00 
124 3101 0 0 0 9.917421e-01 6.586178e-01 1.162604e+00 3.754002e-01 7.994319e+00 7.506050e+00 2.091518e-01 2.507502e-01 1.682618e+00 
125 3126 0 0 0 9.934487e-01 6.232632e-01 1.146930e+00 3.834179e-01 7.989384e+00 7.617844e+00 2.033560e-01 2.553047e-01 1.682598e+00 
126 3151 0 0 0 1.027034e+00 6.111025e-01 1.141651e+00 3.948583e-01 8.061422e+00 7.715586e+00 1.908569e-01 2.478931e-01 1.694012e+00 
127 3176 0 0 0 1.024240e+00 6.327514e-01 1.129411e+00 3.890180e-01 8.125972e+00 7.885913e+00 1.656372e-01 2.471542e-01 1.688566e+00 
128 3201 0 0 0 1.046149e+00 6.325728e-01 1.123785e+00 3.827329e-01 8.143586e+00 7.710782e+00 1.765449e-01 2.436006e-01 1.681886e+00 
129 3226 0 0 0 1.040333e+00 6.141491e-01 1.121477e+00 3.749907e-01 8.201716e+00 7.571156e+00 1.620320e-01 2.522398e-01 1.673627e+00 
130 3251 0 0 0 1.067179e+00 6.167907e-01 1.096002e+00 3.711876e-01 8.066744e+00 8.099012e+00 1.754161e-01 2.491963e-01 1.668812e+00 
131 3276 0 0 0 1.060321e+00 5.856316e-01 1.093466e+00 3.573701e-01 8.003244e+00 8.140252e+00 1.510673e-01 2.669279e-01 1.685579e+00 
132 3301 0 0 0 1.055083e+00 5.689771e-01 1.072765e+00 3.583271e-01 7.869267e+00 8.526953e+00 1.441738e-01 2.689091e-01 1.694471e+00 
133 3326 0 0 0 1.044911e+00 5.926762e-01 1.105809e+00 3.663501e-01 7.961865e+00 8.227001e+00 1.627515e-01 2.655241e-01 1.688063e+00 
134 3351 0 0 0 1.050347e+00 6.160407e-01 1.108337e+00 3.641782e-01 7.993199e+00 8.247463e+00 1.682522e-01 2.618775e-01 1.687971e+00 
135 3376 0 0 0 1.104972e+00 5.851289e-01 1.091180e+00 3.642306e-01 8.026337e+00 8.385184e+00 1.632606e-01 2.614401e-01 1.689996e+00 
136 3401 0 0 0 1.138606e+00 5.969421e-01 1.079610e+00 3.494045e-01 8.067219e+00 8.408982e+00 1.481447e-01 2.577001e-01 1.693335e+00 
137 3426 0 0 0 1.091331e+00 6.005082e-01 1.088345e+00 3.484312e-01 7.883309e+00 8.530105e+00 1.519351e-01 2.611886e-01 1.699388e+00 
138 3451 0 0 0 1.098978e+00 5.876378e-01 1.078590e+00 3.569348e-01 8.001838e+00 8.541382e+00 1.352325e-01 2.618960e-01 1.698936e+00 
139 3476 0 0 0 1.101765e+00 5.913930e-01 1.067301e+00 3.455556e-01 7.888188e+00 8.733217e+00 1.472734e-01 2.657453e-01 1.696389e+00 
140 3501 0 0 0 1.103813e+00 5.797234e-01 1.073461e+00 3.480188e-01 7.933629e+00 8.582488e+00 1.441931e-01 2.672760e-01 1.697970e+00 
141 3526 0 0 0 1.095564e+00 5.718063e-01 1.078109e+00 3.495658e-01 7.901433e+00 8.471411e+00 1.475923e-01 2.673227e-01 1.697232e+00 
142 3551 0 0 0 1.103871e+00 5.664215e-01 1.086319e+00 3.517570e-01 7.909322e+00 8.383054e+00 1.507883e-01 2.656483e-01 1.701209e+00 
143 3576 0 0 0 1.107781e+00 5.622907e-01 1.085710e+00 3.452523e-01 7.893684e+00 8.354901e+00 1.448701e-01 2.686668e-01 1.707793e+00 
144 3601 0 0 0 1.090363e+00 5.682672e-01 1.098233e+00 3.499808e-01 7.831441e+00 8.395094e+00 1.490393e-01 2.677156e-01 1.711835e+00 
145 3626 0 0 0 1.049519e+00 5.678072e-01 1.103552e+00 3.443360e-01 7.771012e+00 8.243460e+00 1.454548e-01 2.742207e-01 1.715703e+00 
146 3651 0 0 0 1.054566e+00 5.798151e-01 1.103288e+00 3.414852e-01 7.794003e+00 8.251020e+00 1.471916e-01 2.725338e-01 1.716600e+00 
147 3676 0 0 0 1.067756e+00 5.653852e-01 1.093871e+00 3.497758e-01 7.789937e+00 8.482958e+00 1.446420e-01 2.727699e-01 1.718857e+00 
148 3701 0 0 0 1.064128e+00 5.621039e-01 1.098181e+00 3.542056e-01 7.806805e+00 8.454333e+00 1.415472e-01 2.725322e-01 1.717956e+00 
149 3726 0 0 0 1.071252e+00 5.540387e-01 1.092920e+00 3.540049e-01 7.774707e+00 8.514387e+00 1.509181e-01 2.734723e-01 1.718799e+00 
150 3751 0 0 0 1.056120e+00 5.592373e-01 1.089532e+00 3.551639e-01 7.768184e+00 8.538827e+00 1.552150e-01 2.742053e-01 1.716541e+00 
151 3776 0 0 0 1.058856e+00 5.581153e-01 1.088725e+00 3.666632e-01 7.798610e+00 8.626903e+00 1.579981e-01 2.702520e-01 1.715136e+00 
152 3801 0 0 0 1.046996e+00 5.654376e-01 1.099050e+00 3.698906e-01 7.797723e+00 8.552798e+00 1.525501e-01 2.677265e-01 1.720918e+00 
153 3826 0 0 0 1.046499e+00 5.691418e-01 1.107497e+00 3.716712e-01 7.749248e+00 8.542514e+00 1.552878e-01 2.638671e-01 1.722460e+00 
154 3851 0 0 0 1.040247e+00 5.647364e-01 1.109868e+00 3.719025e-01 7.759257e+00 8.421140e+00 1.582834e-01 2.652712e-01 1.719655e+00 
155 3876 0 0 0 1.065817e+00 5.553288e-01 1.104726e+00 3.692369e-01 7.803190e+00 8.413774e+00 1.570795e-01 2.664674e-01 1.719941e+00 
156 3901 0 0 0 1.034282e+00 5.693132e-01 1.115292e+00 3.725378e-01 7.789629e+00 8.330709e+00 1.569456e-01 2.650894e-01 1.723061e+00 
157 3926 0 0 0 1.059375e+00 5.579137e-01 1.107273e+00 3.772832e-01 7.839171e+00 8.419990e+00 1.601241e-01 2.645387e-01 1.720246e+00 
158 3951 0 0 0 1.015024e+00 5.687845e-01 1.108620e+00 3.713739e-01 7.753544e+00 8.403590e+00 1.611685e-01 2.697589e-01 1.721676e+00 
159 3976 0 0 0 1.015306e+00 5.715207e-01 1.115958e+00 3.657844e-01 7.730099e+00 8.282609e+00 1.638090e-01 2.694223e-01 1.721458e+00 
160 4001 0 0 0 1.021506e+00 5.758177e-01 1.115744e+00 3.604546e-01 7.722638e+00 8.273470e+00 1.651594e-01 2.693805e-01 1.722741e+00 
161 4026 0 0 0 1.036035e+00 5.755876e-01 1.110213e+00 3.498848e-01 7.740429e+00 8.234600e+00 1.593529e-01 2.716773e-01 1.722975e+00 
162 4051 0 0 0 1.047789e+00 5.668369e-01 1.109941e+00 3.504545e-01 7.734595e+00 8.281194e+00 1.623429e-01 2.727563e-01 1.723729e+00 
163 4076 0 0 0 1.036085e+00 5.721068e-01 1.111188e+00 3.529893e-01 7.705585e+00 8.310614e+00 1.653466e-01 2.712935e-01 1.723417e+00 
164 4101 0 0 0 1.040594e+00 5.699300e-01 1.114413e+00 3.575191e-01 7.764979e+00 8.233546e+00 1.615945e-01 2.698057e-01 1.723953e+00 
165 4126 0 0 0 1.039740e+00 5.744464e-01 1.113499e+00 3.572268e-01 7.759650e+00 8.253655e+00 1.619724e-01 2.683352e-01 1.723761e+00 
166 4151 0 0 0 1.044399e+00 5.713364e-01 1.114144e+00 3.549217e-01 7.754242e+00 8.233540e+00 1.618810e-01 2.694459e-01 1.724699e+00 
167 4176 0 0 0 1.044372e+00 5.709708e-01 1.114090e+00 3.570004e-01 7.748093e+00 8.253278e+00 1.632740e-01 2.683451e-01 1.724576e+00 
168 4201 0 0 0 1.047324e+00 5.710646e-01 1.113851e+00 3.508488e-01 7.751955e+00 8.181025e+00 1.630164e-01 2.701103e-01 1.724343e+00 
169 4226 0 0 0 1.042848e+00 5.677330e-01 1.114343e+00 3.548002e-01 7.738144e+00 8.190120e+00 1.662107e-01 2.694551e-01 1.723772e+00 
170 4251 0 0 0 1.035052e+00 5.720677e-01 1.114980e+00 3.520872e-01 7.718597e+00 8.197346e+00 1.657257e-01 2.706844e-01 1.724633e+00 
171 4276 0 0 0 1.027242e+00 5.781009e-01 1.117855e+00 3.530814e-01 7.694881e+00 8.189103e+00 1.679919e-01 2.686897e-01 1.725202e+00 
172 4301 0 0 0 1.023023e+00 5.786655e-01 1.119433e+00 3.518404e-01 7.684792e+00 8.164667e+00 1.681364e-01 2.694973e-01 1.725905e+00 
173 4326 0 0 0 1.025096e+00 5.755179e-01 1.118852e+00 3.528996e-01 7.680653e+00 8.171327e+00 1.694485e-01 2.693782e-01 1.725281e+00 
174 4351 0 0 0 1.028414e+00 5.760921e-01 1.116241e+00 3.529295e-01 7.681089e+00 8.218237e+00 1.700219e-01 2.690522e-01 1.725097e+00 
175 4376 0 0 0 1.027501e+00 5.776687e-01 1.113638e+00 3.528275e-01 7.679487e+00 8.265731e+00 1.688106e-01 2.691627e-01 1.725235e+00 
176 4401 0 0 0 1.029451e+00 5.768320e-01 1.115846e+00 3.562252e-01 7.682612e+00 8.275106e+00 1.690101e-01 2.675120e-01 1.725802e+00 
177 4426 0 0 0 1.031141e+00 5.736913e-01 1.117363e+00 3.584417e-01 7.682992e+00 8.256497e+00 1.721549e-01 2.670059e-01 1.725226e+00 
178 4451 0 0 0 1.032208e+00 5.724540e-01 1.117740e+00 3.609037e-01 7.683581e+00 8.282817e+00 1.730976e-01 2.663692e-01 1.724566e+00 
179 4476 0 0 0 1.032022e+00 5.753396e-01 1.118855e+00 3.580023e-01 7.684786e+00 8.256595e+00 1.717788e-01 2.668892e-01 1.725743e+00 
180 4501 0 0 0 1.030252e+00 5.784090e-01 1.118634e+00 3.567525e-01 7.679578e+00 8.257523e+00 1.714034e-01 2.667174e-01 1.725573e+00 
181 4526 0 0 0 1.027917e+00 5.794304e-01 1.121920e+00 3.596852e-01 7.689881e+00 8.233638e+00 1.718159e-01 2.655480e-01 1.725420e+00 
182 4551 0 0 0 1.030299e+00 5.802999e-01 1.121978e+00 3.577736e-01 7.697736e+00 8.226575e+00 1.710246e-01 2.661373e-01 1.724957e+00 
183 4576 0 0 0 1.031700e+00 5.801181e-01 1.119943e+00 3.543313e-01 7.694808e+00 8.252694e+00 1.680641e-01 2.680874e-01 1.725703e+00 
184 4601 0 0 0 1.030013e+00 5.809992e-01 1.121061e+00 3.525742e-01 7.689105e+00 8.225393e+00 1.688763e-01 2.686806e-01 1.726128e+00 
185 4626 0 0 0 1.031379e+00 5.827468e-01 1.121918e+00 3.503536e-01 7.691486e+00 8.209333e+00 1.681645e-01 2.689432e-01 1.726054e+00 
186 4651 0 0 0 1.033501e+00 5.807756e-01 1.121701e+00 3.532563e-01 7.694157e+00 8.226328e+00 1.689713e-01 2.677638e-01 1.725905e+00 
187 4676 0 0 0 1.033207e+00 5.833928e-01 1.122703e+00 3.531785e-01 7.689247e+00 8.217687e+00 1.698901e-01 2.666915e-01 1.726014e+00 
188 4701 0 0 0 1.033812e+00 5.828912e-01 1.124085e+00 3.543809e-01 7.701668e+00 8.185180e+00 1.703209e-01 2.662253e-01 1.725858e+00 
189 4726 0 0 0 1.028713e+00 5.816643e-01 1.122702e+00 3.525680e-01 7.689566e+00 8.173664e+00 1.697533e-01 2.678542e-01 1.725624e+00 
190 4751 0 0 0 1.025349e+00 5.841762e-01 1.122896e+00 3.501121e-01 7.689086e+00 8.165874e+00 1.674042e-01 2.690109e-01 1.726462e+00 
191 4776 0 0 0 1.031752e+00 5.841994e-01 1.123431e+00 3.518517e-01 7.705817e+00 8.180393e+00 1.675789e-01 2.677529e-01 1.726272e+00 
192 4801 0 0 0 1.029604e+00 5.859519e-01 1.125851e+00 3.533584e-01 7.704181e+00 8.154142e+00 1.689071e-01 2.664437e-01 1.726249e+00 
193 4826 0 0 0 1.031305e+00 5.836844e-01 1.125869e+00 3.558617e-01 7.709371e+00 8.168816e+00 1.697015e-01 2.659257e-01 1.726136e+00 
194 4851 0 0 0 1.037878e+00 5.844763e-01 1.128091e+00 3.558268e-01 7.729506e+00 8.122108e+00 1.699751e-01 2.645939e-01 1.726166e+00 
195 4876 0 0 0 1.041083e+00 5.819369e-01 1.126200e+00 3.561716e-01 7.727689e+00 8.157774e+00 1.707795e-01 2.650283e-01 1.725935e+00 
196 4901 0 0 0 1.041106e+00 5.819588e-01 1.125480e+00 3.552779e-01 7.720409e+00 8.167962e+00 1.709157e-01 2.653186e-01 1.725803e+00 
197 4926 0 0 0 1.034316e+00 5.821167e-01 1.124288e+00 3.530709e-01 7.706130e+00 8.151216e+00 1.711288e-01 2.668993e-01 1.725181e+00 
198 4951 0 0 0 1.037905e+00 5.817019e-01 1.125258e+00 3.536164e-01 7.710351e+00 8.156208e+00 1.707923e-01 2.663357e-01 1.726122e+00 
199 4976 0 0 0 1.038085e+00 5.840562e-01 1.127495e+00 3.534453e-01 7.714238e+00 8.140865e+00 1.705637e-01 2.657864e-01 1.726375e+00 
200 5001 0 0 0 1.036070e+00 5.872847e-01 1.129730e+00 3.533999e-01 7.716452e+00 8.113681e+00 1.705745e-01 2.649578e-01 1.726444e+00 
201 5026 0 0 0 1.036742e+00 5.858210e-01 1.130022e+00 3.532743e-01 7.721703e+00 8.098345e+00 1.701964e-01 2.654289e-01 1.726523e+00 
202 5051 0 0 0 1.037785e+00 5.870657e-01 1.130311e+00 3.534488e-01 7.723735e+00 8.107165e+00 1.703394e-01 2.650088e-01 1.726786e+00 
203 5076 0 0 0 1.038583e+00 5.861134e-01 1.129690e+00 3.523886e-01 7.720153e+00 8.099405e+00 1.713880e-01 2.654977e-01 1.726470e+00 
204 5101 0 0 0 1.041926e+00 5.846557e-01 1.130202e+00 3.527465e-01 7.729756e+00 8.090790e+00 1.715259e-01 2.654851e-01 1.726341e+00 
205 5126 0 0 0 1.043545e+00 5.841500e-01 1.129394e+00 3.520033e-01 7.727939e+00 8.106586e+00 1.715515e-01 2.658934e-01 1.726092e+00 
206 5151 0 0 0 1.044225e+00 5.840365e-01 1.128931e+00 3.519811e-01 7.726348e+00 8.116858e+00 1.707337e-01 2.657526e-01 1.726063e+00 
207 5176 0 0 0 1.041599e+00 5.835098e-01 1.127561e+00 3.534466e-01 7.724222e+00 8.148172e+00 1.698734e-01 2.658989e-01 1.726062e+00 
208 5201 0 0 0 1.036955e+00 5.845736e-01 1.126428e+00 3.528282e-01 7.714454e+00 8.172156e+00 1.683367e-01 2.666523e-01 1.726150e+00 
209 5226 0 0 0 1.037221e+00 5.853115e-01 1.126185e+00 3.524477e-01 7.711353e+00 8.184443e+00 1.682971e-01 2.666379e-01 1.726188e+00 
210 5251 0 0 0 1.036769e+00 5.859703e-01 1.125563e+00 3.511393e-01 7.712285e+00 8.186076e+00 1.679904e-01 2.673313e-01 1.726102e+00 
211 5276 0 0 0 1.035071e+00 5.865460e-01 1.124214e+00 3.481198e-01 7.704041e+00 8.180490e+00 1.678159e-01 2.686760e-01 1.725584e+00 
212 5301 0 0 0 1.032330e+00 5.866409e-01 1.123342e+00 3.470919e-01 7.699561e+00 8.186736e+00 1.668846e-01 2.695653e-01 1.725158e+00 
213 5326 0 0 0 1.034277e+00 5.880134e-01 1.123810e+00 3.460033e-01 7.711822e+00 8.165601e+00 1.656635e-01 2.695463e-01 1.725327e+00 
214 5351 0 0 0 1.031757e+00 5.908662e-01 1.123925e+00 3.447608e-01 7.719641e+00 8.144852e+00 1.644089e-01 2.697790e-01 1.725332e+00 
215 5376 0 0 0 1.031527e+00 5.938208e-01 1.125737e+00 3.433206e-01 7.718586e+00 8.119988e+00 1.648558e-01 2.694231e-01 1.725307e+00 
216 5401 0 0 0 1.030442e+00 5.911906e-01 1.124825e+00 3.457227e-01 7.714353e+00 8.140569e+00 1.659946e-01 2.691940e-01 1.725424e+00 
217 5426 0 0 0 1.030218e+00 5.893342e-01 1.122487e+00 3.481914e-01 7.711136e+00 8.199442e+00 1.657522e-01 2.690663e-01 1.725106e+00 
218 5451 0 0 0 1.031203e+00 5.889323e-01 1.125771e+00 3.513776e-01 7.724608e+00 8.163604e+00 1.664190e-01 2.674580e-01 1.725913e+00 
219 5476 0 0 0 1.031758e+00 5.909758e-01 1.127175e+00 3.498886e-01 7.731214e+00 8.145158e+00 1.646086e-01 2.676727e-01 1.726259e+00 
220 5501 0 0 0 1.035469e+00 5.866305e-01 1.127388e+00 3.533425e-01 7.734948e+00 8.153985e+00 1.662435e-01 2.667218e-01 1.726508e+00 
221 5526 0 0 0 1.033151e+00 5.889548e-01 1.126042e+00 3.502025e-01 7.731248e+00 8.149409e+00 1.652260e-01 2.677999e-01 1.726024e+00 
222 5551 0 0 0 1.034851e+00 5.868260e-01 1.126916e+00 3.522098e-01 7.738303e+00 8.144593e+00 1.655034e-01 2.673320e-01 1.726223e+00 
223 5576 0 0 0 1.035206e+00 5.855968e-01 1.126665e+00 3.523051e-01 7.740048e+00 8.148808e+00 1.651765e-01 2.677514e-01 1.726162e+00 
224 5601 0 0 0 1.038157e+00 5.868158e-01 1.126866e+00 3.502670e-01 7.744610e+00 8.145261e+00 1.646191e-01 2.681116e-01 1.725954e+00 
225 5626 0 0 0 1.036402e+00 5.864345e-01 1.126067e+00 3.503290e-01 7.739347e+00 8.155677e+00 1.647346e-01 2.684591e-01 1.725923e+00 
226 5651 0 0 0 1.040832e+00 5.869159e-01 1.126709e+00 3.502971e-01 7.748230e+00 8.157054e+00 1.645644e-01 2.678666e-01 1.725843e+00 
227 5676 0 0 0 1.038529e+00 5.882453e-01 1.127152e+00 3.495047e-01 7.748624e+00 8.148967e+00 1.638389e-01 2.682789e-01 1.725742e+00 
228 5701 0 0 0 1.033979e+00 5.887455e-01 1.128355e+00 3.510930e-01 7.743920e+00 8.149182e+00 1.637560e-01 2.680379e-01 1.725861e+00 
229 5726 0 0 0 1.033063e+00 5.871234e-01 1.130822e+00 3.541885e-01 7.744064e+00 8.136580e+00 1.650734e-01 2.670361e-01 1.725949e+00 
230 5751 0 0 0 1.031074e+00 5.841830e-01 1.131365e+00 3.583412e-01 7.743052e+00 8.148610e+00 1.667621e-01 2.663329e-01 1.726187e+00 
231 5776 0 0 0 1.034912e+00 5.867916e-01 1.131868e+00 3.545411e-01 7.746706e+00 8.125426e+00 1.672415e-01 2.668252e-01 1.725587e+00 
232 5801 0 0 0 1.031439e+00 5.896614e-01 1.135368e+00 3.549119e-01 7.748174e+00 8.089220e+00 1.674047e-01 2.662358e-01 1.725963e+00 
233 5826 0 0 0 1.034490e+00 5.872912e-01 1.132570e+00 3.551928e-01 7.752225e+00 8.116473e+00 1.667466e-01 2.665547e-01 1.725542e+00 
234 5851 0 0 0 1.037760e+00 5.870874e-01 1.135185e+00 3.560917e-01 7.760735e+00 8.084415e+00 1.685233e-01 2.656787e-01 1.725869e+00 
235 5876 0 0 0 1.034983e+00 5.872687e-01 1.133144e+00 3.556947e-01 7.752416e+00 8.118080e+00 1.675731e-01 2.663951e-01 1.725489e+00 
236 5901 0 0 0 1.037876e+00 5.872094e-01 1.135401e+00 3.557217e-01 7.760196e+00 8.093167e+00 1.678246e-01 2.660453e-01 1.725709e+00 
237 5926 0 0 0 1.039577e+00 5.864008e-01 1.137435e+00 3.566998e-01 7.765523e+00 8.068357e+00 1.685892e-01 2.654990e-01 1.726265e+00 
238 5951 0 0 0 1.036067e+00 5.864735e-01 1.136583e+00 3.563176e-01 7.762643e+00 8.060469e+00 1.684191e-01 2.660135e-01 1.726018e+00 
239 5976 0 0 0 1.036629e+00 5.885893e-01 1.135393e+00 3.525267e-01 7.760467e+00 8.054836e+00 1.670606e-01 2.670430e-01 1.725969e+00 
240 6001 0 0 0 1.035330e+00 5.901385e-01 1.138179e+00 3.532853e-01 7.762045e+00 8.049043e+00 1.669604e-01 2.667296e-01 1.726194e+00 
241 6026 0 0 0 1.035344e+00 5.898004e-01 1.136848e+00 3.535152e-01 7.766605e+00 8.053043e+00 1.666594e-01 2.666909e-01 1.725865e+00 
242 6051 0 0 0 1.032019e+00 5.926571e-01 1.135956e+00 3.514968e-01 7.761359e+00 8.054789e+00 1.656658e-01 2.672071e-01 1.725606e+00 
243 6076 0 0 0 1.033345e+00 5.918736e-01 1.134757e+00 3.510463e-01 7.762840e+00 8.055276e+00 1.656821e-01 2.674114e-01 1.725334e+00 
244 6101 0 0 0 1.035334e+00 5.913350e-01 1.132611e+00 3.508989e-01 7.764834e+00 8.081764e+00 1.651489e-01 2.674721e-01 1.725109e+00 
245 6126 0 0 0 1.033698e+00 5.940263e-01 1.132006e+00 3.484623e-01 7.761379e+00 8.072384e+00 1.646416e-01 2.679105e-01 1.725180e+00 
246 6151 0 0 0 1.034721e+00 5.919198e-01 1.134857e+00 3.513670e-01 7.765800e+00 8.050036e+00 1.668562e-01 2.670092e-01 1.725193e+00 
247 6176 0 0 0 1.035695e+00 5.956446e-01 1.135529e+00 3.474304e-01 7.772270e+00 8.034384e+00 1.648711e-01 2.680612e-01 1.725168e+00 
248 6201 0 0 0 1.034665e+00 5.960592e-01 1.135225e+00 3.464909e-01 7.773869e+00 8.026158e+00 1.637912e-01 2.685575e-01 1.725251e+00 
249 6226 0 0 0 1.033908e+00 5.964537e-01 1.134557e+00 3.459294e-01 7.770902e+00 8.015708e+00 1.643764e-01 2.684344e-01 1.724926e+00 
250 6251 0 0 0 1.036398e+00 5.920712e-01 1.133160e+00 3.486077e-01 7.769102e+00 8.037689e+00 1.656248e-01 2.679597e-01 1.724961e+00 
251 6276 0 0 0 1.034969e+00 5.943042e-01 1.132990e+00 3.460094e-01 7.767704e+00 8.034366e+00 1.640439e-01 2.689181e-01 1.724992e+00 
252 6301 0 0 0 1.032090e+00 5.942657e-01 1.132124e+00 3.466576e-01 7.760584e+00 8.046593e+00 1.644030e-01 2.689113e-01 1.724839e+00 
253 6326 0 0 0 1.032626e+00 5.918866e-01 1.132854e+00 3.495324e-01 7.761021e+00 8.044701e+00 1.660884e-01 2.680177e-01 1.724820e+00 
254 6351 0 0 0 1.034803e+00 5.883573e-01 1.131220e+00 3.510528e-01 7.762389e+00 8.061906e+00 1.664334e-01 2.680171e-01 1.724683e+00 
255 6376 0 0 0 1.031529e+00 5.908841e-01 1.131788e+00 3.499802e-01 7.757333e+00 8.062894e+00 1.655429e-01 2.683054e-01 1.724951e+00 
256 6401 0 0 0 1.031766e+00 5.904094e-01 1.130494e+00 3.490754e-01 7.755065e+00 8.071081e+00 1.654354e-01 2.688740e-01 1.724713e+00 
257 6426 0 0 0 1.031250e+00 5.914671e-01 1.131399e+00 3.489206e-01 7.760280e+00 8.065664e+00 1.648927e-01 2.689989e-01 1.724572e+00 
258 6451 0 0 0 1.032419e+00 5.904282e-01 1.132218e+00 3.500970e-01 7.762534e+00 8.065844e+00 1.653881e-01 2.686723e-01 1.724802e+00 
259 6476 0 0 0 1.032080e+00 5.911772e-01 1.133437e+00 3.494489e-01 7.762278e+00 8.044255e+00 1.657389e-01 2.686508e-01 1.724848e+00 
260 6501 0 0 0 1.030705e+00 5.936101e-01 1.134549e+00 3.490310e-01 7.762002e+00 8.040804e+00 1.650268e-01 2.683623e-01 1.725152e+00 
261 6526 0 0 0 1.028144e+00 5.950079e-01 1.134448e+00 3.484286e-01 7.759768e+00 8.039404e+00 1.641682e-01 2.685956e-01 1.725232e+00 
262 6551 0 0 0 1.029006e+00 5.952023e-01 1.135160e+00 3.479118e-01 7.764800e+00 8.018843e+00 1.641488e-01 2.685945e-01 1.725221e+00 
263 6576 0 0 0 1.031201e+00 5.931426e-01 1.133964e+00 3.487012e-01 7.766384e+00 8.027732e+00 1.647732e-01 2.684586e-01 1.725103e+00 
264 6601 0 0 0 1.032259e+00 5.924917e-01 1.132862e+00 3.482706e-01 7.767382e+00 8.034282e+00 1.643063e-01 2.686935e-01 1.725157e+00 
265 6626 0 0 0 1.034243e+00 5.903281e-01 1.132459e+00 3.496551e-01 7.769106e+00 8.041521e+00 1.649169e-01 2.683430e-01 1.725082e+00 
266 6651 0 0 0 1.033937e+00 5.888138e-01 1.131347e+00 3.494867e-01 7.762803e+00 8.046611e+00 1.657303e-01 2.687387e-01 1.724998e+00 
267 6676 0 0 0 1.033108e+00 5.871776e-01 1.130379e+00 3.497949e-01 7.759185e+00 8.045475e+00 1.666550e-01 2.690315e-01 1.724739e+00 
268 6701 0 0 0 1.030470e+00 5.899569e-01 1.130590e+00 3.474514e-01 7.756381e+00 8.042552e+00 1.651759e-01 2.698760e-01 1.724804e+00 
269 6726 0 0 0 1.030830e+00 5.903381e-01 1.131688e+00 3.476991e-01 7.756726e+00 8.028818e+00 1.657562e-01 2.694296e-01 1.724935e+00 
270 6751 0 0 0 1.030860e+00 5.904298e-01 1.132306e+00 3.478373e-01 7.758808e+00 8.020941e+00 1.657885e-01 2.693565e-01 1.725077e+00 
271 6776 0 0 0 1.029840e+00 5.918056e-01 1.134066e+00 3.483184e-01 7.759457e+00 8.013965e+00 1.654355e-01 2.689216e-01 1.725264e+00 
272 6801 0 0 0 1.030654e+00 5.934448e-01 1.134352e+00 3.463556e-01 7.763507e+00 7.999278e+00 1.648009e-01 2.693274e-01 1.725029e+00 
273 6826 0 0 0 1.032777e+00 5.919138e-01 1.134585e+00 3.469548e-01 7.768013e+00 7.991106e+00 1.653332e-01 2.691688e-01 1.724953e+00 
274 6851 0 0 0 1.030402e+00 5.930664e-01 1.134527e+00 3.460327e-01 7.763209e+00 7.988134e+00 1.652787e-01 2.695512e-01 1.725004e+00 
275 6876 0 0 0 1.031111e+00 5.936535e-01 1.134318e+00 3.456083e-01 7.763534e+00 7.995052e+00 1.648616e-01 2.695710e-01 1.725104e+00 
276 6901 0 0 0 1.032083e+00 5.923578e-01 1.132850e+00 3.457912e-01 7.762100e+00 8.008209e+00 1.649912e-01 2.696666e-01 1.725046e+00 
277 6926 0 0 0 1.032895e+00 5.941514e-01 1.134050e+00 3.445922e-01 7.768136e+00 7.986607e+00 1.643315e-01 2.695947e-01 1.725018e+00 
278 6951 0 0 0 1.031425e+00 5.944554e-01 1.133344e+00 3.436977e-01 7.762820e+00 7.984032e+00 1.642625e-01 2.699266e-01 1.725125e+00 
279 6976 0 0 0 1.031774e+00 5.944582e-01 1.134265e+00 3.440549e-01 7.767639e+00 7.975961e+00 1.643372e-01 2.698905e-01 1.725123e+00 
280 7001 0 0 0 1.029727e+00 5.945015e-01 1.133450e+00 3.440738e-01 7.762777e+00 7.986710e+00 1.642923e-01 2.701381e-01 1.725086e+00 
281 7026 0 0 0 1.030527e+00 5.935070e-01 1.132892e+00 3.443127e-01 7.762256e+00 7.991500e+00 1.644167e-01 2.701691e-01 1.725198e+00 
282 7051 0 0 0 1.029819e+00 5.941406e-01 1.132816e+00 3.434061e-01 7.762400e+00 7.990656e+00 1.638622e-01 2.706641e-01 1.725131e+00 
283 7076 0 0 0 1.030982e+00 5.931142e-01 1.132081e+00 3.441689e-01 7.763229e+00 8.001431e+00 1.640059e-01 2.704383e-01 1.725124e+00 
284 7101 0 0 0 1.030439e+00 5.915964e-01 1.132059e+00 3.453344e-01 7.760027e+00 8.005936e+00 1.648033e-01 2.703539e-01 1.725211e+00 
285 7126 0 0 0 1.031274e+00 5.929736e-01 1.132699e+00 3.438866e-01 7.764510e+00 7.988050e+00 1.644035e-01 2.705509e-01 1.725200e+00 
286 7151 0 0 0 1.032260e+00 5.907496e-01 1.131265e+00 3.451849e-01 7.760728e+00 8.005356e+00 1.652131e-01 2.702674e-01 1.725218e+00 
287 7176 0 0 0 1.031882e+00 5.919049e-01 1.131776e+00 3.440443e-01 7.762243e+00 7.995305e+00 1.646321e-01 2.705932e-01 1.725223e+00 
288 7201 0 0 0 1.032540e+00 5.913943e-01 1.131479e+00 3.441775e-01 7.763519e+00 7.994572e+00 1.648756e-01 2.705719e-01 1.725209e+00 
289 7226 0 0 0 1.032424e+00 5.906681e-01 1.130772e+00 3.445586e-01 7.761408e+00 8.004615e+00 1.651827e-01 2.706417e-01 1.725175e+00 
290 7251 0 0 0 1.031984e+00 5.902053e-01 1.130519e+00 3.447147e-01 7.758866e+00 8.006228e+00 1.656794e-01 2.707215e-01 1.725161e+00 
291 7276 0 0 0 1.033494e+00 5.884362e-01 1.129915e+00 3.458671e-01 7.758989e+00 8.018549e+00 1.662082e-01 2.704759e-01 1.725202e+00 
292 7301 0 0 0 1.033661e+00 5.872050e-01 1.129063e+00 3.468463e-01 7.755726e+00 8.030634e+00 1.667450e-01 2.702397e-01 1.725370e+00 
293 7326 0 0 0 1.033115e+00 5.869477e-01 1.129331e+00 3.472676e-01 7.753984e+00 8.028910e+00 1.672680e-01 2.701561e-01 1.725462e+00 
294 7351 0 0 0 1.033629e+00 5.876023e-01 1.129976e+00 3.475198e-01 7.755129e+00 8.030239e+00 1.669686e-01 2.697876e-01 1.725735e+00 
295 7376 0 0 0 1.032587e+00 5.883271e-01 1.130181e+00 3.467861e-01 7.755020e+00 8.025177e+00 1.662082e-01 2.700982e-01 1.725703e+00 
296 7401 0 0 0 1.033015e+00 5.889946e-01 1.129970e+00 3.462872e-01 7.757087e+00 8.028484e+00 1.655388e-01 2.701451e-01 1.725582e+00 
297 7426 0 0 0 1.032870e+00 5.877172e-01 1.128990e+00 3.467422e-01 7.755975e+00 8.035424e+00 1.660247e-01 2.703449e-01 1.725482e+00 
298 7451 0 0 0 1.033422e+00 5.871630e-01 1.128016e+00 3.468371e-01 7.755466e+00 8.044936e+00 1.661253e-01 2.703849e-01 1.725399e+00 
299 7476 0 0 0 1.033664e+00 5.857568e-01 1.126876e+00 3.473228e-01 7.753212e+00 8.054820e+00 1.663833e-01 2.704510e-01 1.725413e+00 
300 7501 0 0 0 1.033571e+00 5.871188e-01 1.127174e+00 3.464004e-01 7.756204e+00 8.051142e+00 1.655543e-01 2.706692e-01 1.725351e+00 
301 7526 0 0 0 1.034331e+00 5.867079e-01 1.126826e+00 3.460241e-01 7.757901e+00 8.050487e+00 1.653999e-01 2.708923e-01 1.725131e+00 
302 7551 0 0 0 1.034771e+00 5.858637e-01 1.126410e+00 3.461412e-01 7.755253e+00 8.051215e+00 1.656050e-01 2.708136e-01 1.725222e+00 
303 7576 0 0 0 1.032905e+00 5.886930e-01 1.127774e+00 3.442958e-01 7.755387e+00 8.033965e+00 1.644733e-01 2.711681e-01 1.725354e+00 
304 7601 0 0 0 1.033231e+00 5.886255e-01 1.127993e+00 3.447111e-01 7.755509e+00 8.034314e+00 1.646208e-01 2.709034e-01 1.725523e+00 
305 7626 0 0 0 1.032947e+00 5.873092e-01 1.127243e+00 3.450230e-01 7.753951e+00 8.037659e+00 1.649828e-01 2.711086e-01 1.725279e+00 
306 7651 0 0 0 1.034276e+00 5.876598e-01 1.128518e+00 3.448975e-01 7.760522e+00 8.025603e+00 1.647293e-01 2.710931e-01 1.725507e+00 
307 7676 0 0 0 1.034658e+00 5.877647e-01 1.127475e+00 3.447304e-01 7.760054e+00 8.037165e+00 1.642641e-01 2.710251e-01 1.725231e+00 
308 7701 0 0 0 1.034252e+00 5.897499e-01 1.128531e+00 3.435612e-01 7.761997e+00 8.022331e+00 1.639271e-01 2.711126e-01 1.725385e+00 
309 7726 0 0 0 1.034901e+00 5.887174e-01 1.128044e+00 3.444576e-01 7.758803e+00 8.032167e+00 1.646076e-01 2.707677e-01 1.725509e+00 
310 7751 0 0 0 1.035060e+00 5.888197e-01 1.127921e+00 3.450459e-01 7.758230e+00 8.041737e+00 1.644662e-01 2.704753e-01 1.725668e+00 
311 7776 0 0 0 1.033817e+00 5.897445e-01 1.126835e+00 3.438926e-01 7.753999e+00 8.050494e+00 1.639392e-01 2.709088e-01 1.725540e+00 
312 7801 0 0 0 1.035257e+00 5.876389e-01 1.126988e+00 3.454291e-01 7.755858e+00 8.050844e+00 1.648566e-01 2.705614e-01 1.725656e+00 
313 7826 0 0 0 1.034882e+00 5.864774e-01 1.125979e+00 3.463752e-01 7.753568e+00 8.065881e+00 1.653996e-01 2.705517e-01 1.725726e+00 
314 7851 0 0 0 1.035618e+00 5.857499e-01 1.125586e+00 3.471323e-01 7.754943e+00 8.072186e+00 1.653692e-01 2.702745e-01 1.725781e+00 
315 7876 0 0 0 1.035756e+00 5.841629e-01 1.124799e+00 3.483512e-01 7.751731e+00 8.084785e+00 1.661445e-01 2.700697e-01 1.725847e+00 
316 7901 0 0 0 1.035334e+00 5.861082e-01 1.125700e+00 3.476441e-01 7.752260e+00 8.073307e+00 1.655582e-01 2.697294e-01 1.725918e+00 
317 7926 0 0 0 1.035487e+00 5.861701e-01 1.125329e+00 3.469412e-01 7.753628e+00 8.073475e+00 1.652185e-01 2.701568e-01 1.725947e+00 
318 7951 0 0 0 1.034532e+00 5.877047e-01 1.126112e+00 3.457995e-01 7.755430e+00 8.062747e+00 1.642132e-01 2.704636e-01 1.726122e+00 
319 7976 0 0 0 1.035113e+00 5.893751e-01 1.126962e+00 3.446541e-01 7.760010e+00 8.051985e+00 1.632841e-01 2.705179e-01 1.726078e+00 
320 8001 0 0 0 1.035740e+00 5.896450e-01 1.127366e+00 3.443968e-01 7.760437e+00 8.047637e+00 1.633291e-01 2.704685e-01 1.726206e+00 
321 8026 0 0 0 1.034851e+00 5.885456e-01 1.127099e+00 3.455170e-01 7.759435e+00 8.054540e+00 1.637491e-01 2.704379e-01 1.726250e+00 
322 8051 0 0 0 1.034246e+00 5.883969e-01 1.126914e+00 3.456290e-01 7.756777e+00 8.054877e+00 1.640497e-01 2.703949e-01 1.726173e+00 
323 8076 0 0 0 1.034640e+00 5.873331e-01 1.126127e+00 3.461135e-01 7.754327e+00 8.063862e+00 1.645224e-01 2.703490e-01 1.726044e+00 
324 8101 0 0 0 1.034731e+00 5.882578e-01 1.126542e+00 3.458659e-01 7.757228e+00 8.059025e+00 1.640545e-01 2.702106e-01 1.725958e+00 
325 8126 0 0 0 1.034916e+00 5.885815e-01 1.127185e+00 3.461144e-01 7.759560e+00 8.056244e+00 1.638291e-01 2.700394e-01 1.726051e+00 
326 8151 0 0 0 1.034642e+00 5.879385e-01 1.126706e+00 3.467004e-01 7.757264e+00 8.060745e+00 1.642662e-01 2.698702e-01 1.726114e+00 
327 8176 0 0 0 1.034966e+00 5.867565e-01 1.125764e+00 3.475744e-01 7.757539e+00 8.071859e+00 1.644188e-01 2.697611e-01 1.726072e+00 
328 8201 0 0 0 1.035897e+00 5.878851e-01 1.126522e+00 3.461957e-01 7.759710e+00 8.057924e+00 1.641429e-01 2.699727e-01 1.726040e+00 
329 8226 0 0 0 1.035948e+00 5.872346e-01 1.125728e+00 3.466643e-01 7.757129e+00 8.070275e+00 1.644175e-01 2.698921e-01 1.725867e+00 
330 8251 0 0 0 1.036173e+00 5.861411e-01 1.124932e+00 3.471725e-01 7.756146e+00 8.077475e+00 1.648596e-01 2.699572e-01 1.725930e+00 
331 8276 0 0 0 1.037118e+00 5.856978e-01 1.125633e+00 3.472418e-01 7.759382e+00 8.068612e+00 1.651022e-01 2.700045e-01 1.725879e+00 
332 8301 0 0 0 1.036945e+00 5.860350e-01 1.125852e+00 3.471965e-01 7.758964e+00 8.070485e+00 1.649892e-01 2.700047e-01 1.725837e+00 
333 8326 0 0 0 1.037710e+00 5.868037e-01 1.126325e+00 3.464524e-01 7.762990e+00 8.060049e+00 1.643146e-01 2.700370e-01 1.725937e+00 
334 8351 0 0 0 1.037818e+00 5.864518e-01 1.125606e+00 3.461269e-01 7.762767e+00 8.063877e+00 1.642665e-01 2.703099e-01 1.725775e+00 
335 8376 0 0 0 1.037979e+00 5.863073e-01 1.126186e+00 3.461644e-01 7.765299e+00 8.054354e+00 1.642674e-01 2.703325e-01 1.725818e+00 
336 8401 0 0 0 1.036504e+00 5.876929e-01 1.126767e+00 3.454072e-01 7.764621e+00 8.047158e+00 1.637113e-01 2.705193e-01 1.725873e+00 
337 8426 0 0 0 1.036469e+00 5.876710e-01 1.127282e+00 3.453760e-01 7.764553e+00 8.040306e+00 1.640999e-01 2.705526e-01 1.725867e+00 
338 8451 0 0 0 1.036111e+00 5.872929e-01 1.126870e+00 3.455956e-01 7.762385e+00 8.044749e+00 1.642741e-01 2.705474e-01 1.725950e+00 
339 8476 0 0 0 1.036267e+00 5.879388e-01 1.127180e+00 3.453696e-01 7.762812e+00 8.041574e+00 1.639891e-01 2.703821e-01 1.726161e+00 
340 8501 0 0 0 1.034519e+00 5.889018e-01 1.127038e+00 3.449140e-01 7.759118e+00 8.045035e+00 1.637866e-01 2.705611e-01 1.726190e+00 
341 8526 0 0 0 1.034997e+00 5.878612e-01 1.126920e+00 3.454975e-01 7.756578e+00 8.042948e+00 1.646401e-01 2.703147e-01 1.726296e+00 
342 8551 0 0 0 1.036023e+00 5.873717e-01 1.126462e+00 3.455447e-01 7.758087e+00 8.043506e+00 1.647701e-01 2.702647e-01 1.726168e+00 
343 8576 0 0 0 1.037116e+00 5.869137e-01 1.126519e+00 3.458653e-01 7.759118e+00 8.040942e+00 1.651134e-01 2.700082e-01 1.726251e+00 
344 8601 0 0 0 1.037183e+00 5.873812e-01 1.126257e+00 3.449385e-01 7.758796e+00 8.038624e+00 1.647776e-01 2.702766e-01 1.726309e+00 
345 8626 0 0 0 1.036317e+00 5.878840e-01 1.125988e+00 3.447135e-01 7.756374e+00 8.044337e+00 1.647109e-01 2.703794e-01 1.726253e+00 
346 8651 0 0 0 1.037391e+00 5.872453e-01 1.124941e+00 3.445618e-01 7.755818e+00 8.050211e+00 1.648095e-01 2.703879e-01 1.726330e+00 
347 8676 0 0 0 1.037742e+00 5.873282e-01 1.125941e+00 3.450404e-01 7.756752e+00 8.043877e+00 1.651173e-01 2.700628e-01 1.726374e+00 
348 8701 0 0 0 1.037479e+00 5.873999e-01 1.126804e+00 3.454255e-01 7.759350e+00 8.043837e+00 1.649271e-01 2.701535e-01 1.726303e+00 
349 8726 0 0 0 1.037892e+00 5.869053e-01 1.126718e+00 3.458076e-01 7.760774e+00 8.049239e+00 1.648407e-01 2.701756e-01 1.726016e+00 
350 8751 0 0 0 1.036892e+00 5.870937e-01 1.126454e+00 3.458322e-01 7.758386e+00 8.055612e+00 1.648621e-01 2.702964e-01 1.725985e+00 
351 8776 0 0 0 1.036691e+00 5.890515e-01 1.127285e+00 3.450759e-01 7.762218e+00 8.046936e+00 1.638405e-01 2.701683e-01 1.725902e+00 
352 8801 0 0 0 1.034829e+00 5.909991e-01 1.128427e+00 3.439504e-01 7.761236e+00 8.036166e+00 1.633025e-01 2.705079e-01 1.726018e+00 
353 8826 0 0 0 1.035417e+00 5.910553e-01 1.129188e+00 3.438832e-01 7.760780e+00 8.034004e+00 1.636005e-01 2.705018e-01 1.726176e+00 
354 8851 0 0 0 1.036873e+00 5.910274e-01 1.128586e+00 3.442271e-01 7.762410e+00 8.035189e+00 1.636774e-01 2.698955e-01 1.726235e+00 
355 8876 0 0 0 1.035891e+00 5.927904e-01 1.130156e+00 3.435711e-01 7.767250e+00 8.028332e+00 1.626102e-01 2.702319e-01 1.726023e+00 
356 8901 0 0 0 1.035608e+00 5.928193e-01 1.129715e+00 3.431237e-01 7.762403e+00 8.030932e+00 1.628852e-01 2.703136e-01 1.726110e+00 
357 8926 0 0 0 1.034547e+00 5.932726e-01 1.130900e+00 3.435662e-01 7.763443e+00 8.031779e+00 1.626984e-01 2.703786e-01 1.725929e+00 
358 8951 0 0 0 1.034955e+00 5.939473e-01 1.131397e+00 3.429997e-01 7.764428e+00 8.022532e+00 1.624862e-01 2.703177e-01 1.726097e+00 
359 8976 0 0 0 1.034357e+00 5.935257e-01 1.132032e+00 3.442491e-01 7.765426e+00 8.028238e+00 1.626127e-01 2.700996e-01 1.725956e+00 
360 9001 0 0 0 1.035067e+00 5.926237e-01 1.131696e+00 3.443580e-01 7.765801e+00 8.024767e+00 1.629702e-01 2.701275e-01 1.726007e+00 
361 9026 0 0 0 1.035125e+00 5.917933e-01 1.131055e+00 3.448315e-01 7.765114e+00 8.029186e+00 1.633513e-01 2.700986e-01 1.725880e+00 
362 9051 0 0 0 1.035590e+00 5.915653e-01 1.131288e+00 3.448448e-01 7.766657e+00 8.024350e+00 1.633895e-01 2.700905e-01 1.726001e+00 
363 9076 0 0 0 1.035088e+00 5.916146e-01 1.131184e+00 3.446710e-01 7.765911e+00 8.026970e+00 1.633089e-01 2.703082e-01 1.725838e+00 
364 9101 0 0 0 1.035355e+00 5.913825e-01 1.131125e+00 3.448224e-01 7.766802e+00 8.023664e+00 1.635295e-01 2.702079e-01 1.725744e+00 
365 9126 0 0 0 1.035496e+00 5.917937e-01 1.130951e+00 3.444473e-01 7.768079e+00 8.020451e+00 1.632675e-01 2.701942e-01 1.725634e+00 
366 9151 0 0 0 1.034470e+00 5.928840e-01 1.131728e+00 3.437945e-01 7.766413e+00 8.014747e+00 1.629695e-01 2.703703e-01 1.725819e+00 
367 9176 0 0 0 1.033957e+00 5.921223e-01 1.131643e+00 3.442034e-01 7.764278e+00 8.017064e+00 1.634596e-01 2.704849e-01 1.725808e+00 
368 9201 0 0 0 1.033994e+00 5.924053e-01 1.132049e+00 3.439830e-01 7.765684e+00 8.013928e+00 1.631816e-01 2.705843e-01 1.725886e+00 
369 9226 0 0 0 1.034147e+00 5.921989e-01 1.132034e+00 3.441832e-01 7.765688e+00 8.016870e+00 1.632395e-01 2.705584e-01 1.725776e+00 
370 9251 0 0 0 1.035149e+00 5.909483e-01 1.131274e+00 3.448901e-01 7.765930e+00 8.022953e+00 1.637398e-01 2.703957e-01 1.725733e+00 
371 9276 0 0 0 1.035926e+00 5.905821e-01 1.131292e+00 3.451432e-01 7.768691e+00 8.021778e+00 1.637485e-01 2.703203e-01 1.725688e+00 
372 9301 0 0 0 1.036211e+00 5.908442e-01 1.131666e+00 3.449905e-01 7.770989e+00 8.017536e+00 1.634964e-01 2.703474e-01 1.725784e+00 
373 9326 0 0 0 1.035459e+00 5.915356e-01 1.132168e+00 3.450024e-01 7.772709e+00 8.021075e+00 1.628647e-01 2.704786e-01 1.725742e+00 
374 9351 0 0 0 1.033922e+00 5.929733e-01 1.132270e+00 3.441002e-01 7.770678e+00 8.021417e+00 1.622469e-01 2.707508e-01 1.725684e+00 
375 9376 0 0 0 1.034974e+00 5.927025e-01 1.132159e+00 3.445995e-01 7.772728e+00 8.021198e+00 1.623138e-01 2.703517e-01 1.725761e+00 
376 9401 0 0 0 1.036178e+00 5.920326e-01 1.131622e+00 3.444338e-01 7.771659e+00 8.021051e+00 1.626072e-01 2.702832e-01 1.725865e+00 
377 9426 0 0 0 1.036983e+00 5.918428e-01 1.131215e+00 3.443484e-01 7.771613e+00 8.022065e+00 1.626283e-01 2.701561e-01 1.725938e+00 
378 9451 0 0 0 1.036065e+00 5.928190e-01 1.132526e+00 3.439351e-01 7.771693e+00 8.011871e+00 1.624342e-01 2.702804e-01 1.726003e+00 
379 9476 0 0 0 1.036651e+00 5.924744e-01 1.132060e+00 3.441732e-01 7.772433e+00 8.017975e+00 1.622988e-01 2.701835e-01 1.725941e+00 
380 9501 0 0 0 1.036456e+00 5.935774e-01 1.132619e+00 3.435878e-01 7.773365e+00 8.010279e+00 1.619479e-01 2.701477e-01 1.725927e+00 
381 9526 0 0 0 1.037142e+00 5.940586e-01 1.132787e+00 3.434754e-01 7.775466e+00 8.009680e+00 1.615213e-01 2.699634e-01 1.726118e+00 
382 9551 0 0 0 1.036940e+00 5.930795e-01 1.132232e+00 3.443071e-01 7.774336e+00 8.018579e+00 1.620241e-01 2.699208e-01 1.725922e+00 
383 9576 0 0 0 1.037095e+00 5.934861e-01 1.132187e+00 3.440073e-01 7.774233e+00 8.015917e+00 1.618672e-01 2.698244e-01 1.725933e+00 
384 9601 0 0 0 1.037611e+00 5.923409e-01 1.131588e+00 3.448124e-01 7.774516e+00 8.024193e+00 1.623315e-01 2.697363e-01 1.725693e+00 
385 9626 0 0 0 1.037138e+00 5.931144e-01 1.132313e+00 3.443625e-01 7.774001e+00 8.016864e+00 1.621869e-01 2.697787e-01 1.725823e+00 
386 9651 0 0 0 1.037427e+00 5.938873e-01 1.132325e+00 3.439300e-01 7.774093e+00 8.012104e+00 1.619136e-01 2.695551e-01 1.725940e+00 
387 9676 0 0 0 1.037258e+00 5.943051e-01 1.132212e+00 3.436366e-01 7.773047e+00 8.011917e+00 1.617704e-01 2.695225e-01 1.726006e+00 
388 9701 0 0 0 1.037404e+00 5.941109e-01 1.132246e+00 3.435287e-01 7.772960e+00 8.008414e+00 1.619270e-01 2.695704e-01 1.726034e+00 
389 9726 0 0 0 1.038089e+00 5.935016e-01 1.131600e+00 3.436582e-01 7.772474e+00 8.010354e+00 1.621454e-01 2.694681e-01 1.726063e+00 
390 9751 0 0 0 1.037899e+00 5.930096e-01 1.131482e+00 3.438734e-01 7.772676e+00 8.013397e+00 1.621844e-01 2.696405e-01 1.726060e+00 
391 9776 0 0 0 1.037287e+00 5.933647e-01 1.131612e+00 3.437477e-01 7.772500e+00 8.013172e+00 1.620071e-01 2.697211e-01 1.726050e+00 
392 9801 0 0 0 1.036855e+00 5.943935e-01 1.132234e+00 3.432883e-01 7.772892e+00 8.006935e+00 1.616300e-01 2.696956e-01 1.726203e+00 
393 9826 0 0 0 1.036839e+00 5.936578e-01 1.131675e+00 3.435559e-01 7.771556e+00 8.011071e+00 1.620799e-01 2.697536e-01 1.726067e+00 
394 9851 0 0 0 1.037498e+00 5.936663e-01 1.131610e+00 3.436680e-01 7.773414e+00 8.012026e+00 1.619843e-01 2.696154e-01 1.725980e+00 
395 9876 0 0 0 1.037518e+00 5.935472e-01 1.131433e+00 3.437298e-01 7.773007e+00 8.012908e+00 1.621088e-01 2.695943e-01 1.725919e+00 
396 9901 0 0 0 1.038046e+00 5.930387e-01 1.131250e+00 3.439410e-01 7.773875e+00 8.013576e+00 1.622651e-01 2.695753e-01 1.725892e+00 
397 9926 0 0 0 1.038230e+00 5.924360e-01 1.130806e+00 3.440500e-01 7.773937e+00 8.015765e+00 1.622999e-01 2.696728e-01 1.725939e+00 
398 9951 0 0 0 1.037655e+00 5.927896e-01 1.131210e+00 3.439615e-01 7.773019e+00 8.013558e+00 1.622866e-01 2.697056e-01 1.725963e+00 
399 9976 0 0 0 1.037946e+00 5.932641e-01 1.131035e+00 3.436588e-01 7.773122e+00 8.012069e+00 1.621230e-01 2.695610e-01 1.725975e+00 
400 10001 0 0 0 1.037580e+00 5.929176e-01 1.130806e+00 3.438325e-01 7.771405e+00 8.015789e+00 1.623666e-01 2.696245e-01 1.725891e+00 
401 10026 0 0 0 1.037371e+00 5.933286e-01 1.130978e+00 3.435524e-01 7.771640e+00 8.014963e+00 1.622578e-01 2.697301e-01 1.725827e+00 
402 10051 0 0 0 1.036957e+00 5.939916e-01 1.131231e+00 3.430196e-01 7.770837e+00 8.008712e+00 1.620603e-01 2.697635e-01 1.725949e+00 
403 10076 0 0 0 1.037507e+00 5.934339e-01 1.130864e+00 3.434635e-01 7.771574e+00 8.013790e+00 1.621329e-01 2.696471e-01 1.725907e+00 
404 10101 0 0 0 1.037864e+00 5.929329e-01 1.130691e+00 3.437768e-01 7.772383e+00 8.015688e+00 1.623727e-01 2.696328e-01 1.725760e+00 
405 10126 0 0 0 1.037729e+00 5.933660e-01 1.130920e+00 3.437774e-01 7.772934e+00 8.014998e+00 1.621908e-01 2.695272e-01 1.725729e+00 
406 10151 0 0 0 1.037439e+00 5.941523e-01 1.131778e+00 3.433319e-01 7.774188e+00 8.005167e+00 1.621000e-01 2.696053e-01 1.725730e+00 
407 10176 0 0 0 1.037025e+00 5.938772e-01 1.131616e+00 3.437470e-01 7.773713e+00 8.011695e+00 1.620619e-01 2.696203e-01 1.725701e+00 
408 10201 0 0 0 1.036674e+00 5.945799e-01 1.132376e+00 3.433687e-01 7.773678e+00 8.005266e+00 1.618844e-01 2.696731e-01 1.725801e+00 
409 10226 0 0 0 1.036611e+00 5.946247e-01 1.132732e+00 3.435980e-01 7.773530e+00 8.004107e+00 1.618841e-01 2.695469e-01 1.725932e+00 
410 10251 0 0 0 1.036460e+00 5.949785e-01 1.132892e+00 3.433460e-01 7.773703e+00 8.001202e+00 1.617446e-01 2.695830e-01 1.725931e+00 
411 10276 0 0 0 1.036520e+00 5.948918e-01 1.133135e+00 3.433983e-01 7.773810e+00 7.998946e+00 1.618204e-01 2.695792e-01 1.725987e+00 
412 10301 0 0 0 1.036842e+00 5.957281e-01 1.134020e+00 3.431068e-01 7.775948e+00 7.989452e+00 1.615275e-01 2.694219e-01 1.726117e+00 
413 10326 0 0 0 1.036867e+00 5.950574e-01 1.133496e+00 3.436086e-01 7.774382e+00 7.995906e+00 1.619730e-01 2.693331e-01 1.725947e+00 
414 10351 0 0 0 1.036963e+00 5.954380e-01 1.133395e+00 3.431874e-01 7.773710e+00 7.993569e+00 1.618107e-01 2.693193e-01 1.726071e+00 
415 10376 0 0 0 1.036948e+00 5.955725e-01 1.133006e+00 3.430475e-01 7.772666e+00 7.994299e+00 1.617462e-01 2.692249e-01 1.726119e+00 
416 10401 0 0 0 1.037451e+00 5.950365e-01 1.131836e+00 3.431857e-01 7.771376e+00 8.003377e+00 1.619066e-01 2.691221e-01 1.725968e+00 
417 10426 0 0 0 1.038222e+00 5.951343e-01 1.131860e+00 3.430760e-01 7.771671e+00 8.000252e+00 1.619744e-01 2.689267e-01 1.725989e+00 
418 10451 0 0 0 1.038606e+00 5.952598e-01 1.132193e+00 3.429903e-01 7.773736e+00 7.999224e+00 1.617516e-01 2.689877e-01 1.726035e+00 
419 10476 0 0 0 1.039159e+00 5.953678e-01 1.131343e+00 3.426869e-01 7.772322e+00 8.003743e+00 1.615856e-01 2.688275e-01 1.726138e+00 
420 10501 0 0 0 1.038491e+00 5.962584e-01 1.132611e+00 3.421974e-01 7.771274e+00 7.989424e+00 1.615170e-01 2.688118e-01 1.726425e+00 
421 10526 0 0 0 1.038844e+00 5.969308e-01 1.133444e+00 3.417700e-01 7.773594e+00 7.979651e+00 1.611198e-01 2.687843e-01 1.726577e+00 
422 10551 0 0 0 1.040135e+00 5.959096e-01 1.133037e+00 3.427860e-01 7.774877e+00 7.988676e+00 1.615007e-01 2.684206e-01 1.726443e+00 
423 10576 0 0 0 1.040342e+00 5.977445e-01 1.134121e+00 3.417562e-01 7.775635e+00 7.972745e+00 1.608920e-01 2.681617e-01 1.726718e+00 
424 10601 0 0 0 1.040492e+00 5.985360e-01 1.134572e+00 3.412988e-01 7.775975e+00 7.966021e+00 1.605812e-01 2.680331e-01 1.726876e+00 
425 10626 0 0 0 1.039797e+00 5.999588e-01 1.135855e+00 3.406592e-01 7.779498e+00 7.952801e+00 1.601029e-01 2.681933e-01 1.726739e+00 
426 10651 0 0 0 1.039311e+00 5.998703e-01 1.134602e+00 3.406207e-01 7.777161e+00 7.963351e+00 1.600157e-01 2.682005e-01 1.726582e+00 
427 10676 0 0 0 1.038608e+00 6.007324e-01 1.135729e+00 3.400769e-01 7.778061e+00 7.952843e+00 1.597773e-01 2.684192e-01 1.726730e+00 
428 10701 0 0 0 1.037815e+00 6.017268e-01 1.136265e+00 3.392025e-01 7.777556e+00 7.943040e+00 1.594514e-01 2.686301e-01 1.726827e+00 
429 10726 0 0 0 1.038502e+00 6.009876e-01 1.136104e+00 3.399120e-01 7.778992e+00 7.948633e+00 1.596301e-01 2.684772e-01 1.726698e+00 
430 10751 0 0 0 1.039113e+00 6.016812e-01 1.135940e+00 3.392842e-01 7.779431e+00 7.942447e+00 1.593551e-01 2.682898e-01 1.726772e+00 
431 10776 0 0 0 1.039500e+00 6.021435e-01 1.135864e+00 3.386969e-01 7.781082e+00 7.935869e+00 1.590043e-01 2.683091e-01 1.726869e+00 
432 10801 0 0 0 1.040551e+00 6.024531e-01 1.136043e+00 3.388431e-01 7.784623e+00 7.933721e+00 1.585007e-01 2.679482e-01 1.727011e+00 
433 10826 0 0 0 1.040560e+00 6.039573e-01 1.136592e+00 3.379349e-01 7.786399e+00 7.926159e+00 1.578092e-01 2.679214e-01 1.727031e+00 
434 10851 0 0 0 1.040271e+00 6.033020e-01 1.136392e+00 3.380319e-01 7.786058e+00 7.926099e+00 1.581271e-01 2.681791e-01 1.726961e+00 
435 10876 0 0 0 1.040180e+00 6.023686e-01 1.135069e+00 3.385479e-01 7.785230e+00 7.942162e+00 1.583479e-01 2.682963e-01 1.726588e+00 
436 10901 0 0 0 1.038738e+00 6.021689e-01 1.134928e+00 3.385667e-01 7.781424e+00 7.948268e+00 1.585616e-01 2.686392e-01 1.726586e+00 
437 10926 0 0 0 1.039155e+00 6.017402e-01 1.134872e+00 3.385666e-01 7.782049e+00 7.946863e+00 1.588098e-01 2.687399e-01 1.726509e+00 
438 10951 0 0 0 1.038982e+00 6.007010e-01 1.133714e+00 3.391221e-01 7.777034e+00 7.959371e+00 1.594375e-01 2.686222e-01 1.726456e+00 
439 10976 0 0 0 1.038257e+00 6.001224e-01 1.133502e+00 3.393049e-01 7.773471e+00 7.963087e+00 1.600310e-01 2.688106e-01 1.726307e+00 
440 11001 0 0 0 1.038463e+00 6.019587e-01 1.135331e+00 3.388328e-01 7.777097e+00 7.945371e+00 1.594331e-01 2.684493e-01 1.726495e+00 
441 11026 0 0 0 1.039849e+00 6.011081e-01 1.134114e+00 3.391937e-01 7.778780e+00 7.952329e+00 1.593996e-01 2.682070e-01 1.726453e+00 
442 11051 0 0 0 1.040216e+00 6.002578e-01 1.132834e+00 3.395091e-01 7.778453e+00 7.962743e+00 1.595112e-01 2.682157e-01 1.726277e+00 
443 11076 0 0 0 1.040537e+00 5.996605e-01 1.131679e+00 3.395826e-01 7.777057e+00 7.970826e+00 1.596005e-01 2.681957e-01 1.726183e+00 
444 11101 0 0 0 1.040162e+00 6.005912e-01 1.132378e+00 3.391671e-01 7.779842e+00 7.965477e+00 1.590949e-01 2.683378e-01 1.726107e+00 
445 11126 0 0 0 1.039831e+00 6.015822e-01 1.133659e+00 3.386841e-01 7.779910e+00 7.954085e+00 1.589841e-01 2.683499e-01 1.726321e+00 
446 11151 0 0 0 1.039780e+00 6.030584e-01 1.134414e+00 3.376496e-01 7.780609e+00 7.937780e+00 1.585276e-01 2.682331e-01 1.726515e+00 
447 11176 0 0 0 1.039130e+00 6.027077e-01 1.134253e+00 3.377666e-01 7.779605e+00 7.938255e+00 1.588007e-01 2.684091e-01 1.726412e+00 
448 11201 0 0 0 1.038708e+00 6.025930e-01 1.133644e+00 3.378200e-01 7.777211e+00 7.942883e+00 1.588176e-01 2.683576e-01 1.726431e+00 
449 11226 0 0 0 1.038139e+00 6.034540e-01 1.135215e+00 3.373404e-01 7.777002e+00 7.928317e+00 1.588277e-01 2.684587e-01 1.726658e+00 
450 11251 0 0 0 1.038398e+00 6.033471e-01 1.134737e+00 3.373152e-01 7.776576e+00 7.934307e+00 1.588188e-01 2.684646e-01 1.726609e+00 
451 11276 0 0 0 1.038972e+00 6.043801e-01 1.135385e+00 3.366770e-01 7.779293e+00 7.920539e+00 1.583873e-01 2.682658e-01 1.726727e+00 
452 11301 0 0 0 1.038506e+00 6.045798e-01 1.135222e+00 3.363778e-01 7.778719e+00 7.920227e+00 1.583006e-01 2.684291e-01 1.726735e+00 
453 11326 0 0 0 1.038628e+00 6.032345e-01 1.133894e+00 3.370137e-01 7.776805e+00 7.933074e+00 1.587016e-01 2.684558e-01 1.726590e+00 
454 11351 0 0 0 1.038755e+00 6.030053e-01 1.133118e+00 3.372084e-01 7.775761e+00 7.940227e+00 1.587511e-01 2.683283e-01 1.726543e+00 
455 11376 0 0 0 1.038758e+00 6.027104e-01 1.133039e+00 3.372823e-01 7.775125e+00 7.941961e+00 1.589816e-01 2.684118e-01 1.726485e+00 
456 11401 0 0 0 1.039233e+00 6.017628e-01 1.132225e+00 3.379203e-01 7.775249e+00 7.952132e+00 1.592637e-01 2.683481e-01 1.726327e+00 
457 11426 0 0 0 1.039281e+00 6.024866e-01 1.132422e+00 3.374193e-01 7.775987e+00 7.948848e+00 1.588797e-01 2.683538e-01 1.726351e+00 
458 11451 0 0 0 1.038577e+00 6.027017e-01 1.132335e+00 3.371667e-01 7.774576e+00 7.949345e+00 1.588797e-01 2.685283e-01 1.726322e+00 
459 11476 0 0 0 1.038568e+00 6.033817e-01 1.133188e+00 3.366842e-01 7.775667e+00 7.940041e+00 1.586874e-01 2.685954e-01 1.726476e+00 
460 11501 0 0 0 1.038542e+00 6.042540e-01 1.134703e+00 3.363308e-01 7.777354e+00 7.924767e+00 1.586116e-01 2.685523e-01 1.726712e+00 
461 11526 0 0 0 1.039423e+00 6.031501e-01 1.133399e+00 3.367261e-01 7.777251e+00 7.935023e+00 1.588098e-01 2.684787e-01 1.726649e+00 
462 11551 0 0 0 1.039763e+00 6.027542e-01 1.133005e+00 3.366655e-01 7.777694e+00 7.934936e+00 1.587746e-01 2.685327e-01 1.726693e+00 
463 11576 0 0 0 1.040300e+00 6.021356e-01 1.132731e+00 3.373236e-01 7.779464e+00 7.942305e+00 1.587887e-01 2.684202e-01 1.726557e+00 
464 11601 0 0 0 1.041037e+00 6.012748e-01 1.131820e+00 3.377823e-01 7.779685e+00 7.950033e+00 1.589777e-01 2.682910e-01 1.726476e+00 
465 11626 0 0 0 1.040780e+00 6.020233e-01 1.132046e+00 3.371671e-01 7.779140e+00 7.943059e+00 1.587521e-01 2.682989e-01 1.726586e+00 
466 11651 0 0 0 1.041053e+00 6.021526e-01 1.132135e+00 3.371755e-01 7.780296e+00 7.941510e+00 1.586157e-01 2.682099e-01 1.726587e+00 
467 11676 0 0 0 1.041234e+00 6.022223e-01 1.132194e+00 3.372456e-01 7.780900e+00 7.942838e+00 1.585603e-01 2.681614e-01 1.726564e+00 
468 11701 0 0 0 1.040841e+00 6.021809e-01 1.132292e+00 3.372709e-01 7.779918e+00 7.943627e+00 1.587278e-01 2.682643e-01 1.726534e+00 
469 11726 0 0 0 1.040748e+00 6.029193e-01 1.133172e+00 3.368806e-01 7.781347e+00 7.933954e+00 1.584823e-01 2.682778e-01 1.726683e+00 
470 11751 0 0 0 1.040277e+00 6.028158e-01 1.133145e+00 3.369700e-01 7.780909e+00 7.934794e+00 1.585509e-01 2.683701e-01 1.726587e+00 
471 11776 0 0 0 1.040364e+00 6.023231e-01 1.132462e+00 3.373070e-01 7.779500e+00 7.941865e+00 1.587341e-01 2.682655e-01 1.726520e+00 
472 11801 0 0 0 1.040168e+00 6.022533e-01 1.132141e+00 3.372769e-01 7.778963e+00 7.945791e+00 1.586715e-01 2.683507e-01 1.726502e+00 
473 11826 0 0 0 1.039933e+00 6.021591e-01 1.131961e+00 3.372745e-01 7.778279e+00 7.946654e+00 1.587940e-01 2.684062e-01 1.726463e+00 
474 11851 0 0 0 1.039629e+00 6.019398e-01 1.131786e+00 3.374758e-01 7.777459e+00 7.949802e+00 1.588880e-01 2.684288e-01 1.726420e+00 
475 11876 0 0 0 1.039811e+00 6.011631e-01 1.131078e+00 3.379085e-01 7.776863e+00 7.957926e+00 1.591527e-01 2.684353e-01 1.726297e+00 
476 11901 0 0 0 1.039776e+00 6.013304e-01 1.131180e+00 3.377289e-01 7.776990e+00 7.954800e+00 1.591132e-01 2.684556e-01 1.726331e+00 
477 11926 0 0 0 1.039774e+00 6.016475e-01 1.131456e+00 3.375501e-01 7.777460e+00 7.951445e+00 1.590388e-01 2.684541e-01 1.726376e+00 
478 11951 0 0 0 1.039564e+00 6.019237e-01 1.131764e+00 3.374271e-01 7.777240e+00 7.949522e+00 1.589965e-01 2.684811e-01 1.726408e+00 
479 11976 0 0 0 1.039518e+00 6.016441e-01 1.131447e+00 3.374725e-01 7.776685e+00 7.952552e+00 1.591211e-01 2.685588e-01 1.726340e+00 
480 12001 0 0 0 1.039740e+00 6.016145e-01 1.131567e+00 3.374237e-01 7.777803e+00 7.950822e+00 1.590272e-01 2.685928e-01 1.726382e+00 
481 12026 0 0 0 1.039832e+00 6.014229e-01 1.131506e+00 3.375250e-01 7.777899e+00 7.951349e+00 1.590908e-01 2.685916e-01 1.726386e+00 
482 12051 0 0 0 1.039788e+00 6.004920e-01 1.130910e+00 3.379976e-01 7.777002e+00 7.958721e+00 1.594300e-01 2.686864e-01 1.726292e+00 
483 12076 0 0 0 1.039920e+00 6.002478e-01 1.131040e+00 3.381179e-01 7.777817e+00 7.957957e+00 1.594822e-01 2.687360e-01 1.726307e+00 
484 12101 0 0 0 1.039577e+00 6.005870e-01 1.131752e+00 3.380840e-01 7.778039e+00 7.954129e+00 1.594751e-01 2.687827e-01 1.726347e+00 
485 12126 0 0 0 1.039490e+00 6.009080e-01 1.132274e+00 3.379730e-01 7.778821e+00 7.948254e+00 1.593875e-01 2.687643e-01 1.726447e+00 
486 12151 0 0 0 1.039847e+00 6.014373e-01 1.132883e+00 3.375596e-01 7.780161e+00 7.938720e+00 1.591907e-01 2.687127e-01 1.726600e+00 
487 12176 0 0 0 1.039741e+00 6.011952e-01 1.132417e+00 3.376947e-01 7.778753e+00 7.943110e+00 1.592895e-01 2.686717e-01 1.726571e+00 
488 12201 0 0 0 1.039831e+00 6.012033e-01 1.131892e+00 3.376118e-01 7.779030e+00 7.946888e+00 1.590342e-01 2.686578e-01 1.726487e+00 
489 12226 0 0 0 1.040196e+00 6.021021e-01 1.132438e+00 3.370433e-01 7.780252e+00 7.938080e+00 1.587185e-01 2.685365e-01 1.726555e+00 
490 12251 0 0 0 1.040114e+00 6.024925e-01 1.132467e+00 3.370072e-01 7.779615e+00 7.941089e+00 1.586118e-01 2.684448e-01 1.726534e+00 
491 12276 0 0 0 1.039409e+00 6.036323e-01 1.133533e+00 3.366813e-01 7.779340e+00 7.932638e+00 1.583933e-01 2.683691e-01 1.726611e+00 
492 12301 0 0 0 1.039507e+00 6.029277e-01 1.133209e+00 3.369644e-01 7.779765e+00 7.936548e+00 1.584782e-01 2.684939e-01 1.726608e+00 
493 12326 0 0 0 1.039712e+00 6.023185e-01 1.132933e+00 3.373642e-01 7.780145e+00 7.941747e+00 1.585983e-01 2.685188e-01 1.726582e+00 
494 12351 0 0 0 1.039276e+00 6.019467e-01 1.132728e+00 3.374270e-01 7.777920e+00 7.943957e+00 1.589921e-01 2.686573e-01 1.726559e+00 
495 12376 0 0 0 1.039706e+00 6.026756e-01 1.132869e+00 3.372949e-01 7.779166e+00 7.943458e+00 1.585992e-01 2.683887e-01 1.726512e+00 
496 12401 0 0 0 1.040303e+00 6.017148e-01 1.131729e+00 3.374164e-01 7.778184e+00 7.951677e+00 1.588273e-01 2.684619e-01 1.726470e+00 
497 12426 0 0 0 1.040555e+00 6.014178e-01 1.131913e+00 3.376076e-01 7.779865e+00 7.950816e+00 1.588116e-01 2.685058e-01 1.726472e+00 
498 12451 0 0 0 1.040678e+00 6.009050e-01 1.131950e+00 3.379148e-01 7.779879e+00 7.952578e+00 1.590534e-01 2.685542e-01 1.726450e+00 
499 12476 0 0 0 1.040374e+00 6.009243e-01 1.132131e+00 3.378173e-01 7.779125e+00 7.949907e+00 1.592246e-01 2.686477e-01 1.726492e+00 
500 12501 0 0 0 1.040248e+00 6.002739e-01 1.131690e+00 3.379439e-01 7.777471e+00 7.952776e+00 1.595492e-01 2.687670e-01 1.726498e+00 
501 12526 0 0 0 1.040159e+00 5.993635e-01 1.131168e+00 3.383310e-01 7.776861e+00 7.959717e+00 1.598589e-01 2.689463e-01 1.726413e+00 
502 12551 0 0 0 1.040449e+00 5.992235e-01 1.131293e+00 3.383963e-01 7.777916e+00 7.959172e+00 1.598323e-01 2.689622e-01 1.726413e+00 
503 12576 0 0 0 1.040005e+00 5.989439e-01 1.131483e+00 3.384085e-01 7.777316e+00 7.957074e+00 1.600394e-01 2.691606e-01 1.726458e+00 
504 12601 0 0 0 1.039997e+00 5.986879e-01 1.131556e+00 3.385578e-01 7.777195e+00 7.957044e+00 1.602217e-01 2.691947e-01 1.726473e+00 
505 12626 0 0 0 1.039963e+00 5.986750e-01 1.132353e+00 3.387598e-01 7.778319e+00 7.951598e+00 1.603758e-01 2.691965e-01 1.726490e+00 
506 12651 0 0 0 1.040121e+00 5.989348e-01 1.132364e+00 3.387014e-01 7.778879e+00 7.951023e+00 1.602138e-01 2.690946e-01 1.726494e+00 
507 12676 0 0 0 1.040487e+00 6.000225e-01 1.133026e+00 3.381503e-01 7.779914e+00 7.941625e+00 1.598426e-01 2.688815e-01 1.726641e+00 
508 12701 0 0 0 1.040046e+00 5.991588e-01 1.132745e+00 3.384482e-01 7.778506e+00 7.945028e+00 1.602897e-01 2.691266e-01 1.726613e+00 
509 12726 0 0 0 1.040236e+00 5.989425e-01 1.132402e+00 3.385679e-01 7.778135e+00 7.948859e+00 1.603586e-01 2.690876e-01 1.726583e+00 
510 12751 0 0 0 1.040418e+00 5.997600e-01 1.132803e+00 3.382912e-01 7.778868e+00 7.944526e+00 1.600351e-01 2.688849e-01 1.726609e+00 
511 12776 0 0 0 1.040626e+00 5.991283e-01 1.132179e+00 3.386039e-01 7.778618e+00 7.951085e+00 1.602382e-01 2.689098e-01 1.726517e+00 
512 12801 0 0 0 1.040821e+00 5.991444e-01 1.131749e+00 3.385157e-01 7.778541e+00 7.954681e+00 1.600954e-01 2.688844e-01 1.726468e+00 
513 12826 0 0 0 1.040599e+00 5.990174e-01 1.131620e+00 3.386323e-01 7.777720e+00 7.956183e+00 1.601755e-01 2.688782e-01 1.726496e+00 
514 12851 0 0 0 1.040738e+00 5.992806e-01 1.131955e+00 3.385514e-01 7.779031e+00 7.953013e+00 1.600067e-01 2.688486e-01 1.726519e+00 
515 12876 0 0 0 1.040573e+00 5.989069e-01 1.131592e+00 3.386328e-01 7.778459e+00 7.956531e+00 1.600849e-01 2.689664e-01 1.726476e+00 
516 12901 0 0 0 1.040222e+00 5.988059e-01 1.131237e+00 3.386928e-01 7.777257e+00 7.960382e+00 1.601459e-01 2.690033e-01 1.726424e+00 
517 12926 0 0 0 1.039995e+00 5.988420e-01 1.131251e+00 3.385994e-01 7.776109e+00 7.959159e+00 1.602624e-01 2.690270e-01 1.726464e+00 
518 12951 0 0 0 1.039933e+00 5.990074e-01 1.131373e+00 3.384449e-01 7.775816e+00 7.956299e+00 1.602515e-01 2.690187e-01 1.726511e+00 
519 12976 0 0 0 1.039707e+00 5.985015e-01 1.131042e+00 3.386979e-01 7.774925e+00 7.961559e+00 1.604028e-01 2.691223e-01 1.726459e+00 
520 13001 0 0 0 1.039496e+00 5.988490e-01 1.131267e+00 3.386121e-01 7.775203e+00 7.959723e+00 1.602985e-01 2.691047e-01 1.726444e+00 
521 13026 0 0 0 1.039418e+00 5.990250e-01 1.131478e+00 3.386020e-01 7.775214e+00 7.958507e+00 1.603117e-01 2.690794e-01 1.726446e+00 
522 13051 0 0 0 1.039260e+00 5.989606e-01 1.131836e+00 3.386194e-01 7.775496e+00 7.955339e+00 1.603677e-01 2.691613e-01 1.726511e+00 
523 13076 0 0 0 1.039089e+00 5.984088e-01 1.131358e+00 3.388470e-01 7.774364e+00 7.960362e+00 1.605970e-01 2.692469e-01 1.726461e+00 
524 13101 0 0 0 1.039431e+00 5.988004e-01 1.131363e+00 3.386326e-01 7.775054e+00 7.958721e+00 1.603471e-01 2.691212e-01 1.726491e+00 
525 13126 0 0 0 1.039518e+00 5.987352e-01 1.131334e+00 3.386212e-01 7.775084e+00 7.958802e+00 1.603520e-01 2.691327e-01 1.726508e+00 
526 13151 0 0 0 1.039218e+00 5.989359e-01 1.131724e+00 3.385251e-01 7.774966e+00 7.954419e+00 1.603794e-01 2.691692e-01 1.726572e+00 
527 13176 0 0 0 1.039021e+00 5.991396e-01 1.131781e+00 3.384530e-01 7.774764e+00 7.953967e+00 1.603268e-01 2.691691e-01 1.726558e+00 
528 13201 0 0 0 1.039247e+00 5.988446e-01 1.131529e+00 3.386404e-01 7.775004e+00 7.957396e+00 1.604074e-01 2.691559e-01 1.726499e+00 
529 13226 0 0 0 1.039307e+00 5.991381e-01 1.131556e+00 3.385653e-01 7.775083e+00 7.957122e+00 1.602921e-01 2.690633e-01 1.726500e+00 
530 13251 0 0 0 1.039170e+00 5.994509e-01 1.131632e+00 3.384185e-01 7.774973e+00 7.955484e+00 1.601938e-01 2.690323e-01 1.726516e+00 
531 13276 0 0 0 1.038847e+00 5.994346e-01 1.131698e+00 3.384372e-01 7.774326e+00 7.954797e+00 1.602826e-01 2.690762e-01 1.726517e+00 
532 13301 0 0 0 1.038760e+00 5.994124e-01 1.131778e+00 3.385051e-01 7.774554e+00 7.954545e+00 1.603166e-01 2.690916e-01 1.726500e+00 
533 13326 0 0 0 1.038588e+00 5.995129e-01 1.131538e+00 3.384378e-01 7.773731e+00 7.956051e+00 1.602902e-01 2.690702e-01 1.726484e+00 
534 13351 0 0 0 1.038728e+00 5.997098e-01 1.131506e+00 3.382726e-01 7.773872e+00 7.954849e+00 1.601695e-01 2.690253e-01 1.726509e+00 
535 13376 0 0 0 1.038616e+00 6.001018e-01 1.131576e+00 3.381673e-01 7.773864e+00 7.954504e+00 1.600165e-01 2.689523e-01 1.726486e+00 
536 13401 0 0 0 1.038659e+00 6.002265e-01 1.131817e+00 3.381259e-01 7.774462e+00 7.952780e+00 1.599307e-01 2.689566e-01 1.726518e+00 
537 13426 0 0 0 1.038876e+00 5.997548e-01 1.131709e+00 3.383138e-01 7.774785e+00 7.954494e+00 1.600654e-01 2.690185e-01 1.726522e+00 
538 13451 0 0 0 1.038807e+00 5.994657e-01 1.131603e+00 3.383438e-01 7.774109e+00 7.955253e+00 1.601985e-01 2.691013e-01 1.726548e+00 
539 13476 0 0 0 1.038499e+00 5.991715e-01 1.131628e+00 3.384533e-01 7.773645e+00 7.955739e+00 1.603613e-01 2.692315e-01 1.726544e+00 
540 13501 0 0 0 1.038395e+00 5.990983e-01 1.131675e+00 3.384467e-01 7.773401e+00 7.955582e+00 1.604053e-01 2.692887e-01 1.726549e+00 
541 13526 0 0 0 1.038235e+00 5.991712e-01 1.131618e+00 3.383198e-01 7.772682e+00 7.954924e+00 1.604215e-01 2.693149e-01 1.726565e+00 
542 13551 0 0 0 1.038276e+00 5.990714e-01 1.131201e+00 3.382224e-01 7.772069e+00 7.956847e+00 1.604104e-01 2.693284e-01 1.726549e+00 
543 13576 0 0 0 1.038082e+00 5.988853e-01 1.131010e+00 3.383203e-01 7.771162e+00 7.958888e+00 1.605546e-01 2.693526e-01 1.726499e+00 
544 13601 0 0 0 1.038211e+00 5.987270e-01 1.130668e+00 3.383590e-01 7.770680e+00 7.961415e+00 1.605903e-01 2.693210e-01 1.726497e+00 
545 13626 0 0 0 1.038178e+00 5.991549e-01 1.130814e+00 3.380700e-01 7.770576e+00 7.958631e+00 1.603786e-01 2.692821e-01 1.726559e+00 
546 13651 0 0 0 1.037989e+00 5.997423e-01 1.131351e+00 3.379628e-01 7.770751e+00 7.954282e+00 1.602640e-01 2.691742e-01 1.726611e+00 
547 13676 0 0 0 1.038402e+00 5.995387e-01 1.131072e+00 3.380482e-01 7.770643e+00 7.956818e+00 1.602839e-01 2.690879e-01 1.726628e+00 
548 13701 0 0 0 1.038055e+00 5.993282e-01 1.130770e+00 3.380300e-01 7.769214e+00 7.958883e+00 1.604170e-01 2.691875e-01 1.726624e+00 
549 13726 0 0 0 1.038071e+00 6.002865e-01 1.130899e+00 3.376058e-01 7.768654e+00 7.955672e+00 1.600885e-01 2.689589e-01 1.726670e+00 
550 13751 0 0 0 1.038257e+00 6.003295e-01 1.130490e+00 3.374573e-01 7.768627e+00 7.957630e+00 1.599286e-01 2.689329e-01 1.726651e+00 
551 13776 0 0 0 1.038426e+00 6.000704e-01 1.129969e+00 3.374320e-01 7.768140e+00 7.961261e+00 1.599528e-01 2.689600e-01 1.726614e+00 
552 13801 0 0 0 1.038242e+00 6.004186e-01 1.130293e+00 3.373342e-01 7.767812e+00 7.957684e+00 1.599528e-01 2.688959e-01 1.726646e+00 
553 13826 0 0 0 1.038281e+00 6.006305e-01 1.131000e+00 3.373727e-01 7.769358e+00 7.953220e+00 1.599209e-01 2.689149e-01 1.726678e+00 
554 13851 0 0 0 1.038421e+00 6.000465e-01 1.131242e+00 3.376723e-01 7.770216e+00 7.952229e+00 1.602095e-01 2.690304e-01 1.726667e+00 
555 13876 0 0 0 1.038506e+00 6.001896e-01 1.131749e+00 3.376175e-01 7.770718e+00 7.946122e+00 1.602675e-01 2.689922e-01 1.726775e+00 
556 13901 0 0 0 1.038084e+00 5.997847e-01 1.131879e+00 3.377555e-01 7.770071e+00 7.944801e+00 1.605361e-01 2.691594e-01 1.726802e+00 
557 13926 0 0 0 1.037819e+00 6.007992e-01 1.132044e+00 3.373183e-01 7.769553e+00 7.941735e+00 1.601362e-01 2.689950e-01 1.726847e+00 
558 13951 0 0 0 1.037710e+00 6.002142e-01 1.131751e+00 3.374906e-01 7.768761e+00 7.944695e+00 1.603463e-01 2.691274e-01 1.726851e+00 
559 13976 0 0 0 1.037229e+00 6.001925e-01 1.131681e+00 3.375429e-01 7.768493e+00 7.947136e+00 1.603588e-01 2.692522e-01 1.726769e+00 
560 14001 0 0 0 1.037210e+00 5.998723e-01 1.132175e+00 3.378533e-01 7.770149e+00 7.944939e+00 1.605594e-01 2.693620e-01 1.726725e+00 
561 14026 0 0 0 1.037620e+00 6.004420e-01 1.132035e+00 3.375696e-01 7.770352e+00 7.945009e+00 1.602314e-01 2.691597e-01 1.726735e+00 
562 14051 0 0 0 1.037493e+00 6.005352e-01 1.132370e+00 3.375266e-01 7.770379e+00 7.941896e+00 1.602740e-01 2.691869e-01 1.726774e+00 
563 14076 0 0 0 1.037756e+00 6.006089e-01 1.132446e+00 3.374669e-01 7.770532e+00 7.940330e+00 1.602612e-01 2.691151e-01 1.726817e+00 
564 14101 0 0 0 1.037924e+00 6.010819e-01 1.132458e+00 3.373247e-01 7.770116e+00 7.939273e+00 1.601288e-01 2.689122e-01 1.726849e+00 
565 14126 0 0 0 1.037943e+00 6.009960e-01 1.132317e+00 3.374106e-01 7.770284e+00 7.941279e+00 1.601167e-01 2.689111e-01 1.726812e+00 
566 14151 0 0 0 1.037476e+00 6.011379e-01 1.133269e+00 3.374572e-01 7.770491e+00 7.932934e+00 1.603219e-01 2.689889e-01 1.726925e+00 
567 14176 0 0 0 1.037305e+00 6.009597e-01 1.133369e+00 3.374413e-01 7.768702e+00 7.929932e+00 1.606051e-01 2.689856e-01 1.727037e+00 
568 14201 0 0 0 1.037251e+00 6.010405e-01 1.133000e+00 3.373587e-01 7.768304e+00 7.932946e+00 1.604549e-01 2.689715e-01 1.727007e+00 
569 14226 0 0 0 1.037218e+00 6.015332e-01 1.133411e+00 3.370884e-01 7.767372e+00 7.926042e+00 1.604576e-01 2.688317e-01 1.727168e+00 
570 14251 0 0 0 1.037696e+00 6.012782e-01 1.132903e+00 3.372610e-01 7.766927e+00 7.932575e+00 1.604964e-01 2.687113e-01 1.727099e+00 
571 14276 0 0 0 1.038190e+00 6.014100e-01 1.132725e+00 3.373683e-01 7.768066e+00 7.936047e+00 1.603266e-01 2.685552e-01 1.727036e+00 
572 14301 0 0 0 1.039052e+00 6.022888e-01 1.131914e+00 3.369289e-01 7.767927e+00 7.941254e+00 1.597368e-01 2.681412e-01 1.726967e+00 
573 14326 0 0 0 1.039198e+00 6.019875e-01 1.132037e+00 3.372141e-01 7.770048e+00 7.942999e+00 1.597211e-01 2.682333e-01 1.726884e+00 
574 14351 0 0 0 1.039170e+00 6.031542e-01 1.132380e+00 3.367684e-01 7.771487e+00 7.938431e+00 1.591978e-01 2.680633e-01 1.726847e+00 
575 14376 0 0 0 1.038984e+00 6.031437e-01 1.131405e+00 3.367619e-01 7.770190e+00 7.948646e+00 1.590229e-01 2.680501e-01 1.726699e+00 
576 14401 0 0 0 1.039277e+00 6.039724e-01 1.132020e+00 3.364959e-01 7.770366e+00 7.940665e+00 1.588942e-01 2.677612e-01 1.726833e+00 
577 14426 0 0 0 1.039401e+00 6.036586e-01 1.132269e+00 3.367215e-01 7.771564e+00 7.940720e+00 1.589660e-01 2.678445e-01 1.726832e+00 
578 14451 0 0 0 1.038844e+00 6.034517e-01 1.132151e+00 3.366513e-01 7.769563e+00 7.941181e+00 1.591397e-01 2.679943e-01 1.726856e+00 
579 14476 0 0 0 1.039234e+00 6.030985e-01 1.131484e+00 3.368285e-01 7.770401e+00 7.948932e+00 1.590533e-01 2.679994e-01 1.726711e+00 
580 14501 0 0 0 1.039225e+00 6.032261e-01 1.132777e+00 3.369833e-01 7.772102e+00 7.938018e+00 1.592348e-01 2.679941e-01 1.726862e+00 
581 14526 0 0 0 1.039500e+00 6.027782e-01 1.133479e+00 3.373573e-01 7.773962e+00 7.934936e+00 1.594468e-01 2.680694e-01 1.726909e+00 
582 14551 0 0 0 1.040015e+00 6.031788e-01 1.133075e+00 3.373129e-01 7.775149e+00 7.939935e+00 1.590900e-01 2.678700e-01 1.726795e+00 
583 14576 0 0 0 1.039918e+00 6.027730e-01 1.132527e+00 3.373946e-01 7.774280e+00 7.945584e+00 1.591754e-01 2.679741e-01 1.726726e+00 
584 14601 0 0 0 1.039213e+00 6.028349e-01 1.132823e+00 3.372379e-01 7.772459e+00 7.940249e+00 1.593409e-01 2.680830e-01 1.726880e+00 
585 14626 0 0 0 1.038825e+00 6.021730e-01 1.132272e+00 3.374649e-01 7.771316e+00 7.947544e+00 1.595469e-01 2.682995e-01 1.726772e+00 
586 14651 0 0 0 1.037952e+00 6.025495e-01 1.132588e+00 3.370858e-01 7.769100e+00 7.941687e+00 1.596111e-01 2.684234e-01 1.726884e+00 
587 14676 0 0 0 1.037768e+00 6.025212e-01 1.132549e+00 3.370631e-01 7.768794e+00 7.942497e+00 1.595789e-01 2.684871e-01 1.726918e+00 
588 14701 0 0 0 1.038252e+00 6.040189e-01 1.132593e+00 3.364745e-01 7.769776e+00 7.939174e+00 1.588790e-01 2.680672e-01 1.726937e+00 
589 14726 0 0 0 1.037595e+00 6.042291e-01 1.134205e+00 3.364539e-01 7.771473e+00 7.925148e+00 1.590455e-01 2.683075e-01 1.727096e+00 
590 14751 0 0 0 1.038633e+00 6.043490e-01 1.134050e+00 3.365325e-01 7.774922e+00 7.928104e+00 1.587393e-01 2.681505e-01 1.726901e+00 
591 14776 0 0 0 1.038824e+00 6.041046e-01 1.133719e+00 3.365385e-01 7.775440e+00 7.930312e+00 1.586908e-01 2.682086e-01 1.726873e+00 
592 14801 0 0 0 1.038798e+00 6.040233e-01 1.133504e+00 3.364621e-01 7.775470e+00 7.932582e+00 1.586342e-01 2.682979e-01 1.726799e+00 
593 14826 0 0 0 1.038477e+00 6.038397e-01 1.133454e+00 3.364796e-01 7.774437e+00 7.933786e+00 1.587562e-01 2.684064e-01 1.726786e+00 
594 14851 0 0 0 1.038391e+00 6.028646e-01 1.134000e+00 3.370470e-01 7.775501e+00 7.932090e+00 1.592443e-01 2.686409e-01 1.726816e+00 
595 14876 0 0 0 1.038777e+00 6.028752e-01 1.133820e+00 3.370341e-01 7.776096e+00 7.934279e+00 1.591145e-01 2.685783e-01 1.726786e+00 
596 14901 0 0 0 1.039218e+00 6.035530e-01 1.134162e+00 3.368974e-01 7.777264e+00 7.930636e+00 1.588209e-01 2.683121e-01 1.726855e+00 
597 14926 0 0 0 1.039915e+00 6.033260e-01 1.133737e+00 3.369557e-01 7.777842e+00 7.934708e+00 1.587913e-01 2.682178e-01 1.726778e+00 
598 14951 0 0 0 1.040473e+00 6.033186e-01 1.133663e+00 3.370922e-01 7.780039e+00 7.938152e+00 1.585906e-01 2.681651e-01 1.726678e+00 
599 14976 0 0 0 1.040557e+00 6.033451e-01 1.133768e+00 3.371353e-01 7.780604e+00 7.938246e+00 1.585720e-01 2.681601e-01 1.726658e+00 
600 15001 0 0 0 1.040234e+00 6.033546e-01 1.133817e+00 3.370941e-01 7.779798e+00 7.937111e+00 1.586381e-01 2.682102e-01 1.726704e+00 
601 15026 0 0 0 1.040193e+00 6.018619e-01 1.133316e+00 3.377269e-01 7.778649e+00 7.943954e+00 1.592803e-01 2.684547e-01 1.726652e+00 
602 15051 0 0 0 1.040250e+00 6.030531e-01 1.133752e+00 3.370771e-01 7.778424e+00 7.935053e+00 1.589213e-01 2.682204e-01 1.726750e+00 
603 15076 0 0 0 1.039967e+00 6.032494e-01 1.134298e+00 3.370725e-01 7.777864e+00 7.929749e+00 1.590367e-01 2.681919e-01 1.726876e+00 
604 15101 0 0 0 1.040529e+00 6.032975e-01 1.134109e+00 3.371596e-01 7.778840e+00 7.932803e+00 1.589033e-01 2.680443e-01 1.726814e+00 
605 15126 0 0 0 1.040565e+00 6.029357e-01 1.133586e+00 3.373033e-01 7.778204e+00 7.937836e+00 1.589710e-01 2.680584e-01 1.726749e+00 
606 15151 0 0 0 1.039710e+00 6.023421e-01 1.133050e+00 3.373640e-01 7.775606e+00 7.942735e+00 1.592424e-01 2.683469e-01 1.726728e+00 
607 15176 0 0 0 1.039314e+00 6.022917e-01 1.133383e+00 3.373071e-01 7.774951e+00 7.938409e+00 1.594056e-01 2.684572e-01 1.726807e+00 
608 15201 0 0 0 1.038938e+00 6.018721e-01 1.133776e+00 3.374271e-01 7.774248e+00 7.933803e+00 1.597602e-01 2.686165e-01 1.726896e+00 
609 15226 0 0 0 1.039230e+00 6.019269e-01 1.133241e+00 3.374268e-01 7.773887e+00 7.938445e+00 1.596341e-01 2.684741e-01 1.726829e+00 
610 15251 0 0 0 1.039008e+00 6.021556e-01 1.133418e+00 3.373101e-01 7.774866e+00 7.936498e+00 1.595093e-01 2.685550e-01 1.726777e+00 
611 15276 0 0 0 1.038815e+00 6.019120e-01 1.133366e+00 3.373928e-01 7.774347e+00 7.937069e+00 1.596479e-01 2.686342e-01 1.726775e+00 
612 15301 0 0 0 1.038660e+00 6.019246e-01 1.133018e+00 3.374344e-01 7.774198e+00 7.940740e+00 1.595291e-01 2.686333e-01 1.726733e+00 
613 15326 0 0 0 1.038235e+00 6.011481e-01 1.132573e+00 3.378046e-01 7.772891e+00 7.946902e+00 1.598309e-01 2.688124e-01 1.726697e+00 
614 15351 0 0 0 1.038349e+00 6.007537e-01 1.131557e+00 3.379498e-01 7.772410e+00 7.956964e+00 1.598081e-01 2.688338e-01 1.726528e+00 
615 15376 0 0 0 1.038538e+00 6.011125e-01 1.131816e+00 3.379260e-01 7.773022e+00 7.954620e+00 1.597210e-01 2.686831e-01 1.726546e+00 
616 15401 0 0 0 1.037694e+00 6.010055e-01 1.131400e+00 3.377311e-01 7.771151e+00 7.957108e+00 1.597178e-01 2.689291e-01 1.726538e+00 
617 15426 0 0 0 1.038041e+00 6.016271e-01 1.132353e+00 3.376139e-01 7.773117e+00 7.948938e+00 1.595711e-01 2.687824e-01 1.726601e+00 
618 15451 0 0 0 1.038940e+00 6.010669e-01 1.132253e+00 3.380918e-01 7.774712e+00 7.952713e+00 1.597275e-01 2.686447e-01 1.726563e+00 
619 15476 0 0 0 1.038753e+00 6.005208e-01 1.131994e+00 3.382466e-01 7.773987e+00 7.957992e+00 1.598745e-01 2.688472e-01 1.726526e+00 
620 15501 0 0 0 1.038717e+00 6.009371e-01 1.131874e+00 3.381035e-01 7.773621e+00 7.957923e+00 1.597173e-01 2.687156e-01 1.726508e+00 
621 15526 0 0 0 1.039064e+00 6.006882e-01 1.131790e+00 3.383476e-01 7.775600e+00 7.961607e+00 1.596415e-01 2.687457e-01 1.726390e+00 
622 15551 0 0 0 1.039034e+00 6.011060e-01 1.132192e+00 3.380739e-01 7.775691e+00 7.956220e+00 1.595402e-01 2.687207e-01 1.726472e+00 
623 15576 0 0 0 1.039422e+00 6.013650e-01 1.132456e+00 3.380162e-01 7.776888e+00 7.953184e+00 1.594370e-01 2.686027e-01 1.726478e+00 
624 15601 0 0 0 1.039226e+00 6.011212e-01 1.131992e+00 3.379385e-01 7.776558e+00 7.957227e+00 1.593777e-01 2.687692e-01 1.726400e+00 
625 15626 0 0 0 1.039054e+00 6.014510e-01 1.131816e+00 3.376969e-01 7.776107e+00 7.958196e+00 1.591989e-01 2.687786e-01 1.726375e+00 
626 15651 0 0 0 1.039072e+00 6.014048e-01 1.131947e+00 3.377192e-01 7.776778e+00 7.957332e+00 1.591868e-01 2.688256e-01 1.726374e+00 
627 15676 0 0 0 1.038214e+00 6.011900e-01 1.131950e+00 3.376665e-01 7.775318e+00 7.956366e+00 1.593317e-01 2.690750e-01 1.726422e+00 
628 15701 0 0 0 1.038423e+00 6.008650e-01 1.131759e+00 3.377523e-01 7.775552e+00 7.958924e+00 1.593936e-01 2.691307e-01 1.726366e+00 
629 15726 0 0 0 1.038407e+00 6.011662e-01 1.131972e+00 3.377120e-01 7.775560e+00 7.957060e+00 1.593406e-01 2.690365e-01 1.726388e+00 
630 15751 0 0 0 1.038418e+00 6.012342e-01 1.131927e+00 3.377470e-01 7.775720e+00 7.956695e+00 1.593217e-01 2.689759e-01 1.726384e+00 
631 15776 0 0 0 1.038550e+00 6.013321e-01 1.131799e+00 3.377451e-01 7.776592e+00 7.959606e+00 1.591308e-01 2.689751e-01 1.726317e+00 
632 15801 0 0 0 1.039116e+00 6.016975e-01 1.131643e+00 3.376342e-01 7.777144e+00 7.959869e+00 1.589197e-01 2.687388e-01 1.726306e+00 
633 15826 0 0 0 1.039278e+00 6.014879e-01 1.131751e+00 3.377767e-01 7.777192e+00 7.959315e+00 1.590618e-01 2.687140e-01 1.726324e+00 
634 15851 0 0 0 1.039202e+00 6.015171e-01 1.131783e+00 3.377888e-01 7.777076e+00 7.959454e+00 1.590629e-01 2.687172e-01 1.726325e+00 
635 15876 0 0 0 1.039286e+00 6.015233e-01 1.131768e+00 3.377797e-01 7.777246e+00 7.959406e+00 1.590525e-01 2.687053e-01 1.726325e+00 
636 15901 0 0 0 1.039395e+00 6.017130e-01 1.131920e+00 3.377959e-01 7.777968e+00 7.958917e+00 1.589444e-01 2.686445e-01 1.726322e+00 
637 15926 0 0 0 1.039605e+00 6.015554e-01 1.131786e+00 3.379576e-01 7.778385e+00 7.961538e+00 1.589565e-01 2.686079e-01 1.726291e+00 
638 15951 0 0 0 1.039365e+00 6.012204e-01 1.131923e+00 3.381145e-01 7.777896e+00 7.961465e+00 1.591664e-01 2.687238e-01 1.726330e+00 
639 15976 0 0 0 1.039484e+00 6.012536e-01 1.131774e+00 3.380285e-01 7.777317e+00 7.962344e+00 1.591510e-01 2.686876e-01 1.726345e+00 
640 16001 0 0 0 1.038810e+00 6.013738e-01 1.132104e+00 3.377942e-01 7.776074e+00 7.957758e+00 1.592303e-01 2.688630e-01 1.726437e+00 
641 16026 0 0 0 1.039238e+00 6.014207e-01 1.131844e+00 3.379052e-01 7.776618e+00 7.959705e+00 1.591417e-01 2.686747e-01 1.726406e+00 
642 16051 0 0 0 1.039254e+00 6.012741e-01 1.132029e+00 3.380705e-01 7.777263e+00 7.959577e+00 1.592015e-01 2.687059e-01 1.726416e+00 
643 16076 0 0 0 1.039134e+00 6.016004e-01 1.132460e+00 3.378709e-01 7.777841e+00 7.954510e+00 1.591128e-01 2.687359e-01 1.726453e+00 
644 16101 0 0 0 1.038887e+00 6.012075e-01 1.132499e+00 3.380064e-01 7.778407e+00 7.955704e+00 1.591980e-01 2.689498e-01 1.726418e+00 
645 16126 0 0 0 1.039292e+00 6.010381e-01 1.132551e+00 3.382019e-01 7.779203e+00 7.956859e+00 1.592379e-01 2.688754e-01 1.726406e+00 
646 16151 0 0 0 1.039171e+00 6.008168e-01 1.132938e+00 3.382984e-01 7.779150e+00 7.953623e+00 1.594521e-01 2.689600e-01 1.726464e+00 
647 16176 0 0 0 1.038841e+00 6.007418e-01 1.133164e+00 3.383102e-01 7.779210e+00 7.951151e+00 1.595382e-01 2.690724e-01 1.726481e+00 
648 16201 0 0 0 1.038831e+00 6.007833e-01 1.133249e+00 3.381955e-01 7.779239e+00 7.949917e+00 1.595184e-01 2.691220e-01 1.726489e+00 
649 16226 0 0 0 1.038446e+00 6.006045e-01 1.133304e+00 3.381962e-01 7.778914e+00 7.949356e+00 1.596094e-01 2.692813e-01 1.726485e+00 
650 16251 0 0 0 1.038045e+00 6.006200e-01 1.133605e+00 3.380450e-01 7.778078e+00 7.944548e+00 1.597378e-01 2.693949e-01 1.726572e+00 
651 16276 0 0 0 1.038077e+00 6.012223e-01 1.133295e+00 3.377876e-01 7.777502e+00 7.946447e+00 1.594496e-01 2.692259e-01 1.726549e+00 
652 16301 0 0 0 1.037790e+00 6.009418e-01 1.133645e+00 3.379302e-01 7.778504e+00 7.946259e+00 1.595135e-01 2.694570e-01 1.726520e+00 
653 16326 0 0 0 1.038163e+00 6.007279e-01 1.133921e+00 3.380801e-01 7.779074e+00 7.944107e+00 1.596568e-01 2.694059e-01 1.726564e+00 
654 16351 0 0 0 1.038674e+00 6.005897e-01 1.133623e+00 3.382607e-01 7.779616e+00 7.947083e+00 1.596414e-01 2.692491e-01 1.726525e+00 
655 16376 0 0 0 1.039035e+00 6.008796e-01 1.133975e+00 3.381338e-01 7.780997e+00 7.942631e+00 1.595194e-01 2.691649e-01 1.726536e+00 
656 16401 0 0 0 1.038795e+00 6.004966e-01 1.134338e+00 3.381728e-01 7.780774e+00 7.938677e+00 1.597958e-01 2.693571e-01 1.726590e+00 
657 16426 0 0 0 1.038347e+00 6.004148e-01 1.134485e+00 3.381669e-01 7.780015e+00 7.937380e+00 1.599271e-01 2.694794e-01 1.726624e+00 
658 16451 0 0 0 1.038656e+00 6.005920e-01 1.134164e+00 3.382237e-01 7.779771e+00 7.941133e+00 1.598059e-01 2.692821e-01 1.726600e+00 
659 16476 0 0 0 1.038716e+00 6.001078e-01 1.133893e+00 3.384491e-01 7.779283e+00 7.944998e+00 1.599822e-01 2.693342e-01 1.726575e+00 
660 16501 0 0 0 1.039304e+00 6.000176e-01 1.133522e+00 3.386287e-01 7.779677e+00 7.948829e+00 1.599417e-01 2.691295e-01 1.726530e+00 
661 16526 0 0 0 1.039776e+00 6.004534e-01 1.133507e+00 3.385280e-01 7.780458e+00 7.948113e+00 1.597428e-01 2.689018e-01 1.726494e+00 
662 16551 0 0 0 1.039833e+00 6.006169e-01 1.133683e+00 3.384720e-01 7.781260e+00 7.945348e+00 1.596924e-01 2.688725e-01 1.726463e+00 
663 16576 0 0 0 1.039593e+00 6.006308e-01 1.134397e+00 3.384264e-01 7.781491e+00 7.938703e+00 1.598354e-01 2.689869e-01 1.726563e+00 
664 16601 0 0 0 1.038905e+00 6.002965e-01 1.134959e+00 3.385747e-01 7.781887e+00 7.935283e+00 1.600352e-01 2.692910e-01 1.726594e+00 
665 16626 0 0 0 1.039401e+00 6.000184e-01 1.134321e+00 3.387882e-01 7.781535e+00 7.942039e+00 1.600734e-01 2.691364e-01 1.726524e+00 
666 16651 0 0 0 1.038677e+00 5.998627e-01 1.135052e+00 3.386552e-01 7.781715e+00 7.934981e+00 1.602487e-01 2.694965e-01 1.726600e+00 
667 16676 0 0 0 1.038542e+00 5.997688e-01 1.134888e+00 3.386536e-01 7.780321e+00 7.935384e+00 1.603978e-01 2.694750e-01 1.726629e+00 
668 16701 0 0 0 1.038386e+00 5.996160e-01 1.135184e+00 3.387584e-01 7.780799e+00 7.932681e+00 1.605088e-01 2.695501e-01 1.726656e+00 
669 16726 0 0 0 1.037444e+00 5.998138e-01 1.135012e+00 3.384355e-01 7.779370e+00 7.932805e+00 1.604194e-01 2.697973e-01 1.726649e+00 
670 16751 0 0 0 1.037528e+00 5.994512e-01 1.135368e+00 3.386209e-01 7.779339e+00 7.930050e+00 1.606900e-01 2.698381e-01 1.726723e+00 
671 16776 0 0 0 1.037399e+00 5.997981e-01 1.135247e+00 3.383602e-01 7.779363e+00 7.929484e+00 1.604883e-01 2.698424e-01 1.726689e+00 
672 16801 0 0 0 1.037958e+00 5.999510e-01 1.135493e+00 3.383571e-01 7.780306e+00 7.927280e+00 1.604499e-01 2.696923e-01 1.726706e+00 
673 16826 0 0 0 1.038233e+00 5.998241e-01 1.135222e+00 3.384176e-01 7.780280e+00 7.929771e+00 1.604764e-01 2.696309e-01 1.726658e+00 
674 16851 0 0 0 1.037989e+00 5.995180e-01 1.134885e+00 3.384868e-01 7.779228e+00 7.932911e+00 1.605942e-01 2.697204e-01 1.726639e+00 
675 16876 0 0 0 1.037706e+00 5.999458e-01 1.134684e+00 3.381329e-01 7.777722e+00 7.931364e+00 1.604830e-01 2.696694e-01 1.726669e+00 
676 16901 0 0 0 1.037756e+00 5.997557e-01 1.134966e+00 3.383550e-01 7.778502e+00 7.930936e+00 1.605891e-01 2.696987e-01 1.726673e+00 
677 16926 0 0 0 1.037834e+00 5.998412e-01 1.134546e+00 3.383391e-01 7.778301e+00 7.935540e+00 1.604248e-01 2.696427e-01 1.726621e+00 
678 16951 0 0 0 1.037798e+00 6.001642e-01 1.134347e+00 3.381284e-01 7.777962e+00 7.936080e+00 1.602523e-01 2.695900e-01 1.726601e+00 
679 16976 0 0 0 1.038143e+00 6.001950e-01 1.134138e+00 3.382090e-01 7.778539e+00 7.939469e+00 1.601349e-01 2.694919e-01 1.726551e+00 
680 17001 0 0 0 1.038450e+00 6.001913e-01 1.134363e+00 3.383386e-01 7.779399e+00 7.938810e+00 1.601452e-01 2.694132e-01 1.726546e+00 
681 17026 0 0 0 1.038591e+00 6.003515e-01 1.134387e+00 3.383820e-01 7.779658e+00 7.939603e+00 1.600822e-01 2.693153e-01 1.726528e+00 
682 17051 0 0 0 1.038375e+00 6.003724e-01 1.134489e+00 3.383179e-01 7.779638e+00 7.938572e+00 1.600825e-01 2.694003e-01 1.726529e+00 
683 17076 0 0 0 1.038058e+00 6.002697e-01 1.134249e+00 3.382909e-01 7.779032e+00 7.939876e+00 1.600886e-01 2.694837e-01 1.726509e+00 
684 17101 0 0 0 1.037811e+00 5.997862e-01 1.134724e+00 3.384795e-01 7.779594e+00 7.936548e+00 1.603625e-01 2.697071e-01 1.726549e+00 
685 17126 0 0 0 1.037992e+00 6.000753e-01 1.134801e+00 3.383893e-01 7.779422e+00 7.935114e+00 1.603076e-01 2.695706e-01 1.726584e+00 
686 17151 0 0 0 1.038178e+00 6.002068e-01 1.134416e+00 3.383705e-01 7.779784e+00 7.938948e+00 1.601159e-01 2.694917e-01 1.726517e+00 
687 17176 0 0 0 1.038135e+00 6.004578e-01 1.134829e+00 3.383539e-01 7.780464e+00 7.936324e+00 1.600375e-01 2.694736e-01 1.726546e+00 
688 17201 0 0 0 1.037563e+00 6.007006e-01 1.135135e+00 3.380950e-01 7.779768e+00 7.931512e+00 1.600390e-01 2.696060e-01 1.726612e+00 
689 17226 0 0 0 1.037779e+00 6.005771e-01 1.134673e+00 3.382338e-01 7.779477e+00 7.936523e+00 1.600209e-01 2.695053e-01 1.726550e+00 
690 17251 0 0 0 1.037653e+00 6.004373e-01 1.134206e+00 3.382652e-01 7.778877e+00 7.940542e+00 1.600050e-01 2.695286e-01 1.726494e+00 
691 17276 0 0 0 1.038021e+00 6.008405e-01 1.133900e+00 3.380702e-01 7.778313e+00 7.942101e+00 1.598266e-01 2.693155e-01 1.726486e+00 
692 17301 0 0 0 1.038167e+00 6.009330e-01 1.133655e+00 3.379854e-01 7.778013e+00 7.943513e+00 1.597669e-01 2.692503e-01 1.726455e+00 
693 17326 0 0 0 1.037945e+00 6.005856e-01 1.133913e+00 3.381930e-01 7.777709e+00 7.942769e+00 1.600120e-01 2.693569e-01 1.726498e+00 
694 17351 0 0 0 1.038102e+00 6.005351e-01 1.133863e+00 3.383711e-01 7.777806e+00 7.945005e+00 1.600295e-01 2.692686e-01 1.726486e+00 
695 17376 0 0 0 1.037558e+00 6.001499e-01 1.133493e+00 3.383390e-01 7.776130e+00 7.947310e+00 1.601993e-01 2.694772e-01 1.726493e+00 
696 17401 0 0 0 1.037934e+00 5.998188e-01 1.133522e+00 3.385677e-01 7.776447e+00 7.948873e+00 1.603505e-01 2.694389e-01 1.726490e+00 
697 17426 0 0 0 1.037745e+00 5.996921e-01 1.133925e+00 3.386640e-01 7.776254e+00 7.945546e+00 1.605416e-01 2.694924e-01 1.726547e+00 
698 17451 0 0 0 1.037709e+00 5.999545e-01 1.133198e+00 3.385086e-01 7.775579e+00 7.950674e+00 1.602974e-01 2.693930e-01 1.726447e+00 
699 17476 0 0 0 1.037807e+00 5.993535e-01 1.133632e+00 3.389379e-01 7.775595e+00 7.949773e+00 1.607152e-01 2.694431e-01 1.726497e+00 
700 17501 0 0 0 1.038101e+00 5.991602e-01 1.133737e+00 3.391042e-01 7.776092e+00 7.950170e+00 1.608014e-01 2.694091e-01 1.726514e+00 
701 17526 0 0 0 1.038330e+00 5.991221e-01 1.133534e+00 3.391312e-01 7.775502e+00 7.950872e+00 1.608929e-01 2.692915e-01 1.726500e+00 
702 17551 0 0 0 1.037477e+00 5.991649e-01 1.133995e+00 3.389441e-01 7.774110e+00 7.946791e+00 1.610407e-01 2.695513e-01 1.726584e+00 
703 17576 0 0 0 1.038567e+00 5.994640e-01 1.133462e+00 3.389965e-01 7.776142e+00 7.952970e+00 1.606248e-01 2.692253e-01 1.726458e+00 
704 17601 0 0 0 1.038053e+00 5.995200e-01 1.133686e+00 3.388010e-01 7.774800e+00 7.948712e+00 1.607645e-01 2.693445e-01 1.726535e+00 
705 17626 0 0 0 1.037226e+00 5.991141e-01 1.134237e+00 3.388462e-01 7.773859e+00 7.943555e+00 1.611177e-01 2.696730e-01 1.726642e+00 
706 17651 0 0 0 1.037880e+00 5.991846e-01 1.133994e+00 3.390079e-01 7.775211e+00 7.946790e+00 1.609599e-01 2.694572e-01 1.726565e+00 
707 17676 0 0 0 1.038365e+00 5.996332e-01 1.132976e+00 3.387874e-01 7.774882e+00 7.954054e+00 1.605530e-01 2.691807e-01 1.726432e+00 
708 17701 0 0 0 1.038188e+00 5.995995e-01 1.132748e+00 3.387285e-01 7.774613e+00 7.955493e+00 1.605044e-01 2.692416e-01 1.726403e+00 
709 17726 0 0 0 1.038028e+00 5.998738e-01 1.133207e+00 3.385446e-01 7.775462e+00 7.950993e+00 1.603828e-01 2.693278e-01 1.726444e+00 
710 17751 0 0 0 1.037764e+00 5.993427e-01 1.133298e+00 3.388272e-01 7.775356e+00 7.950685e+00 1.606630e-01 2.694600e-01 1.726449e+00 
711 17776 0 0 0 1.038656e+00 5.995492e-01 1.132540e+00 3.387718e-01 7.775546e+00 7.956138e+00 1.604461e-01 2.691297e-01 1.726336e+00 
712 17801 0 0 0 1.038921e+00 5.992491e-01 1.132260e+00 3.388924e-01 7.775563e+00 7.958976e+00 1.605120e-01 2.691201e-01 1.726313e+00 
713 17826 0 0 0 1.039480e+00 5.995491e-01 1.132074e+00 3.390174e-01 7.776139e+00 7.961245e+00 1.603929e-01 2.688000e-01 1.726227e+00 
714 17851 0 0 0 1.040299e+00 5.993155e-01 1.131526e+00 3.393211e-01 7.776667e+00 7.966455e+00 1.604337e-01 2.685200e-01 1.726121e+00 
715 17876 0 0 0 1.040395e+00 5.993248e-01 1.131583e+00 3.394804e-01 7.777153e+00 7.967568e+00 1.604078e-01 2.684534e-01 1.726116e+00 
716 17901 0 0 0 1.040264e+00 5.991775e-01 1.131566e+00 3.395406e-01 7.776959e+00 7.968147e+00 1.604906e-01 2.685130e-01 1.726102e+00 
717 17926 0 0 0 1.039924e+00 5.992256e-01 1.131915e+00 3.393202e-01 7.776780e+00 7.964754e+00 1.604594e-01 2.687161e-01 1.726210e+00 
718 17951 0 0 0 1.039995e+00 5.996950e-01 1.132379e+00 3.391746e-01 7.777299e+00 7.960831e+00 1.603304e-01 2.686305e-01 1.726266e+00 
719 17976 0 0 0 1.039177e+00 5.998695e-01 1.132140e+00 3.388794e-01 7.775329e+00 7.960674e+00 1.602932e-01 2.687889e-01 1.726299e+00 
720 18001 0 0 0 1.038320e+00 5.997221e-01 1.132678e+00 3.387764e-01 7.774458e+00 7.956062e+00 1.604866e-01 2.691111e-01 1.726380e+00 
721 18026 0 0 0 1.037581e+00 5.996959e-01 1.133404e+00 3.387418e-01 7.774179e+00 7.950469e+00 1.606451e-01 2.693650e-01 1.726486e+00 
722 18051 0 0 0 1.037514e+00 5.997257e-01 1.133509e+00 3.386571e-01 7.773652e+00 7.949902e+00 1.606725e-01 2.694041e-01 1.726522e+00 
723 18076 0 0 0 1.036899e+00 6.000699e-01 1.134367e+00 3.384484e-01 7.773282e+00 7.942633e+00 1.607259e-01 2.695577e-01 1.726634e+00 
724 18101 0 0 0 1.038417e+00 5.997755e-01 1.133925e+00 3.389675e-01 7.776006e+00 7.950041e+00 1.606271e-01 2.691732e-01 1.726480e+00 
725 18126 0 0 0 1.038355e+00 5.987575e-01 1.134545e+00 3.395028e-01 7.776651e+00 7.947843e+00 1.611837e-01 2.694301e-01 1.726543e+00 
726 18151 0 0 0 1.038158e+00 5.994036e-01 1.134700e+00 3.389392e-01 7.774797e+00 7.942619e+00 1.610941e-01 2.693772e-01 1.726644e+00 
727 18176 0 0 0 1.038597e+00 5.989863e-01 1.134247e+00 3.391562e-01 7.774836e+00 7.947878e+00 1.611934e-01 2.693235e-01 1.726565e+00 
728 18201 0 0 0 1.038801e+00 5.984775e-01 1.134455e+00 3.395363e-01 7.777550e+00 7.949237e+00 1.611910e-01 2.694741e-01 1.726511e+00 
729 18226 0 0 0 1.039097e+00 5.997394e-01 1.133876e+00 3.387998e-01 7.776987e+00 7.947712e+00 1.605960e-01 2.691149e-01 1.726471e+00 
730 18251 0 0 0 1.039407e+00 5.993603e-01 1.133754e+00 3.391265e-01 7.777570e+00 7.951954e+00 1.607069e-01 2.690938e-01 1.726422e+00 
731 18276 0 0 0 1.039477e+00 5.993034e-01 1.133108e+00 3.388688e-01 7.776180e+00 7.953916e+00 1.606689e-01 2.690890e-01 1.726425e+00 
732 18301 0 0 0 1.039322e+00 5.985320e-01 1.132779e+00 3.391951e-01 7.774486e+00 7.957576e+00 1.610946e-01 2.691797e-01 1.726433e+00 
733 18326 0 0 0 1.038245e+00 5.987229e-01 1.133242e+00 3.387787e-01 7.771830e+00 7.949592e+00 1.613246e-01 2.694299e-01 1.726583e+00 
734 18351 0 0 0 1.037935e+00 5.986888e-01 1.133300e+00 3.387341e-01 7.770833e+00 7.950373e+00 1.614138e-01 2.695294e-01 1.726590e+00 
735 18376 0 0 0 1.036948e+00 5.996441e-01 1.132895e+00 3.378623e-01 7.767990e+00 7.949105e+00 1.610037e-01 2.696413e-01 1.726641e+00 
736 18401 0 0 0 1.036288e+00 6.001092e-01 1.133931e+00 3.376471e-01 7.767809e+00 7.940696e+00 1.610180e-01 2.697842e-01 1.726788e+00 
737 18426 0 0 0 1.035775e+00 6.008984e-01 1.133357e+00 3.369300e-01 7.764974e+00 7.941752e+00 1.606936e-01 2.697620e-01 1.726813e+00 
738 18451 0 0 0 1.036682e+00 6.006402e-01 1.133147e+00 3.372616e-01 7.768073e+00 7.945791e+00 1.605210e-01 2.696354e-01 1.726692e+00 
