%  columns="iteration, evaluation, fitness, void, void, xrecentbest" (startseed=214108, 2015/08/22 0:41:55.09)
1 26  8.490563391384900171e+01 0 0 9.099813e-01 -7.535272e-01 -1.771143e-01 9.777460e-01 4.865714e+00 2.080757e+00 9.053268e-01 6.882195e-01 1.316544e+00 
2 51  4.388141907189890389e+01 0 0 1.247167e+00 3.075571e+00 7.993139e-01 2.633931e-03 7.268783e+00 -2.963810e-01 1.508901e+00 7.022845e-01 8.286209e-01 
3 76  1.208903104776667305e+02 0 0 3.252263e-01 -1.191728e+00 -1.010890e-01 1.550277e+00 2.799346e+00 3.896736e+00 1.220301e+00 4.140020e-01 1.306449e+00 
4 101  2.797811580504208706e+01 0 0 1.112671e-02 1.812502e+00 -4.342809e-01 1.534276e+00 8.221251e+00 3.621225e+00 1.079371e+00 3.756528e-01 1.294666e+00 
5 126  1.229117324192073113e+02 0 0 1.243676e+00 -7.122615e-01 2.199223e+00 1.229632e+00 5.560788e-01 2.778096e+00 4.329337e-01 5.213585e-01 1.319784e+00 
6 151  8.698555596036817406e+01 0 0 9.109570e-03 3.241481e+00 3.225305e+00 1.400705e+00 6.630995e+00 2.713786e+00 2.183019e-01 5.779588e-01 1.190542e+00 
7 176  5.399565740069419917e+01 0 0 5.969283e-02 3.749200e+00 1.141430e+00 9.283991e-01 1.267255e+01 1.712626e+00 3.601074e-01 2.114331e-01 1.057412e+00 
8 201  1.182557057416335624e+02 0 0 1.563472e+00 2.293318e-01 3.286922e+00 9.090235e-01 1.152226e+01 2.428128e+00 -6.221491e-02 7.315564e-02 8.133575e-01 
9 226  1.226668655316837828e+02 0 0 1.566984e-02 4.914630e+00 1.494260e+00 5.346134e-01 7.821318e+00 2.176908e-01 1.303902e-01 1.018867e-01 1.084298e+00 
10 251  5.601665476387504583e+01 0 0 3.625098e-01 5.341245e+00 1.817919e+00 5.422734e-01 1.151590e+01 4.116396e+00 4.894036e-01 7.393593e-02 8.906430e-01 
11 276  1.057133500912137123e+02 0 0 1.247842e+00 -2.123650e-01 3.040022e+00 3.012230e-01 1.788936e-01 1.476286e+00 7.678479e-01 4.897035e-01 8.673587e-01 
12 301  1.197398383151038672e+02 0 0 4.506973e-01 2.913344e-01 2.616407e+00 4.749425e-01 5.990377e+00 3.898955e+00 7.285315e-01 4.936252e-01 1.178146e+00 
13 326  1.101960222597825663e+02 0 0 5.298953e-01 4.221529e+00 3.475275e+00 2.839711e-02 6.653727e+00 1.559767e+00 7.699623e-01 2.199878e-01 1.136178e+00 
14 351  1.231162941576195067e+02 0 0 1.031836e+00 1.961716e+00 3.953496e+00 1.327520e-01 1.080480e+01 2.467079e+00 5.678585e-01 4.953482e-02 1.052827e+00 
15 376  3.810776642067926190e+01 0 0 1.103409e+00 2.691860e+00 2.688275e+00 1.261206e-01 1.145104e+01 2.645261e+00 6.213352e-01 1.735336e-01 1.073806e+00 
16 401  9.556028857838077784e+01 0 0 4.055893e-02 4.017773e+00 3.207067e+00 4.710849e-01 8.678021e+00 3.256744e+00 7.231877e-01 5.463036e-01 8.544253e-01 
17 426  3.151654069709994488e+01 0 0 1.214646e+00 1.380433e+00 3.907366e+00 5.676897e-01 1.175996e+01 3.610077e+00 6.772052e-01 1.469335e-01 1.109483e+00 
18 451  4.991961838406018614e+01 0 0 6.314214e-01 4.726604e-01 2.904839e+00 4.594145e-01 1.054579e+01 2.915813e+00 6.159750e-01 3.393672e-01 1.127506e+00 
19 476  3.535021600352818893e+01 0 0 1.187900e-01 2.628684e+00 1.859899e+00 3.118294e-01 6.988497e+00 2.974280e+00 7.896130e-01 3.256228e-01 1.260823e+00 
20 501  2.478279074554967210e+01 0 0 3.581789e-01 1.978333e+00 2.356237e+00 8.690531e-01 1.144362e+01 2.865175e+00 6.163446e-01 1.131777e-01 9.945229e-01 
21 526  3.253294259356646734e+01 0 0 6.341487e-01 9.651531e-01 2.511833e+00 4.522596e-01 1.011980e+01 3.066193e+00 6.094027e-01 2.009582e-01 1.066022e+00 
22 551  1.036120903917137213e+02 0 0 6.270286e-01 2.325482e+00 2.993095e+00 3.547514e-01 9.782656e+00 3.599366e+00 5.846357e-01 1.835742e-01 1.168416e+00 
23 576  2.414258197832432984e+01 0 0 2.983160e-01 2.968554e+00 2.259305e+00 2.992455e-01 1.044794e+01 2.736474e+00 5.510203e-01 2.214159e-01 1.071829e+00 
24 601  2.441334050712923087e+01 0 0 3.100815e-01 2.882437e+00 3.123661e+00 5.667865e-01 1.170677e+01 2.436172e+00 4.922026e-01 1.558564e-01 1.045051e+00 
25 626  2.329436596122021896e+01 0 0 5.637249e-01 3.164149e+00 2.873403e+00 4.068995e-01 1.502573e+01 2.986966e+00 5.042464e-01 1.719551e-01 1.123169e+00 
26 651  2.714977613744074958e+01 0 0 5.063947e-01 3.819878e+00 3.214824e+00 3.157301e-01 1.228003e+01 3.090333e+00 5.309323e-01 2.074410e-01 1.143127e+00 
27 676  2.385947350261465516e+01 0 0 5.889484e-01 3.478587e+00 3.202531e+00 3.790356e-01 1.318015e+01 2.708403e+00 5.498932e-01 1.589568e-01 1.088681e+00 
28 701  2.485689576787095234e+01 0 0 6.039353e-01 2.722562e+00 2.863749e+00 4.679437e-01 1.398346e+01 3.466993e+00 4.137024e-01 1.569299e-01 1.010787e+00 
29 726  2.437410155412171520e+01 0 0 4.635255e-01 3.635162e+00 2.835371e+00 3.130990e-01 1.160277e+01 3.107366e+00 6.117308e-01 1.976103e-01 1.166919e+00 
30 751  2.352426452671685908e+01 0 0 6.137340e-01 3.857025e+00 3.178961e+00 2.409221e-01 1.327564e+01 2.987452e+00 5.543993e-01 2.356688e-01 1.151626e+00 
31 776  2.882696435411979152e+01 0 0 5.864216e-01 3.360232e+00 2.706878e+00 3.139261e-01 1.332627e+01 3.122818e+00 5.746431e-01 1.813728e-01 1.065353e+00 
32 801  2.566794526426008716e+01 0 0 4.543069e-01 3.205674e+00 2.753680e+00 3.961670e-01 1.231310e+01 3.365521e+00 5.936766e-01 2.009649e-01 1.086151e+00 
33 826  2.433835534439546677e+01 0 0 3.783138e-01 3.470034e+00 2.744113e+00 2.927713e-01 1.101897e+01 2.947157e+00 6.253413e-01 2.183541e-01 1.134849e+00 
34 851  2.600753061764913809e+01 0 0 5.244335e-01 2.891126e+00 3.118255e+00 4.083095e-01 1.200399e+01 3.230458e+00 5.856059e-01 1.851489e-01 1.100282e+00 
35 876  2.358489361171030652e+01 0 0 5.676107e-01 3.237758e+00 2.796918e+00 3.695872e-01 1.188317e+01 3.230740e+00 5.574222e-01 1.482834e-01 1.129645e+00 
36 901  2.373462629987071537e+01 0 0 5.919116e-01 3.701825e+00 2.984930e+00 2.974120e-01 1.240388e+01 3.412201e+00 5.790589e-01 1.937230e-01 1.132181e+00 
37 926  2.355111352845404937e+01 0 0 6.933954e-01 3.655511e+00 2.873982e+00 2.345560e-01 1.247528e+01 3.254958e+00 5.738570e-01 1.986104e-01 1.161764e+00 
38 951  2.332098678481609255e+01 0 0 5.985087e-01 3.274634e+00 2.912013e+00 2.775365e-01 1.241277e+01 3.171062e+00 5.426404e-01 2.038651e-01 1.135040e+00 
39 976  2.380081729241173605e+01 0 0 5.292763e-01 4.370560e+00 2.811015e+00 2.526004e-01 1.273727e+01 3.218003e+00 5.561000e-01 2.113954e-01 1.116422e+00 
40 1001  2.346738515486451604e+01 0 0 6.478310e-01 4.037356e+00 2.782995e+00 2.695772e-01 1.346234e+01 3.115612e+00 5.277825e-01 1.832960e-01 1.130068e+00 
41 1026  2.298335468658266478e+01 0 0 6.279953e-01 3.735294e+00 2.718042e+00 3.587464e-01 1.331315e+01 3.285126e+00 4.959842e-01 1.522815e-01 1.131764e+00 
42 1051  2.317199630334664562e+01 0 0 5.559364e-01 3.517229e+00 2.777302e+00 3.135544e-01 1.283877e+01 3.432332e+00 5.310858e-01 2.014717e-01 1.143523e+00 
43 1076  2.310520164633448559e+01 0 0 6.268856e-01 3.302238e+00 2.864295e+00 3.732989e-01 1.206217e+01 3.346146e+00 5.133137e-01 1.401083e-01 1.139628e+00 
44 1101  2.291737496923748196e+01 0 0 5.049987e-01 3.142422e+00 2.761328e+00 4.243953e-01 1.206345e+01 3.683520e+00 4.683754e-01 1.587664e-01 1.159161e+00 
45 1126  2.369960230476048224e+01 0 0 4.891289e-01 3.649081e+00 2.839844e+00 3.363039e-01 1.274672e+01 3.351247e+00 5.606029e-01 2.090405e-01 1.113961e+00 
46 1151  2.308245679838249842e+01 0 0 5.096996e-01 4.467215e+00 2.764791e+00 3.883872e-01 1.311029e+01 3.396870e+00 5.150341e-01 1.582615e-01 1.164068e+00 
47 1176  2.330674371689529067e+01 0 0 5.316194e-01 3.662943e+00 2.647926e+00 3.639405e-01 1.338117e+01 3.300089e+00 4.974727e-01 1.737365e-01 1.116919e+00 
48 1201  2.262095118369646229e+01 0 0 5.465374e-01 4.420059e+00 2.776436e+00 3.423670e-01 1.377602e+01 3.458226e+00 4.943875e-01 1.850575e-01 1.188538e+00 
49 1226  2.262314144807484340e+01 0 0 5.035279e-01 3.218363e+00 2.755424e+00 3.765071e-01 1.280280e+01 3.532374e+00 4.695509e-01 1.966810e-01 1.162658e+00 
50 1251  2.259994756800551485e+01 0 0 5.211889e-01 3.496427e+00 2.774169e+00 4.225592e-01 1.357727e+01 3.433086e+00 4.673803e-01 1.745318e-01 1.140735e+00 
51 1276  2.275642025772816268e+01 0 0 5.780041e-01 3.646622e+00 2.570955e+00 4.367118e-01 1.358226e+01 3.626045e+00 4.633487e-01 1.511300e-01 1.205187e+00 
52 1301  2.268928474864737055e+01 0 0 4.998236e-01 3.640286e+00 2.494518e+00 4.757244e-01 1.303008e+01 3.686947e+00 4.835433e-01 1.441473e-01 1.161293e+00 
53 1326  2.298595993715294128e+01 0 0 4.761597e-01 3.740961e+00 2.674076e+00 4.315128e-01 1.285818e+01 3.655841e+00 4.735318e-01 1.689250e-01 1.172947e+00 
54 1351  2.256729526494181926e+01 0 0 5.603264e-01 3.782526e+00 2.739418e+00 4.354978e-01 1.339613e+01 3.672023e+00 4.683983e-01 1.548457e-01 1.184664e+00 
55 1376  2.240808605949239052e+01 0 0 6.330663e-01 3.600203e+00 2.732022e+00 3.894761e-01 1.345755e+01 3.716500e+00 4.616644e-01 1.582042e-01 1.178381e+00 
56 1401  2.272505639519943443e+01 0 0 5.453526e-01 3.203874e+00 2.664959e+00 4.771058e-01 1.371914e+01 3.807737e+00 4.497854e-01 1.706149e-01 1.155978e+00 
57 1426  2.244621591947377581e+01 0 0 4.759761e-01 3.692989e+00 2.623296e+00 4.552252e-01 1.371177e+01 3.754829e+00 4.526641e-01 1.772248e-01 1.195580e+00 
58 1451  2.201600334780885859e+01 0 0 5.631212e-01 3.366288e+00 2.661334e+00 4.477991e-01 1.380166e+01 3.875740e+00 4.153316e-01 1.691767e-01 1.175405e+00 
59 1476  2.208708066774099166e+01 0 0 5.712385e-01 3.125845e+00 2.825162e+00 4.594160e-01 1.322556e+01 4.018226e+00 4.383456e-01 1.711331e-01 1.189599e+00 
60 1501  2.223277171564076582e+01 0 0 5.924319e-01 3.320856e+00 2.796328e+00 4.489836e-01 1.316528e+01 3.912734e+00 4.540228e-01 1.576603e-01 1.198017e+00 
61 1526  2.212290651618139137e+01 0 0 6.066760e-01 2.844619e+00 2.769710e+00 4.926663e-01 1.286265e+01 3.989361e+00 4.406930e-01 1.504612e-01 1.204363e+00 
62 1551  2.216291180389814741e+01 0 0 5.212787e-01 3.637036e+00 2.832031e+00 4.650677e-01 1.336689e+01 3.848144e+00 4.304263e-01 1.622019e-01 1.195561e+00 
63 1576  2.217990928775277482e+01 0 0 4.385591e-01 3.458040e+00 2.816063e+00 4.935131e-01 1.309920e+01 3.990512e+00 4.235022e-01 1.846809e-01 1.205832e+00 
64 1601  2.210233031420794703e+01 0 0 5.215042e-01 3.165386e+00 2.724374e+00 4.818967e-01 1.318042e+01 3.930382e+00 4.165823e-01 1.688594e-01 1.190089e+00 
65 1626  2.204256310903723914e+01 0 0 5.033182e-01 3.657386e+00 2.831438e+00 4.629608e-01 1.293815e+01 3.865967e+00 4.301774e-01 1.616896e-01 1.205086e+00 
66 1651  2.183906622929189112e+01 0 0 5.427881e-01 3.473801e+00 2.811319e+00 4.681200e-01 1.306332e+01 4.015830e+00 4.184259e-01 1.585652e-01 1.208261e+00 
67 1676  2.182118550427544434e+01 0 0 5.205315e-01 3.321118e+00 2.793730e+00 5.045687e-01 1.320998e+01 3.936056e+00 4.081187e-01 1.572016e-01 1.200397e+00 
68 1701  2.174530477472526968e+01 0 0 4.858935e-01 3.471021e+00 2.738855e+00 4.896835e-01 1.326412e+01 3.985032e+00 4.067367e-01 1.691370e-01 1.215034e+00 
69 1726  2.181244518015299860e+01 0 0 4.741063e-01 3.295774e+00 2.782443e+00 5.182870e-01 1.309254e+01 3.968240e+00 4.026196e-01 1.686093e-01 1.208352e+00 
70 1751  2.167745127071021827e+01 0 0 4.729093e-01 3.174941e+00 2.803001e+00 5.350464e-01 1.312947e+01 4.062682e+00 3.877796e-01 1.706963e-01 1.197033e+00 
71 1776  2.164126552399029890e+01 0 0 4.458240e-01 3.248753e+00 2.732748e+00 5.353519e-01 1.302762e+01 4.000369e+00 3.940402e-01 1.699732e-01 1.213112e+00 
72 1801  2.146352844582625252e+01 0 0 4.796580e-01 3.194362e+00 2.788991e+00 5.336892e-01 1.317764e+01 4.065824e+00 3.765061e-01 1.683481e-01 1.218968e+00 
73 1826  2.130297286789256361e+01 0 0 4.546504e-01 3.297493e+00 2.819770e+00 5.701612e-01 1.311333e+01 4.129875e+00 3.588638e-01 1.617049e-01 1.226926e+00 
74 1851  2.103177196074737410e+01 0 0 5.047793e-01 3.414720e+00 2.810336e+00 5.659109e-01 1.342949e+01 4.197931e+00 3.275737e-01 1.494549e-01 1.232764e+00 
75 1876  2.121906220462685866e+01 0 0 4.687922e-01 3.385465e+00 2.872226e+00 5.499664e-01 1.301098e+01 4.202022e+00 3.483964e-01 1.621302e-01 1.234746e+00 
76 1901  2.106865070048456801e+01 0 0 4.663546e-01 3.227270e+00 2.810103e+00 5.570019e-01 1.307892e+01 4.233709e+00 3.363133e-01 1.647673e-01 1.239253e+00 
77 1926  2.114292370900089324e+01 0 0 4.908518e-01 3.028156e+00 2.743150e+00 5.722828e-01 1.334132e+01 4.333697e+00 3.432559e-01 1.670635e-01 1.237089e+00 
78 1951  2.091354834716080546e+01 0 0 4.362443e-01 3.230410e+00 2.852864e+00 5.989146e-01 1.304704e+01 4.260903e+00 3.061627e-01 1.653602e-01 1.257670e+00 
79 1976  2.084402284926726878e+01 0 0 4.287969e-01 3.017633e+00 2.902022e+00 6.050257e-01 1.296539e+01 4.278759e+00 3.115472e-01 1.747128e-01 1.258061e+00 
80 2001  2.054654223191000639e+01 0 0 4.243368e-01 3.499802e+00 2.793426e+00 6.221259e-01 1.348202e+01 4.395464e+00 2.834631e-01 1.629654e-01 1.281813e+00 
81 2026  2.057381760673044724e+01 0 0 4.466420e-01 3.271910e+00 2.847000e+00 6.041138e-01 1.331062e+01 4.449750e+00 2.687110e-01 1.668311e-01 1.283237e+00 
82 2051  2.048108637710647528e+01 0 0 4.321488e-01 3.149354e+00 3.034878e+00 6.675175e-01 1.323618e+01 4.627464e+00 1.964682e-01 1.607950e-01 1.303208e+00 
83 2076  2.068097731267143757e+01 0 0 4.361313e-01 3.252062e+00 2.938002e+00 6.331633e-01 1.304760e+01 4.388661e+00 2.663378e-01 1.603346e-01 1.277178e+00 
84 2101  2.030651632437895060e+01 0 0 4.856864e-01 3.243068e+00 2.981230e+00 6.352861e-01 1.317619e+01 4.518711e+00 2.413037e-01 1.473840e-01 1.288384e+00 
85 2126  2.031661755870792163e+01 0 0 4.171246e-01 3.396060e+00 2.977769e+00 6.355893e-01 1.344966e+01 4.567792e+00 2.040327e-01 1.686710e-01 1.294145e+00 
86 2151  2.023201863746407980e+01 0 0 4.233459e-01 3.679941e+00 2.964870e+00 5.882411e-01 1.365122e+01 4.502097e+00 2.327534e-01 1.764573e-01 1.298013e+00 
87 2176  1.999487831789011594e+01 0 0 3.890253e-01 3.424039e+00 3.063376e+00 6.861118e-01 1.331268e+01 4.605415e+00 1.601772e-01 1.658253e-01 1.303044e+00 
88 2201  2.003569132447976031e+01 0 0 4.161558e-01 3.187530e+00 2.889739e+00 6.944948e-01 1.356830e+01 4.631135e+00 1.973646e-01 1.635294e-01 1.308364e+00 
89 2226  2.016672825148937420e+01 0 0 3.795008e-01 3.418357e+00 2.979158e+00 6.256003e-01 1.332574e+01 4.542085e+00 2.164922e-01 1.862006e-01 1.286561e+00 
90 2251  2.008300381467883255e+01 0 0 4.262941e-01 3.449566e+00 2.973155e+00 6.407511e-01 1.345615e+01 4.572166e+00 2.068043e-01 1.638771e-01 1.307300e+00 
91 2276  1.999777406119403622e+01 0 0 3.986764e-01 3.582133e+00 2.983002e+00 6.533173e-01 1.361980e+01 4.633211e+00 1.832864e-01 1.699276e-01 1.314399e+00 
92 2301  2.004698053056520379e+01 0 0 4.044920e-01 3.527400e+00 2.995543e+00 6.285883e-01 1.347443e+01 4.603074e+00 2.010594e-01 1.742756e-01 1.315769e+00 
93 2326  1.997336855349662343e+01 0 0 4.080582e-01 3.468041e+00 2.966641e+00 6.681820e-01 1.350370e+01 4.598560e+00 1.821722e-01 1.629575e-01 1.321658e+00 
94 2351  1.997935673351017272e+01 0 0 3.755220e-01 3.399246e+00 2.989884e+00 6.665861e-01 1.337026e+01 4.717846e+00 1.872037e-01 1.782818e-01 1.318325e+00 
95 2376  1.996146567520541737e+01 0 0 4.062324e-01 3.441268e+00 3.053302e+00 7.043312e-01 1.353533e+01 4.663247e+00 1.551120e-01 1.577886e-01 1.339863e+00 
96 2401  2.001712601861947860e+01 0 0 4.381957e-01 3.474747e+00 3.092700e+00 6.428123e-01 1.357353e+01 4.584187e+00 1.867079e-01 1.642074e-01 1.319508e+00 
97 2426  1.992374346406381846e+01 0 0 4.498585e-01 3.707960e+00 3.053207e+00 6.434765e-01 1.345277e+01 4.525420e+00 1.731328e-01 1.462086e-01 1.334534e+00 
98 2451  2.003864585672857856e+01 0 0 4.153824e-01 3.564689e+00 3.046763e+00 6.449333e-01 1.336868e+01 4.557474e+00 1.905605e-01 1.641178e-01 1.332462e+00 
99 2476  1.996118409057658027e+01 0 0 4.674377e-01 3.389565e+00 3.008797e+00 6.422598e-01 1.348969e+01 4.559905e+00 1.759947e-01 1.507121e-01 1.320519e+00 
100 2501  1.995379328541776687e+01 0 0 4.198522e-01 3.656369e+00 3.048617e+00 6.598085e-01 1.351096e+01 4.574901e+00 1.732226e-01 1.568780e-01 1.336725e+00 
101 2526  1.996664802490367663e+01 0 0 4.904411e-01 3.341910e+00 3.054562e+00 6.592522e-01 1.340697e+01 4.494087e+00 1.718274e-01 1.398577e-01 1.319718e+00 
102 2551  1.995421252736779394e+01 0 0 4.636272e-01 3.508737e+00 3.016276e+00 6.819406e-01 1.342130e+01 4.559263e+00 1.750892e-01 1.387824e-01 1.332836e+00 
103 2576  1.996499090154528133e+01 0 0 4.955679e-01 3.312800e+00 3.030918e+00 6.712758e-01 1.337172e+01 4.534234e+00 1.810859e-01 1.372532e-01 1.327135e+00 
104 2601  1.996144220950061765e+01 0 0 4.555374e-01 3.289097e+00 3.064248e+00 6.677043e-01 1.326427e+01 4.498693e+00 1.860587e-01 1.497408e-01 1.328938e+00 
105 2626  2.000124986907816549e+01 0 0 5.001811e-01 3.483610e+00 3.009874e+00 6.409190e-01 1.337227e+01 4.492796e+00 1.868644e-01 1.360732e-01 1.327083e+00 
106 2651  1.998450528394223369e+01 0 0 5.065186e-01 3.355460e+00 3.005595e+00 6.594179e-01 1.323461e+01 4.521968e+00 1.835322e-01 1.312662e-01 1.324562e+00 
107 2676  1.999055933249165307e+01 0 0 4.739990e-01 3.375633e+00 2.953956e+00 6.665064e-01 1.333735e+01 4.480422e+00 1.925557e-01 1.389202e-01 1.321985e+00 
108 2701  1.991991126455860694e+01 0 0 5.013050e-01 3.611239e+00 2.970509e+00 6.486945e-01 1.371325e+01 4.545314e+00 1.734377e-01 1.351173e-01 1.324714e+00 
109 2726  1.992118799217787029e+01 0 0 4.516823e-01 3.453861e+00 2.971268e+00 6.837552e-01 1.333581e+01 4.585500e+00 1.629850e-01 1.395932e-01 1.334441e+00 
110 2751  1.995542541688379856e+01 0 0 4.743553e-01 3.377063e+00 3.000832e+00 6.681624e-01 1.353041e+01 4.569897e+00 1.669258e-01 1.441086e-01 1.329723e+00 
111 2776  1.994430637314780341e+01 0 0 4.553014e-01 3.624215e+00 2.925380e+00 6.525416e-01 1.361167e+01 4.520722e+00 1.642075e-01 1.432762e-01 1.330074e+00 
112 2801  1.996490759963284134e+01 0 0 4.422180e-01 3.709610e+00 2.960205e+00 6.289084e-01 1.366137e+01 4.518051e+00 1.659492e-01 1.517099e-01 1.314645e+00 
113 2826  1.989997170377139923e+01 0 0 4.665000e-01 3.713558e+00 2.994059e+00 6.423661e-01 1.371577e+01 4.545643e+00 1.515401e-01 1.429562e-01 1.327261e+00 
114 2851  1.990416449379210206e+01 0 0 5.061076e-01 3.417505e+00 2.975066e+00 6.680832e-01 1.360684e+01 4.575044e+00 1.522365e-01 1.328553e-01 1.318663e+00 
115 2876  1.995736639311701666e+01 0 0 5.022086e-01 3.402072e+00 2.999732e+00 6.482239e-01 1.347389e+01 4.552627e+00 1.328783e-01 1.345451e-01 1.318983e+00 
116 2901  1.992799847758794130e+01 0 0 5.115728e-01 3.460195e+00 3.042085e+00 6.654883e-01 1.364270e+01 4.567098e+00 1.301670e-01 1.318172e-01 1.340020e+00 
117 2926  1.993874838122622251e+01 0 0 4.661515e-01 3.469850e+00 2.990680e+00 6.609808e-01 1.341922e+01 4.599194e+00 1.420455e-01 1.398452e-01 1.320791e+00 
118 2951  1.990470296303361408e+01 0 0 4.841677e-01 3.244801e+00 3.036908e+00 6.713207e-01 1.322903e+01 4.537210e+00 1.274637e-01 1.355264e-01 1.333366e+00 
119 2976  1.994702421396102920e+01 0 0 4.553463e-01 3.510070e+00 2.999432e+00 6.483245e-01 1.349198e+01 4.501403e+00 1.480435e-01 1.447684e-01 1.312124e+00 
120 3001  1.993609392675275060e+01 0 0 4.619570e-01 3.482225e+00 3.039368e+00 6.305225e-01 1.343492e+01 4.474172e+00 1.581520e-01 1.478285e-01 1.313303e+00 
121 3026  1.990995524737981981e+01 0 0 4.604079e-01 3.396736e+00 3.061770e+00 6.475847e-01 1.348055e+01 4.579710e+00 1.432983e-01 1.507976e-01 1.318872e+00 
122 3051  1.990757474803423577e+01 0 0 4.509405e-01 3.325656e+00 2.979976e+00 6.699586e-01 1.315559e+01 4.519523e+00 1.574501e-01 1.411875e-01 1.320246e+00 
123 3076  1.990918848694701637e+01 0 0 4.321044e-01 3.200099e+00 2.982723e+00 6.750648e-01 1.307007e+01 4.507266e+00 1.363679e-01 1.469909e-01 1.321503e+00 
124 3101  1.992848781882102216e+01 0 0 4.335675e-01 3.097835e+00 3.024222e+00 6.755798e-01 1.282687e+01 4.426671e+00 1.525865e-01 1.459778e-01 1.340499e+00 
125 3126  1.992726311224590319e+01 0 0 4.434041e-01 3.575458e+00 2.961797e+00 6.366974e-01 1.356435e+01 4.419874e+00 1.548884e-01 1.484332e-01 1.324146e+00 
126 3151  1.991188172366011244e+01 0 0 4.419861e-01 3.585791e+00 2.993839e+00 6.261118e-01 1.319479e+01 4.412441e+00 1.439116e-01 1.425006e-01 1.319767e+00 
127 3176  1.991320614110531295e+01 0 0 4.963544e-01 3.063090e+00 3.006280e+00 6.523645e-01 1.292320e+01 4.449955e+00 1.369685e-01 1.330645e-01 1.324974e+00 
128 3201  1.991926321309615489e+01 0 0 4.266114e-01 3.325527e+00 3.036551e+00 6.541741e-01 1.309942e+01 4.472748e+00 1.468755e-01 1.518641e-01 1.327235e+00 
129 3226  1.990126406689558891e+01 0 0 4.334182e-01 3.559589e+00 2.975942e+00 6.419635e-01 1.330643e+01 4.435086e+00 1.504081e-01 1.461337e-01 1.326807e+00 
130 3251  1.991274311440142242e+01 0 0 4.488278e-01 3.632802e+00 2.988101e+00 6.408756e-01 1.355814e+01 4.493474e+00 1.529438e-01 1.463344e-01 1.329767e+00 
131 3276  1.991632834627447224e+01 0 0 4.500427e-01 3.316950e+00 2.982202e+00 6.483606e-01 1.331239e+01 4.480668e+00 1.310296e-01 1.463032e-01 1.319948e+00 
132 3301  1.989004842582184907e+01 0 0 4.287211e-01 3.444677e+00 2.937026e+00 6.475167e-01 1.323908e+01 4.458426e+00 1.363001e-01 1.462897e-01 1.322790e+00 
133 3326  1.992578556399872269e+01 0 0 4.349831e-01 3.575927e+00 2.910830e+00 6.424386e-01 1.347939e+01 4.441752e+00 1.462830e-01 1.459368e-01 1.321571e+00 
134 3351  1.991372184653848976e+01 0 0 4.335941e-01 3.340452e+00 3.004907e+00 6.618910e-01 1.319227e+01 4.483464e+00 1.174261e-01 1.454438e-01 1.325183e+00 
135 3376  1.988349812645260073e+01 0 0 4.390236e-01 3.346036e+00 2.974530e+00 6.616364e-01 1.317138e+01 4.458859e+00 1.361418e-01 1.433090e-01 1.326329e+00 
136 3401  1.988657342809771222e+01 0 0 4.164369e-01 3.391593e+00 2.984035e+00 6.560957e-01 1.312077e+01 4.433424e+00 1.462668e-01 1.497048e-01 1.323001e+00 
137 3426  1.991817133666513939e+01 0 0 4.209529e-01 3.422198e+00 2.938279e+00 6.527007e-01 1.320816e+01 4.459020e+00 1.455461e-01 1.489266e-01 1.325140e+00 
138 3451  1.989041055687673420e+01 0 0 4.428691e-01 3.373291e+00 2.972367e+00 6.487333e-01 1.316664e+01 4.449814e+00 1.308519e-01 1.424034e-01 1.324954e+00 
139 3476  1.988543259489838988e+01 0 0 4.310843e-01 3.459104e+00 2.957296e+00 6.541505e-01 1.330362e+01 4.461606e+00 1.400812e-01 1.463362e-01 1.326380e+00 
140 3501  1.990550152232403036e+01 0 0 4.413231e-01 3.456497e+00 2.963807e+00 6.463638e-01 1.328349e+01 4.459203e+00 1.373940e-01 1.442615e-01 1.324625e+00 
141 3526  1.988617339885211166e+01 0 0 4.189016e-01 3.502560e+00 2.968364e+00 6.455916e-01 1.334996e+01 4.466482e+00 1.300811e-01 1.513809e-01 1.329553e+00 
142 3551  1.990778791922118529e+01 0 0 4.277846e-01 3.501939e+00 2.905881e+00 6.523373e-01 1.334810e+01 4.451198e+00 1.448007e-01 1.454357e-01 1.326244e+00 
143 3576  1.988236083864632775e+01 0 0 4.201719e-01 3.349928e+00 2.956381e+00 6.501006e-01 1.324614e+01 4.466176e+00 1.344367e-01 1.529449e-01 1.325486e+00 
144 3601  1.990213976868266599e+01 0 0 4.217005e-01 3.321003e+00 2.955826e+00 6.414024e-01 1.309629e+01 4.450057e+00 1.407992e-01 1.518979e-01 1.323026e+00 
145 3626  1.989507047004190810e+01 0 0 4.135401e-01 3.468945e+00 2.900634e+00 6.390138e-01 1.333014e+01 4.441161e+00 1.557806e-01 1.547273e-01 1.323238e+00 
146 3651  1.988667481137579074e+01 0 0 4.213053e-01 3.510494e+00 2.925990e+00 6.414205e-01 1.331691e+01 4.466670e+00 1.378918e-01 1.498871e-01 1.322855e+00 
147 3676  1.988215619861216510e+01 0 0 4.285412e-01 3.361748e+00 2.942625e+00 6.448838e-01 1.312648e+01 4.440067e+00 1.438682e-01 1.478023e-01 1.325953e+00 
148 3701  1.989422376687628002e+01 0 0 4.204669e-01 3.318409e+00 2.967538e+00 6.420124e-01 1.307299e+01 4.439077e+00 1.347604e-01 1.515853e-01 1.322614e+00 
149 3726  1.992041155973560507e+01 0 0 4.290578e-01 3.367378e+00 2.948124e+00 6.391588e-01 1.303899e+01 4.400950e+00 1.380523e-01 1.458387e-01 1.323742e+00 
150 3751  1.990595817767571063e+01 0 0 4.231390e-01 3.328727e+00 2.981756e+00 6.456559e-01 1.309993e+01 4.449225e+00 1.348284e-01 1.510069e-01 1.323750e+00 
151 3776  1.989255714980962608e+01 0 0 4.219510e-01 3.375781e+00 2.961152e+00 6.382381e-01 1.306849e+01 4.411707e+00 1.340420e-01 1.490386e-01 1.326777e+00 
152 3801  1.988864563134748664e+01 0 0 4.284773e-01 3.343890e+00 2.995870e+00 6.423708e-01 1.305974e+01 4.420449e+00 1.336254e-01 1.481425e-01 1.325866e+00 
153 3826  1.987818170029492393e+01 0 0 4.190987e-01 3.446946e+00 2.956315e+00 6.414757e-01 1.319680e+01 4.423443e+00 1.422125e-01 1.507445e-01 1.329528e+00 
154 3851  1.988145842275780595e+01 0 0 4.216333e-01 3.461143e+00 2.955674e+00 6.348688e-01 1.309089e+01 4.396973e+00 1.341617e-01 1.468699e-01 1.325973e+00 
155 3876  1.988457084960670329e+01 0 0 4.196190e-01 3.452143e+00 2.949360e+00 6.397595e-01 1.318525e+01 4.434540e+00 1.419277e-01 1.503383e-01 1.326552e+00 
156 3901  1.989393354226280053e+01 0 0 4.152952e-01 3.395958e+00 2.964337e+00 6.408616e-01 1.305742e+01 4.430574e+00 1.327173e-01 1.501999e-01 1.325252e+00 
157 3926  1.989091832792193770e+01 0 0 4.209526e-01 3.385849e+00 2.946253e+00 6.378394e-01 1.312804e+01 4.411056e+00 1.364522e-01 1.500295e-01 1.325502e+00 
158 3951  1.988717081062837266e+01 0 0 4.276439e-01 3.402454e+00 2.951335e+00 6.423078e-01 1.309925e+01 4.416132e+00 1.386629e-01 1.462184e-01 1.326734e+00 
159 3976  1.989361933807316873e+01 0 0 4.246215e-01 3.338652e+00 2.968797e+00 6.443240e-01 1.303488e+01 4.407227e+00 1.354061e-01 1.474129e-01 1.325600e+00 
160 4001  1.986996800961491516e+01 0 0 4.335756e-01 3.378716e+00 2.969205e+00 6.431680e-01 1.306413e+01 4.407276e+00 1.319965e-01 1.436560e-01 1.327818e+00 
161 4026  1.987718197443195223e+01 0 0 4.307194e-01 3.457027e+00 2.969416e+00 6.348237e-01 1.310035e+01 4.407463e+00 1.282784e-01 1.445310e-01 1.327368e+00 
162 4051  1.990080606942907693e+01 0 0 4.293634e-01 3.343022e+00 2.966721e+00 6.422485e-01 1.299370e+01 4.414291e+00 1.265865e-01 1.447615e-01 1.327114e+00 
163 4076  1.990598378643277400e+01 0 0 4.241925e-01 3.450976e+00 2.964843e+00 6.376792e-01 1.306672e+01 4.406264e+00 1.296886e-01 1.455015e-01 1.327391e+00 
164 4101  1.989802137048013364e+01 0 0 4.244288e-01 3.441002e+00 2.946963e+00 6.403797e-01 1.309470e+01 4.420635e+00 1.331800e-01 1.458717e-01 1.327316e+00 
165 4126  1.990220321437890050e+01 0 0 4.271821e-01 3.445750e+00 2.973221e+00 6.399246e-01 1.311445e+01 4.418237e+00 1.264764e-01 1.456646e-01 1.327881e+00 
166 4151  1.988534528615833707e+01 0 0 4.172687e-01 3.385987e+00 2.936960e+00 6.433352e-01 1.308106e+01 4.427564e+00 1.295913e-01 1.486282e-01 1.328164e+00 
167 4176  1.988289360167688713e+01 0 0 4.241961e-01 3.383416e+00 2.939526e+00 6.354035e-01 1.299746e+01 4.407307e+00 1.357452e-01 1.464742e-01 1.325461e+00 
168 4201  1.988137366058320410e+01 0 0 4.204120e-01 3.403141e+00 2.956214e+00 6.374605e-01 1.299151e+01 4.405624e+00 1.284584e-01 1.463696e-01 1.326931e+00 
169 4226  1.989521084008277185e+01 0 0 4.222263e-01 3.424536e+00 2.928802e+00 6.326050e-01 1.309063e+01 4.408648e+00 1.387375e-01 1.481966e-01 1.323621e+00 
170 4251  1.989232554357970173e+01 0 0 4.231911e-01 3.389857e+00 2.949094e+00 6.333048e-01 1.299112e+01 4.394564e+00 1.350825e-01 1.467522e-01 1.325107e+00 
171 4276  1.989199986197320058e+01 0 0 4.210397e-01 3.412022e+00 2.963260e+00 6.384948e-01 1.306579e+01 4.409396e+00 1.343729e-01 1.480485e-01 1.325785e+00 
172 4301  1.987554834339130849e+01 0 0 4.274169e-01 3.387886e+00 2.954864e+00 6.374570e-01 1.304708e+01 4.403454e+00 1.380582e-01 1.463602e-01 1.324806e+00 
173 4326  1.987179412919661914e+01 0 0 4.250691e-01 3.389218e+00 2.963388e+00 6.373277e-01 1.301527e+01 4.402670e+00 1.309392e-01 1.461495e-01 1.326479e+00 
174 4351  1.989567577428169542e+01 0 0 4.186909e-01 3.405146e+00 2.946656e+00 6.439319e-01 1.309766e+01 4.415406e+00 1.357908e-01 1.483182e-01 1.326385e+00 
175 4376  1.988571207666488405e+01 0 0 4.218416e-01 3.400872e+00 2.946250e+00 6.384737e-01 1.301951e+01 4.414436e+00 1.328814e-01 1.466098e-01 1.327480e+00 
176 4401  1.988699304942964474e+01 0 0 4.218243e-01 3.367778e+00 2.951332e+00 6.360085e-01 1.297874e+01 4.392194e+00 1.350014e-01 1.469905e-01 1.326017e+00 
177 4426  1.989139239400705605e+01 0 0 4.221849e-01 3.401409e+00 2.957444e+00 6.372706e-01 1.302868e+01 4.402709e+00 1.324684e-01 1.468193e-01 1.326961e+00 
178 4451  1.989908471196560669e+01 0 0 4.236289e-01 3.394298e+00 2.953508e+00 6.368196e-01 1.301612e+01 4.397836e+00 1.357109e-01 1.464733e-01 1.326826e+00 
179 4476  1.987655224287632194e+01 0 0 4.230961e-01 3.388636e+00 2.939890e+00 6.393137e-01 1.306497e+01 4.410975e+00 1.392247e-01 1.475849e-01 1.325469e+00 
180 4501  1.988538450138521796e+01 0 0 4.238861e-01 3.425946e+00 2.953690e+00 6.399198e-01 1.308979e+01 4.409308e+00 1.359986e-01 1.466184e-01 1.326813e+00 
181 4526  1.988615390604278232e+01 0 0 4.245541e-01 3.394252e+00 2.949285e+00 6.370581e-01 1.304854e+01 4.403427e+00 1.358377e-01 1.467730e-01 1.326071e+00 
182 4551  1.988658764702001847e+01 0 0 4.251676e-01 3.403118e+00 2.957306e+00 6.376493e-01 1.306762e+01 4.410493e+00 1.357658e-01 1.470678e-01 1.326158e+00 
183 4576  1.988066399514652716e+01 0 0 4.277598e-01 3.400976e+00 2.954840e+00 6.371568e-01 1.303484e+01 4.394877e+00 1.364442e-01 1.451585e-01 1.326993e+00 
184 4601  1.986470402476793495e+01 0 0 4.244373e-01 3.403011e+00 2.947477e+00 6.346912e-01 1.301331e+01 4.392743e+00 1.358474e-01 1.459463e-01 1.325860e+00 
185 4626  1.988468191018860765e+01 0 0 4.241410e-01 3.403550e+00 2.947755e+00 6.378355e-01 1.302723e+01 4.396284e+00 1.373908e-01 1.458732e-01 1.326777e+00 
186 4651  1.989713587009290308e+01 0 0 4.242734e-01 3.397715e+00 2.948373e+00 6.373718e-01 1.301535e+01 4.397186e+00 1.367569e-01 1.458263e-01 1.326529e+00 
187 4676  1.987265500542792296e+01 0 0 4.206076e-01 3.412749e+00 2.954521e+00 6.387139e-01 1.305227e+01 4.405498e+00 1.346668e-01 1.473951e-01 1.326944e+00 
188 4701  1.988562655483087838e+01 0 0 4.266149e-01 3.382290e+00 2.956155e+00 6.376783e-01 1.301973e+01 4.405114e+00 1.354862e-01 1.459415e-01 1.326204e+00 
189 4726  1.989222398731875430e+01 0 0 4.254792e-01 3.376099e+00 2.956924e+00 6.376277e-01 1.302130e+01 4.411516e+00 1.337298e-01 1.466165e-01 1.326850e+00 
190 4751  1.988423535358292327e+01 0 0 4.232931e-01 3.413081e+00 2.960779e+00 6.375660e-01 1.302217e+01 4.391323e+00 1.356140e-01 1.458955e-01 1.327461e+00 
191 4776  1.988263058578444031e+01 0 0 4.258528e-01 3.424673e+00 2.960006e+00 6.346303e-01 1.303305e+01 4.398112e+00 1.343250e-01 1.455137e-01 1.327648e+00 
192 4801  1.988612449214209832e+01 0 0 4.242666e-01 3.400528e+00 2.963403e+00 6.344834e-01 1.297506e+01 4.396146e+00 1.320502e-01 1.455227e-01 1.327322e+00 
193 4826  1.987860545989921945e+01 0 0 4.267386e-01 3.404667e+00 2.961610e+00 6.364783e-01 1.304520e+01 4.407774e+00 1.359312e-01 1.462020e-01 1.327446e+00 
194 4851  1.988228440737208302e+01 0 0 4.245499e-01 3.449928e+00 2.955554e+00 6.346611e-01 1.306274e+01 4.402041e+00 1.333350e-01 1.457200e-01 1.327754e+00 
195 4876  1.986946158362538739e+01 0 0 4.242895e-01 3.427308e+00 2.955330e+00 6.361594e-01 1.303275e+01 4.394396e+00 1.341613e-01 1.453906e-01 1.327364e+00 
196 4901  1.987401102141324216e+01 0 0 4.254697e-01 3.408226e+00 2.963122e+00 6.353158e-01 1.299866e+01 4.400027e+00 1.317436e-01 1.453344e-01 1.327711e+00 
197 4926  1.988378492646991447e+01 0 0 4.236826e-01 3.426773e+00 2.952030e+00 6.345991e-01 1.301362e+01 4.394477e+00 1.341841e-01 1.454322e-01 1.327536e+00 
198 4951  1.986395000441695657e+01 0 0 4.230111e-01 3.422713e+00 2.952013e+00 6.360736e-01 1.303797e+01 4.399689e+00 1.344661e-01 1.461651e-01 1.327182e+00 
199 4976  1.988579627993258114e+01 0 0 4.237316e-01 3.408164e+00 2.947692e+00 6.361835e-01 1.302415e+01 4.397956e+00 1.365246e-01 1.460384e-01 1.326485e+00 
200 5001  1.986638085049919766e+01 0 0 4.256972e-01 3.414501e+00 2.951606e+00 6.347789e-01 1.302551e+01 4.397788e+00 1.357091e-01 1.455579e-01 1.326819e+00 
201 5026  1.987883704293996345e+01 0 0 4.253671e-01 3.410259e+00 2.943470e+00 6.347678e-01 1.300698e+01 4.390220e+00 1.397497e-01 1.452605e-01 1.326885e+00 
202 5051  1.989757457776662619e+01 0 0 4.258087e-01 3.411002e+00 2.950709e+00 6.329143e-01 1.299738e+01 4.389836e+00 1.366572e-01 1.452123e-01 1.327274e+00 
203 5076  1.987942870643745508e+01 0 0 4.242781e-01 3.410755e+00 2.952322e+00 6.341525e-01 1.298838e+01 4.389979e+00 1.351452e-01 1.452001e-01 1.327272e+00 
204 5101  1.989176578486764058e+01 0 0 4.233364e-01 3.390410e+00 2.943486e+00 6.354177e-01 1.298392e+01 4.387305e+00 1.389421e-01 1.458332e-01 1.326374e+00 
205 5126  1.987334019243968797e+01 0 0 4.232625e-01 3.416771e+00 2.941614e+00 6.347901e-01 1.299381e+01 4.378620e+00 1.397054e-01 1.450687e-01 1.326855e+00 
206 5151  1.988963552722538353e+01 0 0 4.237188e-01 3.423744e+00 2.941178e+00 6.354609e-01 1.302759e+01 4.386530e+00 1.392700e-01 1.454075e-01 1.326739e+00 
207 5176  1.988341978279317956e+01 0 0 4.234558e-01 3.421156e+00 2.945372e+00 6.323796e-01 1.300088e+01 4.388408e+00 1.363201e-01 1.457211e-01 1.326625e+00 
208 5201  1.987550846323628662e+01 0 0 4.246979e-01 3.422980e+00 2.946888e+00 6.335543e-01 1.301023e+01 4.388634e+00 1.361891e-01 1.452701e-01 1.326165e+00 
209 5226  1.988903335685167661e+01 0 0 4.255567e-01 3.413962e+00 2.946545e+00 6.355111e-01 1.303747e+01 4.395174e+00 1.376122e-01 1.456169e-01 1.326549e+00 
210 5251  1.986811887102791729e+01 0 0 4.252402e-01 3.399226e+00 2.951184e+00 6.334637e-01 1.298507e+01 4.387865e+00 1.363006e-01 1.453610e-01 1.326641e+00 
211 5276  1.989843086152942675e+01 0 0 4.226428e-01 3.403631e+00 2.945591e+00 6.342914e-01 1.298885e+01 4.388208e+00 1.352833e-01 1.457779e-01 1.326437e+00 
212 5301  1.987862368036174843e+01 0 0 4.234468e-01 3.441687e+00 2.942464e+00 6.333675e-01 1.302101e+01 4.384392e+00 1.374041e-01 1.450650e-01 1.326976e+00 
213 5326  1.988420745947337664e+01 0 0 4.250227e-01 3.437755e+00 2.941931e+00 6.348078e-01 1.302953e+01 4.386068e+00 1.390332e-01 1.446721e-01 1.326928e+00 
214 5351  1.987820867671992175e+01 0 0 4.236831e-01 3.439661e+00 2.945486e+00 6.354772e-01 1.303436e+01 4.395709e+00 1.347942e-01 1.451162e-01 1.327084e+00 
215 5376  1.986527167512809910e+01 0 0 4.233910e-01 3.423936e+00 2.942881e+00 6.351512e-01 1.302482e+01 4.395601e+00 1.367786e-01 1.456374e-01 1.326978e+00 
216 5401  1.988966578224296455e+01 0 0 4.206877e-01 3.429223e+00 2.937127e+00 6.351859e-01 1.301092e+01 4.391426e+00 1.363620e-01 1.457464e-01 1.326916e+00 
217 5426  1.988769984122550483e+01 0 0 4.221157e-01 3.440854e+00 2.942906e+00 6.353225e-01 1.303712e+01 4.391689e+00 1.364630e-01 1.456754e-01 1.326996e+00 
218 5451  1.988965562506344043e+01 0 0 4.246231e-01 3.439801e+00 2.953264e+00 6.328661e-01 1.301822e+01 4.394387e+00 1.334787e-01 1.452048e-01 1.327275e+00 
219 5476  1.987619109507415516e+01 0 0 4.229346e-01 3.449734e+00 2.941793e+00 6.354472e-01 1.306582e+01 4.399597e+00 1.364307e-01 1.458835e-01 1.326777e+00 
220 5501  1.986553080805476057e+01 0 0 4.239390e-01 3.424290e+00 2.946343e+00 6.363616e-01 1.303130e+01 4.402387e+00 1.362300e-01 1.456222e-01 1.327076e+00 
221 5526  1.988045315592994911e+01 0 0 4.229856e-01 3.445367e+00 2.940218e+00 6.347275e-01 1.303117e+01 4.392094e+00 1.377696e-01 1.452276e-01 1.326774e+00 
222 5551  1.987117348497492841e+01 0 0 4.272280e-01 3.455000e+00 2.947763e+00 6.329139e-01 1.305494e+01 4.396379e+00 1.371492e-01 1.446833e-01 1.326834e+00 
223 5576  1.989193022090849183e+01 0 0 4.232935e-01 3.435716e+00 2.948264e+00 6.339062e-01 1.302718e+01 4.400387e+00 1.350107e-01 1.458660e-01 1.326900e+00 
224 5601  1.987857096558787262e+01 0 0 4.225599e-01 3.428089e+00 2.946928e+00 6.330507e-01 1.301183e+01 4.400225e+00 1.346303e-01 1.461341e-01 1.326350e+00 
225 5626  1.987244431843363657e+01 0 0 4.238235e-01 3.453425e+00 2.944853e+00 6.329432e-01 1.303287e+01 4.398707e+00 1.353598e-01 1.452266e-01 1.327279e+00 
226 5651  1.987258102001000637e+01 0 0 4.235978e-01 3.465207e+00 2.939462e+00 6.331211e-01 1.305593e+01 4.401748e+00 1.361679e-01 1.453904e-01 1.327337e+00 
227 5676  1.988898638225209581e+01 0 0 4.276555e-01 3.427899e+00 2.944407e+00 6.332045e-01 1.301871e+01 4.385851e+00 1.395764e-01 1.444010e-01 1.326338e+00 
228 5701  1.988085935699295703e+01 0 0 4.210930e-01 3.419840e+00 2.941580e+00 6.328531e-01 1.297818e+01 4.393970e+00 1.352968e-01 1.458710e-01 1.327207e+00 
229 5726  1.989648577724863188e+01 0 0 4.240486e-01 3.450887e+00 2.938484e+00 6.336777e-01 1.304762e+01 4.396527e+00 1.373617e-01 1.452271e-01 1.327326e+00 
230 5751  1.988041435670145773e+01 0 0 4.254357e-01 3.434029e+00 2.944881e+00 6.310094e-01 1.300913e+01 4.398506e+00 1.351966e-01 1.452185e-01 1.327193e+00 
231 5776  1.986772597232477366e+01 0 0 4.262202e-01 3.417526e+00 2.951909e+00 6.310545e-01 1.298693e+01 4.394269e+00 1.353880e-01 1.451398e-01 1.327108e+00 
232 5801  1.990094400676125375e+01 0 0 4.247716e-01 3.433307e+00 2.942717e+00 6.343535e-01 1.302992e+01 4.394213e+00 1.370570e-01 1.450818e-01 1.327109e+00 
233 5826  1.987492908849545614e+01 0 0 4.234879e-01 3.419333e+00 2.942215e+00 6.333522e-01 1.300102e+01 4.392229e+00 1.389337e-01 1.456757e-01 1.327016e+00 
234 5851  1.988351978017528410e+01 0 0 4.233983e-01 3.420099e+00 2.951650e+00 6.321627e-01 1.298163e+01 4.392576e+00 1.340653e-01 1.454276e-01 1.327179e+00 
235 5876  1.988578051380422096e+01 0 0 4.221885e-01 3.420177e+00 2.945915e+00 6.330189e-01 1.299377e+01 4.397961e+00 1.350764e-01 1.459803e-01 1.327378e+00 
236 5901  1.986114595600096777e+01 0 0 4.231602e-01 3.412303e+00 2.941107e+00 6.327311e-01 1.298836e+01 4.388825e+00 1.384693e-01 1.457338e-01 1.327189e+00 
237 5926  1.987656161185588388e+01 0 0 4.230886e-01 3.402379e+00 2.939329e+00 6.348983e-01 1.297774e+01 4.381035e+00 1.406088e-01 1.452815e-01 1.327040e+00 
238 5951  1.988335566709420732e+01 0 0 4.215488e-01 3.394829e+00 2.943306e+00 6.342815e-01 1.294971e+01 4.382402e+00 1.379890e-01 1.455669e-01 1.326753e+00 
239 5976  1.988276050958524621e+01 0 0 4.183693e-01 3.394789e+00 2.949488e+00 6.345934e-01 1.293996e+01 4.388741e+00 1.330879e-01 1.463461e-01 1.326777e+00 
240 6001  1.986942250548811728e+01 0 0 4.198533e-01 3.406101e+00 2.952884e+00 6.310134e-01 1.293241e+01 4.390249e+00 1.326100e-01 1.462263e-01 1.327158e+00 
241 6026  1.988075404564054338e+01 0 0 4.204481e-01 3.419026e+00 2.937073e+00 6.370098e-01 1.300399e+01 4.385315e+00 1.398199e-01 1.456368e-01 1.327125e+00 
242 6051  1.989254146318021554e+01 0 0 4.215882e-01 3.405489e+00 2.939645e+00 6.366822e-01 1.298291e+01 4.387282e+00 1.395240e-01 1.454847e-01 1.327011e+00 
243 6076  1.988964031139400035e+01 0 0 4.261090e-01 3.416152e+00 2.937050e+00 6.331345e-01 1.300491e+01 4.387619e+00 1.413925e-01 1.449525e-01 1.326191e+00 
244 6101  1.989678112681743016e+01 0 0 4.244356e-01 3.450017e+00 2.939804e+00 6.334250e-01 1.304333e+01 4.395991e+00 1.381502e-01 1.452193e-01 1.327390e+00 
245 6126  1.988173574048840919e+01 0 0 4.209021e-01 3.387658e+00 2.946123e+00 6.352524e-01 1.295923e+01 4.381168e+00 1.400559e-01 1.462808e-01 1.326371e+00 
246 6151  1.988410923971602529e+01 0 0 4.234043e-01 3.429360e+00 2.935282e+00 6.363102e-01 1.305214e+01 4.391255e+00 1.423843e-01 1.458860e-01 1.325816e+00 
247 6176  1.988481420910790831e+01 0 0 4.230367e-01 3.457271e+00 2.928186e+00 6.361644e-01 1.308161e+01 4.386328e+00 1.440085e-01 1.454904e-01 1.326073e+00 
248 6201  1.988570650704569331e+01 0 0 4.174848e-01 3.407827e+00 2.938902e+00 6.365423e-01 1.297646e+01 4.381966e+00 1.380220e-01 1.463720e-01 1.326448e+00 
249 6226  1.989131122181785827e+01 0 0 4.197772e-01 3.405776e+00 2.934714e+00 6.393011e-01 1.299622e+01 4.373725e+00 1.426101e-01 1.454215e-01 1.326225e+00 
250 6251  1.989635091447088300e+01 0 0 4.237619e-01 3.420862e+00 2.934720e+00 6.364802e-01 1.303005e+01 4.375915e+00 1.447976e-01 1.452467e-01 1.325754e+00 
251 6276  1.988516735514814826e+01 0 0 4.189355e-01 3.392335e+00 2.934961e+00 6.360865e-01 1.296005e+01 4.378898e+00 1.416188e-01 1.461542e-01 1.326190e+00 
252 6301  1.989088060444676032e+01 0 0 4.161168e-01 3.375584e+00 2.943884e+00 6.389478e-01 1.294295e+01 4.376907e+00 1.383170e-01 1.466424e-01 1.326347e+00 
253 6326  1.987872584862847702e+01 0 0 4.220999e-01 3.439666e+00 2.952321e+00 6.325117e-01 1.301620e+01 4.394080e+00 1.354344e-01 1.461621e-01 1.326291e+00 
254 6351  1.988393640357590542e+01 0 0 4.250476e-01 3.423293e+00 2.948913e+00 6.345932e-01 1.302938e+01 4.406278e+00 1.366154e-01 1.458284e-01 1.326341e+00 
255 6376  1.988342381181741203e+01 0 0 4.197555e-01 3.407728e+00 2.949512e+00 6.356108e-01 1.296655e+01 4.388761e+00 1.390295e-01 1.463610e-01 1.325615e+00 
256 6401  1.987769008158829820e+01 0 0 4.199091e-01 3.437701e+00 2.957041e+00 6.337903e-01 1.300063e+01 4.409096e+00 1.332780e-01 1.468542e-01 1.326183e+00 
257 6426  1.988114388186537340e+01 0 0 4.189919e-01 3.420523e+00 2.933491e+00 6.411352e-01 1.302200e+01 4.373948e+00 1.454015e-01 1.456287e-01 1.325680e+00 
258 6451  1.989223984787042809e+01 0 0 4.184832e-01 3.455667e+00 2.951127e+00 6.341077e-01 1.302028e+01 4.403827e+00 1.361245e-01 1.470467e-01 1.326034e+00 
259 6476  1.988635278659017303e+01 0 0 4.137732e-01 3.384492e+00 2.955696e+00 6.331945e-01 1.289390e+01 4.386316e+00 1.348806e-01 1.479565e-01 1.325548e+00 
260 6501  1.989157775491257141e+01 0 0 4.215615e-01 3.448385e+00 2.944750e+00 6.314337e-01 1.301329e+01 4.398648e+00 1.400862e-01 1.465680e-01 1.326535e+00 
261 6526  1.986954119062338364e+01 0 0 4.144861e-01 3.401310e+00 2.964299e+00 6.321084e-01 1.288567e+01 4.390917e+00 1.319620e-01 1.473892e-01 1.326314e+00 
262 6551  1.988801951891591813e+01 0 0 4.155459e-01 3.407909e+00 2.965173e+00 6.327394e-01 1.292796e+01 4.396873e+00 1.307540e-01 1.476412e-01 1.327147e+00 
263 6576  1.989555553785572428e+01 0 0 4.193389e-01 3.410670e+00 2.944086e+00 6.299876e-01 1.292936e+01 4.389050e+00 1.376635e-01 1.465846e-01 1.326218e+00 
264 6601  1.989530536378619630e+01 0 0 4.245417e-01 3.398798e+00 2.934542e+00 6.355161e-01 1.299279e+01 4.388955e+00 1.438214e-01 1.454180e-01 1.326854e+00 
265 6626  1.988628164832574896e+01 0 0 4.219467e-01 3.416767e+00 2.945629e+00 6.295750e-01 1.296490e+01 4.395636e+00 1.368870e-01 1.464918e-01 1.327031e+00 
266 6651  1.986678709922084352e+01 0 0 4.214904e-01 3.397826e+00 2.928543e+00 6.337656e-01 1.295046e+01 4.378612e+00 1.465147e-01 1.457660e-01 1.325715e+00 
267 6676  1.989300294555694038e+01 0 0 4.211132e-01 3.424574e+00 2.930557e+00 6.338786e-01 1.297820e+01 4.392516e+00 1.455854e-01 1.460419e-01 1.326864e+00 
268 6701  1.989177073205304325e+01 0 0 4.148885e-01 3.432299e+00 2.945056e+00 6.359228e-01 1.297724e+01 4.389572e+00 1.406948e-01 1.474336e-01 1.326488e+00 
269 6726  1.988771022723848603e+01 0 0 4.195409e-01 3.486023e+00 2.941047e+00 6.300056e-01 1.304806e+01 4.410581e+00 1.381494e-01 1.471557e-01 1.326499e+00 
270 6751  1.988452764405238682e+01 0 0 4.143426e-01 3.455503e+00 2.932597e+00 6.317190e-01 1.296600e+01 4.405179e+00 1.403099e-01 1.475756e-01 1.326796e+00 
271 6776  1.986920283896007788e+01 0 0 4.220267e-01 3.417727e+00 2.952134e+00 6.281601e-01 1.292812e+01 4.397084e+00 1.368567e-01 1.462176e-01 1.326602e+00 
272 6801  1.988379401780587585e+01 0 0 4.156164e-01 3.434055e+00 2.941366e+00 6.307229e-01 1.291036e+01 4.400945e+00 1.391690e-01 1.470176e-01 1.327152e+00 
273 6826  1.987357817550686434e+01 0 0 4.161592e-01 3.395256e+00 2.945555e+00 6.320586e-01 1.285163e+01 4.391176e+00 1.378576e-01 1.460684e-01 1.328403e+00 
274 6851  1.989296337409075477e+01 0 0 4.139458e-01 3.417849e+00 2.948957e+00 6.362022e-01 1.294010e+01 4.385734e+00 1.401765e-01 1.472226e-01 1.326305e+00 
275 6876  1.988754140689035310e+01 0 0 4.130306e-01 3.383985e+00 2.918191e+00 6.387288e-01 1.290547e+01 4.376217e+00 1.485234e-01 1.466906e-01 1.326557e+00 
276 6901  1.988085326488898019e+01 0 0 4.159999e-01 3.399929e+00 2.951479e+00 6.332265e-01 1.289077e+01 4.387299e+00 1.370979e-01 1.467010e-01 1.326635e+00 
277 6926  1.988182554046491290e+01 0 0 4.128062e-01 3.437898e+00 2.947839e+00 6.346857e-01 1.292168e+01 4.391241e+00 1.366351e-01 1.468189e-01 1.327256e+00 
278 6951  1.988666311816163201e+01 0 0 4.179143e-01 3.450259e+00 2.964497e+00 6.279043e-01 1.294360e+01 4.401425e+00 1.298847e-01 1.469612e-01 1.326895e+00 
279 6976  1.988297173974456200e+01 0 0 4.134249e-01 3.425015e+00 2.944748e+00 6.326060e-01 1.290024e+01 4.395314e+00 1.370100e-01 1.470254e-01 1.327503e+00 
280 7001  1.990996634926580455e+01 0 0 4.165124e-01 3.418778e+00 2.943903e+00 6.310605e-01 1.291373e+01 4.388103e+00 1.374537e-01 1.465866e-01 1.327436e+00 
281 7026  1.987050626752590787e+01 0 0 4.142595e-01 3.419881e+00 2.945153e+00 6.308520e-01 1.288512e+01 4.384796e+00 1.377284e-01 1.468023e-01 1.327114e+00 
282 7051  1.988820130671831521e+01 0 0 4.171815e-01 3.433920e+00 2.946441e+00 6.303926e-01 1.292084e+01 4.393489e+00 1.362475e-01 1.463523e-01 1.326822e+00 
283 7076  1.989179876893186005e+01 0 0 4.157286e-01 3.421390e+00 2.932023e+00 6.336137e-01 1.293330e+01 4.394105e+00 1.429132e-01 1.468769e-01 1.327071e+00 
284 7101  1.987390508647552423e+01 0 0 4.176320e-01 3.422714e+00 2.934324e+00 6.323236e-01 1.293152e+01 4.388264e+00 1.426675e-01 1.463373e-01 1.326737e+00 
285 7126  1.988385040802435810e+01 0 0 4.166158e-01 3.423276e+00 2.931707e+00 6.328413e-01 1.294929e+01 4.391200e+00 1.410188e-01 1.467479e-01 1.327410e+00 
286 7151  1.988717000190630202e+01 0 0 4.158993e-01 3.416230e+00 2.935048e+00 6.319034e-01 1.290441e+01 4.386002e+00 1.401001e-01 1.463016e-01 1.327062e+00 
287 7176  1.988082583898237843e+01 0 0 4.143577e-01 3.421169e+00 2.927944e+00 6.336022e-01 1.293018e+01 4.384201e+00 1.435633e-01 1.469063e-01 1.326801e+00 
288 7201  1.988734194061583338e+01 0 0 4.150801e-01 3.431828e+00 2.927729e+00 6.361258e-01 1.296299e+01 4.389105e+00 1.440729e-01 1.465847e-01 1.326844e+00 
289 7226  1.988008622131013325e+01 0 0 4.160288e-01 3.434651e+00 2.932240e+00 6.321638e-01 1.294482e+01 4.388428e+00 1.409622e-01 1.465787e-01 1.327034e+00 
290 7251  1.987052736055824198e+01 0 0 4.164170e-01 3.416992e+00 2.927876e+00 6.330750e-01 1.293414e+01 4.381147e+00 1.441078e-01 1.465031e-01 1.326622e+00 
291 7276  1.988624786596966487e+01 0 0 4.179108e-01 3.427348e+00 2.931587e+00 6.320108e-01 1.295356e+01 4.386254e+00 1.423570e-01 1.464603e-01 1.326445e+00 
292 7301  1.987939880127649772e+01 0 0 4.171101e-01 3.396078e+00 2.926158e+00 6.335330e-01 1.291814e+01 4.377647e+00 1.460614e-01 1.464647e-01 1.326445e+00 
293 7326  1.988302087271988938e+01 0 0 4.168902e-01 3.416953e+00 2.945702e+00 6.278527e-01 1.290303e+01 4.397881e+00 1.348423e-01 1.471306e-01 1.326778e+00 
294 7351  1.988673480696134632e+01 0 0 4.187239e-01 3.463468e+00 2.922558e+00 6.310242e-01 1.301773e+01 4.397543e+00 1.434863e-01 1.466326e-01 1.326911e+00 
295 7376  1.988916797318467644e+01 0 0 4.163937e-01 3.416984e+00 2.931183e+00 6.306665e-01 1.292350e+01 4.391177e+00 1.406623e-01 1.468786e-01 1.326943e+00 
296 7401  1.989350488372172876e+01 0 0 4.179900e-01 3.432972e+00 2.936485e+00 6.300280e-01 1.293495e+01 4.394110e+00 1.394560e-01 1.463892e-01 1.326874e+00 
297 7426  1.986223044110314362e+01 0 0 4.183531e-01 3.435489e+00 2.936882e+00 6.304290e-01 1.295326e+01 4.390508e+00 1.408823e-01 1.465492e-01 1.326444e+00 
298 7451  1.988449022684153888e+01 0 0 4.172028e-01 3.428406e+00 2.934198e+00 6.304695e-01 1.293513e+01 4.386360e+00 1.408055e-01 1.465645e-01 1.326839e+00 
299 7476  1.987444063924311877e+01 0 0 4.179032e-01 3.431682e+00 2.928946e+00 6.314577e-01 1.295267e+01 4.392585e+00 1.429496e-01 1.465363e-01 1.326931e+00 
300 7501  1.988163711280535040e+01 0 0 4.176761e-01 3.432127e+00 2.932593e+00 6.300086e-01 1.293976e+01 4.387525e+00 1.420729e-01 1.465841e-01 1.326667e+00 
301 7526  1.987490169326991918e+01 0 0 4.191695e-01 3.443910e+00 2.931284e+00 6.301207e-01 1.296730e+01 4.391474e+00 1.418398e-01 1.462742e-01 1.326645e+00 
302 7551  1.988227356764357623e+01 0 0 4.201480e-01 3.438062e+00 2.932062e+00 6.292836e-01 1.296474e+01 4.395188e+00 1.420313e-01 1.464161e-01 1.326598e+00 
303 7576  1.986807894349999515e+01 0 0 4.195384e-01 3.442697e+00 2.933718e+00 6.319651e-01 1.298955e+01 4.392612e+00 1.432902e-01 1.464921e-01 1.326373e+00 
304 7601  1.987774468051594567e+01 0 0 4.194486e-01 3.449728e+00 2.929445e+00 6.303603e-01 1.299600e+01 4.392407e+00 1.436698e-01 1.466816e-01 1.326466e+00 
305 7626  1.987257793415127693e+01 0 0 4.197763e-01 3.451705e+00 2.937426e+00 6.290487e-01 1.296524e+01 4.400319e+00 1.390710e-01 1.462703e-01 1.326947e+00 
306 7651  1.987951500916597780e+01 0 0 4.191190e-01 3.442444e+00 2.931985e+00 6.308913e-01 1.297292e+01 4.390116e+00 1.436671e-01 1.464874e-01 1.326655e+00 
307 7676  1.987811802524626970e+01 0 0 4.189944e-01 3.416489e+00 2.928792e+00 6.298979e-01 1.293703e+01 4.388716e+00 1.439221e-01 1.466456e-01 1.326599e+00 
308 7701  1.986421716688411365e+01 0 0 4.177834e-01 3.437096e+00 2.933489e+00 6.302183e-01 1.295321e+01 4.396695e+00 1.403329e-01 1.467267e-01 1.326956e+00 
309 7726  1.987600034479718758e+01 0 0 4.182187e-01 3.417766e+00 2.925470e+00 6.313837e-01 1.295023e+01 4.386566e+00 1.450245e-01 1.467383e-01 1.326653e+00 
310 7751  1.987173844177130277e+01 0 0 4.189802e-01 3.431319e+00 2.928473e+00 6.306985e-01 1.297107e+01 4.389189e+00 1.443308e-01 1.467661e-01 1.326580e+00 
311 7776  1.988401326085351073e+01 0 0 4.194805e-01 3.434888e+00 2.931305e+00 6.297798e-01 1.297111e+01 4.390854e+00 1.431656e-01 1.467387e-01 1.326645e+00 
312 7801  1.989050297345682949e+01 0 0 4.186640e-01 3.434565e+00 2.929041e+00 6.313620e-01 1.296594e+01 4.389439e+00 1.440826e-01 1.465104e-01 1.326792e+00 
313 7826  1.987906422002630435e+01 0 0 4.210300e-01 3.443419e+00 2.932016e+00 6.296246e-01 1.299642e+01 4.392867e+00 1.436205e-01 1.466144e-01 1.326692e+00 
314 7851  1.987430216818846418e+01 0 0 4.195636e-01 3.450968e+00 2.934559e+00 6.290830e-01 1.298948e+01 4.394607e+00 1.408491e-01 1.467298e-01 1.326743e+00 
315 7876  1.988605203031406177e+01 0 0 4.202743e-01 3.447934e+00 2.926944e+00 6.300616e-01 1.300211e+01 4.394267e+00 1.441510e-01 1.466354e-01 1.326546e+00 
316 7901  1.986729280045627277e+01 0 0 4.197960e-01 3.450417e+00 2.926513e+00 6.306007e-01 1.299852e+01 4.393008e+00 1.443254e-01 1.464919e-01 1.326853e+00 
317 7926  1.988116617033803024e+01 0 0 4.220843e-01 3.459005e+00 2.928926e+00 6.297173e-01 1.302371e+01 4.397106e+00 1.448726e-01 1.464510e-01 1.326519e+00 
318 7951  1.988355126706008136e+01 0 0 4.218558e-01 3.453685e+00 2.928970e+00 6.294288e-01 1.301096e+01 4.394926e+00 1.440178e-01 1.463422e-01 1.326596e+00 
319 7976  1.988716564687830157e+01 0 0 4.206544e-01 3.456495e+00 2.920950e+00 6.319301e-01 1.301683e+01 4.394030e+00 1.470580e-01 1.461940e-01 1.326568e+00 
320 8001  1.989249086734953664e+01 0 0 4.213091e-01 3.464484e+00 2.931216e+00 6.286235e-01 1.301436e+01 4.398366e+00 1.426584e-01 1.465228e-01 1.326612e+00 
321 8026  1.988059037969708243e+01 0 0 4.223399e-01 3.451111e+00 2.919165e+00 6.315843e-01 1.303915e+01 4.390372e+00 1.487764e-01 1.463291e-01 1.326521e+00 
322 8051  1.986992806010937329e+01 0 0 4.220244e-01 3.451558e+00 2.921520e+00 6.303248e-01 1.303017e+01 4.393150e+00 1.465343e-01 1.465084e-01 1.326695e+00 
323 8076  1.987496656501952685e+01 0 0 4.208922e-01 3.464399e+00 2.927722e+00 6.309138e-01 1.301867e+01 4.394698e+00 1.457595e-01 1.463212e-01 1.326461e+00 
324 8101  1.988513000227113992e+01 0 0 4.204614e-01 3.455471e+00 2.933507e+00 6.289340e-01 1.299392e+01 4.399526e+00 1.405996e-01 1.465131e-01 1.326911e+00 
325 8126  1.987795571470601530e+01 0 0 4.238729e-01 3.464653e+00 2.933961e+00 6.270473e-01 1.302001e+01 4.400847e+00 1.418863e-01 1.462076e-01 1.326518e+00 
326 8151  1.989354351656996300e+01 0 0 4.215753e-01 3.440962e+00 2.931968e+00 6.277563e-01 1.297800e+01 4.398218e+00 1.418557e-01 1.465386e-01 1.326799e+00 
327 8176  1.988150904224751869e+01 0 0 4.215883e-01 3.430285e+00 2.922411e+00 6.307482e-01 1.299394e+01 4.389444e+00 1.469529e-01 1.463809e-01 1.326612e+00 
328 8201  1.988721523717748241e+01 0 0 4.208051e-01 3.418542e+00 2.925205e+00 6.293885e-01 1.296184e+01 4.387099e+00 1.447276e-01 1.464958e-01 1.326869e+00 
329 8226  1.987646105242864536e+01 0 0 4.238119e-01 3.449007e+00 2.937368e+00 6.268590e-01 1.299180e+01 4.396002e+00 1.414513e-01 1.461329e-01 1.326431e+00 
330 8251  1.988394228949485409e+01 0 0 4.239901e-01 3.456648e+00 2.931150e+00 6.291232e-01 1.301680e+01 4.400393e+00 1.439792e-01 1.459996e-01 1.326658e+00 
331 8276  1.987765799420838775e+01 0 0 4.222401e-01 3.447091e+00 2.938453e+00 6.278336e-01 1.297015e+01 4.399303e+00 1.395033e-01 1.459771e-01 1.326768e+00 
332 8301  1.990085989743892014e+01 0 0 4.251928e-01 3.439983e+00 2.942253e+00 6.244256e-01 1.296712e+01 4.402507e+00 1.383817e-01 1.460198e-01 1.326644e+00 
333 8326  1.987376853675140609e+01 0 0 4.213446e-01 3.461685e+00 2.939777e+00 6.270117e-01 1.297726e+01 4.402439e+00 1.388053e-01 1.462659e-01 1.326955e+00 
334 8351  1.988180348847962975e+01 0 0 4.206210e-01 3.453424e+00 2.930781e+00 6.277346e-01 1.298347e+01 4.394819e+00 1.422110e-01 1.464889e-01 1.326843e+00 
335 8376  1.986656500289413430e+01 0 0 4.252571e-01 3.458698e+00 2.934439e+00 6.256186e-01 1.300911e+01 4.404765e+00 1.411052e-01 1.461085e-01 1.326671e+00 
336 8401  1.988393724501083071e+01 0 0 4.259966e-01 3.444698e+00 2.942466e+00 6.243905e-01 1.298721e+01 4.404330e+00 1.385603e-01 1.461249e-01 1.326958e+00 
337 8426  1.987278206073946052e+01 0 0 4.235911e-01 3.467045e+00 2.945330e+00 6.248018e-01 1.299301e+01 4.405106e+00 1.360074e-01 1.461752e-01 1.327053e+00 
338 8451  1.988916387302842281e+01 0 0 4.234987e-01 3.449718e+00 2.940009e+00 6.262214e-01 1.298205e+01 4.397868e+00 1.397224e-01 1.461545e-01 1.326581e+00 
339 8476  1.988401337357877452e+01 0 0 4.250972e-01 3.467525e+00 2.941217e+00 6.244969e-01 1.301319e+01 4.405062e+00 1.386543e-01 1.462446e-01 1.326910e+00 
340 8501  1.988130205343755819e+01 0 0 4.248407e-01 3.461902e+00 2.941776e+00 6.246846e-01 1.299489e+01 4.406083e+00 1.375846e-01 1.459997e-01 1.327052e+00 
341 8526  1.987932618619726099e+01 0 0 4.254990e-01 3.460233e+00 2.934034e+00 6.254798e-01 1.302275e+01 4.403832e+00 1.416139e-01 1.462730e-01 1.326803e+00 
342 8551  1.988816132163670858e+01 0 0 4.251070e-01 3.473403e+00 2.939118e+00 6.257663e-01 1.302883e+01 4.407545e+00 1.393619e-01 1.461394e-01 1.327032e+00 
343 8576  1.988498279187593099e+01 0 0 4.268387e-01 3.450826e+00 2.940126e+00 6.243159e-01 1.300321e+01 4.403069e+00 1.398658e-01 1.460118e-01 1.326756e+00 
344 8601  1.987388388243701343e+01 0 0 4.261824e-01 3.456182e+00 2.940099e+00 6.253298e-01 1.300896e+01 4.401246e+00 1.409022e-01 1.460147e-01 1.326541e+00 
345 8626  1.987936546519161851e+01 0 0 4.265126e-01 3.458252e+00 2.936940e+00 6.259104e-01 1.301957e+01 4.398505e+00 1.421649e-01 1.458492e-01 1.326585e+00 
346 8651  1.989342472397730077e+01 0 0 4.256937e-01 3.456570e+00 2.938745e+00 6.255727e-01 1.300935e+01 4.403188e+00 1.404793e-01 1.460679e-01 1.326727e+00 
347 8676  1.987040966741786718e+01 0 0 4.267011e-01 3.463008e+00 2.943381e+00 6.236043e-01 1.299682e+01 4.406564e+00 1.380230e-01 1.457619e-01 1.326931e+00 
348 8701  1.986905457473119796e+01 0 0 4.263582e-01 3.457259e+00 2.941466e+00 6.240261e-01 1.299688e+01 4.402025e+00 1.393179e-01 1.458756e-01 1.326926e+00 
349 8726  1.988756023272801698e+01 0 0 4.268376e-01 3.447719e+00 2.945019e+00 6.226545e-01 1.298657e+01 4.404569e+00 1.370561e-01 1.460956e-01 1.326974e+00 
350 8751  1.987522462027586201e+01 0 0 4.255519e-01 3.444991e+00 2.935904e+00 6.253286e-01 1.299033e+01 4.401396e+00 1.408318e-01 1.460070e-01 1.326940e+00 
351 8776  1.989502301927083749e+01 0 0 4.261293e-01 3.448012e+00 2.942762e+00 6.242865e-01 1.298018e+01 4.401841e+00 1.387550e-01 1.458283e-01 1.326827e+00 
352 8801  1.987638361958402200e+01 0 0 4.265202e-01 3.462005e+00 2.943818e+00 6.236100e-01 1.300248e+01 4.405211e+00 1.374766e-01 1.458846e-01 1.326987e+00 
353 8826  1.987769217543313616e+01 0 0 4.261771e-01 3.460828e+00 2.942698e+00 6.236804e-01 1.300038e+01 4.404232e+00 1.380351e-01 1.459618e-01 1.326944e+00 
354 8851  1.987235844537942242e+01 0 0 4.261690e-01 3.462807e+00 2.945561e+00 6.235905e-01 1.299392e+01 4.404147e+00 1.366623e-01 1.457665e-01 1.326994e+00 
355 8876  1.988927154114524498e+01 0 0 4.256926e-01 3.451747e+00 2.946047e+00 6.236182e-01 1.297259e+01 4.403042e+00 1.372307e-01 1.458685e-01 1.327018e+00 
356 8901  1.989116734494746197e+01 0 0 4.261380e-01 3.467743e+00 2.938349e+00 6.251792e-01 1.301670e+01 4.404493e+00 1.401541e-01 1.458148e-01 1.326914e+00 
357 8926  1.988134607984946811e+01 0 0 4.270179e-01 3.471343e+00 2.946783e+00 6.231257e-01 1.300421e+01 4.407505e+00 1.364472e-01 1.456498e-01 1.327074e+00 
358 8951  1.988386108202677605e+01 0 0 4.273016e-01 3.444281e+00 2.949819e+00 6.211292e-01 1.296430e+01 4.404190e+00 1.352037e-01 1.459269e-01 1.327035e+00 
359 8976  1.988722223185975224e+01 0 0 4.262644e-01 3.444777e+00 2.951026e+00 6.219029e-01 1.295464e+01 4.402994e+00 1.348735e-01 1.458648e-01 1.326985e+00 
360 9001  1.988534957594709240e+01 0 0 4.272955e-01 3.448539e+00 2.947445e+00 6.224284e-01 1.297220e+01 4.401873e+00 1.370353e-01 1.456875e-01 1.326931e+00 
361 9026  1.987203934067099453e+01 0 0 4.278710e-01 3.443962e+00 2.949190e+00 6.209009e-01 1.295778e+01 4.405251e+00 1.355537e-01 1.456893e-01 1.327168e+00 
362 9051  1.988481555360698394e+01 0 0 4.265434e-01 3.446158e+00 2.948417e+00 6.218814e-01 1.296350e+01 4.403373e+00 1.361723e-01 1.459603e-01 1.327001e+00 
363 9076  1.987015186243773357e+01 0 0 4.270701e-01 3.449149e+00 2.945183e+00 6.222800e-01 1.297227e+01 4.404268e+00 1.375139e-01 1.458125e-01 1.327044e+00 
364 9101  1.987628198977716920e+01 0 0 4.279303e-01 3.462596e+00 2.942868e+00 6.230223e-01 1.300157e+01 4.407915e+00 1.385170e-01 1.456465e-01 1.327198e+00 
365 9126  1.987115915880141159e+01 0 0 4.271358e-01 3.446054e+00 2.943331e+00 6.229040e-01 1.296898e+01 4.403522e+00 1.377217e-01 1.455962e-01 1.327362e+00 
366 9151  1.988525644897884348e+01 0 0 4.259914e-01 3.447759e+00 2.938825e+00 6.241450e-01 1.298058e+01 4.399717e+00 1.397753e-01 1.458117e-01 1.326882e+00 
367 9176  1.987524835314918192e+01 0 0 4.275911e-01 3.469151e+00 2.946056e+00 6.218525e-01 1.299839e+01 4.411822e+00 1.351283e-01 1.456458e-01 1.327430e+00 
368 9201  1.988471005886212950e+01 0 0 4.271400e-01 3.448214e+00 2.950518e+00 6.211248e-01 1.295581e+01 4.406482e+00 1.351922e-01 1.457602e-01 1.327285e+00 
369 9226  1.987628399561874915e+01 0 0 4.248390e-01 3.470223e+00 2.936152e+00 6.270858e-01 1.300466e+01 4.406387e+00 1.413032e-01 1.455485e-01 1.327092e+00 
370 9251  1.986097616574987157e+01 0 0 4.254877e-01 3.462968e+00 2.945033e+00 6.241230e-01 1.298290e+01 4.405043e+00 1.377765e-01 1.457435e-01 1.327139e+00 
371 9276  1.989344689841762559e+01 0 0 4.263227e-01 3.443530e+00 2.943068e+00 6.228822e-01 1.297220e+01 4.403416e+00 1.377209e-01 1.460105e-01 1.327098e+00 
372 9301  1.986280195356723155e+01 0 0 4.257498e-01 3.455624e+00 2.938904e+00 6.250983e-01 1.298634e+01 4.404249e+00 1.403551e-01 1.457166e-01 1.326987e+00 
373 9326  1.986826301789259475e+01 0 0 4.263817e-01 3.461856e+00 2.941643e+00 6.238839e-01 1.299064e+01 4.406756e+00 1.390750e-01 1.457380e-01 1.327182e+00 
374 9351  1.986846182188154941e+01 0 0 4.239784e-01 3.466038e+00 2.940244e+00 6.267226e-01 1.299063e+01 4.407498e+00 1.389125e-01 1.457227e-01 1.327437e+00 
375 9376  1.988348385264363571e+01 0 0 4.248841e-01 3.441273e+00 2.938940e+00 6.252504e-01 1.295486e+01 4.402802e+00 1.403941e-01 1.457163e-01 1.327211e+00 
376 9401  1.986843169941162657e+01 0 0 4.263051e-01 3.460710e+00 2.941356e+00 6.236553e-01 1.298904e+01 4.409395e+00 1.379951e-01 1.457690e-01 1.327305e+00 
377 9426  1.987716357165050951e+01 0 0 4.254961e-01 3.461805e+00 2.944523e+00 6.233326e-01 1.297016e+01 4.408859e+00 1.372026e-01 1.457055e-01 1.327427e+00 
378 9451  1.987461529428833273e+01 0 0 4.273839e-01 3.449612e+00 2.941855e+00 6.234398e-01 1.297567e+01 4.404330e+00 1.392095e-01 1.455061e-01 1.327142e+00 
379 9476  1.987804481727258121e+01 0 0 4.267613e-01 3.467989e+00 2.943179e+00 6.235201e-01 1.298864e+01 4.409341e+00 1.378113e-01 1.454613e-01 1.327375e+00 
380 9501  1.988148487331339354e+01 0 0 4.254692e-01 3.460126e+00 2.944082e+00 6.249925e-01 1.297126e+01 4.408557e+00 1.379168e-01 1.454464e-01 1.327269e+00 
381 9526  1.986514382799493106e+01 0 0 4.268076e-01 3.444614e+00 2.946722e+00 6.224317e-01 1.295419e+01 4.406192e+00 1.369592e-01 1.456535e-01 1.327225e+00 
382 9551  1.988227238308590117e+01 0 0 4.253983e-01 3.455071e+00 2.941830e+00 6.247738e-01 1.296520e+01 4.408045e+00 1.382424e-01 1.454744e-01 1.327375e+00 
383 9576  1.988553965950053026e+01 0 0 4.268411e-01 3.449112e+00 2.944665e+00 6.234131e-01 1.296073e+01 4.406990e+00 1.378646e-01 1.454338e-01 1.327263e+00 
384 9601  1.987996333317405728e+01 0 0 4.258603e-01 3.455071e+00 2.943819e+00 6.235320e-01 1.297108e+01 4.409188e+00 1.368308e-01 1.457170e-01 1.327363e+00 
385 9626  1.988093618707013732e+01 0 0 4.264607e-01 3.463004e+00 2.947456e+00 6.232394e-01 1.296978e+01 4.412247e+00 1.359571e-01 1.454314e-01 1.327436e+00 
386 9651  1.988097451549443662e+01 0 0 4.251971e-01 3.454322e+00 2.940493e+00 6.254166e-01 1.297334e+01 4.405529e+00 1.393932e-01 1.455945e-01 1.327207e+00 
387 9676  1.988563866616578224e+01 0 0 4.256173e-01 3.458936e+00 2.943182e+00 6.243823e-01 1.298324e+01 4.407523e+00 1.382090e-01 1.458029e-01 1.327005e+00 
388 9701  1.989116193831084090e+01 0 0 4.258302e-01 3.462092e+00 2.942232e+00 6.254581e-01 1.299302e+01 4.407685e+00 1.391953e-01 1.456516e-01 1.326917e+00 
389 9726  1.989112583600218542e+01 0 0 4.249080e-01 3.456286e+00 2.944065e+00 6.258671e-01 1.297375e+01 4.404377e+00 1.390045e-01 1.455860e-01 1.326805e+00 
390 9751  1.987756828953739330e+01 0 0 4.263926e-01 3.435981e+00 2.942233e+00 6.243726e-01 1.295389e+01 4.402248e+00 1.395980e-01 1.455839e-01 1.326913e+00 
391 9776  1.988318828722991327e+01 0 0 4.262659e-01 3.446229e+00 2.945692e+00 6.227305e-01 1.296322e+01 4.404765e+00 1.380143e-01 1.459385e-01 1.326983e+00 
392 9801  1.986862890902639123e+01 0 0 4.265281e-01 3.446504e+00 2.949489e+00 6.216966e-01 1.295638e+01 4.406710e+00 1.361096e-01 1.459477e-01 1.327149e+00 
393 9826  1.986765779198222859e+01 0 0 4.266386e-01 3.456214e+00 2.950928e+00 6.218054e-01 1.296945e+01 4.409818e+00 1.351567e-01 1.458987e-01 1.327261e+00 
394 9851  1.986870006131936961e+01 0 0 4.263829e-01 3.435675e+00 2.956322e+00 6.208908e-01 1.292026e+01 4.405802e+00 1.338399e-01 1.457554e-01 1.327161e+00 
395 9876  1.988456474352478764e+01 0 0 4.281756e-01 3.454812e+00 2.952496e+00 6.198770e-01 1.296227e+01 4.412077e+00 1.344614e-01 1.457746e-01 1.327325e+00 
396 9901  1.990262530241836814e+01 0 0 4.267337e-01 3.445680e+00 2.947359e+00 6.227291e-01 1.296399e+01 4.404947e+00 1.379389e-01 1.458843e-01 1.326936e+00 
397 9926  1.987639015428809941e+01 0 0 4.269333e-01 3.450272e+00 2.950678e+00 6.219026e-01 1.295698e+01 4.409464e+00 1.358192e-01 1.457441e-01 1.327272e+00 
398 9951  1.987366664786863169e+01 0 0 4.269101e-01 3.438856e+00 2.950449e+00 6.216307e-01 1.293609e+01 4.405527e+00 1.356961e-01 1.455930e-01 1.327262e+00 
399 9976  1.987371316955093903e+01 0 0 4.257371e-01 3.445884e+00 2.944412e+00 6.241320e-01 1.295881e+01 4.403892e+00 1.380890e-01 1.456418e-01 1.327124e+00 
400 10001  1.988479395237469660e+01 0 0 4.252165e-01 3.435519e+00 2.946569e+00 6.243446e-01 1.293662e+01 4.402280e+00 1.386102e-01 1.457065e-01 1.326946e+00 
401 10026  1.988451658305095648e+01 0 0 4.261971e-01 3.451109e+00 2.947559e+00 6.240391e-01 1.295969e+01 4.406965e+00 1.375113e-01 1.455053e-01 1.327086e+00 
402 10051  1.988540586218035955e+01 0 0 4.262400e-01 3.451721e+00 2.945261e+00 6.241118e-01 1.296431e+01 4.406224e+00 1.384406e-01 1.455260e-01 1.327064e+00 
403 10076  1.988705552416582378e+01 0 0 4.265115e-01 3.440970e+00 2.950420e+00 6.227355e-01 1.293845e+01 4.404801e+00 1.364769e-01 1.455067e-01 1.327055e+00 
404 10101  1.988441959321523456e+01 0 0 4.258977e-01 3.440581e+00 2.948196e+00 6.238129e-01 1.294719e+01 4.402316e+00 1.378382e-01 1.456582e-01 1.326949e+00 
405 10126  1.987135657295821289e+01 0 0 4.265962e-01 3.443976e+00 2.950429e+00 6.227919e-01 1.294080e+01 4.406222e+00 1.366897e-01 1.454806e-01 1.327180e+00 
406 10151  1.986432873955768841e+01 0 0 4.260859e-01 3.448909e+00 2.944492e+00 6.250813e-01 1.296761e+01 4.403408e+00 1.398805e-01 1.455491e-01 1.326788e+00 
407 10176  1.988432829438452032e+01 0 0 4.269153e-01 3.441938e+00 2.949389e+00 6.228778e-01 1.294560e+01 4.404734e+00 1.374905e-01 1.455207e-01 1.327062e+00 
408 10201  1.988389646637587305e+01 0 0 4.264007e-01 3.438299e+00 2.948029e+00 6.234986e-01 1.294653e+01 4.402646e+00 1.383503e-01 1.456611e-01 1.326929e+00 
409 10226  1.988416687870556032e+01 0 0 4.266986e-01 3.443967e+00 2.950667e+00 6.232431e-01 1.294244e+01 4.405817e+00 1.369759e-01 1.454073e-01 1.327114e+00 
410 10251  1.986841123955733224e+01 0 0 4.262487e-01 3.440810e+00 2.949436e+00 6.236993e-01 1.294306e+01 4.403134e+00 1.377527e-01 1.455114e-01 1.326945e+00 
411 10276  1.989098052851341691e+01 0 0 4.264893e-01 3.444925e+00 2.952636e+00 6.230007e-01 1.294239e+01 4.405812e+00 1.360624e-01 1.454811e-01 1.327086e+00 
412 10301  1.987390140929002058e+01 0 0 4.266085e-01 3.440689e+00 2.949513e+00 6.235778e-01 1.294798e+01 4.401804e+00 1.380954e-01 1.455254e-01 1.326767e+00 
413 10326  1.989324217083225221e+01 0 0 4.269194e-01 3.436636e+00 2.950897e+00 6.224723e-01 1.294545e+01 4.401843e+00 1.374975e-01 1.457527e-01 1.326747e+00 
414 10351  1.986978902973236316e+01 0 0 4.265078e-01 3.441202e+00 2.947712e+00 6.238902e-01 1.295074e+01 4.402493e+00 1.385715e-01 1.455283e-01 1.326835e+00 
415 10376  1.988426981520515824e+01 0 0 4.262923e-01 3.441274e+00 2.949417e+00 6.237330e-01 1.294705e+01 4.401988e+00 1.380042e-01 1.455501e-01 1.326791e+00 
416 10401  1.989164361291842908e+01 0 0 4.264910e-01 3.437055e+00 2.950172e+00 6.227410e-01 1.294147e+01 4.401226e+00 1.373536e-01 1.456779e-01 1.326848e+00 
417 10426  1.988853897383193825e+01 0 0 4.265151e-01 3.439297e+00 2.950010e+00 6.229803e-01 1.294422e+01 4.401913e+00 1.375739e-01 1.456295e-01 1.326824e+00 
418 10451  1.986568894552070930e+01 0 0 4.269242e-01 3.439269e+00 2.950681e+00 6.228923e-01 1.294575e+01 4.401626e+00 1.376362e-01 1.455744e-01 1.326753e+00 
419 10476  1.988693656887148364e+01 0 0 4.264634e-01 3.440749e+00 2.949530e+00 6.237202e-01 1.294951e+01 4.400336e+00 1.382822e-01 1.455505e-01 1.326668e+00 
420 10501  1.988444546958403691e+01 0 0 4.264658e-01 3.442556e+00 2.950697e+00 6.235630e-01 1.294458e+01 4.402480e+00 1.375389e-01 1.454592e-01 1.326869e+00 
421 10526  1.987488647179548451e+01 0 0 4.264149e-01 3.448061e+00 2.951022e+00 6.230156e-01 1.294973e+01 4.405055e+00 1.365099e-01 1.455257e-01 1.327064e+00 
422 10551  1.988033459310817008e+01 0 0 4.262949e-01 3.443716e+00 2.949325e+00 6.237577e-01 1.294824e+01 4.403280e+00 1.376204e-01 1.454894e-01 1.326968e+00 
423 10576  1.989034923646547881e+01 0 0 4.262073e-01 3.444203e+00 2.951386e+00 6.235031e-01 1.294229e+01 4.403078e+00 1.370971e-01 1.454540e-01 1.326930e+00 
424 10601  1.986935686123464251e+01 0 0 4.262957e-01 3.441925e+00 2.951376e+00 6.227212e-01 1.294192e+01 4.403533e+00 1.365658e-01 1.456424e-01 1.327026e+00 
425 10626  1.986110981989484614e+01 0 0 4.261731e-01 3.444959e+00 2.952322e+00 6.228537e-01 1.294049e+01 4.405026e+00 1.360283e-01 1.455463e-01 1.327103e+00 
426 10651  1.987177767267042228e+01 0 0 4.263578e-01 3.437392e+00 2.951456e+00 6.227296e-01 1.293404e+01 4.402126e+00 1.370074e-01 1.455965e-01 1.326966e+00 
427 10676  1.986752378956587961e+01 0 0 4.262767e-01 3.439614e+00 2.949711e+00 6.232886e-01 1.293954e+01 4.402896e+00 1.374217e-01 1.455398e-01 1.326998e+00 
428 10701  1.985894966556426411e+01 0 0 4.264538e-01 3.440269e+00 2.951116e+00 6.230461e-01 1.293907e+01 4.402652e+00 1.369328e-01 1.454972e-01 1.326979e+00 
429 10726  1.987134109302879992e+01 0 0 4.261244e-01 3.440850e+00 2.949721e+00 6.233901e-01 1.293712e+01 4.403314e+00 1.371294e-01 1.454587e-01 1.327106e+00 
430 10751  1.987184171779355779e+01 0 0 4.261474e-01 3.441071e+00 2.948413e+00 6.239553e-01 1.294461e+01 4.401723e+00 1.381283e-01 1.454715e-01 1.326908e+00 
431 10776  1.988204665045663333e+01 0 0 4.260747e-01 3.439007e+00 2.950398e+00 6.228788e-01 1.293696e+01 4.402775e+00 1.368622e-01 1.456358e-01 1.327057e+00 
432 10801  1.988318874038677819e+01 0 0 4.262392e-01 3.439715e+00 2.952148e+00 6.227838e-01 1.293584e+01 4.402666e+00 1.365010e-01 1.455817e-01 1.326997e+00 
433 10826  1.987745066512210812e+01 0 0 4.262567e-01 3.438398e+00 2.951356e+00 6.228750e-01 1.293457e+01 4.402450e+00 1.367767e-01 1.455588e-01 1.327025e+00 
434 10851  1.989120250615366814e+01 0 0 4.262142e-01 3.437571e+00 2.949777e+00 6.229405e-01 1.293781e+01 4.401954e+00 1.372943e-01 1.456329e-01 1.326991e+00 
435 10876  1.989104583720824948e+01 0 0 4.260276e-01 3.442716e+00 2.949961e+00 6.232528e-01 1.294484e+01 4.402852e+00 1.371240e-01 1.456288e-01 1.327018e+00 
436 10901  1.987753197367757707e+01 0 0 4.261167e-01 3.441012e+00 2.950540e+00 6.232739e-01 1.293929e+01 4.402852e+00 1.369909e-01 1.455337e-01 1.327041e+00 
437 10926  1.986265573800898565e+01 0 0 4.260651e-01 3.439287e+00 2.950299e+00 6.228088e-01 1.293935e+01 4.402356e+00 1.368311e-01 1.456816e-01 1.327060e+00 
438 10951  1.989220044231364781e+01 0 0 4.261407e-01 3.440108e+00 2.950048e+00 6.231297e-01 1.293895e+01 4.402590e+00 1.371590e-01 1.455708e-01 1.327029e+00 
439 10976  1.988543833772273928e+01 0 0 4.261838e-01 3.438757e+00 2.949958e+00 6.228038e-01 1.293795e+01 4.402177e+00 1.371162e-01 1.456360e-01 1.327019e+00 
440 11001  1.987401717804432622e+01 0 0 4.261791e-01 3.442238e+00 2.950387e+00 6.233038e-01 1.294143e+01 4.403076e+00 1.370199e-01 1.455181e-01 1.327041e+00 
441 11026  1.988742108142919562e+01 0 0 4.263148e-01 3.441904e+00 2.950675e+00 6.228777e-01 1.294023e+01 4.403367e+00 1.368246e-01 1.455538e-01 1.327035e+00 
442 11051  1.988805905907130978e+01 0 0 4.260234e-01 3.441140e+00 2.950451e+00 6.232098e-01 1.293794e+01 4.402555e+00 1.369621e-01 1.455339e-01 1.327050e+00 
443 11076  1.989283859674780430e+01 0 0 4.260956e-01 3.441423e+00 2.951181e+00 6.228056e-01 1.293713e+01 4.403238e+00 1.365398e-01 1.455826e-01 1.327082e+00 
444 11101  1.987845486931338002e+01 0 0 4.258795e-01 3.441227e+00 2.950737e+00 6.231934e-01 1.293614e+01 4.402745e+00 1.368101e-01 1.455473e-01 1.327060e+00 
445 11126  1.987711378004335572e+01 0 0 4.261224e-01 3.440642e+00 2.950629e+00 6.230268e-01 1.293919e+01 4.402170e+00 1.369970e-01 1.455857e-01 1.326981e+00 
446 11151  1.988626039145163560e+01 0 0 4.261663e-01 3.443203e+00 2.950015e+00 6.232979e-01 1.294232e+01 4.402893e+00 1.372197e-01 1.455092e-01 1.327009e+00 
447 11176  1.988870721867884939e+01 0 0 4.258887e-01 3.441975e+00 2.950610e+00 6.232441e-01 1.293788e+01 4.402701e+00 1.368931e-01 1.455478e-01 1.327026e+00 
448 11201  1.987670880975433718e+01 0 0 4.259075e-01 3.441326e+00 2.950355e+00 6.233725e-01 1.293765e+01 4.402556e+00 1.371010e-01 1.455329e-01 1.327007e+00 
449 11226  1.988879405622047258e+01 0 0 4.262032e-01 3.441765e+00 2.950407e+00 6.232187e-01 1.293670e+01 4.403047e+00 1.371274e-01 1.454493e-01 1.327044e+00 
450 11251  1.987769452656593927e+01 0 0 4.261308e-01 3.442289e+00 2.951665e+00 6.230257e-01 1.293638e+01 4.403647e+00 1.365035e-01 1.455005e-01 1.327085e+00 
451 11276  1.988126722774965671e+01 0 0 4.261241e-01 3.442221e+00 2.949605e+00 6.233864e-01 1.294171e+01 4.403113e+00 1.373336e-01 1.455244e-01 1.327031e+00 
452 11301  1.987889008178303030e+01 0 0 4.259185e-01 3.443247e+00 2.948552e+00 6.239545e-01 1.294190e+01 4.403276e+00 1.377914e-01 1.454407e-01 1.327038e+00 
453 11326  1.988997485211242733e+01 0 0 4.259986e-01 3.445936e+00 2.950031e+00 6.235270e-01 1.294484e+01 4.403540e+00 1.371462e-01 1.454934e-01 1.327035e+00 
454 11351  1.987971816695036509e+01 0 0 4.260101e-01 3.441087e+00 2.950114e+00 6.231982e-01 1.293937e+01 4.402685e+00 1.370962e-01 1.455760e-01 1.327021e+00 
455 11376  1.986335039654005641e+01 0 0 4.261658e-01 3.443417e+00 2.950714e+00 6.233235e-01 1.293876e+01 4.403568e+00 1.369947e-01 1.454416e-01 1.327040e+00 
456 11401  1.988662297118930411e+01 0 0 4.264140e-01 3.443543e+00 2.950538e+00 6.233010e-01 1.294299e+01 4.403048e+00 1.371913e-01 1.454460e-01 1.326970e+00 
457 11426  1.987832288333969544e+01 0 0 4.264229e-01 3.443137e+00 2.950207e+00 6.234271e-01 1.294240e+01 4.403331e+00 1.373066e-01 1.454213e-01 1.326991e+00 
458 11451  1.986990737022400921e+01 0 0 4.263175e-01 3.443262e+00 2.949420e+00 6.234932e-01 1.294482e+01 4.402886e+00 1.375460e-01 1.454728e-01 1.326991e+00 
459 11476  1.987233416796475183e+01 0 0 4.265154e-01 3.445491e+00 2.950405e+00 6.234656e-01 1.294523e+01 4.403775e+00 1.372348e-01 1.453780e-01 1.326996e+00 
460 11501  1.989526600549377733e+01 0 0 4.263789e-01 3.445071e+00 2.948135e+00 6.240660e-01 1.294810e+01 4.403174e+00 1.381669e-01 1.453475e-01 1.326984e+00 
461 11526  1.989053901662290613e+01 0 0 4.265037e-01 3.444300e+00 2.947736e+00 6.240631e-01 1.294921e+01 4.402891e+00 1.384932e-01 1.453612e-01 1.326914e+00 
462 11551  1.986822714240874177e+01 0 0 4.268384e-01 3.444479e+00 2.949589e+00 6.237773e-01 1.294981e+01 4.402921e+00 1.378372e-01 1.453258e-01 1.326916e+00 
463 11576  1.986795653031935771e+01 0 0 4.263903e-01 3.443954e+00 2.950047e+00 6.238164e-01 1.294414e+01 4.403000e+00 1.375520e-01 1.453607e-01 1.326962e+00 
464 11601  1.986901989251019884e+01 0 0 4.266915e-01 3.446446e+00 2.949026e+00 6.239978e-01 1.295326e+01 4.402956e+00 1.380780e-01 1.453417e-01 1.326903e+00 
465 11626  1.986959336478219029e+01 0 0 4.267436e-01 3.443472e+00 2.948100e+00 6.236966e-01 1.295138e+01 4.402737e+00 1.383216e-01 1.454295e-01 1.326888e+00 
466 11651  1.988303241507195906e+01 0 0 4.266198e-01 3.450014e+00 2.948196e+00 6.244447e-01 1.296034e+01 4.403465e+00 1.384082e-01 1.453130e-01 1.326871e+00 
467 11676  1.988917993578309407e+01 0 0 4.264579e-01 3.449313e+00 2.950461e+00 6.239466e-01 1.295244e+01 4.403917e+00 1.372725e-01 1.453288e-01 1.326982e+00 
468 11701  1.988173221558491477e+01 0 0 4.264966e-01 3.448895e+00 2.950362e+00 6.239737e-01 1.295051e+01 4.404139e+00 1.373329e-01 1.452853e-01 1.326984e+00 
469 11726  1.989514139015271255e+01 0 0 4.268489e-01 3.447879e+00 2.949048e+00 6.241190e-01 1.295454e+01 4.403560e+00 1.380897e-01 1.452558e-01 1.326903e+00 
470 11751  1.987027360068694293e+01 0 0 4.265241e-01 3.443987e+00 2.952082e+00 6.233233e-01 1.293977e+01 4.403271e+00 1.366337e-01 1.453308e-01 1.327035e+00 
471 11776  1.986806895107952897e+01 0 0 4.263117e-01 3.450175e+00 2.951178e+00 6.245273e-01 1.294978e+01 4.403793e+00 1.372250e-01 1.451735e-01 1.326960e+00 
472 11801  1.987912049313871066e+01 0 0 4.267417e-01 3.447401e+00 2.952300e+00 6.238172e-01 1.295009e+01 4.403986e+00 1.367708e-01 1.452923e-01 1.326963e+00 
473 11826  1.989334087079771862e+01 0 0 4.267271e-01 3.446158e+00 2.950651e+00 6.238917e-01 1.294903e+01 4.403428e+00 1.374495e-01 1.452866e-01 1.326951e+00 
474 11851  1.986879855273930318e+01 0 0 4.266185e-01 3.446276e+00 2.949153e+00 6.243800e-01 1.295233e+01 4.402875e+00 1.380883e-01 1.452640e-01 1.326901e+00 
475 11876  1.986023627161300098e+01 0 0 4.267395e-01 3.448312e+00 2.951309e+00 6.241414e-01 1.295237e+01 4.403546e+00 1.372251e-01 1.452309e-01 1.326932e+00 
476 11901  1.986971236983796274e+01 0 0 4.269111e-01 3.447576e+00 2.950739e+00 6.240080e-01 1.295394e+01 4.403616e+00 1.374839e-01 1.452667e-01 1.326902e+00 
477 11926  1.987148855822972848e+01 0 0 4.269448e-01 3.450463e+00 2.950786e+00 6.244352e-01 1.295677e+01 4.404031e+00 1.376584e-01 1.451531e-01 1.326913e+00 
478 11951  1.988347858320419803e+01 0 0 4.267366e-01 3.447265e+00 2.949196e+00 6.241520e-01 1.295764e+01 4.402878e+00 1.381339e-01 1.453648e-01 1.326834e+00 
479 11976  1.986219424512813703e+01 0 0 4.268302e-01 3.448113e+00 2.949266e+00 6.242682e-01 1.295686e+01 4.403622e+00 1.380385e-01 1.452772e-01 1.326902e+00 
480 12001  1.987524841513004503e+01 0 0 4.270711e-01 3.450726e+00 2.950673e+00 6.241287e-01 1.295875e+01 4.404331e+00 1.376459e-01 1.452157e-01 1.326874e+00 
481 12026  1.988480354301373509e+01 0 0 4.267457e-01 3.446899e+00 2.950147e+00 6.236650e-01 1.295300e+01 4.403947e+00 1.373814e-01 1.453833e-01 1.326964e+00 
482 12051  1.987691762574261389e+01 0 0 4.268764e-01 3.450380e+00 2.951787e+00 6.238126e-01 1.295311e+01 4.404564e+00 1.370110e-01 1.452378e-01 1.326962e+00 
483 12076  1.989799476366127706e+01 0 0 4.268346e-01 3.451132e+00 2.951020e+00 6.241725e-01 1.295508e+01 4.404741e+00 1.372984e-01 1.451885e-01 1.326961e+00 
484 12101  1.987260995694112964e+01 0 0 4.267325e-01 3.448030e+00 2.950289e+00 6.241676e-01 1.295228e+01 4.403555e+00 1.376739e-01 1.452394e-01 1.326918e+00 
485 12126  1.987108784712660636e+01 0 0 4.265597e-01 3.452210e+00 2.951665e+00 6.242087e-01 1.295232e+01 4.404994e+00 1.369071e-01 1.451785e-01 1.327035e+00 
486 12151  1.988817993612334689e+01 0 0 4.263854e-01 3.444917e+00 2.949561e+00 6.237958e-01 1.294866e+01 4.403028e+00 1.375805e-01 1.454197e-01 1.326970e+00 
487 12176  1.989147081530018468e+01 0 0 4.266248e-01 3.447981e+00 2.948787e+00 6.242013e-01 1.295479e+01 4.403637e+00 1.381210e-01 1.453136e-01 1.326913e+00 
488 12201  1.988864846267271957e+01 0 0 4.269635e-01 3.451728e+00 2.950253e+00 6.244678e-01 1.295933e+01 4.404099e+00 1.379093e-01 1.451570e-01 1.326863e+00 
489 12226  1.988031302631232933e+01 0 0 4.269882e-01 3.447528e+00 2.950157e+00 6.239392e-01 1.295482e+01 4.403455e+00 1.377419e-01 1.452722e-01 1.326878e+00 
490 12251  1.988715985829333377e+01 0 0 4.264427e-01 3.447562e+00 2.949946e+00 6.241591e-01 1.295188e+01 4.403321e+00 1.376317e-01 1.453245e-01 1.326928e+00 
491 12276  1.987133185899426380e+01 0 0 4.267960e-01 3.448398e+00 2.949602e+00 6.241014e-01 1.295480e+01 4.403856e+00 1.378460e-01 1.452741e-01 1.326905e+00 
492 12301  1.987582419921639598e+01 0 0 4.268296e-01 3.449361e+00 2.950077e+00 6.241653e-01 1.295431e+01 4.404041e+00 1.377423e-01 1.452189e-01 1.326905e+00 
493 12326  1.988411188771921090e+01 0 0 4.270147e-01 3.450211e+00 2.949045e+00 6.243216e-01 1.295973e+01 4.404191e+00 1.381798e-01 1.452140e-01 1.326868e+00 
494 12351  1.988526706732341154e+01 0 0 4.269390e-01 3.451345e+00 2.948404e+00 6.246403e-01 1.296257e+01 4.403930e+00 1.385624e-01 1.451949e-01 1.326827e+00 
495 12376  1.987943787732442402e+01 0 0 4.269491e-01 3.451333e+00 2.949325e+00 6.245755e-01 1.296235e+01 4.403801e+00 1.382983e-01 1.452090e-01 1.326819e+00 
496 12401  1.988538109683919686e+01 0 0 4.268223e-01 3.452934e+00 2.949375e+00 6.246179e-01 1.296200e+01 4.404257e+00 1.381242e-01 1.451821e-01 1.326860e+00 
497 12426  1.987810089528177571e+01 0 0 4.265526e-01 3.449663e+00 2.948041e+00 6.245326e-01 1.295819e+01 4.403700e+00 1.384791e-01 1.452884e-01 1.326891e+00 
498 12451  1.988213492046560660e+01 0 0 4.267056e-01 3.450010e+00 2.949696e+00 6.241808e-01 1.295589e+01 4.404184e+00 1.377526e-01 1.452632e-01 1.326934e+00 
499 12476  1.988039815445067404e+01 0 0 4.265170e-01 3.449069e+00 2.949265e+00 6.241088e-01 1.295577e+01 4.403738e+00 1.379101e-01 1.453584e-01 1.326890e+00 
500 12501  1.986067665238953950e+01 0 0 4.266138e-01 3.451111e+00 2.949503e+00 6.242941e-01 1.295738e+01 4.404168e+00 1.379418e-01 1.452738e-01 1.326883e+00 
501 12526  1.987386646888374742e+01 0 0 4.266536e-01 3.449259e+00 2.949949e+00 6.241466e-01 1.295520e+01 4.404004e+00 1.376883e-01 1.452977e-01 1.326930e+00 
