%  columns="iteration, evaluation, sigma, axis ratio, bestever, best, median, worst fitness function value, further objective values of best" (startseed=210276, 2015/08/21 17:30:11.77)
1 26 7.955689e+00 1.749206e+01  1.233381493076760620e+02  1.233381493076760620e+02  2.181762563727123413e+11  6.223730335550368154e+19
2 51 7.619103e+00 1.753887e+01  1.218879682938771083e+02  1.218879682938771083e+02  1.236651362986184211e+02  7.670640914080500977e+12
3 76 7.425215e+00 1.791208e+01  1.208668101761106897e+02  1.208668101761106897e+02  2.316067816348966062e+08  3.127751681258948096e+18
4 101 7.788735e+00 1.805649e+01  1.208668101761106897e+02  1.217943378496129441e+02  1.113773992100709875e+05  9.398551171829078369e+11
5 126 7.274382e+00 1.770147e+01  1.208668101761106897e+02  1.231884045902313005e+02  9.255116742796260118e+07  8.436384324115670166e+11
6 151 6.504953e+00 1.756178e+01  1.208668101761106897e+02  1.235926462276711533e+02  2.836501397149466351e+07  3.103082333879934082e+11
7 176 5.817113e+00 1.758699e+01  1.208668101761106897e+02  1.231936485029985278e+02  1.587202129789324012e+06  4.189600827361015797e+09
8 201 5.601391e+00 1.800272e+01  1.208668101761106897e+02  1.235973833988421120e+02  2.076986618214157969e+07  1.627040936427386665e+10
9 226 5.371652e+00 1.789955e+01  1.208668101761106897e+02  1.234236105539105921e+02  9.241156700924595818e+06  2.010621464299060583e+09
10 251 5.160006e+00 1.837714e+01  1.208668101761106897e+02  1.234988488728135110e+02  4.199099885348826647e+07  2.140449026505276442e+09
11 276 4.933318e+00 1.905050e+01  1.208668101761106897e+02  1.235032890543676558e+02  8.851607717455677688e+06  1.310079303751101494e+09
12 301 5.060953e+00 1.918789e+01  1.208668101761106897e+02  1.235027198617650441e+02  2.361499352621600777e+07  1.522671555090420961e+09
13 326 4.824197e+00 1.771586e+01  1.208668101761106897e+02  1.230766978544477581e+02  5.452479662111178972e+06  1.621444405624282598e+09
14 351 4.382604e+00 1.802091e+01  1.208668101761106897e+02  1.234216720212785532e+02  1.587308836010443338e+05  6.032105700955495238e+07
15 376 5.001075e+00 1.782945e+01  1.127635337034666492e+02  1.127635337034666492e+02  1.895587519890553958e+05  1.283109329848531783e+08
16 401 5.828263e+00 1.851963e+01  3.648274013520536130e+01  3.648274013520536130e+01  1.236413596144739984e+02  1.886487944541366026e+07
17 426 6.346910e+00 1.829908e+01  3.648274013520536130e+01  1.235563057937778098e+02  1.236929176450944112e+02  3.014182500317949429e+07
18 451 6.052070e+00 1.805376e+01  3.648274013520536130e+01  1.234203553885313056e+02  1.623387591767184495e+05  8.594368546419993043e+06
19 476 5.907793e+00 1.846679e+01  3.648274013520536130e+01  1.235582121851499409e+02  7.035213173925281735e+05  2.950263156323646307e+08
20 501 6.251072e+00 1.855650e+01  3.648274013520536130e+01  9.581932520541110421e+01  1.389275892190321247e+04  1.636835721861593053e+07
21 526 5.602302e+00 1.907097e+01  3.648274013520536130e+01  1.207455452002494241e+02  1.608296106090802932e+05  1.188374561383555889e+09
22 551 5.982354e+00 1.839771e+01  3.648274013520536130e+01  4.458544552544690021e+01  6.216683195904167369e+05  2.701236303118173033e+07
23 576 5.967667e+00 1.844983e+01  3.648274013520536130e+01  1.234241433587191210e+02  5.833425772586333915e+04  1.435966457786550559e+07
24 601 5.581396e+00 1.823476e+01  3.648274013520536130e+01  1.235209524790526956e+02  7.961286497993231023e+03  1.533142873195769079e+07
25 626 5.835538e+00 1.861048e+01  3.648274013520536130e+01  6.750214860544882356e+01  9.328451199850130070e+04  1.468196868353469670e+07
26 651 5.546672e+00 1.846956e+01  2.226114190983827967e+01  2.226114190983827967e+01  8.449977490298523435e+02  9.409020705373613164e+06
27 676 5.142423e+00 1.807123e+01  2.226114190983827967e+01  2.782699473158961823e+01  7.270592562967319736e+02  3.583725128714590333e+06
28 701 4.734236e+00 1.900068e+01  2.226114190983827967e+01  2.449910204994454332e+01  1.236938625637562268e+02  5.653905948368466925e+05
29 726 4.150400e+00 1.947371e+01  2.226114190983827967e+01  7.927849906100961164e+01  2.973615246913457781e+02  4.897416774571666610e+05
30 751 3.849804e+00 1.957491e+01  2.226114190983827967e+01  2.625311183860668507e+01  1.237034170641151007e+02  4.194659285026220023e+05
31 776 3.586860e+00 1.927482e+01  2.226114190983827967e+01  4.400784921026735219e+01  2.137951743127471218e+02  3.794952552248165593e+05
32 801 3.172625e+00 1.890127e+01  2.226114190983827967e+01  3.208622951749062224e+01  1.236918532581130989e+02  1.100040426726219739e+05
33 826 2.715318e+00 1.862871e+01  2.226114190983827967e+01  2.654579194132481845e+01  1.236864921814333513e+02  7.558416137567545229e+04
34 851 2.683219e+00 1.821309e+01  2.226114190983827967e+01  2.328709682269842673e+01  1.225871436917237389e+02  3.020362284176002140e+04
35 876 2.797945e+00 1.783037e+01  2.226114190983827967e+01  2.546456851272636612e+01  1.232778127227490472e+02  7.589023289420953915e+03
36 901 2.592389e+00 1.794667e+01  2.226114190983827967e+01  2.573947332244288333e+01  1.221625656536623268e+02  6.371636396468630892e+02
37 926 2.304529e+00 1.892626e+01  2.226114190983827967e+01  2.759207384764252069e+01  1.233015214694418802e+02  6.658177509831366478e+03
38 951 2.193397e+00 1.998014e+01  2.226114190983827967e+01  2.596002214833672994e+01  1.202177209406061280e+02  1.427612576074467688e+04
39 976 2.187523e+00 2.060202e+01  2.226114190983827967e+01  2.429504911588601601e+01  1.213281928819531572e+02  1.059075986424523580e+04
40 1001 2.276956e+00 1.982840e+01  2.226114190983827967e+01  2.381184068417015354e+01  9.889031100474166180e+01  1.487705047691156324e+03
41 1026 2.200977e+00 2.023370e+01  2.226114190983827967e+01  2.497276023018601876e+01  1.234678018284078149e+02  7.797727859538525991e+03
42 1051 2.355371e+00 2.013917e+01  2.226114190983827967e+01  2.444177275951968653e+01  1.186610892461950471e+02  3.787149727229883865e+03
43 1076 2.066130e+00 2.110838e+01  2.226114190983827967e+01  2.558529156052627940e+01  1.206602066824104469e+02  5.806593948440828171e+03
44 1101 1.892278e+00 2.167423e+01  2.226114190983827967e+01  2.603286656269103005e+01  1.170071878933793812e+02  1.987845490581268450e+03
45 1126 1.771793e+00 2.243275e+01  2.226114190983827967e+01  2.468774449409566074e+01  8.855713298093577635e+01  1.512685041406436085e+03
46 1151 1.625512e+00 2.284645e+01  2.226114190983827967e+01  3.227944874584901669e+01  1.206887032277000600e+02  1.244974890924592273e+03
47 1176 1.587835e+00 2.289657e+01  2.226114190983827967e+01  2.474654937716970338e+01  7.992740309169050761e+01  1.585333513884878812e+03
48 1201 1.608833e+00 2.378579e+01  2.226114190983827967e+01  2.459284175115928406e+01  8.699616532184552398e+01  8.284380236969672069e+02
49 1226 1.486405e+00 2.485889e+01  2.226114190983827967e+01  2.508355392532386929e+01  6.357671175863225699e+01  3.451155050391234909e+02
50 1251 1.522031e+00 2.534621e+01  2.226114190983827967e+01  2.484448334940438485e+01  4.535455365430367891e+01  3.445292195635349799e+02
51 1276 1.595288e+00 2.604795e+01  2.226114190983827967e+01  2.444326383762350829e+01  5.499572497638947510e+01  9.655490738894668539e+02
52 1301 1.914669e+00 2.695863e+01  2.226114190983827967e+01  2.449382550396924785e+01  4.103496410042322395e+01  2.565849314598239630e+02
53 1326 2.017295e+00 2.883629e+01  2.226114190983827967e+01  2.418495304710014437e+01  9.000462800127074559e+01  7.061171750482772040e+02
54 1351 2.092939e+00 3.119584e+01  2.226114190983827967e+01  2.733661538673953828e+01  6.050917269807591481e+01  2.067036163515040528e+02
55 1376 1.900388e+00 3.318596e+01  2.226114190983827967e+01  2.361043785146406648e+01  8.513101142285059098e+01  6.963751431995982557e+02
56 1401 1.721887e+00 3.432116e+01  2.226114190983827967e+01  2.364242455964329892e+01  3.668585700762594826e+01  5.645803492076611292e+02
57 1426 1.503068e+00 3.589928e+01  2.226114190983827967e+01  2.481193446354024701e+01  4.300965005805502983e+01  6.137772644468600447e+02
58 1451 1.602141e+00 3.715372e+01  2.226114190983827967e+01  2.398943131544261220e+01  3.158949725193000901e+01  2.206783311945514470e+02
59 1476 1.709966e+00 4.024015e+01  2.226114190983827967e+01  2.337503117126133745e+01  6.277942597833415306e+01  2.925231745463668744e+02
60 1501 1.554166e+00 4.191737e+01  2.226114190983827967e+01  2.334353966526300894e+01  3.234297022926623555e+01  1.200660705087207702e+02
61 1526 1.447753e+00 4.357951e+01  2.226114190983827967e+01  2.336206761584723779e+01  6.819137106363784540e+01  1.070472920775841459e+02
62 1551 1.357319e+00 4.506754e+01  2.226114190983827967e+01  2.433148663567001435e+01  3.878035900932177071e+01  1.688703718977534152e+02
63 1576 1.352232e+00 4.724583e+01  2.226114190983827967e+01  2.332074411626843258e+01  3.228727119203207252e+01  1.483669425851359733e+02
64 1601 1.404287e+00 5.126658e+01  2.226114190983827967e+01  2.283999228845702234e+01  3.668774294525024970e+01  1.320609827950420083e+02
65 1626 1.474648e+00 5.341369e+01  2.226114190983827967e+01  2.312111571335804427e+01  3.706072163994630131e+01  8.852349411756081565e+01
66 1651 1.680126e+00 5.409811e+01  2.226114190983827967e+01  2.332658591279568938e+01  3.740483824708576321e+01  8.006038659360345378e+01
67 1676 1.721712e+00 5.540641e+01  2.226114190983827967e+01  2.407891079801871470e+01  3.502775018827797737e+01  1.207858850094969370e+02
68 1701 1.676402e+00 5.618613e+01  2.226114190983827967e+01  2.278826028489237743e+01  3.024757632019080233e+01  1.057822505658279368e+02
69 1726 1.630356e+00 5.775218e+01  2.226114190983827967e+01  2.373893097056816259e+01  3.351967808266579141e+01  1.729875943963090492e+02
70 1751 1.448541e+00 5.955721e+01  2.226114190983827967e+01  2.314451218633730534e+01  3.547839809031280822e+01  7.937406357307031612e+01
71 1776 1.315173e+00 6.138316e+01  2.226114190983827967e+01  2.285591059046086926e+01  3.286751073766089348e+01  9.347411960574673628e+01
72 1801 1.296543e+00 6.393933e+01  2.226114190983827967e+01  2.265586483943628338e+01  3.200506931796876842e+01  5.690852104201074013e+01
73 1826 1.317189e+00 6.592186e+01  2.226114190983827967e+01  2.268428626782507607e+01  2.501172326199933238e+01  7.271682198123848195e+01
74 1851 1.328308e+00 6.860753e+01  2.226114190983827967e+01  2.266737389825400584e+01  2.664741705054477805e+01  5.470729665741914971e+01
75 1876 1.296726e+00 7.355608e+01  2.215992690033353796e+01  2.215992690033353796e+01  2.583527367879308301e+01  6.492084075213915639e+01
76 1901 1.467371e+00 8.370690e+01  2.191219643639531256e+01  2.191219643639531256e+01  2.503210492955335198e+01  6.809801679805066499e+01
77 1926 1.425057e+00 8.731281e+01  2.191219643639531256e+01  2.217064656728305039e+01  2.822442229188586538e+01  7.684155168707265204e+01
78 1951 1.225550e+00 8.770057e+01  2.191219643639531256e+01  2.220297257113209355e+01  2.754554437785434118e+01  6.178499937247649854e+01
79 1976 1.119992e+00 9.059734e+01  2.170670479289537980e+01  2.170670479289537980e+01  2.987313341353840812e+01  5.441455529827282334e+01
80 2001 9.837844e-01 9.261553e+01  2.170670479289537980e+01  2.218885503414777460e+01  2.559500453189393809e+01  3.976865169100731379e+01
81 2026 9.024111e-01 9.491865e+01  2.170670479289537980e+01  2.184353368481817981e+01  2.362617718408850820e+01  4.196537465701444347e+01
82 2051 1.088919e+00 1.001920e+02  2.162599525752695939e+01  2.162599525752695939e+01  2.291401075233541107e+01  2.970320341568628209e+01
83 2076 1.188092e+00 1.064992e+02  2.147578624843135842e+01  2.147578624843135842e+01  2.368218737595331902e+01  3.696202433532788234e+01
84 2101 1.188004e+00 1.171938e+02  2.096876394028104684e+01  2.096876394028104684e+01  2.310039988474310135e+01  3.902012626757475289e+01
85 2126 1.226326e+00 1.272760e+02  2.096876394028104684e+01  2.123554851398399634e+01  2.203725787057379293e+01  3.834437956200412145e+01
86 2151 1.203755e+00 1.389904e+02  2.096876394028104684e+01  2.120527213269456368e+01  2.299744210606369776e+01  3.854433967286346530e+01
87 2176 1.321533e+00 1.573370e+02  2.096876394028104684e+01  2.124701616600860987e+01  2.355789355690650311e+01  3.728744268480917157e+01
88 2201 1.223852e+00 1.642202e+02  2.049091406865289500e+01  2.049091406865289500e+01  2.386548276239710376e+01  5.250810841430620712e+01
89 2226 1.123222e+00 1.747900e+02  2.049091406865289500e+01  2.118899573986538343e+01  2.528196362768947125e+01  4.248983720738075931e+01
90 2251 1.082894e+00 1.848065e+02  2.049091406865289500e+01  2.127226533091672422e+01  2.346709972245142595e+01  3.795468659357204899e+01
91 2276 1.062022e+00 1.877707e+02  2.049091406865289500e+01  2.095991586987301858e+01  2.272681422327108791e+01  2.917705434174103019e+01
92 2301 1.029719e+00 1.999177e+02  2.049091406865289500e+01  2.077399254245941762e+01  2.210142615622849149e+01  3.934612846042851686e+01
93 2326 1.040784e+00 2.123409e+02  2.041397640585060103e+01  2.041397640585060103e+01  2.169960207890898118e+01  2.714273021819224496e+01
94 2351 9.680628e-01 2.217686e+02  2.041299799637024392e+01  2.041299799637024392e+01  2.158799316816518754e+01  3.010697727957465730e+01
95 2376 8.722638e-01 2.364599e+02  2.037208453639306072e+01  2.037208453639306072e+01  2.161541882407451354e+01  2.842498839427611657e+01
96 2401 9.093019e-01 2.553350e+02  2.029572927254426773e+01  2.029572927254426773e+01  2.130052847437010044e+01  2.736771681063104822e+01
97 2426 1.035113e+00 2.821859e+02  2.020851595790276178e+01  2.020851595790276178e+01  2.099911318689966677e+01  2.437204042903610457e+01
98 2451 1.044706e+00 2.950801e+02  2.008361238854547537e+01  2.008361238854547537e+01  2.119942743842270616e+01  2.813002133046565945e+01
99 2476 1.026395e+00 2.898894e+02  2.003550437687217922e+01  2.003550437687217922e+01  2.079886644660926365e+01  2.569130247638373277e+01
100 2501 1.022244e+00 3.008676e+02  2.003550437687217922e+01  2.014965080568173761e+01  2.147713750274843747e+01  3.183316140110325776e+01
101 2526 1.035254e+00 3.108532e+02  2.003550437687217922e+01  2.005286420580111084e+01  2.088471605396739506e+01  3.763587323348384928e+01
102 2551 1.028785e+00 3.253073e+02  1.998310867100460797e+01  1.998310867100460797e+01  2.146327067696761759e+01  5.544616594356089934e+01
103 2576 1.039550e+00 3.336574e+02  1.992529810657769573e+01  1.992529810657769573e+01  2.069260056623205202e+01  3.219507856688952785e+01
104 2601 1.049396e+00 3.465707e+02  1.992529810657769573e+01  1.996503857882650834e+01  2.071697242869453248e+01  3.720902624501548672e+01
105 2626 1.088514e+00 3.487533e+02  1.992529810657769573e+01  2.002203960182695752e+01  2.090950179051234059e+01  2.746535355633439934e+01
106 2651 1.100907e+00 3.737541e+02  1.992529810657769573e+01  1.998655564855219424e+01  2.046862886586067276e+01  2.813655383272424615e+01
107 2676 1.104099e+00 3.818135e+02  1.992048621948131526e+01  1.992048621948131526e+01  2.080914286857398210e+01  3.369489405239349367e+01
108 2701 1.135382e+00 3.768529e+02  1.992048621948131526e+01  2.005219015880384958e+01  2.135329609556946551e+01  3.754986449838157370e+01
109 2726 1.041608e+00 3.737436e+02  1.990280289301544059e+01  1.990280289301544059e+01  2.096856515768017815e+01  2.804641282680029590e+01
110 2751 1.105392e+00 3.719704e+02  1.990280289301544059e+01  1.995929655718109075e+01  2.047712748790926085e+01  3.272060376707101881e+01
111 2776 9.880279e-01 3.782231e+02  1.989982367008593656e+01  1.989982367008593656e+01  2.106234471550556719e+01  2.547649561037961163e+01
112 2801 9.404709e-01 3.693146e+02  1.989982367008593656e+01  1.991302702445467077e+01  2.076099246931095266e+01  2.353919802166816311e+01
113 2826 9.418296e-01 3.802542e+02  1.989982367008593656e+01  1.996328678833941339e+01  2.050298259720585392e+01  2.332625809184765941e+01
114 2851 8.842979e-01 3.807440e+02  1.989982367008593656e+01  1.992729264718762749e+01  2.063200659253299918e+01  2.612486435471886992e+01
115 2876 8.721755e-01 3.866506e+02  1.989982367008593656e+01  2.004272245410290054e+01  2.090735497486887340e+01  2.750020435064149282e+01
116 2901 8.079152e-01 3.852743e+02  1.989982367008593656e+01  1.995185786977922504e+01  2.023087161175561022e+01  2.387181644390033597e+01
117 2926 7.549855e-01 3.826502e+02  1.989982367008593656e+01  1.992123855903063401e+01  2.033594872421279121e+01  2.217803026242739151e+01
118 2951 7.325411e-01 3.978396e+02  1.989982367008593656e+01  1.993016041128073468e+01  2.043921814484033206e+01  2.383368663236388585e+01
119 2976 8.972875e-01 4.065699e+02  1.989509190444027809e+01  1.989509190444027809e+01  2.016857310824838478e+01  2.255826388121168335e+01
120 3001 9.136045e-01 4.153175e+02  1.989509190444027809e+01  1.989600501873771066e+01  2.022955533723947852e+01  2.224443944561198450e+01
121 3026 7.931125e-01 4.237868e+02  1.989509190444027809e+01  1.991272267203993707e+01  2.025849451117269595e+01  2.382146447457892435e+01
122 3051 6.895534e-01 4.317438e+02  1.989509190444027809e+01  1.997007853681204281e+01  2.013956298880464146e+01  2.319423912576745650e+01
123 3076 6.374686e-01 4.258884e+02  1.989509190444027809e+01  1.991787148713020628e+01  2.010865765948106798e+01  2.124114650700892426e+01
124 3101 6.539864e-01 4.305545e+02  1.989509190444027809e+01  1.993432088930641655e+01  2.010799167956873745e+01  2.193108667696040470e+01
125 3126 7.286545e-01 4.346601e+02  1.989280738295421358e+01  1.989280738295421358e+01  1.996508705936989259e+01  2.091002745597173629e+01
126 3151 7.176539e-01 4.264623e+02  1.989038259776588546e+01  1.989038259776588546e+01  2.030237683664799420e+01  2.251061518607136236e+01
127 3176 6.531869e-01 4.535799e+02  1.989038259776588546e+01  1.990485977551614738e+01  2.004567023977600115e+01  2.444756341555049772e+01
128 3201 7.660466e-01 4.560422e+02  1.989038259776588546e+01  1.990790471461129485e+01  2.005745339525926596e+01  2.061930697069989193e+01
129 3226 7.766893e-01 4.572105e+02  1.989038259776588546e+01  1.992313512880156878e+01  2.001787353881917753e+01  2.075254956782020699e+01
130 3251 6.912965e-01 4.509335e+02  1.989038259776588546e+01  1.993809251637956592e+01  2.003312897966082318e+01  2.033180675822989159e+01
131 3276 6.970353e-01 4.494099e+02  1.989038259776588546e+01  1.991165841145692639e+01  2.012272106336401833e+01  2.121801152787193345e+01
132 3301 6.875912e-01 4.517971e+02  1.989038259776588546e+01  1.991414670604567405e+01  2.001257744558301610e+01  2.052137672464550988e+01
133 3326 6.780235e-01 4.661108e+02  1.989038259776588546e+01  1.990909125051686601e+01  2.000661162162801787e+01  2.128411376852353243e+01
134 3351 6.178816e-01 4.715611e+02  1.989002812888946536e+01  1.989002812888946536e+01  1.994528854616444136e+01  2.029362310011494230e+01
135 3376 5.473236e-01 4.673811e+02  1.987654421907113544e+01  1.987654421907113544e+01  1.994332753869482389e+01  2.025352213463888518e+01
136 3401 5.538741e-01 4.731875e+02  1.987654421907113544e+01  1.989046190813336068e+01  1.995425403269259590e+01  2.049616162936664665e+01
137 3426 6.510947e-01 4.748506e+02  1.987654421907113544e+01  1.988470167877266803e+01  1.994826143871049240e+01  2.035490014963147232e+01
138 3451 6.665987e-01 4.702599e+02  1.987654421907113544e+01  1.988834089421969509e+01  1.998613340047698728e+01  2.044016656040540880e+01
139 3476 6.294258e-01 4.845277e+02  1.987654421907113544e+01  1.989698133629520882e+01  2.001026661048231858e+01  2.100269402969061971e+01
140 3501 5.488370e-01 4.865493e+02  1.987654421907113544e+01  1.990490102179073162e+01  1.997502152110859797e+01  2.068374165149402089e+01
141 3526 4.562856e-01 4.837110e+02  1.987654421907113544e+01  1.989118766426245344e+01  1.994886073945230365e+01  2.011854433510286810e+01
142 3551 4.198923e-01 5.030021e+02  1.987654421907113544e+01  1.987655042008708861e+01  1.995017206010884081e+01  2.010642249195261044e+01
143 3576 4.491367e-01 5.009363e+02  1.987158817052282700e+01  1.987158817052282700e+01  1.992171979119421010e+01  2.003613872434135601e+01
144 3601 4.555083e-01 5.172257e+02  1.987158817052282700e+01  1.988156706095544024e+01  1.991880291867075670e+01  2.003773145983076276e+01
145 3626 4.200703e-01 5.202340e+02  1.987158817052282700e+01  1.989231363818220188e+01  1.992227899828985116e+01  2.021229051059431825e+01
146 3651 3.732497e-01 5.274943e+02  1.987158817052282700e+01  1.987281174789826110e+01  1.990723568947447220e+01  2.002374686586971464e+01
147 3676 3.392876e-01 5.473944e+02  1.986342778661245845e+01  1.986342778661245845e+01  1.990775923165096373e+01  1.998078040104685371e+01
148 3701 3.173819e-01 5.498372e+02  1.986342778661245845e+01  1.987321561780316159e+01  1.989923554015192764e+01  1.995354065440862001e+01
149 3726 3.378904e-01 5.486458e+02  1.986342778661245845e+01  1.988515461400280060e+01  1.990658471530669260e+01  1.995293412177837666e+01
150 3751 3.615057e-01 5.365168e+02  1.986342778661245845e+01  1.988758289460837858e+01  1.990112878612999481e+01  1.994933044905238972e+01
151 3776 3.610561e-01 5.445112e+02  1.986342778661245845e+01  1.987790212348680541e+01  1.990494136440971218e+01  1.996297287143130816e+01
152 3801 3.484792e-01 5.449978e+02  1.986342778661245845e+01  1.988392831932593907e+01  1.990041446080038767e+01  2.005225342467631933e+01
153 3826 3.256901e-01 5.728649e+02  1.986342778661245845e+01  1.987701923211286115e+01  1.989923773321847378e+01  1.992983568325266930e+01
154 3851 2.761595e-01 5.696335e+02  1.986342778661245845e+01  1.986469863610977171e+01  1.989812710099990412e+01  1.993377454218001432e+01
155 3876 2.550168e-01 5.749265e+02  1.986342778661245845e+01  1.988434254950309565e+01  1.989590244866781177e+01  1.992461069176702892e+01
156 3901 2.481472e-01 5.814446e+02  1.986342778661245845e+01  1.988559017280306307e+01  1.989563219276397632e+01  1.993088598085640584e+01
157 3926 2.419651e-01 5.791078e+02  1.986342778661245845e+01  1.987164525512746138e+01  1.989437911289818217e+01  1.991517385845319055e+01
158 3951 2.485753e-01 5.679671e+02  1.986342778661245845e+01  1.987911908325382981e+01  1.989627725660979962e+01  1.992130463758461900e+01
159 3976 2.220084e-01 5.782689e+02  1.986342778661245845e+01  1.987391111457184678e+01  1.989231122607922941e+01  1.991815788980151325e+01
160 4001 2.310199e-01 5.814187e+02  1.986342778661245845e+01  1.987663379756825677e+01  1.989097493170802267e+01  1.990852929095423818e+01
161 4026 2.422625e-01 5.940919e+02  1.986342778661245845e+01  1.986721268939305318e+01  1.989470067730625402e+01  1.990932476448917399e+01
162 4051 2.390646e-01 6.137742e+02  1.986342778661245845e+01  1.987442808614789413e+01  1.989540360560141607e+01  1.991407759278419576e+01
163 4076 2.249923e-01 6.177501e+02  1.986342778661245845e+01  1.988363180796570262e+01  1.989138708921427678e+01  1.991941519138149985e+01
164 4101 2.271281e-01 6.112537e+02  1.986342778661245845e+01  1.987128739596105831e+01  1.989419254694843175e+01  1.990471586776874346e+01
165 4126 2.107210e-01 5.970381e+02  1.986342778661245845e+01  1.987528715884830532e+01  1.989407595329556244e+01  1.990564228547827597e+01
166 4151 2.232274e-01 5.852490e+02  1.986342778661245845e+01  1.987370247726244088e+01  1.989495650894359713e+01  1.993160027514085186e+01
167 4176 2.036463e-01 6.114416e+02  1.986342778661245845e+01  1.988288569008332729e+01  1.989876472117761352e+01  1.992139814190472435e+01
168 4201 1.914890e-01 6.142493e+02  1.986342778661245845e+01  1.987119849718764542e+01  1.989108925199217737e+01  1.991082675547360736e+01
169 4226 1.787259e-01 6.291304e+02  1.986342778661245845e+01  1.986956634303217939e+01  1.988966347647913580e+01  1.990433222100980615e+01
170 4251 1.672923e-01 6.436559e+02  1.986342778661245845e+01  1.986900203140434940e+01  1.988833088779975000e+01  1.991472656080189196e+01
171 4276 1.652726e-01 6.476391e+02  1.986342778661245845e+01  1.986540302850625039e+01  1.988880916705685920e+01  1.991412324197543882e+01
172 4301 1.494747e-01 6.553706e+02  1.986184260551626934e+01  1.986184260551626934e+01  1.988874158828713945e+01  1.990210926823099769e+01
173 4326 1.422321e-01 7.218615e+02  1.986184260551626934e+01  1.986194865218085326e+01  1.989264695954713957e+01  1.991411387941811739e+01
174 4351 1.417765e-01 7.252034e+02  1.986184260551626934e+01  1.986935625586479048e+01  1.989099112811187808e+01  1.991232522349660883e+01
175 4376 1.363194e-01 7.396327e+02  1.986184260551626934e+01  1.987258216369064456e+01  1.989042463344694056e+01  1.991151821871554262e+01
176 4401 1.345621e-01 7.703351e+02  1.986184260551626934e+01  1.987599033463643039e+01  1.989196319618761422e+01  1.991278343383315175e+01
177 4426 1.365720e-01 7.636190e+02  1.986184260551626934e+01  1.986237356911290064e+01  1.989038089191218717e+01  1.990690399641930597e+01
178 4451 1.431341e-01 7.974362e+02  1.986184260551626934e+01  1.986537818028851277e+01  1.989103508256484432e+01  1.990981950818285284e+01
179 4476 1.560735e-01 8.206349e+02  1.985992533074161770e+01  1.985992533074161770e+01  1.988775981830861639e+01  1.991010266679219853e+01
180 4501 1.630641e-01 8.350174e+02  1.985992533074161770e+01  1.986442224268909129e+01  1.988903968184193971e+01  1.991530454857993249e+01
181 4526 1.654299e-01 7.951872e+02  1.985992533074161770e+01  1.986376807292192481e+01  1.988702593747804670e+01  1.991103314866020568e+01
182 4551 1.407270e-01 7.549798e+02  1.985992533074161770e+01  1.986827244313061058e+01  1.988450908101301806e+01  1.991207093194831756e+01
183 4576 1.372412e-01 7.510470e+02  1.985992533074161770e+01  1.986308429139601728e+01  1.988767574906751534e+01  1.991733303586700998e+01
184 4601 1.189391e-01 7.496763e+02  1.985992533074161770e+01  1.986311357421137203e+01  1.989297596214739983e+01  1.990661735703109159e+01
185 4626 1.288544e-01 7.988457e+02  1.985992533074161770e+01  1.987005413233417173e+01  1.989008107474110787e+01  1.991155446865878531e+01
186 4651 1.235127e-01 7.743393e+02  1.985992533074161770e+01  1.986683826207575265e+01  1.988722074187122146e+01  1.990608892509938599e+01
187 4676 1.238105e-01 7.881256e+02  1.985948289320611337e+01  1.985948289320611337e+01  1.989262003438853199e+01  1.990664687672159516e+01
188 4701 1.342895e-01 8.363276e+02  1.985948289320611337e+01  1.987322841846873445e+01  1.989182208687470421e+01  1.990997866188246590e+01
189 4726 1.493354e-01 8.435596e+02  1.985948289320611337e+01  1.986965536471759464e+01  1.988748764567795035e+01  1.990695682044676218e+01
190 4751 1.346491e-01 8.782575e+02  1.985893693916641922e+01  1.985893693916641922e+01  1.989022929722870003e+01  1.991131286807408074e+01
191 4776 1.465064e-01 8.884607e+02  1.985893693916641922e+01  1.986344020324534654e+01  1.988987432394974775e+01  1.990463870386577128e+01
192 4801 1.410857e-01 9.190056e+02  1.985893693916641922e+01  1.985945321149811349e+01  1.989089857066531053e+01  1.991066653388140750e+01
193 4826 1.250613e-01 9.093351e+02  1.985843830805432475e+01  1.985843830805432475e+01  1.988852712499347319e+01  1.990578698515458456e+01
194 4851 1.148600e-01 9.364257e+02  1.985843830805432475e+01  1.987308121815044615e+01  1.989320098806484793e+01  1.991237415890631013e+01
195 4876 1.262505e-01 9.466118e+02  1.985843830805432475e+01  1.986061342758217663e+01  1.989063219066967036e+01  1.991698370775750604e+01
196 4901 1.344105e-01 8.909468e+02  1.985843830805432475e+01  1.986195540952752481e+01  1.988308914169480346e+01  1.990603213872752164e+01
197 4926 1.209640e-01 8.758003e+02  1.985843830805432475e+01  1.985876700862083055e+01  1.989075754028608145e+01  1.990745249613306811e+01
198 4951 1.282026e-01 8.810359e+02  1.985843830805432475e+01  1.986153039640952400e+01  1.988707571932383189e+01  1.990898368055205481e+01
199 4976 1.384449e-01 8.233396e+02  1.985843830805432475e+01  1.986079975666541131e+01  1.988623414183554416e+01  1.991184795679710007e+01
200 5001 1.251772e-01 8.115114e+02  1.985799406158790248e+01  1.985799406158790248e+01  1.988434843083105363e+01  1.990494345870942894e+01
201 5026 1.254032e-01 8.054501e+02  1.985799406158790248e+01  1.985968310880748078e+01  1.988957164520819987e+01  1.990922676091810573e+01
202 5051 1.290291e-01 8.253434e+02  1.985172968415531258e+01  1.985172968415531258e+01  1.988740088665955952e+01  1.990499087522744759e+01
203 5076 1.374781e-01 8.759767e+02  1.985172968415531258e+01  1.986253341385673110e+01  1.988576882247379274e+01  1.990950776778438325e+01
204 5101 1.405071e-01 8.425146e+02  1.985172968415531258e+01  1.985979924563183374e+01  1.988656701270089755e+01  1.990099588927551721e+01
205 5126 1.335797e-01 8.268166e+02  1.985172968415531258e+01  1.985732033405843566e+01  1.989149430164941279e+01  1.991008538533581174e+01
206 5151 1.256897e-01 8.380928e+02  1.985172968415531258e+01  1.985937577753558614e+01  1.988674421237728751e+01  1.991490214192269192e+01
207 5176 1.278715e-01 8.681749e+02  1.985172968415531258e+01  1.987297909299058674e+01  1.989223620238199075e+01  1.991112439835394099e+01
208 5201 1.411472e-01 9.159079e+02  1.985172968415531258e+01  1.986069482040078782e+01  1.988908687957451349e+01  1.991267222728853525e+01
209 5226 1.505262e-01 9.334377e+02  1.985172968415531258e+01  1.986126817041370529e+01  1.988676112098399784e+01  1.990466921754029173e+01
210 5251 1.448705e-01 9.087403e+02  1.985172968415531258e+01  1.986263157967276882e+01  1.988428481047089136e+01  1.989895306462834057e+01
211 5276 1.174103e-01 8.778169e+02  1.985172968415531258e+01  1.986849674180787062e+01  1.988463287418956682e+01  1.990721779078506870e+01
212 5301 1.107617e-01 8.536005e+02  1.985172968415531258e+01  1.986495939762665230e+01  1.988263128983461314e+01  1.991398491374376789e+01
213 5326 1.134739e-01 8.907291e+02  1.985172968415531258e+01  1.986404787352796220e+01  1.988643233266730093e+01  1.991408658257492448e+01
214 5351 1.164931e-01 8.910316e+02  1.985172968415531258e+01  1.985710471941716548e+01  1.988232971437994934e+01  1.990716225543844331e+01
215 5376 1.174138e-01 9.303185e+02  1.985172968415531258e+01  1.986155661112411508e+01  1.988923567317738161e+01  1.990818743921138179e+01
216 5401 1.289989e-01 9.241071e+02  1.985172968415531258e+01  1.986341193708251396e+01  1.989012173923267568e+01  1.990747128591571169e+01
217 5426 1.132943e-01 9.312994e+02  1.985172968415531258e+01  1.986775517532472790e+01  1.988281224781610135e+01  1.990044211458009116e+01
218 5451 1.046810e-01 9.288341e+02  1.985172968415531258e+01  1.985811461059920191e+01  1.988261297259389337e+01  1.991084449231023967e+01
219 5476 1.009268e-01 9.755615e+02  1.985172968415531258e+01  1.985769963853403652e+01  1.988642128431436618e+01  1.990827709151946223e+01
220 5501 1.078095e-01 9.887337e+02  1.985172968415531258e+01  1.985847550078423041e+01  1.988275970093398826e+01  1.990134718775399847e+01
221 5526 1.004295e-01 1.016460e+03  1.985172968415531258e+01  1.986849974315823530e+01  1.988821957836104204e+01  1.990736518309559600e+01
222 5551 1.010390e-01 1.019011e+03  1.985172968415531258e+01  1.986116973555185794e+01  1.988745641528434049e+01  1.991079724214738178e+01
223 5576 1.113361e-01 1.026083e+03  1.985172968415531258e+01  1.985540470672125934e+01  1.988609770064123694e+01  1.991037165110601848e+01
224 5601 1.130092e-01 1.006910e+03  1.985172968415531258e+01  1.985980601581970717e+01  1.989008213306424011e+01  1.990430950237646002e+01
225 5626 1.132790e-01 1.017101e+03  1.985172968415531258e+01  1.985582814976958943e+01  1.988653610654268888e+01  1.991374118999440057e+01
226 5651 1.022529e-01 1.035339e+03  1.985172968415531258e+01  1.987101002415030848e+01  1.988951810392087793e+01  1.991396284137444539e+01
227 5676 1.029273e-01 1.027323e+03  1.985172968415531258e+01  1.986313402416655194e+01  1.988691687851396495e+01  1.990490231407719079e+01
228 5701 9.073178e-02 1.054155e+03  1.985172968415531258e+01  1.986198754515370268e+01  1.988917777727087000e+01  1.990879013920856622e+01
229 5726 8.242834e-02 1.047053e+03  1.985172968415531258e+01  1.985718696914378611e+01  1.988584422332027302e+01  1.990394766228107315e+01
230 5751 8.141310e-02 1.021358e+03  1.985172968415531258e+01  1.986294006586242844e+01  1.988717369621596021e+01  1.990481522970457462e+01
231 5776 6.632341e-02 1.006508e+03  1.985172968415531258e+01  1.986654038159174362e+01  1.988256596195713399e+01  1.990883491561357843e+01
232 5801 7.051425e-02 1.074797e+03  1.985172968415531258e+01  1.985748694439082485e+01  1.988575176743986361e+01  1.990900073653514823e+01
233 5826 7.429425e-02 1.069230e+03  1.985172968415531258e+01  1.986178702194671075e+01  1.988350517545243790e+01  1.991484084221041329e+01
234 5851 8.773358e-02 1.054687e+03  1.985172968415531258e+01  1.985694576103334441e+01  1.988602590233639944e+01  1.991008167352222102e+01
235 5876 9.422676e-02 1.107708e+03  1.985172968415531258e+01  1.986839268529677582e+01  1.989030728725896324e+01  1.991182692603325677e+01
236 5901 8.987734e-02 1.188041e+03  1.985172968415531258e+01  1.985540753136087844e+01  1.988059287821090493e+01  1.991068119831081873e+01
237 5926 9.048458e-02 1.154719e+03  1.985172968415531258e+01  1.985718651160251369e+01  1.989003008730959721e+01  1.990794001007275682e+01
238 5951 8.881608e-02 1.161621e+03  1.985172968415531258e+01  1.986241692900329170e+01  1.988742670229146370e+01  1.990618563684588338e+01
239 5976 8.297007e-02 1.227983e+03  1.985172968415531258e+01  1.986244527936932158e+01  1.988823596676600758e+01  1.991364817158357425e+01
240 6001 7.826696e-02 1.265788e+03  1.985172968415531258e+01  1.986141749782331090e+01  1.988985506408681658e+01  1.990567192186355783e+01
241 6026 7.255341e-02 1.327799e+03  1.985172968415531258e+01  1.986866991364880874e+01  1.988772066566612651e+01  1.990076400900612086e+01
242 6051 7.280768e-02 1.272667e+03  1.985172968415531258e+01  1.986716413798672676e+01  1.988621995382654362e+01  1.992019886440038334e+01
243 6076 6.923377e-02 1.295224e+03  1.985172968415531258e+01  1.986167408789889066e+01  1.988833805812808464e+01  1.990478440809564376e+01
244 6101 6.500298e-02 1.242705e+03  1.985172968415531258e+01  1.985761789863582649e+01  1.988149550535467824e+01  1.990654491939188375e+01
245 6126 6.019933e-02 1.285582e+03  1.985172968415531258e+01  1.986720460471042671e+01  1.988831783036306078e+01  1.990745202402034764e+01
246 6151 6.134213e-02 1.278529e+03  1.985172968415531258e+01  1.985870916742528536e+01  1.988523216207750011e+01  1.991459080175918572e+01
247 6176 6.820063e-02 1.280050e+03  1.985172968415531258e+01  1.985798546820785759e+01  1.989306463693013782e+01  1.991020543035110535e+01
248 6201 8.256403e-02 1.403198e+03  1.985172968415531258e+01  1.986303866681216590e+01  1.988317784686732992e+01  1.989959815696681389e+01
249 6226 7.601466e-02 1.427116e+03  1.985172968415531258e+01  1.986641487878683066e+01  1.988685926896888034e+01  1.989861031002775249e+01
250 6251 7.427405e-02 1.426848e+03  1.985172968415531258e+01  1.986658193577501663e+01  1.989026080174227218e+01  1.990152642475200651e+01
251 6276 7.878410e-02 1.436330e+03  1.985172968415531258e+01  1.986365983330231444e+01  1.988411821051809980e+01  1.990594338233542260e+01
252 6301 9.505379e-02 1.481103e+03  1.985172968415531258e+01  1.986705485056397080e+01  1.988576188253593813e+01  1.990392486457665200e+01
253 6326 9.285928e-02 1.464518e+03  1.985172968415531258e+01  1.986677606358616188e+01  1.988603521498276550e+01  1.990894166639296614e+01
254 6351 1.089655e-01 1.339642e+03  1.985172968415531258e+01  1.986217818243034472e+01  1.988819659523456806e+01  1.991261829272272976e+01
255 6376 1.222219e-01 1.290171e+03  1.985172968415531258e+01  1.985791399835476057e+01  1.988991074689929661e+01  1.991190199288408280e+01
256 6401 1.451362e-01 1.250198e+03  1.985172968415531258e+01  1.986368078169221008e+01  1.988231500138034136e+01  1.991336234300552022e+01
257 6426 1.419733e-01 1.256557e+03  1.985172968415531258e+01  1.985704465128228691e+01  1.988949236265218445e+01  1.990821606735726945e+01
258 6451 1.411152e-01 1.268330e+03  1.985172968415531258e+01  1.985853307939763823e+01  1.988276118254815472e+01  1.990815715850530765e+01
259 6476 1.460618e-01 1.305435e+03  1.985172968415531258e+01  1.985881850074731148e+01  1.988589188977674382e+01  1.989973797860327664e+01
260 6501 1.372650e-01 1.291039e+03  1.985172968415531258e+01  1.985892458706508634e+01  1.988726686813703282e+01  1.991117767111155956e+01
261 6526 1.408650e-01 1.314315e+03  1.985172968415531258e+01  1.986281504820240329e+01  1.988768360118635670e+01  1.991304149499666920e+01
262 6551 1.500383e-01 1.299861e+03  1.985172968415531258e+01  1.986189891921225836e+01  1.988877579265982121e+01  1.990131944545663956e+01
263 6576 1.583573e-01 1.353623e+03  1.985172968415531258e+01  1.986003620821826132e+01  1.988593153804192681e+01  1.991037830818043730e+01
264 6601 1.855415e-01 1.401400e+03  1.985172968415531258e+01  1.986097232194084228e+01  1.989187638190308149e+01  1.990695836503091343e+01
265 6626 1.869388e-01 1.364065e+03  1.985172968415531258e+01  1.986849818158818337e+01  1.988553787648866944e+01  1.991089950121580898e+01
266 6651 1.920993e-01 1.354893e+03  1.985172968415531258e+01  1.987521005541515251e+01  1.988718974733092892e+01  1.990910677208607638e+01
267 6676 1.813660e-01 1.463964e+03  1.985172968415531258e+01  1.986367108188047581e+01  1.988166699240850832e+01  1.990580551065913539e+01
268 6701 1.563574e-01 1.514914e+03  1.985172968415531258e+01  1.986141743440697027e+01  1.988736286363174699e+01  1.990330630827325109e+01
269 6726 1.569662e-01 1.596741e+03  1.985172968415531258e+01  1.985729851202016150e+01  1.988108343544854151e+01  1.990232516431785825e+01
270 6751 1.497568e-01 1.570947e+03  1.985172968415531258e+01  1.986203441974626571e+01  1.988700134218353099e+01  1.991067307282660082e+01
271 6776 1.260464e-01 1.680050e+03  1.985172968415531258e+01  1.985940573900587580e+01  1.989083256726970461e+01  1.991106647140706443e+01
272 6801 1.231508e-01 1.615548e+03  1.985172968415531258e+01  1.985868074931915928e+01  1.989151359764719373e+01  1.991974748050505895e+01
273 6826 1.190720e-01 1.807705e+03  1.985172968415531258e+01  1.986367057037883299e+01  1.988515495337544436e+01  1.990811865091660948e+01
274 6851 1.212787e-01 1.871318e+03  1.985172968415531258e+01  1.985768757569177723e+01  1.988284984827919288e+01  1.990639945638318054e+01
275 6876 1.205025e-01 1.839396e+03  1.985172968415531258e+01  1.986103556170489526e+01  1.988087739903557605e+01  1.991130760285979306e+01
276 6901 1.232674e-01 1.872700e+03  1.985172968415531258e+01  1.986151165854174749e+01  1.987993670977430583e+01  1.991418962689161631e+01
277 6926 1.211885e-01 1.862481e+03  1.985172968415531258e+01  1.986840531483245798e+01  1.988678262720492640e+01  1.990353732701411360e+01
278 6951 1.302470e-01 1.937185e+03  1.985172968415531258e+01  1.987438764794845625e+01  1.989671532504289431e+01  1.990515776543525917e+01
279 6976 1.221193e-01 1.996053e+03  1.985172968415531258e+01  1.985726781454996370e+01  1.988999730938480681e+01  1.991127864386735169e+01
280 7001 1.324907e-01 1.980347e+03  1.985172968415531258e+01  1.986178571338516008e+01  1.988837485024531304e+01  1.991335934699001697e+01
281 7026 1.443902e-01 1.886756e+03  1.985172968415531258e+01  1.986291748331167994e+01  1.988984166599799508e+01  1.991624930236022806e+01
282 7051 1.696239e-01 1.854072e+03  1.985172968415531258e+01  1.986799008497704477e+01  1.988669211526566727e+01  1.990450032980028894e+01
283 7076 1.526692e-01 1.821573e+03  1.985172968415531258e+01  1.986402157371825083e+01  1.989195052734066493e+01  1.990974685949094791e+01
284 7101 1.398473e-01 1.794744e+03  1.985172968415531258e+01  1.986194973996237678e+01  1.988952161182820078e+01  1.991449028011799527e+01
285 7126 1.333344e-01 1.785348e+03  1.985172968415531258e+01  1.985759149295682491e+01  1.988638291469948172e+01  1.990858756013644637e+01
286 7151 1.477242e-01 1.777658e+03  1.985172968415531258e+01  1.985795975044222317e+01  1.988474885371660861e+01  1.990394062662868180e+01
287 7176 1.546107e-01 1.765497e+03  1.985172968415531258e+01  1.985639906099829233e+01  1.988474996765111413e+01  1.990981173387584136e+01
288 7201 1.623609e-01 1.799390e+03  1.985172968415531258e+01  1.985723146270080264e+01  1.988356551051510124e+01  1.990888367470759235e+01
289 7226 1.619305e-01 1.901925e+03  1.985172968415531258e+01  1.986253336937573977e+01  1.989097611386831943e+01  1.991675222395859279e+01
290 7251 1.891265e-01 2.011766e+03  1.985172968415531258e+01  1.985719022664319411e+01  1.988730831512480890e+01  1.991038074423358850e+01
291 7276 1.955348e-01 2.079464e+03  1.985172968415531258e+01  1.985688589734873943e+01  1.988605807014915428e+01  1.990580220763341757e+01
292 7301 1.780847e-01 2.221593e+03  1.985172968415531258e+01  1.986174260427715765e+01  1.988703446718563583e+01  1.990958445856167813e+01
293 7326 1.839169e-01 2.146238e+03  1.985172968415531258e+01  1.985773493673244872e+01  1.988472004254888503e+01  1.990111652689309452e+01
294 7351 2.125753e-01 2.126043e+03  1.985172968415531258e+01  1.986243593249034234e+01  1.988203761950637727e+01  1.991164453321948002e+01
295 7376 2.120247e-01 2.099216e+03  1.985172968415531258e+01  1.986250432853724490e+01  1.989216387666024133e+01  1.991125634156775348e+01
296 7401 2.188142e-01 2.127760e+03  1.985172968415531258e+01  1.985815034830948989e+01  1.989064648435017091e+01  1.990935662357720659e+01
297 7426 2.174397e-01 2.168320e+03  1.985172968415531258e+01  1.985892848815105438e+01  1.988431835324128727e+01  1.990347637129034553e+01
298 7451 2.157162e-01 2.176757e+03  1.985172968415531258e+01  1.985986127183791794e+01  1.989088136738568124e+01  1.990830191846606212e+01
299 7476 2.232034e-01 2.197359e+03  1.985172968415531258e+01  1.986137167504868373e+01  1.988390506804116242e+01  1.990861703959751239e+01
300 7501 2.026928e-01 2.144234e+03  1.985172968415531258e+01  1.986928298199449472e+01  1.988646084406955694e+01  1.990389792314991269e+01
301 7526 2.150788e-01 2.232596e+03  1.985172968415531258e+01  1.987044194921491780e+01  1.988702131112723848e+01  1.991188528805231783e+01
302 7551 2.270456e-01 2.313158e+03  1.985172968415531258e+01  1.985797271465017388e+01  1.988394367308596244e+01  1.990592311822180704e+01
303 7576 2.286744e-01 2.211858e+03  1.985172968415531258e+01  1.985757009975494469e+01  1.989052906156381439e+01  1.991370514507481104e+01
304 7601 2.303467e-01 2.295298e+03  1.985172968415531258e+01  1.985811439262405287e+01  1.988713684145795213e+01  1.991415076465486322e+01
305 7626 2.578547e-01 2.357519e+03  1.985172968415531258e+01  1.986057003416704347e+01  1.988076597163320614e+01  1.991155167315122654e+01
306 7651 2.541060e-01 2.204528e+03  1.985172968415531258e+01  1.985984153588298184e+01  1.988643984183555347e+01  1.991092966173400569e+01
307 7676 2.499254e-01 2.241957e+03  1.985172968415531258e+01  1.985834480195875074e+01  1.988791600663436299e+01  1.991203386145943099e+01
308 7701 2.610623e-01 2.130881e+03  1.985172968415531258e+01  1.986743026488903396e+01  1.988919284264055065e+01  1.990872472189905551e+01
309 7726 2.348659e-01 2.166303e+03  1.985172968415531258e+01  1.987024122241595236e+01  1.988430197755445761e+01  1.990227903516464281e+01
310 7751 2.146680e-01 2.186936e+03  1.985172968415531258e+01  1.985790642122215033e+01  1.988358340214348274e+01  1.990921082358780936e+01
311 7776 2.079173e-01 2.193138e+03  1.985172968415531258e+01  1.986435220674285418e+01  1.988008078034321713e+01  1.990541457323954688e+01
312 7801 2.039052e-01 2.111546e+03  1.985172968415531258e+01  1.986064898551734714e+01  1.988737476346414823e+01  1.991281355183330248e+01
313 7826 2.016704e-01 2.154246e+03  1.985172968415531258e+01  1.985736309125805121e+01  1.988834906971924710e+01  1.990636823959156843e+01
314 7851 1.810716e-01 2.204899e+03  1.985172968415531258e+01  1.986104084992276242e+01  1.988665204847501045e+01  1.990308418032488191e+01
315 7876 1.589277e-01 2.115628e+03  1.985172968415531258e+01  1.986565586562286256e+01  1.988241581163291372e+01  1.991258769022981312e+01
316 7901 1.610270e-01 1.978790e+03  1.985172968415531258e+01  1.986133781936652198e+01  1.988376328344588373e+01  1.990567354508661779e+01
317 7926 1.781278e-01 1.949509e+03  1.985172968415531258e+01  1.985975086337718665e+01  1.988859687502196394e+01  1.991164751897292717e+01
318 7951 2.078549e-01 1.922568e+03  1.985172968415531258e+01  1.985771035221835490e+01  1.988731512958780456e+01  1.991028505998509246e+01
319 7976 2.174979e-01 1.984447e+03  1.985172968415531258e+01  1.986167575308862965e+01  1.988889398759273419e+01  1.991302137275584627e+01
320 8001 1.934276e-01 2.038112e+03  1.985172968415531258e+01  1.986266433930623521e+01  1.988435606390463306e+01  1.990482770968224457e+01
321 8026 2.018517e-01 2.041298e+03  1.985172968415531258e+01  1.986202147228411619e+01  1.988933721292472256e+01  1.990558642223908592e+01
322 8051 1.930860e-01 2.111029e+03  1.985172968415531258e+01  1.986257280842716355e+01  1.989055125507078614e+01  1.990942609068151370e+01
323 8076 1.694215e-01 2.057238e+03  1.985172968415531258e+01  1.985855571288371024e+01  1.988620238540335450e+01  1.991299616433533259e+01
324 8101 1.775005e-01 2.001358e+03  1.985172968415531258e+01  1.986786860582362380e+01  1.988866135761856668e+01  1.991073519623369492e+01
325 8126 1.809655e-01 1.940733e+03  1.985172968415531258e+01  1.985876298684998531e+01  1.988175616077501218e+01  1.990731066352316603e+01
326 8151 1.592151e-01 1.962413e+03  1.985172968415531258e+01  1.986137973643642596e+01  1.989199941286900142e+01  1.990583475032139660e+01
327 8176 1.477518e-01 1.989628e+03  1.985172968415531258e+01  1.985735979460071476e+01  1.988352199470748971e+01  1.990609066122701165e+01
328 8201 1.603243e-01 2.033051e+03  1.985172968415531258e+01  1.986831779087415129e+01  1.989043273410725021e+01  1.991063880927883289e+01
329 8226 1.472477e-01 2.063029e+03  1.985172968415531258e+01  1.986486257163917557e+01  1.989256639075626154e+01  1.990573009538514171e+01
330 8251 1.411317e-01 2.033096e+03  1.985172968415531258e+01  1.986171848711788002e+01  1.989265402109399261e+01  1.990958309892896594e+01
331 8276 1.397418e-01 1.897075e+03  1.985172968415531258e+01  1.986579776089640603e+01  1.988147112893148361e+01  1.990522717246970075e+01
332 8301 1.309408e-01 1.815262e+03  1.985172968415531258e+01  1.986448475260888458e+01  1.988089362401156635e+01  1.990649551736251865e+01
333 8326 1.383125e-01 1.662460e+03  1.985172968415531258e+01  1.985814941153915569e+01  1.988688212884098760e+01  1.991165051253073770e+01
334 8351 1.253680e-01 1.655802e+03  1.985172968415531258e+01  1.986303615526097488e+01  1.988618024567727005e+01  1.990971319201894474e+01
335 8376 1.181786e-01 1.669097e+03  1.985172968415531258e+01  1.986941994354167207e+01  1.988906521357648671e+01  1.991109688924245091e+01
336 8401 1.135173e-01 1.661429e+03  1.985172968415531258e+01  1.986007884391301914e+01  1.988853539653928237e+01  1.990521751085780267e+01
337 8426 1.094318e-01 1.668274e+03  1.985172968415531258e+01  1.986807647982470115e+01  1.989129114454161851e+01  1.990677369445138822e+01
338 8451 1.044364e-01 1.681883e+03  1.985172968415531258e+01  1.986303655728097795e+01  1.988977222139887147e+01  1.991040153918856603e+01
339 8476 1.046005e-01 1.727140e+03  1.985172968415531258e+01  1.985764658937407035e+01  1.988999542699258427e+01  1.991014729462973065e+01
340 8501 1.017113e-01 1.758960e+03  1.985172968415531258e+01  1.985767803532639064e+01  1.989216238264814507e+01  1.991004493435512046e+01
341 8526 9.729682e-02 1.739860e+03  1.985172968415531258e+01  1.986941406846177571e+01  1.989128228444274527e+01  1.991316686199824559e+01
342 8551 9.874997e-02 1.798673e+03  1.985172968415531258e+01  1.986460267883081343e+01  1.989037923073618686e+01  1.991042320437561841e+01
343 8576 9.606656e-02 1.821964e+03  1.985172968415531258e+01  1.986202429599194730e+01  1.988755222829705360e+01  1.990290190619628419e+01
344 8601 9.692058e-02 1.831262e+03  1.985172968415531258e+01  1.986253284863353485e+01  1.988921777968745630e+01  1.991450049380656395e+01
345 8626 1.031744e-01 1.789900e+03  1.985172968415531258e+01  1.985647693054579577e+01  1.988899328879647754e+01  1.990578079392444266e+01
346 8651 1.080010e-01 1.823649e+03  1.985172968415531258e+01  1.986224739856039889e+01  1.988858879904334387e+01  1.990675773335377841e+01
347 8676 1.142491e-01 1.794026e+03  1.985172968415531258e+01  1.985345692814745178e+01  1.989056496255158990e+01  1.991100953935992735e+01
348 8701 1.115628e-01 1.755213e+03  1.985172968415531258e+01  1.985691933890896621e+01  1.989070767951308483e+01  1.991035105857004339e+01
349 8726 1.091676e-01 1.767813e+03  1.985172968415531258e+01  1.986274481563352978e+01  1.989068519418225023e+01  1.991508740943892874e+01
350 8751 9.984925e-02 1.741056e+03  1.985172968415531258e+01  1.986999175976391996e+01  1.988886289971909349e+01  1.991226611315514461e+01
351 8776 1.095670e-01 1.778528e+03  1.985172968415531258e+01  1.986209229497791995e+01  1.989183483855232382e+01  1.991676330461766042e+01
352 8801 1.054636e-01 1.838317e+03  1.985172968415531258e+01  1.985784747196364108e+01  1.989044267078718775e+01  1.990567193572211835e+01
353 8826 1.105033e-01 1.843174e+03  1.985172968415531258e+01  1.986713962977525938e+01  1.989085025694460640e+01  1.991011624140749348e+01
354 8851 1.121923e-01 1.796912e+03  1.985172968415531258e+01  1.986230413871000522e+01  1.988715004644378936e+01  1.991277871838080671e+01
