%  columns="iteration, evaluation, sigma, max axis length, min axis length, all principal axes lengths (sorted square roots of eigenvalues of C)" (startseed=210358, 2015/08/21 19:20:20.58)
1 26 3.844410e+00 9.665606e-01 5.720900e-02 5.720900e-02 8.048177e-02 9.451237e-02 1.009176e-01 1.115922e-01 1.888027e-01 2.477198e-01 4.048749e-01 9.665606e-01 
2 51 4.115875e+00 1.025110e+00 5.490485e-02 5.490485e-02 7.910189e-02 9.292320e-02 9.745323e-02 1.095553e-01 1.899250e-01 2.464287e-01 3.941866e-01 1.025110e+00 
3 76 4.739137e+00 1.025219e+00 5.557562e-02 5.557562e-02 8.489350e-02 8.878454e-02 9.740748e-02 1.146952e-01 1.892341e-01 2.414063e-01 3.926491e-01 1.025219e+00 
4 101 5.066619e+00 1.007093e+00 5.409835e-02 5.409835e-02 8.410169e-02 8.612086e-02 1.005061e-01 1.148817e-01 1.880274e-01 2.349264e-01 3.765424e-01 1.007093e+00 
5 126 4.938932e+00 9.981229e-01 5.488590e-02 5.488590e-02 8.296641e-02 8.391181e-02 1.007415e-01 1.132261e-01 1.867315e-01 2.335679e-01 3.621834e-01 9.981229e-01 
6 151 4.639996e+00 9.842232e-01 5.368100e-02 5.368100e-02 7.974612e-02 8.378875e-02 1.036471e-01 1.130696e-01 1.911076e-01 2.287464e-01 3.726638e-01 9.842232e-01 
7 176 4.419567e+00 9.577487e-01 5.311839e-02 5.311839e-02 7.803469e-02 8.364467e-02 1.008693e-01 1.126931e-01 1.858418e-01 2.222143e-01 3.878291e-01 9.577487e-01 
8 201 4.149068e+00 9.287890e-01 5.221528e-02 5.221528e-02 7.737104e-02 8.005573e-02 9.760336e-02 1.129818e-01 1.809807e-01 2.177219e-01 3.891151e-01 9.287890e-01 
9 226 3.998511e+00 9.478000e-01 5.038690e-02 5.038690e-02 7.520676e-02 8.023444e-02 9.402353e-02 1.092324e-01 1.737967e-01 2.153216e-01 3.782071e-01 9.478000e-01 
10 251 3.705906e+00 9.383524e-01 4.934605e-02 4.934605e-02 7.252771e-02 7.676090e-02 9.075956e-02 1.045847e-01 1.738656e-01 2.157986e-01 3.767897e-01 9.383524e-01 
11 276 3.393194e+00 9.062341e-01 4.807475e-02 4.807475e-02 6.957147e-02 7.698148e-02 8.825491e-02 1.017402e-01 1.680831e-01 2.084606e-01 3.675888e-01 9.062341e-01 
12 301 3.525171e+00 8.799770e-01 4.740680e-02 4.740680e-02 6.717363e-02 7.460119e-02 8.664339e-02 1.077928e-01 1.616817e-01 2.069051e-01 3.571460e-01 8.799770e-01 
13 326 3.162098e+00 8.644985e-01 4.567405e-02 4.567405e-02 6.417897e-02 7.208857e-02 8.595682e-02 1.072504e-01 1.597585e-01 1.998218e-01 3.438870e-01 8.644985e-01 
14 351 3.179789e+00 8.460385e-01 4.558430e-02 4.558430e-02 6.145306e-02 6.943505e-02 8.457176e-02 1.101656e-01 1.553536e-01 2.030492e-01 3.298331e-01 8.460385e-01 
15 376 3.026718e+00 8.400366e-01 4.536381e-02 4.536381e-02 5.968533e-02 6.928972e-02 8.235076e-02 1.070472e-01 1.588195e-01 2.011754e-01 3.187754e-01 8.400366e-01 
16 401 2.878288e+00 8.471852e-01 4.513890e-02 4.513890e-02 5.741233e-02 6.698566e-02 8.025090e-02 1.042145e-01 1.564693e-01 1.957017e-01 3.091889e-01 8.471852e-01 
17 426 2.878521e+00 8.631616e-01 4.517699e-02 4.517699e-02 5.602804e-02 6.939669e-02 7.992340e-02 1.016329e-01 1.586190e-01 1.919671e-01 2.984806e-01 8.631616e-01 
18 451 3.007353e+00 9.217188e-01 4.474402e-02 4.474402e-02 5.475577e-02 6.697485e-02 8.146329e-02 1.028320e-01 1.574984e-01 1.854555e-01 2.868028e-01 9.217188e-01 
19 476 2.736047e+00 9.389167e-01 4.332458e-02 4.332458e-02 5.386204e-02 6.448498e-02 7.914007e-02 9.990201e-02 1.532115e-01 1.823319e-01 2.776555e-01 9.389167e-01 
20 501 2.388493e+00 9.411151e-01 4.258681e-02 4.258681e-02 5.453824e-02 6.201931e-02 7.876425e-02 9.805807e-02 1.497534e-01 1.818342e-01 2.731162e-01 9.411151e-01 
21 526 2.302412e+00 9.186662e-01 4.273162e-02 4.273162e-02 5.298221e-02 5.964240e-02 7.586123e-02 1.010906e-01 1.502647e-01 1.758873e-01 2.780912e-01 9.186662e-01 
22 551 2.343915e+00 9.099723e-01 4.161004e-02 4.161004e-02 5.152301e-02 5.745809e-02 7.502385e-02 9.925868e-02 1.465378e-01 1.761059e-01 2.787442e-01 9.099723e-01 
23 576 2.156011e+00 8.822262e-01 4.060641e-02 4.060641e-02 5.088123e-02 5.504793e-02 7.496927e-02 9.673505e-02 1.468935e-01 1.718867e-01 2.698247e-01 8.822262e-01 
24 601 1.936509e+00 8.457685e-01 3.972177e-02 3.972177e-02 4.921171e-02 5.304371e-02 7.585648e-02 9.683557e-02 1.443510e-01 1.710350e-01 2.608655e-01 8.457685e-01 
25 626 2.073289e+00 8.440653e-01 3.939852e-02 3.939852e-02 4.872175e-02 5.107063e-02 7.343649e-02 9.339552e-02 1.463311e-01 1.653590e-01 2.541666e-01 8.440653e-01 
26 651 2.066275e+00 8.187283e-01 3.824246e-02 3.824246e-02 4.814356e-02 5.095291e-02 7.258111e-02 9.296492e-02 1.431948e-01 1.648009e-01 2.426644e-01 8.187283e-01 
27 676 1.858591e+00 7.987296e-01 4.223701e-02 4.223701e-02 4.818563e-02 5.085455e-02 7.149565e-02 9.023006e-02 1.414996e-01 1.618707e-01 2.332531e-01 7.987296e-01 
28 701 1.986038e+00 7.853008e-01 4.148218e-02 4.148218e-02 4.624338e-02 5.001216e-02 7.500998e-02 8.819318e-02 1.504939e-01 1.624774e-01 2.234512e-01 7.853008e-01 
29 726 2.076663e+00 8.031919e-01 4.212644e-02 4.212644e-02 4.690027e-02 4.820356e-02 7.500851e-02 8.617746e-02 1.601952e-01 1.640913e-01 2.222913e-01 8.031919e-01 
30 751 1.983750e+00 7.789911e-01 4.367705e-02 4.367705e-02 4.678147e-02 4.921109e-02 7.360545e-02 8.405459e-02 1.536786e-01 1.637286e-01 2.193119e-01 7.789911e-01 
31 776 1.858773e+00 7.511658e-01 4.382309e-02 4.382309e-02 4.660860e-02 4.916158e-02 7.234872e-02 8.172135e-02 1.555119e-01 1.620389e-01 2.238100e-01 7.511658e-01 
32 801 1.735642e+00 7.340774e-01 4.223500e-02 4.223500e-02 4.552053e-02 4.848837e-02 7.134303e-02 7.973307e-02 1.554519e-01 1.635290e-01 2.227141e-01 7.340774e-01 
33 826 1.524550e+00 7.192295e-01 4.106486e-02 4.106486e-02 4.504611e-02 4.823290e-02 6.952702e-02 7.941983e-02 1.559589e-01 1.678951e-01 2.190156e-01 7.192295e-01 
34 851 1.401219e+00 7.256732e-01 4.011912e-02 4.011912e-02 4.681825e-02 4.789942e-02 6.802737e-02 7.648315e-02 1.554719e-01 1.622828e-01 2.139825e-01 7.256732e-01 
35 876 1.214425e+00 7.329868e-01 3.903512e-02 3.903512e-02 4.554165e-02 4.771492e-02 6.896869e-02 7.608936e-02 1.534395e-01 1.605870e-01 2.102049e-01 7.329868e-01 
36 901 1.149755e+00 7.691377e-01 3.796835e-02 3.796835e-02 4.511278e-02 4.648076e-02 6.630815e-02 7.449732e-02 1.524339e-01 1.623217e-01 2.077823e-01 7.691377e-01 
37 926 1.153281e+00 7.877856e-01 3.842853e-02 3.842853e-02 4.413629e-02 4.536393e-02 6.423378e-02 7.523849e-02 1.501314e-01 1.610476e-01 2.075988e-01 7.877856e-01 
38 951 1.083636e+00 7.915217e-01 3.762392e-02 3.762392e-02 4.276443e-02 4.426187e-02 6.362012e-02 7.849767e-02 1.487113e-01 1.609507e-01 2.064055e-01 7.915217e-01 
39 976 1.080001e+00 8.036685e-01 3.625941e-02 3.625941e-02 4.316535e-02 4.389052e-02 6.183011e-02 8.088243e-02 1.502586e-01 1.683125e-01 1.982095e-01 8.036685e-01 
40 1001 1.203405e+00 7.933366e-01 3.525267e-02 3.525267e-02 4.302570e-02 4.405058e-02 6.198907e-02 8.195268e-02 1.657199e-01 1.694188e-01 1.916932e-01 7.933366e-01 
41 1026 1.119535e+00 7.758769e-01 3.394558e-02 3.394558e-02 4.256884e-02 4.374904e-02 6.107646e-02 8.010279e-02 1.618525e-01 1.701569e-01 1.886594e-01 7.758769e-01 
42 1051 1.104324e+00 7.576503e-01 3.269486e-02 3.269486e-02 4.176077e-02 4.365002e-02 6.067982e-02 7.961767e-02 1.623070e-01 1.707466e-01 2.005027e-01 7.576503e-01 
43 1076 9.690621e-01 7.812746e-01 3.153038e-02 3.153038e-02 4.077540e-02 4.296004e-02 6.065815e-02 7.799952e-02 1.565309e-01 1.672248e-01 1.982924e-01 7.812746e-01 
44 1101 9.079807e-01 7.805073e-01 3.043650e-02 3.043650e-02 4.014885e-02 4.236789e-02 5.948475e-02 7.546069e-02 1.531885e-01 1.695389e-01 1.912704e-01 7.805073e-01 
45 1126 9.404138e-01 8.085329e-01 2.919809e-02 2.919809e-02 4.098684e-02 4.188249e-02 5.967946e-02 7.609910e-02 1.544505e-01 1.640255e-01 1.916888e-01 8.085329e-01 
46 1151 9.285426e-01 7.980379e-01 2.818772e-02 2.818772e-02 3.981812e-02 4.087736e-02 5.779780e-02 7.366099e-02 1.537395e-01 1.696014e-01 1.868768e-01 7.980379e-01 
47 1176 7.843992e-01 7.869420e-01 2.718356e-02 2.718356e-02 3.858625e-02 4.049925e-02 5.801865e-02 7.362897e-02 1.497733e-01 1.654753e-01 1.794467e-01 7.869420e-01 
48 1201 7.859975e-01 7.584925e-01 2.610152e-02 2.610152e-02 3.778280e-02 4.265302e-02 5.858737e-02 7.382673e-02 1.487589e-01 1.611763e-01 1.825658e-01 7.584925e-01 
49 1226 7.443744e-01 7.560439e-01 2.483494e-02 2.483494e-02 3.662140e-02 4.214260e-02 6.043907e-02 7.203577e-02 1.422421e-01 1.685604e-01 1.813111e-01 7.560439e-01 
50 1251 8.020095e-01 7.538976e-01 2.380675e-02 2.380675e-02 3.682665e-02 4.215803e-02 6.067764e-02 6.988845e-02 1.392625e-01 1.730522e-01 1.817226e-01 7.538976e-01 
51 1276 8.234039e-01 7.361697e-01 2.270813e-02 2.270813e-02 3.556303e-02 4.286362e-02 5.883948e-02 6.796302e-02 1.406003e-01 1.687504e-01 1.825622e-01 7.361697e-01 
52 1301 8.012804e-01 7.189599e-01 2.221711e-02 2.221711e-02 3.537560e-02 4.299898e-02 6.009997e-02 6.592389e-02 1.352627e-01 1.628867e-01 1.897624e-01 7.189599e-01 
53 1326 7.344646e-01 7.051422e-01 2.125570e-02 2.125570e-02 3.504715e-02 4.279531e-02 5.801253e-02 6.452721e-02 1.321887e-01 1.575068e-01 1.952980e-01 7.051422e-01 
54 1351 7.042303e-01 7.033329e-01 2.054645e-02 2.054645e-02 3.511621e-02 4.174768e-02 5.717229e-02 6.581954e-02 1.294833e-01 1.556936e-01 2.018331e-01 7.033329e-01 
55 1376 6.319276e-01 7.183035e-01 1.984094e-02 1.984094e-02 3.440075e-02 4.080971e-02 5.760530e-02 6.474675e-02 1.273424e-01 1.531110e-01 1.982077e-01 7.183035e-01 
56 1401 6.708938e-01 7.162279e-01 1.891841e-02 1.891841e-02 3.449503e-02 4.006290e-02 5.818766e-02 6.721253e-02 1.288430e-01 1.558243e-01 2.055257e-01 7.162279e-01 
57 1426 6.529870e-01 7.043084e-01 1.810105e-02 1.810105e-02 3.422568e-02 4.098346e-02 5.672349e-02 6.592070e-02 1.261382e-01 1.507339e-01 2.022401e-01 7.043084e-01 
58 1451 5.762755e-01 7.031926e-01 1.725849e-02 1.725849e-02 3.331475e-02 4.153963e-02 5.487047e-02 6.513539e-02 1.230446e-01 1.476346e-01 2.030293e-01 7.031926e-01 
59 1476 5.401363e-01 7.194356e-01 1.641364e-02 1.641364e-02 3.289716e-02 4.031567e-02 5.337822e-02 6.885485e-02 1.215720e-01 1.452878e-01 1.976363e-01 7.194356e-01 
60 1501 5.156224e-01 6.953234e-01 1.580717e-02 1.580717e-02 3.190698e-02 4.111920e-02 5.319184e-02 6.770998e-02 1.212809e-01 1.402729e-01 1.919645e-01 6.953234e-01 
61 1526 5.006423e-01 6.805495e-01 1.503905e-02 1.503905e-02 3.193697e-02 4.169251e-02 5.431202e-02 6.833296e-02 1.178079e-01 1.365312e-01 1.899689e-01 6.805495e-01 
62 1551 4.663269e-01 6.753116e-01 1.442763e-02 1.442763e-02 3.196044e-02 4.144120e-02 5.360945e-02 6.887637e-02 1.169752e-01 1.327505e-01 1.841518e-01 6.753116e-01 
63 1576 4.300191e-01 7.071635e-01 1.375885e-02 1.375885e-02 3.079638e-02 4.114076e-02 5.376792e-02 6.758365e-02 1.140972e-01 1.303671e-01 1.798184e-01 7.071635e-01 
64 1601 5.152635e-01 6.999741e-01 1.324400e-02 1.324400e-02 3.024313e-02 4.002435e-02 5.354012e-02 6.544151e-02 1.185474e-01 1.250170e-01 2.095185e-01 6.999741e-01 
65 1626 5.837660e-01 7.040849e-01 1.272012e-02 1.272012e-02 2.971069e-02 4.009544e-02 5.427024e-02 6.594774e-02 1.162722e-01 1.227517e-01 2.157917e-01 7.040849e-01 
66 1651 5.448895e-01 6.799669e-01 1.210390e-02 1.210390e-02 2.896110e-02 4.154168e-02 5.267803e-02 6.410536e-02 1.157189e-01 1.196910e-01 2.078724e-01 6.799669e-01 
67 1676 4.839978e-01 6.911534e-01 1.152724e-02 1.152724e-02 2.858458e-02 4.122385e-02 5.118038e-02 6.255014e-02 1.130343e-01 1.162758e-01 2.059352e-01 6.911534e-01 
68 1701 5.521406e-01 6.798538e-01 1.101657e-02 1.101657e-02 2.861429e-02 4.140335e-02 5.176527e-02 6.585182e-02 1.089676e-01 1.170227e-01 2.029421e-01 6.798538e-01 
69 1726 5.912995e-01 6.784871e-01 1.050446e-02 1.050446e-02 2.822417e-02 4.216942e-02 5.130956e-02 6.422431e-02 1.114755e-01 1.188319e-01 2.074528e-01 6.784871e-01 
70 1751 5.767636e-01 6.759764e-01 1.020577e-02 1.020577e-02 2.835216e-02 4.255390e-02 5.290807e-02 6.246698e-02 1.143866e-01 1.168181e-01 1.983771e-01 6.759764e-01 
71 1776 5.374757e-01 6.565875e-01 9.825820e-03 9.825820e-03 2.860455e-02 4.147094e-02 5.137938e-02 6.192047e-02 1.112812e-01 1.183712e-01 1.989661e-01 6.565875e-01 
72 1801 5.326479e-01 6.376329e-01 9.515551e-03 9.515551e-03 2.875142e-02 4.012381e-02 5.006317e-02 6.042722e-02 1.088563e-01 1.230051e-01 2.003501e-01 6.376329e-01 
73 1826 4.530861e-01 6.387412e-01 9.128644e-03 9.128644e-03 2.797879e-02 3.935686e-02 4.800344e-02 5.945001e-02 1.073092e-01 1.240619e-01 1.934704e-01 6.387412e-01 
74 1851 4.532647e-01 6.408385e-01 8.883315e-03 8.883315e-03 2.810432e-02 3.862407e-02 5.022599e-02 5.790963e-02 1.089165e-01 1.214820e-01 1.980180e-01 6.408385e-01 
75 1876 4.477456e-01 6.393738e-01 8.498458e-03 8.498458e-03 2.855734e-02 3.812772e-02 4.969033e-02 5.720895e-02 1.054249e-01 1.180967e-01 1.945379e-01 6.393738e-01 
76 1901 4.734949e-01 6.203841e-01 8.118900e-03 8.118900e-03 2.871766e-02 3.864188e-02 4.918443e-02 5.950143e-02 1.043461e-01 1.213803e-01 1.872369e-01 6.203841e-01 
77 1926 5.346320e-01 6.340211e-01 7.789065e-03 7.789065e-03 2.882584e-02 3.924040e-02 4.802363e-02 5.933834e-02 9.986791e-02 1.224167e-01 2.082580e-01 6.340211e-01 
78 1951 6.144490e-01 6.184729e-01 7.580320e-03 7.580320e-03 2.857638e-02 3.994124e-02 4.763146e-02 5.869412e-02 1.003339e-01 1.286374e-01 2.320159e-01 6.184729e-01 
79 1976 7.131068e-01 6.695379e-01 7.467224e-03 7.467224e-03 2.848974e-02 3.896684e-02 4.699665e-02 5.877706e-02 9.928962e-02 1.252689e-01 2.365129e-01 6.695379e-01 
80 2001 7.110414e-01 6.722118e-01 7.181663e-03 7.181663e-03 2.768160e-02 3.824568e-02 4.626186e-02 5.747748e-02 9.558080e-02 1.229148e-01 2.323462e-01 6.722118e-01 
81 2026 7.089196e-01 6.793520e-01 7.041989e-03 7.041989e-03 2.717253e-02 3.774701e-02 4.662692e-02 5.512922e-02 9.242494e-02 1.192469e-01 2.413115e-01 6.793520e-01 
82 2051 6.688268e-01 6.711409e-01 6.773867e-03 6.773867e-03 2.664310e-02 3.733260e-02 4.497162e-02 5.538427e-02 9.157273e-02 1.218856e-01 2.333543e-01 6.711409e-01 
83 2076 6.752299e-01 7.063442e-01 6.513599e-03 6.513599e-03 2.555437e-02 3.738621e-02 4.388698e-02 5.545320e-02 9.018854e-02 1.214562e-01 2.320171e-01 7.063442e-01 
84 2101 7.075630e-01 6.909335e-01 6.374083e-03 6.374083e-03 2.605568e-02 3.616301e-02 4.303781e-02 5.758662e-02 9.371495e-02 1.214543e-01 2.323693e-01 6.909335e-01 
85 2126 6.539533e-01 6.677466e-01 6.191460e-03 6.191460e-03 2.579999e-02 3.752349e-02 4.239391e-02 5.680300e-02 9.322237e-02 1.201141e-01 2.283370e-01 6.677466e-01 
86 2151 6.098535e-01 6.447236e-01 5.972140e-03 5.972140e-03 2.495215e-02 3.630947e-02 4.283652e-02 5.886667e-02 9.084958e-02 1.220888e-01 2.270132e-01 6.447236e-01 
87 2176 6.515431e-01 6.271978e-01 5.768033e-03 5.768033e-03 2.477999e-02 3.686874e-02 4.225206e-02 6.015753e-02 9.255940e-02 1.226261e-01 2.200522e-01 6.271978e-01 
88 2201 6.620766e-01 6.297325e-01 5.632606e-03 5.632606e-03 2.423288e-02 3.755045e-02 4.125441e-02 5.851936e-02 9.093181e-02 1.239010e-01 2.197207e-01 6.297325e-01 
89 2226 6.520921e-01 6.143836e-01 5.391516e-03 5.391516e-03 2.421749e-02 3.729164e-02 3.979596e-02 5.950847e-02 9.195517e-02 1.223701e-01 2.271598e-01 6.143836e-01 
90 2251 6.033566e-01 5.936871e-01 5.336473e-03 5.336473e-03 2.393341e-02 3.654838e-02 3.825566e-02 5.779229e-02 9.002255e-02 1.190997e-01 2.301538e-01 5.936871e-01 
91 2276 5.822174e-01 5.787814e-01 5.108406e-03 5.108406e-03 2.413934e-02 3.556280e-02 3.703639e-02 5.999049e-02 9.014165e-02 1.156303e-01 2.229491e-01 5.787814e-01 
92 2301 5.441658e-01 5.577442e-01 4.970003e-03 4.970003e-03 2.364376e-02 3.440364e-02 3.854800e-02 5.945932e-02 8.820157e-02 1.158490e-01 2.187012e-01 5.577442e-01 
93 2326 5.360158e-01 5.421021e-01 4.760069e-03 4.760069e-03 2.299772e-02 3.429870e-02 3.813714e-02 5.951454e-02 8.681368e-02 1.152338e-01 2.201732e-01 5.421021e-01 
94 2351 4.961522e-01 5.450750e-01 4.588136e-03 4.588136e-03 2.236697e-02 3.370447e-02 3.763855e-02 5.864445e-02 8.466255e-02 1.129108e-01 2.198680e-01 5.450750e-01 
95 2376 5.354528e-01 5.496862e-01 4.505775e-03 4.505775e-03 2.273507e-02 3.350404e-02 3.857151e-02 5.647295e-02 9.118275e-02 1.084493e-01 2.226041e-01 5.496862e-01 
96 2401 5.820358e-01 5.382803e-01 4.319429e-03 4.319429e-03 2.323861e-02 3.414390e-02 3.885440e-02 5.489367e-02 9.064833e-02 1.067009e-01 2.213817e-01 5.382803e-01 
97 2426 6.550890e-01 5.499889e-01 4.179990e-03 4.179990e-03 2.302520e-02 3.346497e-02 3.815569e-02 5.329821e-02 9.672554e-02 1.078357e-01 2.176647e-01 5.499889e-01 
98 2451 6.697140e-01 5.294315e-01 4.020521e-03 4.020521e-03 2.301866e-02 3.349144e-02 3.735675e-02 5.112012e-02 9.477005e-02 1.088577e-01 2.157712e-01 5.294315e-01 
99 2476 6.904007e-01 5.206181e-01 3.850412e-03 3.850412e-03 2.243901e-02 3.287219e-02 3.626545e-02 5.004883e-02 9.245676e-02 1.222984e-01 2.088681e-01 5.206181e-01 
100 2501 6.540941e-01 5.120448e-01 3.749419e-03 3.749419e-03 2.204746e-02 3.183767e-02 3.587237e-02 4.921439e-02 8.935614e-02 1.251396e-01 2.038231e-01 5.120448e-01 
101 2526 6.722011e-01 5.259504e-01 3.624371e-03 3.624371e-03 2.209967e-02 3.077871e-02 3.531909e-02 4.875526e-02 8.768643e-02 1.328443e-01 2.060695e-01 5.259504e-01 
102 2551 5.929291e-01 5.125677e-01 3.513081e-03 3.513081e-03 2.189910e-02 3.060354e-02 3.410782e-02 4.830799e-02 8.643298e-02 1.382799e-01 2.011818e-01 5.125677e-01 
103 2576 5.253492e-01 4.951288e-01 3.352505e-03 3.352505e-03 2.224200e-02 2.936451e-02 3.382634e-02 4.751663e-02 8.357290e-02 1.352953e-01 1.961962e-01 4.951288e-01 
104 2601 5.230498e-01 4.969212e-01 3.235077e-03 3.235077e-03 2.198743e-02 2.917136e-02 3.368604e-02 4.643478e-02 8.255563e-02 1.333052e-01 1.954409e-01 4.969212e-01 
105 2626 5.272334e-01 5.043395e-01 3.121788e-03 3.121788e-03 2.181209e-02 2.835229e-02 3.244227e-02 4.562042e-02 8.348072e-02 1.350152e-01 1.926553e-01 5.043395e-01 
106 2651 5.464272e-01 5.128910e-01 3.011627e-03 3.011627e-03 2.184329e-02 2.730235e-02 3.108584e-02 4.459630e-02 8.331412e-02 1.374036e-01 1.858963e-01 5.128910e-01 
107 2676 4.928551e-01 5.080404e-01 2.914970e-03 2.914970e-03 2.161252e-02 2.821589e-02 3.072487e-02 4.305261e-02 8.126196e-02 1.355464e-01 1.769839e-01 5.080404e-01 
108 2701 5.209741e-01 5.213875e-01 2.833668e-03 2.833668e-03 2.069798e-02 2.767251e-02 3.041270e-02 4.192213e-02 8.368328e-02 1.326145e-01 1.826673e-01 5.213875e-01 
109 2726 5.320599e-01 5.135957e-01 2.764679e-03 2.764679e-03 2.053941e-02 2.675395e-02 3.056809e-02 4.153127e-02 8.099428e-02 1.339331e-01 1.885290e-01 5.135957e-01 
110 2751 5.847927e-01 5.508517e-01 2.675995e-03 2.675995e-03 2.010396e-02 2.622616e-02 2.946578e-02 3.989885e-02 7.866145e-02 1.356344e-01 1.901508e-01 5.508517e-01 
111 2776 5.686303e-01 5.433039e-01 2.575278e-03 2.575278e-03 1.991845e-02 2.554802e-02 2.920805e-02 3.882645e-02 8.451049e-02 1.324311e-01 1.864252e-01 5.433039e-01 
112 2801 4.977902e-01 5.321613e-01 2.507700e-03 2.507700e-03 1.965111e-02 2.544060e-02 2.852875e-02 3.778800e-02 8.557062e-02 1.299112e-01 1.820186e-01 5.321613e-01 
113 2826 4.627584e-01 5.484669e-01 2.424983e-03 2.424983e-03 1.896334e-02 2.506817e-02 2.772439e-02 3.676377e-02 9.004211e-02 1.274100e-01 1.761289e-01 5.484669e-01 
114 2851 4.242969e-01 5.295487e-01 2.361739e-03 2.361739e-03 1.870805e-02 2.434827e-02 2.739897e-02 3.571466e-02 9.233895e-02 1.265066e-01 1.706883e-01 5.295487e-01 
115 2876 3.747237e-01 5.194932e-01 2.322334e-03 2.322334e-03 1.868012e-02 2.489645e-02 2.662031e-02 3.428702e-02 9.084233e-02 1.254749e-01 1.655569e-01 5.194932e-01 
116 2901 3.551953e-01 5.085089e-01 2.252189e-03 2.252189e-03 1.881882e-02 2.423567e-02 2.613410e-02 3.305619e-02 8.845848e-02 1.266462e-01 1.640695e-01 5.085089e-01 
117 2926 3.372072e-01 5.020065e-01 2.184674e-03 2.184674e-03 1.883089e-02 2.428667e-02 2.560630e-02 3.208480e-02 8.888735e-02 1.271974e-01 1.592466e-01 5.020065e-01 
118 2951 3.443066e-01 5.107232e-01 2.154561e-03 2.154561e-03 1.858989e-02 2.413816e-02 2.497742e-02 3.108199e-02 8.819031e-02 1.310707e-01 1.592263e-01 5.107232e-01 
119 2976 3.255643e-01 4.995118e-01 2.092499e-03 2.092499e-03 1.864473e-02 2.340195e-02 2.468886e-02 3.157483e-02 8.603830e-02 1.305526e-01 1.576615e-01 4.995118e-01 
120 3001 3.207280e-01 5.255038e-01 2.009829e-03 2.009829e-03 1.802075e-02 2.343885e-02 2.389034e-02 3.024139e-02 8.318638e-02 1.306103e-01 1.541833e-01 5.255038e-01 
121 3026 3.306256e-01 5.290196e-01 1.954384e-03 1.954384e-03 1.821440e-02 2.279866e-02 2.374813e-02 3.252298e-02 8.434593e-02 1.276352e-01 1.517553e-01 5.290196e-01 
122 3051 2.988786e-01 5.116463e-01 1.916171e-03 1.916171e-03 1.757076e-02 2.190548e-02 2.321138e-02 3.131207e-02 8.185412e-02 1.236765e-01 1.569644e-01 5.116463e-01 
123 3076 3.075158e-01 5.090391e-01 1.857232e-03 1.857232e-03 1.709766e-02 2.151375e-02 2.301653e-02 3.334771e-02 8.331725e-02 1.251847e-01 1.565770e-01 5.090391e-01 
124 3101 2.661137e-01 4.952319e-01 1.802753e-03 1.802753e-03 1.675609e-02 2.082607e-02 2.213560e-02 3.238200e-02 8.211175e-02 1.215341e-01 1.541036e-01 4.952319e-01 
125 3126 2.505925e-01 4.801856e-01 1.736485e-03 1.736485e-03 1.705531e-02 2.026754e-02 2.203044e-02 3.337728e-02 7.939853e-02 1.173940e-01 1.533757e-01 4.801856e-01 
126 3151 2.253634e-01 4.672695e-01 1.678293e-03 1.678293e-03 1.638408e-02 2.033473e-02 2.231650e-02 3.260544e-02 7.997815e-02 1.164019e-01 1.494159e-01 4.672695e-01 
127 3176 2.009806e-01 4.657631e-01 1.632233e-03 1.632233e-03 1.633696e-02 1.976345e-02 2.152868e-02 3.197608e-02 7.943130e-02 1.179504e-01 1.470081e-01 4.657631e-01 
128 3201 2.021354e-01 4.603644e-01 1.573073e-03 1.573073e-03 1.670111e-02 1.926645e-02 2.185165e-02 3.206205e-02 7.783419e-02 1.191066e-01 1.421901e-01 4.603644e-01 
129 3226 1.985755e-01 4.445546e-01 1.531001e-03 1.531001e-03 1.648026e-02 1.886742e-02 2.224372e-02 3.196812e-02 7.936700e-02 1.184602e-01 1.383253e-01 4.445546e-01 
130 3251 2.011024e-01 4.397302e-01 1.472972e-03 1.472972e-03 1.641533e-02 1.826924e-02 2.158834e-02 3.163861e-02 8.194054e-02 1.187644e-01 1.405023e-01 4.397302e-01 
131 3276 1.921686e-01 4.378762e-01 1.426875e-03 1.426875e-03 1.605413e-02 1.798452e-02 2.171763e-02 3.234095e-02 8.112729e-02 1.189227e-01 1.395426e-01 4.378762e-01 
132 3301 1.848607e-01 4.351108e-01 1.376455e-03 1.376455e-03 1.609084e-02 1.762373e-02 2.097237e-02 3.273647e-02 8.136965e-02 1.175108e-01 1.362163e-01 4.351108e-01 
133 3326 2.088752e-01 4.445317e-01 1.324840e-03 1.324840e-03 1.548956e-02 1.716131e-02 2.093566e-02 3.314955e-02 8.421548e-02 1.247055e-01 1.336500e-01 4.445317e-01 
134 3351 2.318398e-01 4.981274e-01 1.268702e-03 1.268702e-03 1.543260e-02 1.672445e-02 2.100197e-02 3.224267e-02 8.493015e-02 1.254632e-01 1.364232e-01 4.981274e-01 
135 3376 2.251714e-01 4.911463e-01 1.250029e-03 1.250029e-03 1.540036e-02 1.597961e-02 2.013254e-02 3.158863e-02 8.354975e-02 1.219705e-01 1.378592e-01 4.911463e-01 
136 3401 2.263947e-01 5.040334e-01 1.211536e-03 1.211536e-03 1.496821e-02 1.594878e-02 1.956099e-02 3.059315e-02 8.198073e-02 1.246904e-01 1.418596e-01 5.040334e-01 
137 3426 2.111592e-01 4.959251e-01 1.172533e-03 1.172533e-03 1.454814e-02 1.567548e-02 1.894267e-02 3.075074e-02 7.907361e-02 1.247614e-01 1.406041e-01 4.959251e-01 
138 3451 1.892413e-01 4.848058e-01 1.134190e-03 1.134190e-03 1.422842e-02 1.518954e-02 1.875846e-02 3.018116e-02 7.744833e-02 1.246140e-01 1.367038e-01 4.848058e-01 
139 3476 1.859631e-01 4.788394e-01 1.124126e-03 1.124126e-03 1.437207e-02 1.522326e-02 1.831089e-02 3.080336e-02 7.551079e-02 1.279133e-01 1.382577e-01 4.788394e-01 
140 3501 2.016734e-01 4.685025e-01 1.077607e-03 1.077607e-03 1.407616e-02 1.532957e-02 1.828253e-02 3.072581e-02 7.690426e-02 1.324712e-01 1.372798e-01 4.685025e-01 
141 3526 2.240157e-01 4.583955e-01 1.049721e-03 1.049721e-03 1.385698e-02 1.476898e-02 1.800325e-02 2.964472e-02 7.746615e-02 1.311202e-01 1.385776e-01 4.583955e-01 
142 3551 2.130177e-01 4.634892e-01 1.012037e-03 1.012037e-03 1.350355e-02 1.445790e-02 1.775313e-02 2.957928e-02 7.781226e-02 1.297850e-01 1.386211e-01 4.634892e-01 
143 3576 2.217048e-01 4.588527e-01 9.763201e-04 9.763201e-04 1.304521e-02 1.393522e-02 1.742378e-02 2.864332e-02 7.573777e-02 1.260218e-01 1.504157e-01 4.588527e-01 
144 3601 2.211800e-01 4.807961e-01 9.394964e-04 9.394964e-04 1.297424e-02 1.352388e-02 1.706588e-02 2.766815e-02 7.503621e-02 1.219531e-01 1.506844e-01 4.807961e-01 
145 3626 2.245908e-01 4.937447e-01 9.018182e-04 9.018182e-04 1.250917e-02 1.314766e-02 1.692422e-02 2.770976e-02 7.698081e-02 1.202164e-01 1.541028e-01 4.937447e-01 
146 3651 1.973276e-01 4.903347e-01 8.668542e-04 8.668542e-04 1.236786e-02 1.291038e-02 1.639735e-02 2.672473e-02 7.680313e-02 1.176424e-01 1.543464e-01 4.903347e-01 
147 3676 1.918559e-01 4.945518e-01 8.373110e-04 8.373110e-04 1.205707e-02 1.345368e-02 1.604309e-02 2.644075e-02 7.429476e-02 1.151532e-01 1.512837e-01 4.945518e-01 
148 3701 1.685930e-01 4.747332e-01 8.008487e-04 8.008487e-04 1.165012e-02 1.319103e-02 1.582570e-02 2.559472e-02 7.357156e-02 1.126624e-01 1.475333e-01 4.747332e-01 
149 3726 1.605209e-01 4.750886e-01 7.857203e-04 7.857203e-04 1.154535e-02 1.328164e-02 1.534467e-02 2.546275e-02 7.412255e-02 1.107510e-01 1.425084e-01 4.750886e-01 
150 3751 1.612021e-01 4.814104e-01 7.634157e-04 7.634157e-04 1.144675e-02 1.295343e-02 1.497339e-02 2.466250e-02 7.681177e-02 1.070786e-01 1.402694e-01 4.814104e-01 
151 3776 1.609468e-01 5.028203e-01 7.339090e-04 7.339090e-04 1.116737e-02 1.254379e-02 1.456181e-02 2.378197e-02 7.690934e-02 1.052064e-01 1.378147e-01 5.028203e-01 
152 3801 1.596919e-01 5.055244e-01 7.188069e-04 7.188069e-04 1.079073e-02 1.217288e-02 1.435760e-02 2.313231e-02 7.883459e-02 1.017321e-01 1.402782e-01 5.055244e-01 
153 3826 1.530896e-01 5.001112e-01 6.966998e-04 6.966998e-04 1.081284e-02 1.220513e-02 1.474999e-02 2.406323e-02 7.703188e-02 1.007309e-01 1.403687e-01 5.001112e-01 
154 3851 1.451215e-01 4.921569e-01 6.709597e-04 6.709597e-04 1.062296e-02 1.195883e-02 1.453436e-02 2.319075e-02 7.697169e-02 9.917715e-02 1.448723e-01 4.921569e-01 
155 3876 1.373399e-01 4.773310e-01 6.440956e-04 6.440956e-04 1.033681e-02 1.189211e-02 1.456717e-02 2.266766e-02 7.444203e-02 9.584971e-02 1.437512e-01 4.773310e-01 
156 3901 1.367372e-01 4.688372e-01 6.366338e-04 6.366338e-04 1.027882e-02 1.151687e-02 1.441410e-02 2.177951e-02 7.380186e-02 9.467509e-02 1.450725e-01 4.688372e-01 
157 3926 1.207800e-01 4.550747e-01 6.292343e-04 6.292343e-04 9.955283e-03 1.131118e-02 1.437108e-02 2.117705e-02 7.155991e-02 9.221891e-02 1.505856e-01 4.550747e-01 
158 3951 1.004091e-01 4.433124e-01 6.143664e-04 6.143664e-04 9.837702e-03 1.128217e-02 1.427588e-02 2.113030e-02 6.907096e-02 9.356410e-02 1.468598e-01 4.433124e-01 
159 3976 9.976039e-02 4.434800e-01 5.952390e-04 5.952390e-04 9.801504e-03 1.115049e-02 1.389117e-02 2.158474e-02 6.674516e-02 9.489001e-02 1.452123e-01 4.434800e-01 
160 4001 8.487118e-02 4.364999e-01 5.708225e-04 5.708225e-04 9.568699e-03 1.083655e-02 1.338869e-02 2.154125e-02 6.842593e-02 9.395808e-02 1.447786e-01 4.364999e-01 
161 4026 7.388912e-02 4.373630e-01 5.638573e-04 5.638573e-04 9.215747e-03 1.045209e-02 1.342371e-02 2.066261e-02 6.776496e-02 9.123209e-02 1.395180e-01 4.373630e-01 
162 4051 6.982326e-02 4.386824e-01 5.499472e-04 5.499472e-04 9.109553e-03 1.036957e-02 1.357669e-02 2.074125e-02 6.682117e-02 8.882456e-02 1.397302e-01 4.386824e-01 
163 4076 6.525037e-02 4.380594e-01 5.361726e-04 5.361726e-04 8.967580e-03 1.098419e-02 1.368743e-02 2.105072e-02 6.587417e-02 8.655428e-02 1.359788e-01 4.380594e-01 
164 4101 6.682769e-02 4.266384e-01 5.323482e-04 5.323482e-04 8.827237e-03 1.083519e-02 1.483483e-02 2.096470e-02 6.313565e-02 8.606421e-02 1.312424e-01 4.266384e-01 
165 4126 6.719801e-02 4.466446e-01 5.445217e-04 5.445217e-04 8.686010e-03 1.050916e-02 1.481294e-02 2.062330e-02 6.343617e-02 8.378337e-02 1.329864e-01 4.466446e-01 
166 4151 6.959606e-02 4.391436e-01 5.395291e-04 5.395291e-04 8.520467e-03 1.020087e-02 1.486546e-02 2.044167e-02 6.442420e-02 8.103637e-02 1.312035e-01 4.391436e-01 
167 4176 6.956411e-02 4.305557e-01 5.371178e-04 5.371178e-04 8.367793e-03 1.013819e-02 1.526133e-02 2.097110e-02 6.347594e-02 8.027336e-02 1.281044e-01 4.305557e-01 
168 4201 6.411000e-02 4.305716e-01 5.311548e-04 5.311548e-04 8.083762e-03 1.013705e-02 1.523754e-02 2.109712e-02 6.280445e-02 7.844782e-02 1.253611e-01 4.305716e-01 
169 4226 5.870370e-02 4.224039e-01 5.118351e-04 5.118351e-04 7.898055e-03 9.977953e-03 1.533568e-02 2.112810e-02 6.470501e-02 7.745861e-02 1.222675e-01 4.224039e-01 
170 4251 5.435089e-02 4.192358e-01 4.959303e-04 4.959303e-04 7.732652e-03 1.004121e-02 1.517222e-02 2.091087e-02 6.729038e-02 7.795982e-02 1.265894e-01 4.192358e-01 
171 4276 5.021992e-02 4.242838e-01 4.925820e-04 4.925820e-04 7.627484e-03 9.684000e-03 1.514674e-02 2.144896e-02 6.561086e-02 7.805084e-02 1.235304e-01 4.242838e-01 
172 4301 5.427059e-02 4.545369e-01 4.777867e-04 4.777867e-04 7.563534e-03 9.695369e-03 1.516522e-02 2.204939e-02 6.557920e-02 7.464041e-02 1.254901e-01 4.545369e-01 
173 4326 6.965210e-02 4.519668e-01 4.747777e-04 4.747777e-04 7.634209e-03 1.039838e-02 1.515847e-02 2.178465e-02 6.714241e-02 7.561299e-02 1.218407e-01 4.519668e-01 
174 4351 7.881450e-02 4.482295e-01 4.699290e-04 4.699290e-04 7.482075e-03 1.011842e-02 1.480907e-02 2.223110e-02 6.715502e-02 7.452295e-02 1.228219e-01 4.482295e-01 
175 4376 8.014830e-02 4.373634e-01 4.771183e-04 4.771183e-04 7.508301e-03 9.843102e-03 1.540993e-02 2.215883e-02 6.525703e-02 7.432785e-02 1.198851e-01 4.373634e-01 
176 4401 8.638401e-02 4.334502e-01 4.745412e-04 4.745412e-04 7.382256e-03 9.742288e-03 1.654176e-02 2.161543e-02 6.510362e-02 7.214156e-02 1.176407e-01 4.334502e-01 
177 4426 8.498655e-02 4.273571e-01 4.773798e-04 4.773798e-04 7.259623e-03 9.682712e-03 1.634907e-02 2.122678e-02 6.544755e-02 6.978760e-02 1.132850e-01 4.273571e-01 
178 4451 8.338026e-02 4.265628e-01 4.593563e-04 4.593563e-04 6.999934e-03 9.393012e-03 1.684084e-02 2.082630e-02 6.325518e-02 7.054089e-02 1.126648e-01 4.265628e-01 
179 4476 7.808393e-02 4.259970e-01 4.573322e-04 4.573322e-04 6.713940e-03 9.323817e-03 1.637981e-02 2.132023e-02 6.221747e-02 6.993022e-02 1.124052e-01 4.259970e-01 
180 4501 8.214005e-02 4.160270e-01 4.465125e-04 4.465125e-04 6.728348e-03 9.263839e-03 1.639790e-02 2.209151e-02 6.278249e-02 6.924608e-02 1.190565e-01 4.160270e-01 
181 4526 9.748748e-02 4.532053e-01 4.479989e-04 4.479989e-04 6.595415e-03 9.253330e-03 1.634321e-02 2.204314e-02 6.353216e-02 6.776726e-02 1.168064e-01 4.532053e-01 
182 4551 9.205720e-02 4.667689e-01 4.581922e-04 4.581922e-04 6.421175e-03 8.988299e-03 1.654344e-02 2.169565e-02 6.211934e-02 6.551554e-02 1.139965e-01 4.667689e-01 
183 4576 8.948009e-02 4.753946e-01 4.524109e-04 4.524109e-04 6.319437e-03 9.129890e-03 1.650403e-02 2.112322e-02 6.197820e-02 6.517808e-02 1.129537e-01 4.753946e-01 
184 4601 8.341838e-02 4.646442e-01 4.515869e-04 4.515869e-04 6.055047e-03 9.122053e-03 1.603281e-02 2.037199e-02 6.101640e-02 6.610742e-02 1.153103e-01 4.646442e-01 
185 4626 7.587191e-02 4.571455e-01 4.346296e-04 4.346296e-04 6.192416e-03 8.825763e-03 1.614475e-02 1.997977e-02 5.947375e-02 6.684812e-02 1.226265e-01 4.571455e-01 
186 4651 8.445271e-02 4.559841e-01 4.317184e-04 4.317184e-04 6.115089e-03 9.050803e-03 1.705981e-02 2.025542e-02 5.798183e-02 6.917254e-02 1.193884e-01 4.559841e-01 
187 4676 8.486299e-02 4.629028e-01 4.424245e-04 4.424245e-04 6.172432e-03 8.801856e-03 1.654502e-02 2.036393e-02 5.682634e-02 6.868670e-02 1.182345e-01 4.629028e-01 
188 4701 8.811241e-02 4.602058e-01 4.778600e-04 4.778600e-04 6.133299e-03 8.753478e-03 1.613917e-02 1.989031e-02 5.565623e-02 6.627759e-02 1.190122e-01 4.602058e-01 
189 4726 8.708466e-02 4.448682e-01 4.675545e-04 4.675545e-04 6.160241e-03 8.667372e-03 1.577151e-02 2.003725e-02 5.488524e-02 6.611874e-02 1.235643e-01 4.448682e-01 
190 4751 8.305208e-02 4.325032e-01 4.522963e-04 4.522963e-04 6.036805e-03 8.567201e-03 1.560815e-02 1.983453e-02 5.483956e-02 6.765021e-02 1.231689e-01 4.325032e-01 
191 4776 8.661729e-02 4.178018e-01 4.344074e-04 4.344074e-04 5.909826e-03 8.458908e-03 1.619738e-02 1.946852e-02 5.293647e-02 6.551169e-02 1.262205e-01 4.178018e-01 
192 4801 9.523991e-02 4.329783e-01 4.177331e-04 4.177331e-04 5.763421e-03 8.739282e-03 1.697242e-02 2.027060e-02 5.217338e-02 6.634080e-02 1.233073e-01 4.329783e-01 
193 4826 1.012537e-01 4.238764e-01 4.080571e-04 4.080571e-04 5.914214e-03 8.717749e-03 1.704828e-02 2.061226e-02 5.153854e-02 6.464466e-02 1.189737e-01 4.238764e-01 
194 4851 1.080786e-01 4.241305e-01 4.100690e-04 4.100690e-04 5.806579e-03 8.989572e-03 1.678876e-02 2.151926e-02 5.003343e-02 6.324190e-02 1.195752e-01 4.241305e-01 
195 4876 1.093697e-01 4.183820e-01 3.962242e-04 3.962242e-04 5.643225e-03 9.353500e-03 1.682666e-02 2.204576e-02 4.932424e-02 6.349016e-02 1.251421e-01 4.183820e-01 
196 4901 1.021270e-01 4.160784e-01 3.986820e-04 3.986820e-04 5.479514e-03 9.118814e-03 1.704305e-02 2.160487e-02 4.811620e-02 6.225770e-02 1.297477e-01 4.160784e-01 
197 4926 9.489273e-02 4.042275e-01 3.945770e-04 3.945770e-04 5.604151e-03 8.783631e-03 1.641600e-02 2.195034e-02 4.705314e-02 5.973256e-02 1.270620e-01 4.042275e-01 
198 4951 9.677724e-02 4.557594e-01 3.921981e-04 3.921981e-04 5.593214e-03 8.554223e-03 1.655479e-02 2.151399e-02 4.574754e-02 5.763931e-02 1.263582e-01 4.557594e-01 
199 4976 9.316390e-02 4.471111e-01 3.931796e-04 3.931796e-04 5.560964e-03 8.599731e-03 1.615227e-02 2.133322e-02 4.507064e-02 5.697529e-02 1.240820e-01 4.471111e-01 
200 5001 9.803119e-02 4.725994e-01 3.852518e-04 3.852518e-04 5.461393e-03 8.588088e-03 1.609949e-02 2.172148e-02 4.360055e-02 5.639057e-02 1.204248e-01 4.725994e-01 
201 5026 9.538773e-02 4.755419e-01 3.958331e-04 3.958331e-04 5.252534e-03 8.555621e-03 1.574353e-02 2.196121e-02 4.211602e-02 5.744265e-02 1.174244e-01 4.755419e-01 
202 5051 1.028157e-01 4.729316e-01 3.949437e-04 3.949437e-04 5.156425e-03 8.980030e-03 1.529127e-02 2.314780e-02 4.452904e-02 5.763221e-02 1.166080e-01 4.729316e-01 
203 5076 9.385815e-02 4.707048e-01 3.876894e-04 3.876894e-04 5.016630e-03 9.218440e-03 1.535778e-02 2.266294e-02 4.617055e-02 5.735269e-02 1.122904e-01 4.707048e-01 
204 5101 8.332902e-02 4.722938e-01 3.830259e-04 3.830259e-04 4.927076e-03 9.012724e-03 1.483233e-02 2.348344e-02 4.655982e-02 5.626648e-02 1.077212e-01 4.722938e-01 
205 5126 9.469586e-02 4.648753e-01 3.727845e-04 3.727845e-04 4.768265e-03 9.011067e-03 1.465020e-02 2.496400e-02 4.961579e-02 5.619113e-02 1.078965e-01 4.648753e-01 
206 5151 9.286783e-02 4.589217e-01 3.636071e-04 3.636071e-04 4.636917e-03 8.939236e-03 1.434231e-02 2.553503e-02 4.925477e-02 5.660909e-02 1.073680e-01 4.589217e-01 
207 5176 9.564850e-02 4.522244e-01 3.533733e-04 3.533733e-04 4.556688e-03 8.645568e-03 1.422587e-02 2.588533e-02 4.769450e-02 5.826229e-02 1.044444e-01 4.522244e-01 
208 5201 9.071350e-02 4.422682e-01 3.585382e-04 3.585382e-04 4.406881e-03 8.495304e-03 1.375759e-02 2.684739e-02 4.590886e-02 5.747182e-02 1.008645e-01 4.422682e-01 
209 5226 7.505747e-02 4.382231e-01 3.609865e-04 3.609865e-04 4.291745e-03 8.202771e-03 1.375540e-02 2.723316e-02 4.652087e-02 5.865257e-02 9.770979e-02 4.382231e-01 
210 5251 7.860777e-02 4.305659e-01 3.524094e-04 3.524094e-04 4.289381e-03 8.071157e-03 1.359669e-02 2.710438e-02 4.552715e-02 5.766427e-02 9.798327e-02 4.305659e-01 
211 5276 8.929594e-02 4.312336e-01 3.613864e-04 3.613864e-04 4.225634e-03 8.121957e-03 1.339426e-02 2.624094e-02 4.448884e-02 5.898966e-02 9.658786e-02 4.312336e-01 
212 5301 9.689829e-02 4.278964e-01 3.529589e-04 3.529589e-04 4.143376e-03 7.969744e-03 1.326971e-02 2.681355e-02 4.649911e-02 6.072269e-02 9.443920e-02 4.278964e-01 
213 5326 9.119655e-02 4.335404e-01 3.502367e-04 3.502367e-04 3.982823e-03 7.781806e-03 1.277046e-02 2.694552e-02 4.532549e-02 6.022271e-02 9.403342e-02 4.335404e-01 
214 5351 8.984487e-02 4.197447e-01 3.358705e-04 3.358705e-04 4.127340e-03 7.968411e-03 1.250390e-02 2.659976e-02 4.435274e-02 5.952121e-02 9.079725e-02 4.197447e-01 
215 5376 8.111502e-02 4.149458e-01 3.355794e-04 3.355794e-04 4.089876e-03 7.886133e-03 1.239090e-02 2.684336e-02 4.403842e-02 5.991778e-02 8.925939e-02 4.149458e-01 
216 5401 7.657959e-02 4.062922e-01 3.320092e-04 3.320092e-04 4.045086e-03 7.781476e-03 1.261984e-02 2.642202e-02 4.469293e-02 6.019821e-02 8.595629e-02 4.062922e-01 
217 5426 7.304516e-02 4.003055e-01 3.302303e-04 3.302303e-04 3.921331e-03 7.558534e-03 1.219007e-02 2.647774e-02 4.445708e-02 6.167848e-02 8.572570e-02 4.003055e-01 
218 5451 6.234661e-02 3.872410e-01 3.227023e-04 3.227023e-04 3.979116e-03 7.292626e-03 1.199238e-02 2.537822e-02 4.346035e-02 6.158466e-02 8.573791e-02 3.872410e-01 
219 5476 6.387227e-02 3.806612e-01 3.146165e-04 3.146165e-04 3.858171e-03 7.222947e-03 1.212578e-02 2.497408e-02 4.213036e-02 6.214155e-02 8.971610e-02 3.806612e-01 
220 5501 5.911447e-02 3.770011e-01 3.122143e-04 3.122143e-04 3.800572e-03 7.137167e-03 1.246280e-02 2.598898e-02 4.151084e-02 6.220138e-02 8.748579e-02 3.770011e-01 
221 5526 6.293675e-02 3.779891e-01 3.024763e-04 3.024763e-04 3.667752e-03 7.166166e-03 1.213370e-02 2.599643e-02 4.149593e-02 6.440311e-02 8.839628e-02 3.779891e-01 
222 5551 6.088211e-02 3.714667e-01 2.956861e-04 2.956861e-04 3.621262e-03 7.068714e-03 1.202848e-02 2.500309e-02 4.075500e-02 6.608317e-02 8.936727e-02 3.714667e-01 
223 5576 5.826908e-02 3.801887e-01 2.903159e-04 2.903159e-04 3.625555e-03 6.943330e-03 1.178648e-02 2.473529e-02 4.179043e-02 6.518534e-02 9.331291e-02 3.801887e-01 
224 5601 5.523047e-02 3.725835e-01 2.964394e-04 2.964394e-04 3.619915e-03 7.303931e-03 1.180547e-02 2.463786e-02 4.185157e-02 6.724398e-02 9.212206e-02 3.725835e-01 
225 5626 4.709602e-02 3.589887e-01 2.844809e-04 2.844809e-04 3.668465e-03 7.126431e-03 1.205487e-02 2.509311e-02 4.221491e-02 6.443196e-02 9.083554e-02 3.589887e-01 
226 5651 5.025720e-02 3.580915e-01 2.882510e-04 2.882510e-04 3.633417e-03 7.579007e-03 1.162641e-02 2.559006e-02 4.279219e-02 6.340317e-02 8.936110e-02 3.580915e-01 
227 5676 4.857165e-02 3.509473e-01 2.838412e-04 2.838412e-04 3.586547e-03 7.674979e-03 1.142507e-02 2.486657e-02 4.285174e-02 6.212858e-02 9.820406e-02 3.509473e-01 
228 5701 4.658460e-02 3.373501e-01 2.777806e-04 2.777806e-04 3.538356e-03 7.558169e-03 1.217096e-02 2.539838e-02 4.292423e-02 6.007451e-02 9.481010e-02 3.373501e-01 
229 5726 4.528492e-02 3.298020e-01 2.711620e-04 2.711620e-04 3.551188e-03 7.432965e-03 1.221015e-02 2.490507e-02 4.165105e-02 6.387155e-02 9.435618e-02 3.298020e-01 
230 5751 4.215603e-02 3.295764e-01 2.687923e-04 2.687923e-04 3.403782e-03 7.286036e-03 1.199777e-02 2.446226e-02 4.387657e-02 6.852411e-02 9.327264e-02 3.295764e-01 
231 5776 4.295708e-02 3.276714e-01 2.751682e-04 2.751682e-04 3.294374e-03 7.041780e-03 1.251542e-02 2.376245e-02 4.246203e-02 6.906634e-02 9.776350e-02 3.276714e-01 
232 5801 4.431350e-02 3.214713e-01 2.787447e-04 2.787447e-04 3.301984e-03 6.885720e-03 1.206882e-02 2.410371e-02 4.232050e-02 6.761536e-02 9.809668e-02 3.214713e-01 
233 5826 4.763149e-02 3.166964e-01 2.715459e-04 2.715459e-04 3.229979e-03 6.730701e-03 1.275263e-02 2.535112e-02 4.183907e-02 6.757747e-02 9.846488e-02 3.166964e-01 
234 5851 4.874001e-02 3.175245e-01 2.753433e-04 2.753433e-04 3.162308e-03 6.663522e-03 1.282659e-02 2.456870e-02 4.316074e-02 6.727895e-02 9.698774e-02 3.175245e-01 
235 5876 4.105173e-02 3.140732e-01 2.746490e-04 2.746490e-04 3.111248e-03 6.633764e-03 1.252549e-02 2.373737e-02 4.461901e-02 6.597465e-02 9.570493e-02 3.140732e-01 
236 5901 3.845256e-02 3.127982e-01 2.656729e-04 2.656729e-04 3.164513e-03 6.871760e-03 1.235575e-02 2.411264e-02 4.379148e-02 6.494009e-02 9.937952e-02 3.127982e-01 
237 5926 3.790854e-02 3.114601e-01 2.585207e-04 2.585207e-04 3.078263e-03 6.626385e-03 1.297612e-02 2.325792e-02 4.205001e-02 6.482532e-02 9.977698e-02 3.114601e-01 
238 5951 3.931610e-02 3.151546e-01 2.621196e-04 2.621196e-04 3.193716e-03 6.556058e-03 1.310716e-02 2.326085e-02 4.110625e-02 6.636843e-02 9.874637e-02 3.151546e-01 
239 5976 4.363577e-02 3.124700e-01 2.566796e-04 2.566796e-04 3.095902e-03 6.580529e-03 1.420011e-02 2.270162e-02 4.003926e-02 6.511131e-02 1.027832e-01 3.124700e-01 
240 6001 4.350510e-02 3.096517e-01 2.562948e-04 2.562948e-04 3.051721e-03 6.424631e-03 1.455654e-02 2.181953e-02 4.093684e-02 6.474497e-02 1.000455e-01 3.096517e-01 
241 6026 4.628819e-02 3.070776e-01 2.552315e-04 2.552315e-04 2.925012e-03 6.361418e-03 1.515503e-02 2.158419e-02 4.182842e-02 6.410732e-02 9.878489e-02 3.070776e-01 
242 6051 4.547138e-02 3.118861e-01 2.514852e-04 2.514852e-04 3.000110e-03 6.419506e-03 1.470507e-02 2.098684e-02 4.094474e-02 6.265289e-02 9.996773e-02 3.118861e-01 
243 6076 4.983656e-02 3.123421e-01 2.471852e-04 2.471852e-04 2.944481e-03 6.621530e-03 1.432947e-02 2.174550e-02 4.276625e-02 6.286578e-02 1.039306e-01 3.123421e-01 
244 6101 5.426774e-02 3.036656e-01 2.415719e-04 2.415719e-04 3.022418e-03 6.482226e-03 1.436601e-02 2.117665e-02 4.247183e-02 6.435944e-02 1.091182e-01 3.036656e-01 
245 6126 5.554867e-02 2.984397e-01 2.393528e-04 2.393528e-04 3.104181e-03 6.310402e-03 1.398190e-02 2.074576e-02 4.158640e-02 6.247087e-02 1.123629e-01 2.984397e-01 
246 6151 6.058749e-02 3.052185e-01 2.336917e-04 2.336917e-04 3.047023e-03 6.405865e-03 1.357576e-02 2.078288e-02 4.040624e-02 6.132484e-02 1.133854e-01 3.052185e-01 
247 6176 6.147852e-02 3.132876e-01 2.267418e-04 2.267418e-04 2.954064e-03 6.455434e-03 1.350107e-02 2.090148e-02 3.877081e-02 6.682105e-02 1.114044e-01 3.132876e-01 
248 6201 6.494221e-02 3.141472e-01 2.303132e-04 2.303132e-04 2.966317e-03 6.470178e-03 1.314422e-02 2.050713e-02 3.859859e-02 6.513085e-02 1.169305e-01 3.141472e-01 
249 6226 6.560453e-02 3.109468e-01 2.201481e-04 2.201481e-04 2.960188e-03 6.340600e-03 1.302355e-02 2.037753e-02 4.085105e-02 6.413349e-02 1.228195e-01 3.109468e-01 
250 6251 6.298257e-02 2.979592e-01 2.200104e-04 2.200104e-04 2.871160e-03 6.244534e-03 1.299760e-02 1.958494e-02 3.985784e-02 6.474867e-02 1.273875e-01 2.979592e-01 
251 6276 6.486301e-02 2.890727e-01 2.190518e-04 2.190518e-04 2.888661e-03 6.176534e-03 1.317227e-02 1.971344e-02 4.105956e-02 6.674129e-02 1.278180e-01 2.890727e-01 
252 6301 6.035955e-02 2.838766e-01 2.176915e-04 2.176915e-04 2.826601e-03 6.019311e-03 1.294933e-02 1.941991e-02 4.066235e-02 6.510856e-02 1.297355e-01 2.838766e-01 
253 6326 5.733452e-02 2.769426e-01 2.150568e-04 2.150568e-04 2.767204e-03 5.808384e-03 1.235791e-02 1.987825e-02 4.103089e-02 6.601376e-02 1.292266e-01 2.769426e-01 
254 6351 5.115669e-02 2.728105e-01 2.120849e-04 2.120849e-04 2.800541e-03 5.672611e-03 1.179735e-02 2.011795e-02 4.032644e-02 6.806553e-02 1.298472e-01 2.728105e-01 
255 6376 5.048370e-02 2.722041e-01 2.155082e-04 2.155082e-04 2.830352e-03 5.511298e-03 1.163878e-02 1.977401e-02 3.961922e-02 6.726651e-02 1.300425e-01 2.722041e-01 
256 6401 5.154037e-02 2.727289e-01 2.152033e-04 2.152033e-04 2.917980e-03 5.341949e-03 1.135328e-02 1.892095e-02 4.021853e-02 6.974388e-02 1.303874e-01 2.727289e-01 
257 6426 5.242533e-02 2.767017e-01 2.118007e-04 2.118007e-04 2.909283e-03 5.478547e-03 1.116046e-02 1.859512e-02 4.160218e-02 6.760137e-02 1.318538e-01 2.767017e-01 
258 6451 5.135791e-02 2.884131e-01 2.080501e-04 2.080501e-04 2.789471e-03 5.385771e-03 1.105008e-02 1.884031e-02 4.432673e-02 6.790060e-02 1.308676e-01 2.884131e-01 
259 6476 5.174644e-02 2.890241e-01 2.079724e-04 2.079724e-04 2.751900e-03 5.274810e-03 1.113971e-02 1.841064e-02 4.277322e-02 6.725141e-02 1.292530e-01 2.890241e-01 
260 6501 4.845552e-02 2.880161e-01 2.041621e-04 2.041621e-04 2.652705e-03 5.136471e-03 1.128410e-02 1.796842e-02 4.116217e-02 6.691507e-02 1.261987e-01 2.880161e-01 
261 6526 5.387174e-02 2.893425e-01 2.000663e-04 2.000663e-04 2.691352e-03 5.021766e-03 1.119918e-02 1.780924e-02 4.000055e-02 6.926566e-02 1.325706e-01 2.893425e-01 
262 6551 6.236780e-02 2.905389e-01 2.160549e-04 2.160549e-04 2.774957e-03 5.267964e-03 1.083141e-02 1.721337e-02 3.922945e-02 6.820249e-02 1.340670e-01 2.905389e-01 
263 6576 5.916294e-02 2.939901e-01 2.149519e-04 2.149519e-04 2.677002e-03 5.536820e-03 1.065927e-02 1.808583e-02 3.854498e-02 7.092990e-02 1.381683e-01 2.939901e-01 
264 6601 5.579894e-02 3.010805e-01 2.188944e-04 2.188944e-04 2.604969e-03 5.564118e-03 1.040950e-02 1.767945e-02 3.755260e-02 7.282656e-02 1.333434e-01 3.010805e-01 
265 6626 5.724718e-02 3.003244e-01 2.156531e-04 2.156531e-04 2.536143e-03 5.478815e-03 1.022045e-02 1.934028e-02 3.850286e-02 7.054731e-02 1.389364e-01 3.003244e-01 
266 6651 5.566926e-02 2.901520e-01 2.135179e-04 2.135179e-04 2.485150e-03 5.483159e-03 1.046187e-02 1.944119e-02 3.871827e-02 6.820899e-02 1.344984e-01 2.901520e-01 
267 6676 5.324103e-02 3.002706e-01 2.100166e-04 2.100166e-04 2.461452e-03 5.373141e-03 1.046236e-02 1.935935e-02 3.733731e-02 6.662068e-02 1.307732e-01 3.002706e-01 
268 6701 5.898430e-02 3.054168e-01 2.043261e-04 2.043261e-04 2.468087e-03 5.379830e-03 1.037807e-02 1.931656e-02 3.796034e-02 6.687134e-02 1.286556e-01 3.054168e-01 
269 6726 6.007761e-02 3.037863e-01 1.997054e-04 1.997054e-04 2.437680e-03 5.320932e-03 1.032633e-02 1.883271e-02 3.710167e-02 7.096229e-02 1.341629e-01 3.037863e-01 
270 6751 5.707196e-02 2.986569e-01 1.973032e-04 1.973032e-04 2.388124e-03 5.260154e-03 1.011146e-02 1.893943e-02 3.641271e-02 7.053865e-02 1.309488e-01 2.986569e-01 
271 6776 5.329843e-02 2.880261e-01 1.940089e-04 1.940089e-04 2.348519e-03 5.152565e-03 9.957156e-03 1.862505e-02 3.584575e-02 6.875226e-02 1.371068e-01 2.880261e-01 
272 6801 4.689184e-02 2.757110e-01 1.888718e-04 1.888718e-04 2.351090e-03 4.922195e-03 1.007432e-02 1.899020e-02 3.608366e-02 6.681232e-02 1.342594e-01 2.757110e-01 
273 6826 4.462225e-02 2.684811e-01 1.992341e-04 1.992341e-04 2.354900e-03 4.730121e-03 1.000990e-02 1.895917e-02 3.530768e-02 6.476419e-02 1.309383e-01 2.684811e-01 
274 6851 4.416233e-02 2.628076e-01 2.078831e-04 2.078831e-04 2.330561e-03 4.798464e-03 9.783218e-03 1.940078e-02 3.521410e-02 6.300115e-02 1.315627e-01 2.628076e-01 
275 6876 4.755948e-02 2.541683e-01 2.136846e-04 2.136846e-04 2.554015e-03 4.742566e-03 9.551050e-03 2.012707e-02 3.533214e-02 6.201410e-02 1.267654e-01 2.541683e-01 
276 6901 5.074856e-02 2.486306e-01 2.150051e-04 2.150051e-04 2.669251e-03 4.812171e-03 9.970814e-03 2.094184e-02 3.398661e-02 6.254562e-02 1.256688e-01 2.486306e-01 
277 6926 4.457526e-02 2.445846e-01 2.133956e-04 2.133956e-04 2.588698e-03 4.612108e-03 9.782417e-03 2.027647e-02 3.504317e-02 6.045626e-02 1.249060e-01 2.445846e-01 
278 6951 4.343737e-02 2.509194e-01 2.088858e-04 2.088858e-04 2.483276e-03 4.587592e-03 9.819725e-03 2.040848e-02 3.744554e-02 5.887436e-02 1.211379e-01 2.509194e-01 
279 6976 4.727056e-02 2.475474e-01 2.021482e-04 2.021482e-04 2.448761e-03 4.701422e-03 9.815446e-03 2.169940e-02 3.735701e-02 5.878193e-02 1.179458e-01 2.475474e-01 
280 7001 5.241628e-02 2.466525e-01 2.005765e-04 2.005765e-04 2.390547e-03 4.745441e-03 1.032114e-02 2.109134e-02 3.694284e-02 5.868322e-02 1.212599e-01 2.466525e-01 
281 7026 5.502626e-02 2.441248e-01 1.938738e-04 1.938738e-04 2.332272e-03 4.963828e-03 1.021710e-02 2.092073e-02 3.682531e-02 5.701150e-02 1.184158e-01 2.441248e-01 
282 7051 5.523713e-02 2.426399e-01 1.991788e-04 1.991788e-04 2.312121e-03 4.966756e-03 1.015025e-02 2.052490e-02 3.555623e-02 5.744506e-02 1.169838e-01 2.426399e-01 
283 7076 5.076823e-02 2.427431e-01 2.111640e-04 2.111640e-04 2.272414e-03 4.981616e-03 9.894567e-03 2.070420e-02 3.505758e-02 5.599328e-02 1.202987e-01 2.427431e-01 
284 7101 4.852003e-02 2.385033e-01 2.123401e-04 2.123401e-04 2.244500e-03 4.815823e-03 9.616588e-03 2.018209e-02 3.654278e-02 5.483552e-02 1.163732e-01 2.385033e-01 
285 7126 4.691825e-02 2.365312e-01 2.173097e-04 2.173097e-04 2.161869e-03 4.693553e-03 9.624590e-03 2.000604e-02 3.612977e-02 5.596268e-02 1.179286e-01 2.365312e-01 
286 7151 4.353210e-02 2.324282e-01 2.156244e-04 2.156244e-04 2.088213e-03 4.751116e-03 9.314864e-03 1.955039e-02 3.607808e-02 5.909856e-02 1.171796e-01 2.324282e-01 
287 7176 4.962358e-02 2.247432e-01 2.167074e-04 2.167074e-04 2.102682e-03 4.635288e-03 9.865135e-03 1.965194e-02 4.001133e-02 5.723118e-02 1.193441e-01 2.247432e-01 
288 7201 5.765511e-02 2.354257e-01 2.176232e-04 2.176232e-04 2.080768e-03 4.589026e-03 1.011604e-02 1.976406e-02 4.060182e-02 5.672735e-02 1.204513e-01 2.354257e-01 
289 7226 5.820540e-02 2.402415e-01 2.259344e-04 2.259344e-04 2.130166e-03 4.402263e-03 9.753856e-03 1.946909e-02 3.950952e-02 5.638524e-02 1.238368e-01 2.402415e-01 
290 7251 5.388934e-02 2.385765e-01 2.323452e-04 2.323452e-04 2.101071e-03 4.489790e-03 9.566170e-03 1.942911e-02 3.889440e-02 5.541926e-02 1.234537e-01 2.385765e-01 
291 7276 5.441469e-02 2.393668e-01 2.282355e-04 2.282355e-04 2.104457e-03 4.422613e-03 9.850184e-03 2.007915e-02 3.764644e-02 5.367850e-02 1.224820e-01 2.393668e-01 
292 7301 6.008661e-02 2.483767e-01 2.217259e-04 2.217259e-04 2.116024e-03 4.431066e-03 1.033486e-02 2.045098e-02 3.623975e-02 5.331154e-02 1.253897e-01 2.483767e-01 
293 7326 5.284565e-02 2.510599e-01 2.132437e-04 2.132437e-04 2.062764e-03 4.327095e-03 1.018603e-02 2.005681e-02 3.548747e-02 5.388011e-02 1.242453e-01 2.510599e-01 
294 7351 4.849693e-02 2.552437e-01 2.054990e-04 2.054990e-04 1.987252e-03 4.203157e-03 9.811215e-03 1.941612e-02 3.516611e-02 5.380647e-02 1.207797e-01 2.552437e-01 
295 7376 4.842212e-02 2.506767e-01 2.039064e-04 2.039064e-04 2.066088e-03 4.194011e-03 9.859787e-03 1.903630e-02 3.391536e-02 5.493425e-02 1.185474e-01 2.506767e-01 
296 7401 5.000419e-02 2.570802e-01 2.013995e-04 2.013995e-04 2.040283e-03 4.207179e-03 9.819074e-03 1.907045e-02 3.387099e-02 5.641805e-02 1.159082e-01 2.570802e-01 
297 7426 4.745198e-02 2.565285e-01 1.962405e-04 1.962405e-04 1.995232e-03 4.231644e-03 9.735303e-03 1.870805e-02 3.354402e-02 5.571053e-02 1.157434e-01 2.565285e-01 
298 7451 4.154855e-02 2.504809e-01 1.969282e-04 1.969282e-04 1.967383e-03 4.203875e-03 9.571616e-03 1.829142e-02 3.342251e-02 5.621159e-02 1.154357e-01 2.504809e-01 
299 7476 3.721376e-02 2.442360e-01 1.936967e-04 1.936967e-04 1.918884e-03 4.236148e-03 9.191552e-03 1.840553e-02 3.286948e-02 5.499157e-02 1.115830e-01 2.442360e-01 
300 7501 3.150879e-02 2.400945e-01 1.901401e-04 1.901401e-04 1.927337e-03 4.156959e-03 9.144372e-03 1.803354e-02 3.241748e-02 5.414684e-02 1.091409e-01 2.400945e-01 
301 7526 2.954067e-02 2.375212e-01 1.891952e-04 1.891952e-04 1.876874e-03 4.035050e-03 9.064842e-03 1.877053e-02 3.111413e-02 5.298740e-02 1.084496e-01 2.375212e-01 
302 7551 2.670076e-02 2.392453e-01 1.894938e-04 1.894938e-04 1.869552e-03 4.033974e-03 8.887100e-03 1.876559e-02 3.092988e-02 5.142252e-02 1.055611e-01 2.392453e-01 
303 7576 2.405555e-02 2.326828e-01 1.828152e-04 1.828152e-04 1.905292e-03 3.993009e-03 9.109450e-03 1.826411e-02 3.104912e-02 4.984213e-02 1.047511e-01 2.326828e-01 
304 7601 2.018376e-02 2.266479e-01 1.764881e-04 1.764881e-04 1.898310e-03 3.955224e-03 9.188455e-03 1.779808e-02 3.131549e-02 4.955879e-02 1.035791e-01 2.266479e-01 
305 7626 1.834504e-02 2.198496e-01 1.736047e-04 1.736047e-04 1.861444e-03 3.888702e-03 8.920830e-03 1.754217e-02 3.161258e-02 4.902948e-02 1.038530e-01 2.198496e-01 
306 7651 1.701061e-02 2.167636e-01 1.673838e-04 1.673838e-04 1.846941e-03 3.862706e-03 8.792966e-03 1.737784e-02 3.101877e-02 4.959467e-02 1.033888e-01 2.167636e-01 
307 7676 1.542776e-02 2.155768e-01 1.683249e-04 1.683249e-04 1.858424e-03 3.805075e-03 8.932449e-03 1.672942e-02 3.072045e-02 4.878438e-02 1.022209e-01 2.155768e-01 
308 7701 1.532337e-02 2.264358e-01 1.635127e-04 1.635127e-04 1.872568e-03 3.788469e-03 8.828870e-03 1.778226e-02 3.212596e-02 4.739695e-02 1.022621e-01 2.264358e-01 
309 7726 1.476823e-02 2.371149e-01 1.645092e-04 1.645092e-04 1.914824e-03 3.799580e-03 8.736041e-03 1.781637e-02 3.093585e-02 4.840943e-02 1.004662e-01 2.371149e-01 
310 7751 1.550830e-02 2.486087e-01 1.614499e-04 1.614499e-04 1.850655e-03 3.800217e-03 8.800761e-03 1.766121e-02 2.982562e-02 4.794752e-02 9.904142e-02 2.486087e-01 
311 7776 1.632364e-02 2.406724e-01 1.565666e-04 1.565666e-04 1.840755e-03 3.783869e-03 8.836079e-03 1.704055e-02 3.170497e-02 4.735300e-02 9.965267e-02 2.406724e-01 
312 7801 1.660798e-02 2.401293e-01 1.534275e-04 1.534275e-04 1.798742e-03 3.690316e-03 9.140951e-03 1.675681e-02 3.413022e-02 4.670924e-02 9.749591e-02 2.401293e-01 
313 7826 1.915294e-02 2.322744e-01 1.506048e-04 1.506048e-04 1.755670e-03 3.570993e-03 9.077468e-03 1.723949e-02 3.455004e-02 4.522458e-02 9.919325e-02 2.322744e-01 
314 7851 2.115461e-02 2.301346e-01 1.451120e-04 1.451120e-04 1.760494e-03 3.591172e-03 9.382591e-03 1.716784e-02 3.483281e-02 4.697014e-02 9.635217e-02 2.301346e-01 
315 7876 2.344973e-02 2.281731e-01 1.540467e-04 1.540467e-04 1.717159e-03 3.660013e-03 9.183448e-03 1.694488e-02 3.426137e-02 4.623204e-02 9.982421e-02 2.281731e-01 
316 7901 2.433610e-02 2.239464e-01 1.569750e-04 1.569750e-04 1.786518e-03 3.615474e-03 9.386249e-03 1.646630e-02 3.333314e-02 4.506548e-02 9.811681e-02 2.239464e-01 
317 7926 2.286729e-02 2.178412e-01 1.599298e-04 1.599298e-04 1.740066e-03 3.574069e-03 9.647697e-03 1.624621e-02 3.342999e-02 4.651198e-02 9.476013e-02 2.178412e-01 
318 7951 2.305667e-02 2.157482e-01 1.572199e-04 1.572199e-04 1.826196e-03 3.650818e-03 9.308174e-03 1.598853e-02 3.250780e-02 4.574119e-02 9.234488e-02 2.157482e-01 
319 7976 2.533653e-02 2.198427e-01 1.544539e-04 1.544539e-04 1.825622e-03 3.636550e-03 9.182730e-03 1.552802e-02 3.428842e-02 4.609374e-02 9.139350e-02 2.198427e-01 
320 8001 2.502778e-02 2.280262e-01 1.523280e-04 1.523280e-04 1.801870e-03 3.670142e-03 8.974187e-03 1.531489e-02 3.423069e-02 4.722336e-02 9.179129e-02 2.280262e-01 
321 8026 2.481477e-02 2.240757e-01 1.473308e-04 1.473308e-04 1.762150e-03 3.599872e-03 8.623566e-03 1.605413e-02 3.511829e-02 4.720645e-02 9.192148e-02 2.240757e-01 
322 8051 2.473955e-02 2.337356e-01 1.453121e-04 1.453121e-04 1.745017e-03 3.513453e-03 8.499802e-03 1.576922e-02 3.601844e-02 4.673441e-02 8.986531e-02 2.337356e-01 
323 8076 2.356271e-02 2.470197e-01 1.432184e-04 1.432184e-04 1.710607e-03 3.554610e-03 8.437507e-03 1.636184e-02 3.601070e-02 4.626955e-02 8.893188e-02 2.470197e-01 
324 8101 2.165464e-02 2.430882e-01 1.426779e-04 1.426779e-04 1.688791e-03 3.653064e-03 8.208220e-03 1.639358e-02 3.595215e-02 4.533667e-02 8.626232e-02 2.430882e-01 
325 8126 2.077995e-02 2.442926e-01 1.377096e-04 1.377096e-04 1.662745e-03 3.703833e-03 8.141640e-03 1.686426e-02 3.514478e-02 4.545334e-02 8.456965e-02 2.442926e-01 
326 8151 2.045274e-02 2.666043e-01 1.397026e-04 1.397026e-04 1.652145e-03 3.684681e-03 8.299503e-03 1.634685e-02 3.759541e-02 4.509570e-02 8.581856e-02 2.666043e-01 
327 8176 1.869896e-02 2.605762e-01 1.370288e-04 1.370288e-04 1.614538e-03 3.651930e-03 8.039949e-03 1.632068e-02 3.848611e-02 4.442628e-02 8.518248e-02 2.605762e-01 
328 8201 1.705508e-02 2.546977e-01 1.364965e-04 1.364965e-04 1.603756e-03 3.698397e-03 7.767818e-03 1.596022e-02 3.720138e-02 4.469245e-02 8.166564e-02 2.546977e-01 
329 8226 1.589612e-02 2.507466e-01 1.308535e-04 1.308535e-04 1.537770e-03 3.592451e-03 7.675168e-03 1.614843e-02 3.640077e-02 4.510236e-02 8.202949e-02 2.507466e-01 
330 8251 1.659496e-02 2.550061e-01 1.317242e-04 1.317242e-04 1.503202e-03 3.599594e-03 7.469625e-03 1.571228e-02 3.515310e-02 4.485185e-02 8.561379e-02 2.550061e-01 
331 8276 1.583684e-02 2.509766e-01 1.267577e-04 1.267577e-04 1.497600e-03 3.621135e-03 7.235075e-03 1.531403e-02 3.529982e-02 4.552215e-02 8.557797e-02 2.509766e-01 
332 8301 1.477993e-02 2.543575e-01 1.312379e-04 1.312379e-04 1.499601e-03 3.691006e-03 7.436531e-03 1.499525e-02 3.525903e-02 4.482252e-02 8.553091e-02 2.543575e-01 
333 8326 1.599079e-02 2.501995e-01 1.270756e-04 1.270756e-04 1.447034e-03 3.653295e-03 7.931653e-03 1.502347e-02 3.433499e-02 4.341943e-02 8.434832e-02 2.501995e-01 
334 8351 1.523225e-02 2.508191e-01 1.264390e-04 1.264390e-04 1.406825e-03 3.778790e-03 7.879038e-03 1.505260e-02 3.344532e-02 4.226528e-02 8.555941e-02 2.508191e-01 
335 8376 1.700474e-02 2.544831e-01 1.239231e-04 1.239231e-04 1.407827e-03 3.728276e-03 7.932721e-03 1.565434e-02 3.237783e-02 4.216995e-02 9.026409e-02 2.544831e-01 
336 8401 1.839008e-02 2.511861e-01 1.203123e-04 1.203123e-04 1.366001e-03 3.786072e-03 7.718067e-03 1.584861e-02 3.184685e-02 4.394546e-02 9.465320e-02 2.511861e-01 
337 8426 1.822308e-02 2.596883e-01 1.266498e-04 1.266498e-04 1.341585e-03 3.669081e-03 7.611398e-03 1.559988e-02 3.120917e-02 4.475470e-02 9.173108e-02 2.596883e-01 
338 8451 1.593685e-02 2.566341e-01 1.237708e-04 1.237708e-04 1.328865e-03 3.552547e-03 7.710976e-03 1.536942e-02 3.116803e-02 4.484785e-02 9.041043e-02 2.566341e-01 
339 8476 1.650182e-02 2.572063e-01 1.279359e-04 1.279359e-04 1.345230e-03 3.457305e-03 7.559082e-03 1.525058e-02 3.022283e-02 4.435551e-02 9.151831e-02 2.572063e-01 
340 8501 1.622261e-02 2.559870e-01 1.267498e-04 1.267498e-04 1.294030e-03 3.420903e-03 7.436616e-03 1.581760e-02 3.159425e-02 4.399721e-02 8.920897e-02 2.559870e-01 
341 8526 1.480075e-02 2.570392e-01 1.302050e-04 1.302050e-04 1.273093e-03 3.388689e-03 7.269822e-03 1.560378e-02 3.090292e-02 4.326936e-02 8.761507e-02 2.570392e-01 
342 8551 1.645096e-02 2.817096e-01 1.263140e-04 1.263140e-04 1.264597e-03 3.294190e-03 7.191956e-03 1.512384e-02 3.076267e-02 4.603953e-02 8.888901e-02 2.817096e-01 
343 8576 1.517862e-02 2.783999e-01 1.266828e-04 1.266828e-04 1.218230e-03 3.196634e-03 7.161049e-03 1.544808e-02 3.085755e-02 4.510098e-02 9.011411e-02 2.783999e-01 
344 8601 1.384604e-02 2.909979e-01 1.228313e-04 1.228313e-04 1.176028e-03 3.164614e-03 7.067224e-03 1.569911e-02 2.963698e-02 4.455763e-02 8.777384e-02 2.909979e-01 
345 8626 1.333095e-02 2.950272e-01 1.228534e-04 1.228534e-04 1.194437e-03 3.111866e-03 6.898057e-03 1.544634e-02 3.009893e-02 4.479394e-02 8.596765e-02 2.950272e-01 
346 8651 1.216881e-02 2.949189e-01 1.203025e-04 1.203025e-04 1.154815e-03 2.989802e-03 6.813881e-03 1.494815e-02 2.951341e-02 4.475604e-02 8.688842e-02 2.949189e-01 
347 8676 1.220772e-02 2.887689e-01 1.207942e-04 1.207942e-04 1.147372e-03 3.009160e-03 6.633211e-03 1.471520e-02 2.894891e-02 4.424142e-02 8.585567e-02 2.887689e-01 
348 8701 1.213399e-02 2.926099e-01 1.208158e-04 1.208158e-04 1.113365e-03 3.019896e-03 6.833558e-03 1.427256e-02 2.886788e-02 4.496880e-02 8.764835e-02 2.926099e-01 
349 8726 1.191446e-02 2.930914e-01 1.224398e-04 1.224398e-04 1.098328e-03 2.990668e-03 6.734859e-03 1.414843e-02 2.915837e-02 4.749308e-02 8.661158e-02 2.930914e-01 
350 8751 1.250496e-02 2.867139e-01 1.218443e-04 1.218443e-04 1.069045e-03 3.035274e-03 6.537218e-03 1.411313e-02 2.970212e-02 4.694866e-02 8.646820e-02 2.867139e-01 
351 8776 1.199490e-02 2.821621e-01 1.201038e-04 1.201038e-04 1.058950e-03 2.993329e-03 6.308505e-03 1.425775e-02 3.006659e-02 4.605926e-02 8.554315e-02 2.821621e-01 
352 8801 1.344393e-02 2.938253e-01 1.182417e-04 1.182417e-04 1.044065e-03 3.031118e-03 6.327844e-03 1.393350e-02 3.080479e-02 4.615478e-02 8.822994e-02 2.938253e-01 
353 8826 1.447389e-02 2.910161e-01 1.259410e-04 1.259410e-04 1.020565e-03 3.061039e-03 6.299690e-03 1.395799e-02 3.074305e-02 4.451839e-02 8.506223e-02 2.910161e-01 
354 8851 1.548099e-02 2.901410e-01 1.226259e-04 1.226259e-04 1.016221e-03 2.989201e-03 6.494255e-03 1.365819e-02 3.051594e-02 4.537173e-02 8.508023e-02 2.901410e-01 
355 8876 1.589126e-02 2.929626e-01 1.187242e-04 1.187242e-04 9.885703e-04 2.992275e-03 6.955809e-03 1.384009e-02 3.000797e-02 4.655267e-02 8.530889e-02 2.929626e-01 
356 8901 1.528229e-02 2.932413e-01 1.194326e-04 1.194326e-04 1.002217e-03 2.894878e-03 7.052141e-03 1.328333e-02 2.890818e-02 4.618328e-02 8.532914e-02 2.932413e-01 
357 8926 1.469803e-02 2.886013e-01 1.199436e-04 1.199436e-04 9.795681e-04 2.856133e-03 6.982171e-03 1.357361e-02 2.855030e-02 4.466047e-02 8.470998e-02 2.886013e-01 
358 8951 1.633894e-02 3.006785e-01 1.231220e-04 1.231220e-04 1.000912e-03 2.752791e-03 7.178440e-03 1.408395e-02 2.908898e-02 4.443469e-02 8.631657e-02 3.006785e-01 
359 8976 1.446601e-02 2.965658e-01 1.215179e-04 1.215179e-04 9.745847e-04 2.678600e-03 6.920811e-03 1.378507e-02 2.924244e-02 4.291587e-02 8.324094e-02 2.965658e-01 
360 9001 1.418786e-02 2.992345e-01 1.234781e-04 1.234781e-04 1.013660e-03 2.645199e-03 6.838740e-03 1.386647e-02 2.838270e-02 4.233058e-02 8.126384e-02 2.992345e-01 
361 9026 1.539010e-02 3.158656e-01 1.210545e-04 1.210545e-04 9.932522e-04 2.697977e-03 6.755170e-03 1.445703e-02 2.865099e-02 4.105758e-02 8.123147e-02 3.158656e-01 
362 9051 1.765193e-02 3.672827e-01 1.179444e-04 1.179444e-04 9.887195e-04 2.715819e-03 6.600312e-03 1.423793e-02 2.868031e-02 4.087622e-02 7.852980e-02 3.672827e-01 
363 9076 1.719771e-02 3.741371e-01 1.195354e-04 1.195354e-04 9.795221e-04 2.735504e-03 6.680924e-03 1.391061e-02 2.888747e-02 4.183113e-02 7.636669e-02 3.741371e-01 
364 9101 1.652052e-02 3.694264e-01 1.168069e-04 1.168069e-04 9.944221e-04 2.682229e-03 6.523745e-03 1.413487e-02 2.830107e-02 4.078793e-02 7.539935e-02 3.694264e-01 
365 9126 1.608254e-02 3.614368e-01 1.160097e-04 1.160097e-04 9.946443e-04 2.667382e-03 6.470085e-03 1.390891e-02 2.738453e-02 3.932914e-02 7.821974e-02 3.614368e-01 
366 9151 1.446802e-02 3.554237e-01 1.156238e-04 1.156238e-04 9.760512e-04 2.611130e-03 6.550288e-03 1.369381e-02 2.728912e-02 3.865164e-02 7.774981e-02 3.554237e-01 
367 9176 1.564451e-02 3.552576e-01 1.138777e-04 1.138777e-04 9.536764e-04 2.581894e-03 6.839260e-03 1.386137e-02 2.760263e-02 3.856790e-02 7.682707e-02 3.552576e-01 
368 9201 1.718852e-02 3.517475e-01 1.109830e-04 1.109830e-04 9.505966e-04 2.509190e-03 6.809003e-03 1.455772e-02 2.768943e-02 3.913482e-02 7.551961e-02 3.517475e-01 
369 9226 1.797867e-02 3.401671e-01 1.105148e-04 1.105148e-04 9.572386e-04 2.448500e-03 6.630472e-03 1.454639e-02 2.840661e-02 3.927708e-02 7.489699e-02 3.401671e-01 
370 9251 1.587978e-02 3.387596e-01 1.080691e-04 1.080691e-04 9.350438e-04 2.493543e-03 6.712636e-03 1.495179e-02 2.816347e-02 3.857696e-02 7.917086e-02 3.387596e-01 
371 9276 1.524252e-02 3.245424e-01 1.080709e-04 1.080709e-04 9.164604e-04 2.478432e-03 6.587691e-03 1.505408e-02 2.838407e-02 3.836717e-02 8.096321e-02 3.245424e-01 
372 9301 1.582593e-02 3.453864e-01 1.071934e-04 1.071934e-04 8.890729e-04 2.564281e-03 6.785105e-03 1.491194e-02 2.745556e-02 3.937060e-02 8.042774e-02 3.453864e-01 
373 9326 1.628428e-02 3.369583e-01 1.091644e-04 1.091644e-04 8.629514e-04 2.602880e-03 6.766447e-03 1.445515e-02 2.750858e-02 4.004805e-02 7.896109e-02 3.369583e-01 
374 9351 1.702455e-02 3.287162e-01 1.066656e-04 1.066656e-04 8.421541e-04 2.587160e-03 7.090007e-03 1.409224e-02 2.732447e-02 4.008178e-02 8.389735e-02 3.287162e-01 
375 9376 1.695033e-02 3.254290e-01 1.077175e-04 1.077175e-04 8.424732e-04 2.699909e-03 7.078881e-03 1.373465e-02 2.752833e-02 4.028274e-02 8.217626e-02 3.254290e-01 
376 9401 1.620971e-02 3.194119e-01 1.062620e-04 1.062620e-04 8.421835e-04 2.627928e-03 7.033638e-03 1.338607e-02 2.691561e-02 4.040788e-02 8.311349e-02 3.194119e-01 
377 9426 1.709740e-02 3.167838e-01 1.087252e-04 1.087252e-04 8.303151e-04 2.642513e-03 7.015617e-03 1.333878e-02 2.672153e-02 3.960805e-02 8.682216e-02 3.167838e-01 
378 9451 1.635063e-02 3.231215e-01 1.063362e-04 1.063362e-04 8.419112e-04 2.567080e-03 7.012218e-03 1.346506e-02 2.752084e-02 3.962678e-02 8.489199e-02 3.231215e-01 
379 9476 1.455809e-02 3.145971e-01 1.044299e-04 1.044299e-04 8.390562e-04 2.504735e-03 6.830020e-03 1.344439e-02 2.727265e-02 3.873797e-02 8.346114e-02 3.145971e-01 
380 9501 1.380538e-02 3.157340e-01 1.030630e-04 1.030630e-04 8.598327e-04 2.569513e-03 6.742163e-03 1.374371e-02 2.683763e-02 3.754974e-02 8.243513e-02 3.157340e-01 
381 9526 1.220289e-02 3.081091e-01 1.085439e-04 1.085439e-04 8.310703e-04 2.572788e-03 6.648999e-03 1.399000e-02 2.688275e-02 3.749298e-02 8.007483e-02 3.081091e-01 
382 9551 1.245931e-02 2.960875e-01 1.071450e-04 1.071450e-04 8.205158e-04 2.609188e-03 6.536819e-03 1.376218e-02 2.775106e-02 3.850203e-02 7.928944e-02 2.960875e-01 
383 9576 1.213677e-02 2.939284e-01 1.031144e-04 1.031144e-04 8.114440e-04 2.550373e-03 6.274795e-03 1.354742e-02 2.741426e-02 4.003812e-02 7.986287e-02 2.939284e-01 
384 9601 1.140535e-02 3.072866e-01 1.005823e-04 1.005823e-04 7.857550e-04 2.544207e-03 6.109170e-03 1.341650e-02 2.722297e-02 3.894077e-02 8.283972e-02 3.072866e-01 
385 9626 1.052985e-02 3.207055e-01 9.872357e-05 9.872357e-05 7.812489e-04 2.490950e-03 5.925517e-03 1.296946e-02 2.687525e-02 3.897378e-02 8.087933e-02 3.207055e-01 
386 9651 9.560142e-03 3.180810e-01 9.879726e-05 9.879726e-05 7.689056e-04 2.439332e-03 5.820684e-03 1.295406e-02 2.666552e-02 3.859393e-02 8.130263e-02 3.180810e-01 
387 9676 8.523271e-03 3.229653e-01 9.762119e-05 9.762119e-05 7.766615e-04 2.388545e-03 6.038176e-03 1.265679e-02 2.602166e-02 3.729790e-02 8.211574e-02 3.229653e-01 
388 9701 8.466170e-03 3.182380e-01 9.484328e-05 9.484328e-05 7.609038e-04 2.380299e-03 6.135016e-03 1.303072e-02 2.651106e-02 3.681622e-02 8.373542e-02 3.182380e-01 
389 9726 8.595183e-03 3.341900e-01 9.840423e-05 9.840423e-05 7.302552e-04 2.305015e-03 5.913650e-03 1.306355e-02 2.666613e-02 3.569379e-02 8.124066e-02 3.341900e-01 
390 9751 7.888369e-03 3.335503e-01 9.873256e-05 9.873256e-05 7.312956e-04 2.246306e-03 5.727423e-03 1.285247e-02 2.561582e-02 3.438072e-02 8.023403e-02 3.335503e-01 
391 9776 6.686709e-03 3.271493e-01 9.630540e-05 9.630540e-05 7.229288e-04 2.236005e-03 5.543982e-03 1.310595e-02 2.489193e-02 3.312683e-02 7.939798e-02 3.271493e-01 
392 9801 6.222110e-03 3.408425e-01 9.668796e-05 9.668796e-05 7.061904e-04 2.191202e-03 5.352542e-03 1.339111e-02 2.434945e-02 3.238491e-02 7.841268e-02 3.408425e-01 
393 9826 6.007991e-03 3.485239e-01 9.680654e-05 9.680654e-05 7.589477e-04 2.118077e-03 5.223952e-03 1.316811e-02 2.364463e-02 3.296464e-02 7.643205e-02 3.485239e-01 
394 9851 5.633664e-03 3.423858e-01 9.415498e-05 9.415498e-05 7.561041e-04 2.041284e-03 5.118170e-03 1.290195e-02 2.285818e-02 3.324718e-02 7.779011e-02 3.423858e-01 
395 9876 5.171892e-03 3.321564e-01 9.100507e-05 9.100507e-05 7.414652e-04 2.049931e-03 5.202597e-03 1.275054e-02 2.372200e-02 3.182283e-02 7.929095e-02 3.321564e-01 
396 9901 4.413619e-03 3.398887e-01 8.725120e-05 8.725120e-05 7.217846e-04 2.040314e-03 5.248471e-03 1.253680e-02 2.319356e-02 3.081157e-02 7.814220e-02 3.398887e-01 
397 9926 4.231594e-03 3.526079e-01 8.929814e-05 8.929814e-05 7.024104e-04 2.006834e-03 5.152532e-03 1.258765e-02 2.330095e-02 3.051088e-02 7.574793e-02 3.526079e-01 
398 9951 4.637819e-03 3.786444e-01 8.685518e-05 8.685518e-05 6.967185e-04 1.943415e-03 5.213688e-03 1.255632e-02 2.277089e-02 3.195658e-02 7.308936e-02 3.786444e-01 
399 9976 4.341114e-03 3.831409e-01 8.901595e-05 8.901595e-05 6.791628e-04 1.911659e-03 5.102311e-03 1.230065e-02 2.257445e-02 3.193942e-02 7.317490e-02 3.831409e-01 
400 10001 3.998830e-03 3.811420e-01 8.869715e-05 8.869715e-05 6.737075e-04 1.881244e-03 5.175375e-03 1.221724e-02 2.316788e-02 3.159217e-02 7.089008e-02 3.811420e-01 
401 10026 4.004483e-03 3.900251e-01 9.195806e-05 9.195806e-05 6.645812e-04 1.896094e-03 5.032607e-03 1.234740e-02 2.365647e-02 3.187186e-02 6.921368e-02 3.900251e-01 
402 10051 3.293630e-03 3.912169e-01 8.905913e-05 8.905913e-05 6.505322e-04 1.884335e-03 4.901310e-03 1.213112e-02 2.430044e-02 3.103441e-02 6.777725e-02 3.912169e-01 
