%  columns=["iteration, evaluation, sigma, void, void, stds==sigma*sqrt(diag(C))" (startseed=213097, 2015/08/21 11:53:22.98)
1 26 2.362283e+00 0 0 5.459611e-01 3.720123e-01 3.461530e-01 2.385910e+00 4.737092e-01 5.487368e-01 5.960135e-01 6.001939e-01 2.649022e-01 
2 51 2.396064e+00 0 0 5.378121e-01 3.930543e-01 3.361808e-01 2.379239e+00 4.732869e-01 5.450958e-01 6.605838e-01 5.868238e-01 2.659270e-01 
3 76 2.370977e+00 0 0 5.260757e-01 3.912074e-01 3.228363e-01 2.315367e+00 4.599244e-01 5.213786e-01 6.374678e-01 5.897010e-01 2.567760e-01 
4 101 2.324579e+00 0 0 5.181101e-01 3.998189e-01 3.169269e-01 2.195722e+00 4.452445e-01 5.109761e-01 6.180446e-01 5.783442e-01 2.468501e-01 
5 126 2.213482e+00 0 0 5.017273e-01 3.804573e-01 2.944992e-01 2.027287e+00 4.227247e-01 4.857791e-01 5.691203e-01 5.468946e-01 2.287209e-01 
6 151 2.149966e+00 0 0 4.732779e-01 3.698577e-01 2.795751e-01 1.875626e+00 4.232731e-01 4.584984e-01 5.381301e-01 5.138098e-01 2.260895e-01 
7 176 1.935703e+00 0 0 4.204312e-01 3.262156e-01 2.497125e-01 1.623383e+00 3.866893e-01 4.136384e-01 4.634119e-01 4.494992e-01 2.024297e-01 
8 201 1.847112e+00 0 0 3.881728e-01 3.021387e-01 2.381712e-01 1.498107e+00 3.575352e-01 3.904345e-01 4.277067e-01 4.174365e-01 1.892164e-01 
9 226 1.618987e+00 0 0 3.329447e-01 2.593227e-01 2.057910e-01 1.268021e+00 3.065236e-01 3.410707e-01 3.667707e-01 3.556626e-01 1.645666e-01 
10 251 1.479857e+00 0 0 2.983639e-01 2.334123e-01 1.881659e-01 1.133930e+00 2.739725e-01 3.048691e-01 3.287267e-01 3.203119e-01 1.469763e-01 
11 276 1.462914e+00 0 0 2.876891e-01 2.222447e-01 1.863585e-01 1.086777e+00 2.615006e-01 3.031379e-01 3.302549e-01 3.084581e-01 1.507845e-01 
12 301 1.406135e+00 0 0 2.698145e-01 2.213772e-01 1.786946e-01 1.024609e+00 2.436009e-01 2.855826e-01 3.066288e-01 2.874124e-01 1.448909e-01 
13 326 1.358450e+00 0 0 2.667310e-01 2.085806e-01 1.677696e-01 9.721836e-01 2.291217e-01 2.735799e-01 2.854378e-01 2.736341e-01 1.432799e-01 
14 351 1.200950e+00 0 0 2.314601e-01 1.807851e-01 1.456379e-01 8.316365e-01 1.954221e-01 2.381453e-01 2.505822e-01 2.388194e-01 1.276339e-01 
15 376 1.293703e+00 0 0 2.485535e-01 2.031258e-01 1.525906e-01 9.246676e-01 2.041305e-01 2.520967e-01 2.765896e-01 2.514402e-01 1.446611e-01 
16 401 1.295958e+00 0 0 2.520307e-01 2.033798e-01 1.561313e-01 9.225775e-01 2.027717e-01 2.435280e-01 2.731318e-01 2.541497e-01 1.414781e-01 
17 426 1.195309e+00 0 0 2.276933e-01 1.850096e-01 1.387077e-01 8.322542e-01 1.807203e-01 2.208607e-01 2.441108e-01 2.273875e-01 1.285941e-01 
18 451 1.077915e+00 0 0 2.048496e-01 1.700076e-01 1.252317e-01 7.342755e-01 1.573198e-01 1.947104e-01 2.116526e-01 2.034235e-01 1.143281e-01 
19 476 1.059984e+00 0 0 2.018047e-01 1.650731e-01 1.207795e-01 7.017075e-01 1.606176e-01 1.870139e-01 2.043665e-01 1.948957e-01 1.146777e-01 
20 501 9.858268e-01 0 0 1.816531e-01 1.485683e-01 1.098262e-01 6.356668e-01 1.468057e-01 1.730392e-01 1.878562e-01 1.762042e-01 1.059274e-01 
21 526 9.251587e-01 0 0 1.706675e-01 1.370701e-01 1.046675e-01 6.079120e-01 1.338708e-01 1.618922e-01 1.722140e-01 1.626896e-01 9.924344e-02 
22 551 8.035454e-01 0 0 1.433693e-01 1.182307e-01 8.867557e-02 5.192363e-01 1.136514e-01 1.368516e-01 1.454555e-01 1.384349e-01 8.671320e-02 
23 576 8.034936e-01 0 0 1.390416e-01 1.220035e-01 8.938617e-02 5.035466e-01 1.125823e-01 1.348090e-01 1.445190e-01 1.350441e-01 8.765062e-02 
24 601 7.276610e-01 0 0 1.220254e-01 1.084243e-01 8.081533e-02 4.589688e-01 9.895146e-02 1.233269e-01 1.278547e-01 1.200530e-01 7.891508e-02 
25 626 6.759703e-01 0 0 1.096979e-01 9.895265e-02 7.572773e-02 4.182384e-01 9.099791e-02 1.116306e-01 1.185648e-01 1.097333e-01 7.575431e-02 
26 651 5.588862e-01 0 0 8.858535e-02 8.178679e-02 6.329139e-02 3.376599e-01 7.334984e-02 9.079357e-02 9.539919e-02 8.715004e-02 6.122742e-02 
27 676 5.392215e-01 0 0 8.577958e-02 7.784429e-02 6.172709e-02 3.136796e-01 7.146299e-02 8.542335e-02 9.369914e-02 8.270213e-02 5.836223e-02 
28 701 5.829505e-01 0 0 1.011310e-01 8.173681e-02 6.382160e-02 3.333859e-01 7.567983e-02 9.135419e-02 1.002550e-01 9.063923e-02 6.581002e-02 
29 726 6.152675e-01 0 0 1.084567e-01 8.461976e-02 6.610757e-02 3.485924e-01 7.973011e-02 9.564629e-02 1.017765e-01 9.281785e-02 7.261972e-02 
30 751 5.961827e-01 0 0 1.034124e-01 7.998899e-02 6.463171e-02 3.450250e-01 7.558980e-02 9.377944e-02 1.001183e-01 8.827858e-02 6.902191e-02 
31 776 5.530803e-01 0 0 9.332026e-02 7.300773e-02 5.997653e-02 3.176178e-01 6.962833e-02 8.845659e-02 8.935088e-02 8.178192e-02 6.439528e-02 
32 801 5.732445e-01 0 0 9.254291e-02 7.606739e-02 6.464868e-02 3.241940e-01 7.385529e-02 9.165568e-02 9.139668e-02 8.471129e-02 6.388191e-02 
33 826 5.925473e-01 0 0 9.245962e-02 8.012590e-02 6.651820e-02 3.295097e-01 7.907395e-02 9.954237e-02 9.332741e-02 8.994902e-02 6.624502e-02 
34 851 6.514464e-01 0 0 9.928448e-02 8.868663e-02 7.176976e-02 3.526187e-01 8.805795e-02 1.246177e-01 1.013223e-01 1.019202e-01 7.371651e-02 
35 876 5.525380e-01 0 0 8.330623e-02 7.367833e-02 6.014445e-02 2.974443e-01 7.732999e-02 1.124646e-01 8.376956e-02 8.324555e-02 6.036891e-02 
36 901 5.439202e-01 0 0 8.081685e-02 7.503959e-02 5.742549e-02 2.959537e-01 8.307762e-02 1.081314e-01 8.076230e-02 8.161951e-02 6.193734e-02 
37 926 5.076577e-01 0 0 7.401852e-02 7.089263e-02 5.185773e-02 2.743457e-01 7.592258e-02 1.026461e-01 7.667292e-02 7.533182e-02 5.672351e-02 
38 951 4.745810e-01 0 0 6.765065e-02 6.632090e-02 4.656367e-02 2.549538e-01 7.117741e-02 9.788621e-02 6.908379e-02 6.762652e-02 5.222981e-02 
39 976 4.143529e-01 0 0 5.737068e-02 5.874629e-02 4.052627e-02 2.218712e-01 6.211197e-02 8.469909e-02 5.947099e-02 5.885834e-02 4.530258e-02 
40 1001 3.656542e-01 0 0 5.015780e-02 5.112436e-02 3.631366e-02 1.892007e-01 5.302137e-02 7.406523e-02 5.250979e-02 5.104157e-02 4.032941e-02 
41 1026 3.452278e-01 0 0 4.761603e-02 4.831586e-02 3.483553e-02 1.741251e-01 5.061077e-02 6.858232e-02 4.906728e-02 4.720552e-02 3.662612e-02 
42 1051 3.508329e-01 0 0 4.691659e-02 4.821523e-02 3.461406e-02 1.768342e-01 5.396162e-02 6.767472e-02 4.869165e-02 4.647327e-02 3.650878e-02 
43 1076 3.390757e-01 0 0 4.373536e-02 4.547612e-02 3.275502e-02 1.725738e-01 5.582950e-02 6.561272e-02 4.806555e-02 4.376427e-02 3.386508e-02 
44 1101 3.165590e-01 0 0 4.027903e-02 4.221346e-02 2.977099e-02 1.637352e-01 5.049609e-02 5.959985e-02 4.362227e-02 4.184683e-02 3.180323e-02 
45 1126 3.198765e-01 0 0 4.005950e-02 4.179429e-02 3.092863e-02 1.654697e-01 5.041313e-02 6.030621e-02 4.435734e-02 4.170561e-02 3.309030e-02 
46 1151 3.121297e-01 0 0 3.760391e-02 3.989285e-02 2.954121e-02 1.586128e-01 5.187586e-02 5.717168e-02 4.305517e-02 3.995089e-02 3.351728e-02 
47 1176 3.424171e-01 0 0 4.000292e-02 4.549684e-02 3.164095e-02 1.805363e-01 6.036897e-02 6.782080e-02 4.559578e-02 4.310977e-02 3.604697e-02 
48 1201 4.032372e-01 0 0 4.612499e-02 5.281264e-02 3.700233e-02 2.103225e-01 7.228434e-02 7.767266e-02 5.235491e-02 5.078560e-02 4.612408e-02 
49 1226 4.295120e-01 0 0 4.725149e-02 5.477490e-02 3.942196e-02 2.292023e-01 7.812517e-02 8.392902e-02 5.658146e-02 5.281851e-02 5.100402e-02 
50 1251 4.209793e-01 0 0 4.498753e-02 5.239218e-02 3.925890e-02 2.265901e-01 7.584429e-02 8.040755e-02 5.487329e-02 5.117701e-02 4.915365e-02 
51 1276 4.105084e-01 0 0 4.256501e-02 5.232821e-02 3.734664e-02 2.162241e-01 7.378187e-02 8.035109e-02 5.284294e-02 4.903060e-02 4.735356e-02 
52 1301 4.052554e-01 0 0 4.167891e-02 5.122820e-02 3.623545e-02 2.140758e-01 7.277812e-02 7.988202e-02 5.384797e-02 4.825467e-02 4.651939e-02 
53 1326 3.849910e-01 0 0 3.829812e-02 4.884650e-02 3.414109e-02 1.976745e-01 6.778853e-02 7.510656e-02 5.180031e-02 4.444264e-02 4.374147e-02 
54 1351 4.115575e-01 0 0 4.001761e-02 5.343372e-02 3.504488e-02 2.142552e-01 7.255862e-02 8.034495e-02 5.824993e-02 4.723200e-02 4.747281e-02 
55 1376 4.134717e-01 0 0 3.879211e-02 5.469063e-02 3.461565e-02 2.126545e-01 7.110547e-02 8.019356e-02 6.058948e-02 4.620935e-02 4.733158e-02 
56 1401 4.444437e-01 0 0 4.015425e-02 5.916800e-02 3.643948e-02 2.261194e-01 7.551065e-02 8.631299e-02 7.224849e-02 4.906218e-02 5.462789e-02 
57 1426 5.130911e-01 0 0 4.492559e-02 7.008899e-02 4.368803e-02 2.528514e-01 9.785454e-02 1.023051e-01 9.043891e-02 5.555400e-02 6.786667e-02 
58 1451 4.434348e-01 0 0 3.778590e-02 5.889897e-02 3.779902e-02 2.109529e-01 8.428897e-02 8.621149e-02 7.706997e-02 4.649694e-02 5.872602e-02 
59 1476 4.225212e-01 0 0 3.496359e-02 5.632705e-02 3.532831e-02 1.930800e-01 8.125202e-02 8.148260e-02 7.457852e-02 4.375232e-02 5.809088e-02 
60 1501 4.046527e-01 0 0 3.306397e-02 5.382835e-02 3.327540e-02 1.807636e-01 7.844470e-02 7.767929e-02 7.254567e-02 4.142367e-02 5.474647e-02 
61 1526 3.426231e-01 0 0 2.710291e-02 4.410639e-02 2.748617e-02 1.479890e-01 6.695450e-02 6.532661e-02 6.246485e-02 3.524253e-02 4.586408e-02 
62 1551 3.574081e-01 0 0 2.745132e-02 4.535342e-02 2.878243e-02 1.549268e-01 7.265740e-02 6.584693e-02 6.736902e-02 3.570511e-02 4.679342e-02 
63 1576 3.482327e-01 0 0 2.633704e-02 4.325497e-02 2.793404e-02 1.481948e-01 6.907811e-02 6.253630e-02 6.490088e-02 3.372512e-02 4.499323e-02 
64 1601 3.495151e-01 0 0 2.627501e-02 4.311610e-02 2.738888e-02 1.447283e-01 6.842588e-02 7.015140e-02 6.639009e-02 3.463170e-02 4.414432e-02 
65 1626 3.332517e-01 0 0 2.533255e-02 4.065833e-02 2.553523e-02 1.370393e-01 6.334873e-02 6.559200e-02 6.193950e-02 3.205357e-02 4.146034e-02 
66 1651 3.268555e-01 0 0 2.553295e-02 3.964448e-02 2.482894e-02 1.347409e-01 6.087719e-02 7.017159e-02 6.107120e-02 3.057832e-02 3.934695e-02 
67 1676 3.172440e-01 0 0 2.493637e-02 3.782774e-02 2.421975e-02 1.278729e-01 6.099916e-02 7.235891e-02 6.119433e-02 2.947149e-02 3.823248e-02 
68 1701 2.818081e-01 0 0 2.182478e-02 3.313819e-02 2.099991e-02 1.107946e-01 5.370195e-02 6.382776e-02 5.381190e-02 2.567057e-02 3.269325e-02 
69 1726 2.946582e-01 0 0 2.360170e-02 3.395640e-02 2.136124e-02 1.139941e-01 5.678207e-02 6.876243e-02 5.733301e-02 2.828878e-02 3.566863e-02 
70 1751 2.858780e-01 0 0 2.321476e-02 3.276258e-02 2.069091e-02 1.076308e-01 5.875548e-02 6.991660e-02 5.835152e-02 2.770988e-02 3.400727e-02 
71 1776 2.696807e-01 0 0 2.192295e-02 3.044399e-02 1.920639e-02 1.005132e-01 5.493486e-02 6.584818e-02 5.399277e-02 2.562861e-02 3.094602e-02 
72 1801 2.344422e-01 0 0 1.922906e-02 2.557762e-02 1.644523e-02 8.698571e-02 4.627043e-02 5.566894e-02 4.611996e-02 2.224894e-02 2.666102e-02 
73 1826 2.382440e-01 0 0 1.899190e-02 2.586563e-02 1.638401e-02 8.806439e-02 4.699073e-02 5.535725e-02 4.628254e-02 2.249066e-02 2.621340e-02 
74 1851 2.508927e-01 0 0 1.981809e-02 3.094915e-02 1.849751e-02 9.237533e-02 5.142291e-02 5.704614e-02 5.030877e-02 2.373451e-02 2.640630e-02 
75 1876 2.631756e-01 0 0 2.064454e-02 3.155851e-02 1.901056e-02 9.628506e-02 5.389966e-02 6.042401e-02 5.558966e-02 2.610143e-02 2.681381e-02 
76 1901 2.462964e-01 0 0 1.910511e-02 2.914030e-02 1.734050e-02 8.643066e-02 5.138895e-02 5.720970e-02 5.309343e-02 2.487900e-02 2.471192e-02 
77 1926 2.552330e-01 0 0 1.967798e-02 3.065285e-02 1.750218e-02 8.628269e-02 5.856957e-02 6.190313e-02 5.935369e-02 2.560118e-02 2.526436e-02 
78 1951 2.336189e-01 0 0 1.769877e-02 2.875737e-02 1.585175e-02 7.715536e-02 5.344146e-02 5.700630e-02 5.462504e-02 2.372129e-02 2.264607e-02 
79 1976 2.476664e-01 0 0 1.868998e-02 3.325187e-02 1.743060e-02 7.808243e-02 5.793926e-02 5.952418e-02 5.813949e-02 2.479405e-02 2.325238e-02 
80 2001 2.569425e-01 0 0 1.967770e-02 3.411219e-02 1.784773e-02 8.599490e-02 5.903157e-02 6.044461e-02 5.950091e-02 2.525384e-02 2.318553e-02 
81 2026 2.625456e-01 0 0 2.089688e-02 3.381069e-02 1.861823e-02 8.878794e-02 5.903713e-02 6.224530e-02 5.953313e-02 2.538681e-02 2.277645e-02 
82 2051 2.969016e-01 0 0 2.358897e-02 4.004210e-02 2.181487e-02 9.947990e-02 6.616665e-02 7.037448e-02 6.697897e-02 2.820528e-02 2.473931e-02 
83 2076 2.965575e-01 0 0 2.337643e-02 3.968948e-02 2.139910e-02 9.617674e-02 6.346522e-02 6.903099e-02 6.497851e-02 2.724541e-02 2.364191e-02 
84 2101 2.950646e-01 0 0 2.341517e-02 3.800804e-02 2.107438e-02 9.623267e-02 6.179574e-02 6.790558e-02 6.294367e-02 2.652446e-02 2.278151e-02 
85 2126 2.804091e-01 0 0 2.159994e-02 3.600578e-02 2.010587e-02 9.096103e-02 5.702480e-02 6.432297e-02 5.914719e-02 2.586957e-02 2.099526e-02 
86 2151 3.038568e-01 0 0 2.404105e-02 3.797605e-02 2.175866e-02 9.913545e-02 5.981921e-02 6.941191e-02 6.484134e-02 2.743399e-02 2.224862e-02 
87 2176 3.011512e-01 0 0 2.315014e-02 3.711966e-02 2.181623e-02 9.542114e-02 5.680771e-02 6.650978e-02 6.221355e-02 2.669845e-02 2.134516e-02 
88 2201 3.078039e-01 0 0 2.337400e-02 3.733080e-02 2.340744e-02 9.403469e-02 5.710734e-02 6.877197e-02 6.376326e-02 2.645016e-02 2.090770e-02 
89 2226 2.922249e-01 0 0 2.146286e-02 3.652077e-02 2.196329e-02 8.642337e-02 5.213377e-02 6.340308e-02 5.842877e-02 2.471535e-02 1.924292e-02 
90 2251 2.859278e-01 0 0 2.095497e-02 3.518921e-02 2.107478e-02 8.175433e-02 4.999893e-02 6.116331e-02 5.641389e-02 2.395969e-02 1.864579e-02 
91 2276 2.475888e-01 0 0 1.814815e-02 3.091409e-02 1.840320e-02 6.877447e-02 4.173551e-02 5.310762e-02 4.780173e-02 2.138834e-02 1.574099e-02 
92 2301 2.455385e-01 0 0 1.841965e-02 3.028915e-02 1.920569e-02 6.953646e-02 4.036719e-02 5.294251e-02 4.926723e-02 2.071978e-02 1.503997e-02 
93 2326 2.354467e-01 0 0 1.740386e-02 2.840367e-02 1.810585e-02 6.565977e-02 3.724131e-02 4.962134e-02 4.553723e-02 1.955685e-02 1.416271e-02 
94 2351 2.466733e-01 0 0 1.757202e-02 2.886397e-02 2.038514e-02 6.924541e-02 3.766540e-02 5.244087e-02 4.900799e-02 2.163042e-02 1.417357e-02 
95 2376 2.506339e-01 0 0 1.764924e-02 2.937163e-02 2.073724e-02 6.804740e-02 3.712687e-02 5.178039e-02 4.911894e-02 2.278879e-02 1.393807e-02 
96 2401 3.038051e-01 0 0 2.147671e-02 3.556323e-02 2.700785e-02 8.192210e-02 4.379585e-02 6.099977e-02 6.197937e-02 2.647294e-02 1.631239e-02 
97 2426 3.253327e-01 0 0 2.254666e-02 3.828679e-02 2.888628e-02 8.776888e-02 4.816460e-02 6.531621e-02 6.462406e-02 2.809078e-02 1.711005e-02 
98 2451 3.209856e-01 0 0 2.152939e-02 3.649050e-02 2.817333e-02 8.364392e-02 4.589560e-02 6.242338e-02 6.189038e-02 2.653516e-02 1.633315e-02 
99 2476 3.680266e-01 0 0 2.444822e-02 4.489159e-02 3.306098e-02 9.470221e-02 5.267415e-02 7.075919e-02 6.856704e-02 2.967678e-02 1.793235e-02 
100 2501 3.866430e-01 0 0 2.460525e-02 4.922446e-02 3.525215e-02 9.659082e-02 5.416810e-02 7.334274e-02 6.952841e-02 3.260789e-02 1.832072e-02 
101 2526 4.205926e-01 0 0 2.600402e-02 5.430560e-02 3.967152e-02 1.016700e-01 5.797321e-02 7.883756e-02 7.584314e-02 3.469121e-02 1.939403e-02 
102 2551 4.004011e-01 0 0 2.416319e-02 5.116474e-02 3.749772e-02 9.580981e-02 5.482783e-02 7.386013e-02 7.076717e-02 3.341655e-02 1.769511e-02 
103 2576 4.096004e-01 0 0 2.476100e-02 5.070744e-02 4.056843e-02 9.580568e-02 5.663712e-02 7.501257e-02 7.809997e-02 3.360623e-02 1.756920e-02 
104 2601 4.253881e-01 0 0 2.559566e-02 5.193583e-02 4.172279e-02 9.842810e-02 5.708763e-02 7.938854e-02 7.877989e-02 3.677142e-02 1.815762e-02 
105 2626 4.352551e-01 0 0 2.588889e-02 5.193983e-02 4.171243e-02 9.739103e-02 5.816737e-02 8.411665e-02 7.777272e-02 3.744753e-02 1.855883e-02 
106 2651 4.179470e-01 0 0 2.512443e-02 4.839474e-02 3.929006e-02 9.079730e-02 5.476135e-02 7.921677e-02 7.472805e-02 3.524565e-02 1.735720e-02 
107 2676 4.424830e-01 0 0 2.651045e-02 4.963293e-02 4.111496e-02 9.322843e-02 5.636590e-02 8.314604e-02 8.049820e-02 3.703628e-02 1.769763e-02 
108 2701 4.206455e-01 0 0 2.541103e-02 4.562483e-02 3.964593e-02 8.669659e-02 5.240362e-02 7.785078e-02 7.503506e-02 3.439522e-02 1.658283e-02 
109 2726 3.683446e-01 0 0 2.163170e-02 4.005400e-02 3.502998e-02 7.318278e-02 4.499302e-02 6.728773e-02 6.467041e-02 2.934119e-02 1.443123e-02 
110 2751 4.295704e-01 0 0 2.539448e-02 4.537093e-02 4.126987e-02 8.181422e-02 5.024579e-02 7.633601e-02 8.233116e-02 3.475520e-02 1.697678e-02 
111 2776 4.885724e-01 0 0 2.790234e-02 5.064910e-02 4.770446e-02 9.062134e-02 5.532813e-02 8.405601e-02 9.616444e-02 3.903223e-02 1.888283e-02 
112 2801 5.051892e-01 0 0 2.876369e-02 5.316220e-02 5.016032e-02 9.125707e-02 5.816100e-02 8.524128e-02 9.770673e-02 4.146347e-02 1.924975e-02 
113 2826 5.535050e-01 0 0 3.054025e-02 5.993872e-02 6.319969e-02 9.606415e-02 6.210009e-02 9.097480e-02 1.130408e-01 4.473005e-02 2.086475e-02 
114 2851 5.808186e-01 0 0 3.116744e-02 6.166345e-02 6.652895e-02 1.013790e-01 6.536428e-02 9.495024e-02 1.194655e-01 4.605119e-02 2.158855e-02 
115 2876 6.262412e-01 0 0 3.328433e-02 6.733096e-02 7.159532e-02 1.081340e-01 7.161723e-02 1.014704e-01 1.263259e-01 4.962116e-02 2.328701e-02 
116 2901 6.743885e-01 0 0 3.596455e-02 7.081937e-02 7.765725e-02 1.143661e-01 8.369239e-02 1.088017e-01 1.324959e-01 5.171706e-02 2.745790e-02 
117 2926 6.798359e-01 0 0 3.540534e-02 6.927734e-02 7.636829e-02 1.140324e-01 8.590423e-02 1.079489e-01 1.325999e-01 5.117767e-02 2.726562e-02 
118 2951 6.393161e-01 0 0 3.293088e-02 6.389114e-02 7.273984e-02 1.032698e-01 7.992324e-02 1.030631e-01 1.255819e-01 4.719303e-02 2.523451e-02 
119 2976 6.538139e-01 0 0 3.276395e-02 6.453294e-02 7.367623e-02 1.024408e-01 8.095759e-02 1.031630e-01 1.297265e-01 4.730776e-02 2.576731e-02 
120 3001 6.234917e-01 0 0 3.146805e-02 5.985342e-02 6.870601e-02 9.672781e-02 7.472099e-02 9.660701e-02 1.207972e-01 4.444518e-02 2.397489e-02 
121 3026 5.894439e-01 0 0 2.973796e-02 5.508755e-02 6.486433e-02 9.128844e-02 7.080587e-02 8.941024e-02 1.106896e-01 4.213426e-02 2.270725e-02 
122 3051 5.396990e-01 0 0 2.654770e-02 4.964509e-02 5.966064e-02 8.232191e-02 6.333173e-02 7.950880e-02 9.941633e-02 3.730884e-02 2.065958e-02 
123 3076 5.435248e-01 0 0 2.666519e-02 4.820948e-02 6.197966e-02 8.186103e-02 6.273276e-02 7.785127e-02 1.049420e-01 3.698454e-02 2.067544e-02 
124 3101 5.362970e-01 0 0 2.597497e-02 4.768662e-02 6.001189e-02 7.772526e-02 6.221667e-02 7.628395e-02 1.021291e-01 3.533550e-02 2.032418e-02 
125 3126 5.328931e-01 0 0 2.622864e-02 4.757818e-02 5.980040e-02 7.701511e-02 6.230044e-02 7.543803e-02 1.029343e-01 3.433888e-02 2.034476e-02 
126 3151 5.732255e-01 0 0 2.750136e-02 5.290042e-02 6.366742e-02 8.096370e-02 6.681150e-02 8.169073e-02 1.065875e-01 3.594677e-02 2.230191e-02 
127 3176 5.238916e-01 0 0 2.521627e-02 4.701102e-02 5.658728e-02 7.218357e-02 6.055125e-02 7.646046e-02 9.430827e-02 3.268628e-02 2.027839e-02 
128 3201 5.438932e-01 0 0 2.559503e-02 4.748869e-02 5.902608e-02 7.261388e-02 6.238113e-02 7.829339e-02 9.441754e-02 3.331922e-02 2.097044e-02 
129 3226 5.054781e-01 0 0 2.333495e-02 4.362110e-02 5.395700e-02 6.503319e-02 5.789876e-02 7.259470e-02 8.540349e-02 3.086608e-02 1.890049e-02 
130 3251 4.693301e-01 0 0 2.104880e-02 3.961162e-02 4.991360e-02 5.947279e-02 5.156805e-02 6.568765e-02 8.047927e-02 2.771851e-02 1.736667e-02 
131 3276 4.549269e-01 0 0 1.958056e-02 3.965951e-02 4.830539e-02 5.730331e-02 4.959981e-02 6.341933e-02 7.628978e-02 2.643346e-02 1.633154e-02 
132 3301 4.637866e-01 0 0 1.958204e-02 3.896032e-02 4.903374e-02 5.682805e-02 5.074290e-02 6.424508e-02 7.770218e-02 2.692459e-02 1.699980e-02 
133 3326 5.387387e-01 0 0 2.293592e-02 4.395543e-02 5.527392e-02 6.524734e-02 6.018166e-02 7.396651e-02 8.982595e-02 3.354412e-02 2.008404e-02 
134 3351 5.566161e-01 0 0 2.320129e-02 4.668729e-02 5.625014e-02 6.610912e-02 6.019891e-02 7.388129e-02 9.100131e-02 3.482568e-02 2.031056e-02 
135 3376 5.633478e-01 0 0 2.447250e-02 4.602291e-02 5.636021e-02 6.461746e-02 6.180161e-02 7.607411e-02 9.009880e-02 3.425214e-02 2.014705e-02 
136 3401 4.975373e-01 0 0 2.097206e-02 3.922735e-02 4.800762e-02 5.567639e-02 5.363971e-02 6.551566e-02 7.775304e-02 3.095256e-02 1.730505e-02 
137 3426 4.412551e-01 0 0 1.838651e-02 3.445318e-02 4.207510e-02 4.826584e-02 4.615436e-02 5.577815e-02 6.912157e-02 2.709022e-02 1.522294e-02 
138 3451 4.000699e-01 0 0 1.632251e-02 3.070642e-02 3.787446e-02 4.219154e-02 4.087299e-02 5.085764e-02 6.072576e-02 2.400862e-02 1.365946e-02 
139 3476 3.506324e-01 0 0 1.379321e-02 2.635259e-02 3.208845e-02 3.534977e-02 3.476378e-02 4.334309e-02 5.146951e-02 2.024459e-02 1.184227e-02 
140 3501 3.045085e-01 0 0 1.150559e-02 2.217282e-02 2.680275e-02 2.985739e-02 2.946207e-02 3.710278e-02 4.299010e-02 1.730284e-02 1.002779e-02 
141 3526 2.770291e-01 0 0 1.025807e-02 1.962037e-02 2.424336e-02 2.643045e-02 2.611352e-02 3.445883e-02 3.996976e-02 1.581667e-02 9.219672e-03 
142 3551 2.595840e-01 0 0 9.345434e-03 1.809185e-02 2.242348e-02 2.454723e-02 2.438285e-02 3.189578e-02 3.767015e-02 1.454114e-02 8.370131e-03 
143 3576 2.629865e-01 0 0 9.431716e-03 1.821159e-02 2.211765e-02 2.405827e-02 2.423749e-02 3.159727e-02 3.750826e-02 1.446424e-02 8.432061e-03 
144 3601 2.537203e-01 0 0 9.020366e-03 1.746564e-02 2.110647e-02 2.279568e-02 2.438781e-02 3.050413e-02 3.533096e-02 1.405733e-02 8.204409e-03 
145 3626 2.510736e-01 0 0 9.192990e-03 1.697518e-02 2.095902e-02 2.217688e-02 2.386842e-02 3.063684e-02 3.401564e-02 1.338067e-02 7.993370e-03 
146 3651 2.315337e-01 0 0 8.299522e-03 1.547715e-02 1.886205e-02 1.981149e-02 2.181672e-02 2.857813e-02 3.101483e-02 1.254264e-02 7.421131e-03 
147 3676 2.186212e-01 0 0 7.673755e-03 1.416793e-02 1.762397e-02 1.870950e-02 2.047192e-02 2.650135e-02 2.834018e-02 1.159527e-02 6.930415e-03 
148 3701 2.239701e-01 0 0 7.556628e-03 1.403124e-02 1.785605e-02 1.878004e-02 2.069447e-02 2.706847e-02 2.808305e-02 1.203811e-02 7.040132e-03 
149 3726 2.228776e-01 0 0 7.428727e-03 1.353523e-02 1.826470e-02 1.864494e-02 2.069023e-02 2.642089e-02 2.892025e-02 1.201123e-02 6.864162e-03 
150 3751 2.118809e-01 0 0 6.940809e-03 1.239793e-02 1.751388e-02 1.847376e-02 1.905395e-02 2.499830e-02 2.741598e-02 1.123643e-02 6.299482e-03 
151 3776 2.082022e-01 0 0 6.670146e-03 1.175361e-02 1.688203e-02 1.851380e-02 1.828682e-02 2.430188e-02 2.673494e-02 1.081324e-02 6.022736e-03 
152 3801 2.088156e-01 0 0 6.652880e-03 1.173427e-02 1.688774e-02 1.835799e-02 1.773296e-02 2.360029e-02 2.662626e-02 1.065108e-02 5.783751e-03 
153 3826 2.046469e-01 0 0 6.358505e-03 1.164828e-02 1.666580e-02 1.850968e-02 1.679942e-02 2.343874e-02 2.643595e-02 1.019620e-02 5.410838e-03 
154 3851 2.143146e-01 0 0 6.443698e-03 1.173672e-02 1.740176e-02 1.956927e-02 1.843751e-02 2.414202e-02 2.729305e-02 1.074486e-02 5.444247e-03 
155 3876 2.304495e-01 0 0 6.792569e-03 1.227240e-02 1.859412e-02 2.204463e-02 1.941547e-02 2.677874e-02 2.846340e-02 1.129379e-02 5.612622e-03 
156 3901 2.243921e-01 0 0 6.562230e-03 1.179107e-02 1.759453e-02 2.124202e-02 1.865970e-02 2.554304e-02 2.691361e-02 1.081547e-02 5.216575e-03 
157 3926 2.300562e-01 0 0 6.483339e-03 1.199843e-02 1.791540e-02 2.306193e-02 1.852082e-02 2.921201e-02 2.732566e-02 1.119385e-02 5.195821e-03 
158 3951 2.081066e-01 0 0 5.639284e-03 1.081207e-02 1.604881e-02 2.094634e-02 1.665467e-02 2.589701e-02 2.399717e-02 9.782328e-03 4.531565e-03 
159 3976 2.038081e-01 0 0 5.417661e-03 1.034888e-02 1.530582e-02 1.986162e-02 1.575640e-02 2.523150e-02 2.296240e-02 9.258400e-03 4.255651e-03 
160 4001 1.949135e-01 0 0 5.071312e-03 9.554855e-03 1.408295e-02 1.855471e-02 1.475213e-02 2.361778e-02 2.121458e-02 8.673039e-03 3.923783e-03 
161 4026 1.998338e-01 0 0 5.160625e-03 9.777198e-03 1.418688e-02 1.910358e-02 1.475848e-02 2.406506e-02 2.095886e-02 8.588005e-03 3.859132e-03 
162 4051 1.881642e-01 0 0 4.973066e-03 9.073066e-03 1.344137e-02 1.781955e-02 1.367267e-02 2.203078e-02 1.917880e-02 7.964390e-03 3.467630e-03 
163 4076 2.065090e-01 0 0 6.067195e-03 9.720343e-03 1.542884e-02 2.307783e-02 1.483046e-02 2.745441e-02 2.169395e-02 8.722785e-03 3.655227e-03 
164 4101 1.963051e-01 0 0 5.764929e-03 8.957134e-03 1.449056e-02 2.209378e-02 1.425631e-02 2.566992e-02 2.054150e-02 7.926487e-03 3.371410e-03 
165 4126 1.789580e-01 0 0 5.167366e-03 8.133294e-03 1.307786e-02 1.958118e-02 1.282679e-02 2.296622e-02 1.857540e-02 7.034047e-03 3.015895e-03 
166 4151 1.669538e-01 0 0 5.065730e-03 7.640398e-03 1.206852e-02 1.840799e-02 1.213318e-02 2.180660e-02 1.721640e-02 6.618664e-03 2.778679e-03 
167 4176 1.516484e-01 0 0 4.583755e-03 6.907120e-03 1.090336e-02 1.747546e-02 1.075038e-02 2.028519e-02 1.566140e-02 5.884551e-03 2.431061e-03 
168 4201 1.426019e-01 0 0 4.269190e-03 6.485146e-03 1.025795e-02 1.638915e-02 9.866135e-03 1.905047e-02 1.455439e-02 5.456422e-03 2.256305e-03 
169 4226 1.453879e-01 0 0 4.557057e-03 6.506949e-03 1.029926e-02 1.670350e-02 9.828779e-03 1.987131e-02 1.506954e-02 5.472430e-03 2.248042e-03 
170 4251 1.446996e-01 0 0 4.710900e-03 6.519032e-03 9.957349e-03 1.625111e-02 9.596998e-03 1.998462e-02 1.451145e-02 5.313066e-03 2.193672e-03 
171 4276 1.604871e-01 0 0 5.312233e-03 7.589152e-03 1.143156e-02 1.800502e-02 1.084414e-02 2.234875e-02 1.576107e-02 5.841847e-03 2.387360e-03 
172 4301 1.685561e-01 0 0 5.395651e-03 8.119024e-03 1.214655e-02 1.878099e-02 1.120342e-02 2.351889e-02 1.599046e-02 6.393464e-03 2.459099e-03 
173 4326 1.711521e-01 0 0 5.279110e-03 8.664613e-03 1.188674e-02 1.852454e-02 1.172971e-02 2.390753e-02 1.570764e-02 6.564043e-03 2.424632e-03 
174 4351 1.424675e-01 0 0 4.244426e-03 7.083960e-03 9.511023e-03 1.478814e-02 9.467588e-03 1.937193e-02 1.256405e-02 5.348896e-03 1.942974e-03 
175 4376 1.239602e-01 0 0 3.615562e-03 6.121435e-03 8.085406e-03 1.274618e-02 8.163990e-03 1.707832e-02 1.065223e-02 4.588991e-03 1.633986e-03 
176 4401 1.154849e-01 0 0 3.383445e-03 5.838763e-03 7.394482e-03 1.164181e-02 7.338387e-03 1.570887e-02 9.946182e-03 4.245378e-03 1.487959e-03 
177 4426 1.111195e-01 0 0 3.213515e-03 5.676620e-03 7.477807e-03 1.095848e-02 7.424145e-03 1.464699e-02 9.298262e-03 4.125917e-03 1.438827e-03 
178 4451 1.039328e-01 0 0 2.942865e-03 5.468344e-03 6.831361e-03 1.002639e-02 6.846271e-03 1.398343e-02 8.485617e-03 4.003462e-03 1.348618e-03 
179 4476 1.052734e-01 0 0 2.900072e-03 5.709856e-03 7.063474e-03 1.012410e-02 6.699362e-03 1.419942e-02 8.685995e-03 3.990117e-03 1.363523e-03 
180 4501 9.370181e-02 0 0 2.627301e-03 5.262077e-03 6.354264e-03 9.045157e-03 5.883219e-03 1.272628e-02 7.443571e-03 3.564265e-03 1.178546e-03 
181 4526 8.296483e-02 0 0 2.332789e-03 4.540747e-03 5.497100e-03 7.941392e-03 5.056438e-03 1.100057e-02 6.436869e-03 3.115031e-03 1.018262e-03 
182 4551 7.516361e-02 0 0 2.132389e-03 4.137124e-03 5.034335e-03 7.102871e-03 4.527539e-03 1.006920e-02 5.923643e-03 2.910918e-03 9.006657e-04 
183 4576 7.188233e-02 0 0 1.974835e-03 3.883955e-03 4.770923e-03 6.744807e-03 4.294259e-03 9.444890e-03 5.758960e-03 2.704994e-03 8.413863e-04 
184 4601 7.061779e-02 0 0 1.961413e-03 3.783141e-03 4.758504e-03 6.519297e-03 4.197674e-03 9.193040e-03 5.673762e-03 2.611494e-03 8.138331e-04 
185 4626 6.920008e-02 0 0 1.895342e-03 3.889649e-03 4.605835e-03 6.187787e-03 3.973099e-03 9.263313e-03 5.538538e-03 2.595357e-03 7.818631e-04 
186 4651 7.568865e-02 0 0 2.023186e-03 4.192816e-03 4.969502e-03 6.647685e-03 4.201805e-03 9.924667e-03 6.225011e-03 2.797043e-03 8.730646e-04 
187 4676 8.110630e-02 0 0 2.096028e-03 4.632252e-03 5.326529e-03 7.035750e-03 4.397523e-03 1.085647e-02 7.047661e-03 3.210214e-03 9.313405e-04 
188 4701 7.735600e-02 0 0 1.971412e-03 4.331192e-03 5.001242e-03 7.035309e-03 4.170085e-03 1.037097e-02 6.654416e-03 3.047637e-03 8.780121e-04 
189 4726 7.720485e-02 0 0 1.926037e-03 4.905042e-03 4.957846e-03 7.085163e-03 4.198203e-03 1.124121e-02 6.424750e-03 3.237703e-03 8.900108e-04 
190 4751 7.343541e-02 0 0 1.799949e-03 4.618601e-03 4.826185e-03 6.908119e-03 3.892815e-03 1.085168e-02 6.316671e-03 3.048418e-03 8.229142e-04 
191 4776 7.698626e-02 0 0 1.830139e-03 5.198165e-03 5.038478e-03 7.198526e-03 4.185083e-03 1.156180e-02 6.547136e-03 3.119872e-03 8.520101e-04 
192 4801 7.365477e-02 0 0 1.776297e-03 4.835986e-03 4.708214e-03 6.733753e-03 4.043059e-03 1.109325e-02 6.169135e-03 2.904738e-03 8.007706e-04 
193 4826 8.281563e-02 0 0 1.965478e-03 5.406193e-03 5.312370e-03 7.524404e-03 4.392616e-03 1.273632e-02 6.681869e-03 3.259761e-03 9.250989e-04 
194 4851 7.796441e-02 0 0 1.819288e-03 5.079028e-03 4.811562e-03 7.074971e-03 4.006816e-03 1.247132e-02 6.034073e-03 2.992436e-03 8.734723e-04 
195 4876 7.908823e-02 0 0 1.846422e-03 5.238062e-03 4.957345e-03 7.012740e-03 4.006740e-03 1.286186e-02 6.334329e-03 2.981167e-03 9.068757e-04 
196 4901 7.388008e-02 0 0 1.694776e-03 4.807722e-03 4.471108e-03 6.427724e-03 3.735440e-03 1.190940e-02 5.733012e-03 2.740507e-03 8.508536e-04 
197 4926 8.005789e-02 0 0 1.820786e-03 5.112582e-03 4.678746e-03 6.854385e-03 4.082006e-03 1.259689e-02 6.011240e-03 2.909979e-03 9.294962e-04 
198 4951 7.274026e-02 0 0 1.631621e-03 4.461672e-03 4.339501e-03 6.030312e-03 3.556027e-03 1.098368e-02 5.593748e-03 2.601979e-03 8.148219e-04 
199 4976 6.878249e-02 0 0 1.491869e-03 4.300207e-03 4.039326e-03 5.621830e-03 3.548531e-03 1.026313e-02 5.249552e-03 2.382069e-03 8.285595e-04 
200 5001 7.149663e-02 0 0 1.509581e-03 4.553287e-03 4.293550e-03 6.000147e-03 3.723913e-03 1.130548e-02 5.585083e-03 2.624235e-03 8.434396e-04 
201 5026 7.268262e-02 0 0 1.526344e-03 4.546986e-03 4.203965e-03 5.936044e-03 3.662950e-03 1.143680e-02 5.597130e-03 2.632183e-03 8.358751e-04 
202 5051 7.273428e-02 0 0 1.563152e-03 4.476118e-03 4.114297e-03 5.751661e-03 3.665498e-03 1.121588e-02 5.728906e-03 2.588228e-03 8.221567e-04 
203 5076 6.625416e-02 0 0 1.455584e-03 4.096116e-03 3.635367e-03 5.049174e-03 3.329252e-03 9.864703e-03 5.126929e-03 2.402547e-03 7.613268e-04 
204 5101 6.172237e-02 0 0 1.451780e-03 3.845152e-03 3.303423e-03 4.653508e-03 3.047481e-03 9.377877e-03 4.738512e-03 2.222597e-03 6.919119e-04 
205 5126 6.803664e-02 0 0 1.603660e-03 4.143381e-03 4.173327e-03 5.345010e-03 3.304460e-03 1.007708e-02 6.117603e-03 2.365700e-03 7.628567e-04 
206 5151 7.481757e-02 0 0 1.711462e-03 4.691819e-03 4.810301e-03 5.849796e-03 3.673135e-03 1.142376e-02 7.192908e-03 2.740871e-03 8.253890e-04 
207 5176 8.315064e-02 0 0 1.846401e-03 5.247394e-03 5.153991e-03 6.355086e-03 4.263847e-03 1.263162e-02 7.923101e-03 3.106555e-03 9.044437e-04 
208 5201 7.651428e-02 0 0 1.675854e-03 4.742184e-03 4.875826e-03 6.050942e-03 3.942899e-03 1.167240e-02 7.898033e-03 2.883728e-03 8.451593e-04 
209 5226 6.996756e-02 0 0 1.508625e-03 4.442907e-03 4.300972e-03 5.615745e-03 3.528434e-03 1.097182e-02 7.017568e-03 2.622060e-03 7.432741e-04 
210 5251 6.892091e-02 0 0 1.469516e-03 4.394095e-03 4.181432e-03 5.407363e-03 3.453503e-03 1.095259e-02 6.676874e-03 2.579056e-03 7.003726e-04 
211 5276 6.706686e-02 0 0 1.382277e-03 4.228315e-03 3.991369e-03 5.145738e-03 3.319437e-03 1.063433e-02 6.381913e-03 2.489093e-03 6.777425e-04 
212 5301 7.257778e-02 0 0 1.525562e-03 4.532354e-03 4.186837e-03 5.543783e-03 3.536878e-03 1.173955e-02 6.785203e-03 2.666322e-03 7.180518e-04 
213 5326 8.264455e-02 0 0 1.752744e-03 4.968616e-03 4.807969e-03 6.179956e-03 3.887944e-03 1.291195e-02 7.439760e-03 2.973184e-03 8.250090e-04 
214 5351 7.457350e-02 0 0 1.524617e-03 4.518547e-03 4.302878e-03 5.731022e-03 3.550859e-03 1.195501e-02 6.585827e-03 2.748967e-03 7.360519e-04 
215 5376 7.009597e-02 0 0 1.390259e-03 4.093057e-03 4.056354e-03 5.222828e-03 3.217547e-03 1.086817e-02 6.123505e-03 2.477809e-03 6.747744e-04 
216 5401 6.976096e-02 0 0 1.348434e-03 4.007437e-03 4.087719e-03 5.120712e-03 3.228467e-03 1.059177e-02 6.070080e-03 2.450606e-03 6.773550e-04 
217 5426 7.448032e-02 0 0 1.448252e-03 4.217974e-03 4.293708e-03 5.406970e-03 3.350072e-03 1.115167e-02 6.564387e-03 2.585670e-03 7.508779e-04 
218 5451 8.260391e-02 0 0 1.580161e-03 4.665278e-03 4.735949e-03 5.890010e-03 3.690168e-03 1.225375e-02 7.173582e-03 2.899324e-03 8.304618e-04 
219 5476 7.807474e-02 0 0 1.480805e-03 4.297601e-03 4.402430e-03 5.534513e-03 3.359489e-03 1.156356e-02 6.863750e-03 2.683993e-03 7.918674e-04 
220 5501 7.675789e-02 0 0 1.428410e-03 4.256486e-03 4.466713e-03 5.516428e-03 3.334312e-03 1.164037e-02 6.787463e-03 2.725994e-03 7.585424e-04 
221 5526 7.544734e-02 0 0 1.402952e-03 4.080117e-03 4.449515e-03 5.315210e-03 3.221429e-03 1.129049e-02 6.681432e-03 2.761297e-03 7.216830e-04 
222 5551 6.877805e-02 0 0 1.250693e-03 3.607069e-03 3.918861e-03 4.734601e-03 2.830139e-03 1.011258e-02 6.098537e-03 2.477387e-03 6.650080e-04 
223 5576 6.555779e-02 0 0 1.227694e-03 3.560744e-03 3.687858e-03 4.486412e-03 2.676552e-03 9.847205e-03 5.813313e-03 2.472899e-03 6.746090e-04 
224 5601 7.080458e-02 0 0 1.342385e-03 3.829758e-03 3.993534e-03 4.711553e-03 2.861860e-03 1.037701e-02 6.248805e-03 2.721028e-03 7.308742e-04 
225 5626 7.312860e-02 0 0 1.361170e-03 3.905168e-03 4.231494e-03 4.761466e-03 2.978338e-03 1.027292e-02 6.397689e-03 2.748209e-03 7.279017e-04 
226 5651 7.667567e-02 0 0 1.403592e-03 4.015158e-03 4.296839e-03 5.139618e-03 3.020799e-03 1.055830e-02 6.566818e-03 2.906151e-03 7.408292e-04 
227 5676 7.257066e-02 0 0 1.293434e-03 3.776640e-03 3.905248e-03 4.848015e-03 2.839817e-03 9.681878e-03 6.038674e-03 2.718271e-03 6.904451e-04 
228 5701 7.245293e-02 0 0 1.274540e-03 3.756947e-03 4.066295e-03 4.927895e-03 2.766098e-03 9.697959e-03 6.025232e-03 2.766443e-03 6.806337e-04 
229 5726 6.479797e-02 0 0 1.132516e-03 3.263952e-03 3.585940e-03 4.296068e-03 2.423565e-03 8.295468e-03 5.289155e-03 2.373894e-03 5.959238e-04 
230 5751 6.253015e-02 0 0 1.061692e-03 3.099425e-03 3.457744e-03 3.996920e-03 2.327878e-03 7.718169e-03 5.014846e-03 2.250430e-03 5.728364e-04 
231 5776 6.867458e-02 0 0 1.142243e-03 3.355976e-03 3.991418e-03 4.295716e-03 2.487356e-03 8.174589e-03 5.922510e-03 2.373601e-03 6.213043e-04 
232 5801 7.330631e-02 0 0 1.227209e-03 3.687965e-03 4.184584e-03 4.687574e-03 2.616198e-03 8.898549e-03 6.369495e-03 2.533509e-03 6.562078e-04 
233 5826 7.106415e-02 0 0 1.166754e-03 3.484179e-03 3.943778e-03 4.611170e-03 2.505125e-03 8.813005e-03 6.123508e-03 2.450688e-03 6.292475e-04 
234 5851 6.815373e-02 0 0 1.137177e-03 3.252630e-03 3.652560e-03 4.367677e-03 2.353080e-03 8.461821e-03 5.640778e-03 2.298939e-03 5.952763e-04 
235 5876 5.869085e-02 0 0 9.875876e-04 2.705712e-03 3.041264e-03 3.670488e-03 1.981096e-03 7.066118e-03 4.741179e-03 1.924162e-03 5.003386e-04 
236 5901 5.744486e-02 0 0 1.047098e-03 2.577725e-03 2.972452e-03 3.470435e-03 1.892791e-03 6.654563e-03 4.572194e-03 1.836684e-03 4.716098e-04 
237 5926 6.059251e-02 0 0 1.105327e-03 2.681392e-03 3.198988e-03 3.708615e-03 1.956162e-03 6.965030e-03 4.827259e-03 1.892402e-03 5.000163e-04 
238 5951 5.482611e-02 0 0 9.942083e-04 2.455566e-03 2.938260e-03 3.370714e-03 1.732935e-03 6.317958e-03 4.440171e-03 1.732863e-03 4.392905e-04 
239 5976 5.212509e-02 0 0 9.132282e-04 2.381566e-03 2.752009e-03 3.170523e-03 1.645995e-03 6.025159e-03 4.103413e-03 1.620650e-03 4.165716e-04 
240 6001 5.251139e-02 0 0 9.027795e-04 2.461096e-03 2.709753e-03 3.140728e-03 1.681986e-03 6.282281e-03 3.999028e-03 1.624773e-03 4.093607e-04 
241 6026 4.713075e-02 0 0 8.183851e-04 2.156355e-03 2.413987e-03 2.795915e-03 1.477874e-03 5.552722e-03 3.551961e-03 1.435082e-03 3.548324e-04 
242 6051 4.754800e-02 0 0 8.242339e-04 2.149270e-03 2.607921e-03 2.917558e-03 1.507155e-03 5.632606e-03 3.676999e-03 1.442574e-03 3.627862e-04 
243 6076 5.384042e-02 0 0 9.266055e-04 2.537388e-03 3.282108e-03 3.339669e-03 1.774251e-03 6.318355e-03 4.173612e-03 1.632080e-03 3.982407e-04 
244 6101 5.029075e-02 0 0 8.673902e-04 2.394065e-03 3.178021e-03 3.150187e-03 1.704338e-03 5.852663e-03 4.064641e-03 1.540024e-03 3.684511e-04 
245 6126 5.713184e-02 0 0 9.672817e-04 2.839445e-03 3.559522e-03 3.525903e-03 1.928009e-03 6.865339e-03 4.720452e-03 1.762340e-03 4.111518e-04 
246 6151 5.899039e-02 0 0 1.002844e-03 2.813353e-03 3.547216e-03 3.469878e-03 1.965435e-03 6.784575e-03 4.808904e-03 1.835149e-03 4.206833e-04 
247 6176 6.083051e-02 0 0 9.971808e-04 2.884577e-03 3.644154e-03 3.535125e-03 2.094503e-03 6.920814e-03 4.816393e-03 1.867395e-03 4.277321e-04 
248 6201 5.786706e-02 0 0 9.271150e-04 2.720387e-03 3.568812e-03 3.471180e-03 1.995859e-03 6.724719e-03 4.699259e-03 1.772624e-03 3.962603e-04 
249 6226 5.486553e-02 0 0 8.731927e-04 2.536440e-03 3.376422e-03 3.224926e-03 1.869428e-03 6.291550e-03 4.424124e-03 1.696519e-03 3.758600e-04 
250 6251 4.696040e-02 0 0 7.286785e-04 2.147611e-03 2.901622e-03 2.681431e-03 1.556864e-03 5.296248e-03 3.712200e-03 1.424913e-03 3.128996e-04 
251 6276 4.579749e-02 0 0 7.041264e-04 2.047322e-03 2.838076e-03 2.527079e-03 1.467536e-03 4.988846e-03 3.629737e-03 1.354495e-03 3.110910e-04 
252 6301 3.813997e-02 0 0 5.707227e-04 1.765935e-03 2.415309e-03 2.120023e-03 1.269060e-03 4.268605e-03 3.113580e-03 1.133595e-03 2.640445e-04 
253 6326 4.244919e-02 0 0 6.313067e-04 2.093265e-03 2.640773e-03 2.309998e-03 1.558678e-03 4.771984e-03 3.394462e-03 1.255660e-03 2.872957e-04 
254 6351 4.916648e-02 0 0 7.459750e-04 2.471292e-03 3.238860e-03 2.706030e-03 1.788449e-03 5.679425e-03 4.078952e-03 1.433979e-03 3.247682e-04 
255 6376 5.111501e-02 0 0 7.816671e-04 2.490615e-03 3.324515e-03 2.756067e-03 1.789985e-03 5.719355e-03 4.203682e-03 1.441891e-03 3.257929e-04 
256 6401 4.765644e-02 0 0 7.367872e-04 2.412522e-03 2.978299e-03 2.552761e-03 1.879797e-03 5.523707e-03 3.777788e-03 1.337022e-03 3.039203e-04 
257 6426 4.617928e-02 0 0 6.991339e-04 2.317347e-03 2.842949e-03 2.537166e-03 1.772337e-03 5.277801e-03 3.625106e-03 1.278155e-03 2.858629e-04 
258 6451 5.147060e-02 0 0 7.805014e-04 2.820322e-03 3.073459e-03 2.826996e-03 2.160455e-03 6.116779e-03 3.979537e-03 1.386570e-03 3.204330e-04 
259 6476 5.514511e-02 0 0 8.071479e-04 3.066472e-03 3.214104e-03 3.046150e-03 2.286037e-03 6.580686e-03 4.193636e-03 1.453962e-03 3.458516e-04 
260 6501 5.092744e-02 0 0 7.735473e-04 2.838813e-03 3.067500e-03 2.779257e-03 2.080015e-03 6.004440e-03 3.911215e-03 1.362974e-03 3.206766e-04 
261 6526 4.776061e-02 0 0 7.403543e-04 2.560398e-03 2.830951e-03 2.591714e-03 1.897696e-03 5.473352e-03 3.580462e-03 1.272318e-03 3.006425e-04 
262 6551 5.166253e-02 0 0 7.927704e-04 2.658832e-03 3.010841e-03 2.954249e-03 2.020027e-03 5.752925e-03 3.757461e-03 1.333982e-03 3.251165e-04 
263 6576 5.457177e-02 0 0 8.171371e-04 2.882164e-03 3.125369e-03 3.126653e-03 2.119134e-03 6.289181e-03 3.898467e-03 1.368495e-03 3.349225e-04 
264 6601 5.375451e-02 0 0 8.105805e-04 2.903807e-03 3.035491e-03 3.098811e-03 2.137337e-03 6.366987e-03 3.762592e-03 1.346687e-03 3.253422e-04 
265 6626 5.504221e-02 0 0 8.263774e-04 2.876665e-03 3.027419e-03 3.216350e-03 2.259804e-03 6.320244e-03 3.716414e-03 1.348057e-03 3.336340e-04 
266 6651 4.849185e-02 0 0 7.164783e-04 2.484939e-03 2.607626e-03 2.786810e-03 1.975371e-03 5.352979e-03 3.213035e-03 1.150191e-03 3.028683e-04 
267 6676 4.632152e-02 0 0 6.683558e-04 2.495879e-03 2.411992e-03 2.726204e-03 1.907605e-03 5.368341e-03 3.090352e-03 1.110256e-03 2.969619e-04 
268 6701 4.743789e-02 0 0 6.666508e-04 2.502406e-03 2.465252e-03 2.830286e-03 1.908569e-03 5.370645e-03 3.180470e-03 1.148911e-03 3.087653e-04 
269 6726 4.334106e-02 0 0 6.143212e-04 2.283126e-03 2.252014e-03 2.590338e-03 1.755831e-03 4.807298e-03 2.878573e-03 1.035312e-03 2.732555e-04 
270 6751 4.536932e-02 0 0 6.409048e-04 2.304858e-03 2.312377e-03 2.712429e-03 1.914171e-03 4.830920e-03 2.954040e-03 1.044351e-03 2.773164e-04 
271 6776 5.442619e-02 0 0 8.164914e-04 2.707442e-03 2.792896e-03 3.377664e-03 2.468054e-03 5.632744e-03 3.454542e-03 1.269629e-03 3.314087e-04 
272 6801 6.767882e-02 0 0 1.023368e-03 3.334940e-03 3.367083e-03 4.284736e-03 3.232909e-03 6.905244e-03 4.203039e-03 1.534527e-03 4.130147e-04 
273 6826 7.832764e-02 0 0 1.233727e-03 4.106014e-03 3.892053e-03 4.916853e-03 3.855833e-03 8.111278e-03 4.746979e-03 1.779104e-03 4.666249e-04 
274 6851 8.481087e-02 0 0 1.340488e-03 4.799148e-03 4.473694e-03 5.559422e-03 4.555272e-03 9.137927e-03 5.151006e-03 1.940375e-03 4.892892e-04 
275 6876 7.377383e-02 0 0 1.193200e-03 4.215264e-03 3.770649e-03 4.704328e-03 3.973028e-03 8.123546e-03 4.432243e-03 1.665498e-03 4.101557e-04 
276 6901 7.190038e-02 0 0 1.138490e-03 4.235946e-03 3.695784e-03 4.505532e-03 3.956812e-03 7.778505e-03 4.529079e-03 1.580920e-03 3.925134e-04 
277 6926 6.826300e-02 0 0 1.062626e-03 3.922467e-03 3.542873e-03 4.186476e-03 3.683335e-03 7.220573e-03 4.186623e-03 1.495223e-03 3.608274e-04 
278 6951 5.647369e-02 0 0 8.566433e-04 3.199573e-03 2.955857e-03 3.392994e-03 3.052962e-03 5.835334e-03 3.522451e-03 1.216733e-03 2.876242e-04 
279 6976 4.968923e-02 0 0 7.531343e-04 2.803893e-03 2.570510e-03 2.960097e-03 2.625824e-03 5.197936e-03 3.085050e-03 1.037314e-03 2.484853e-04 
280 7001 5.329705e-02 0 0 8.082983e-04 2.959801e-03 2.722898e-03 3.131450e-03 2.795038e-03 5.554419e-03 3.295298e-03 1.187175e-03 2.628466e-04 
281 7026 6.236913e-02 0 0 9.721396e-04 3.775893e-03 3.266998e-03 3.774069e-03 3.295997e-03 7.207117e-03 4.005877e-03 1.388074e-03 2.992789e-04 
282 7051 6.803628e-02 0 0 1.061557e-03 4.141192e-03 3.502291e-03 4.129330e-03 3.688216e-03 7.856634e-03 4.308347e-03 1.460701e-03 3.178705e-04 
283 7076 6.825348e-02 0 0 1.038609e-03 4.266592e-03 3.484719e-03 4.082150e-03 3.714382e-03 8.106072e-03 4.339534e-03 1.423525e-03 3.240737e-04 
284 7101 6.419457e-02 0 0 9.616154e-04 3.978680e-03 3.420580e-03 3.899419e-03 3.530464e-03 7.467630e-03 4.090206e-03 1.308888e-03 2.983263e-04 
285 7126 5.921392e-02 0 0 8.801600e-04 3.628702e-03 3.077265e-03 3.588292e-03 3.150367e-03 6.843580e-03 3.722601e-03 1.218061e-03 2.745055e-04 
286 7151 6.153152e-02 0 0 9.183490e-04 3.699332e-03 3.264539e-03 3.626652e-03 3.246350e-03 7.014487e-03 3.785971e-03 1.219375e-03 2.870285e-04 
287 7176 6.578769e-02 0 0 1.008266e-03 4.045466e-03 3.359280e-03 3.821419e-03 3.431968e-03 7.651721e-03 3.946110e-03 1.284448e-03 3.092212e-04 
288 7201 6.457176e-02 0 0 9.919419e-04 3.982425e-03 3.349471e-03 3.607004e-03 3.379123e-03 7.523910e-03 3.930910e-03 1.232811e-03 2.906559e-04 
289 7226 6.722052e-02 0 0 1.035574e-03 4.041369e-03 3.613388e-03 3.736088e-03 3.467655e-03 7.544635e-03 4.214987e-03 1.241681e-03 2.932606e-04 
290 7251 6.449261e-02 0 0 9.993104e-04 3.745923e-03 3.516546e-03 3.569961e-03 3.320814e-03 7.028058e-03 4.042546e-03 1.204728e-03 2.835664e-04 
291 7276 6.526940e-02 0 0 1.012055e-03 3.691453e-03 3.498698e-03 3.637816e-03 3.269841e-03 6.888802e-03 3.990749e-03 1.271012e-03 2.901064e-04 
292 7301 6.043769e-02 0 0 9.075058e-04 3.517464e-03 3.236839e-03 3.415889e-03 3.084838e-03 6.741931e-03 3.608127e-03 1.187772e-03 2.612699e-04 
293 7326 6.486058e-02 0 0 9.481568e-04 3.860251e-03 3.388315e-03 3.542033e-03 3.280627e-03 7.169999e-03 3.744447e-03 1.239935e-03 2.776718e-04 
294 7351 6.516710e-02 0 0 9.852579e-04 3.744978e-03 3.373408e-03 3.557159e-03 3.238268e-03 6.977828e-03 3.734061e-03 1.231230e-03 2.681976e-04 
295 7376 6.160105e-02 0 0 9.264269e-04 3.480706e-03 3.155466e-03 3.295330e-03 2.987567e-03 6.369173e-03 3.520149e-03 1.139562e-03 2.554214e-04 
296 7401 5.789425e-02 0 0 8.558344e-04 3.270216e-03 2.911260e-03 3.013370e-03 2.767653e-03 6.045892e-03 3.214632e-03 1.071528e-03 2.351947e-04 
297 7426 5.729711e-02 0 0 8.635610e-04 3.133958e-03 2.825277e-03 2.986819e-03 2.681052e-03 5.862622e-03 3.307786e-03 1.059472e-03 2.329871e-04 
298 7451 5.539700e-02 0 0 8.802768e-04 2.962034e-03 2.689868e-03 2.801649e-03 2.508715e-03 5.582337e-03 3.158960e-03 1.006622e-03 2.313490e-04 
299 7476 5.633718e-02 0 0 9.202468e-04 3.006101e-03 2.864591e-03 2.828601e-03 2.520833e-03 5.748981e-03 3.247695e-03 1.052999e-03 2.259115e-04 
300 7501 5.613346e-02 0 0 9.301693e-04 3.145083e-03 2.787238e-03 2.815014e-03 2.487574e-03 6.064838e-03 3.205889e-03 1.098904e-03 2.319763e-04 
301 7526 5.817290e-02 0 0 9.556362e-04 3.276259e-03 2.849981e-03 2.818824e-03 2.579125e-03 6.255457e-03 3.363398e-03 1.145375e-03 2.358119e-04 
302 7551 5.511470e-02 0 0 9.065131e-04 3.091138e-03 2.715816e-03 2.695302e-03 2.491657e-03 5.853112e-03 3.150170e-03 1.068911e-03 2.176500e-04 
303 7576 5.521326e-02 0 0 8.879109e-04 3.137727e-03 2.659054e-03 2.747609e-03 2.699977e-03 5.762251e-03 3.036210e-03 1.084274e-03 2.177492e-04 
304 7601 5.801341e-02 0 0 9.117042e-04 3.493924e-03 2.725252e-03 2.918906e-03 3.079655e-03 5.997534e-03 3.094323e-03 1.123099e-03 2.310421e-04 
305 7626 5.532318e-02 0 0 8.473679e-04 3.389575e-03 2.628383e-03 2.826751e-03 3.048944e-03 5.819390e-03 2.863789e-03 1.057395e-03 2.125651e-04 
306 7651 5.213907e-02 0 0 7.887807e-04 3.202267e-03 2.473366e-03 2.622311e-03 2.957675e-03 5.425759e-03 2.664224e-03 9.743185e-04 1.987112e-04 
307 7676 4.762564e-02 0 0 7.318503e-04 2.933754e-03 2.282226e-03 2.362613e-03 2.678174e-03 4.880350e-03 2.437212e-03 9.004670e-04 1.790869e-04 
308 7701 5.140346e-02 0 0 7.820872e-04 3.083836e-03 2.477544e-03 2.584107e-03 2.840358e-03 5.049823e-03 2.638116e-03 9.674604e-04 2.013922e-04 
309 7726 6.055524e-02 0 0 9.649096e-04 3.491965e-03 2.976274e-03 3.157415e-03 3.339099e-03 5.785395e-03 3.197648e-03 1.178668e-03 2.314081e-04 
310 7751 6.847658e-02 0 0 1.135566e-03 4.297012e-03 3.409575e-03 3.619104e-03 4.055781e-03 6.871315e-03 3.570528e-03 1.366113e-03 2.540704e-04 
311 7776 6.914100e-02 0 0 1.255703e-03 4.275758e-03 3.667462e-03 3.616052e-03 4.144689e-03 6.938285e-03 3.775164e-03 1.385542e-03 2.578969e-04 
312 7801 6.953452e-02 0 0 1.246669e-03 4.288347e-03 3.823482e-03 3.655366e-03 4.238014e-03 6.771946e-03 3.827529e-03 1.348107e-03 2.590647e-04 
313 7826 6.576914e-02 0 0 1.178928e-03 4.225960e-03 3.675211e-03 3.402061e-03 4.152815e-03 6.588552e-03 3.644470e-03 1.254264e-03 2.426043e-04 
314 7851 6.999310e-02 0 0 1.279243e-03 4.700388e-03 3.980978e-03 3.805465e-03 4.898390e-03 7.033604e-03 3.964595e-03 1.386249e-03 2.518535e-04 
315 7876 7.342821e-02 0 0 1.322064e-03 4.942568e-03 4.114317e-03 3.877804e-03 5.113128e-03 7.566471e-03 4.070771e-03 1.450766e-03 2.554752e-04 
316 7901 7.571322e-02 0 0 1.386000e-03 4.987509e-03 4.114906e-03 4.000782e-03 5.209912e-03 7.770927e-03 4.112626e-03 1.492931e-03 2.603145e-04 
317 7926 7.083291e-02 0 0 1.257901e-03 4.643634e-03 3.771780e-03 3.690285e-03 4.850403e-03 7.229806e-03 3.723147e-03 1.372748e-03 2.372943e-04 
318 7951 6.543812e-02 0 0 1.155303e-03 4.214317e-03 3.443044e-03 3.331584e-03 4.357922e-03 6.658295e-03 3.456474e-03 1.258262e-03 2.136372e-04 
319 7976 6.365587e-02 0 0 1.104431e-03 3.964460e-03 3.355947e-03 3.250468e-03 4.143210e-03 6.287836e-03 3.294118e-03 1.212657e-03 2.036158e-04 
320 8001 5.943459e-02 0 0 1.009303e-03 3.757216e-03 3.154004e-03 3.005958e-03 3.855876e-03 5.992745e-03 3.206056e-03 1.097779e-03 1.947081e-04 
321 8026 5.507304e-02 0 0 9.422702e-04 3.408923e-03 2.908876e-03 2.736255e-03 3.485736e-03 5.388438e-03 2.943285e-03 9.883170e-04 1.800723e-04 
322 8051 5.221441e-02 0 0 9.131108e-04 3.163404e-03 2.693393e-03 2.549567e-03 3.197618e-03 4.956922e-03 2.743296e-03 9.228152e-04 1.666193e-04 
323 8076 4.923451e-02 0 0 8.548856e-04 3.035253e-03 2.688297e-03 2.456844e-03 3.136073e-03 4.614938e-03 2.599137e-03 8.542065e-04 1.586936e-04 
324 8101 4.313707e-02 0 0 7.318316e-04 2.678761e-03 2.301636e-03 2.078228e-03 2.732307e-03 4.066852e-03 2.206251e-03 7.292877e-04 1.381778e-04 
325 8126 4.185927e-02 0 0 6.911775e-04 2.514177e-03 2.151951e-03 1.941015e-03 2.600981e-03 3.870226e-03 2.102531e-03 6.816315e-04 1.289786e-04 
326 8151 4.095315e-02 0 0 6.727651e-04 2.370289e-03 2.142827e-03 1.839049e-03 2.472407e-03 3.652961e-03 2.105060e-03 6.605138e-04 1.251042e-04 
327 8176 4.422442e-02 0 0 7.277404e-04 2.504726e-03 2.462169e-03 2.019022e-03 2.616515e-03 3.907860e-03 2.349521e-03 7.122879e-04 1.375833e-04 
328 8201 4.205990e-02 0 0 7.020478e-04 2.324159e-03 2.433642e-03 1.881868e-03 2.478558e-03 3.694440e-03 2.298528e-03 6.860118e-04 1.288714e-04 
329 8226 4.165818e-02 0 0 7.022655e-04 2.303873e-03 2.339492e-03 1.835427e-03 2.479196e-03 3.708426e-03 2.200651e-03 6.773514e-04 1.257304e-04 
330 8251 4.068823e-02 0 0 6.789179e-04 2.212572e-03 2.347703e-03 1.787841e-03 2.358013e-03 3.653024e-03 2.203012e-03 6.543442e-04 1.240476e-04 
331 8276 4.321607e-02 0 0 7.556487e-04 2.315447e-03 2.497678e-03 1.920241e-03 2.480056e-03 3.834414e-03 2.374070e-03 7.216298e-04 1.305129e-04 
332 8301 4.499067e-02 0 0 8.085735e-04 2.402467e-03 2.720530e-03 2.102274e-03 2.657049e-03 3.902306e-03 2.557292e-03 7.768797e-04 1.319658e-04 
333 8326 4.115220e-02 0 0 7.320611e-04 2.210082e-03 2.511135e-03 1.978524e-03 2.475358e-03 3.501598e-03 2.371043e-03 7.030667e-04 1.280403e-04 
334 8351 4.424170e-02 0 0 7.709429e-04 2.312010e-03 2.710576e-03 2.186812e-03 2.598546e-03 3.752651e-03 2.539286e-03 7.366415e-04 1.357084e-04 
335 8376 4.460515e-02 0 0 7.493605e-04 2.259170e-03 2.665266e-03 2.153374e-03 2.569188e-03 3.650421e-03 2.545632e-03 7.723460e-04 1.334042e-04 
336 8401 3.806842e-02 0 0 6.227065e-04 1.860902e-03 2.224830e-03 1.793140e-03 2.139190e-03 3.018983e-03 2.123814e-03 6.484026e-04 1.181262e-04 
337 8426 3.528507e-02 0 0 5.816939e-04 1.655999e-03 2.022974e-03 1.618592e-03 1.923410e-03 2.683277e-03 1.943102e-03 5.901746e-04 1.072979e-04 
338 8451 3.792521e-02 0 0 6.602983e-04 1.748901e-03 2.192355e-03 1.734812e-03 1.981968e-03 2.822660e-03 2.115520e-03 6.118557e-04 1.116088e-04 
339 8476 3.828688e-02 0 0 6.672280e-04 1.725083e-03 2.229317e-03 1.709654e-03 1.999282e-03 2.825251e-03 2.113910e-03 6.279787e-04 1.107941e-04 
340 8501 3.985290e-02 0 0 7.348014e-04 1.778518e-03 2.337653e-03 1.756234e-03 2.087643e-03 2.937703e-03 2.248308e-03 6.868925e-04 1.152583e-04 
341 8526 3.426028e-02 0 0 6.406299e-04 1.504722e-03 1.991668e-03 1.478388e-03 1.764303e-03 2.492577e-03 1.903347e-03 6.039919e-04 9.491471e-05 
342 8551 3.335026e-02 0 0 6.249058e-04 1.491385e-03 1.885977e-03 1.392598e-03 1.704502e-03 2.447877e-03 1.833731e-03 5.903002e-04 1.013186e-04 
343 8576 3.004610e-02 0 0 5.518549e-04 1.387577e-03 1.665588e-03 1.282183e-03 1.549150e-03 2.252721e-03 1.643830e-03 5.523012e-04 9.572060e-05 
344 8601 3.035637e-02 0 0 5.798937e-04 1.393317e-03 1.744035e-03 1.342859e-03 1.620527e-03 2.209589e-03 1.749395e-03 5.653327e-04 1.007477e-04 
345 8626 2.999505e-02 0 0 5.709076e-04 1.363883e-03 1.776762e-03 1.371921e-03 1.596083e-03 2.168997e-03 1.768954e-03 5.746027e-04 1.009969e-04 
346 8651 3.168217e-02 0 0 6.051528e-04 1.427916e-03 1.843204e-03 1.447659e-03 1.679597e-03 2.297101e-03 1.853575e-03 6.114462e-04 1.108507e-04 
347 8676 3.397217e-02 0 0 6.972733e-04 1.493133e-03 2.103371e-03 1.622547e-03 1.814950e-03 2.382428e-03 2.129490e-03 6.572125e-04 1.172104e-04 
348 8701 3.059827e-02 0 0 6.130792e-04 1.358629e-03 1.867565e-03 1.465172e-03 1.624824e-03 2.232056e-03 1.870896e-03 5.690512e-04 1.039537e-04 
349 8726 2.935402e-02 0 0 5.759966e-04 1.303145e-03 1.757374e-03 1.365783e-03 1.557221e-03 2.147625e-03 1.777750e-03 5.289314e-04 9.627824e-05 
350 8751 3.321886e-02 0 0 6.642636e-04 1.488279e-03 2.003878e-03 1.520445e-03 1.781509e-03 2.396301e-03 2.060361e-03 6.028465e-04 1.130810e-04 
351 8776 3.203868e-02 0 0 6.292719e-04 1.499611e-03 1.875393e-03 1.412598e-03 1.727114e-03 2.425180e-03 1.944490e-03 5.705636e-04 1.135283e-04 
352 8801 3.102255e-02 0 0 6.097637e-04 1.445084e-03 1.841289e-03 1.370248e-03 1.656297e-03 2.322519e-03 1.897742e-03 5.592964e-04 1.084748e-04 
353 8826 3.154688e-02 0 0 6.355390e-04 1.462409e-03 1.905552e-03 1.398851e-03 1.684015e-03 2.355853e-03 1.993269e-03 5.775622e-04 1.094161e-04 
354 8851 2.971380e-02 0 0 5.829943e-04 1.398845e-03 1.748278e-03 1.295426e-03 1.580904e-03 2.281496e-03 1.852966e-03 5.404691e-04 1.006372e-04 
355 8876 2.924391e-02 0 0 5.646827e-04 1.323092e-03 1.702455e-03 1.273441e-03 1.512365e-03 2.178857e-03 1.816575e-03 5.310139e-04 9.919681e-05 
356 8901 3.064430e-02 0 0 5.852317e-04 1.376606e-03 1.759913e-03 1.312185e-03 1.525792e-03 2.343077e-03 1.839051e-03 5.429701e-04 1.026831e-04 
357 8926 3.014639e-02 0 0 6.078819e-04 1.322212e-03 1.760610e-03 1.285478e-03 1.507772e-03 2.281324e-03 1.860691e-03 5.555234e-04 9.833185e-05 
358 8951 2.823940e-02 0 0 5.676352e-04 1.240706e-03 1.703146e-03 1.224238e-03 1.419723e-03 2.078413e-03 1.800347e-03 5.186208e-04 9.071240e-05 
359 8976 3.031345e-02 0 0 6.154924e-04 1.409310e-03 1.847093e-03 1.336564e-03 1.613421e-03 2.277191e-03 1.932218e-03 5.682123e-04 9.574675e-05 
360 9001 3.048919e-02 0 0 6.103506e-04 1.400705e-03 1.826395e-03 1.293774e-03 1.590201e-03 2.306128e-03 1.932880e-03 5.456199e-04 9.454026e-05 
361 9026 3.005109e-02 0 0 5.996122e-04 1.395175e-03 1.775621e-03 1.257402e-03 1.566450e-03 2.328967e-03 1.932562e-03 5.289722e-04 9.669239e-05 
362 9051 2.768116e-02 0 0 5.541575e-04 1.298989e-03 1.628113e-03 1.140237e-03 1.437504e-03 2.160165e-03 1.744855e-03 4.772703e-04 8.777533e-05 
363 9076 2.379365e-02 0 0 4.770578e-04 1.135859e-03 1.373521e-03 9.704433e-04 1.262538e-03 1.863015e-03 1.456043e-03 4.048960e-04 7.442329e-05 
364 9101 2.193997e-02 0 0 4.354559e-04 1.007474e-03 1.264302e-03 8.898680e-04 1.114264e-03 1.674395e-03 1.319767e-03 3.706919e-04 6.728716e-05 
365 9126 2.262830e-02 0 0 4.411132e-04 1.006353e-03 1.290679e-03 9.530253e-04 1.112818e-03 1.674666e-03 1.323301e-03 3.818723e-04 6.724358e-05 
366 9151 2.479924e-02 0 0 4.713622e-04 1.106398e-03 1.394090e-03 1.101362e-03 1.188656e-03 1.853173e-03 1.410782e-03 4.226697e-04 7.342169e-05 
367 9176 2.657014e-02 0 0 4.973695e-04 1.175577e-03 1.481687e-03 1.177034e-03 1.265314e-03 1.930424e-03 1.498977e-03 4.611022e-04 7.704948e-05 
368 9201 3.159247e-02 0 0 5.835815e-04 1.493224e-03 1.731397e-03 1.507771e-03 1.587566e-03 2.236678e-03 1.719248e-03 6.104860e-04 9.011147e-05 
369 9226 3.202026e-02 0 0 5.957476e-04 1.480799e-03 1.729434e-03 1.499830e-03 1.575349e-03 2.199250e-03 1.760623e-03 6.180061e-04 8.746584e-05 
370 9251 3.486397e-02 0 0 6.604415e-04 1.577629e-03 1.856207e-03 1.621736e-03 1.708061e-03 2.429110e-03 1.848233e-03 6.871114e-04 9.337876e-05 
371 9276 3.439861e-02 0 0 6.540830e-04 1.515267e-03 1.892079e-03 1.653589e-03 1.676253e-03 2.356410e-03 1.886010e-03 6.867144e-04 9.060104e-05 
372 9301 3.601118e-02 0 0 6.668258e-04 1.534595e-03 1.969516e-03 1.702441e-03 1.706564e-03 2.396265e-03 1.968383e-03 6.979249e-04 9.554347e-05 
373 9326 3.949068e-02 0 0 7.290351e-04 1.626224e-03 2.091576e-03 1.804033e-03 1.811818e-03 2.564907e-03 2.087686e-03 7.612947e-04 1.048605e-04 
374 9351 4.302072e-02 0 0 7.718629e-04 1.715099e-03 2.217326e-03 1.892667e-03 1.904730e-03 2.720674e-03 2.238912e-03 8.054803e-04 1.173413e-04 
375 9376 4.141590e-02 0 0 7.236101e-04 1.637349e-03 2.099826e-03 1.783097e-03 1.800540e-03 2.618685e-03 2.120753e-03 7.748862e-04 1.121193e-04 
376 9401 3.878639e-02 0 0 6.649845e-04 1.521325e-03 1.881530e-03 1.603070e-03 1.656273e-03 2.452444e-03 1.898909e-03 7.171016e-04 1.028213e-04 
377 9426 3.563029e-02 0 0 5.909878e-04 1.407311e-03 1.681910e-03 1.461053e-03 1.538237e-03 2.315403e-03 1.690002e-03 6.420557e-04 9.512312e-05 
378 9451 3.778908e-02 0 0 6.277973e-04 1.500181e-03 1.855343e-03 1.571481e-03 1.633614e-03 2.465171e-03 1.777215e-03 6.847943e-04 1.060431e-04 
379 9476 3.571239e-02 0 0 5.826874e-04 1.446619e-03 1.755964e-03 1.473415e-03 1.529060e-03 2.350676e-03 1.648582e-03 6.352957e-04 9.847275e-05 
380 9501 3.364578e-02 0 0 5.381440e-04 1.336041e-03 1.590160e-03 1.339557e-03 1.403394e-03 2.176933e-03 1.507009e-03 5.888810e-04 9.107845e-05 
381 9526 3.349306e-02 0 0 5.304250e-04 1.306810e-03 1.577689e-03 1.324908e-03 1.367425e-03 2.143541e-03 1.514435e-03 5.645490e-04 8.801683e-05 
382 9551 3.492908e-02 0 0 5.499143e-04 1.322358e-03 1.616758e-03 1.371535e-03 1.377526e-03 2.241659e-03 1.525392e-03 5.688164e-04 9.255677e-05 
383 9576 3.466933e-02 0 0 5.604717e-04 1.270417e-03 1.593811e-03 1.349317e-03 1.337033e-03 2.168764e-03 1.607836e-03 5.592772e-04 9.295008e-05 
384 9601 3.466949e-02 0 0 5.959306e-04 1.245509e-03 1.602776e-03 1.334126e-03 1.335124e-03 2.106692e-03 1.637160e-03 5.613194e-04 9.400023e-05 
385 9626 3.520038e-02 0 0 6.452051e-04 1.286057e-03 1.687168e-03 1.333517e-03 1.381953e-03 2.141523e-03 1.749491e-03 5.525351e-04 9.244800e-05 
386 9651 3.325674e-02 0 0 6.116947e-04 1.212830e-03 1.562350e-03 1.230009e-03 1.273511e-03 2.075778e-03 1.626228e-03 5.054832e-04 8.605318e-05 
387 9676 3.169101e-02 0 0 5.990700e-04 1.128868e-03 1.524372e-03 1.161358e-03 1.216541e-03 1.958815e-03 1.570731e-03 4.697021e-04 7.928852e-05 
388 9701 3.319780e-02 0 0 6.267545e-04 1.146855e-03 1.590301e-03 1.222352e-03 1.247319e-03 2.040947e-03 1.615999e-03 4.898591e-04 8.276008e-05 
389 9726 3.090989e-02 0 0 5.961363e-04 1.061621e-03 1.446634e-03 1.121494e-03 1.155090e-03 1.916644e-03 1.502724e-03 4.412180e-04 7.633556e-05 
390 9751 2.764299e-02 0 0 5.168668e-04 9.303771e-04 1.287969e-03 1.010514e-03 1.025320e-03 1.692013e-03 1.312689e-03 3.954866e-04 6.599867e-05 
391 9776 2.892576e-02 0 0 5.404599e-04 9.596659e-04 1.324381e-03 1.060243e-03 1.047863e-03 1.700514e-03 1.354389e-03 4.362199e-04 6.721404e-05 
392 9801 3.323434e-02 0 0 6.293739e-04 1.174354e-03 1.630933e-03 1.242476e-03 1.259515e-03 2.033910e-03 1.623489e-03 5.034040e-04 8.256616e-05 
393 9826 3.530533e-02 0 0 7.242326e-04 1.296564e-03 1.798698e-03 1.354941e-03 1.482483e-03 2.175714e-03 1.766252e-03 5.578393e-04 8.668161e-05 
394 9851 3.524534e-02 0 0 7.243212e-04 1.292719e-03 1.766740e-03 1.325596e-03 1.471678e-03 2.146160e-03 1.740559e-03 5.492966e-04 8.800695e-05 
395 9876 3.287038e-02 0 0 6.913923e-04 1.205648e-03 1.687614e-03 1.209483e-03 1.391397e-03 2.050986e-03 1.648431e-03 5.007651e-04 8.617725e-05 
396 9901 3.162991e-02 0 0 6.517357e-04 1.164431e-03 1.630535e-03 1.170366e-03 1.340922e-03 1.961740e-03 1.562413e-03 4.791837e-04 8.198271e-05 
397 9926 3.127603e-02 0 0 6.689841e-04 1.145341e-03 1.639210e-03 1.153860e-03 1.317754e-03 1.961046e-03 1.583062e-03 4.719699e-04 8.212891e-05 
398 9951 3.123525e-02 0 0 6.625110e-04 1.150632e-03 1.581605e-03 1.106721e-03 1.315652e-03 1.963568e-03 1.530554e-03 4.741442e-04 8.755234e-05 
399 9976 3.023798e-02 0 0 6.289592e-04 1.076125e-03 1.501633e-03 1.054843e-03 1.228340e-03 1.884436e-03 1.452542e-03 4.518605e-04 8.435237e-05 
400 10001 2.794267e-02 0 0 5.721217e-04 1.043156e-03 1.359221e-03 9.832100e-04 1.176044e-03 1.757982e-03 1.346699e-03 4.251748e-04 7.650025e-05 
401 10026 2.564809e-02 0 0 5.070843e-04 9.426486e-04 1.199568e-03 8.732882e-04 1.058217e-03 1.621487e-03 1.192568e-03 3.750785e-04 6.784676e-05 
402 10051 2.327175e-02 0 0 4.551707e-04 8.353122e-04 1.085376e-03 7.902447e-04 9.572614e-04 1.425170e-03 1.084931e-03 3.316281e-04 6.232765e-05 
403 10076 2.175316e-02 0 0 4.168907e-04 7.646970e-04 1.021487e-03 7.244907e-04 8.788643e-04 1.286669e-03 1.018729e-03 3.059858e-04 5.709518e-05 
404 10101 2.304879e-02 0 0 4.778152e-04 7.991470e-04 1.123014e-03 7.584400e-04 9.523001e-04 1.335488e-03 1.101767e-03 3.187231e-04 5.845442e-05 
405 10126 2.280030e-02 0 0 4.638636e-04 8.257068e-04 1.102058e-03 7.646448e-04 9.744813e-04 1.339904e-03 1.063382e-03 3.236720e-04 5.857409e-05 
406 10151 2.334240e-02 0 0 4.978520e-04 8.748251e-04 1.149657e-03 8.016408e-04 1.087945e-03 1.406064e-03 1.076873e-03 3.448627e-04 5.933474e-05 
407 10176 2.364698e-02 0 0 4.952886e-04 8.963883e-04 1.144432e-03 8.339540e-04 1.130854e-03 1.376116e-03 1.050087e-03 3.550211e-04 5.918869e-05 
408 10201 2.213170e-02 0 0 4.669562e-04 8.264658e-04 1.104323e-03 7.988012e-04 1.061491e-03 1.242554e-03 1.005622e-03 3.349757e-04 5.397657e-05 
409 10226 2.354118e-02 0 0 4.921834e-04 8.730267e-04 1.145031e-03 8.336400e-04 1.114417e-03 1.302313e-03 1.055992e-03 3.527429e-04 5.596144e-05 
410 10251 2.230961e-02 0 0 4.666126e-04 8.133807e-04 1.081948e-03 7.809132e-04 1.057248e-03 1.227459e-03 9.650695e-04 3.356953e-04 5.270482e-05 
411 10276 2.088638e-02 0 0 4.296333e-04 7.640480e-04 9.885855e-04 7.117870e-04 9.908265e-04 1.186822e-03 8.896590e-04 3.075915e-04 4.728117e-05 
412 10301 1.830659e-02 0 0 3.676769e-04 6.487822e-04 8.413969e-04 6.072714e-04 8.455321e-04 1.019745e-03 7.832605e-04 2.606381e-04 4.093363e-05 
413 10326 1.623119e-02 0 0 3.156442e-04 5.763252e-04 7.347028e-04 5.355230e-04 7.469259e-04 8.892263e-04 6.781274e-04 2.275388e-04 3.547418e-05 
414 10351 1.599115e-02 0 0 3.254230e-04 6.018923e-04 7.473901e-04 5.279927e-04 7.792107e-04 9.422553e-04 7.025632e-04 2.238177e-04 3.497640e-05 
415 10376 1.671526e-02 0 0 3.351633e-04 6.462467e-04 7.594907e-04 5.335566e-04 8.256992e-04 1.009321e-03 7.220890e-04 2.286313e-04 3.652103e-05 
416 10401 1.828889e-02 0 0 3.542549e-04 6.798910e-04 8.097835e-04 5.582827e-04 8.638506e-04 1.070894e-03 8.013695e-04 2.413226e-04 3.983109e-05 
417 10426 1.878883e-02 0 0 3.539089e-04 6.742713e-04 8.196836e-04 5.567641e-04 8.607118e-04 1.062670e-03 8.055457e-04 2.405385e-04 4.074841e-05 
418 10451 2.002344e-02 0 0 3.670743e-04 7.358777e-04 8.475326e-04 5.734482e-04 9.097110e-04 1.173627e-03 8.232370e-04 2.468296e-04 4.476393e-05 
419 10476 2.220608e-02 0 0 3.941111e-04 7.996165e-04 9.093371e-04 6.276650e-04 9.758572e-04 1.299174e-03 8.827244e-04 2.637995e-04 4.997050e-05 
420 10501 2.312656e-02 0 0 4.044483e-04 8.442903e-04 9.437531e-04 6.672389e-04 1.017719e-03 1.335911e-03 9.152396e-04 2.792751e-04 5.092158e-05 
421 10526 2.160919e-02 0 0 3.647818e-04 7.783063e-04 8.630591e-04 6.252998e-04 9.316859e-04 1.219418e-03 8.450475e-04 2.535582e-04 4.814118e-05 
422 10551 2.106312e-02 0 0 3.474786e-04 7.479008e-04 8.330114e-04 5.994197e-04 8.955210e-04 1.167466e-03 8.056702e-04 2.448955e-04 4.540849e-05 
423 10576 1.902723e-02 0 0 3.054801e-04 6.743601e-04 7.466044e-04 5.330121e-04 8.097454e-04 1.036950e-03 7.102752e-04 2.196579e-04 4.147114e-05 
424 10601 1.851194e-02 0 0 2.955631e-04 6.440485e-04 7.028518e-04 5.083211e-04 7.652708e-04 9.863840e-04 6.783286e-04 2.127045e-04 4.139511e-05 
425 10626 1.832412e-02 0 0 2.874334e-04 6.460426e-04 6.742319e-04 4.903628e-04 7.524846e-04 1.007156e-03 6.546231e-04 2.160863e-04 4.101001e-05 
426 10651 1.875795e-02 0 0 3.290097e-04 6.599453e-04 7.297973e-04 4.997849e-04 7.977230e-04 1.050446e-03 7.103149e-04 2.280599e-04 4.254409e-05 
427 10676 1.780711e-02 0 0 3.123048e-04 6.284249e-04 7.029513e-04 4.693345e-04 7.612666e-04 1.017666e-03 6.651364e-04 2.129207e-04 3.962991e-05 
428 10701 1.770593e-02 0 0 3.031201e-04 6.273496e-04 6.944883e-04 4.809263e-04 7.495735e-04 1.001158e-03 6.386628e-04 2.211445e-04 3.824597e-05 
429 10726 1.542982e-02 0 0 2.604326e-04 5.531891e-04 5.881411e-04 4.144448e-04 6.585913e-04 8.825961e-04 5.371353e-04 1.908586e-04 3.558733e-05 
430 10751 1.574568e-02 0 0 2.669937e-04 5.738934e-04 5.916412e-04 4.078842e-04 6.617302e-04 9.236538e-04 5.498175e-04 1.908807e-04 3.607444e-05 
431 10776 1.390633e-02 0 0 2.319446e-04 4.944613e-04 5.294390e-04 3.600932e-04 5.701981e-04 8.030636e-04 4.841662e-04 1.641718e-04 3.175254e-05 
432 10801 1.454418e-02 0 0 2.457513e-04 5.567121e-04 5.656012e-04 3.932459e-04 6.316425e-04 8.468089e-04 5.122499e-04 1.761837e-04 3.357220e-05 
433 10826 1.475458e-02 0 0 2.475512e-04 5.503699e-04 5.702879e-04 3.963892e-04 6.261642e-04 8.498011e-04 5.135088e-04 1.757067e-04 3.364284e-05 
434 10851 1.559040e-02 0 0 2.666930e-04 5.678745e-04 6.143046e-04 4.124017e-04 6.483965e-04 9.057402e-04 5.545686e-04 1.799806e-04 3.447732e-05 
435 10876 1.422824e-02 0 0 2.423451e-04 5.185580e-04 5.412005e-04 3.636941e-04 5.886278e-04 8.474394e-04 4.866951e-04 1.603931e-04 3.136502e-05 
436 10901 1.579992e-02 0 0 2.672711e-04 5.701575e-04 5.855349e-04 4.044467e-04 6.542869e-04 9.603964e-04 5.329789e-04 1.808671e-04 3.541636e-05 
437 10926 1.554016e-02 0 0 2.660673e-04 5.539405e-04 5.678614e-04 3.939950e-04 6.278779e-04 9.598940e-04 5.203267e-04 1.769100e-04 3.478174e-05 
438 10951 1.661432e-02 0 0 2.860423e-04 5.798133e-04 6.048388e-04 4.180975e-04 6.715360e-04 1.015423e-03 5.389193e-04 1.866032e-04 3.663257e-05 
439 10976 1.735470e-02 0 0 2.999957e-04 5.909304e-04 6.278618e-04 4.283382e-04 6.821606e-04 1.047032e-03 5.539132e-04 1.911453e-04 3.946032e-05 
440 11001 1.774284e-02 0 0 3.083873e-04 6.362268e-04 6.649289e-04 4.478975e-04 7.272273e-04 1.092637e-03 5.803820e-04 1.949559e-04 3.936016e-05 
441 11026 2.188286e-02 0 0 3.716815e-04 7.981622e-04 8.033082e-04 5.452269e-04 8.953059e-04 1.386477e-03 7.268927e-04 2.413472e-04 4.824252e-05 
442 11051 2.034227e-02 0 0 3.419524e-04 7.750271e-04 7.420474e-04 5.035148e-04 8.542398e-04 1.309222e-03 6.621848e-04 2.294147e-04 4.361949e-05 
443 11076 1.953008e-02 0 0 3.295841e-04 7.159510e-04 7.034330e-04 4.736765e-04 7.924226e-04 1.199152e-03 6.411591e-04 2.144646e-04 4.319764e-05 
444 11101 2.086743e-02 0 0 3.454658e-04 7.656486e-04 7.397247e-04 4.850721e-04 8.179220e-04 1.278146e-03 6.771614e-04 2.209859e-04 4.480283e-05 
445 11126 2.011636e-02 0 0 3.312470e-04 7.259890e-04 7.005050e-04 4.536744e-04 7.749678e-04 1.222138e-03 6.439242e-04 2.076444e-04 4.220228e-05 
446 11151 1.831725e-02 0 0 2.993489e-04 6.678301e-04 6.425081e-04 4.019648e-04 6.820130e-04 1.088325e-03 5.706776e-04 1.925171e-04 3.954391e-05 
447 11176 1.871585e-02 0 0 3.103661e-04 7.163304e-04 6.612575e-04 4.042630e-04 7.011708e-04 1.165809e-03 5.853179e-04 1.983696e-04 4.060445e-05 
448 11201 1.608745e-02 0 0 2.646672e-04 6.267632e-04 5.655252e-04 3.415948e-04 6.127884e-04 1.018293e-03 4.881833e-04 1.712984e-04 3.486359e-05 
449 11226 1.486078e-02 0 0 2.421820e-04 5.765196e-04 5.125123e-04 3.086375e-04 5.633689e-04 9.283511e-04 4.409537e-04 1.541984e-04 3.253838e-05 
450 11251 1.405890e-02 0 0 2.314514e-04 5.637694e-04 4.977021e-04 3.019266e-04 5.648608e-04 8.794528e-04 4.126578e-04 1.536938e-04 3.225809e-05 
451 11276 1.520155e-02 0 0 2.575083e-04 6.082426e-04 5.385327e-04 3.172044e-04 5.913359e-04 9.399518e-04 4.439894e-04 1.660839e-04 3.536836e-05 
452 11301 1.634835e-02 0 0 2.806671e-04 6.295850e-04 5.794103e-04 3.315041e-04 6.180466e-04 9.758578e-04 4.792909e-04 1.736730e-04 3.735327e-05 
453 11326 1.657141e-02 0 0 2.768670e-04 6.590565e-04 5.799197e-04 3.418223e-04 6.296353e-04 1.003722e-03 4.796524e-04 1.838720e-04 3.766515e-05 
454 11351 1.696977e-02 0 0 2.819894e-04 6.586031e-04 5.948020e-04 3.520607e-04 6.309912e-04 1.011835e-03 4.865990e-04 1.926445e-04 3.764568e-05 
455 11376 1.911301e-02 0 0 3.195900e-04 7.303570e-04 6.605802e-04 3.855781e-04 7.165387e-04 1.131516e-03 5.322042e-04 2.132475e-04 4.267009e-05 
456 11401 1.929312e-02 0 0 3.176124e-04 7.386421e-04 6.442247e-04 3.906665e-04 7.203008e-04 1.130367e-03 5.259489e-04 2.221915e-04 4.354389e-05 
457 11426 1.912580e-02 0 0 3.195762e-04 7.196600e-04 6.355044e-04 3.793483e-04 6.982508e-04 1.102536e-03 5.288974e-04 2.175400e-04 4.231181e-05 
458 11451 2.053036e-02 0 0 3.429195e-04 7.632585e-04 6.697161e-04 4.021501e-04 7.237881e-04 1.156726e-03 5.762582e-04 2.344791e-04 4.744966e-05 
459 11476 1.954478e-02 0 0 3.215106e-04 7.008898e-04 6.257549e-04 3.780621e-04 6.616128e-04 1.072774e-03 5.448375e-04 2.170094e-04 4.376710e-05 
460 11501 1.979623e-02 0 0 3.216213e-04 6.885775e-04 6.321087e-04 3.796438e-04 6.527920e-04 1.060204e-03 5.707467e-04 2.180869e-04 4.398496e-05 
461 11526 2.070225e-02 0 0 3.381250e-04 7.080727e-04 6.622761e-04 4.006300e-04 6.632290e-04 1.093810e-03 5.956560e-04 2.303746e-04 4.675747e-05 
462 11551 1.902733e-02 0 0 3.030638e-04 6.376141e-04 5.879900e-04 3.528149e-04 5.886869e-04 9.741591e-04 5.293522e-04 2.034323e-04 4.313866e-05 
463 11576 1.875709e-02 0 0 2.911811e-04 6.269548e-04 5.656788e-04 3.403713e-04 5.757169e-04 9.585988e-04 5.101286e-04 2.003045e-04 4.286587e-05 
464 11601 1.973696e-02 0 0 2.976950e-04 6.609041e-04 5.820070e-04 3.547200e-04 6.022589e-04 9.924180e-04 5.528391e-04 2.050241e-04 4.425565e-05 
465 11626 2.010349e-02 0 0 2.996166e-04 6.807672e-04 5.987131e-04 3.853150e-04 6.133840e-04 9.871101e-04 5.548163e-04 2.172359e-04 4.468850e-05 
466 11651 2.038214e-02 0 0 3.222805e-04 6.970547e-04 6.090585e-04 3.847722e-04 6.439457e-04 1.068275e-03 6.047797e-04 2.183364e-04 4.457827e-05 
467 11676 2.126980e-02 0 0 3.652579e-04 7.400818e-04 6.965634e-04 3.899329e-04 6.727413e-04 1.103217e-03 7.124687e-04 2.210173e-04 4.685772e-05 
468 11701 1.979982e-02 0 0 3.456031e-04 6.773849e-04 6.772580e-04 3.577836e-04 6.045055e-04 1.007623e-03 6.934795e-04 1.995168e-04 4.320668e-05 
469 11726 1.883597e-02 0 0 3.225038e-04 6.284338e-04 6.304405e-04 3.319636e-04 5.560056e-04 9.337252e-04 6.432071e-04 1.871301e-04 4.102045e-05 
470 11751 2.005179e-02 0 0 3.422140e-04 6.486924e-04 6.687463e-04 3.481167e-04 5.727534e-04 9.610098e-04 6.661294e-04 1.925542e-04 4.272539e-05 
471 11776 2.026835e-02 0 0 3.388249e-04 6.432886e-04 6.643132e-04 3.594520e-04 5.756022e-04 9.597235e-04 6.622071e-04 1.979663e-04 4.309514e-05 
472 11801 1.937166e-02 0 0 3.208837e-04 6.178036e-04 6.264963e-04 3.403224e-04 5.560366e-04 9.157662e-04 6.301383e-04 1.960646e-04 4.214893e-05 
473 11826 1.837655e-02 0 0 2.989000e-04 5.773893e-04 5.821596e-04 3.231461e-04 5.213692e-04 8.625209e-04 5.847714e-04 1.835451e-04 3.947300e-05 
474 11851 1.885743e-02 0 0 3.125043e-04 6.232307e-04 5.998361e-04 3.279389e-04 5.386648e-04 8.817451e-04 5.951730e-04 1.801969e-04 3.929016e-05 
475 11876 2.094348e-02 0 0 3.443863e-04 6.901148e-04 6.714566e-04 3.629884e-04 5.925551e-04 9.818743e-04 6.829864e-04 2.005364e-04 4.326776e-05 
476 11901 2.212641e-02 0 0 3.512992e-04 7.679842e-04 6.991789e-04 4.134460e-04 6.697908e-04 1.070651e-03 6.985173e-04 2.117982e-04 4.593188e-05 
477 11926 2.200290e-02 0 0 3.444946e-04 7.562974e-04 6.993983e-04 4.227585e-04 6.549340e-04 1.048011e-03 7.170070e-04 2.119038e-04 4.529900e-05 
478 11951 2.286443e-02 0 0 3.740955e-04 7.777287e-04 7.514916e-04 4.476196e-04 6.689485e-04 1.063629e-03 7.606779e-04 2.297818e-04 4.700244e-05 
479 11976 2.126672e-02 0 0 3.502932e-04 7.146813e-04 7.009254e-04 4.220053e-04 6.220427e-04 9.799111e-04 7.120396e-04 2.177469e-04 4.220016e-05 
480 12001 1.931006e-02 0 0 3.115624e-04 6.332491e-04 6.259508e-04 3.736572e-04 5.467489e-04 8.850370e-04 6.614384e-04 1.948091e-04 3.678042e-05 
481 12026 1.937825e-02 0 0 3.016128e-04 6.336391e-04 6.128280e-04 3.755425e-04 5.467438e-04 8.921537e-04 6.470727e-04 1.913318e-04 3.682712e-05 
482 12051 1.835374e-02 0 0 2.880005e-04 5.999412e-04 5.717917e-04 3.561468e-04 5.179720e-04 8.670577e-04 6.069557e-04 1.802075e-04 3.478116e-05 
483 12076 1.880446e-02 0 0 2.904041e-04 6.067488e-04 5.735080e-04 3.545888e-04 5.418642e-04 8.986537e-04 6.048408e-04 1.798325e-04 3.492497e-05 
484 12101 1.837879e-02 0 0 2.835141e-04 5.927075e-04 5.508755e-04 3.324201e-04 5.225046e-04 8.903379e-04 5.891446e-04 1.686847e-04 3.325070e-05 
485 12126 1.729754e-02 0 0 2.607763e-04 5.677929e-04 5.041145e-04 3.056408e-04 5.140731e-04 8.582040e-04 5.462484e-04 1.548316e-04 3.067818e-05 
486 12151 1.622818e-02 0 0 2.502395e-04 5.357392e-04 4.693488e-04 2.805941e-04 4.773484e-04 8.236817e-04 5.166651e-04 1.479691e-04 2.920401e-05 
487 12176 1.453825e-02 0 0 2.161414e-04 4.784273e-04 4.067897e-04 2.432308e-04 4.308760e-04 7.413964e-04 4.468082e-04 1.283586e-04 2.576374e-05 
488 12201 1.416543e-02 0 0 2.036360e-04 4.592067e-04 3.845848e-04 2.377577e-04 4.066846e-04 6.968628e-04 4.361227e-04 1.237833e-04 2.512380e-05 
489 12226 1.748885e-02 0 0 2.486598e-04 5.653031e-04 4.665020e-04 2.906308e-04 5.056877e-04 8.550761e-04 5.649011e-04 1.521326e-04 3.075220e-05 
490 12251 1.683131e-02 0 0 2.481519e-04 5.219709e-04 4.413420e-04 2.727198e-04 4.660905e-04 7.917084e-04 5.678831e-04 1.479551e-04 2.974252e-05 
491 12276 1.921835e-02 0 0 2.884250e-04 6.086235e-04 5.066216e-04 3.091120e-04 5.442553e-04 9.586917e-04 6.295476e-04 1.643372e-04 3.530384e-05 
492 12301 2.002399e-02 0 0 3.054981e-04 6.399919e-04 5.438829e-04 3.190101e-04 5.607890e-04 9.955764e-04 6.854171e-04 1.646293e-04 3.573815e-05 
493 12326 2.039021e-02 0 0 3.107781e-04 6.882920e-04 5.362177e-04 3.393701e-04 5.786310e-04 9.957147e-04 6.968650e-04 1.686925e-04 3.689917e-05 
494 12351 2.055581e-02 0 0 3.128450e-04 6.710582e-04 5.314429e-04 3.445307e-04 5.606960e-04 9.706016e-04 7.246945e-04 1.824277e-04 3.639890e-05 
495 12376 2.132983e-02 0 0 3.213478e-04 7.036119e-04 5.414973e-04 3.580836e-04 5.895556e-04 1.010698e-03 7.370463e-04 1.838253e-04 3.703526e-05 
496 12401 2.234574e-02 0 0 3.373194e-04 8.072915e-04 5.603450e-04 3.882468e-04 6.328634e-04 1.084038e-03 7.560010e-04 1.965941e-04 3.764293e-05 
497 12426 2.252989e-02 0 0 3.446303e-04 8.075110e-04 5.596505e-04 3.866556e-04 6.340492e-04 1.067934e-03 7.556722e-04 1.982413e-04 3.728556e-05 
498 12451 2.077229e-02 0 0 3.156965e-04 7.207216e-04 5.138446e-04 3.609774e-04 5.654373e-04 9.582097e-04 6.871134e-04 1.836323e-04 3.382182e-05 
499 12476 2.014340e-02 0 0 2.974921e-04 6.907358e-04 4.922826e-04 3.677005e-04 5.430819e-04 9.280988e-04 6.773598e-04 1.936028e-04 3.282842e-05 
500 12501 2.364518e-02 0 0 3.454791e-04 8.075546e-04 5.731157e-04 4.277723e-04 6.299655e-04 1.066856e-03 7.781540e-04 2.225963e-04 3.812441e-05 
501 12526 2.912850e-02 0 0 4.378571e-04 9.679504e-04 7.144198e-04 5.362379e-04 7.747612e-04 1.284605e-03 9.397367e-04 2.796085e-04 4.628229e-05 
502 12551 3.109166e-02 0 0 4.480000e-04 1.060751e-03 7.480478e-04 5.593108e-04 8.549306e-04 1.436526e-03 9.727132e-04 2.955182e-04 4.914411e-05 
503 12576 2.899666e-02 0 0 4.275205e-04 9.950164e-04 6.967168e-04 5.367582e-04 7.752515e-04 1.327074e-03 8.858276e-04 2.768775e-04 4.618810e-05 
504 12601 2.955873e-02 0 0 4.309808e-04 1.013819e-03 7.044802e-04 5.397831e-04 8.040917e-04 1.369827e-03 8.741088e-04 2.867131e-04 4.695084e-05 
505 12626 3.220784e-02 0 0 4.593468e-04 1.092392e-03 7.745704e-04 6.298958e-04 8.737235e-04 1.461591e-03 9.380618e-04 3.437773e-04 4.956757e-05 
506 12651 3.171698e-02 0 0 4.546068e-04 1.080542e-03 7.751839e-04 6.363152e-04 8.736351e-04 1.420780e-03 9.399838e-04 3.417738e-04 4.944322e-05 
507 12676 3.509569e-02 0 0 5.131647e-04 1.191637e-03 8.767103e-04 6.818610e-04 9.691552e-04 1.589332e-03 1.025687e-03 3.712262e-04 6.208362e-05 
508 12701 3.785832e-02 0 0 5.437231e-04 1.288958e-03 9.324720e-04 7.129819e-04 1.041337e-03 1.698130e-03 1.088236e-03 3.924986e-04 7.152016e-05 
509 12726 4.486147e-02 0 0 6.511025e-04 1.577934e-03 1.100470e-03 8.566222e-04 1.238400e-03 2.029447e-03 1.317475e-03 4.745599e-04 8.623199e-05 
510 12751 4.658860e-02 0 0 7.305201e-04 1.610631e-03 1.238568e-03 8.789906e-04 1.283946e-03 2.072277e-03 1.356489e-03 4.902915e-04 9.548896e-05 
511 12776 5.176568e-02 0 0 8.222209e-04 1.799703e-03 1.401540e-03 9.738428e-04 1.457549e-03 2.339529e-03 1.488251e-03 5.316834e-04 1.126741e-04 
512 12801 4.642318e-02 0 0 7.241248e-04 1.689116e-03 1.235067e-03 8.721581e-04 1.384844e-03 2.212497e-03 1.288854e-03 4.931212e-04 9.965938e-05 
513 12826 4.563669e-02 0 0 7.140660e-04 1.617309e-03 1.230548e-03 8.850224e-04 1.333749e-03 2.098812e-03 1.270436e-03 4.944689e-04 9.806195e-05 
514 12851 5.216372e-02 0 0 8.227104e-04 1.842965e-03 1.417587e-03 9.929264e-04 1.499162e-03 2.400088e-03 1.522494e-03 5.520700e-04 1.116566e-04 
515 12876 5.239736e-02 0 0 8.328194e-04 1.842524e-03 1.409304e-03 9.781224e-04 1.479383e-03 2.377057e-03 1.484128e-03 5.366947e-04 1.124480e-04 
516 12901 5.251397e-02 0 0 8.233469e-04 1.811643e-03 1.376617e-03 9.534135e-04 1.461846e-03 2.330174e-03 1.556202e-03 5.294555e-04 1.177183e-04 
517 12926 4.811698e-02 0 0 7.306797e-04 1.627993e-03 1.236630e-03 8.609925e-04 1.331392e-03 2.133198e-03 1.390795e-03 4.785632e-04 1.046725e-04 
518 12951 4.242030e-02 0 0 6.368310e-04 1.394482e-03 1.081236e-03 7.687868e-04 1.140505e-03 1.820643e-03 1.203763e-03 4.254671e-04 8.966552e-05 
519 12976 4.557452e-02 0 0 7.088767e-04 1.477227e-03 1.203942e-03 8.578767e-04 1.195507e-03 1.926115e-03 1.268988e-03 4.706930e-04 9.922612e-05 
520 13001 4.426302e-02 0 0 6.892955e-04 1.403753e-03 1.170674e-03 8.617865e-04 1.163345e-03 1.844999e-03 1.232464e-03 4.861502e-04 9.262756e-05 
521 13026 4.183454e-02 0 0 6.560586e-04 1.306312e-03 1.138936e-03 8.046590e-04 1.068734e-03 1.722252e-03 1.218714e-03 4.443541e-04 8.636671e-05 
522 13051 4.473107e-02 0 0 6.914979e-04 1.352290e-03 1.193745e-03 8.382659e-04 1.110165e-03 1.787262e-03 1.284905e-03 4.695353e-04 8.905223e-05 
523 13076 4.138148e-02 0 0 6.217180e-04 1.258646e-03 1.076206e-03 7.546620e-04 1.023892e-03 1.671206e-03 1.140440e-03 4.236715e-04 8.226361e-05 
524 13101 4.235981e-02 0 0 6.475853e-04 1.251951e-03 1.118321e-03 7.495073e-04 1.013713e-03 1.666525e-03 1.293340e-03 4.266736e-04 8.454566e-05 
525 13126 4.174362e-02 0 0 6.431553e-04 1.188403e-03 1.116194e-03 7.151470e-04 9.653904e-04 1.589988e-03 1.282892e-03 4.160795e-04 8.270438e-05 
526 13151 4.120045e-02 0 0 6.336193e-04 1.131256e-03 1.096724e-03 6.868800e-04 9.184758e-04 1.519698e-03 1.281799e-03 4.044087e-04 8.123559e-05 
527 13176 4.651724e-02 0 0 7.059624e-04 1.230602e-03 1.229882e-03 8.037080e-04 1.007431e-03 1.709786e-03 1.453602e-03 4.528358e-04 9.091269e-05 
528 13201 4.553425e-02 0 0 6.860450e-04 1.182835e-03 1.204345e-03 8.346437e-04 9.799712e-04 1.647728e-03 1.426547e-03 4.422347e-04 8.954969e-05 
529 13226 4.333684e-02 0 0 6.410470e-04 1.077593e-03 1.132231e-03 8.184487e-04 9.038097e-04 1.556983e-03 1.369742e-03 4.194307e-04 8.343698e-05 
530 13251 4.070813e-02 0 0 5.927140e-04 1.011749e-03 1.044920e-03 7.899600e-04 8.436446e-04 1.474969e-03 1.257595e-03 3.913484e-04 7.563945e-05 
531 13276 3.949171e-02 0 0 5.979059e-04 1.031681e-03 1.035862e-03 7.664475e-04 8.241746e-04 1.422882e-03 1.205751e-03 3.658021e-04 7.314632e-05 
532 13301 4.414432e-02 0 0 7.067566e-04 1.187421e-03 1.210177e-03 8.441447e-04 8.961161e-04 1.593482e-03 1.391532e-03 3.997931e-04 8.208838e-05 
533 13326 5.332744e-02 0 0 8.714199e-04 1.465576e-03 1.476540e-03 1.057900e-03 1.079823e-03 1.870069e-03 1.737430e-03 5.347226e-04 9.700153e-05 
534 13351 5.921232e-02 0 0 9.940505e-04 1.646344e-03 1.728500e-03 1.187367e-03 1.202594e-03 2.111004e-03 2.016675e-03 5.970701e-04 1.069195e-04 
