%  columns="iteration, evaluation, sigma, axis ratio, bestever, best, median, worst fitness function value, further objective values of best" (startseed=211712, 2015/08/21 18:49:6.13)
1 26 1.165885e+02 3.755994e+02  1.039064020078928792e+02  1.039064020078928792e+02  5.605841988663043022e+09  6.710320522689644134e+19
2 51 1.131001e+02 3.883775e+02  3.198813496236130050e+01  3.198813496236130050e+01  1.236744077743124848e+02  3.313925393394766643e+19
3 76 1.179306e+02 4.027536e+02  3.198813496236130050e+01  1.225094562159118254e+02  1.237020884710375697e+02  6.203002686033309696e+19
4 101 1.316503e+02 4.200140e+02  3.198813496236130050e+01  1.192782004653193439e+02  1.236293978098615440e+02  1.549160243858822758e+19
5 126 1.411381e+02 4.412502e+02  3.198813496236130050e+01  9.558497342790909101e+01  1.236775925685840605e+02  1.425059521225865600e+16
6 151 1.406352e+02 4.427376e+02  3.198813496236130050e+01  1.234328614451609241e+02  1.236841546513650201e+02  3.414900827924182892e+10
7 176 1.182778e+02 4.370247e+02  3.198813496236130050e+01  1.233960848234567464e+02  2.125565414141218810e+02  1.676239703913234472e+09
8 201 1.108830e+02 4.346957e+02  3.198813496236130050e+01  1.233541463710631803e+02  2.448501762369802687e+06  6.476276338186598206e+10
9 226 1.048706e+02 4.260113e+02  3.198813496236130050e+01  1.234394240748625577e+02  1.414108642292914679e+06  3.213747755864496231e+09
10 251 1.045546e+02 4.146289e+02  3.198813496236130050e+01  1.199497667764243261e+02  8.751323532003129367e+05  5.000348324309541702e+09
11 276 9.975212e+01 4.307013e+02  3.198813496236130050e+01  1.235454538557568327e+02  2.814573172568707727e+06  6.059313282350096130e+10
12 301 9.185619e+01 4.247937e+02  3.198813496236130050e+01  9.623700557944010825e+01  1.237037141839437595e+02  3.080969364244900346e+08
13 326 8.962467e+01 4.260943e+02  3.198813496236130050e+01  1.235547113274220408e+02  1.236874803026900906e+02  1.494987822554421425e+07
14 351 8.723186e+01 4.282175e+02  3.198813496236130050e+01  8.993395562191477666e+01  1.777591918515870566e+04  7.574836729234932922e+06
15 376 8.525529e+01 4.398868e+02  3.198813496236130050e+01  5.457442175904031245e+01  1.236954642462796556e+02  3.920651541660850495e+07
16 401 7.694722e+01 4.298335e+02  3.198813496236130050e+01  5.427586961042015190e+01  1.237033636077335643e+02  9.879466736769063398e+06
17 426 7.242040e+01 4.345559e+02  3.198813496236130050e+01  4.812005330380710433e+01  1.522016363520335290e+05  1.140958959845428541e+07
18 451 7.303863e+01 4.256786e+02  2.960817688756674571e+01  2.960817688756674571e+01  1.735477154106404851e+04  4.114137874584949110e+06
19 476 7.037405e+01 4.168750e+02  2.960817688756674571e+01  3.005596029164123806e+01  1.237037142983850515e+02  2.556196675357124303e+06
20 501 6.449978e+01 4.284542e+02  2.960817688756674571e+01  8.699898064516587226e+01  2.997405990119090802e+03  5.119755069802734652e+05
21 526 6.404905e+01 4.501414e+02  2.960817688756674571e+01  4.444073403889951379e+01  1.237037145943145617e+02  1.021639338381403591e+06
22 551 7.158035e+01 4.418091e+02  2.960817688756674571e+01  3.600306978723472184e+01  1.236977723810781811e+02  1.484931531223722035e+06
23 576 6.469814e+01 4.459218e+02  2.960817688756674571e+01  3.069942075088238909e+01  1.237028382059414042e+02  1.181335319251331093e+05
24 601 6.068506e+01 4.388854e+02  2.960817688756674571e+01  5.905646274762796111e+01  1.237015476527916604e+02  5.892213346720200032e+06
25 626 5.389001e+01 4.357823e+02  2.867271880576729259e+01  2.867271880576729259e+01  1.236943092265177455e+02  6.048418642253571306e+04
26 651 5.585490e+01 4.782752e+02  2.867271880576729259e+01  7.324668146986365969e+01  1.236920524163009247e+02  5.965175504000672663e+04
27 676 4.982254e+01 4.802922e+02  2.654847839393688602e+01  2.654847839393688602e+01  1.236992970779688363e+02  1.856834533893597472e+04
28 701 4.659387e+01 4.734161e+02  2.654847839393688602e+01  9.209800349686852883e+01  1.237029370725879573e+02  5.159103724391866854e+04
29 726 4.727266e+01 4.765656e+02  2.654847839393688602e+01  2.894648258057070933e+01  1.231547951904906313e+02  1.463138506202441704e+03
30 751 5.019527e+01 4.640483e+02  2.654847839393688602e+01  3.349166977914585175e+01  1.236947110548291278e+02  6.830308253127463104e+04
31 776 4.961639e+01 4.465757e+02  2.654847839393688602e+01  4.432686284359179041e+01  1.237025939494089499e+02  1.438179715958403358e+04
32 801 4.830385e+01 4.543932e+02  2.654847839393688602e+01  2.691015739285931829e+01  1.235584910536567520e+02  2.206641082772712252e+04
33 826 4.900222e+01 4.654401e+02  2.654847839393688602e+01  2.872917962258640401e+01  1.237029152197270747e+02  2.707333995225010221e+04
34 851 4.393001e+01 4.532754e+02  2.654847839393688602e+01  3.396387600377457971e+01  1.236925674002108906e+02  6.407898688625879913e+03
35 876 4.473015e+01 4.998093e+02  2.654847839393688602e+01  2.758734595849533022e+01  1.230779311584147138e+02  4.321293379870501667e+03
36 901 4.148429e+01 5.132029e+02  2.654847839393688602e+01  2.958750221507350275e+01  1.236808191422114334e+02  1.943028250582173314e+03
37 926 3.851696e+01 5.493664e+02  2.654847839393688602e+01  2.666219067678235177e+01  1.199275242006038980e+02  1.639862141078452623e+03
38 951 4.064907e+01 5.415369e+02  2.640621601354188641e+01  2.640621601354188641e+01  1.205447809263257284e+02  2.391111037317981300e+03
39 976 4.165619e+01 5.659159e+02  2.640621601354188641e+01  2.794718250694062434e+01  1.172570966623170676e+02  3.193487883758387852e+03
40 1001 4.424170e+01 5.629980e+02  2.640621601354188641e+01  4.957096872557020362e+01  1.236855540469229027e+02  3.307739438966220860e+03
41 1026 5.190255e+01 5.740233e+02  2.640621601354188641e+01  2.927362237455514915e+01  1.235575360996890311e+02  3.474233717996706673e+03
42 1051 5.281829e+01 5.960966e+02  2.640621601354188641e+01  2.909503948184212163e+01  1.227337951363408735e+02  2.734147342018794120e+02
43 1076 5.639749e+01 6.366570e+02  2.640621601354188641e+01  2.760985597019303128e+01  1.222257227021545560e+02  2.230111924869706854e+04
44 1101 6.244170e+01 6.592076e+02  2.640621601354188641e+01  3.914710851022706350e+01  1.231911966158365743e+02  5.958803513929005931e+03
45 1126 7.111873e+01 6.325438e+02  2.640621601354188641e+01  2.796539852444382745e+01  1.236717457037232180e+02  1.700286690297107998e+04
46 1151 7.590123e+01 6.183562e+02  2.640621601354188641e+01  3.110215641400293052e+01  1.236825305108291957e+02  7.494476860400727674e+03
47 1176 7.544018e+01 6.493109e+02  2.640621601354188641e+01  2.850945364907651935e+01  1.236908526121863474e+02  6.572192637538290001e+04
48 1201 7.173168e+01 6.515751e+02  2.640621601354188641e+01  3.150332039857160282e+01  1.236833002275523228e+02  8.524763339915391043e+03
49 1226 5.953029e+01 6.692951e+02  2.640621601354188641e+01  3.030224539461162792e+01  1.236701782257074598e+02  1.068205926855634789e+04
50 1251 4.773086e+01 6.628491e+02  2.640621601354188641e+01  2.779902347980909028e+01  1.210794857258797350e+02  4.847346971285902328e+03
51 1276 4.293423e+01 6.755741e+02  2.640621601354188641e+01  2.750253930550262638e+01  7.631786709850136674e+01  5.661385757538670305e+02
52 1301 3.705216e+01 6.833303e+02  2.640621601354188641e+01  2.766216779679098536e+01  9.003983217974750630e+01  7.538767883341436118e+02
53 1326 3.362844e+01 7.276459e+02  2.640621601354188641e+01  2.742244525766639640e+01  6.631204512736739787e+01  3.764756673219986283e+02
54 1351 3.594170e+01 6.894960e+02  2.640621601354188641e+01  2.780340185951088472e+01  9.847676226119554599e+01  8.594999683372694790e+02
55 1376 3.809204e+01 6.925712e+02  2.640621601354188641e+01  2.694165413488410010e+01  5.290799196841935270e+01  5.203673430268205493e+02
56 1401 4.123302e+01 6.702896e+02  2.640621601354188641e+01  2.772635872005539071e+01  8.654927529133733799e+01  6.882239673692475890e+02
57 1426 3.881025e+01 6.462112e+02  2.640621601354188641e+01  2.653629083715834014e+01  8.521759617907883921e+01  2.983823720691381368e+03
58 1451 4.040530e+01 6.507900e+02  2.640621601354188641e+01  2.743778808019255067e+01  1.095422966483433243e+02  5.843381030900671931e+02
59 1476 3.573747e+01 6.475055e+02  2.640621601354188641e+01  2.706386419568919877e+01  6.875826626946717113e+01  6.398970171270896117e+02
60 1501 3.647087e+01 6.466356e+02  2.640621601354188641e+01  2.698013218697101578e+01  5.682519325291799817e+01  5.687550132083384824e+02
61 1526 3.526061e+01 6.556688e+02  2.640621601354188641e+01  2.720023308582478450e+01  7.331231159193622204e+01  3.062271209101972431e+02
62 1551 3.274277e+01 6.609962e+02  2.640621601354188641e+01  2.792851301949492893e+01  5.903067390490577537e+01  1.577330977782619073e+02
63 1576 3.180323e+01 6.878606e+02  2.640621601354188641e+01  2.669846185040880471e+01  3.907151361345878371e+01  1.559730439954489043e+02
64 1601 3.268373e+01 6.927292e+02  2.640621601354188641e+01  2.727383494016295273e+01  3.673202250327506135e+01  2.454183980268679761e+02
65 1626 3.024808e+01 7.200294e+02  2.621603107713003666e+01  2.621603107713003666e+01  4.403247371165397794e+01  2.306058067414061554e+02
66 1651 3.098492e+01 7.172280e+02  2.621603107713003666e+01  2.649976770325720921e+01  5.341596929910230074e+01  1.626704422842371685e+02
67 1676 2.848553e+01 7.342188e+02  2.621603107713003666e+01  2.624650812674680722e+01  4.487077403438840406e+01  1.639795215310872152e+02
68 1701 2.795569e+01 7.419611e+02  2.621144625518049764e+01  2.621144625518049764e+01  3.284618582057823488e+01  2.648827737738528185e+02
69 1726 2.946479e+01 7.795059e+02  2.621144625518049764e+01  2.676362738731758384e+01  3.711002766997015101e+01  8.944216611535068751e+01
70 1751 2.889832e+01 8.100898e+02  2.603117948379546931e+01  2.603117948379546931e+01  3.492727772315618751e+01  6.324810233511485791e+01
71 1776 2.769027e+01 8.209602e+02  2.603117948379546931e+01  2.609351531804727387e+01  3.937377939035206253e+01  2.367804893609607291e+02
72 1801 2.580795e+01 8.455701e+02  2.603117948379546931e+01  2.611459620708150453e+01  3.711009601711881345e+01  7.607485923287967466e+01
73 1826 2.743580e+01 9.056286e+02  2.547707422182341830e+01  2.547707422182341830e+01  3.146356142650695631e+01  2.539534741292713989e+02
74 1851 2.722392e+01 9.909018e+02  2.547707422182341830e+01  2.562205930912170260e+01  3.349258987470760474e+01  9.553843923326439835e+01
75 1876 2.768927e+01 1.015020e+03  2.547707422182341830e+01  2.566715315584436752e+01  4.040110279510572155e+01  1.117117869524933980e+02
76 1901 2.731743e+01 1.031663e+03  2.547707422182341830e+01  2.606498379365316964e+01  3.306810319206951476e+01  1.154925518872337875e+02
77 1926 2.659607e+01 1.074077e+03  2.547707422182341830e+01  2.551893762642126617e+01  3.815750638126532834e+01  1.178813994820989137e+02
78 1951 2.706796e+01 1.170564e+03  2.547707422182341830e+01  2.559576444811607132e+01  3.159640292714133025e+01  1.037688765065801988e+02
79 1976 2.511145e+01 1.226705e+03  2.495368479094739200e+01  2.495368479094739200e+01  2.868758425977416238e+01  5.967292705070040171e+01
80 2001 2.569153e+01 1.284300e+03  2.495368479094739200e+01  2.549722194062763947e+01  3.291908038354688415e+01  1.439608433688020739e+02
81 2026 2.673307e+01 1.329686e+03  2.495368479094739200e+01  2.524426059409345058e+01  3.206435095373109334e+01  1.039855036424710448e+02
82 2051 3.124309e+01 1.337011e+03  2.495368479094739200e+01  2.508338998487339566e+01  3.010769827821577493e+01  1.565136510449911498e+02
83 2076 3.169725e+01 1.364540e+03  2.493932323971974441e+01  2.493932323971974441e+01  3.408088133071607473e+01  2.214545352131474090e+02
84 2101 3.217067e+01 1.361861e+03  2.468223699434269847e+01  2.468223699434269847e+01  3.061000145402040573e+01  1.050978308580785523e+02
85 2126 3.389814e+01 1.388428e+03  2.396295664116052748e+01  2.396295664116052748e+01  3.918771690258979845e+01  9.230648362825515107e+01
86 2151 3.713329e+01 1.477821e+03  2.373831817977146841e+01  2.373831817977146841e+01  2.871950493051592801e+01  9.541318556606655932e+01
87 2176 3.573615e+01 1.511954e+03  2.373831817977146841e+01  2.393509083538659610e+01  4.162555310689634780e+01  1.152540943749799425e+02
88 2201 3.959168e+01 1.578501e+03  2.373831817977146841e+01  2.384681781014241153e+01  3.332892842677431844e+01  1.057096911812832190e+02
89 2226 4.660271e+01 1.652489e+03  2.350608056094107212e+01  2.350608056094107212e+01  3.453831166076668069e+01  8.761271785229402553e+01
90 2251 4.564496e+01 1.640447e+03  2.350608056094107212e+01  2.426398840091206210e+01  3.264260528175183396e+01  1.202625279146795947e+02
91 2276 4.576958e+01 1.731873e+03  2.182920018009018648e+01  2.182920018009018648e+01  3.345029657023910374e+01  1.234370846824390924e+02
92 2301 4.879164e+01 1.751496e+03  2.182920018009018648e+01  2.237220827437858262e+01  3.837942374281495006e+01  1.903208561637274556e+02
93 2326 4.871072e+01 1.792807e+03  2.182920018009018648e+01  2.217266211415191535e+01  3.759990362990171775e+01  1.322967273392439438e+02
94 2351 5.309593e+01 1.792985e+03  2.182920018009018648e+01  2.243301103951229081e+01  5.230124021147211977e+01  1.233707635859449283e+02
95 2376 5.347226e+01 1.828380e+03  2.090052037928344220e+01  2.090052037928344220e+01  3.948518822903421466e+01  1.206574480780706580e+02
96 2401 5.276210e+01 1.793034e+03  2.090052037928344220e+01  2.113504117471738297e+01  5.385937732504557829e+01  1.236871755219488733e+02
97 2426 4.715210e+01 1.814639e+03  2.090052037928344220e+01  2.103128451865751813e+01  4.061203697047532302e+01  4.533731066212877749e+02
98 2451 4.540193e+01 1.860644e+03  2.090052037928344220e+01  2.142189209853348331e+01  4.332052565948914236e+01  2.206334697727579908e+02
99 2476 4.408609e+01 1.897483e+03  2.066773356921234850e+01  2.066773356921234850e+01  3.802293608420490756e+01  1.171315279247371137e+02
100 2501 3.869195e+01 1.913229e+03  2.049590814453846832e+01  2.049590814453846832e+01  2.480237566608671429e+01  1.213736792195395111e+02
101 2526 3.801287e+01 2.003040e+03  2.034450067552550934e+01  2.034450067552550934e+01  2.675781776749001750e+01  9.478755180939333513e+01
102 2551 3.851991e+01 2.141519e+03  2.029151499696670768e+01  2.029151499696670768e+01  3.081490605690451545e+01  1.186065836066374573e+02
103 2576 3.747331e+01 2.107273e+03  2.029151499696670768e+01  2.110104920051750454e+01  2.863644159255721888e+01  8.127128954205909395e+01
104 2601 3.385112e+01 2.083886e+03  2.029151499696670768e+01  2.100701128468381640e+01  2.561563398342685005e+01  9.120866460530056941e+01
105 2626 3.155785e+01 2.144972e+03  2.029151499696670768e+01  2.042889037618194692e+01  2.409100704171749285e+01  7.240699471699650758e+01
106 2651 3.168471e+01 2.155726e+03  2.029151499696670768e+01  2.065105947865771441e+01  2.296635380341875887e+01  5.020101592422941650e+01
107 2676 3.055528e+01 2.190176e+03  2.029151499696670768e+01  2.052776932898496653e+01  2.409890591650275127e+01  5.162470386027730740e+01
108 2701 2.869165e+01 2.219561e+03  2.017778056423477295e+01  2.017778056423477295e+01  2.489364830467310341e+01  5.489682541877196087e+01
109 2726 2.808437e+01 2.324272e+03  2.017778056423477295e+01  2.027281258697771094e+01  2.277451652058950060e+01  4.151976060893777287e+01
110 2751 3.026868e+01 2.430595e+03  2.017778056423477295e+01  2.021905320612302503e+01  2.219363715033482620e+01  4.281043846181908918e+01
111 2776 3.442542e+01 2.470758e+03  2.017778056423477295e+01  2.029170164930210163e+01  2.360402368286608166e+01  5.178110957173627327e+01
112 2801 3.298942e+01 2.504388e+03  2.017778056423477295e+01  2.067897664877029129e+01  2.851171584226039357e+01  8.962012336855833894e+01
113 2826 3.335576e+01 2.719415e+03  2.017778056423477295e+01  2.040058323689838460e+01  2.196342525932366030e+01  5.781538562991628538e+01
114 2851 3.610192e+01 2.852055e+03  2.017778056423477295e+01  2.018629252860772283e+01  2.267891029321172880e+01  3.867965970477491311e+01
115 2876 3.652023e+01 2.952497e+03  2.017778056423477295e+01  2.032071249699919591e+01  2.257450535660715474e+01  7.844334246971473590e+01
116 2901 3.150057e+01 3.052843e+03  2.006563859972284192e+01  2.006563859972284192e+01  2.363009531116144757e+01  9.937451100116422253e+01
117 2926 3.067915e+01 3.072404e+03  2.006563859972284192e+01  2.023564379474671782e+01  2.280574571241606208e+01  4.858704198107303540e+01
118 2951 3.383538e+01 3.318408e+03  2.006563859972284192e+01  2.010704757488277039e+01  2.196744672311084656e+01  5.415435359864469689e+01
119 2976 3.650445e+01 3.405790e+03  1.999646872511004148e+01  1.999646872511004148e+01  2.407274050358957140e+01  8.707405917261664285e+01
120 3001 3.221879e+01 3.399912e+03  1.999646872511004148e+01  2.017179102213918895e+01  2.437729711808927036e+01  7.628865943697502416e+01
121 3026 3.283189e+01 3.496541e+03  1.999646872511004148e+01  2.013390883737382708e+01  2.149460573593386314e+01  4.283676080424395138e+01
122 3051 3.379002e+01 3.729047e+03  1.999646872511004148e+01  2.001853615398136199e+01  2.347232174098613200e+01  4.789111496439865334e+01
123 3076 3.528988e+01 3.757607e+03  1.999646872511004148e+01  2.009238504039237583e+01  2.247447028622031695e+01  6.570254770389585985e+01
124 3101 3.674504e+01 3.953268e+03  1.999646872511004148e+01  2.019165889590658480e+01  2.195100982328066408e+01  3.647463924288779680e+01
125 3126 3.364822e+01 4.095813e+03  1.999646872511004148e+01  2.003190303537519412e+01  2.320145457052245774e+01  5.053653080195235958e+01
126 3151 3.645617e+01 4.223696e+03  1.999646872511004148e+01  2.005593436541824204e+01  2.135983780284933786e+01  5.487846848806098166e+01
127 3176 3.903579e+01 4.312454e+03  1.999646872511004148e+01  2.012463519937174539e+01  2.151135411436321832e+01  3.054224081839510774e+01
128 3201 3.796571e+01 4.537522e+03  1.999646872511004148e+01  2.002264160429651341e+01  2.255957648473374633e+01  5.089238805349064165e+01
129 3226 3.542529e+01 4.721609e+03  1.999646872511004148e+01  2.001626720794217107e+01  2.191687795880322653e+01  7.772987386080924921e+01
130 3251 3.469712e+01 4.821702e+03  1.995724198709929809e+01  1.995724198709929809e+01  2.157896597515405901e+01  4.097167807255910787e+01
131 3276 3.264554e+01 4.986158e+03  1.995724198709929809e+01  2.001139095962717462e+01  2.137322737817377671e+01  2.852528300321583643e+01
132 3301 2.870111e+01 5.130957e+03  1.993275697127644008e+01  1.993275697127644008e+01  2.040629562904904404e+01  3.150931146894413359e+01
133 3326 2.615449e+01 5.168778e+03  1.992952181127516909e+01  1.992952181127516909e+01  2.060141642494173908e+01  2.954322228040816967e+01
134 3351 2.798783e+01 5.095089e+03  1.992952181127516909e+01  2.005712687657431914e+01  2.092849373808685698e+01  2.770872390343750880e+01
135 3376 3.175852e+01 5.789639e+03  1.992952181127516909e+01  2.003759218888218285e+01  2.089493479000552156e+01  2.786070352787901783e+01
136 3401 2.828862e+01 5.870778e+03  1.992952181127516909e+01  1.995639573685769363e+01  2.107109482209435214e+01  3.191863468261191983e+01
137 3426 2.686555e+01 6.016735e+03  1.992952181127516909e+01  1.999922048910804051e+01  2.035473486661285847e+01  4.052907951731040725e+01
138 3451 2.226363e+01 5.887846e+03  1.992952181127516909e+01  2.000677455736822807e+01  2.047284664924390896e+01  2.459108482691722486e+01
139 3476 2.133907e+01 5.955502e+03  1.992952181127516909e+01  1.996199222051265920e+01  2.018557635783603033e+01  2.207251892249724889e+01
140 3501 2.176724e+01 5.954575e+03  1.991483101506408104e+01  1.991483101506408104e+01  2.018594104495081965e+01  2.202400551101859705e+01
141 3526 2.139232e+01 6.314224e+03  1.991483101506408104e+01  1.995666332055980874e+01  2.017915837617189467e+01  2.238679042967532951e+01
142 3551 1.990680e+01 6.337370e+03  1.991483101506408104e+01  1.994153122826734048e+01  2.020614277028610672e+01  2.449625423732741325e+01
143 3576 1.737716e+01 6.464847e+03  1.991483101506408104e+01  1.994372676147206747e+01  2.007291606324450939e+01  2.967091846225562080e+01
144 3601 1.599516e+01 6.562965e+03  1.991206397104970094e+01  1.991206397104970094e+01  1.998355662627551155e+01  2.973710434591580309e+01
145 3626 1.579812e+01 6.585659e+03  1.991206397104970094e+01  1.993648765775067488e+01  2.013600321993187592e+01  2.078645317273242554e+01
146 3651 1.653835e+01 6.395955e+03  1.991206397104970094e+01  1.993411478580061669e+01  2.004235068846393020e+01  2.043338101291103470e+01
147 3676 1.775014e+01 6.426631e+03  1.991206397104970094e+01  1.993535038997063324e+01  2.002905111409564398e+01  2.032811495849424333e+01
148 3701 1.829664e+01 6.610252e+03  1.991206397104970094e+01  1.992997341120952726e+01  2.011553411158563520e+01  4.738456247052172188e+01
149 3726 1.787927e+01 6.734401e+03  1.991206397104970094e+01  1.995989755948724920e+01  2.005165612616925941e+01  2.309678251460178089e+01
150 3751 1.736414e+01 6.862975e+03  1.991206397104970094e+01  1.991227317035509969e+01  2.012005183552836129e+01  2.434461107488361620e+01
151 3776 1.860878e+01 6.921169e+03  1.991206397104970094e+01  1.994158735573563490e+01  2.000810645545492505e+01  2.030202275655107869e+01
152 3801 1.903185e+01 7.023987e+03  1.991206397104970094e+01  1.991605502376463832e+01  2.005203411806800418e+01  2.063928904981950296e+01
153 3826 1.799891e+01 7.230790e+03  1.991206397104970094e+01  1.991754373067938033e+01  2.002951656695309524e+01  2.045523746916838803e+01
154 3851 1.690593e+01 7.538622e+03  1.991206397104970094e+01  1.993277696484971884e+01  2.003713640112726679e+01  2.107445443594992796e+01
155 3876 1.639391e+01 7.772480e+03  1.991206397104970094e+01  1.991392541087318691e+01  2.000212095076408403e+01  2.051028216859538134e+01
156 3901 1.678398e+01 8.151581e+03  1.990389905604498466e+01  1.990389905604498466e+01  1.997779852558439018e+01  2.075350953271314935e+01
157 3926 1.547442e+01 8.492822e+03  1.990389905604498466e+01  1.991121240105352541e+01  1.998826454063428670e+01  2.051633666518843668e+01
158 3951 1.381375e+01 8.669717e+03  1.990389905604498466e+01  1.990576468758951734e+01  1.996316673561651811e+01  2.030516621487862849e+01
159 3976 1.254312e+01 8.648844e+03  1.990389905604498466e+01  1.991851005445385780e+01  1.995132385565284494e+01  2.010765939874444541e+01
160 4001 1.221795e+01 8.916283e+03  1.987316299018903720e+01  1.987316299018903720e+01  1.995494759190852108e+01  1.998219217850608942e+01
161 4026 1.050117e+01 9.159969e+03  1.987316299018903720e+01  1.990169786252811690e+01  1.994446376596911463e+01  2.003758816342958582e+01
162 4051 9.963221e+00 9.492836e+03  1.987316299018903720e+01  1.989661130170738801e+01  1.993108293285223098e+01  2.005944800082843571e+01
163 4076 9.774188e+00 9.874567e+03  1.987316299018903720e+01  1.989616196199300902e+01  1.993802662426159600e+01  1.997949340033829202e+01
164 4101 9.413391e+00 1.089125e+04  1.987316299018903720e+01  1.988501955110324459e+01  1.993411094752379142e+01  2.003380762471694965e+01
165 4126 8.578667e+00 1.071763e+04  1.987316299018903720e+01  1.988835917596172109e+01  1.993279314509306843e+01  1.997572927830997358e+01
166 4151 7.980471e+00 1.087809e+04  1.987316299018903720e+01  1.988493381164278517e+01  1.992389949967859053e+01  1.999698874283804528e+01
167 4176 8.273050e+00 1.137503e+04  1.987316299018903720e+01  1.988153209738703353e+01  1.992635295456284439e+01  1.996797748174240894e+01
168 4201 7.195284e+00 1.122209e+04  1.987316299018903720e+01  1.989240392238268385e+01  1.992806681593284779e+01  1.998475969051817813e+01
169 4226 6.772609e+00 1.088079e+04  1.987316299018903720e+01  1.988674309756735781e+01  1.992326714871111193e+01  1.995341041855152397e+01
170 4251 6.271269e+00 1.094033e+04  1.987316299018903720e+01  1.988754208425539005e+01  1.992313159110478082e+01  1.994304835473324289e+01
171 4276 5.939005e+00 1.126477e+04  1.987316299018903720e+01  1.990006468441614729e+01  1.992726515268636334e+01  1.996230679342409076e+01
172 4301 6.144673e+00 1.135049e+04  1.987316299018903720e+01  1.987864283270918975e+01  1.992324706402324708e+01  1.994723504323518526e+01
173 4326 6.098974e+00 1.177431e+04  1.987288646907240874e+01  1.987288646907240874e+01  1.992493677415774656e+01  1.995976205927892977e+01
174 4351 6.418169e+00 1.207267e+04  1.987288646907240874e+01  1.988815901066869785e+01  1.992511877153825139e+01  1.996141916672429772e+01
175 4376 7.301048e+00 1.235888e+04  1.987288646907240874e+01  1.987933701083838400e+01  1.992133782122024499e+01  1.995652950955820870e+01
176 4401 7.050012e+00 1.267296e+04  1.987288646907240874e+01  1.989181338785257225e+01  1.992246305598715139e+01  1.996062721756863567e+01
177 4426 7.324426e+00 1.329469e+04  1.987055330218391447e+01  1.987055330218391447e+01  1.992885660117024926e+01  1.997520686896149300e+01
178 4451 7.245290e+00 1.378912e+04  1.987055330218391447e+01  1.988786537551973410e+01  1.992652598073651760e+01  1.996658253081498913e+01
179 4476 7.904996e+00 1.409043e+04  1.986227766396011418e+01  1.986227766396011418e+01  1.992663747289289233e+01  1.995784646889735114e+01
180 4501 7.764071e+00 1.452906e+04  1.986227766396011418e+01  1.987689944764039751e+01  1.992240783757971201e+01  1.995718345583111741e+01
181 4526 7.180116e+00 1.429742e+04  1.986227766396011418e+01  1.989338455037498576e+01  1.991674469098789757e+01  1.996067276744653896e+01
182 4551 7.975201e+00 1.411639e+04  1.986227766396011418e+01  1.989614682792944222e+01  1.992753741260910161e+01  1.995181010630901142e+01
183 4576 7.546800e+00 1.413917e+04  1.986227766396011418e+01  1.989674699079252207e+01  1.993440666970960251e+01  1.995720793054234576e+01
184 4601 7.865806e+00 1.462647e+04  1.986227766396011418e+01  1.988542378201396943e+01  1.992977097842519640e+01  1.997208319103395624e+01
185 4626 8.153694e+00 1.553419e+04  1.986227766396011418e+01  1.988316833708262621e+01  1.992598121114265197e+01  1.997642718781692039e+01
186 4651 8.754039e+00 1.572882e+04  1.986227766396011418e+01  1.988748266124194686e+01  1.992018199922408428e+01  1.995083518058659422e+01
187 4676 8.702827e+00 1.552380e+04  1.986227766396011418e+01  1.989454925368897875e+01  1.993221186393344269e+01  1.995789851966312511e+01
188 4701 8.031489e+00 1.520547e+04  1.986227766396011418e+01  1.988886685484774475e+01  1.992595440888296565e+01  1.998743426889097208e+01
189 4726 8.349647e+00 1.482055e+04  1.986227766396011418e+01  1.989512750907700678e+01  1.992804733375774617e+01  1.996544322171092745e+01
190 4751 9.443745e+00 1.420057e+04  1.986227766396011418e+01  1.989661847439860765e+01  1.992889249581846300e+01  1.995557018396383242e+01
191 4776 9.231091e+00 1.421569e+04  1.986227766396011418e+01  1.988939026979854674e+01  1.993311353094120264e+01  1.996565032238881088e+01
192 4801 8.455713e+00 1.433871e+04  1.986227766396011418e+01  1.986730136726167828e+01  1.992669488170431791e+01  1.996194377432992084e+01
193 4826 8.291280e+00 1.458726e+04  1.986227766396011418e+01  1.988511706177987648e+01  1.991820298698001679e+01  1.996621576218442229e+01
194 4851 8.032972e+00 1.450537e+04  1.986227766396011418e+01  1.987912300582547331e+01  1.991400424243655820e+01  1.994138349197295312e+01
195 4876 7.376710e+00 1.493650e+04  1.986227766396011418e+01  1.988891844189446800e+01  1.992559596763386764e+01  1.996561037375907688e+01
196 4901 7.272176e+00 1.491006e+04  1.986227766396011418e+01  1.987924435310229754e+01  1.991898077194645467e+01  1.994993579766801872e+01
197 4926 7.358351e+00 1.500037e+04  1.986227766396011418e+01  1.988949366874254565e+01  1.992254252785537361e+01  1.995054339731138882e+01
198 4951 6.472096e+00 1.486936e+04  1.986227766396011418e+01  1.988934048016486855e+01  1.991449109730602629e+01  1.994665680052588641e+01
199 4976 6.115371e+00 1.547066e+04  1.986227766396011418e+01  1.989305962192839772e+01  1.992036178053045603e+01  1.994735627292597258e+01
200 5001 5.197717e+00 1.508328e+04  1.986227766396011418e+01  1.989051571296537091e+01  1.992121553748651408e+01  1.995475782357585359e+01
201 5026 5.309894e+00 1.457146e+04  1.986227766396011418e+01  1.989014283699356511e+01  1.993484552492243367e+01  1.996063079048608202e+01
202 5051 5.591148e+00 1.455346e+04  1.986227766396011418e+01  1.988558546896589618e+01  1.991901940206553689e+01  1.995039494564459659e+01
203 5076 4.779519e+00 1.553717e+04  1.986227766396011418e+01  1.988362075782678318e+01  1.991651213387572028e+01  1.995189440041756512e+01
204 5101 4.489546e+00 1.542121e+04  1.986227766396011418e+01  1.987586214349646596e+01  1.992088988935988425e+01  1.995839575107849129e+01
205 5126 4.352996e+00 1.609215e+04  1.986227766396011418e+01  1.987171183144414499e+01  1.992215901965594682e+01  1.995153048259729189e+01
206 5151 4.221109e+00 1.597633e+04  1.986227766396011418e+01  1.988207633534480578e+01  1.991904459380703329e+01  1.994701744860895332e+01
207 5176 3.999684e+00 1.587729e+04  1.986227766396011418e+01  1.986484405170799761e+01  1.991480101676869552e+01  1.996448342609168591e+01
208 5201 3.866231e+00 1.491989e+04  1.986227766396011418e+01  1.986978849415156390e+01  1.991519510634655532e+01  1.994691134733711735e+01
209 5226 4.294412e+00 1.442963e+04  1.986227766396011418e+01  1.988146384651368948e+01  1.991335565413954356e+01  1.994670173330370844e+01
210 5251 4.738959e+00 1.494690e+04  1.986227766396011418e+01  1.988044741805860127e+01  1.991326733351685618e+01  1.995968671876402922e+01
211 5276 4.997407e+00 1.446840e+04  1.986227766396011418e+01  1.988540208617171956e+01  1.991371965797687693e+01  1.995167053146442981e+01
212 5301 4.254318e+00 1.426137e+04  1.986227766396011418e+01  1.988835125903242940e+01  1.992047520146162398e+01  1.994713965272021028e+01
213 5326 4.034456e+00 1.402769e+04  1.986227766396011418e+01  1.987842646605890451e+01  1.992104269428988061e+01  1.996036292006743196e+01
214 5351 4.054773e+00 1.409861e+04  1.986227766396011418e+01  1.986449665168895251e+01  1.992391252924431200e+01  1.994249482391833439e+01
215 5376 4.211717e+00 1.426210e+04  1.986227766396011418e+01  1.988286683576285796e+01  1.992392941121971717e+01  1.994436665908613548e+01
216 5401 4.572557e+00 1.455937e+04  1.986227766396011418e+01  1.988150487658142396e+01  1.990774517730384829e+01  1.996139134922007585e+01
217 5426 5.154138e+00 1.520166e+04  1.986227766396011418e+01  1.987185213080412538e+01  1.991379157474678152e+01  1.994517424316233090e+01
218 5451 5.209448e+00 1.577152e+04  1.986227766396011418e+01  1.987532758917160791e+01  1.991235174689480658e+01  1.993798452713105718e+01
219 5476 4.960439e+00 1.664097e+04  1.986227766396011418e+01  1.987489966607708070e+01  1.991407309943127402e+01  1.995601163294301017e+01
220 5501 5.066355e+00 1.695373e+04  1.986227766396011418e+01  1.989393918367879266e+01  1.992135036741381882e+01  1.995151781401611046e+01
221 5526 4.687670e+00 1.685716e+04  1.986227766396011418e+01  1.987385482995562569e+01  1.991487418706489976e+01  1.994430633761949778e+01
222 5551 4.480994e+00 1.671260e+04  1.986227766396011418e+01  1.987930196758295054e+01  1.991714532389845260e+01  1.994207437082073753e+01
223 5576 4.933672e+00 1.535428e+04  1.986227766396011418e+01  1.987796571146441948e+01  1.990593197256688995e+01  1.994556260146494964e+01
224 5601 4.845534e+00 1.557849e+04  1.986227766396011418e+01  1.988256005096978285e+01  1.992026322725301313e+01  1.995821049606524866e+01
225 5626 4.954750e+00 1.499265e+04  1.986227766396011418e+01  1.988652185152781726e+01  1.991605961239534395e+01  1.994343512805527041e+01
226 5651 4.683837e+00 1.553900e+04  1.986227766396011418e+01  1.987498995698588544e+01  1.991294217856123794e+01  1.993924488899585157e+01
227 5676 4.257461e+00 1.483830e+04  1.986227766396011418e+01  1.987538056841150791e+01  1.990942844379038945e+01  1.993842263679592719e+01
228 5701 3.935450e+00 1.448392e+04  1.986227766396011418e+01  1.987481656110232464e+01  1.991039985246273147e+01  1.994726329923235042e+01
229 5726 3.405657e+00 1.484378e+04  1.986227766396011418e+01  1.988116836711684243e+01  1.991395170512926427e+01  1.993894747444437243e+01
230 5751 3.770564e+00 1.429656e+04  1.986227766396011418e+01  1.987770816716462363e+01  1.991317129865238300e+01  1.995547799024626201e+01
231 5776 3.570997e+00 1.448036e+04  1.986227766396011418e+01  1.986690512742388393e+01  1.991492891086312511e+01  1.993354877345533893e+01
232 5801 3.440168e+00 1.465853e+04  1.986227766396011418e+01  1.988193595145152770e+01  1.990718078771563171e+01  1.994306651098112226e+01
233 5826 3.137378e+00 1.468373e+04  1.986227766396011418e+01  1.988822216577169399e+01  1.991026370583574234e+01  1.994445255288530561e+01
234 5851 3.042641e+00 1.431570e+04  1.986227766396011418e+01  1.988280465691572019e+01  1.991128429949526080e+01  1.993055379166940710e+01
235 5876 2.824265e+00 1.482779e+04  1.986227766396011418e+01  1.987706372986572489e+01  1.991548174021457029e+01  1.994205451722307032e+01
236 5901 2.563357e+00 1.433114e+04  1.986227766396011418e+01  1.988322544327772690e+01  1.990367294941864529e+01  1.993923855009687074e+01
237 5926 2.432315e+00 1.515486e+04  1.986227766396011418e+01  1.988370789814985073e+01  1.991235015102119732e+01  1.993556696889316981e+01
238 5951 2.089094e+00 1.551802e+04  1.986227766396011418e+01  1.987906331103605595e+01  1.991108702809554032e+01  1.994731225718803813e+01
239 5976 2.130245e+00 1.645327e+04  1.986227766396011418e+01  1.987966523172119082e+01  1.991318500262344315e+01  1.995001033877010244e+01
240 6001 1.946612e+00 1.630893e+04  1.986227766396011418e+01  1.988725903442381693e+01  1.991213808194471468e+01  1.993943515855312754e+01
241 6026 1.822339e+00 1.533633e+04  1.986227766396011418e+01  1.989185746779351760e+01  1.991290302551612967e+01  1.994783015351259792e+01
242 6051 1.688796e+00 1.497448e+04  1.986227766396011418e+01  1.988423733423013928e+01  1.990995691375945142e+01  1.994277745650101608e+01
243 6076 1.583653e+00 1.490548e+04  1.986227766396011418e+01  1.988083194380472207e+01  1.991489115053320802e+01  1.993962094058329981e+01
244 6101 1.419574e+00 1.451973e+04  1.986227766396011418e+01  1.987875852988323189e+01  1.990535874092596202e+01  1.994108268723528710e+01
245 6126 1.425584e+00 1.546385e+04  1.986227766396011418e+01  1.989625567906463033e+01  1.991200252502917323e+01  1.993515714297459951e+01
246 6151 1.342648e+00 1.540178e+04  1.986227766396011418e+01  1.988069486326556756e+01  1.991189421174121676e+01  1.994302749442519129e+01
247 6176 1.167371e+00 1.613328e+04  1.986227766396011418e+01  1.987789037116616342e+01  1.991039180114056606e+01  1.994171518058626447e+01
248 6201 1.151081e+00 1.599399e+04  1.986227766396011418e+01  1.987498795269628715e+01  1.992044897138941906e+01  1.995638106222007124e+01
249 6226 1.057073e+00 1.579456e+04  1.986227766396011418e+01  1.987890521253109455e+01  1.991367793817746801e+01  1.995363835388625873e+01
250 6251 9.217726e-01 1.504488e+04  1.986227766396011418e+01  1.988061426626757466e+01  1.990563173970652855e+01  1.995487184649611123e+01
251 6276 8.725960e-01 1.419869e+04  1.986227766396011418e+01  1.987563619045710084e+01  1.991106654448686086e+01  1.994726988772287868e+01
252 6301 7.935540e-01 1.398645e+04  1.986227766396011418e+01  1.988404502309475319e+01  1.991236834973545200e+01  1.993352030625954896e+01
253 6326 7.228992e-01 1.444256e+04  1.986227766396011418e+01  1.988237038569493009e+01  1.990996346916682214e+01  1.994285893505535512e+01
254 6351 7.777529e-01 1.510375e+04  1.986227766396011418e+01  1.987702506176760053e+01  1.991272695187451092e+01  1.994257973506222470e+01
255 6376 8.061957e-01 1.487399e+04  1.986227766396011418e+01  1.987575719209914737e+01  1.991444818586477794e+01  1.994751509730413019e+01
256 6401 9.337586e-01 1.534518e+04  1.986227766396011418e+01  1.988314699556618592e+01  1.990813420007949830e+01  1.993909080356348440e+01
257 6426 8.548706e-01 1.505272e+04  1.986227766396011418e+01  1.988404044783088764e+01  1.990161274560610849e+01  1.993478884600448353e+01
258 6451 7.392956e-01 1.495129e+04  1.986227766396011418e+01  1.988145713432867012e+01  1.991317814160833422e+01  1.995676727296799058e+01
259 6476 6.767969e-01 1.516889e+04  1.986227766396011418e+01  1.988782758257314143e+01  1.991603746319850643e+01  1.994950320015428247e+01
260 6501 6.258807e-01 1.470977e+04  1.986227766396011418e+01  1.987041097789814970e+01  1.991402881890731535e+01  1.993715341876000835e+01
261 6526 6.261197e-01 1.487851e+04  1.986227766396011418e+01  1.986890322380113361e+01  1.990268528065055520e+01  1.995353902841855387e+01
262 6551 5.777887e-01 1.523437e+04  1.986227766396011418e+01  1.987896494689955418e+01  1.991511097482463555e+01  1.993826261984182935e+01
263 6576 5.225440e-01 1.524337e+04  1.986227766396011418e+01  1.987950003548458966e+01  1.991435474733975752e+01  1.994721184915035295e+01
264 6601 4.950933e-01 1.591401e+04  1.986227766396011418e+01  1.987652199772234596e+01  1.991148097447081966e+01  1.993532276357744593e+01
265 6626 4.976320e-01 1.636081e+04  1.986227766396011418e+01  1.986994001863198633e+01  1.991749626669349027e+01  1.994974143532886401e+01
266 6651 4.653918e-01 1.654769e+04  1.986227766396011418e+01  1.987351222920379001e+01  1.991213279250775514e+01  1.994751670050979442e+01
267 6676 4.284385e-01 1.665281e+04  1.986227766396011418e+01  1.988888571377716019e+01  1.991644383500192106e+01  1.992837653509068829e+01
268 6701 4.115444e-01 1.690728e+04  1.986227766396011418e+01  1.987114615316073341e+01  1.991054265106860299e+01  1.992586624410480667e+01
269 6726 3.848426e-01 1.668700e+04  1.986227766396011418e+01  1.987445438395937813e+01  1.990953378652936223e+01  1.993771220546934231e+01
270 6751 3.321117e-01 1.782896e+04  1.986227766396011418e+01  1.988555906771703263e+01  1.990924514705380588e+01  1.994585822906557482e+01
271 6776 2.830110e-01 1.785960e+04  1.986227766396011418e+01  1.987154030606713206e+01  1.991410557146560123e+01  1.994084273688184794e+01
272 6801 2.886090e-01 1.781872e+04  1.986227766396011418e+01  1.987524329505777487e+01  1.991081181577823145e+01  1.994127673465803596e+01
273 6826 2.739716e-01 1.764920e+04  1.986227766396011418e+01  1.987666325586276272e+01  1.991474668765789247e+01  1.996114204415581384e+01
274 6851 2.755364e-01 1.860896e+04  1.986227766396011418e+01  1.987733739765329588e+01  1.990350078685324675e+01  1.994504426895141691e+01
275 6876 2.472199e-01 1.950330e+04  1.986227766396011418e+01  1.987182326885931616e+01  1.990381084462144656e+01  1.993411954924024698e+01
276 6901 2.530293e-01 1.935276e+04  1.986227766396011418e+01  1.987714541405829749e+01  1.991645581150797284e+01  1.994660671656251694e+01
277 6926 2.457695e-01 1.826542e+04  1.986227766396011418e+01  1.988133553569044665e+01  1.990454690541244176e+01  1.994438461594974399e+01
278 6951 2.404745e-01 1.798125e+04  1.986227766396011418e+01  1.986925512055510268e+01  1.991357618832624610e+01  1.993235414921478466e+01
279 6976 2.163302e-01 1.731183e+04  1.986227766396011418e+01  1.988784493353951177e+01  1.991185139569451934e+01  1.993255445279546478e+01
280 7001 2.013769e-01 1.704200e+04  1.986227766396011418e+01  1.986709061431772838e+01  1.990691455503905871e+01  1.993353940714543171e+01
281 7026 1.748932e-01 1.719977e+04  1.986227766396011418e+01  1.988008556820877004e+01  1.991182990334063163e+01  1.993476692724303589e+01
282 7051 1.669293e-01 1.755142e+04  1.986227766396011418e+01  1.987805082296854664e+01  1.990958549370448338e+01  1.994345700535709298e+01
283 7076 1.909204e-01 1.740264e+04  1.986227766396011418e+01  1.987444436253854363e+01  1.992015822733767649e+01  1.995339708139346868e+01
284 7101 1.915305e-01 1.676100e+04  1.986023839755713283e+01  1.986023839755713283e+01  1.991026513736643011e+01  1.994308886540845904e+01
285 7126 1.861258e-01 1.673293e+04  1.986023839755713283e+01  1.989261242298611521e+01  1.991312255898644779e+01  1.994521216898685978e+01
286 7151 1.824314e-01 1.613112e+04  1.986023839755713283e+01  1.988311610369956028e+01  1.991339269584483063e+01  1.994224852610518184e+01
287 7176 1.706921e-01 1.617269e+04  1.986023839755713283e+01  1.988387477733108355e+01  1.991543489750100093e+01  1.993482767788547960e+01
288 7201 1.818824e-01 1.635278e+04  1.986023839755713283e+01  1.988326793197632014e+01  1.991420512672399212e+01  1.995792489806961356e+01
289 7226 1.816377e-01 1.712900e+04  1.986023839755713283e+01  1.988258974521060551e+01  1.991448221229413917e+01  1.993977980932857008e+01
290 7251 1.828227e-01 1.702615e+04  1.986023839755713283e+01  1.988817547515212425e+01  1.991057882530259704e+01  1.994411255197605826e+01
291 7276 1.838984e-01 1.664284e+04  1.986023839755713283e+01  1.986820018121518316e+01  1.990874519808150822e+01  1.993921777541002882e+01
292 7301 1.557631e-01 1.676896e+04  1.986023839755713283e+01  1.987708068992825616e+01  1.991945023355504318e+01  1.994433787649704826e+01
293 7326 1.443389e-01 1.588143e+04  1.986023839755713283e+01  1.988072111302904332e+01  1.991159593011759554e+01  1.994754638085497689e+01
294 7351 1.505456e-01 1.587923e+04  1.986023839755713283e+01  1.987714833551456906e+01  1.991503317106682758e+01  1.994863868335465185e+01
295 7376 1.656223e-01 1.583093e+04  1.986023839755713283e+01  1.988231622108013141e+01  1.990861736096025680e+01  1.994744039360823251e+01
296 7401 1.602374e-01 1.556819e+04  1.986023839755713283e+01  1.986807503366185657e+01  1.990902581211943811e+01  1.995036594215559589e+01
297 7426 1.484135e-01 1.605276e+04  1.986023839755713283e+01  1.987193632418832934e+01  1.990709282873300978e+01  1.993383681008857877e+01
298 7451 1.591363e-01 1.604312e+04  1.986023839755713283e+01  1.987686714647911401e+01  1.991351354406516094e+01  1.993720722351675079e+01
299 7476 1.604589e-01 1.602088e+04  1.986023839755713283e+01  1.987005328257077608e+01  1.990725968905175591e+01  1.993779518487682267e+01
300 7501 1.484783e-01 1.649906e+04  1.986023839755713283e+01  1.988255868364196743e+01  1.991460991244819922e+01  1.994775337990182962e+01
301 7526 1.573676e-01 1.718059e+04  1.986023839755713283e+01  1.988489608437049583e+01  1.992031740366934400e+01  1.995016606189785335e+01
302 7551 1.469577e-01 1.742301e+04  1.986023839755713283e+01  1.988863820354541545e+01  1.990392576625862020e+01  1.993776745610480106e+01
303 7576 1.490056e-01 1.832968e+04  1.986023839755713283e+01  1.988325713942363038e+01  1.991603349936338674e+01  1.993973242201364471e+01
304 7601 1.410432e-01 1.864452e+04  1.986023839755713283e+01  1.988256346760383408e+01  1.991465770553032755e+01  1.994476905823253077e+01
305 7626 1.411587e-01 1.847196e+04  1.986023839755713283e+01  1.986852739680465518e+01  1.991025016496031697e+01  1.992586346616604587e+01
306 7651 1.403833e-01 1.884680e+04  1.986023839755713283e+01  1.986963429421784255e+01  1.990781041319989342e+01  1.993775317911770273e+01
307 7676 1.377903e-01 1.987029e+04  1.986023839755713283e+01  1.987699757740665163e+01  1.990926687884573809e+01  1.995518908406891256e+01
308 7701 1.413354e-01 1.987432e+04  1.986023839755713283e+01  1.987090173618158317e+01  1.991484798201598139e+01  1.994322675050861804e+01
309 7726 1.556158e-01 1.923252e+04  1.986023839755713283e+01  1.987667866614756562e+01  1.990796335405937612e+01  1.993977674221756757e+01
310 7751 1.468192e-01 2.021555e+04  1.986023839755713283e+01  1.988157304607837617e+01  1.991807002276273408e+01  1.993860294570160363e+01
311 7776 1.580609e-01 2.119176e+04  1.986023839755713283e+01  1.987727918264274152e+01  1.992199333001182993e+01  1.995225387235951331e+01
312 7801 1.866304e-01 2.127234e+04  1.986023839755713283e+01  1.987265187701024161e+01  1.991157386882778368e+01  1.994580093276319133e+01
313 7826 1.919868e-01 2.114792e+04  1.986023839755713283e+01  1.989635900234068089e+01  1.991440330013697491e+01  1.995997655467662923e+01
314 7851 2.006191e-01 2.157642e+04  1.986023839755713283e+01  1.988489576247026491e+01  1.991169932527783715e+01  1.994596711895017194e+01
315 7876 2.130752e-01 2.239075e+04  1.986023839755713283e+01  1.987696451212690008e+01  1.991419742784755442e+01  1.994390864081309545e+01
316 7901 2.100379e-01 2.275899e+04  1.986023839755713283e+01  1.987395901421378852e+01  1.990781798764080435e+01  1.993772665071150030e+01
317 7926 2.048711e-01 2.223089e+04  1.986023839755713283e+01  1.988012621464460139e+01  1.991411674698374057e+01  1.993984630124603896e+01
318 7951 2.064861e-01 2.316078e+04  1.986023839755713283e+01  1.987533379048452531e+01  1.992378738003748495e+01  1.994858844635900752e+01
319 7976 2.152105e-01 2.417652e+04  1.986023839755713283e+01  1.987714004617231112e+01  1.991662773953544985e+01  1.994476483189989935e+01
320 8001 2.048932e-01 2.316824e+04  1.986023839755713283e+01  1.987359285166600387e+01  1.991296383018861249e+01  1.993792135513339758e+01
321 8026 1.916446e-01 2.264085e+04  1.986023839755713283e+01  1.989524670817564811e+01  1.991581517714158878e+01  1.995092812043436581e+01
322 8051 1.697490e-01 2.291747e+04  1.986023839755713283e+01  1.987507400050709094e+01  1.991574804673144072e+01  1.994473270964202172e+01
323 8076 1.686067e-01 2.185944e+04  1.986023839755713283e+01  1.987293754792220568e+01  1.990654040972720296e+01  1.994650508793543509e+01
324 8101 1.878204e-01 2.173279e+04  1.986023839755713283e+01  1.987493792613497590e+01  1.991937655602961499e+01  1.993913655381009065e+01
325 8126 2.040078e-01 2.157885e+04  1.986023839755713283e+01  1.988454721682448678e+01  1.991197470460090813e+01  1.994826190629533968e+01
326 8151 2.187818e-01 2.111464e+04  1.986023839755713283e+01  1.986187699512148797e+01  1.991694729358821903e+01  1.993886873499278423e+01
327 8176 2.107245e-01 2.022479e+04  1.986023839755713283e+01  1.987744078920964341e+01  1.990699047894640472e+01  1.994669435209211983e+01
328 8201 1.898296e-01 1.997615e+04  1.986023839755713283e+01  1.988383360135697231e+01  1.990922098377450666e+01  1.994762654351636399e+01
329 8226 1.882601e-01 2.069315e+04  1.986023839755713283e+01  1.988758999234730851e+01  1.990893308848916377e+01  1.993307502009227150e+01
330 8251 1.771522e-01 2.086249e+04  1.986023839755713283e+01  1.987613277696678793e+01  1.991409702938943838e+01  1.994078228100422479e+01
331 8276 1.720443e-01 2.063888e+04  1.986023839755713283e+01  1.988184014935954025e+01  1.990543281967015687e+01  1.994839065817704338e+01
332 8301 1.759352e-01 2.157603e+04  1.986023839755713283e+01  1.986878371868694515e+01  1.990321700385219827e+01  1.995408448184219097e+01
333 8326 1.755216e-01 2.258156e+04  1.986023839755713283e+01  1.987560020338608879e+01  1.991302546360934045e+01  1.994323501096219076e+01
334 8351 1.627621e-01 2.370675e+04  1.986023839755713283e+01  1.989306363021285406e+01  1.991174009184793547e+01  1.994570010510300762e+01
335 8376 1.507453e-01 2.522675e+04  1.986023839755713283e+01  1.987448244069819836e+01  1.991266634220366427e+01  1.993850087317491671e+01
336 8401 1.281125e-01 2.492595e+04  1.986023839755713283e+01  1.988495997122500825e+01  1.991167555460198457e+01  1.992783854688132905e+01
337 8426 1.256408e-01 2.507544e+04  1.986023839755713283e+01  1.988459067983820461e+01  1.991057248161216719e+01  1.994575155654477427e+01
338 8451 1.190984e-01 2.499837e+04  1.986023839755713283e+01  1.986689381900295714e+01  1.990301850500118164e+01  1.993086807274927352e+01
339 8476 1.058959e-01 2.467233e+04  1.986023839755713283e+01  1.987078495765276287e+01  1.991516111220121843e+01  1.994290600196114838e+01
340 8501 9.470446e-02 2.549187e+04  1.986023839755713283e+01  1.989170119609876508e+01  1.991753075473462431e+01  1.994756090892310496e+01
341 8526 8.307078e-02 2.468541e+04  1.986023839755713283e+01  1.988600833950083313e+01  1.991484306347059885e+01  1.994298832356210127e+01
342 8551 8.298148e-02 2.482122e+04  1.986023839755713283e+01  1.988423981091336401e+01  1.991579870683652942e+01  1.995446466720950696e+01
343 8576 8.835969e-02 2.599505e+04  1.986023839755713283e+01  1.989539787281303873e+01  1.991482466041714261e+01  1.995112946017157185e+01
344 8601 9.892735e-02 2.645805e+04  1.986023839755713283e+01  1.987048156362190809e+01  1.990625815997385217e+01  1.994124440119243147e+01
345 8626 1.017994e-01 2.790079e+04  1.986023839755713283e+01  1.987292419726916037e+01  1.990910450915091090e+01  1.994537554114666023e+01
346 8651 9.457072e-02 2.886361e+04  1.986023839755713283e+01  1.987886610813032107e+01  1.991173073406300631e+01  1.993227354816601959e+01
347 8676 8.340633e-02 2.952164e+04  1.986023839755713283e+01  1.988116071869762536e+01  1.991330710282972305e+01  1.993900345889057846e+01
348 8701 8.753092e-02 2.949032e+04  1.986023839755713283e+01  1.988660295415043322e+01  1.992034176130275824e+01  1.995109195872150565e+01
349 8726 1.147547e-01 3.055913e+04  1.986023839755713283e+01  1.986513029672554964e+01  1.991276232575606286e+01  1.993755086624251049e+01
350 8751 1.261301e-01 3.005829e+04  1.986023839755713283e+01  1.987939822823924274e+01  1.991392216964060324e+01  1.994412135807027298e+01
351 8776 1.372520e-01 2.998482e+04  1.986023839755713283e+01  1.988130444137278374e+01  1.991365239597125480e+01  1.993890435650683202e+01
352 8801 1.469841e-01 3.130362e+04  1.986023839755713283e+01  1.988194743444952550e+01  1.991239516731116410e+01  1.993417086871302502e+01
353 8826 1.407049e-01 3.187187e+04  1.986023839755713283e+01  1.986917094489068347e+01  1.992058495031944787e+01  1.994363504636893225e+01
354 8851 1.555330e-01 3.254057e+04  1.986023839755713283e+01  1.987066882830908199e+01  1.991063110700824268e+01  1.994164792696370370e+01
355 8876 1.521284e-01 3.158507e+04  1.986023839755713283e+01  1.988427152773610018e+01  1.991136019072504837e+01  1.993243712829605840e+01
356 8901 1.497305e-01 3.007901e+04  1.986023839755713283e+01  1.987465477478533771e+01  1.991769876167362341e+01  1.994253766333213918e+01
357 8926 1.561910e-01 3.176869e+04  1.986023839755713283e+01  1.988252258216603963e+01  1.991170929110936072e+01  1.993242756594797882e+01
358 8951 1.655876e-01 3.460963e+04  1.986023839755713283e+01  1.988143402749091848e+01  1.990759006432291400e+01  1.995263957833646984e+01
359 8976 1.519630e-01 3.491816e+04  1.985958678810158418e+01  1.985958678810158418e+01  1.991048938986959271e+01  1.994145886704875537e+01
360 9001 1.459548e-01 3.674308e+04  1.985958678810158418e+01  1.986734724114331385e+01  1.990865504270736608e+01  1.994586187621867523e+01
361 9026 1.475218e-01 3.896196e+04  1.985958678810158418e+01  1.989088126773648924e+01  1.991574692640844901e+01  1.994343156362846869e+01
362 9051 1.473281e-01 4.014337e+04  1.985958678810158418e+01  1.986766679965742810e+01  1.990932290839179686e+01  1.994617482419982224e+01
363 9076 1.742163e-01 3.714287e+04  1.985958678810158418e+01  1.987326307880838172e+01  1.990752243782016251e+01  1.993624939135729335e+01
364 9101 1.701756e-01 3.908740e+04  1.985958678810158418e+01  1.989450511963445578e+01  1.991842179096404664e+01  1.993648634812245390e+01
365 9126 1.570487e-01 3.955353e+04  1.985958678810158418e+01  1.987055598925766731e+01  1.990714709622132261e+01  1.993514045664050371e+01
366 9151 1.558855e-01 4.033345e+04  1.985958678810158418e+01  1.986393022985686230e+01  1.990846863569445446e+01  1.993716914884041813e+01
367 9176 1.437841e-01 4.135857e+04  1.985958678810158418e+01  1.986811693680982316e+01  1.991404816183238324e+01  1.994146283686650278e+01
368 9201 1.489610e-01 4.217473e+04  1.985958678810158418e+01  1.986698524424580725e+01  1.990211368759923616e+01  1.994569322424025870e+01
369 9226 1.522668e-01 4.451641e+04  1.985958678810158418e+01  1.987832074558112794e+01  1.991418482442724169e+01  1.994056924875776104e+01
370 9251 1.669983e-01 4.361749e+04  1.985958678810158418e+01  1.987361573786838420e+01  1.991700424726640861e+01  1.994232239955686836e+01
371 9276 1.626293e-01 4.380754e+04  1.985958678810158418e+01  1.988363101019622903e+01  1.990480420023893871e+01  1.994368504718496737e+01
372 9301 1.542631e-01 4.451865e+04  1.985958678810158418e+01  1.986972033249884717e+01  1.991226313985263374e+01  1.995552129466230795e+01
373 9326 1.627433e-01 4.477395e+04  1.985958678810158418e+01  1.987671547152281448e+01  1.991251578182729176e+01  1.993580374931370613e+01
374 9351 1.645308e-01 4.578546e+04  1.985958678810158418e+01  1.987275969656354491e+01  1.991217787811737239e+01  1.993589010917067483e+01
375 9376 1.539495e-01 4.727507e+04  1.985958678810158418e+01  1.988688693429844179e+01  1.991648778787176965e+01  1.994350046629349649e+01
376 9401 1.710862e-01 4.772934e+04  1.985958678810158418e+01  1.989053697881041671e+01  1.991153164004025555e+01  1.994780075081242998e+01
377 9426 1.881192e-01 4.951196e+04  1.985958678810158418e+01  1.987351012823311081e+01  1.991275335196156604e+01  1.995325812744467342e+01
378 9451 1.702853e-01 4.927815e+04  1.985958678810158418e+01  1.987571329599054337e+01  1.991900510319668172e+01  1.993796084166572058e+01
379 9476 1.750945e-01 4.740091e+04  1.985958678810158418e+01  1.987680888800101542e+01  1.991278495094736556e+01  1.996521498803718231e+01
380 9501 1.689963e-01 4.682878e+04  1.985958678810158418e+01  1.988096623112946304e+01  1.990762715528502369e+01  1.994960932199817449e+01
381 9526 1.537740e-01 4.961815e+04  1.985958678810158418e+01  1.988210108369380080e+01  1.991808941111558440e+01  1.994273928279769947e+01
382 9551 1.413325e-01 5.035936e+04  1.985958678810158418e+01  1.987669747350973637e+01  1.991239570971505302e+01  1.994091990366034395e+01
383 9576 1.440766e-01 4.624489e+04  1.985958678810158418e+01  1.987768378700398131e+01  1.991566480430445907e+01  1.993182943950964514e+01
384 9601 1.620322e-01 4.886436e+04  1.985958678810158418e+01  1.987390187105376427e+01  1.990899817216134693e+01  1.994388472597089290e+01
385 9626 1.560342e-01 5.040140e+04  1.985958678810158418e+01  1.987708301064447980e+01  1.991842874855756307e+01  1.994406887608091949e+01
386 9651 1.513166e-01 5.017662e+04  1.985958678810158418e+01  1.988416537066881062e+01  1.990670000044580945e+01  1.993716293765156777e+01
387 9676 1.359357e-01 4.997073e+04  1.985958678810158418e+01  1.988027786620641280e+01  1.991204226029289970e+01  1.994069154900983065e+01
388 9701 1.229078e-01 4.999941e+04  1.985958678810158418e+01  1.987998390388588987e+01  1.990954755114546515e+01  1.994329050023704752e+01
389 9726 1.154275e-01 4.866299e+04  1.985958678810158418e+01  1.987302973951712559e+01  1.991465484080313786e+01  1.995235696294687244e+01
390 9751 1.052554e-01 4.868894e+04  1.985958678810158418e+01  1.986670621166112127e+01  1.991064773298536750e+01  1.994911137994409955e+01
391 9776 1.008010e-01 5.034911e+04  1.985958678810158418e+01  1.986802602308806698e+01  1.991635122804198943e+01  1.994547798848711295e+01
392 9801 1.062139e-01 5.141461e+04  1.985958678810158418e+01  1.988136617864636690e+01  1.991269737937128781e+01  1.996275188898947661e+01
393 9826 1.064106e-01 5.138696e+04  1.985958678810158418e+01  1.988127741309171270e+01  1.991399653130039482e+01  1.993874782814241442e+01
394 9851 1.185449e-01 5.171531e+04  1.985958678810158418e+01  1.988577054796357757e+01  1.990917631851513292e+01  1.994046334627141803e+01
395 9876 1.199462e-01 4.984055e+04  1.985958678810158418e+01  1.988218237870993477e+01  1.991112712927661477e+01  1.994608320234115340e+01
396 9901 1.109902e-01 4.976069e+04  1.985958678810158418e+01  1.988101440675318443e+01  1.991278553077606972e+01  1.994411924095494015e+01
397 9926 1.013507e-01 4.940134e+04  1.985958678810158418e+01  1.987184588649639494e+01  1.991539003498811766e+01  1.993900352997963665e+01
398 9951 9.359581e-02 4.799859e+04  1.985958678810158418e+01  1.988707585601498096e+01  1.991446020054106469e+01  1.993050437823231036e+01
399 9976 8.618804e-02 4.637676e+04  1.985958678810158418e+01  1.988910350227681434e+01  1.991915115177215156e+01  1.993220911396552708e+01
400 10001 8.935182e-02 4.822112e+04  1.985958678810158418e+01  1.988417463884616865e+01  1.990892316915403981e+01  1.995200935373956597e+01
401 10026 1.006931e-01 4.644553e+04  1.985958678810158418e+01  1.988341540868271551e+01  1.991651624026096101e+01  1.994475913992390304e+01
