%  columns=["iteration, evaluation, sigma, void, void, stds==sigma*sqrt(diag(C))" (startseed=210193, 2015/08/21 15:19:23.94)
1 26 1.042622e+00 0 0 5.352705e-01 4.742577e-01 1.046770e+00 3.214556e-01 6.210616e-01 4.686796e-01 3.315413e-01 4.109290e-01 3.196608e-01 
2 51 1.077302e+00 0 0 5.528554e-01 4.744899e-01 1.059251e+00 3.272157e-01 6.357764e-01 5.075074e-01 3.269045e-01 4.128136e-01 3.241736e-01 
3 76 1.141557e+00 0 0 6.181032e-01 5.050277e-01 1.106450e+00 3.434691e-01 6.551209e-01 5.465739e-01 3.377842e-01 4.309670e-01 3.384734e-01 
4 101 1.183287e+00 0 0 6.303242e-01 5.065655e-01 1.111061e+00 3.544276e-01 6.764255e-01 5.621603e-01 3.463980e-01 4.496785e-01 3.458461e-01 
5 126 1.123242e+00 0 0 5.780086e-01 4.643512e-01 1.023804e+00 3.248867e-01 6.232702e-01 5.173898e-01 3.346032e-01 4.183640e-01 3.216677e-01 
6 151 9.986369e-01 0 0 4.962102e-01 4.035050e-01 8.945096e-01 2.796521e-01 5.418057e-01 4.472562e-01 2.868598e-01 3.698787e-01 2.780601e-01 
7 176 9.541421e-01 0 0 4.527664e-01 3.799932e-01 8.310308e-01 2.615797e-01 5.021240e-01 4.218235e-01 2.628265e-01 3.589369e-01 2.707728e-01 
8 201 9.593280e-01 0 0 4.390243e-01 3.769792e-01 8.084163e-01 2.584050e-01 4.953756e-01 4.358393e-01 2.589395e-01 3.602714e-01 2.648897e-01 
9 226 8.929796e-01 0 0 3.939827e-01 3.460798e-01 7.478980e-01 2.328522e-01 4.553481e-01 4.101745e-01 2.360428e-01 3.370030e-01 2.463211e-01 
10 251 8.086779e-01 0 0 3.438636e-01 3.091704e-01 6.653857e-01 2.051364e-01 4.004762e-01 3.607386e-01 2.125732e-01 3.022484e-01 2.193079e-01 
11 276 8.380128e-01 0 0 3.410688e-01 3.388151e-01 6.871045e-01 2.196034e-01 4.133987e-01 3.652806e-01 2.126893e-01 3.052133e-01 2.188496e-01 
12 301 8.280057e-01 0 0 3.242315e-01 3.358933e-01 6.696879e-01 2.281135e-01 4.057577e-01 3.506139e-01 2.003836e-01 2.965524e-01 2.132491e-01 
13 326 7.976345e-01 0 0 3.081534e-01 3.212226e-01 6.367615e-01 2.253620e-01 3.753968e-01 3.277247e-01 1.865264e-01 2.773780e-01 2.023509e-01 
14 351 8.210744e-01 0 0 3.109353e-01 3.260975e-01 6.400371e-01 2.376702e-01 3.809502e-01 3.357103e-01 2.011321e-01 2.821005e-01 2.013458e-01 
15 376 7.624607e-01 0 0 2.831132e-01 2.932681e-01 5.876708e-01 2.236976e-01 3.406903e-01 3.189400e-01 1.821678e-01 2.518238e-01 1.852081e-01 
16 401 7.500643e-01 0 0 2.757473e-01 2.840092e-01 5.643123e-01 2.239917e-01 3.298693e-01 3.156660e-01 1.767901e-01 2.494574e-01 1.842884e-01 
17 426 7.240931e-01 0 0 2.579130e-01 2.694376e-01 5.416173e-01 2.171950e-01 3.118595e-01 3.059093e-01 1.680065e-01 2.329900e-01 1.806660e-01 
18 451 7.096618e-01 0 0 2.468242e-01 2.671856e-01 5.370865e-01 2.087227e-01 3.091021e-01 2.999943e-01 1.652790e-01 2.268241e-01 1.782159e-01 
19 476 6.561903e-01 0 0 2.247249e-01 2.536044e-01 4.837708e-01 1.985890e-01 2.899864e-01 2.768989e-01 1.496987e-01 2.052748e-01 1.632867e-01 
20 501 6.125028e-01 0 0 2.025650e-01 2.310129e-01 4.479301e-01 1.821321e-01 2.697465e-01 2.530454e-01 1.372728e-01 1.872541e-01 1.523803e-01 
21 526 6.136392e-01 0 0 1.969801e-01 2.268334e-01 4.528576e-01 1.820983e-01 2.665176e-01 2.615011e-01 1.335698e-01 1.829534e-01 1.578230e-01 
22 551 5.593031e-01 0 0 1.753004e-01 2.017166e-01 4.031589e-01 1.647850e-01 2.396709e-01 2.391984e-01 1.222652e-01 1.624804e-01 1.431180e-01 
23 576 5.929158e-01 0 0 1.796801e-01 2.146768e-01 4.438140e-01 1.760295e-01 2.562597e-01 2.524154e-01 1.251947e-01 1.701623e-01 1.498684e-01 
24 601 5.455916e-01 0 0 1.710861e-01 1.916784e-01 4.119699e-01 1.572015e-01 2.356374e-01 2.265889e-01 1.104223e-01 1.522917e-01 1.437023e-01 
25 626 5.109283e-01 0 0 1.572552e-01 1.749338e-01 3.788601e-01 1.452119e-01 2.278779e-01 2.145240e-01 1.015176e-01 1.424738e-01 1.360967e-01 
26 651 4.974800e-01 0 0 1.526722e-01 1.699645e-01 3.670122e-01 1.413487e-01 2.334127e-01 2.117880e-01 9.852807e-02 1.343483e-01 1.278530e-01 
27 676 4.087910e-01 0 0 1.246864e-01 1.363760e-01 2.969829e-01 1.142938e-01 1.967128e-01 1.695633e-01 8.301275e-02 1.097450e-01 1.032315e-01 
28 701 4.214748e-01 0 0 1.271475e-01 1.367087e-01 2.962013e-01 1.179697e-01 2.029923e-01 1.744735e-01 8.700798e-02 1.082308e-01 1.036795e-01 
29 726 4.670819e-01 0 0 1.384585e-01 1.522217e-01 3.305376e-01 1.286228e-01 2.168705e-01 1.856287e-01 1.003908e-01 1.149104e-01 1.167642e-01 
30 751 5.146132e-01 0 0 1.472550e-01 1.652756e-01 3.633469e-01 1.368474e-01 2.569398e-01 2.073359e-01 1.124767e-01 1.214288e-01 1.269432e-01 
31 776 5.159269e-01 0 0 1.413599e-01 1.667082e-01 3.532486e-01 1.311960e-01 2.529098e-01 2.070085e-01 1.104519e-01 1.190802e-01 1.292580e-01 
32 801 4.617567e-01 0 0 1.230792e-01 1.470179e-01 3.220038e-01 1.137506e-01 2.172749e-01 1.801855e-01 9.884727e-02 1.036046e-01 1.165128e-01 
33 826 4.722494e-01 0 0 1.316773e-01 1.463973e-01 3.262806e-01 1.131983e-01 2.135149e-01 1.799286e-01 9.761296e-02 1.017331e-01 1.184658e-01 
34 851 4.554060e-01 0 0 1.287264e-01 1.369874e-01 3.143702e-01 1.047799e-01 2.009390e-01 1.797875e-01 9.535182e-02 9.718195e-02 1.109004e-01 
35 876 4.463431e-01 0 0 1.241258e-01 1.329333e-01 3.040170e-01 1.003530e-01 1.924787e-01 1.735591e-01 9.094535e-02 9.340635e-02 1.080645e-01 
36 901 4.502549e-01 0 0 1.223011e-01 1.406032e-01 3.163678e-01 1.002154e-01 1.919473e-01 1.702045e-01 9.236960e-02 9.061354e-02 1.088179e-01 
37 926 4.951048e-01 0 0 1.322592e-01 1.611390e-01 3.445686e-01 1.079854e-01 2.094685e-01 1.829237e-01 1.029479e-01 1.028723e-01 1.166375e-01 
38 951 5.080403e-01 0 0 1.329971e-01 1.615149e-01 3.751734e-01 1.126399e-01 2.093503e-01 1.835534e-01 1.027870e-01 1.036002e-01 1.206441e-01 
39 976 4.774700e-01 0 0 1.219599e-01 1.546881e-01 3.585876e-01 1.062261e-01 1.899708e-01 1.748322e-01 9.518526e-02 9.345202e-02 1.113992e-01 
40 1001 4.577271e-01 0 0 1.130033e-01 1.433904e-01 3.496105e-01 1.015329e-01 1.753465e-01 1.663609e-01 8.780795e-02 8.890722e-02 1.090022e-01 
41 1026 4.527876e-01 0 0 1.083428e-01 1.366821e-01 3.366317e-01 1.012385e-01 1.712192e-01 1.608565e-01 9.119299e-02 8.597446e-02 1.091078e-01 
42 1051 4.217640e-01 0 0 9.763461e-02 1.237592e-01 3.150342e-01 9.416190e-02 1.572268e-01 1.509381e-01 8.614741e-02 7.753262e-02 9.925998e-02 
43 1076 3.891235e-01 0 0 8.672189e-02 1.126988e-01 2.991361e-01 8.655380e-02 1.445875e-01 1.335606e-01 7.648265e-02 6.922481e-02 9.176414e-02 
44 1101 3.254847e-01 0 0 6.960023e-02 9.269951e-02 2.424447e-01 7.055170e-02 1.179498e-01 1.094492e-01 6.213229e-02 5.630742e-02 7.415446e-02 
45 1126 3.190138e-01 0 0 6.885202e-02 8.949098e-02 2.283122e-01 6.764369e-02 1.116308e-01 1.067856e-01 6.169766e-02 5.387158e-02 7.200687e-02 
46 1151 3.211304e-01 0 0 6.825513e-02 9.172290e-02 2.226904e-01 6.715556e-02 1.098113e-01 1.089470e-01 6.242019e-02 5.242385e-02 7.128694e-02 
47 1176 2.731098e-01 0 0 5.695880e-02 7.717783e-02 1.843488e-01 5.789528e-02 9.270365e-02 8.952665e-02 5.145163e-02 4.376673e-02 5.909192e-02 
48 1201 2.414129e-01 0 0 4.909170e-02 6.598083e-02 1.560256e-01 5.129553e-02 7.990179e-02 7.683762e-02 4.521298e-02 3.784594e-02 5.054638e-02 
49 1226 2.644775e-01 0 0 5.220315e-02 7.109191e-02 1.736761e-01 5.444936e-02 8.710217e-02 8.798416e-02 5.169510e-02 4.169680e-02 5.429059e-02 
50 1251 2.829203e-01 0 0 5.491609e-02 8.032730e-02 1.840757e-01 5.847604e-02 9.227251e-02 9.868346e-02 5.928610e-02 4.515910e-02 5.776043e-02 
51 1276 3.000452e-01 0 0 5.732095e-02 8.273912e-02 1.900522e-01 6.007497e-02 9.832893e-02 1.053350e-01 6.309942e-02 4.810141e-02 6.495528e-02 
52 1301 2.813242e-01 0 0 5.437961e-02 7.862493e-02 1.794648e-01 5.661730e-02 9.239333e-02 9.876211e-02 5.784339e-02 4.472188e-02 6.055181e-02 
53 1326 2.681266e-01 0 0 5.040675e-02 7.335611e-02 1.658623e-01 5.361316e-02 8.490433e-02 9.040570e-02 5.494580e-02 4.144196e-02 5.577616e-02 
54 1351 2.577321e-01 0 0 4.827778e-02 7.064446e-02 1.575635e-01 5.272167e-02 7.900235e-02 8.675216e-02 5.125194e-02 4.001686e-02 5.405593e-02 
55 1376 2.642779e-01 0 0 5.150655e-02 6.951913e-02 1.624857e-01 5.475436e-02 8.090618e-02 8.730737e-02 5.144428e-02 4.043297e-02 5.507680e-02 
56 1401 2.882601e-01 0 0 5.533125e-02 7.517508e-02 1.971369e-01 5.960922e-02 9.022651e-02 9.473652e-02 5.762629e-02 4.427843e-02 6.057411e-02 
57 1426 3.009910e-01 0 0 5.728667e-02 7.634906e-02 2.083799e-01 6.253198e-02 9.229747e-02 1.000364e-01 6.060194e-02 4.536263e-02 6.188665e-02 
58 1451 3.170955e-01 0 0 5.942258e-02 7.858979e-02 2.353122e-01 6.589839e-02 9.620344e-02 1.028803e-01 6.744092e-02 4.754939e-02 6.544384e-02 
59 1476 2.841849e-01 0 0 5.254713e-02 6.772247e-02 2.102652e-01 5.803520e-02 8.441823e-02 8.932091e-02 5.995320e-02 4.125491e-02 5.785035e-02 
60 1501 2.668715e-01 0 0 4.865721e-02 6.168061e-02 1.960088e-01 5.480251e-02 7.923262e-02 8.709760e-02 5.495029e-02 3.830301e-02 5.435916e-02 
61 1526 2.971286e-01 0 0 5.305593e-02 6.766048e-02 2.090392e-01 6.175357e-02 8.868210e-02 9.621266e-02 6.545450e-02 4.190024e-02 6.154338e-02 
62 1551 3.123174e-01 0 0 5.435931e-02 6.986376e-02 2.221314e-01 6.358599e-02 8.971882e-02 1.007264e-01 7.020750e-02 4.283969e-02 6.323939e-02 
63 1576 3.459777e-01 0 0 5.994694e-02 7.794295e-02 2.494005e-01 6.885186e-02 1.062048e-01 1.090919e-01 7.654958e-02 4.718504e-02 7.260211e-02 
64 1601 3.128466e-01 0 0 5.209433e-02 6.895559e-02 2.243005e-01 5.977405e-02 9.481552e-02 9.901609e-02 6.682165e-02 4.167351e-02 6.622383e-02 
65 1626 2.973945e-01 0 0 4.835397e-02 6.569825e-02 2.145838e-01 5.461081e-02 8.904340e-02 9.177631e-02 6.217167e-02 3.850051e-02 6.371703e-02 
66 1651 2.726986e-01 0 0 4.395116e-02 5.905980e-02 1.994359e-01 4.932578e-02 8.029297e-02 8.119671e-02 5.693287e-02 3.492708e-02 5.921592e-02 
67 1676 2.819294e-01 0 0 4.457758e-02 5.937469e-02 2.049469e-01 4.971771e-02 8.144029e-02 8.212678e-02 6.511895e-02 3.566195e-02 6.067064e-02 
68 1701 2.828529e-01 0 0 4.451421e-02 5.960462e-02 1.991384e-01 5.001434e-02 8.053653e-02 8.130816e-02 6.753127e-02 3.492759e-02 5.840323e-02 
69 1726 2.555391e-01 0 0 4.080663e-02 5.391831e-02 1.772730e-01 4.485922e-02 7.143537e-02 7.195018e-02 6.229238e-02 3.041755e-02 5.435275e-02 
70 1751 2.475651e-01 0 0 4.068338e-02 5.287761e-02 1.669551e-01 4.613161e-02 7.121449e-02 6.843563e-02 6.031107e-02 2.983257e-02 5.067944e-02 
71 1776 2.648159e-01 0 0 4.445735e-02 6.003789e-02 1.785242e-01 4.983061e-02 7.797843e-02 7.362611e-02 6.235415e-02 3.129882e-02 5.364923e-02 
72 1801 2.484353e-01 0 0 4.060035e-02 5.613794e-02 1.673539e-01 4.659443e-02 7.372830e-02 6.837484e-02 5.731720e-02 2.924828e-02 5.210091e-02 
73 1826 2.438998e-01 0 0 3.959441e-02 5.309023e-02 1.628669e-01 4.709416e-02 7.599435e-02 6.568853e-02 6.026077e-02 2.893048e-02 5.187811e-02 
74 1851 2.295369e-01 0 0 3.621824e-02 4.842947e-02 1.529132e-01 4.337039e-02 6.986420e-02 5.961151e-02 5.600402e-02 2.805674e-02 4.726574e-02 
75 1876 2.054396e-01 0 0 3.296503e-02 4.296332e-02 1.345025e-01 3.934154e-02 6.088767e-02 5.218096e-02 4.937188e-02 2.539845e-02 4.191709e-02 
76 1901 2.168576e-01 0 0 3.501194e-02 4.469305e-02 1.555313e-01 4.187504e-02 6.246137e-02 5.381092e-02 5.200553e-02 2.595160e-02 4.474011e-02 
77 1926 2.132215e-01 0 0 3.381863e-02 4.268670e-02 1.519746e-01 4.075069e-02 6.279052e-02 5.282606e-02 5.133994e-02 2.491704e-02 4.440507e-02 
78 1951 2.227541e-01 0 0 3.586719e-02 4.378377e-02 1.591740e-01 4.169510e-02 6.386774e-02 5.418766e-02 5.199134e-02 2.511182e-02 4.697488e-02 
79 1976 2.402875e-01 0 0 3.823373e-02 4.608227e-02 1.790713e-01 4.546102e-02 6.861008e-02 5.863625e-02 5.902926e-02 2.699274e-02 5.233903e-02 
80 2001 2.792932e-01 0 0 4.441135e-02 5.327898e-02 2.094781e-01 5.311682e-02 7.844003e-02 7.290503e-02 6.689163e-02 3.051952e-02 5.894612e-02 
81 2026 2.685414e-01 0 0 4.231395e-02 4.954461e-02 1.981866e-01 4.980594e-02 7.327787e-02 7.193833e-02 6.286444e-02 2.902837e-02 5.683085e-02 
82 2051 2.664374e-01 0 0 4.228404e-02 4.751468e-02 1.953733e-01 4.785425e-02 7.339975e-02 6.985977e-02 6.075201e-02 2.853143e-02 5.670680e-02 
83 2076 2.291848e-01 0 0 3.531121e-02 3.991139e-02 1.638185e-01 4.028294e-02 6.292004e-02 5.880572e-02 5.317930e-02 2.394054e-02 5.020330e-02 
84 2101 1.994084e-01 0 0 3.021210e-02 3.367217e-02 1.450181e-01 3.448428e-02 5.533737e-02 5.076923e-02 4.573435e-02 2.013411e-02 4.308373e-02 
85 2126 2.039147e-01 0 0 3.116494e-02 3.402397e-02 1.535776e-01 3.727677e-02 5.807946e-02 5.092348e-02 4.644118e-02 2.022003e-02 4.409856e-02 
86 2151 2.060229e-01 0 0 3.111574e-02 3.456361e-02 1.585351e-01 3.801975e-02 6.001160e-02 5.138160e-02 4.792717e-02 2.039846e-02 4.322076e-02 
87 2176 2.321844e-01 0 0 3.711939e-02 3.797414e-02 1.803237e-01 4.189732e-02 6.627670e-02 5.745565e-02 5.972277e-02 2.356471e-02 4.738943e-02 
88 2201 2.371440e-01 0 0 3.828657e-02 3.875239e-02 1.819144e-01 4.344168e-02 6.847346e-02 5.804989e-02 6.414507e-02 2.376091e-02 4.775403e-02 
89 2226 2.224012e-01 0 0 3.607803e-02 3.576459e-02 1.750133e-01 4.097425e-02 6.261048e-02 5.372042e-02 5.887175e-02 2.214381e-02 4.527014e-02 
90 2251 2.117637e-01 0 0 3.346959e-02 3.340547e-02 1.609625e-01 3.979606e-02 5.769188e-02 4.992690e-02 5.785680e-02 2.090977e-02 4.358814e-02 
91 2276 2.091606e-01 0 0 3.293321e-02 3.163266e-02 1.598187e-01 3.913932e-02 5.461741e-02 4.882609e-02 5.653205e-02 2.021664e-02 4.284927e-02 
92 2301 1.935710e-01 0 0 3.053796e-02 2.882500e-02 1.493447e-01 3.638410e-02 4.897586e-02 4.410385e-02 5.253618e-02 1.799089e-02 3.971549e-02 
93 2326 1.935475e-01 0 0 3.006203e-02 2.893437e-02 1.507222e-01 3.609460e-02 4.831046e-02 4.366990e-02 5.165213e-02 1.758559e-02 3.932235e-02 
94 2351 1.945200e-01 0 0 3.064514e-02 2.860817e-02 1.524403e-01 3.660919e-02 4.777537e-02 4.541158e-02 5.116712e-02 1.706460e-02 4.133388e-02 
95 2376 1.967516e-01 0 0 3.044527e-02 2.860537e-02 1.549837e-01 3.644537e-02 4.747890e-02 4.561171e-02 5.325315e-02 1.666239e-02 4.113223e-02 
96 2401 2.022507e-01 0 0 3.076740e-02 2.937271e-02 1.583304e-01 3.642574e-02 4.763269e-02 4.603743e-02 5.698263e-02 1.697502e-02 4.343502e-02 
97 2426 1.997045e-01 0 0 2.978552e-02 2.880233e-02 1.567842e-01 3.572489e-02 4.584422e-02 4.484478e-02 5.547333e-02 1.647730e-02 4.243650e-02 
98 2451 2.157226e-01 0 0 3.121054e-02 3.078252e-02 1.715466e-01 3.783091e-02 5.015353e-02 4.646136e-02 6.347281e-02 1.746965e-02 4.636525e-02 
99 2476 2.158532e-01 0 0 3.086915e-02 3.051095e-02 1.689769e-01 3.934626e-02 5.004600e-02 4.526356e-02 6.167563e-02 1.708593e-02 4.604687e-02 
100 2501 2.416892e-01 0 0 3.342367e-02 3.324214e-02 1.849275e-01 4.292567e-02 5.646915e-02 4.950290e-02 7.407597e-02 1.835810e-02 5.066482e-02 
101 2526 2.807587e-01 0 0 3.781545e-02 3.795293e-02 2.198130e-01 4.909442e-02 6.439796e-02 5.726532e-02 9.422461e-02 2.088086e-02 5.738778e-02 
102 2551 3.339310e-01 0 0 4.459915e-02 4.439688e-02 2.640190e-01 5.874872e-02 8.055916e-02 6.887619e-02 1.208864e-01 2.462420e-02 6.749979e-02 
103 2576 3.424607e-01 0 0 4.496356e-02 4.394987e-02 2.711699e-01 6.014711e-02 8.140278e-02 6.969120e-02 1.198158e-01 2.558536e-02 6.859823e-02 
104 2601 3.277725e-01 0 0 4.282547e-02 4.072517e-02 2.596195e-01 5.577375e-02 7.721697e-02 6.539666e-02 1.136336e-01 2.394044e-02 6.677691e-02 
105 2626 2.834863e-01 0 0 3.584514e-02 3.397551e-02 2.191898e-01 4.727210e-02 6.447781e-02 5.598536e-02 9.417051e-02 1.990974e-02 5.705674e-02 
106 2651 2.822725e-01 0 0 3.590478e-02 3.283663e-02 2.130726e-01 4.632419e-02 6.283610e-02 5.458432e-02 9.329048e-02 1.957356e-02 6.118732e-02 
107 2676 2.948804e-01 0 0 3.788263e-02 3.373387e-02 2.190342e-01 4.912323e-02 6.345452e-02 5.603648e-02 9.383083e-02 2.027181e-02 6.321876e-02 
108 2701 3.211939e-01 0 0 4.005853e-02 3.649127e-02 2.313292e-01 5.208760e-02 6.703721e-02 6.400183e-02 1.027054e-01 2.163911e-02 7.425691e-02 
109 2726 3.165743e-01 0 0 4.040790e-02 3.740804e-02 2.336969e-01 5.048838e-02 6.514424e-02 6.487865e-02 9.873110e-02 2.060401e-02 7.459091e-02 
110 2751 3.170395e-01 0 0 4.108050e-02 3.764315e-02 2.258410e-01 4.879888e-02 6.311020e-02 6.713648e-02 9.830661e-02 2.172182e-02 7.293692e-02 
111 2776 3.176434e-01 0 0 4.010489e-02 3.786303e-02 2.280240e-01 5.069590e-02 6.267689e-02 6.483989e-02 9.721732e-02 2.183538e-02 7.296943e-02 
112 2801 2.830518e-01 0 0 3.526486e-02 3.244351e-02 1.992430e-01 4.428453e-02 5.436707e-02 5.560511e-02 8.757569e-02 1.928985e-02 6.449880e-02 
113 2826 2.899672e-01 0 0 3.511160e-02 3.265566e-02 1.972437e-01 4.390192e-02 5.711523e-02 5.544242e-02 8.872310e-02 1.957429e-02 6.527491e-02 
114 2851 2.845466e-01 0 0 3.388262e-02 3.192748e-02 1.923364e-01 4.295572e-02 5.683627e-02 5.764659e-02 8.873852e-02 1.858850e-02 6.167878e-02 
115 2876 2.822534e-01 0 0 3.515504e-02 3.114633e-02 1.872487e-01 4.280120e-02 5.615861e-02 5.770260e-02 8.834021e-02 1.836254e-02 5.980076e-02 
116 2901 2.735678e-01 0 0 3.328918e-02 3.133521e-02 1.795189e-01 4.159301e-02 5.554361e-02 5.777300e-02 8.472843e-02 1.796833e-02 5.599871e-02 
117 2926 2.692894e-01 0 0 3.257878e-02 3.060125e-02 1.787967e-01 4.169527e-02 5.380818e-02 5.551184e-02 8.262439e-02 1.721497e-02 5.337148e-02 
118 2951 2.489293e-01 0 0 2.894901e-02 2.798899e-02 1.618084e-01 3.863388e-02 4.773650e-02 5.113885e-02 7.373009e-02 1.565403e-02 4.903923e-02 
119 2976 2.416735e-01 0 0 2.824577e-02 2.739577e-02 1.604831e-01 3.727486e-02 4.518744e-02 4.812795e-02 6.916042e-02 1.493992e-02 4.946296e-02 
120 3001 2.548407e-01 0 0 2.924748e-02 2.796613e-02 1.630332e-01 3.905590e-02 4.949219e-02 5.007989e-02 7.241477e-02 1.642682e-02 5.237347e-02 
121 3026 2.201503e-01 0 0 2.498790e-02 2.452795e-02 1.415595e-01 3.351398e-02 4.410671e-02 4.532623e-02 6.044672e-02 1.380389e-02 4.429232e-02 
122 3051 2.200954e-01 0 0 2.542038e-02 2.403464e-02 1.383222e-01 3.278449e-02 4.313458e-02 4.399193e-02 5.988422e-02 1.378875e-02 4.567226e-02 
123 3076 2.313650e-01 0 0 2.650734e-02 2.464096e-02 1.401986e-01 3.365373e-02 4.808303e-02 4.761332e-02 6.281831e-02 1.424598e-02 4.679808e-02 
124 3101 2.198502e-01 0 0 2.539787e-02 2.287633e-02 1.306125e-01 3.172857e-02 4.474861e-02 4.397313e-02 5.823740e-02 1.326362e-02 4.297941e-02 
125 3126 1.970263e-01 0 0 2.231540e-02 2.090399e-02 1.165795e-01 2.822550e-02 3.988623e-02 4.152517e-02 5.190591e-02 1.174960e-02 3.880419e-02 
126 3151 1.879069e-01 0 0 2.105376e-02 1.972615e-02 1.156262e-01 2.671246e-02 3.664505e-02 3.887882e-02 5.021664e-02 1.079075e-02 3.618442e-02 
127 3176 1.769416e-01 0 0 2.036850e-02 1.890004e-02 1.107768e-01 2.415727e-02 3.369616e-02 3.538853e-02 4.545452e-02 9.889678e-03 3.310192e-02 
128 3201 1.748012e-01 0 0 1.941376e-02 1.818812e-02 1.056800e-01 2.329611e-02 3.179168e-02 3.402635e-02 4.362094e-02 9.441396e-03 3.153630e-02 
129 3226 1.529955e-01 0 0 1.670010e-02 1.567530e-02 9.108864e-02 2.012685e-02 2.682442e-02 2.875240e-02 3.715614e-02 7.956116e-03 2.690041e-02 
130 3251 1.539080e-01 0 0 1.742300e-02 1.530832e-02 9.200049e-02 2.064401e-02 2.769587e-02 2.784769e-02 3.719188e-02 7.713838e-03 2.632632e-02 
131 3276 1.555733e-01 0 0 1.785425e-02 1.506079e-02 9.109348e-02 2.111977e-02 2.836654e-02 2.815775e-02 3.657533e-02 7.685851e-03 2.560266e-02 
132 3301 1.538918e-01 0 0 1.782384e-02 1.479801e-02 9.150859e-02 2.155336e-02 2.911351e-02 2.740933e-02 3.540907e-02 7.531314e-03 2.430707e-02 
133 3326 1.394819e-01 0 0 1.563032e-02 1.307500e-02 8.103874e-02 1.908048e-02 2.580697e-02 2.514113e-02 3.140107e-02 6.622984e-03 2.157658e-02 
134 3351 1.324663e-01 0 0 1.442874e-02 1.215725e-02 7.404732e-02 1.801446e-02 2.490896e-02 2.352473e-02 2.965321e-02 6.087118e-03 2.017634e-02 
135 3376 1.274598e-01 0 0 1.419467e-02 1.149501e-02 6.996535e-02 1.675042e-02 2.462408e-02 2.213009e-02 2.856932e-02 5.642983e-03 1.886221e-02 
136 3401 1.255471e-01 0 0 1.392725e-02 1.103372e-02 6.696751e-02 1.613466e-02 2.372032e-02 2.220246e-02 2.746189e-02 5.570534e-03 1.821498e-02 
137 3426 1.249518e-01 0 0 1.386842e-02 1.073997e-02 6.596510e-02 1.547028e-02 2.302962e-02 2.292388e-02 2.666156e-02 5.460005e-03 1.846407e-02 
138 3451 1.117383e-01 0 0 1.217550e-02 9.497668e-03 5.850898e-02 1.389727e-02 2.027999e-02 2.030732e-02 2.301788e-02 4.863198e-03 1.621398e-02 
139 3476 1.097308e-01 0 0 1.178409e-02 9.233348e-03 5.679671e-02 1.352728e-02 1.948166e-02 2.019272e-02 2.214847e-02 4.617787e-03 1.660477e-02 
140 3501 1.064482e-01 0 0 1.140298e-02 8.745713e-03 5.422034e-02 1.266187e-02 1.873905e-02 1.948008e-02 2.144775e-02 4.409420e-03 1.618580e-02 
141 3526 9.609384e-02 0 0 1.024997e-02 7.836250e-03 4.758060e-02 1.115952e-02 1.635788e-02 1.716499e-02 1.901727e-02 3.996139e-03 1.412601e-02 
142 3551 8.811823e-02 0 0 9.165576e-03 7.175939e-03 4.352409e-02 1.009362e-02 1.469320e-02 1.586339e-02 1.683256e-02 3.668929e-03 1.276460e-02 
143 3576 9.893128e-02 0 0 9.989877e-03 8.585307e-03 4.771912e-02 1.090666e-02 1.597475e-02 1.733853e-02 1.817407e-02 4.133945e-03 1.404961e-02 
144 3601 9.371514e-02 0 0 9.703705e-03 8.126761e-03 4.406472e-02 1.022632e-02 1.514899e-02 1.625829e-02 1.690139e-02 4.003709e-03 1.276913e-02 
145 3626 9.719887e-02 0 0 9.792377e-03 8.274464e-03 4.449826e-02 1.094729e-02 1.542015e-02 1.717444e-02 1.734889e-02 4.138600e-03 1.293795e-02 
146 3651 9.671325e-02 0 0 9.395854e-03 7.921365e-03 4.532115e-02 1.112019e-02 1.482228e-02 1.746211e-02 1.719383e-02 4.085538e-03 1.247711e-02 
147 3676 1.039424e-01 0 0 9.860236e-03 8.515216e-03 4.756455e-02 1.166926e-02 1.556672e-02 2.056975e-02 1.834903e-02 4.580865e-03 1.291054e-02 
148 3701 1.032845e-01 0 0 9.462668e-03 8.521745e-03 4.757547e-02 1.216455e-02 1.504962e-02 2.016664e-02 1.834801e-02 4.623585e-03 1.284606e-02 
149 3726 9.154692e-02 0 0 8.111535e-03 7.651229e-03 4.084956e-02 1.089727e-02 1.289941e-02 1.762525e-02 1.623708e-02 4.079676e-03 1.102481e-02 
150 3751 9.267738e-02 0 0 8.386190e-03 7.530216e-03 4.137073e-02 1.091842e-02 1.393863e-02 1.770937e-02 1.662692e-02 4.250073e-03 1.105581e-02 
151 3776 8.597443e-02 0 0 7.511111e-03 6.914198e-03 3.807189e-02 9.863756e-03 1.266349e-02 1.573292e-02 1.499315e-02 3.896629e-03 9.919441e-03 
152 3801 8.182317e-02 0 0 6.973439e-03 6.834606e-03 3.667389e-02 9.281301e-03 1.169557e-02 1.490133e-02 1.406167e-02 3.735015e-03 9.123155e-03 
153 3826 7.729349e-02 0 0 6.684575e-03 6.473730e-03 3.385015e-02 8.752311e-03 1.102495e-02 1.358041e-02 1.303729e-02 3.451775e-03 8.268721e-03 
154 3851 8.235226e-02 0 0 7.407841e-03 6.805534e-03 3.565866e-02 9.159785e-03 1.153274e-02 1.495251e-02 1.370852e-02 3.673367e-03 8.615966e-03 
155 3876 8.446490e-02 0 0 7.394044e-03 6.798219e-03 3.588538e-02 9.290227e-03 1.211267e-02 1.544765e-02 1.389423e-02 3.740650e-03 8.571073e-03 
156 3901 8.172065e-02 0 0 7.564214e-03 6.394928e-03 3.379345e-02 8.992771e-03 1.165499e-02 1.472505e-02 1.308947e-02 3.597543e-03 8.007627e-03 
157 3926 7.653397e-02 0 0 7.288280e-03 5.873486e-03 3.045501e-02 8.283640e-03 1.058126e-02 1.371531e-02 1.199986e-02 3.238984e-03 7.229612e-03 
158 3951 7.207408e-02 0 0 6.887790e-03 5.503425e-03 2.822449e-02 7.934049e-03 1.013813e-02 1.277327e-02 1.094431e-02 2.945926e-03 6.646818e-03 
159 3976 8.592519e-02 0 0 8.071569e-03 7.916659e-03 3.276032e-02 9.298233e-03 1.187729e-02 1.610405e-02 1.254801e-02 3.393505e-03 7.758615e-03 
160 4001 8.066197e-02 0 0 7.697367e-03 7.430614e-03 3.016491e-02 8.761783e-03 1.077091e-02 1.478597e-02 1.148194e-02 3.161036e-03 6.974622e-03 
161 4026 7.733650e-02 0 0 7.190933e-03 7.495973e-03 2.815234e-02 8.292754e-03 1.016241e-02 1.425310e-02 1.084244e-02 3.001748e-03 6.393199e-03 
162 4051 8.040254e-02 0 0 7.459656e-03 8.802847e-03 2.889885e-02 8.508138e-03 1.074811e-02 1.556203e-02 1.086359e-02 3.122809e-03 6.351634e-03 
163 4076 7.331081e-02 0 0 6.807831e-03 7.838262e-03 2.577304e-02 7.869752e-03 9.572625e-03 1.384780e-02 9.847667e-03 2.832316e-03 5.641180e-03 
164 4101 7.118859e-02 0 0 6.499449e-03 7.671742e-03 2.489000e-02 7.500184e-03 9.213749e-03 1.353702e-02 9.319679e-03 2.772091e-03 5.256279e-03 
165 4126 7.353590e-02 0 0 6.771566e-03 8.008649e-03 2.569134e-02 7.640236e-03 9.439500e-03 1.416715e-02 9.477177e-03 2.902513e-03 5.247810e-03 
166 4151 7.169333e-02 0 0 6.429458e-03 8.362479e-03 2.468304e-02 7.548881e-03 9.249550e-03 1.434870e-02 9.041770e-03 2.857768e-03 4.909121e-03 
167 4176 7.249471e-02 0 0 6.558402e-03 8.248991e-03 2.443865e-02 7.454170e-03 9.544155e-03 1.423593e-02 9.011904e-03 2.827484e-03 4.924853e-03 
168 4201 6.644141e-02 0 0 5.865148e-03 7.401219e-03 2.169361e-02 6.821557e-03 8.600463e-03 1.280718e-02 7.989453e-03 2.474828e-03 4.384546e-03 
169 4226 5.785418e-02 0 0 5.116407e-03 6.422891e-03 1.818573e-02 5.782079e-03 7.271964e-03 1.100156e-02 6.807808e-03 2.116431e-03 3.639629e-03 
170 4251 5.208885e-02 0 0 4.484296e-03 5.603962e-03 1.662533e-02 5.120981e-03 6.358018e-03 9.642109e-03 5.964170e-03 1.855876e-03 3.178205e-03 
171 4276 4.603288e-02 0 0 3.957008e-03 4.864364e-03 1.424350e-02 4.486440e-03 5.504413e-03 8.390147e-03 5.283028e-03 1.640824e-03 2.723778e-03 
172 4301 4.580730e-02 0 0 3.800787e-03 4.733126e-03 1.488168e-02 4.341329e-03 5.493514e-03 8.220136e-03 5.197562e-03 1.605014e-03 2.600548e-03 
173 4326 4.287238e-02 0 0 3.735379e-03 4.345786e-03 1.435196e-02 3.920925e-03 5.154445e-03 7.594436e-03 4.812059e-03 1.522505e-03 2.350145e-03 
174 4351 4.114235e-02 0 0 3.470546e-03 4.102602e-03 1.341410e-02 3.744787e-03 4.808370e-03 7.318612e-03 4.511817e-03 1.480399e-03 2.188199e-03 
175 4376 3.782334e-02 0 0 3.225338e-03 3.651925e-03 1.238891e-02 3.383425e-03 4.443104e-03 6.551020e-03 3.995473e-03 1.312156e-03 1.922679e-03 
176 4401 3.503854e-02 0 0 2.898724e-03 3.243129e-03 1.144761e-02 3.132345e-03 4.003428e-03 5.840649e-03 3.560500e-03 1.168859e-03 1.708908e-03 
177 4426 3.230776e-02 0 0 2.628858e-03 2.926982e-03 1.038144e-02 2.823899e-03 3.647829e-03 5.307320e-03 3.309190e-03 1.068227e-03 1.517330e-03 
178 4451 3.000982e-02 0 0 2.522270e-03 2.617834e-03 9.419958e-03 2.651140e-03 3.351936e-03 4.768854e-03 3.099747e-03 9.773461e-04 1.395934e-03 
179 4476 2.965461e-02 0 0 2.509325e-03 2.516884e-03 9.087465e-03 2.608077e-03 3.202429e-03 4.615169e-03 3.067822e-03 9.695419e-04 1.358944e-03 
180 4501 2.559231e-02 0 0 2.131386e-03 2.167199e-03 7.550854e-03 2.204593e-03 2.665383e-03 3.899566e-03 2.590833e-03 8.145384e-04 1.166795e-03 
181 4526 2.352791e-02 0 0 1.933541e-03 2.078950e-03 7.186072e-03 1.986834e-03 2.377945e-03 3.567694e-03 2.304293e-03 7.386199e-04 1.046980e-03 
182 4551 2.524045e-02 0 0 2.080834e-03 2.275581e-03 7.966995e-03 2.081585e-03 2.510180e-03 3.922200e-03 2.506393e-03 7.993004e-04 1.146026e-03 
183 4576 2.343249e-02 0 0 1.881950e-03 2.083020e-03 7.375182e-03 1.901404e-03 2.304057e-03 3.650374e-03 2.322216e-03 7.389372e-04 1.062300e-03 
184 4601 2.361671e-02 0 0 1.926121e-03 2.050360e-03 7.484146e-03 1.907260e-03 2.263691e-03 3.693123e-03 2.260927e-03 7.410346e-04 1.030635e-03 
185 4626 2.288543e-02 0 0 1.780556e-03 2.121959e-03 7.025239e-03 1.856422e-03 2.118939e-03 3.578233e-03 2.150389e-03 7.255246e-04 9.566936e-04 
186 4651 2.207905e-02 0 0 1.656637e-03 2.027805e-03 6.645038e-03 1.742519e-03 2.067135e-03 3.418013e-03 2.240522e-03 7.245493e-04 8.973767e-04 
187 4676 2.146048e-02 0 0 1.579556e-03 1.972486e-03 6.279630e-03 1.773045e-03 1.960070e-03 3.320849e-03 2.157666e-03 7.071591e-04 8.773702e-04 
188 4701 1.982195e-02 0 0 1.431917e-03 1.780474e-03 5.829348e-03 1.648901e-03 1.785541e-03 2.967830e-03 2.099866e-03 6.524496e-04 7.930621e-04 
189 4726 1.979121e-02 0 0 1.426985e-03 1.818211e-03 5.796242e-03 1.596994e-03 1.706215e-03 3.022658e-03 2.024827e-03 6.764362e-04 7.840337e-04 
190 4751 1.878374e-02 0 0 1.309655e-03 1.714140e-03 5.356996e-03 1.462396e-03 1.604229e-03 2.790785e-03 1.900642e-03 6.272745e-04 7.278904e-04 
191 4776 1.881872e-02 0 0 1.316601e-03 1.679357e-03 5.501595e-03 1.436541e-03 1.698566e-03 2.761023e-03 1.930828e-03 6.181734e-04 7.436108e-04 
192 4801 2.064205e-02 0 0 1.498474e-03 1.843145e-03 6.381970e-03 1.551770e-03 1.857445e-03 2.981826e-03 2.131612e-03 7.044588e-04 8.094754e-04 
193 4826 1.915478e-02 0 0 1.412126e-03 1.684234e-03 5.852687e-03 1.414663e-03 1.800836e-03 2.741489e-03 1.980817e-03 6.343870e-04 7.335671e-04 
194 4851 1.679406e-02 0 0 1.271160e-03 1.443159e-03 5.142289e-03 1.214352e-03 1.611244e-03 2.350782e-03 1.690013e-03 5.430513e-04 6.260183e-04 
195 4876 1.705820e-02 0 0 1.272314e-03 1.503657e-03 5.169372e-03 1.298917e-03 1.653179e-03 2.454897e-03 1.697090e-03 5.483596e-04 6.203011e-04 
196 4901 1.712470e-02 0 0 1.274951e-03 1.510565e-03 5.545784e-03 1.323073e-03 1.664947e-03 2.495933e-03 1.632475e-03 5.356166e-04 6.244870e-04 
197 4926 1.672984e-02 0 0 1.257603e-03 1.497175e-03 5.426263e-03 1.243372e-03 1.610463e-03 2.398291e-03 1.604220e-03 5.327428e-04 5.916423e-04 
198 4951 1.498729e-02 0 0 1.155725e-03 1.342438e-03 5.029000e-03 1.154727e-03 1.498967e-03 2.102245e-03 1.408998e-03 4.674338e-04 5.074686e-04 
199 4976 1.390028e-02 0 0 1.062402e-03 1.215709e-03 4.601412e-03 1.104746e-03 1.344207e-03 1.893142e-03 1.308612e-03 4.435520e-04 4.660421e-04 
200 5001 1.378436e-02 0 0 1.039377e-03 1.203012e-03 4.555235e-03 1.060969e-03 1.342051e-03 1.835549e-03 1.271801e-03 4.408103e-04 4.496508e-04 
201 5026 1.186975e-02 0 0 8.761523e-04 1.003427e-03 3.876251e-03 8.777732e-04 1.129392e-03 1.524637e-03 1.068757e-03 3.677302e-04 3.766572e-04 
202 5051 1.259036e-02 0 0 9.964464e-04 1.098317e-03 4.154713e-03 9.664253e-04 1.280828e-03 1.578269e-03 1.100012e-03 4.004146e-04 4.066037e-04 
203 5076 1.329393e-02 0 0 1.051771e-03 1.152775e-03 4.428018e-03 1.020816e-03 1.345685e-03 1.609621e-03 1.200744e-03 4.184580e-04 4.355274e-04 
204 5101 1.381943e-02 0 0 1.059376e-03 1.203350e-03 4.541690e-03 1.050517e-03 1.388721e-03 1.646593e-03 1.286648e-03 4.258611e-04 4.376985e-04 
205 5126 1.561608e-02 0 0 1.200543e-03 1.479575e-03 5.241791e-03 1.331902e-03 1.596337e-03 1.855411e-03 1.485098e-03 4.801548e-04 4.955029e-04 
206 5151 1.773535e-02 0 0 1.402525e-03 1.663810e-03 5.817957e-03 1.548276e-03 1.994414e-03 2.068655e-03 1.759258e-03 5.342843e-04 5.642649e-04 
207 5176 1.847315e-02 0 0 1.501553e-03 1.706424e-03 6.225480e-03 1.581727e-03 2.051459e-03 2.139708e-03 1.916665e-03 5.442366e-04 5.796600e-04 
208 5201 1.872450e-02 0 0 1.476836e-03 1.663050e-03 6.069596e-03 1.557070e-03 2.032111e-03 2.130915e-03 1.950644e-03 5.537709e-04 5.747262e-04 
209 5226 1.778560e-02 0 0 1.364023e-03 1.513760e-03 5.667964e-03 1.426576e-03 1.902277e-03 1.975733e-03 1.792791e-03 5.125701e-04 5.491741e-04 
210 5251 1.580164e-02 0 0 1.171707e-03 1.332248e-03 4.914885e-03 1.238126e-03 1.658045e-03 1.729654e-03 1.562034e-03 4.399265e-04 4.778954e-04 
211 5276 1.620388e-02 0 0 1.168909e-03 1.327126e-03 4.983243e-03 1.232905e-03 1.678235e-03 1.699291e-03 1.577852e-03 4.451434e-04 4.922296e-04 
212 5301 1.565371e-02 0 0 1.121995e-03 1.269696e-03 5.024972e-03 1.198139e-03 1.655677e-03 1.620676e-03 1.524531e-03 4.323413e-04 4.882489e-04 
213 5326 1.699053e-02 0 0 1.217374e-03 1.344689e-03 6.083589e-03 1.377410e-03 1.819930e-03 1.722596e-03 1.627155e-03 4.704630e-04 5.343308e-04 
214 5351 1.816546e-02 0 0 1.291343e-03 1.443307e-03 6.759505e-03 1.550756e-03 1.937074e-03 1.781120e-03 1.764169e-03 5.126378e-04 5.609776e-04 
215 5376 1.992152e-02 0 0 1.368959e-03 1.636493e-03 7.434005e-03 1.661552e-03 2.153683e-03 2.018690e-03 1.940924e-03 5.542622e-04 6.136261e-04 
216 5401 2.131994e-02 0 0 1.438442e-03 1.830702e-03 7.885333e-03 1.755975e-03 2.260470e-03 2.119634e-03 2.128479e-03 6.068492e-04 6.674434e-04 
217 5426 2.289518e-02 0 0 1.536548e-03 1.952132e-03 8.414005e-03 1.878476e-03 2.468723e-03 2.246121e-03 2.294282e-03 6.357085e-04 7.239540e-04 
218 5451 2.363489e-02 0 0 1.569179e-03 1.987306e-03 8.545100e-03 1.879865e-03 2.447185e-03 2.363631e-03 2.378840e-03 6.437094e-04 7.290905e-04 
219 5476 2.291525e-02 0 0 1.506835e-03 1.868602e-03 8.203511e-03 1.761717e-03 2.383282e-03 2.253667e-03 2.274013e-03 6.109725e-04 6.970111e-04 
220 5501 2.304618e-02 0 0 1.514815e-03 1.906025e-03 8.648855e-03 1.756192e-03 2.357972e-03 2.271442e-03 2.366330e-03 6.095839e-04 6.961508e-04 
221 5526 2.428802e-02 0 0 1.606250e-03 2.001934e-03 9.719032e-03 1.830518e-03 2.509296e-03 2.436747e-03 2.419466e-03 6.397021e-04 7.159182e-04 
222 5551 2.296359e-02 0 0 1.491508e-03 1.855500e-03 9.223815e-03 1.711263e-03 2.370898e-03 2.255946e-03 2.363400e-03 6.021619e-04 6.609647e-04 
223 5576 2.106427e-02 0 0 1.358686e-03 1.681085e-03 8.343992e-03 1.559385e-03 2.130750e-03 2.104326e-03 2.119086e-03 5.427158e-04 5.893109e-04 
224 5601 2.162149e-02 0 0 1.453440e-03 1.718654e-03 8.660266e-03 1.602391e-03 2.133090e-03 2.292294e-03 2.180226e-03 5.404857e-04 5.887073e-04 
225 5626 2.134675e-02 0 0 1.437335e-03 1.654563e-03 8.583525e-03 1.556908e-03 2.083136e-03 2.211426e-03 2.117815e-03 5.258419e-04 5.731451e-04 
226 5651 2.172070e-02 0 0 1.591186e-03 1.680637e-03 8.951997e-03 1.552179e-03 2.227487e-03 2.210313e-03 2.207909e-03 5.351949e-04 5.777542e-04 
227 5676 2.137405e-02 0 0 1.582344e-03 1.632758e-03 8.702207e-03 1.517638e-03 2.176782e-03 2.207355e-03 2.141342e-03 5.395165e-04 5.617544e-04 
228 5701 1.807942e-02 0 0 1.304566e-03 1.343838e-03 7.181714e-03 1.255208e-03 1.790842e-03 1.844482e-03 1.748723e-03 4.583465e-04 4.712131e-04 
229 5726 1.695750e-02 0 0 1.246516e-03 1.253149e-03 6.904773e-03 1.180658e-03 1.682804e-03 1.738276e-03 1.649754e-03 4.196552e-04 4.393297e-04 
230 5751 1.646974e-02 0 0 1.262245e-03 1.187084e-03 6.566473e-03 1.125851e-03 1.615889e-03 1.672420e-03 1.616255e-03 4.160035e-04 4.184314e-04 
231 5776 2.065465e-02 0 0 1.604214e-03 1.446725e-03 8.343563e-03 1.407258e-03 2.046395e-03 2.140140e-03 2.011766e-03 5.252119e-04 5.114778e-04 
232 5801 2.210470e-02 0 0 1.708642e-03 1.657270e-03 8.974430e-03 1.581419e-03 2.232316e-03 2.284019e-03 2.140438e-03 5.617902e-04 5.386313e-04 
233 5826 2.061155e-02 0 0 1.542682e-03 1.526192e-03 8.135574e-03 1.501021e-03 2.035877e-03 2.046637e-03 2.021626e-03 5.271740e-04 4.876632e-04 
234 5851 1.925623e-02 0 0 1.447584e-03 1.398637e-03 7.468787e-03 1.352776e-03 1.877863e-03 1.871395e-03 1.867851e-03 4.855302e-04 4.432653e-04 
235 5876 1.865687e-02 0 0 1.374827e-03 1.360169e-03 6.939673e-03 1.265845e-03 1.761087e-03 1.756284e-03 1.747958e-03 4.630895e-04 4.113039e-04 
236 5901 1.952895e-02 0 0 1.496644e-03 1.369849e-03 7.287379e-03 1.330502e-03 1.864927e-03 1.933462e-03 1.871343e-03 4.903386e-04 4.200578e-04 
237 5926 1.755780e-02 0 0 1.332014e-03 1.187065e-03 6.370706e-03 1.183468e-03 1.636691e-03 1.677070e-03 1.683770e-03 4.442262e-04 3.664869e-04 
238 5951 1.690240e-02 0 0 1.312410e-03 1.124895e-03 6.136906e-03 1.163839e-03 1.541368e-03 1.631092e-03 1.640295e-03 4.290497e-04 3.569589e-04 
239 5976 1.611469e-02 0 0 1.235943e-03 1.085983e-03 5.801581e-03 1.140771e-03 1.426502e-03 1.635392e-03 1.555478e-03 4.058730e-04 3.352774e-04 
240 6001 1.759032e-02 0 0 1.303348e-03 1.184968e-03 6.472582e-03 1.255395e-03 1.550105e-03 1.751461e-03 1.708609e-03 4.377980e-04 3.602410e-04 
241 6026 1.808654e-02 0 0 1.307879e-03 1.222116e-03 6.711938e-03 1.284297e-03 1.608915e-03 1.763506e-03 1.759538e-03 4.531483e-04 3.685069e-04 
242 6051 1.868741e-02 0 0 1.371283e-03 1.285580e-03 6.993594e-03 1.345580e-03 1.759983e-03 1.770371e-03 1.832121e-03 4.682206e-04 3.755433e-04 
243 6076 2.082053e-02 0 0 1.590279e-03 1.417099e-03 7.769763e-03 1.513327e-03 2.018427e-03 1.919727e-03 1.981635e-03 5.325817e-04 4.068707e-04 
244 6101 2.201705e-02 0 0 1.641678e-03 1.499852e-03 7.989852e-03 1.641237e-03 2.079449e-03 2.049559e-03 2.077393e-03 5.601939e-04 4.253267e-04 
245 6126 2.207426e-02 0 0 1.681011e-03 1.507184e-03 8.006772e-03 1.620485e-03 2.083251e-03 2.111942e-03 2.044874e-03 5.491492e-04 4.103765e-04 
246 6151 1.841631e-02 0 0 1.394296e-03 1.324594e-03 6.581988e-03 1.338001e-03 1.720512e-03 1.783925e-03 1.683501e-03 4.704770e-04 3.349413e-04 
247 6176 1.807373e-02 0 0 1.343192e-03 1.336387e-03 6.426953e-03 1.353897e-03 1.699818e-03 1.810360e-03 1.629913e-03 4.759253e-04 3.187229e-04 
248 6201 1.599043e-02 0 0 1.181300e-03 1.209287e-03 5.624182e-03 1.224839e-03 1.506623e-03 1.639337e-03 1.418459e-03 4.258731e-04 2.816465e-04 
249 6226 1.597778e-02 0 0 1.197621e-03 1.201900e-03 5.581503e-03 1.212733e-03 1.475054e-03 1.687128e-03 1.384142e-03 4.358329e-04 2.814876e-04 
250 6251 1.653796e-02 0 0 1.236973e-03 1.230666e-03 5.741871e-03 1.212255e-03 1.587977e-03 1.699573e-03 1.416141e-03 4.526454e-04 2.851043e-04 
251 6276 1.471093e-02 0 0 1.070704e-03 1.063392e-03 4.918496e-03 1.066465e-03 1.407085e-03 1.443555e-03 1.233657e-03 3.905046e-04 2.474886e-04 
252 6301 1.494984e-02 0 0 1.137627e-03 1.060328e-03 5.357402e-03 1.051735e-03 1.514421e-03 1.439806e-03 1.220526e-03 4.041227e-04 2.729890e-04 
253 6326 1.475598e-02 0 0 1.088705e-03 1.050164e-03 5.123792e-03 1.070715e-03 1.452860e-03 1.418031e-03 1.201068e-03 3.949778e-04 2.693453e-04 
254 6351 1.326989e-02 0 0 1.029495e-03 9.306548e-04 4.620025e-03 9.332311e-04 1.315482e-03 1.261233e-03 1.092346e-03 3.490416e-04 2.344385e-04 
255 6376 1.182506e-02 0 0 9.200058e-04 7.967267e-04 4.010164e-03 8.123266e-04 1.182743e-03 1.119961e-03 9.568353e-04 3.089538e-04 2.053528e-04 
256 6401 1.335814e-02 0 0 1.013319e-03 8.779740e-04 4.459277e-03 9.716755e-04 1.331639e-03 1.227733e-03 1.104541e-03 3.644154e-04 2.288184e-04 
257 6426 1.567767e-02 0 0 1.204374e-03 1.003128e-03 5.376364e-03 1.163907e-03 1.577668e-03 1.426585e-03 1.287940e-03 4.323543e-04 2.644755e-04 
258 6451 1.575996e-02 0 0 1.199025e-03 1.042810e-03 5.612718e-03 1.136322e-03 1.577578e-03 1.448197e-03 1.310565e-03 4.349658e-04 2.569367e-04 
259 6476 1.510220e-02 0 0 1.134310e-03 9.671162e-04 5.408080e-03 1.076293e-03 1.464670e-03 1.381622e-03 1.248293e-03 4.280885e-04 2.390594e-04 
260 6501 1.564931e-02 0 0 1.224962e-03 1.008737e-03 6.039895e-03 1.093035e-03 1.590611e-03 1.448444e-03 1.291210e-03 4.437996e-04 2.480933e-04 
261 6526 1.541426e-02 0 0 1.186842e-03 9.684007e-04 6.147095e-03 1.123119e-03 1.575394e-03 1.382793e-03 1.248413e-03 4.556105e-04 2.394438e-04 
262 6551 1.520997e-02 0 0 1.137467e-03 9.369596e-04 6.332116e-03 1.136883e-03 1.542696e-03 1.366922e-03 1.198133e-03 4.441860e-04 2.363973e-04 
263 6576 1.596339e-02 0 0 1.205029e-03 1.010399e-03 7.005139e-03 1.158495e-03 1.665182e-03 1.471828e-03 1.263605e-03 4.639436e-04 2.571075e-04 
264 6601 1.650085e-02 0 0 1.235666e-03 1.108891e-03 7.349552e-03 1.207911e-03 1.714181e-03 1.585389e-03 1.296686e-03 4.859837e-04 2.805907e-04 
265 6626 1.871340e-02 0 0 1.458242e-03 1.303594e-03 8.370648e-03 1.394357e-03 1.971697e-03 1.758202e-03 1.595037e-03 5.524683e-04 3.306447e-04 
266 6651 1.882718e-02 0 0 1.480996e-03 1.271594e-03 8.428494e-03 1.414724e-03 1.969196e-03 1.726500e-03 1.574819e-03 5.667391e-04 3.310715e-04 
267 6676 1.985344e-02 0 0 1.536809e-03 1.327297e-03 8.895727e-03 1.513910e-03 2.059944e-03 1.777096e-03 1.704096e-03 5.976600e-04 3.504028e-04 
268 6701 1.801704e-02 0 0 1.367520e-03 1.189966e-03 8.062270e-03 1.368738e-03 1.833914e-03 1.592546e-03 1.558951e-03 5.352904e-04 3.169250e-04 
269 6726 1.674891e-02 0 0 1.272105e-03 1.091152e-03 7.409962e-03 1.251101e-03 1.685840e-03 1.447724e-03 1.436377e-03 5.021655e-04 2.906877e-04 
270 6751 1.746041e-02 0 0 1.293220e-03 1.126842e-03 7.689887e-03 1.296490e-03 1.814314e-03 1.459611e-03 1.476063e-03 5.101237e-04 2.955893e-04 
271 6776 1.808085e-02 0 0 1.375264e-03 1.230447e-03 7.983020e-03 1.343511e-03 1.872295e-03 1.554821e-03 1.495549e-03 5.259733e-04 2.962921e-04 
272 6801 1.735309e-02 0 0 1.284442e-03 1.180721e-03 7.634120e-03 1.300445e-03 1.784291e-03 1.464221e-03 1.410462e-03 5.078990e-04 2.852964e-04 
273 6826 1.781761e-02 0 0 1.271617e-03 1.248989e-03 7.790932e-03 1.322596e-03 1.804057e-03 1.477804e-03 1.500416e-03 5.041078e-04 2.861972e-04 
274 6851 1.701164e-02 0 0 1.218055e-03 1.185701e-03 7.459750e-03 1.284634e-03 1.758115e-03 1.365914e-03 1.397435e-03 4.697276e-04 2.865425e-04 
275 6876 1.608662e-02 0 0 1.123871e-03 1.107414e-03 6.814108e-03 1.204706e-03 1.604991e-03 1.265891e-03 1.323801e-03 4.448963e-04 2.629935e-04 
276 6901 1.588652e-02 0 0 1.110478e-03 1.125525e-03 6.857675e-03 1.212222e-03 1.564869e-03 1.267058e-03 1.301627e-03 4.441950e-04 2.726801e-04 
277 6926 1.401974e-02 0 0 9.694088e-04 9.758978e-04 6.065413e-03 1.054418e-03 1.367154e-03 1.079009e-03 1.146810e-03 3.791197e-04 2.395908e-04 
278 6951 1.467612e-02 0 0 1.053410e-03 1.014488e-03 6.219769e-03 1.111837e-03 1.398138e-03 1.110560e-03 1.250146e-03 4.351950e-04 2.437764e-04 
279 6976 1.547660e-02 0 0 1.092296e-03 1.034702e-03 6.392489e-03 1.149407e-03 1.514737e-03 1.158855e-03 1.318086e-03 4.644549e-04 2.669258e-04 
280 7001 1.674268e-02 0 0 1.192647e-03 1.125775e-03 6.837998e-03 1.204688e-03 1.677185e-03 1.238065e-03 1.416105e-03 4.895361e-04 2.934567e-04 
281 7026 1.735606e-02 0 0 1.261127e-03 1.150812e-03 7.628727e-03 1.241667e-03 1.844071e-03 1.287326e-03 1.443633e-03 5.045425e-04 3.082749e-04 
282 7051 1.572840e-02 0 0 1.161229e-03 1.078188e-03 7.218751e-03 1.111893e-03 1.698524e-03 1.191423e-03 1.274694e-03 4.445751e-04 2.719158e-04 
283 7076 1.582951e-02 0 0 1.150481e-03 1.095778e-03 7.319337e-03 1.080172e-03 1.637985e-03 1.198414e-03 1.304810e-03 4.464656e-04 2.639721e-04 
284 7101 1.551430e-02 0 0 1.087229e-03 1.055229e-03 7.130886e-03 1.042834e-03 1.569370e-03 1.186522e-03 1.239740e-03 4.312430e-04 2.504679e-04 
285 7126 1.483841e-02 0 0 1.001005e-03 1.040979e-03 6.979401e-03 1.057926e-03 1.486891e-03 1.149548e-03 1.176520e-03 4.168169e-04 2.403163e-04 
286 7151 1.409628e-02 0 0 9.236365e-04 9.808709e-04 6.518126e-03 9.862180e-04 1.387304e-03 1.086771e-03 1.111890e-03 3.925432e-04 2.226901e-04 
287 7176 1.309310e-02 0 0 8.517429e-04 9.212250e-04 5.996199e-03 8.932420e-04 1.273605e-03 1.051688e-03 1.016325e-03 3.546660e-04 2.013164e-04 
288 7201 1.297162e-02 0 0 8.350463e-04 8.967689e-04 5.867681e-03 8.715819e-04 1.252136e-03 1.056617e-03 9.811001e-04 3.437914e-04 1.979918e-04 
289 7226 1.449504e-02 0 0 9.250290e-04 1.081338e-03 6.859675e-03 1.014543e-03 1.392807e-03 1.290007e-03 1.060750e-03 3.806277e-04 2.180701e-04 
290 7251 1.306592e-02 0 0 8.433633e-04 9.764669e-04 6.225911e-03 9.481552e-04 1.238529e-03 1.150447e-03 9.314156e-04 3.363478e-04 1.984116e-04 
291 7276 1.124149e-02 0 0 7.027005e-04 8.273172e-04 5.249690e-03 7.944492e-04 1.035024e-03 9.628507e-04 8.103278e-04 2.845916e-04 1.670669e-04 
292 7301 1.013140e-02 0 0 6.453676e-04 7.326088e-04 4.702975e-03 7.283457e-04 9.457109e-04 8.487937e-04 7.207539e-04 2.539970e-04 1.487825e-04 
293 7326 9.491777e-03 0 0 5.819562e-04 6.654817e-04 4.402249e-03 6.854239e-04 8.999176e-04 7.741718e-04 6.566383e-04 2.487927e-04 1.462838e-04 
294 7351 1.109041e-02 0 0 6.584691e-04 7.695663e-04 5.082830e-03 8.017037e-04 1.056815e-03 8.993364e-04 7.801782e-04 2.886515e-04 1.682010e-04 
295 7376 1.173374e-02 0 0 6.868741e-04 7.781100e-04 5.247658e-03 8.269850e-04 1.087840e-03 9.245897e-04 8.135489e-04 3.014179e-04 1.743179e-04 
296 7401 1.307487e-02 0 0 7.512773e-04 8.523043e-04 5.649689e-03 9.054615e-04 1.201980e-03 1.025748e-03 9.029356e-04 3.337830e-04 1.886541e-04 
297 7426 1.347634e-02 0 0 7.615158e-04 8.608226e-04 5.746236e-03 9.340118e-04 1.200187e-03 1.029506e-03 9.443055e-04 3.377923e-04 1.892906e-04 
298 7451 1.383029e-02 0 0 7.569943e-04 9.336323e-04 5.808576e-03 9.634728e-04 1.192106e-03 1.131634e-03 9.561263e-04 3.372732e-04 1.911464e-04 
299 7476 1.390142e-02 0 0 7.369432e-04 9.610179e-04 5.901463e-03 1.016809e-03 1.205482e-03 1.159647e-03 9.897617e-04 3.440687e-04 1.908053e-04 
300 7501 1.493913e-02 0 0 8.106094e-04 1.062900e-03 6.437483e-03 1.107557e-03 1.288932e-03 1.303806e-03 1.080819e-03 3.836136e-04 2.079731e-04 
301 7526 1.715115e-02 0 0 9.649053e-04 1.203700e-03 7.481905e-03 1.270380e-03 1.437403e-03 1.494444e-03 1.248746e-03 4.690761e-04 2.388379e-04 
302 7551 1.693625e-02 0 0 9.669753e-04 1.179570e-03 7.333738e-03 1.289916e-03 1.417214e-03 1.439433e-03 1.260500e-03 4.915358e-04 2.304979e-04 
303 7576 1.829426e-02 0 0 1.079687e-03 1.299572e-03 7.658767e-03 1.388596e-03 1.539448e-03 1.593397e-03 1.388082e-03 5.421113e-04 2.434906e-04 
304 7601 1.804084e-02 0 0 1.051300e-03 1.285466e-03 7.331652e-03 1.348637e-03 1.487069e-03 1.551726e-03 1.346767e-03 5.230060e-04 2.340262e-04 
305 7626 1.866903e-02 0 0 1.091339e-03 1.295862e-03 7.394772e-03 1.377135e-03 1.503918e-03 1.565393e-03 1.347887e-03 5.536417e-04 2.328347e-04 
306 7651 1.749792e-02 0 0 1.028354e-03 1.187092e-03 6.843891e-03 1.291703e-03 1.406829e-03 1.436705e-03 1.292296e-03 5.252141e-04 2.151647e-04 
307 7676 1.586691e-02 0 0 9.097315e-04 1.123530e-03 6.231731e-03 1.170958e-03 1.280800e-03 1.325040e-03 1.166118e-03 4.608083e-04 1.909717e-04 
308 7701 1.394614e-02 0 0 7.820257e-04 9.603976e-04 5.289963e-03 1.018442e-03 1.094549e-03 1.141592e-03 9.923147e-04 4.021499e-04 1.619202e-04 
309 7726 1.425463e-02 0 0 7.781644e-04 9.776332e-04 5.508626e-03 1.075746e-03 1.103312e-03 1.148338e-03 1.044645e-03 4.122724e-04 1.712864e-04 
310 7751 1.401702e-02 0 0 7.484910e-04 9.929777e-04 5.610113e-03 1.057746e-03 1.071055e-03 1.146180e-03 1.028229e-03 4.015324e-04 1.749495e-04 
311 7776 1.312630e-02 0 0 7.021792e-04 9.254541e-04 5.284623e-03 1.004946e-03 1.013696e-03 1.050636e-03 9.780368e-04 3.915459e-04 1.647995e-04 
312 7801 1.525521e-02 0 0 7.951677e-04 1.121339e-03 6.207747e-03 1.235847e-03 1.223860e-03 1.233560e-03 1.186327e-03 4.566598e-04 1.873315e-04 
313 7826 1.779223e-02 0 0 9.598054e-04 1.374125e-03 7.521358e-03 1.502903e-03 1.393669e-03 1.461431e-03 1.533833e-03 5.509878e-04 2.264574e-04 
314 7851 1.802726e-02 0 0 9.753383e-04 1.353706e-03 7.418381e-03 1.493956e-03 1.392347e-03 1.439436e-03 1.536409e-03 5.599015e-04 2.298833e-04 
315 7876 1.644248e-02 0 0 8.690457e-04 1.203980e-03 6.532127e-03 1.333742e-03 1.308906e-03 1.283647e-03 1.357140e-03 5.015871e-04 2.041446e-04 
316 7901 1.457329e-02 0 0 7.451306e-04 1.055424e-03 5.745687e-03 1.157155e-03 1.125807e-03 1.132875e-03 1.166466e-03 4.302652e-04 1.801722e-04 
317 7926 1.524254e-02 0 0 8.068747e-04 1.146452e-03 6.181639e-03 1.268038e-03 1.170197e-03 1.159108e-03 1.330483e-03 4.601907e-04 1.935869e-04 
318 7951 1.732038e-02 0 0 9.466754e-04 1.355097e-03 7.337614e-03 1.435531e-03 1.424216e-03 1.301906e-03 1.540631e-03 5.201019e-04 2.166596e-04 
319 7976 2.047621e-02 0 0 1.110023e-03 1.660186e-03 9.016819e-03 1.744722e-03 1.706749e-03 1.550597e-03 1.959978e-03 6.169394e-04 2.577770e-04 
320 8001 2.314630e-02 0 0 1.273112e-03 1.847665e-03 9.963720e-03 1.965258e-03 1.899349e-03 1.713677e-03 2.212455e-03 6.995104e-04 2.804972e-04 
321 8026 2.544740e-02 0 0 1.400246e-03 1.996596e-03 1.078639e-02 2.112770e-03 2.055178e-03 1.829957e-03 2.400781e-03 7.490133e-04 2.936996e-04 
322 8051 2.543532e-02 0 0 1.413580e-03 1.973421e-03 1.056506e-02 2.128514e-03 2.034721e-03 1.786918e-03 2.384827e-03 7.586791e-04 2.826786e-04 
323 8076 2.330983e-02 0 0 1.255867e-03 1.753963e-03 9.293821e-03 1.894010e-03 1.803255e-03 1.610972e-03 2.101034e-03 6.781449e-04 2.469822e-04 
324 8101 2.238793e-02 0 0 1.186659e-03 1.683058e-03 8.800024e-03 1.846478e-03 1.731500e-03 1.476095e-03 2.041205e-03 6.565315e-04 2.306199e-04 
325 8126 2.260080e-02 0 0 1.152439e-03 1.653383e-03 8.689229e-03 1.806469e-03 1.680339e-03 1.466197e-03 2.004179e-03 6.504978e-04 2.260740e-04 
326 8151 2.482939e-02 0 0 1.232090e-03 1.792478e-03 9.499996e-03 2.016673e-03 1.825606e-03 1.609722e-03 2.179379e-03 7.192472e-04 2.530007e-04 
327 8176 2.490579e-02 0 0 1.240117e-03 1.831484e-03 9.593806e-03 1.978065e-03 1.861565e-03 1.682827e-03 2.153770e-03 7.395104e-04 2.485607e-04 
328 8201 2.425916e-02 0 0 1.164632e-03 1.759709e-03 9.292837e-03 1.856065e-03 1.739561e-03 1.622829e-03 2.090241e-03 6.967534e-04 2.332485e-04 
329 8226 2.247623e-02 0 0 1.077195e-03 1.615964e-03 8.468907e-03 1.712957e-03 1.552343e-03 1.466563e-03 1.948999e-03 6.578201e-04 2.083449e-04 
330 8251 2.226375e-02 0 0 1.074156e-03 1.568621e-03 8.179773e-03 1.638761e-03 1.508220e-03 1.468045e-03 1.944361e-03 6.440336e-04 2.040825e-04 
331 8276 2.235020e-02 0 0 1.083290e-03 1.570846e-03 8.309959e-03 1.656782e-03 1.501869e-03 1.478248e-03 1.945727e-03 6.511167e-04 2.081402e-04 
332 8301 2.431487e-02 0 0 1.143682e-03 1.677950e-03 8.762447e-03 1.732398e-03 1.668452e-03 1.572675e-03 2.059493e-03 6.841139e-04 2.251482e-04 
333 8326 2.411460e-02 0 0 1.099634e-03 1.643543e-03 8.534408e-03 1.687048e-03 1.611157e-03 1.557325e-03 2.045094e-03 6.654823e-04 2.172152e-04 
334 8351 2.661572e-02 0 0 1.274384e-03 1.850102e-03 9.610797e-03 1.919094e-03 1.720076e-03 1.718197e-03 2.299215e-03 8.379051e-04 2.387897e-04 
335 8376 2.917804e-02 0 0 1.351754e-03 2.053023e-03 1.063862e-02 2.131919e-03 1.898886e-03 1.832429e-03 2.514989e-03 9.247423e-04 2.678118e-04 
336 8401 2.767143e-02 0 0 1.289189e-03 1.890787e-03 9.778613e-03 1.982175e-03 1.762159e-03 1.689937e-03 2.300660e-03 8.738091e-04 2.576340e-04 
337 8426 2.558438e-02 0 0 1.172471e-03 1.734796e-03 9.029021e-03 1.796843e-03 1.585552e-03 1.520467e-03 2.164198e-03 7.881026e-04 2.365584e-04 
338 8451 2.523704e-02 0 0 1.155467e-03 1.653725e-03 8.657919e-03 1.747636e-03 1.552449e-03 1.502674e-03 2.068243e-03 7.969392e-04 2.274846e-04 
339 8476 2.338983e-02 0 0 1.061348e-03 1.544077e-03 7.762995e-03 1.600006e-03 1.435619e-03 1.348571e-03 1.894086e-03 7.229730e-04 2.091611e-04 
340 8501 2.274934e-02 0 0 1.044079e-03 1.472326e-03 7.486512e-03 1.534994e-03 1.387744e-03 1.287913e-03 1.858317e-03 7.070978e-04 2.028175e-04 
341 8526 2.139443e-02 0 0 9.814836e-04 1.396529e-03 7.194445e-03 1.460027e-03 1.295430e-03 1.171480e-03 1.793140e-03 6.715729e-04 1.935003e-04 
342 8551 2.095938e-02 0 0 9.564186e-04 1.338207e-03 7.259736e-03 1.403677e-03 1.227157e-03 1.122809e-03 1.785083e-03 6.414391e-04 1.965605e-04 
343 8576 2.276356e-02 0 0 1.007234e-03 1.539671e-03 8.530405e-03 1.569957e-03 1.443454e-03 1.320089e-03 1.932213e-03 7.045737e-04 2.233488e-04 
344 8601 2.284220e-02 0 0 9.961168e-04 1.565584e-03 8.562007e-03 1.563734e-03 1.553775e-03 1.343025e-03 1.899216e-03 6.866007e-04 2.203347e-04 
345 8626 2.362318e-02 0 0 1.153198e-03 1.626449e-03 8.855073e-03 1.636040e-03 1.624092e-03 1.388444e-03 1.995728e-03 7.806216e-04 2.226327e-04 
346 8651 2.779995e-02 0 0 1.391717e-03 1.918980e-03 1.043140e-02 1.897219e-03 1.908606e-03 1.714730e-03 2.289906e-03 9.691976e-04 2.617767e-04 
347 8676 2.852950e-02 0 0 1.548613e-03 1.905843e-03 1.042413e-02 1.900089e-03 1.970876e-03 1.754979e-03 2.303921e-03 1.022456e-03 2.684548e-04 
348 8701 2.834481e-02 0 0 1.516868e-03 1.899686e-03 1.020291e-02 1.915031e-03 1.937655e-03 1.708415e-03 2.265698e-03 1.017323e-03 2.701337e-04 
349 8726 3.472549e-02 0 0 1.857481e-03 2.257308e-03 1.218994e-02 2.327332e-03 2.334451e-03 2.062940e-03 2.692466e-03 1.253027e-03 3.341382e-04 
350 8751 2.932882e-02 0 0 1.523439e-03 1.869391e-03 1.011319e-02 1.956916e-03 1.946883e-03 1.708402e-03 2.214728e-03 1.046877e-03 2.768074e-04 
351 8776 2.610379e-02 0 0 1.399074e-03 1.774646e-03 9.070943e-03 1.707749e-03 1.821029e-03 1.574731e-03 1.917029e-03 9.167886e-04 2.386446e-04 
352 8801 2.820998e-02 0 0 1.483501e-03 2.101437e-03 9.965716e-03 1.843812e-03 2.039373e-03 1.738352e-03 2.168792e-03 9.707560e-04 2.510377e-04 
353 8826 2.683723e-02 0 0 1.365929e-03 1.986568e-03 9.230506e-03 1.737939e-03 1.942753e-03 1.611760e-03 2.012434e-03 9.158907e-04 2.337059e-04 
354 8851 2.881761e-02 0 0 1.478693e-03 2.088452e-03 9.645799e-03 1.819371e-03 2.054096e-03 1.704080e-03 2.184559e-03 9.772077e-04 2.405424e-04 
355 8876 3.108485e-02 0 0 1.570298e-03 2.199724e-03 1.006590e-02 1.899363e-03 2.145741e-03 1.816378e-03 2.286517e-03 1.073375e-03 2.729354e-04 
356 8901 3.026215e-02 0 0 1.501935e-03 2.085974e-03 9.544176e-03 1.922982e-03 2.060359e-03 1.734514e-03 2.206902e-03 1.059786e-03 2.807299e-04 
357 8926 2.673842e-02 0 0 1.309449e-03 1.810205e-03 8.153855e-03 1.640984e-03 1.804788e-03 1.581583e-03 1.895153e-03 9.380648e-04 2.501220e-04 
358 8951 2.687323e-02 0 0 1.310880e-03 1.804640e-03 8.153501e-03 1.623998e-03 1.760994e-03 1.642875e-03 1.966858e-03 9.473189e-04 2.482522e-04 
359 8976 2.696386e-02 0 0 1.318201e-03 1.846050e-03 8.340958e-03 1.720474e-03 1.765760e-03 1.676500e-03 2.005565e-03 9.502027e-04 2.494258e-04 
360 9001 2.659584e-02 0 0 1.266170e-03 1.848868e-03 8.250025e-03 1.685684e-03 1.707683e-03 1.684133e-03 1.977616e-03 9.140116e-04 2.378408e-04 
361 9026 2.690192e-02 0 0 1.314433e-03 1.983104e-03 8.629463e-03 1.773234e-03 1.817227e-03 1.683661e-03 2.004649e-03 9.759109e-04 2.391681e-04 
362 9051 2.286337e-02 0 0 1.084227e-03 1.684180e-03 7.339026e-03 1.473832e-03 1.544923e-03 1.398220e-03 1.663543e-03 8.134702e-04 2.087698e-04 
363 9076 2.346889e-02 0 0 1.081112e-03 1.673787e-03 7.304639e-03 1.526763e-03 1.513709e-03 1.408539e-03 1.687596e-03 8.275545e-04 2.134103e-04 
364 9101 2.246230e-02 0 0 1.024392e-03 1.636215e-03 7.175649e-03 1.419147e-03 1.470784e-03 1.357864e-03 1.648686e-03 7.830585e-04 2.029125e-04 
365 9126 2.462381e-02 0 0 1.185609e-03 1.790547e-03 7.838986e-03 1.713352e-03 1.605465e-03 1.584327e-03 1.823588e-03 9.745698e-04 2.270540e-04 
366 9151 2.427263e-02 0 0 1.146911e-03 1.712386e-03 7.641489e-03 1.710521e-03 1.575925e-03 1.510301e-03 1.768100e-03 9.479080e-04 2.260465e-04 
367 9176 2.131407e-02 0 0 1.004872e-03 1.506042e-03 6.765034e-03 1.486972e-03 1.340646e-03 1.360040e-03 1.504336e-03 8.352690e-04 1.972950e-04 
368 9201 2.119650e-02 0 0 9.622066e-04 1.535963e-03 6.777487e-03 1.431253e-03 1.306432e-03 1.393137e-03 1.520595e-03 8.034506e-04 1.919855e-04 
369 9226 2.306455e-02 0 0 1.032367e-03 1.661025e-03 7.735688e-03 1.519016e-03 1.471192e-03 1.501146e-03 1.645190e-03 8.569117e-04 2.158527e-04 
370 9251 2.472197e-02 0 0 1.108935e-03 1.795814e-03 8.571887e-03 1.702084e-03 1.625024e-03 1.566924e-03 1.852167e-03 9.071965e-04 2.499711e-04 
371 9276 2.989537e-02 0 0 1.324578e-03 2.141842e-03 1.035056e-02 1.987482e-03 1.892152e-03 2.041531e-03 2.178383e-03 1.063610e-03 2.960142e-04 
372 9301 3.268181e-02 0 0 1.406296e-03 2.294100e-03 1.110140e-02 2.098898e-03 2.020760e-03 2.216904e-03 2.296031e-03 1.140409e-03 3.355915e-04 
373 9326 3.494068e-02 0 0 1.560329e-03 2.507659e-03 1.151759e-02 2.212543e-03 2.088680e-03 2.520028e-03 2.461645e-03 1.329123e-03 3.838617e-04 
374 9351 3.322833e-02 0 0 1.493562e-03 2.347838e-03 1.061732e-02 2.136605e-03 1.953186e-03 2.377278e-03 2.289377e-03 1.300386e-03 3.636294e-04 
375 9376 3.064183e-02 0 0 1.341095e-03 2.143727e-03 9.916530e-03 1.961159e-03 1.886283e-03 2.155869e-03 2.062334e-03 1.176873e-03 3.412392e-04 
376 9401 2.698612e-02 0 0 1.148687e-03 1.851060e-03 8.486199e-03 1.704562e-03 1.615515e-03 1.871076e-03 1.762304e-03 1.003359e-03 2.957543e-04 
377 9426 2.513423e-02 0 0 1.061141e-03 1.656490e-03 7.701496e-03 1.578650e-03 1.475142e-03 1.719318e-03 1.647208e-03 9.204102e-04 2.664879e-04 
378 9451 2.689202e-02 0 0 1.099838e-03 1.716221e-03 8.093321e-03 1.682734e-03 1.569612e-03 1.840578e-03 1.729000e-03 9.838447e-04 2.858989e-04 
379 9476 2.751419e-02 0 0 1.139492e-03 1.706325e-03 8.024928e-03 1.708850e-03 1.574496e-03 1.858505e-03 1.711721e-03 1.038081e-03 2.940344e-04 
380 9501 2.938072e-02 0 0 1.211430e-03 1.877741e-03 9.158225e-03 1.920698e-03 1.798028e-03 1.968379e-03 1.905781e-03 1.127994e-03 3.367404e-04 
381 9526 2.868821e-02 0 0 1.168628e-03 1.810498e-03 8.985565e-03 1.874617e-03 1.758855e-03 1.843984e-03 1.860005e-03 1.060205e-03 3.236800e-04 
382 9551 2.780659e-02 0 0 1.133110e-03 1.782892e-03 8.918990e-03 1.833273e-03 1.784094e-03 1.726314e-03 1.792911e-03 9.985586e-04 3.286667e-04 
383 9576 2.948423e-02 0 0 1.255457e-03 1.916609e-03 9.410875e-03 1.944599e-03 1.893696e-03 1.799179e-03 1.872742e-03 1.084730e-03 3.489331e-04 
384 9601 3.381231e-02 0 0 1.447205e-03 2.248839e-03 1.097706e-02 2.235887e-03 2.386331e-03 2.038217e-03 2.064517e-03 1.212283e-03 4.020286e-04 
385 9626 3.423555e-02 0 0 1.501930e-03 2.371707e-03 1.132573e-02 2.232361e-03 2.509679e-03 2.084527e-03 2.064471e-03 1.206038e-03 3.997125e-04 
386 9651 3.480268e-02 0 0 1.491987e-03 2.412593e-03 1.167681e-02 2.264565e-03 2.516236e-03 2.066716e-03 2.073745e-03 1.195253e-03 4.102012e-04 
387 9676 3.343566e-02 0 0 1.377958e-03 2.268397e-03 1.100781e-02 2.145989e-03 2.352236e-03 1.961637e-03 1.985734e-03 1.122546e-03 3.882285e-04 
388 9701 3.104763e-02 0 0 1.312314e-03 2.072359e-03 1.014892e-02 1.932792e-03 2.167387e-03 1.855548e-03 1.825300e-03 1.032529e-03 3.609796e-04 
389 9726 3.072378e-02 0 0 1.269089e-03 2.075039e-03 1.015624e-02 1.911196e-03 2.124543e-03 1.807885e-03 1.829974e-03 9.871123e-04 3.551275e-04 
390 9751 3.336239e-02 0 0 1.436249e-03 2.509387e-03 1.232258e-02 2.122739e-03 2.397099e-03 2.191810e-03 2.170460e-03 1.080078e-03 4.026762e-04 
391 9776 3.296015e-02 0 0 1.396874e-03 2.416728e-03 1.192877e-02 2.038910e-03 2.345644e-03 2.117159e-03 2.099551e-03 1.045461e-03 3.922385e-04 
392 9801 3.089282e-02 0 0 1.269268e-03 2.208337e-03 1.103514e-02 1.880409e-03 2.198107e-03 2.013697e-03 1.911438e-03 9.617999e-04 3.558809e-04 
393 9826 2.989391e-02 0 0 1.197544e-03 2.105268e-03 1.053205e-02 1.847506e-03 2.101942e-03 1.934946e-03 1.836891e-03 9.165423e-04 3.563128e-04 
394 9851 3.013677e-02 0 0 1.187738e-03 2.174043e-03 1.039291e-02 1.810768e-03 2.092901e-03 1.945864e-03 1.916934e-03 8.998897e-04 3.508419e-04 
395 9876 2.877708e-02 0 0 1.141903e-03 2.079137e-03 9.837247e-03 1.703237e-03 1.974290e-03 1.900323e-03 1.806688e-03 8.717225e-04 3.287166e-04 
396 9901 2.836985e-02 0 0 1.141729e-03 2.071417e-03 9.812337e-03 1.699652e-03 1.964526e-03 1.842723e-03 1.776643e-03 8.658188e-04 3.408157e-04 
397 9926 2.883677e-02 0 0 1.125450e-03 2.049228e-03 9.773366e-03 1.692908e-03 1.945914e-03 1.851464e-03 1.763043e-03 8.592047e-04 3.472004e-04 
398 9951 2.826064e-02 0 0 1.161822e-03 1.976471e-03 9.613686e-03 1.615484e-03 1.913330e-03 1.869721e-03 1.651361e-03 8.655526e-04 3.341126e-04 
399 9976 2.737458e-02 0 0 1.107528e-03 1.897349e-03 9.098269e-03 1.533068e-03 1.809648e-03 1.765643e-03 1.609512e-03 8.618411e-04 3.304475e-04 
400 10001 2.515917e-02 0 0 1.019192e-03 1.739830e-03 8.318913e-03 1.371263e-03 1.633780e-03 1.577943e-03 1.474536e-03 7.804807e-04 2.926791e-04 
401 10026 2.418327e-02 0 0 9.811739e-04 1.687873e-03 7.935207e-03 1.307713e-03 1.587855e-03 1.492297e-03 1.424264e-03 7.466022e-04 2.803397e-04 
402 10051 2.105071e-02 0 0 8.482879e-04 1.446744e-03 7.079089e-03 1.156571e-03 1.402096e-03 1.254841e-03 1.235113e-03 6.376354e-04 2.597724e-04 
403 10076 2.015428e-02 0 0 8.089746e-04 1.396248e-03 6.823072e-03 1.080916e-03 1.391767e-03 1.215940e-03 1.176156e-03 5.950916e-04 2.489132e-04 
404 10101 1.851828e-02 0 0 7.605916e-04 1.248950e-03 6.254927e-03 9.713894e-04 1.281304e-03 1.095435e-03 1.067902e-03 5.316633e-04 2.364281e-04 
405 10126 1.998460e-02 0 0 8.225599e-04 1.303007e-03 6.625346e-03 1.043625e-03 1.422212e-03 1.154185e-03 1.138464e-03 5.836045e-04 2.703943e-04 
406 10151 2.081503e-02 0 0 8.688218e-04 1.391121e-03 7.019153e-03 1.088712e-03 1.506111e-03 1.254682e-03 1.203348e-03 5.998276e-04 2.816336e-04 
407 10176 1.800266e-02 0 0 7.393594e-04 1.149623e-03 5.812038e-03 9.154765e-04 1.251312e-03 1.062764e-03 1.023077e-03 5.075989e-04 2.364954e-04 
408 10201 2.173594e-02 0 0 9.881170e-04 1.387741e-03 7.046256e-03 1.094802e-03 1.501868e-03 1.307790e-03 1.249531e-03 6.472508e-04 2.763888e-04 
409 10226 2.305173e-02 0 0 1.089577e-03 1.456143e-03 7.500134e-03 1.141205e-03 1.616319e-03 1.435366e-03 1.282106e-03 6.902167e-04 2.952457e-04 
410 10251 2.048727e-02 0 0 9.552066e-04 1.271879e-03 6.615905e-03 1.013756e-03 1.398027e-03 1.251818e-03 1.138521e-03 6.069466e-04 2.634975e-04 
411 10276 1.878368e-02 0 0 8.735135e-04 1.181666e-03 6.304605e-03 9.230271e-04 1.305239e-03 1.153551e-03 1.007922e-03 5.383554e-04 2.446662e-04 
412 10301 1.985168e-02 0 0 9.232065e-04 1.222257e-03 6.725336e-03 9.841056e-04 1.381160e-03 1.236168e-03 1.021776e-03 5.725047e-04 2.723647e-04 
413 10326 2.254216e-02 0 0 1.040247e-03 1.378818e-03 7.787999e-03 1.088341e-03 1.601614e-03 1.374717e-03 1.119185e-03 6.242483e-04 3.094834e-04 
414 10351 2.345511e-02 0 0 1.075808e-03 1.426262e-03 8.124176e-03 1.104149e-03 1.696452e-03 1.380199e-03 1.141819e-03 6.376357e-04 3.152188e-04 
