%  columns=["iteration, evaluation, sigma, void, void, stds==sigma*sqrt(diag(C))" (startseed=207668, 2015/08/21 20:5:7.69)
1 26 1.906980e+00 0 0 6.202658e-01 4.190837e-01 3.335776e-01 3.171814e-01 1.846231e+00 1.816431e+00 9.479280e-01 1.266281e+00 4.620479e-01 
2 51 1.873491e+00 0 0 6.121012e-01 4.152179e-01 3.207650e-01 3.056375e-01 1.837824e+00 1.790702e+00 9.534367e-01 1.206887e+00 4.440167e-01 
3 76 1.820396e+00 0 0 5.861312e-01 3.978193e-01 3.056333e-01 2.854020e-01 1.718693e+00 1.779683e+00 9.363779e-01 1.135264e+00 4.254031e-01 
4 101 2.161833e+00 0 0 7.268305e-01 4.950241e-01 3.855941e-01 3.342831e-01 2.095316e+00 2.102106e+00 1.087876e+00 1.290748e+00 4.970071e-01 
5 126 2.485552e+00 0 0 8.174512e-01 5.583819e-01 4.452852e-01 3.910069e-01 2.349600e+00 2.543658e+00 1.229697e+00 1.440825e+00 5.941916e-01 
6 151 2.511614e+00 0 0 8.090589e-01 5.479228e-01 4.468630e-01 3.927339e-01 2.311668e+00 2.522691e+00 1.224873e+00 1.437778e+00 5.949835e-01 
7 176 2.286320e+00 0 0 7.224729e-01 4.981353e-01 3.994926e-01 3.576653e-01 2.045967e+00 2.212904e+00 1.084989e+00 1.271927e+00 5.365792e-01 
8 201 2.469818e+00 0 0 7.804526e-01 5.299002e-01 4.168408e-01 3.795134e-01 2.225444e+00 2.329757e+00 1.210196e+00 1.423907e+00 5.712057e-01 
9 226 2.328353e+00 0 0 7.132701e-01 4.895788e-01 3.796291e-01 3.561347e-01 2.068520e+00 2.134989e+00 1.107342e+00 1.300299e+00 5.278839e-01 
10 251 1.906542e+00 0 0 5.645804e-01 3.880724e-01 2.994030e-01 2.811890e-01 1.662607e+00 1.691490e+00 8.825722e-01 1.031214e+00 4.201503e-01 
11 276 1.816433e+00 0 0 5.192970e-01 3.673618e-01 2.770745e-01 2.664936e-01 1.530084e+00 1.566856e+00 8.348031e-01 9.584864e-01 3.897602e-01 
12 301 1.765802e+00 0 0 4.869181e-01 3.520642e-01 2.690555e-01 2.651976e-01 1.422041e+00 1.501713e+00 7.981163e-01 9.188460e-01 3.684351e-01 
13 326 1.583578e+00 0 0 4.263777e-01 3.093515e-01 2.409567e-01 2.374154e-01 1.280566e+00 1.320486e+00 6.885479e-01 8.041304e-01 3.210587e-01 
14 351 1.412270e+00 0 0 3.798363e-01 2.752834e-01 2.075247e-01 2.102663e-01 1.095771e+00 1.137121e+00 5.950826e-01 6.964571e-01 2.835296e-01 
15 376 1.255425e+00 0 0 3.295691e-01 2.349699e-01 1.774335e-01 1.860578e-01 9.674445e-01 9.640814e-01 5.114197e-01 6.019468e-01 2.513039e-01 
16 401 1.224781e+00 0 0 3.254829e-01 2.261583e-01 1.739738e-01 1.775356e-01 9.372728e-01 9.212457e-01 4.874148e-01 5.674259e-01 2.461612e-01 
17 426 1.159872e+00 0 0 3.078030e-01 2.214288e-01 1.603894e-01 1.646266e-01 8.605626e-01 8.517693e-01 4.540161e-01 5.255485e-01 2.361226e-01 
18 451 1.198645e+00 0 0 3.108971e-01 2.431530e-01 1.642049e-01 1.658431e-01 8.592912e-01 8.601890e-01 4.703155e-01 5.293428e-01 2.524713e-01 
19 476 1.067115e+00 0 0 2.745019e-01 2.147620e-01 1.432959e-01 1.461540e-01 7.411602e-01 7.803078e-01 4.067172e-01 4.535425e-01 2.177374e-01 
20 501 9.078555e-01 0 0 2.320048e-01 1.823467e-01 1.199283e-01 1.205277e-01 6.134688e-01 6.411653e-01 3.338553e-01 3.742738e-01 1.816460e-01 
21 526 9.031941e-01 0 0 2.277235e-01 1.843687e-01 1.231743e-01 1.189358e-01 6.051887e-01 6.419266e-01 3.318703e-01 3.625840e-01 1.895979e-01 
22 551 9.256138e-01 0 0 2.293763e-01 1.901167e-01 1.245007e-01 1.189645e-01 6.123348e-01 6.555762e-01 3.336441e-01 3.662877e-01 2.031887e-01 
23 576 7.716461e-01 0 0 1.859179e-01 1.558656e-01 1.017192e-01 9.671900e-02 5.013079e-01 5.341235e-01 2.812473e-01 2.993511e-01 1.678032e-01 
24 601 7.650628e-01 0 0 1.875224e-01 1.676346e-01 1.014598e-01 9.302324e-02 4.838030e-01 5.190438e-01 2.866040e-01 2.860153e-01 1.686857e-01 
25 626 6.611429e-01 0 0 1.646440e-01 1.404016e-01 8.947396e-02 7.846410e-02 4.149793e-01 4.388177e-01 2.366218e-01 2.418625e-01 1.406206e-01 
26 651 5.805351e-01 0 0 1.426077e-01 1.192143e-01 7.548946e-02 6.729622e-02 3.530917e-01 3.765988e-01 2.050865e-01 2.078033e-01 1.204032e-01 
27 676 5.557268e-01 0 0 1.398997e-01 1.135980e-01 7.095648e-02 6.220802e-02 3.276984e-01 3.533327e-01 1.969483e-01 1.938774e-01 1.141195e-01 
28 701 5.483097e-01 0 0 1.380437e-01 1.109390e-01 6.841809e-02 5.899636e-02 3.232127e-01 3.483517e-01 1.919121e-01 1.897573e-01 1.083651e-01 
29 726 5.353086e-01 0 0 1.372663e-01 1.086413e-01 6.751710e-02 5.568984e-02 3.057026e-01 3.350188e-01 1.821495e-01 1.802450e-01 1.017200e-01 
30 751 5.499191e-01 0 0 1.441438e-01 1.103169e-01 6.931101e-02 5.519227e-02 3.182759e-01 3.533657e-01 1.832306e-01 1.833377e-01 1.022403e-01 
31 776 5.441023e-01 0 0 1.435732e-01 1.049683e-01 6.755814e-02 5.214630e-02 3.219899e-01 3.372325e-01 1.816322e-01 1.838461e-01 1.071044e-01 
32 801 6.145677e-01 0 0 1.782029e-01 1.158277e-01 7.798853e-02 5.642893e-02 3.756138e-01 3.687715e-01 2.059840e-01 2.004661e-01 1.211605e-01 
33 826 5.898571e-01 0 0 1.720048e-01 1.105896e-01 7.420895e-02 5.200133e-02 3.715105e-01 3.485437e-01 1.923893e-01 1.864587e-01 1.123901e-01 
34 851 5.191445e-01 0 0 1.490171e-01 9.560958e-02 6.299633e-02 4.420043e-02 3.189071e-01 3.108021e-01 1.662172e-01 1.634666e-01 9.844677e-02 
35 876 5.150693e-01 0 0 1.422787e-01 9.255431e-02 6.200536e-02 4.229930e-02 3.066507e-01 3.184645e-01 1.620299e-01 1.620232e-01 1.017517e-01 
36 901 5.308993e-01 0 0 1.495093e-01 9.608099e-02 6.378049e-02 4.641284e-02 3.279517e-01 3.270445e-01 1.660943e-01 1.665951e-01 1.022039e-01 
37 926 4.530531e-01 0 0 1.288020e-01 7.924392e-02 5.398875e-02 3.905114e-02 2.775919e-01 2.711199e-01 1.395263e-01 1.379016e-01 8.497515e-02 
38 951 4.567138e-01 0 0 1.311088e-01 7.817290e-02 5.444004e-02 3.871087e-02 2.849760e-01 2.722246e-01 1.492967e-01 1.399315e-01 8.561787e-02 
39 976 4.961226e-01 0 0 1.370192e-01 8.204749e-02 6.046310e-02 4.326943e-02 3.037850e-01 2.892222e-01 1.616776e-01 1.545536e-01 9.198998e-02 
40 1001 5.269109e-01 0 0 1.444059e-01 8.709178e-02 6.320552e-02 4.881159e-02 3.152483e-01 3.160372e-01 1.757526e-01 1.583814e-01 9.848604e-02 
41 1026 5.945111e-01 0 0 1.628068e-01 9.768056e-02 7.218117e-02 5.475345e-02 3.616505e-01 3.472427e-01 1.907704e-01 1.790909e-01 1.227718e-01 
42 1051 6.009072e-01 0 0 1.640135e-01 9.671630e-02 7.430936e-02 5.536649e-02 3.651639e-01 3.569479e-01 1.904935e-01 1.757807e-01 1.265008e-01 
43 1076 5.134890e-01 0 0 1.412849e-01 8.179481e-02 6.801810e-02 4.885870e-02 3.174292e-01 2.925634e-01 1.629085e-01 1.463766e-01 1.069629e-01 
44 1101 4.891596e-01 0 0 1.310000e-01 7.586671e-02 6.433282e-02 4.531796e-02 2.974973e-01 2.696582e-01 1.562796e-01 1.400186e-01 1.001210e-01 
45 1126 4.319971e-01 0 0 1.168248e-01 6.521842e-02 5.925771e-02 3.994730e-02 2.638695e-01 2.334280e-01 1.372294e-01 1.211213e-01 8.756346e-02 
46 1151 3.791795e-01 0 0 9.885392e-02 5.551290e-02 5.065698e-02 3.426584e-02 2.230427e-01 2.040597e-01 1.186616e-01 1.035362e-01 7.509470e-02 
47 1176 3.637652e-01 0 0 9.236317e-02 5.299206e-02 4.678712e-02 3.243349e-02 2.145576e-01 1.959619e-01 1.099886e-01 9.710216e-02 7.384236e-02 
48 1201 3.417633e-01 0 0 8.677300e-02 5.061315e-02 4.281804e-02 2.979921e-02 2.017073e-01 1.821396e-01 1.036309e-01 9.075312e-02 6.758777e-02 
49 1226 3.180440e-01 0 0 7.959928e-02 4.643761e-02 3.865810e-02 2.777948e-02 1.872418e-01 1.704492e-01 9.384313e-02 8.356738e-02 6.181212e-02 
50 1251 3.229696e-01 0 0 7.867857e-02 4.643309e-02 3.884707e-02 2.890500e-02 1.890818e-01 1.709991e-01 9.326511e-02 8.611939e-02 6.535478e-02 
51 1276 3.060152e-01 0 0 7.717907e-02 4.370432e-02 3.660085e-02 2.841378e-02 1.771927e-01 1.644638e-01 8.599189e-02 8.033699e-02 6.293773e-02 
52 1301 3.148290e-01 0 0 7.850388e-02 4.651390e-02 3.831091e-02 2.915477e-02 1.788617e-01 1.657775e-01 8.751243e-02 8.000807e-02 6.513727e-02 
53 1326 3.036431e-01 0 0 7.356846e-02 4.464559e-02 3.760286e-02 2.785338e-02 1.665842e-01 1.568363e-01 8.373614e-02 7.825392e-02 6.251596e-02 
54 1351 2.677042e-01 0 0 6.490349e-02 3.822511e-02 3.220719e-02 2.425406e-02 1.446579e-01 1.387903e-01 7.400238e-02 6.787444e-02 5.383412e-02 
55 1376 2.409590e-01 0 0 5.749250e-02 3.340658e-02 2.844472e-02 2.115748e-02 1.290511e-01 1.200366e-01 6.444883e-02 5.994929e-02 4.786289e-02 
56 1401 2.193793e-01 0 0 5.151874e-02 3.047435e-02 2.503626e-02 1.877650e-02 1.171330e-01 1.086361e-01 5.806119e-02 5.380269e-02 4.531897e-02 
57 1426 2.114085e-01 0 0 4.800417e-02 2.932574e-02 2.357930e-02 1.798307e-02 1.133974e-01 1.016544e-01 5.677029e-02 5.135715e-02 4.330620e-02 
58 1451 1.903991e-01 0 0 4.202432e-02 2.619744e-02 2.143395e-02 1.568388e-02 1.001877e-01 8.915757e-02 5.278457e-02 4.489648e-02 3.811504e-02 
59 1476 1.995593e-01 0 0 4.336785e-02 2.629825e-02 2.237869e-02 1.615087e-02 1.031632e-01 9.748729e-02 5.478333e-02 4.737058e-02 4.232605e-02 
60 1501 1.884273e-01 0 0 4.415390e-02 2.400041e-02 2.156230e-02 1.555059e-02 9.674743e-02 9.187483e-02 5.004375e-02 4.457301e-02 3.944755e-02 
61 1526 1.606110e-01 0 0 3.775238e-02 2.011281e-02 1.864334e-02 1.284565e-02 7.994359e-02 8.186765e-02 4.252718e-02 3.948281e-02 3.330299e-02 
62 1551 1.560109e-01 0 0 3.789834e-02 1.908868e-02 1.786781e-02 1.252965e-02 7.856142e-02 7.991225e-02 4.004704e-02 3.815817e-02 3.134532e-02 
63 1576 1.610738e-01 0 0 3.906803e-02 2.009655e-02 1.805293e-02 1.264575e-02 8.907098e-02 8.431458e-02 4.183597e-02 3.818150e-02 3.249217e-02 
64 1601 1.709180e-01 0 0 4.221033e-02 2.153876e-02 1.976353e-02 1.315450e-02 9.293506e-02 8.585937e-02 4.726618e-02 4.042307e-02 3.525513e-02 
65 1626 1.850723e-01 0 0 4.497928e-02 2.313963e-02 2.215622e-02 1.399724e-02 1.035380e-01 9.118489e-02 5.120561e-02 4.355664e-02 3.811670e-02 
66 1651 1.929592e-01 0 0 4.732159e-02 2.392602e-02 2.257026e-02 1.420338e-02 1.068908e-01 9.477013e-02 5.579842e-02 4.626664e-02 3.866247e-02 
67 1676 1.972362e-01 0 0 4.760358e-02 2.400779e-02 2.353875e-02 1.439495e-02 1.055103e-01 9.594595e-02 5.692469e-02 4.827289e-02 3.871431e-02 
68 1701 1.803057e-01 0 0 4.240870e-02 2.117362e-02 2.163518e-02 1.302053e-02 9.324407e-02 8.893022e-02 5.029687e-02 4.478674e-02 3.469277e-02 
69 1726 1.771882e-01 0 0 4.122967e-02 2.026671e-02 2.152634e-02 1.248022e-02 9.018340e-02 8.834214e-02 4.885143e-02 4.291587e-02 3.334880e-02 
70 1751 1.654992e-01 0 0 3.875539e-02 1.842790e-02 2.018744e-02 1.160032e-02 8.288985e-02 8.177539e-02 4.649261e-02 3.931464e-02 3.015788e-02 
71 1776 1.927712e-01 0 0 4.740585e-02 2.146350e-02 2.382516e-02 1.373538e-02 1.011604e-01 9.251835e-02 6.038545e-02 4.368265e-02 3.452366e-02 
72 1801 1.843360e-01 0 0 4.485904e-02 1.992217e-02 2.211616e-02 1.266519e-02 9.561901e-02 8.842035e-02 5.930250e-02 4.012260e-02 3.216693e-02 
73 1826 1.862324e-01 0 0 4.449551e-02 2.016943e-02 2.179540e-02 1.323355e-02 9.638100e-02 9.184699e-02 6.104121e-02 3.884384e-02 3.150409e-02 
74 1851 2.114108e-01 0 0 5.007891e-02 2.244057e-02 2.420721e-02 1.490867e-02 1.143330e-01 1.207905e-01 6.797148e-02 4.273342e-02 3.820042e-02 
75 1876 2.028120e-01 0 0 4.778671e-02 2.093738e-02 2.315310e-02 1.427717e-02 1.095550e-01 1.188325e-01 6.330303e-02 4.132207e-02 3.686909e-02 
76 1901 2.147808e-01 0 0 4.897919e-02 2.181342e-02 2.441101e-02 1.463003e-02 1.227506e-01 1.299818e-01 6.596812e-02 4.308252e-02 3.925866e-02 
77 1926 2.070837e-01 0 0 4.629900e-02 2.037632e-02 2.355663e-02 1.376522e-02 1.233877e-01 1.225615e-01 6.388937e-02 4.109072e-02 3.693854e-02 
78 1951 1.960838e-01 0 0 4.345564e-02 1.918495e-02 2.188759e-02 1.291931e-02 1.168969e-01 1.140279e-01 5.907454e-02 3.793146e-02 3.390476e-02 
79 1976 2.190770e-01 0 0 4.701179e-02 2.139224e-02 2.361056e-02 1.439530e-02 1.346350e-01 1.355639e-01 7.439128e-02 4.356167e-02 3.753263e-02 
80 2001 2.161231e-01 0 0 4.620394e-02 2.056913e-02 2.303189e-02 1.415599e-02 1.381502e-01 1.332363e-01 7.527110e-02 4.328454e-02 3.631956e-02 
81 2026 2.212282e-01 0 0 4.680820e-02 2.052510e-02 2.303786e-02 1.397970e-02 1.378466e-01 1.333135e-01 7.507535e-02 4.665661e-02 3.622015e-02 
82 2051 2.071951e-01 0 0 4.370488e-02 1.867347e-02 2.165925e-02 1.312923e-02 1.312742e-01 1.248222e-01 6.916578e-02 4.356263e-02 3.291083e-02 
83 2076 1.902576e-01 0 0 3.950855e-02 1.748493e-02 1.991549e-02 1.236217e-02 1.167971e-01 1.122372e-01 6.237961e-02 3.973222e-02 2.891220e-02 
84 2101 1.972266e-01 0 0 4.075951e-02 1.842363e-02 2.134006e-02 1.263193e-02 1.275607e-01 1.213742e-01 6.597149e-02 4.237016e-02 2.994657e-02 
85 2126 2.115731e-01 0 0 4.269752e-02 1.949723e-02 2.243498e-02 1.315011e-02 1.376373e-01 1.295695e-01 7.472895e-02 4.581104e-02 3.156939e-02 
86 2151 2.311910e-01 0 0 4.666381e-02 2.160088e-02 2.458855e-02 1.426530e-02 1.595473e-01 1.391978e-01 8.798952e-02 4.904646e-02 3.336744e-02 
87 2176 2.473425e-01 0 0 4.885412e-02 2.289326e-02 2.573539e-02 1.482639e-02 1.712081e-01 1.454288e-01 9.700016e-02 5.127129e-02 3.485757e-02 
88 2201 2.487118e-01 0 0 4.815894e-02 2.255023e-02 2.568557e-02 1.470624e-02 1.677532e-01 1.443469e-01 9.924816e-02 5.019409e-02 3.410121e-02 
89 2226 2.670216e-01 0 0 5.088141e-02 2.503931e-02 2.672303e-02 1.536699e-02 1.759450e-01 1.528283e-01 1.053194e-01 5.276553e-02 3.530518e-02 
90 2251 3.045229e-01 0 0 5.669018e-02 2.932786e-02 2.935079e-02 1.693087e-02 2.001693e-01 1.733984e-01 1.362581e-01 5.957144e-02 3.892780e-02 
91 2276 3.447117e-01 0 0 6.402496e-02 3.239857e-02 3.737612e-02 1.888342e-02 2.245476e-01 1.917075e-01 1.591463e-01 6.614583e-02 4.362942e-02 
92 2301 3.659449e-01 0 0 6.629845e-02 3.313513e-02 3.920835e-02 1.951401e-02 2.306946e-01 1.980977e-01 1.790724e-01 6.739750e-02 4.452736e-02 
93 2326 3.667419e-01 0 0 6.659560e-02 3.256865e-02 4.036380e-02 1.899068e-02 2.238885e-01 1.958963e-01 1.795846e-01 6.984473e-02 4.369566e-02 
94 2351 3.645394e-01 0 0 6.454130e-02 3.154628e-02 3.947897e-02 1.852849e-02 2.143856e-01 1.884170e-01 1.768037e-01 6.780163e-02 4.184007e-02 
95 2376 3.724318e-01 0 0 6.508423e-02 3.153922e-02 4.147893e-02 1.859077e-02 2.144152e-01 1.888852e-01 1.828544e-01 6.897082e-02 4.178871e-02 
96 2401 3.707988e-01 0 0 6.391899e-02 3.121658e-02 4.032513e-02 1.788618e-02 2.159563e-01 1.848141e-01 1.936274e-01 6.750013e-02 4.076682e-02 
97 2426 3.966724e-01 0 0 6.918564e-02 3.305632e-02 4.271011e-02 1.908481e-02 2.335673e-01 2.027271e-01 2.155899e-01 7.075505e-02 4.194647e-02 
98 2451 3.727664e-01 0 0 6.668771e-02 3.017692e-02 4.060096e-02 1.788015e-02 2.136125e-01 1.836074e-01 2.001833e-01 6.486213e-02 3.784996e-02 
99 2476 3.708114e-01 0 0 6.598027e-02 2.921421e-02 4.243042e-02 1.737724e-02 2.105327e-01 1.790974e-01 1.999251e-01 6.379922e-02 3.745395e-02 
100 2501 3.592032e-01 0 0 6.590025e-02 2.713161e-02 4.130894e-02 1.630735e-02 2.007406e-01 1.686804e-01 1.903315e-01 6.081680e-02 3.507453e-02 
101 2526 3.436775e-01 0 0 6.267459e-02 2.574397e-02 3.850706e-02 1.563484e-02 1.896818e-01 1.550165e-01 1.779975e-01 5.706061e-02 3.257472e-02 
102 2551 3.307353e-01 0 0 5.918432e-02 2.377883e-02 3.675429e-02 1.497895e-02 1.771257e-01 1.435710e-01 1.683967e-01 5.334027e-02 3.092389e-02 
103 2576 3.256440e-01 0 0 5.866116e-02 2.249318e-02 3.621268e-02 1.419077e-02 1.706663e-01 1.401126e-01 1.667920e-01 5.064146e-02 3.003657e-02 
104 2601 3.082790e-01 0 0 5.483211e-02 2.096253e-02 3.366991e-02 1.293408e-02 1.586858e-01 1.280884e-01 1.532990e-01 4.677447e-02 2.779632e-02 
105 2626 3.013978e-01 0 0 5.231623e-02 2.021646e-02 3.179530e-02 1.206546e-02 1.527453e-01 1.217035e-01 1.475795e-01 4.545739e-02 2.687048e-02 
106 2651 3.138894e-01 0 0 5.389570e-02 2.037429e-02 3.265043e-02 1.223622e-02 1.548928e-01 1.248652e-01 1.551597e-01 4.670201e-02 2.714921e-02 
107 2676 3.406204e-01 0 0 5.709031e-02 2.137734e-02 3.691665e-02 1.300758e-02 1.661171e-01 1.326571e-01 1.739436e-01 4.894504e-02 2.869376e-02 
108 2701 3.667489e-01 0 0 6.209040e-02 2.443886e-02 3.885487e-02 1.443413e-02 1.900506e-01 1.435436e-01 1.838603e-01 5.049177e-02 3.301168e-02 
109 2726 3.963298e-01 0 0 6.731456e-02 2.586678e-02 4.183765e-02 1.583436e-02 2.029086e-01 1.568430e-01 2.098017e-01 5.591360e-02 3.445591e-02 
110 2751 4.122587e-01 0 0 7.116735e-02 2.665387e-02 4.434177e-02 1.736597e-02 2.067289e-01 1.594747e-01 2.156186e-01 5.663500e-02 3.618534e-02 
111 2776 4.013036e-01 0 0 6.976079e-02 2.512921e-02 4.283513e-02 1.652280e-02 1.948267e-01 1.494248e-01 2.059140e-01 5.498616e-02 3.452653e-02 
112 2801 4.493329e-01 0 0 8.210687e-02 2.779819e-02 4.784947e-02 1.815983e-02 2.184905e-01 1.638434e-01 2.373269e-01 6.261999e-02 3.798988e-02 
113 2826 4.063196e-01 0 0 7.237096e-02 2.431264e-02 4.181137e-02 1.627751e-02 1.976036e-01 1.444620e-01 2.099306e-01 5.656198e-02 3.312481e-02 
114 2851 3.890852e-01 0 0 6.782973e-02 2.348734e-02 4.012564e-02 1.553255e-02 1.949206e-01 1.350946e-01 1.952729e-01 5.316591e-02 3.380607e-02 
115 2876 3.670570e-01 0 0 6.408837e-02 2.169851e-02 3.694497e-02 1.444858e-02 1.838699e-01 1.276905e-01 1.811288e-01 5.032977e-02 3.141317e-02 
116 2901 3.430699e-01 0 0 5.816415e-02 1.997371e-02 3.398266e-02 1.339614e-02 1.687354e-01 1.163369e-01 1.691807e-01 4.746352e-02 2.857433e-02 
117 2926 3.332516e-01 0 0 5.451542e-02 1.880277e-02 3.227078e-02 1.319273e-02 1.638004e-01 1.135125e-01 1.612594e-01 4.555169e-02 2.848539e-02 
118 2951 3.056741e-01 0 0 4.808454e-02 1.667098e-02 2.864980e-02 1.177033e-02 1.458448e-01 1.005753e-01 1.434582e-01 4.030262e-02 2.572823e-02 
119 2976 2.909092e-01 0 0 4.545212e-02 1.542409e-02 2.729837e-02 1.110525e-02 1.352344e-01 9.243435e-02 1.356216e-01 3.761611e-02 2.358407e-02 
120 3001 2.557614e-01 0 0 3.997606e-02 1.320700e-02 2.320934e-02 9.413601e-03 1.157847e-01 7.850637e-02 1.155990e-01 3.206789e-02 2.034430e-02 
121 3026 2.413190e-01 0 0 3.808803e-02 1.207390e-02 2.134306e-02 8.760786e-03 1.055548e-01 7.195730e-02 1.053670e-01 3.018513e-02 1.938974e-02 
122 3051 2.292461e-01 0 0 3.618531e-02 1.137441e-02 1.976453e-02 8.124398e-03 9.775438e-02 6.855445e-02 9.798311e-02 2.845069e-02 1.834908e-02 
123 3076 2.479994e-01 0 0 3.923112e-02 1.303527e-02 2.065426e-02 8.618855e-03 1.045227e-01 7.154268e-02 1.019706e-01 3.063368e-02 2.007018e-02 
124 3101 2.628498e-01 0 0 4.256514e-02 1.457947e-02 2.121600e-02 8.958719e-03 1.116333e-01 7.799586e-02 1.132831e-01 3.159876e-02 2.163831e-02 
125 3126 3.095100e-01 0 0 4.868435e-02 1.788662e-02 2.417812e-02 1.030401e-02 1.318757e-01 9.319746e-02 1.327692e-01 3.761169e-02 2.739352e-02 
126 3151 3.537363e-01 0 0 5.480740e-02 2.189915e-02 2.648276e-02 1.188812e-02 1.517794e-01 1.043845e-01 1.500017e-01 4.163192e-02 3.105418e-02 
127 3176 3.376188e-01 0 0 5.146973e-02 2.101710e-02 2.490496e-02 1.101401e-02 1.472260e-01 9.981300e-02 1.435805e-01 3.903415e-02 2.969833e-02 
128 3201 3.286311e-01 0 0 4.952053e-02 2.021052e-02 2.360543e-02 1.051463e-02 1.395170e-01 9.498546e-02 1.393598e-01 3.730857e-02 2.829556e-02 
129 3226 3.034907e-01 0 0 4.438936e-02 1.821152e-02 2.133968e-02 9.536480e-03 1.259893e-01 8.658255e-02 1.271920e-01 3.387794e-02 2.628167e-02 
130 3251 2.806597e-01 0 0 4.090926e-02 1.634285e-02 1.938809e-02 8.519559e-03 1.156608e-01 7.980794e-02 1.170718e-01 3.092943e-02 2.378168e-02 
131 3276 2.580102e-01 0 0 3.727063e-02 1.490194e-02 1.733768e-02 7.845859e-03 1.064896e-01 7.122599e-02 1.038240e-01 2.779829e-02 2.169415e-02 
132 3301 2.412720e-01 0 0 3.442222e-02 1.354697e-02 1.581258e-02 7.149795e-03 9.935003e-02 6.690294e-02 9.349687e-02 2.561898e-02 2.065681e-02 
133 3326 2.242562e-01 0 0 3.446951e-02 1.236616e-02 1.438843e-02 6.740001e-03 9.562896e-02 6.080271e-02 8.407515e-02 2.340729e-02 1.900919e-02 
134 3351 2.209166e-01 0 0 3.330444e-02 1.217332e-02 1.366213e-02 6.649907e-03 9.251951e-02 5.827286e-02 8.403151e-02 2.253274e-02 1.827379e-02 
135 3376 2.267332e-01 0 0 3.287006e-02 1.247690e-02 1.383614e-02 6.578314e-03 9.713931e-02 5.880449e-02 9.029986e-02 2.261945e-02 1.818371e-02 
136 3401 2.111101e-01 0 0 2.980842e-02 1.127261e-02 1.244619e-02 6.043377e-03 8.986465e-02 5.497936e-02 8.213576e-02 2.045029e-02 1.642975e-02 
137 3426 1.953867e-01 0 0 2.737973e-02 1.019148e-02 1.101343e-02 5.605317e-03 8.200544e-02 5.045946e-02 7.492514e-02 1.817172e-02 1.460623e-02 
138 3451 1.911781e-01 0 0 2.700893e-02 9.771102e-03 1.061937e-02 5.487596e-03 8.057312e-02 5.155325e-02 7.102161e-02 1.762124e-02 1.374933e-02 
139 3476 1.853800e-01 0 0 2.589598e-02 9.244045e-03 9.937937e-03 5.205003e-03 7.576362e-02 4.874089e-02 6.856258e-02 1.663304e-02 1.303275e-02 
140 3501 1.747637e-01 0 0 2.437893e-02 8.354115e-03 9.620679e-03 4.933945e-03 6.913115e-02 4.528877e-02 6.319556e-02 1.567709e-02 1.203957e-02 
141 3526 1.777465e-01 0 0 2.425173e-02 8.220562e-03 9.592193e-03 4.847904e-03 6.989644e-02 4.510993e-02 6.307153e-02 1.590117e-02 1.244672e-02 
142 3551 1.660247e-01 0 0 2.185868e-02 7.482262e-03 9.213099e-03 4.436708e-03 6.326588e-02 4.089572e-02 5.837229e-02 1.446443e-02 1.146305e-02 
143 3576 1.408001e-01 0 0 1.801833e-02 6.144057e-03 7.464016e-03 3.702697e-03 5.178260e-02 3.514443e-02 4.830455e-02 1.226262e-02 9.412745e-03 
144 3601 1.390282e-01 0 0 1.783522e-02 5.874449e-03 7.267444e-03 3.713776e-03 4.986528e-02 3.419047e-02 4.639733e-02 1.225988e-02 9.406417e-03 
145 3626 1.376684e-01 0 0 1.727884e-02 5.733284e-03 7.190903e-03 3.614963e-03 5.124642e-02 3.385214e-02 4.435137e-02 1.214702e-02 9.449296e-03 
146 3651 1.277795e-01 0 0 1.537051e-02 5.140812e-03 6.711034e-03 3.275912e-03 4.661638e-02 3.056828e-02 3.992573e-02 1.122939e-02 8.652852e-03 
147 3676 1.232974e-01 0 0 1.450343e-02 4.749481e-03 6.676993e-03 3.105766e-03 4.422537e-02 2.846498e-02 3.716079e-02 1.052602e-02 8.230835e-03 
148 3701 1.220015e-01 0 0 1.402579e-02 4.697625e-03 6.509252e-03 3.042418e-03 4.528755e-02 2.725211e-02 3.806108e-02 1.021100e-02 7.940823e-03 
149 3726 1.316572e-01 0 0 1.501058e-02 4.944495e-03 7.287758e-03 3.259919e-03 4.808828e-02 2.847387e-02 4.255526e-02 1.085619e-02 8.282571e-03 
150 3751 1.467529e-01 0 0 1.644387e-02 5.528271e-03 7.967402e-03 3.775360e-03 5.293803e-02 3.143975e-02 4.683135e-02 1.246218e-02 8.887040e-03 
151 3776 1.522493e-01 0 0 1.721756e-02 5.540682e-03 8.637211e-03 3.768446e-03 5.310817e-02 3.217600e-02 5.006891e-02 1.297979e-02 8.946136e-03 
152 3801 1.412341e-01 0 0 1.629519e-02 5.054899e-03 8.135000e-03 3.443706e-03 4.908392e-02 2.931105e-02 4.655130e-02 1.182919e-02 8.140764e-03 
153 3826 1.554425e-01 0 0 1.768251e-02 5.462479e-03 8.939366e-03 3.686850e-03 5.721966e-02 3.199533e-02 5.118725e-02 1.368589e-02 8.863867e-03 
154 3851 1.627988e-01 0 0 1.800567e-02 5.695377e-03 9.179975e-03 3.760202e-03 6.010075e-02 3.304573e-02 5.217432e-02 1.479611e-02 8.930007e-03 
155 3876 1.809820e-01 0 0 2.013625e-02 6.469516e-03 1.043575e-02 4.124597e-03 6.994000e-02 3.699726e-02 5.776981e-02 1.624408e-02 9.532626e-03 
156 3901 1.919089e-01 0 0 2.066871e-02 6.705439e-03 1.073740e-02 4.280985e-03 7.494188e-02 3.935765e-02 5.916820e-02 1.681818e-02 9.882354e-03 
157 3926 1.965570e-01 0 0 2.054197e-02 6.738409e-03 1.105852e-02 4.291010e-03 7.610318e-02 3.952077e-02 6.093640e-02 1.748333e-02 9.899076e-03 
158 3951 1.853817e-01 0 0 1.882226e-02 6.501914e-03 1.014302e-02 4.107654e-03 6.964729e-02 3.632247e-02 5.585939e-02 1.621781e-02 9.179653e-03 
159 3976 1.664109e-01 0 0 1.670155e-02 5.869610e-03 8.990669e-03 3.627229e-03 6.261204e-02 3.230396e-02 4.876241e-02 1.423026e-02 7.990446e-03 
160 4001 1.565624e-01 0 0 1.674039e-02 5.278121e-03 8.264650e-03 3.615502e-03 5.706775e-02 3.053098e-02 4.504906e-02 1.340815e-02 7.233472e-03 
161 4026 1.632026e-01 0 0 1.790646e-02 5.425360e-03 8.451315e-03 3.712515e-03 5.813167e-02 3.169112e-02 4.666437e-02 1.366467e-02 7.469554e-03 
162 4051 1.629715e-01 0 0 1.799520e-02 5.378580e-03 8.641343e-03 3.609129e-03 5.938076e-02 3.266959e-02 4.471537e-02 1.471197e-02 7.196352e-03 
163 4076 1.563174e-01 0 0 1.683459e-02 5.137342e-03 8.046928e-03 3.442691e-03 5.756361e-02 3.203207e-02 4.180605e-02 1.376788e-02 6.671853e-03 
164 4101 1.512919e-01 0 0 1.695196e-02 5.227396e-03 7.875514e-03 3.286650e-03 5.635985e-02 3.036260e-02 4.006534e-02 1.312324e-02 6.365554e-03 
165 4126 1.455995e-01 0 0 1.649875e-02 4.957652e-03 7.555127e-03 3.102096e-03 5.307189e-02 2.904812e-02 3.844231e-02 1.259937e-02 5.897338e-03 
166 4151 1.401584e-01 0 0 1.554272e-02 4.943918e-03 7.120413e-03 3.006602e-03 5.174172e-02 2.836695e-02 3.636527e-02 1.199989e-02 5.507459e-03 
167 4176 1.429777e-01 0 0 1.570136e-02 4.922178e-03 7.242860e-03 3.014559e-03 5.075992e-02 3.011847e-02 3.656432e-02 1.214830e-02 5.503337e-03 
168 4201 1.346715e-01 0 0 1.446519e-02 4.491187e-03 6.718853e-03 2.749809e-03 4.723025e-02 2.742572e-02 3.368636e-02 1.122796e-02 5.064791e-03 
169 4226 1.333948e-01 0 0 1.433501e-02 4.507743e-03 6.808698e-03 2.667564e-03 4.934321e-02 2.668374e-02 3.217148e-02 1.164344e-02 4.827481e-03 
170 4251 1.341619e-01 0 0 1.469095e-02 4.682742e-03 6.848999e-03 2.742653e-03 5.036611e-02 2.642737e-02 3.364837e-02 1.161740e-02 4.718512e-03 
171 4276 1.459398e-01 0 0 1.625772e-02 5.136154e-03 7.232627e-03 2.993667e-03 5.831551e-02 2.896797e-02 3.614466e-02 1.273201e-02 5.039275e-03 
172 4301 1.454086e-01 0 0 1.656875e-02 5.118414e-03 7.084585e-03 2.956831e-03 5.820511e-02 2.891284e-02 3.563930e-02 1.264768e-02 4.823427e-03 
173 4326 1.298255e-01 0 0 1.464813e-02 4.413708e-03 6.219917e-03 2.538705e-03 5.058215e-02 2.513333e-02 3.137760e-02 1.132100e-02 4.143828e-03 
174 4351 1.276438e-01 0 0 1.428415e-02 4.376475e-03 6.014752e-03 2.455192e-03 4.821755e-02 2.391679e-02 3.093127e-02 1.076612e-02 3.981651e-03 
175 4376 1.251141e-01 0 0 1.370856e-02 4.200920e-03 5.991727e-03 2.358316e-03 4.677418e-02 2.315567e-02 2.968761e-02 1.063021e-02 3.736393e-03 
176 4401 1.169977e-01 0 0 1.263653e-02 3.798349e-03 5.588153e-03 2.155841e-03 4.337519e-02 2.102687e-02 2.733751e-02 9.919467e-03 3.385628e-03 
177 4426 1.187520e-01 0 0 1.322721e-02 3.803823e-03 5.982759e-03 2.202221e-03 4.365034e-02 2.263486e-02 2.702238e-02 1.015066e-02 3.370235e-03 
178 4451 1.135055e-01 0 0 1.294206e-02 3.739367e-03 5.866034e-03 2.071879e-03 4.106643e-02 2.188463e-02 2.579408e-02 9.681472e-03 3.063683e-03 
179 4476 1.100058e-01 0 0 1.298522e-02 3.603797e-03 5.928281e-03 1.944329e-03 4.022567e-02 2.143762e-02 2.468541e-02 9.732287e-03 2.961727e-03 
180 4501 1.035520e-01 0 0 1.210660e-02 3.272347e-03 5.659094e-03 1.762551e-03 3.686835e-02 2.017723e-02 2.247028e-02 9.206440e-03 2.772380e-03 
181 4526 1.016449e-01 0 0 1.151186e-02 3.259169e-03 5.751131e-03 1.704966e-03 3.741891e-02 2.074380e-02 2.126527e-02 9.373777e-03 2.668810e-03 
182 4551 1.022528e-01 0 0 1.114768e-02 3.208626e-03 5.681002e-03 1.665505e-03 3.667703e-02 1.991658e-02 2.049285e-02 9.157732e-03 2.642941e-03 
183 4576 9.586230e-02 0 0 1.036076e-02 2.958952e-03 5.274946e-03 1.560219e-03 3.544109e-02 1.840993e-02 1.850754e-02 8.637765e-03 2.493382e-03 
184 4601 8.624304e-02 0 0 9.323997e-03 2.547790e-03 4.654813e-03 1.385862e-03 3.065574e-02 1.629110e-02 1.635691e-02 7.583461e-03 2.254292e-03 
185 4626 8.492969e-02 0 0 8.840041e-03 2.464671e-03 4.503544e-03 1.370941e-03 3.051421e-02 1.543503e-02 1.572326e-02 7.407149e-03 2.308880e-03 
186 4651 8.540839e-02 0 0 8.768636e-03 2.484020e-03 4.523174e-03 1.426608e-03 3.051127e-02 1.586201e-02 1.593310e-02 7.576494e-03 2.293930e-03 
187 4676 8.324671e-02 0 0 8.656407e-03 2.485079e-03 4.408771e-03 1.480057e-03 3.051110e-02 1.587641e-02 1.546483e-02 7.688308e-03 2.199457e-03 
188 4701 8.284962e-02 0 0 8.439263e-03 2.520397e-03 4.296830e-03 1.487468e-03 3.024692e-02 1.527272e-02 1.503517e-02 7.702480e-03 2.096353e-03 
189 4726 8.200473e-02 0 0 8.094244e-03 2.508920e-03 4.088207e-03 1.453736e-03 2.972729e-02 1.464057e-02 1.474170e-02 7.402936e-03 2.092833e-03 
190 4751 8.394456e-02 0 0 8.343044e-03 2.602523e-03 4.167558e-03 1.478459e-03 3.007595e-02 1.479871e-02 1.514522e-02 7.511589e-03 2.084091e-03 
191 4776 7.939886e-02 0 0 7.832923e-03 2.409402e-03 4.096488e-03 1.370940e-03 2.867635e-02 1.429733e-02 1.394434e-02 7.152421e-03 1.935267e-03 
192 4801 7.623150e-02 0 0 7.784808e-03 2.288956e-03 3.833555e-03 1.305205e-03 2.678493e-02 1.326472e-02 1.333124e-02 6.773133e-03 1.795884e-03 
193 4826 7.831073e-02 0 0 7.961846e-03 2.287069e-03 4.013002e-03 1.322379e-03 2.694611e-02 1.464677e-02 1.321445e-02 7.056224e-03 1.801395e-03 
194 4851 6.629111e-02 0 0 6.762181e-03 1.875114e-03 3.335525e-03 1.116000e-03 2.191346e-02 1.209924e-02 1.103297e-02 5.796526e-03 1.465791e-03 
195 4876 6.720522e-02 0 0 6.895121e-03 1.844868e-03 3.318138e-03 1.134619e-03 2.200933e-02 1.208293e-02 1.085436e-02 5.909264e-03 1.522846e-03 
196 4901 6.594914e-02 0 0 6.842079e-03 1.824327e-03 3.171013e-03 1.103146e-03 2.153901e-02 1.286600e-02 1.093837e-02 5.741092e-03 1.451694e-03 
197 4926 6.409073e-02 0 0 6.608891e-03 1.702186e-03 2.985330e-03 1.048248e-03 2.011687e-02 1.265942e-02 1.032712e-02 5.549866e-03 1.370053e-03 
198 4951 5.941836e-02 0 0 6.188722e-03 1.589848e-03 2.685091e-03 9.960360e-04 1.848615e-02 1.206996e-02 9.614254e-03 5.068045e-03 1.273448e-03 
199 4976 4.676603e-02 0 0 4.843796e-03 1.356767e-03 2.117418e-03 7.658768e-04 1.555871e-02 9.169430e-03 7.378288e-03 3.993671e-03 1.000857e-03 
200 5001 4.431174e-02 0 0 4.709830e-03 1.368037e-03 2.058602e-03 7.101147e-04 1.541802e-02 8.696368e-03 6.691677e-03 3.820726e-03 9.264560e-04 
201 5026 4.588418e-02 0 0 4.873463e-03 1.424033e-03 2.269041e-03 7.235544e-04 1.655846e-02 9.377093e-03 6.793257e-03 3.968988e-03 9.367496e-04 
202 5051 4.701069e-02 0 0 5.145544e-03 1.450920e-03 2.394483e-03 7.959409e-04 1.701044e-02 9.718266e-03 6.768716e-03 3.910016e-03 9.496519e-04 
203 5076 4.973306e-02 0 0 5.315915e-03 1.513889e-03 2.526145e-03 8.579198e-04 1.839603e-02 1.042097e-02 7.099544e-03 4.186931e-03 9.886772e-04 
204 5101 4.509149e-02 0 0 4.875620e-03 1.375432e-03 2.354576e-03 7.624802e-04 1.737623e-02 9.209713e-03 6.370160e-03 3.995706e-03 8.793025e-04 
205 5126 4.016565e-02 0 0 4.216417e-03 1.226160e-03 2.027907e-03 6.804156e-04 1.563905e-02 8.037421e-03 5.585217e-03 3.439418e-03 7.723865e-04 
206 5151 3.644549e-02 0 0 3.767439e-03 1.104733e-03 1.792473e-03 6.016597e-04 1.411916e-02 7.449984e-03 5.113218e-03 3.040143e-03 6.730396e-04 
207 5176 3.890098e-02 0 0 3.868556e-03 1.181772e-03 1.868880e-03 6.360031e-04 1.506818e-02 8.037610e-03 5.513936e-03 3.179210e-03 6.952295e-04 
208 5201 3.801563e-02 0 0 3.700046e-03 1.143749e-03 1.772113e-03 6.115844e-04 1.466844e-02 8.040066e-03 5.454468e-03 3.049513e-03 6.669592e-04 
209 5226 4.242215e-02 0 0 4.225436e-03 1.252630e-03 2.015730e-03 6.910482e-04 1.633046e-02 9.683801e-03 6.085797e-03 3.439105e-03 7.846688e-04 
210 5251 4.057126e-02 0 0 4.059322e-03 1.209633e-03 1.910301e-03 6.549259e-04 1.539923e-02 9.303724e-03 5.890930e-03 3.180641e-03 7.334504e-04 
211 5276 3.620786e-02 0 0 3.647917e-03 1.050902e-03 1.674819e-03 5.711418e-04 1.338367e-02 8.168143e-03 5.150986e-03 2.810685e-03 6.550383e-04 
212 5301 3.611550e-02 0 0 3.575553e-03 1.110572e-03 1.653150e-03 5.806776e-04 1.393127e-02 8.193556e-03 5.272491e-03 2.816647e-03 6.530148e-04 
213 5326 3.383687e-02 0 0 3.319607e-03 1.031335e-03 1.554524e-03 5.308524e-04 1.286656e-02 7.453525e-03 4.810488e-03 2.601767e-03 6.195809e-04 
214 5351 3.353607e-02 0 0 3.228500e-03 1.021462e-03 1.523242e-03 5.166920e-04 1.248729e-02 7.446209e-03 4.874407e-03 2.539166e-03 6.155876e-04 
215 5376 3.128517e-02 0 0 3.076572e-03 9.501042e-04 1.439155e-03 4.770847e-04 1.161542e-02 6.774462e-03 4.606051e-03 2.427386e-03 5.725787e-04 
216 5401 3.341498e-02 0 0 3.364774e-03 9.843751e-04 1.545697e-03 4.990345e-04 1.208304e-02 7.245633e-03 4.842135e-03 2.658347e-03 6.066570e-04 
217 5426 3.273146e-02 0 0 3.335071e-03 1.033649e-03 1.536338e-03 4.919802e-04 1.263204e-02 7.079981e-03 4.600868e-03 2.766925e-03 5.995823e-04 
218 5451 3.134846e-02 0 0 3.102800e-03 9.762088e-04 1.429248e-03 4.721313e-04 1.212153e-02 6.595658e-03 4.434238e-03 2.582399e-03 6.028847e-04 
219 5476 3.429821e-02 0 0 3.425138e-03 1.113458e-03 1.573915e-03 5.140326e-04 1.352691e-02 7.123164e-03 5.034612e-03 2.872221e-03 6.660514e-04 
220 5501 4.584707e-02 0 0 4.535630e-03 1.471073e-03 2.023052e-03 6.683305e-04 1.814254e-02 9.293831e-03 6.748383e-03 3.836934e-03 8.697654e-04 
221 5526 4.563760e-02 0 0 4.465779e-03 1.434713e-03 1.972668e-03 6.614536e-04 1.757131e-02 9.216420e-03 6.534285e-03 3.723739e-03 8.378371e-04 
222 5551 4.497019e-02 0 0 4.327355e-03 1.433131e-03 1.931723e-03 6.539432e-04 1.822300e-02 9.001611e-03 6.550846e-03 3.744384e-03 8.086892e-04 
223 5576 5.154231e-02 0 0 4.856208e-03 1.634754e-03 2.156963e-03 7.516358e-04 2.085291e-02 9.980960e-03 7.309525e-03 4.278925e-03 9.887766e-04 
224 5601 5.847239e-02 0 0 5.695049e-03 1.795386e-03 2.369558e-03 9.063251e-04 2.287136e-02 1.118312e-02 8.449194e-03 4.763616e-03 1.163572e-03 
225 5626 5.786707e-02 0 0 5.485969e-03 1.755643e-03 2.263870e-03 8.974572e-04 2.232600e-02 1.073766e-02 8.232231e-03 4.588947e-03 1.142560e-03 
226 5651 5.454665e-02 0 0 5.120390e-03 1.638273e-03 2.193868e-03 8.448090e-04 2.104272e-02 1.007871e-02 7.632166e-03 4.424542e-03 1.052974e-03 
227 5676 6.035180e-02 0 0 5.817970e-03 1.782069e-03 2.550817e-03 9.744180e-04 2.314700e-02 1.121339e-02 8.486535e-03 4.807393e-03 1.141488e-03 
228 5701 5.697635e-02 0 0 5.532213e-03 1.615157e-03 2.360386e-03 9.702710e-04 2.124699e-02 1.109532e-02 8.661496e-03 4.391165e-03 1.065032e-03 
229 5726 5.319589e-02 0 0 5.057487e-03 1.461958e-03 2.161907e-03 9.017115e-04 1.903586e-02 1.039066e-02 8.060156e-03 3.976767e-03 9.565817e-04 
230 5751 4.770265e-02 0 0 4.440132e-03 1.284915e-03 1.927687e-03 7.890307e-04 1.671321e-02 9.101027e-03 6.989609e-03 3.520098e-03 8.590306e-04 
231 5776 4.791494e-02 0 0 4.390023e-03 1.277496e-03 1.874059e-03 7.646236e-04 1.616712e-02 9.174058e-03 7.318289e-03 3.580192e-03 8.609978e-04 
232 5801 4.606732e-02 0 0 4.148626e-03 1.213033e-03 1.762122e-03 7.304501e-04 1.549972e-02 8.822572e-03 7.377280e-03 3.454430e-03 8.001909e-04 
233 5826 4.166761e-02 0 0 3.823720e-03 1.083100e-03 1.573854e-03 6.922987e-04 1.368471e-02 8.022625e-03 6.494769e-03 3.023169e-03 6.975592e-04 
234 5851 4.102903e-02 0 0 3.811416e-03 1.053293e-03 1.590993e-03 6.679719e-04 1.352738e-02 7.758347e-03 6.718551e-03 3.054485e-03 6.724829e-04 
235 5876 3.624764e-02 0 0 3.248801e-03 9.082733e-04 1.400836e-03 5.825646e-04 1.207190e-02 6.762693e-03 6.015921e-03 2.734439e-03 5.758820e-04 
236 5901 3.404026e-02 0 0 3.168542e-03 8.687870e-04 1.321213e-03 5.489017e-04 1.140078e-02 6.471766e-03 5.655879e-03 2.501237e-03 5.385450e-04 
237 5926 3.685815e-02 0 0 3.378839e-03 9.258509e-04 1.436422e-03 5.765717e-04 1.208770e-02 6.945152e-03 5.861840e-03 2.689822e-03 5.890915e-04 
238 5951 3.646761e-02 0 0 3.313359e-03 9.205832e-04 1.421883e-03 5.602635e-04 1.222135e-02 6.730131e-03 5.725262e-03 2.682217e-03 5.802948e-04 
239 5976 3.584956e-02 0 0 3.160470e-03 9.010805e-04 1.359500e-03 5.548046e-04 1.230276e-02 6.430084e-03 5.621541e-03 2.789168e-03 5.725234e-04 
240 6001 3.204288e-02 0 0 2.785518e-03 8.056803e-04 1.202414e-03 4.923543e-04 1.097610e-02 5.583910e-03 4.944115e-03 2.443230e-03 5.138989e-04 
241 6026 3.516915e-02 0 0 3.084939e-03 9.083544e-04 1.287583e-03 6.243368e-04 1.233892e-02 6.672625e-03 5.438793e-03 2.634282e-03 5.506367e-04 
242 6051 3.704894e-02 0 0 3.220318e-03 9.556784e-04 1.369021e-03 6.376076e-04 1.299984e-02 6.889366e-03 5.532046e-03 2.742579e-03 6.023153e-04 
243 6076 4.074507e-02 0 0 3.896132e-03 1.045609e-03 1.510963e-03 7.259901e-04 1.415235e-02 8.009488e-03 5.932345e-03 3.028673e-03 6.596729e-04 
244 6101 4.400409e-02 0 0 4.367463e-03 1.104921e-03 1.594749e-03 7.903066e-04 1.520159e-02 8.757863e-03 6.477256e-03 3.491705e-03 7.139950e-04 
245 6126 4.539974e-02 0 0 4.479493e-03 1.149079e-03 1.601451e-03 8.133912e-04 1.559104e-02 9.038194e-03 6.917253e-03 3.507181e-03 7.132329e-04 
246 6151 5.102751e-02 0 0 5.235569e-03 1.284857e-03 1.810436e-03 9.404759e-04 1.727895e-02 1.032100e-02 8.094923e-03 3.851148e-03 8.006015e-04 
247 6176 4.782534e-02 0 0 4.757408e-03 1.165861e-03 1.640750e-03 8.647771e-04 1.558844e-02 9.428359e-03 7.370924e-03 3.501145e-03 7.352864e-04 
248 6201 4.822213e-02 0 0 4.736770e-03 1.162122e-03 1.656527e-03 8.815502e-04 1.578421e-02 9.742062e-03 7.292211e-03 3.441055e-03 7.386396e-04 
249 6226 5.052095e-02 0 0 4.973063e-03 1.206798e-03 1.683937e-03 9.292838e-04 1.630289e-02 1.024392e-02 7.471566e-03 3.570685e-03 7.595369e-04 
250 6251 4.586216e-02 0 0 4.410011e-03 1.092491e-03 1.510293e-03 8.302089e-04 1.493450e-02 9.159857e-03 6.706405e-03 3.200707e-03 6.774980e-04 
251 6276 4.922628e-02 0 0 4.581125e-03 1.143978e-03 1.637243e-03 8.711098e-04 1.580665e-02 9.632456e-03 6.970869e-03 3.629093e-03 7.463622e-04 
252 6301 5.128346e-02 0 0 4.694462e-03 1.152313e-03 1.746129e-03 8.983084e-04 1.623304e-02 9.989286e-03 7.268110e-03 3.776685e-03 7.684819e-04 
253 6326 5.113032e-02 0 0 4.583550e-03 1.152059e-03 1.698498e-03 8.797694e-04 1.603659e-02 9.607841e-03 7.256714e-03 3.662182e-03 7.441724e-04 
254 6351 4.992202e-02 0 0 4.448592e-03 1.152384e-03 1.662723e-03 8.517346e-04 1.637434e-02 9.157857e-03 7.089952e-03 3.635306e-03 7.096948e-04 
255 6376 5.198196e-02 0 0 4.589846e-03 1.211293e-03 1.687211e-03 9.277215e-04 1.672664e-02 1.005734e-02 7.414936e-03 3.722424e-03 7.164178e-04 
256 6401 5.154202e-02 0 0 4.405173e-03 1.180053e-03 1.672126e-03 9.074252e-04 1.634355e-02 1.014553e-02 7.236448e-03 3.694976e-03 7.012802e-04 
257 6426 5.609595e-02 0 0 4.900084e-03 1.270794e-03 1.995782e-03 9.683713e-04 1.724255e-02 1.168065e-02 7.913649e-03 3.932378e-03 7.415704e-04 
258 6451 6.122244e-02 0 0 5.487317e-03 1.379852e-03 2.207450e-03 1.060389e-03 1.900334e-02 1.359734e-02 8.592797e-03 4.278042e-03 8.077091e-04 
259 6476 6.095215e-02 0 0 5.976024e-03 1.375131e-03 2.260423e-03 1.109362e-03 1.892705e-02 1.401140e-02 8.542432e-03 4.245801e-03 8.025755e-04 
260 6501 6.033911e-02 0 0 5.839490e-03 1.336589e-03 2.197740e-03 1.089660e-03 1.831332e-02 1.419064e-02 8.178227e-03 4.104217e-03 7.706591e-04 
261 6526 6.051310e-02 0 0 5.682601e-03 1.370229e-03 2.249257e-03 1.108619e-03 1.849915e-02 1.381685e-02 8.097974e-03 4.116622e-03 7.543607e-04 
262 6551 6.089073e-02 0 0 5.498525e-03 1.370793e-03 2.234163e-03 1.073210e-03 1.821254e-02 1.347852e-02 8.000245e-03 4.098100e-03 7.525106e-04 
263 6576 5.315168e-02 0 0 4.704909e-03 1.242322e-03 1.939182e-03 9.086848e-04 1.598465e-02 1.140523e-02 6.840888e-03 3.539772e-03 6.423171e-04 
264 6601 4.887230e-02 0 0 4.176575e-03 1.101418e-03 1.708093e-03 8.294377e-04 1.419980e-02 1.026684e-02 6.212191e-03 3.192396e-03 5.804999e-04 
265 6626 4.141639e-02 0 0 3.553549e-03 9.022251e-04 1.428944e-03 6.902435e-04 1.170456e-02 8.662824e-03 5.130605e-03 2.664268e-03 4.784129e-04 
266 6651 3.714961e-02 0 0 3.220296e-03 7.870665e-04 1.248846e-03 6.389398e-04 1.031829e-02 7.897603e-03 4.637020e-03 2.401641e-03 4.223672e-04 
267 6676 3.445307e-02 0 0 2.915132e-03 7.117249e-04 1.157119e-03 5.871306e-04 9.460873e-03 7.393484e-03 4.216981e-03 2.218080e-03 3.867644e-04 
268 6701 3.258131e-02 0 0 2.742758e-03 6.565342e-04 1.074805e-03 5.615427e-04 8.679942e-03 6.922811e-03 4.197454e-03 2.086901e-03 3.547381e-04 
269 6726 3.190717e-02 0 0 2.625566e-03 6.293283e-04 1.013146e-03 5.352109e-04 8.281439e-03 6.538208e-03 4.298219e-03 1.994523e-03 3.460648e-04 
270 6751 2.932348e-02 0 0 2.362515e-03 5.778299e-04 9.202198e-04 4.777284e-04 7.410802e-03 5.795495e-03 3.934750e-03 1.839796e-03 3.115146e-04 
271 6776 2.822729e-02 0 0 2.336401e-03 5.450385e-04 9.012522e-04 4.636791e-04 6.965136e-03 5.696893e-03 3.753412e-03 1.737166e-03 2.890770e-04 
272 6801 2.851761e-02 0 0 2.334618e-03 5.632251e-04 9.471975e-04 4.717928e-04 6.874792e-03 5.925103e-03 3.732538e-03 1.759242e-03 2.875168e-04 
273 6826 3.063160e-02 0 0 2.508957e-03 5.873841e-04 1.002278e-03 5.048692e-04 7.245598e-03 6.335658e-03 4.092263e-03 1.919758e-03 3.059018e-04 
274 6851 3.494115e-02 0 0 2.870415e-03 6.675130e-04 1.135026e-03 5.786440e-04 8.534789e-03 7.247959e-03 4.978358e-03 2.177860e-03 3.567805e-04 
275 6876 3.672630e-02 0 0 3.028401e-03 6.870856e-04 1.248662e-03 6.047349e-04 8.851797e-03 7.975332e-03 5.492898e-03 2.209911e-03 3.625156e-04 
276 6901 3.801432e-02 0 0 3.059678e-03 7.359678e-04 1.264304e-03 6.200668e-04 9.274459e-03 8.154310e-03 5.982648e-03 2.286596e-03 3.971566e-04 
277 6926 4.029382e-02 0 0 3.176856e-03 7.770052e-04 1.324887e-03 6.679104e-04 1.013771e-02 8.507736e-03 6.240580e-03 2.470856e-03 4.505182e-04 
278 6951 4.207333e-02 0 0 3.252349e-03 7.955543e-04 1.394525e-03 6.860707e-04 1.114199e-02 8.729232e-03 6.591363e-03 2.700282e-03 4.802901e-04 
279 6976 4.229741e-02 0 0 3.283377e-03 7.785573e-04 1.382953e-03 6.937180e-04 1.139362e-02 8.743886e-03 6.511219e-03 2.794626e-03 5.035755e-04 
280 7001 4.203118e-02 0 0 3.285203e-03 7.979366e-04 1.371756e-03 7.158470e-04 1.167424e-02 9.008668e-03 6.616977e-03 2.914499e-03 5.167019e-04 
281 7026 4.405229e-02 0 0 3.444845e-03 8.122802e-04 1.416308e-03 7.357057e-04 1.183314e-02 9.291999e-03 6.781384e-03 2.951643e-03 5.680154e-04 
282 7051 4.185450e-02 0 0 3.247250e-03 7.486356e-04 1.323024e-03 6.744153e-04 1.092769e-02 8.632840e-03 6.196129e-03 2.772985e-03 5.321777e-04 
283 7076 4.609824e-02 0 0 3.685779e-03 8.491028e-04 1.409915e-03 7.352813e-04 1.203630e-02 9.564716e-03 6.562096e-03 3.131469e-03 5.889415e-04 
284 7101 4.854018e-02 0 0 3.928503e-03 9.120402e-04 1.521573e-03 7.587734e-04 1.233665e-02 1.012126e-02 6.811562e-03 3.273379e-03 5.967882e-04 
285 7126 5.123454e-02 0 0 4.171907e-03 9.762011e-04 1.581366e-03 7.831899e-04 1.294942e-02 1.039416e-02 7.065575e-03 3.584582e-03 6.147021e-04 
286 7151 4.669783e-02 0 0 3.878525e-03 8.807223e-04 1.433597e-03 7.041138e-04 1.149102e-02 9.257691e-03 6.263719e-03 3.268225e-03 5.498740e-04 
287 7176 4.622849e-02 0 0 3.817075e-03 8.739809e-04 1.415665e-03 6.952310e-04 1.148098e-02 9.142511e-03 6.511725e-03 3.169255e-03 5.324035e-04 
288 7201 4.573255e-02 0 0 3.668498e-03 8.377375e-04 1.357529e-03 6.618328e-04 1.110222e-02 8.832330e-03 6.652693e-03 3.139907e-03 5.480389e-04 
289 7226 4.357580e-02 0 0 3.388958e-03 7.800755e-04 1.261429e-03 6.097627e-04 1.025915e-02 8.102607e-03 6.219244e-03 2.904014e-03 5.065181e-04 
290 7251 4.347957e-02 0 0 3.437464e-03 8.090699e-04 1.327992e-03 6.056502e-04 1.040408e-02 7.989143e-03 6.222237e-03 2.928131e-03 4.985609e-04 
291 7276 3.960122e-02 0 0 3.077566e-03 7.275795e-04 1.205527e-03 5.405529e-04 9.560464e-03 7.106619e-03 5.732000e-03 2.620414e-03 4.691403e-04 
292 7301 4.042184e-02 0 0 3.421970e-03 7.231007e-04 1.341262e-03 5.631680e-04 9.416636e-03 7.593171e-03 5.775376e-03 2.789966e-03 4.566260e-04 
293 7326 4.165270e-02 0 0 3.415335e-03 7.426349e-04 1.424671e-03 5.691818e-04 9.742978e-03 7.672015e-03 5.976995e-03 2.900059e-03 4.919651e-04 
294 7351 4.242675e-02 0 0 3.461127e-03 7.603814e-04 1.426630e-03 5.636360e-04 1.048188e-02 7.551097e-03 6.246512e-03 3.114007e-03 5.232757e-04 
295 7376 4.105849e-02 0 0 3.253288e-03 7.520599e-04 1.340768e-03 5.377453e-04 9.949965e-03 7.290337e-03 5.936954e-03 2.928142e-03 4.894754e-04 
296 7401 4.227413e-02 0 0 3.347980e-03 7.620095e-04 1.403599e-03 5.705545e-04 1.031700e-02 7.589571e-03 6.005151e-03 3.179738e-03 4.959710e-04 
297 7426 4.544802e-02 0 0 3.679956e-03 8.109055e-04 1.575764e-03 5.885679e-04 1.089776e-02 8.121876e-03 6.275792e-03 3.516162e-03 5.354442e-04 
298 7451 4.129342e-02 0 0 3.257792e-03 7.330778e-04 1.405677e-03 5.198286e-04 9.669910e-03 7.166809e-03 5.716362e-03 3.133174e-03 4.722561e-04 
299 7476 3.812061e-02 0 0 3.010881e-03 6.715403e-04 1.289507e-03 4.754508e-04 8.915570e-03 6.799499e-03 5.214545e-03 2.839520e-03 4.270420e-04 
300 7501 3.606422e-02 0 0 2.939218e-03 6.159004e-04 1.234076e-03 4.478454e-04 8.129863e-03 6.381576e-03 5.024108e-03 2.638513e-03 3.983254e-04 
301 7526 3.181036e-02 0 0 2.602806e-03 5.225764e-04 1.048050e-03 3.809340e-04 7.004313e-03 5.465150e-03 4.335213e-03 2.300331e-03 3.412383e-04 
302 7551 3.015110e-02 0 0 2.428676e-03 4.913552e-04 9.940766e-04 3.608613e-04 6.573623e-03 5.137851e-03 4.143782e-03 2.138027e-03 3.114675e-04 
303 7576 3.036932e-02 0 0 2.590423e-03 4.886923e-04 1.019217e-03 3.651041e-04 6.706178e-03 5.514752e-03 4.216398e-03 2.243748e-03 3.110504e-04 
304 7601 2.864508e-02 0 0 2.593933e-03 4.617941e-04 1.018668e-03 3.365077e-04 6.420827e-03 5.415815e-03 3.933067e-03 2.252346e-03 2.951711e-04 
305 7626 2.831786e-02 0 0 2.701011e-03 4.742929e-04 1.087336e-03 3.282759e-04 6.749642e-03 5.612392e-03 3.795875e-03 2.382558e-03 2.907549e-04 
306 7651 2.926450e-02 0 0 2.724914e-03 4.816103e-04 1.107567e-03 3.433800e-04 7.086213e-03 5.831164e-03 3.789468e-03 2.457269e-03 2.978362e-04 
307 7676 2.807387e-02 0 0 2.564025e-03 4.581454e-04 1.039797e-03 3.246049e-04 6.679096e-03 5.490154e-03 3.568023e-03 2.294108e-03 2.832127e-04 
308 7701 2.726566e-02 0 0 2.510267e-03 4.624428e-04 1.018171e-03 3.230627e-04 6.543752e-03 5.307901e-03 3.421703e-03 2.175640e-03 2.832936e-04 
309 7726 2.460753e-02 0 0 2.247643e-03 4.090587e-04 9.092483e-04 2.959770e-04 5.960493e-03 4.836082e-03 3.086710e-03 1.972146e-03 2.530145e-04 
310 7751 2.620202e-02 0 0 2.334883e-03 4.328551e-04 9.526644e-04 3.208980e-04 6.336498e-03 5.033059e-03 3.211369e-03 2.058764e-03 2.833032e-04 
311 7776 2.431240e-02 0 0 2.204635e-03 3.971577e-04 8.849525e-04 2.981778e-04 5.859317e-03 4.812473e-03 3.023475e-03 1.952168e-03 2.633722e-04 
312 7801 2.615057e-02 0 0 2.633996e-03 4.183784e-04 1.004866e-03 3.336894e-04 6.135057e-03 5.598772e-03 3.281071e-03 2.124273e-03 2.758615e-04 
313 7826 2.545312e-02 0 0 2.571453e-03 3.939919e-04 9.757658e-04 3.284476e-04 5.794332e-03 5.376695e-03 3.104760e-03 2.033189e-03 2.672382e-04 
314 7851 2.549905e-02 0 0 2.560057e-03 3.943403e-04 9.584014e-04 3.426762e-04 6.159230e-03 5.343855e-03 3.215892e-03 2.151123e-03 2.716060e-04 
315 7876 2.535854e-02 0 0 2.445954e-03 4.002195e-04 9.176936e-04 3.550213e-04 6.476980e-03 5.166280e-03 3.188374e-03 2.219506e-03 2.842097e-04 
316 7901 2.229604e-02 0 0 2.115963e-03 3.438454e-04 7.791493e-04 3.062365e-04 5.673303e-03 4.439104e-03 2.730003e-03 1.954543e-03 2.545380e-04 
317 7926 1.973751e-02 0 0 1.880190e-03 3.027848e-04 7.062675e-04 2.682979e-04 4.969557e-03 4.031736e-03 2.477005e-03 1.722150e-03 2.248483e-04 
318 7951 2.016326e-02 0 0 1.976413e-03 3.057924e-04 7.087816e-04 2.699315e-04 5.014556e-03 4.101775e-03 2.477514e-03 1.754613e-03 2.277956e-04 
319 7976 1.976439e-02 0 0 1.906988e-03 3.046192e-04 7.078932e-04 2.659991e-04 4.884325e-03 4.068823e-03 2.352698e-03 1.688242e-03 2.212050e-04 
320 8001 1.766723e-02 0 0 1.677762e-03 2.747937e-04 6.284811e-04 2.379271e-04 4.451506e-03 3.629955e-03 2.125194e-03 1.560569e-03 1.948377e-04 
321 8026 1.707561e-02 0 0 1.603512e-03 2.581988e-04 5.910479e-04 2.247862e-04 4.222792e-03 3.460370e-03 2.063616e-03 1.531113e-03 1.864573e-04 
322 8051 1.879290e-02 0 0 1.776684e-03 2.843916e-04 6.420270e-04 2.447117e-04 4.638685e-03 3.718187e-03 2.242227e-03 1.680719e-03 2.067104e-04 
323 8076 1.929091e-02 0 0 1.839562e-03 2.837440e-04 6.390950e-04 2.442621e-04 4.641204e-03 3.721945e-03 2.287956e-03 1.682998e-03 2.062497e-04 
324 8101 1.994561e-02 0 0 1.843274e-03 2.867322e-04 6.359192e-04 2.483704e-04 4.810368e-03 3.741531e-03 2.349357e-03 1.700556e-03 2.138661e-04 
325 8126 2.041997e-02 0 0 1.929744e-03 2.928198e-04 6.487290e-04 2.491842e-04 4.890692e-03 3.827321e-03 2.422289e-03 1.786797e-03 2.260065e-04 
326 8151 1.978393e-02 0 0 1.889343e-03 2.741830e-04 6.127398e-04 2.399523e-04 4.802960e-03 3.605091e-03 2.445649e-03 1.756582e-03 2.261222e-04 
327 8176 1.992417e-02 0 0 1.933885e-03 2.700336e-04 5.932492e-04 2.335457e-04 4.678351e-03 3.543443e-03 2.508533e-03 1.768373e-03 2.224705e-04 
328 8201 1.832496e-02 0 0 1.836498e-03 2.475426e-04 5.649357e-04 2.294498e-04 4.272697e-03 3.397877e-03 2.285982e-03 1.601752e-03 1.992033e-04 
329 8226 1.784939e-02 0 0 1.789714e-03 2.397712e-04 5.579494e-04 2.296207e-04 4.112013e-03 3.325317e-03 2.286560e-03 1.518128e-03 1.951686e-04 
330 8251 1.858499e-02 0 0 1.878080e-03 2.559574e-04 5.694823e-04 2.336184e-04 4.479587e-03 3.418913e-03 2.418302e-03 1.686004e-03 1.978449e-04 
331 8276 1.955246e-02 0 0 1.964691e-03 2.720806e-04 5.833969e-04 2.426405e-04 4.798265e-03 3.496708e-03 2.593963e-03 1.801073e-03 2.062582e-04 
332 8301 2.146288e-02 0 0 2.152564e-03 3.044837e-04 6.173901e-04 2.655212e-04 5.340360e-03 3.759156e-03 2.988682e-03 1.997028e-03 2.263453e-04 
333 8326 2.216454e-02 0 0 2.243913e-03 3.110242e-04 6.270769e-04 2.745224e-04 5.543005e-03 3.910652e-03 3.118055e-03 2.079110e-03 2.385245e-04 
334 8351 2.045316e-02 0 0 2.004060e-03 2.780740e-04 5.615186e-04 2.531288e-04 5.034618e-03 3.498436e-03 2.883853e-03 1.903038e-03 2.135433e-04 
335 8376 1.873792e-02 0 0 1.792239e-03 2.477710e-04 5.017176e-04 2.267030e-04 4.424375e-03 3.097544e-03 2.596376e-03 1.672002e-03 1.939477e-04 
336 8401 1.988978e-02 0 0 1.972699e-03 2.673326e-04 5.696932e-04 2.454092e-04 4.883985e-03 3.500068e-03 2.689462e-03 1.865511e-03 2.001091e-04 
337 8426 1.951957e-02 0 0 1.894287e-03 2.653928e-04 5.735721e-04 2.390474e-04 4.733757e-03 3.457046e-03 2.572547e-03 1.796147e-03 1.931861e-04 
338 8451 2.209854e-02 0 0 2.283327e-03 3.006543e-04 7.280065e-04 2.710425e-04 5.382685e-03 4.209784e-03 2.921571e-03 2.068934e-03 2.149344e-04 
339 8476 2.352498e-02 0 0 2.495012e-03 3.279753e-04 8.087769e-04 2.838385e-04 6.026893e-03 4.545171e-03 3.208917e-03 2.295621e-03 2.203573e-04 
340 8501 2.390793e-02 0 0 2.521633e-03 3.315596e-04 8.084337e-04 2.868656e-04 6.199346e-03 4.503704e-03 3.413201e-03 2.338527e-03 2.241845e-04 
341 8526 2.314451e-02 0 0 2.473454e-03 3.125551e-04 7.881372e-04 2.780730e-04 5.884352e-03 4.455684e-03 3.328663e-03 2.219266e-03 2.098106e-04 
342 8551 2.361137e-02 0 0 2.628942e-03 3.329277e-04 8.161435e-04 2.825740e-04 6.395620e-03 4.692017e-03 3.598678e-03 2.399149e-03 2.092642e-04 
343 8576 2.239057e-02 0 0 2.442425e-03 3.141072e-04 7.557233e-04 2.633013e-04 6.071399e-03 4.367880e-03 3.355763e-03 2.228851e-03 1.929108e-04 
344 8601 2.108670e-02 0 0 2.285958e-03 2.863493e-04 7.208823e-04 2.438142e-04 5.585335e-03 4.072919e-03 3.088156e-03 2.085081e-03 1.784548e-04 
345 8626 1.937383e-02 0 0 2.020314e-03 2.620380e-04 6.391663e-04 2.185938e-04 5.000890e-03 3.616275e-03 2.773246e-03 1.850893e-03 1.594523e-04 
346 8651 2.162212e-02 0 0 2.366912e-03 2.923514e-04 7.428088e-04 2.483820e-04 5.528401e-03 4.240483e-03 3.134783e-03 2.051959e-03 1.734638e-04 
347 8676 2.327309e-02 0 0 2.662173e-03 3.179605e-04 8.087036e-04 2.799331e-04 6.175970e-03 4.823098e-03 3.351066e-03 2.291854e-03 1.847548e-04 
348 8701 2.468336e-02 0 0 3.033378e-03 3.442060e-04 8.920617e-04 2.918038e-04 6.698723e-03 5.381984e-03 3.804721e-03 2.496363e-03 1.914041e-04 
349 8726 2.487633e-02 0 0 3.055061e-03 3.363531e-04 8.802684e-04 2.949658e-04 6.675112e-03 5.326313e-03 3.871745e-03 2.487316e-03 2.103173e-04 
350 8751 2.500767e-02 0 0 3.001806e-03 3.277942e-04 8.785564e-04 2.923554e-04 6.480156e-03 5.170482e-03 3.871868e-03 2.426540e-03 2.155571e-04 
351 8776 2.551941e-02 0 0 2.939198e-03 3.314144e-04 8.988951e-04 2.934414e-04 6.384726e-03 5.128718e-03 3.868314e-03 2.382200e-03 2.133679e-04 
352 8801 2.366541e-02 0 0 2.656583e-03 3.106607e-04 8.165276e-04 2.800145e-04 6.032415e-03 4.642473e-03 3.550858e-03 2.197285e-03 2.006652e-04 
353 8826 2.446700e-02 0 0 2.670609e-03 3.213962e-04 8.085831e-04 2.845573e-04 6.150347e-03 4.609130e-03 3.561732e-03 2.223513e-03 2.065232e-04 
354 8851 1.999148e-02 0 0 2.135203e-03 2.598954e-04 6.458293e-04 2.256616e-04 4.982774e-03 3.690651e-03 2.847706e-03 1.813028e-03 1.706587e-04 
355 8876 1.912604e-02 0 0 1.991995e-03 2.470888e-04 6.045480e-04 2.136240e-04 4.698226e-03 3.417004e-03 2.657144e-03 1.687969e-03 1.603886e-04 
356 8901 1.834985e-02 0 0 1.871874e-03 2.314728e-04 5.797292e-04 1.997747e-04 4.368482e-03 3.242346e-03 2.502138e-03 1.588232e-03 1.494494e-04 
357 8926 1.788001e-02 0 0 1.796751e-03 2.357367e-04 5.679570e-04 1.914020e-04 4.343494e-03 3.094341e-03 2.408878e-03 1.569453e-03 1.488923e-04 
358 8951 1.869200e-02 0 0 1.825910e-03 2.434046e-04 5.871005e-04 2.046321e-04 4.527258e-03 3.165105e-03 2.473115e-03 1.622876e-03 1.559366e-04 
359 8976 1.726568e-02 0 0 1.637695e-03 2.215768e-04 5.300673e-04 1.849175e-04 4.077628e-03 2.854782e-03 2.196946e-03 1.466181e-03 1.394329e-04 
360 9001 1.622193e-02 0 0 1.504941e-03 2.037162e-04 4.918779e-04 1.676867e-04 3.678080e-03 2.590077e-03 2.035310e-03 1.325302e-03 1.320541e-04 
361 9026 1.836354e-02 0 0 1.865369e-03 2.315217e-04 5.766120e-04 1.873138e-04 4.139362e-03 3.064308e-03 2.817147e-03 1.500963e-03 1.448721e-04 
362 9051 2.011257e-02 0 0 2.125238e-03 2.526910e-04 6.254641e-04 2.080654e-04 4.418209e-03 3.376473e-03 3.258003e-03 1.597819e-03 1.559072e-04 
363 9076 2.165847e-02 0 0 2.342698e-03 2.782050e-04 6.919156e-04 2.208002e-04 4.769409e-03 3.849395e-03 3.448148e-03 1.722399e-03 1.632656e-04 
364 9101 2.440912e-02 0 0 2.884699e-03 3.144089e-04 8.028051e-04 2.770315e-04 5.508062e-03 4.706166e-03 3.945251e-03 2.005052e-03 1.864866e-04 
365 9126 3.018463e-02 0 0 3.778395e-03 3.940847e-04 1.061546e-03 3.505913e-04 6.850402e-03 6.329997e-03 4.913436e-03 2.524596e-03 2.286803e-04 
366 9151 3.005851e-02 0 0 3.885797e-03 4.056699e-04 1.073106e-03 3.521870e-04 6.741862e-03 6.326831e-03 5.299889e-03 2.438337e-03 2.193395e-04 
367 9176 3.063098e-02 0 0 3.846455e-03 4.106759e-04 1.082334e-03 3.487989e-04 6.784443e-03 6.290095e-03 5.235936e-03 2.407828e-03 2.245602e-04 
368 9201 2.647568e-02 0 0 3.237584e-03 3.503843e-04 9.011334e-04 2.922377e-04 5.753126e-03 5.271181e-03 4.536418e-03 1.999109e-03 1.874494e-04 
369 9226 2.306797e-02 0 0 2.767454e-03 3.092435e-04 7.711923e-04 2.444227e-04 5.090487e-03 4.507149e-03 3.916237e-03 1.761261e-03 1.622013e-04 
370 9251 2.299759e-02 0 0 2.713887e-03 3.072353e-04 7.714404e-04 2.351361e-04 5.202950e-03 4.485597e-03 3.809870e-03 1.786490e-03 1.652736e-04 
371 9276 2.250010e-02 0 0 2.641619e-03 3.007447e-04 7.616017e-04 2.310867e-04 5.089388e-03 4.408280e-03 3.636113e-03 1.734513e-03 1.585929e-04 
372 9301 2.430631e-02 0 0 2.913887e-03 3.371586e-04 8.672915e-04 2.602099e-04 5.594416e-03 4.862296e-03 4.105702e-03 1.864825e-03 1.692748e-04 
373 9326 2.299860e-02 0 0 2.741424e-03 3.232512e-04 8.360826e-04 2.419320e-04 5.323817e-03 4.588817e-03 3.867341e-03 1.754972e-03 1.571934e-04 
374 9351 2.157390e-02 0 0 2.611650e-03 2.995960e-04 7.856002e-04 2.341272e-04 4.838823e-03 4.289808e-03 3.741848e-03 1.588687e-03 1.467105e-04 
375 9376 2.014334e-02 0 0 2.441242e-03 2.706347e-04 7.331864e-04 2.274905e-04 4.390983e-03 4.056929e-03 3.478247e-03 1.445650e-03 1.384914e-04 
376 9401 1.901365e-02 0 0 2.220843e-03 2.500724e-04 6.664761e-04 2.069267e-04 4.045860e-03 3.676397e-03 3.199916e-03 1.326378e-03 1.280908e-04 
377 9426 1.945942e-02 0 0 2.213565e-03 2.531882e-04 6.614621e-04 2.205916e-04 4.109139e-03 3.730752e-03 3.255626e-03 1.366174e-03 1.340590e-04 
378 9451 2.078722e-02 0 0 2.352305e-03 2.667647e-04 6.978716e-04 2.370186e-04 4.364576e-03 3.988855e-03 3.438298e-03 1.432652e-03 1.512897e-04 
379 9476 2.133353e-02 0 0 2.394193e-03 2.765040e-04 7.154924e-04 2.401412e-04 4.539437e-03 4.128022e-03 3.436416e-03 1.525170e-03 1.547080e-04 
380 9501 2.367433e-02 0 0 2.587625e-03 3.077450e-04 7.692373e-04 2.657262e-04 4.988676e-03 4.415678e-03 3.918409e-03 1.646209e-03 1.756191e-04 
381 9526 2.542454e-02 0 0 2.737027e-03 3.553550e-04 8.051621e-04 2.814866e-04 5.588836e-03 4.594340e-03 4.442310e-03 1.758880e-03 1.931293e-04 
382 9551 2.857536e-02 0 0 3.175153e-03 4.381021e-04 9.608820e-04 3.176556e-04 6.702083e-03 5.366686e-03 4.959716e-03 2.106561e-03 2.226900e-04 
383 9576 2.798274e-02 0 0 3.066382e-03 4.368879e-04 9.351286e-04 3.037277e-04 6.622526e-03 5.211112e-03 4.728476e-03 2.071202e-03 2.180078e-04 
384 9601 2.962001e-02 0 0 3.208177e-03 4.594575e-04 9.777971e-04 3.243113e-04 6.976580e-03 5.411332e-03 5.023008e-03 2.188287e-03 2.372375e-04 
385 9626 3.237090e-02 0 0 3.516402e-03 5.325947e-04 1.091615e-03 3.488519e-04 8.132495e-03 5.811087e-03 5.718884e-03 2.438772e-03 2.567080e-04 
386 9651 3.703719e-02 0 0 4.246984e-03 6.819276e-04 1.328708e-03 3.885962e-04 1.054973e-02 6.796129e-03 6.816147e-03 3.029399e-03 3.000722e-04 
387 9676 3.808990e-02 0 0 4.307915e-03 6.929349e-04 1.353261e-03 4.248519e-04 1.090464e-02 6.979517e-03 6.814747e-03 3.118155e-03 3.237504e-04 
388 9701 3.758688e-02 0 0 4.240732e-03 6.744239e-04 1.333901e-03 4.224155e-04 1.072408e-02 6.909176e-03 6.552767e-03 3.073761e-03 3.226825e-04 
389 9726 3.561170e-02 0 0 3.852423e-03 6.347185e-04 1.221213e-03 4.023361e-04 1.031618e-02 6.314253e-03 5.988145e-03 2.943569e-03 3.195271e-04 
390 9751 3.377951e-02 0 0 3.518073e-03 6.091134e-04 1.153477e-03 3.772211e-04 9.803283e-03 5.899161e-03 5.525230e-03 2.771588e-03 3.008382e-04 
391 9776 3.531034e-02 0 0 3.620764e-03 6.229969e-04 1.192455e-03 3.931074e-04 1.014934e-02 6.117258e-03 5.725868e-03 2.881823e-03 3.054571e-04 
392 9801 3.397316e-02 0 0 3.474963e-03 5.830735e-04 1.132654e-03 3.685904e-04 9.452671e-03 5.809651e-03 5.399841e-03 2.717385e-03 2.846152e-04 
393 9826 2.954703e-02 0 0 2.980870e-03 4.928553e-04 9.797751e-04 3.132372e-04 8.029481e-03 4.989374e-03 4.574197e-03 2.307421e-03 2.437363e-04 
394 9851 3.067127e-02 0 0 3.168849e-03 5.217595e-04 1.041955e-03 3.149870e-04 8.768213e-03 5.158643e-03 4.758204e-03 2.584841e-03 2.657818e-04 
395 9876 2.865178e-02 0 0 2.946309e-03 4.763714e-04 9.696982e-04 2.937275e-04 8.000865e-03 4.841823e-03 4.368305e-03 2.363060e-03 2.521479e-04 
396 9901 3.034112e-02 0 0 3.089168e-03 5.105628e-04 1.060416e-03 2.999334e-04 8.589812e-03 5.108833e-03 4.497763e-03 2.549629e-03 2.668278e-04 
397 9926 3.156139e-02 0 0 3.133055e-03 5.240669e-04 1.081935e-03 3.046706e-04 8.876025e-03 5.197769e-03 4.565574e-03 2.641219e-03 2.711789e-04 
398 9951 3.240948e-02 0 0 3.291056e-03 5.460054e-04 1.135278e-03 3.173192e-04 9.385424e-03 5.389581e-03 5.019045e-03 2.820081e-03 2.796667e-04 
399 9976 2.797651e-02 0 0 2.812074e-03 4.563521e-04 9.662990e-04 2.804852e-04 7.837756e-03 4.768830e-03 4.157593e-03 2.361328e-03 2.328275e-04 
400 10001 2.487499e-02 0 0 2.460034e-03 4.108754e-04 8.560595e-04 2.418224e-04 6.929302e-03 4.194166e-03 3.634806e-03 2.070728e-03 2.033339e-04 
401 10026 2.636975e-02 0 0 2.622750e-03 4.288294e-04 8.928633e-04 2.604915e-04 7.223424e-03 4.503664e-03 3.903781e-03 2.164687e-03 2.121125e-04 
402 10051 2.839390e-02 0 0 2.905649e-03 4.707107e-04 9.669903e-04 2.692522e-04 7.808309e-03 4.877370e-03 4.245034e-03 2.376881e-03 2.281884e-04 
403 10076 2.912270e-02 0 0 2.911824e-03 4.832773e-04 9.662478e-04 2.707903e-04 8.135281e-03 4.933775e-03 4.245561e-03 2.419794e-03 2.455489e-04 
404 10101 3.045037e-02 0 0 3.077982e-03 5.042955e-04 1.016159e-03 2.784586e-04 8.429219e-03 5.178231e-03 4.484526e-03 2.469180e-03 2.602839e-04 
405 10126 3.078651e-02 0 0 3.104715e-03 5.049112e-04 1.034170e-03 2.856722e-04 8.547829e-03 5.320355e-03 4.402119e-03 2.513282e-03 2.737339e-04 
406 10151 2.912536e-02 0 0 2.933211e-03 4.633438e-04 9.633251e-04 2.627521e-04 7.812528e-03 4.976967e-03 4.068415e-03 2.323625e-03 2.634119e-04 
407 10176 2.868970e-02 0 0 2.867538e-03 4.496159e-04 9.283367e-04 2.542879e-04 7.583656e-03 4.788674e-03 4.009190e-03 2.258446e-03 2.518342e-04 
408 10201 2.778231e-02 0 0 2.708823e-03 4.306103e-04 8.818456e-04 2.425284e-04 7.381670e-03 4.531353e-03 3.895198e-03 2.166828e-03 2.568071e-04 
409 10226 2.778649e-02 0 0 2.670879e-03 4.207742e-04 8.727447e-04 2.352787e-04 7.303950e-03 4.480706e-03 3.810275e-03 2.189788e-03 2.523319e-04 
410 10251 2.540344e-02 0 0 2.413021e-03 3.714458e-04 7.730746e-04 2.095769e-04 6.488218e-03 3.987656e-03 3.477765e-03 1.981204e-03 2.245455e-04 
411 10276 2.487137e-02 0 0 2.364059e-03 3.654974e-04 7.632096e-04 2.045463e-04 6.350426e-03 3.942109e-03 3.328923e-03 1.936715e-03 2.188995e-04 
412 10301 2.276297e-02 0 0 2.160706e-03 3.348784e-04 6.812239e-04 1.901381e-04 5.870243e-03 3.542686e-03 3.038070e-03 1.778095e-03 2.100880e-04 
413 10326 2.389742e-02 0 0 2.248702e-03 3.457306e-04 7.094937e-04 1.964963e-04 6.032182e-03 3.652478e-03 3.269532e-03 1.825247e-03 2.158183e-04 
414 10351 2.404474e-02 0 0 2.310968e-03 3.388737e-04 7.285932e-04 1.969132e-04 5.904377e-03 3.802431e-03 3.249916e-03 1.838761e-03 2.102235e-04 
415 10376 2.384642e-02 0 0 2.212934e-03 3.336795e-04 7.039911e-04 1.928066e-04 5.835014e-03 3.644637e-03 3.137868e-03 1.796346e-03 2.141145e-04 
416 10401 2.363469e-02 0 0 2.189996e-03 3.308147e-04 6.856013e-04 1.952591e-04 5.882716e-03 3.568463e-03 3.091502e-03 1.834113e-03 2.086529e-04 
417 10426 2.370326e-02 0 0 2.225613e-03 3.352048e-04 6.849992e-04 1.912511e-04 5.941058e-03 3.603519e-03 3.310499e-03 1.844582e-03 2.125305e-04 
418 10451 2.304536e-02 0 0 2.181570e-03 3.344726e-04 6.571060e-04 1.835062e-04 5.956783e-03 3.414615e-03 3.403535e-03 1.839900e-03 2.044001e-04 
419 10476 2.161191e-02 0 0 2.019995e-03 3.092050e-04 6.023756e-04 1.729005e-04 5.507612e-03 3.124089e-03 3.167079e-03 1.689288e-03 1.887852e-04 
420 10501 2.023235e-02 0 0 1.886211e-03 2.819292e-04 5.572085e-04 1.569100e-04 5.050942e-03 2.872653e-03 2.993555e-03 1.577567e-03 1.717566e-04 
421 10526 2.211099e-02 0 0 2.004530e-03 3.028368e-04 5.885359e-04 1.811183e-04 5.450025e-03 3.114451e-03 3.334023e-03 1.708010e-03 1.837658e-04 
422 10551 2.649451e-02 0 0 2.322100e-03 3.634467e-04 6.797417e-04 2.318127e-04 6.504241e-03 3.649653e-03 4.060772e-03 2.021982e-03 2.214843e-04 
423 10576 2.596565e-02 0 0 2.207121e-03 3.560038e-04 6.418962e-04 2.277722e-04 6.422653e-03 3.485048e-03 4.053988e-03 1.936048e-03 2.325184e-04 
424 10601 2.823835e-02 0 0 2.380813e-03 3.947557e-04 7.016287e-04 2.585782e-04 7.024115e-03 3.931740e-03 4.590010e-03 2.101636e-03 2.504749e-04 
425 10626 2.858849e-02 0 0 2.357113e-03 4.106780e-04 7.030937e-04 2.556153e-04 7.312633e-03 3.864514e-03 4.622098e-03 2.122100e-03 2.556381e-04 
426 10651 3.200294e-02 0 0 2.605468e-03 4.552119e-04 7.733329e-04 2.871897e-04 8.255842e-03 4.387811e-03 5.160501e-03 2.347097e-03 2.845193e-04 
427 10676 3.000337e-02 0 0 2.372074e-03 4.323230e-04 7.107182e-04 2.714582e-04 7.898750e-03 4.129618e-03 4.897471e-03 2.185371e-03 2.854200e-04 
428 10701 2.736632e-02 0 0 2.143810e-03 3.825554e-04 6.283389e-04 2.491100e-04 6.948144e-03 3.718387e-03 4.331133e-03 1.927170e-03 2.589521e-04 
429 10726 2.469214e-02 0 0 1.897971e-03 3.355610e-04 5.652054e-04 2.184251e-04 6.129755e-03 3.275857e-03 3.814772e-03 1.730873e-03 2.268440e-04 
430 10751 2.151323e-02 0 0 1.630816e-03 2.894606e-04 4.833870e-04 1.844792e-04 5.314887e-03 2.771212e-03 3.302139e-03 1.536903e-03 1.932113e-04 
431 10776 1.952691e-02 0 0 1.456655e-03 2.580328e-04 4.406941e-04 1.612762e-04 4.711372e-03 2.527721e-03 2.952519e-03 1.365194e-03 1.721966e-04 
432 10801 2.011030e-02 0 0 1.444110e-03 2.606155e-04 4.328438e-04 1.634968e-04 4.837192e-03 2.487952e-03 3.083624e-03 1.381066e-03 1.771458e-04 
433 10826 2.044797e-02 0 0 1.420145e-03 2.631606e-04 4.328744e-04 1.648637e-04 4.846778e-03 2.493599e-03 3.008996e-03 1.388484e-03 1.799276e-04 
434 10851 2.182723e-02 0 0 1.466576e-03 2.741965e-04 4.500411e-04 1.756213e-04 5.092422e-03 2.615432e-03 3.163522e-03 1.448395e-03 1.870065e-04 
435 10876 2.397437e-02 0 0 1.568913e-03 3.277199e-04 4.821805e-04 2.063813e-04 5.761095e-03 2.943223e-03 3.776786e-03 1.563306e-03 2.142873e-04 
436 10901 2.335966e-02 0 0 1.584224e-03 3.320468e-04 4.986076e-04 2.090779e-04 5.877004e-03 2.972398e-03 3.674081e-03 1.609764e-03 2.178122e-04 
437 10926 2.200109e-02 0 0 1.430669e-03 3.054163e-04 4.498977e-04 1.948320e-04 5.388374e-03 2.729284e-03 3.434459e-03 1.472601e-03 2.057218e-04 
438 10951 2.102135e-02 0 0 1.334659e-03 2.983433e-04 4.175956e-04 1.858261e-04 5.242491e-03 2.568500e-03 3.217079e-03 1.386698e-03 2.010486e-04 
439 10976 2.159669e-02 0 0 1.337349e-03 2.966749e-04 4.368298e-04 1.860729e-04 5.178120e-03 2.627411e-03 3.224918e-03 1.386554e-03 2.008732e-04 
440 11001 2.161488e-02 0 0 1.346328e-03 2.961135e-04 4.380191e-04 1.854355e-04 5.178375e-03 2.627570e-03 3.168137e-03 1.374450e-03 2.023419e-04 
441 11026 2.231154e-02 0 0 1.483746e-03 3.007025e-04 4.862664e-04 1.879017e-04 5.339660e-03 2.889633e-03 3.172731e-03 1.449841e-03 2.032147e-04 
442 11051 2.082046e-02 0 0 1.425093e-03 2.799162e-04 4.653682e-04 1.723878e-04 4.970613e-03 2.748418e-03 2.875024e-03 1.365472e-03 1.844350e-04 
443 11076 2.100539e-02 0 0 1.452161e-03 2.836298e-04 4.743512e-04 1.793345e-04 4.945322e-03 2.880026e-03 2.875914e-03 1.371298e-03 1.846089e-04 
444 11101 1.984647e-02 0 0 1.399526e-03 2.706956e-04 4.525597e-04 1.689724e-04 4.679451e-03 2.757978e-03 2.763405e-03 1.279914e-03 1.820886e-04 
445 11126 1.887294e-02 0 0 1.291544e-03 2.566028e-04 4.182819e-04 1.612544e-04 4.361840e-03 2.560223e-03 2.525122e-03 1.186827e-03 1.715202e-04 
446 11151 2.048158e-02 0 0 1.423646e-03 2.817940e-04 4.472623e-04 1.820496e-04 4.796608e-03 2.829053e-03 2.690101e-03 1.265636e-03 1.894137e-04 
447 11176 1.960229e-02 0 0 1.347616e-03 2.744741e-04 4.287892e-04 1.830354e-04 4.720921e-03 2.716493e-03 2.573148e-03 1.233597e-03 1.910781e-04 
448 11201 1.875124e-02 0 0 1.316036e-03 2.638634e-04 4.186977e-04 1.719411e-04 4.547555e-03 2.572167e-03 2.418594e-03 1.209992e-03 1.825548e-04 
449 11226 1.963894e-02 0 0 1.347244e-03 2.727510e-04 4.368368e-04 1.784533e-04 4.766692e-03 2.670217e-03 2.542818e-03 1.291030e-03 1.906405e-04 
450 11251 1.977385e-02 0 0 1.351465e-03 2.715688e-04 4.437890e-04 1.792768e-04 4.870061e-03 2.694200e-03 2.623195e-03 1.338449e-03 1.910714e-04 
451 11276 1.938004e-02 0 0 1.407944e-03 2.561082e-04 4.615845e-04 1.791818e-04 4.618928e-03 2.882398e-03 2.474154e-03 1.305343e-03 1.847256e-04 
452 11301 1.784926e-02 0 0 1.276953e-03 2.367667e-04 4.182174e-04 1.676153e-04 4.359897e-03 2.607758e-03 2.275566e-03 1.227652e-03 1.711116e-04 
453 11326 1.960340e-02 0 0 1.409423e-03 2.642719e-04 4.626024e-04 1.793136e-04 4.877658e-03 2.784631e-03 2.553130e-03 1.374575e-03 1.846036e-04 
454 11351 2.090255e-02 0 0 1.477394e-03 2.736772e-04 4.924024e-04 1.858854e-04 5.104615e-03 2.939091e-03 2.610097e-03 1.470400e-03 1.909413e-04 
455 11376 2.184562e-02 0 0 1.522191e-03 2.807896e-04 5.115713e-04 1.925238e-04 5.264656e-03 3.027091e-03 2.721510e-03 1.555740e-03 1.937487e-04 
456 11401 2.130537e-02 0 0 1.475370e-03 2.748121e-04 4.971353e-04 1.861385e-04 5.114036e-03 2.908274e-03 2.665355e-03 1.538766e-03 1.840153e-04 
457 11426 1.951677e-02 0 0 1.424480e-03 2.454449e-04 4.736826e-04 1.659587e-04 4.572783e-03 2.805012e-03 2.488121e-03 1.408568e-03 1.637163e-04 
458 11451 1.882850e-02 0 0 1.341458e-03 2.470101e-04 4.481288e-04 1.616885e-04 4.583729e-03 2.625098e-03 2.494026e-03 1.374887e-03 1.579368e-04 
459 11476 1.780207e-02 0 0 1.284987e-03 2.305776e-04 4.317471e-04 1.536647e-04 4.307952e-03 2.537829e-03 2.271950e-03 1.309900e-03 1.480416e-04 
460 11501 1.750991e-02 0 0 1.299739e-03 2.315340e-04 4.396693e-04 1.487532e-04 4.388348e-03 2.564069e-03 2.281396e-03 1.347682e-03 1.441507e-04 
461 11526 1.791595e-02 0 0 1.328371e-03 2.341302e-04 4.485820e-04 1.501008e-04 4.399713e-03 2.600937e-03 2.275141e-03 1.347578e-03 1.427260e-04 
462 11551 1.822427e-02 0 0 1.323976e-03 2.463247e-04 4.508958e-04 1.529803e-04 4.539392e-03 2.589310e-03 2.317807e-03 1.355924e-03 1.512530e-04 
463 11576 1.872719e-02 0 0 1.407136e-03 2.493874e-04 4.705990e-04 1.544212e-04 4.628528e-03 2.698933e-03 2.376568e-03 1.414990e-03 1.519280e-04 
464 11601 2.028157e-02 0 0 1.566048e-03 2.797478e-04 5.201259e-04 1.753080e-04 5.221118e-03 2.997951e-03 2.610619e-03 1.568189e-03 1.752874e-04 
465 11626 2.535366e-02 0 0 2.036139e-03 3.642341e-04 6.614349e-04 2.390676e-04 6.814137e-03 3.940265e-03 3.269490e-03 2.007411e-03 2.454266e-04 
466 11651 2.274314e-02 0 0 1.792602e-03 3.273836e-04 5.817200e-04 2.123394e-04 6.165624e-03 3.447790e-03 2.984958e-03 1.807419e-03 2.201839e-04 
467 11676 2.200323e-02 0 0 1.782553e-03 3.054761e-04 5.668926e-04 2.083504e-04 5.797730e-03 3.429983e-03 2.811909e-03 1.725052e-03 2.088570e-04 
468 11701 1.953295e-02 0 0 1.661090e-03 2.836599e-04 5.255318e-04 1.856518e-04 5.467436e-03 3.116009e-03 2.584732e-03 1.629043e-03 1.894761e-04 
469 11726 1.875146e-02 0 0 1.551408e-03 2.728147e-04 4.885391e-04 1.781712e-04 5.287183e-03 2.883916e-03 2.501071e-03 1.553736e-03 1.832360e-04 
470 11751 1.823532e-02 0 0 1.496667e-03 2.604187e-04 4.794932e-04 1.705041e-04 5.043674e-03 2.822774e-03 2.376129e-03 1.484186e-03 1.744130e-04 
471 11776 1.761834e-02 0 0 1.383830e-03 2.437606e-04 4.449564e-04 1.607500e-04 4.732921e-03 2.643399e-03 2.288336e-03 1.374488e-03 1.628180e-04 
472 11801 1.597401e-02 0 0 1.241418e-03 2.201307e-04 3.933119e-04 1.474308e-04 4.276227e-03 2.357323e-03 2.058460e-03 1.232498e-03 1.470029e-04 
473 11826 1.681239e-02 0 0 1.285680e-03 2.266224e-04 4.123764e-04 1.522227e-04 4.444508e-03 2.450914e-03 2.137229e-03 1.286407e-03 1.551662e-04 
474 11851 1.840320e-02 0 0 1.373132e-03 2.789009e-04 4.546464e-04 1.735586e-04 5.314954e-03 2.580142e-03 2.319697e-03 1.491751e-03 1.834029e-04 
475 11876 1.942422e-02 0 0 1.503288e-03 3.047407e-04 4.968800e-04 1.817099e-04 5.823704e-03 2.710297e-03 2.463335e-03 1.669039e-03 1.917822e-04 
476 11901 1.939014e-02 0 0 1.534640e-03 3.052801e-04 4.952798e-04 1.814167e-04 5.756474e-03 2.721422e-03 2.447590e-03 1.642753e-03 1.892432e-04 
477 11926 1.964563e-02 0 0 1.649129e-03 3.124711e-04 5.206944e-04 1.773846e-04 5.878534e-03 2.807648e-03 2.474548e-03 1.711882e-03 1.875498e-04 
478 11951 1.750552e-02 0 0 1.447781e-03 2.713526e-04 4.554878e-04 1.586853e-04 5.097357e-03 2.509817e-03 2.144309e-03 1.478914e-03 1.654805e-04 
479 11976 1.638293e-02 0 0 1.339202e-03 2.598547e-04 4.231148e-04 1.511801e-04 4.840627e-03 2.338906e-03 1.973038e-03 1.374171e-03 1.600062e-04 
480 12001 1.564623e-02 0 0 1.308327e-03 2.417375e-04 4.027288e-04 1.441598e-04 4.509336e-03 2.313284e-03 1.890044e-03 1.297548e-03 1.499799e-04 
481 12026 1.399472e-02 0 0 1.137574e-03 2.120613e-04 3.498643e-04 1.260838e-04 3.921424e-03 2.003060e-03 1.642527e-03 1.127299e-03 1.315888e-04 
482 12051 1.409972e-02 0 0 1.133730e-03 2.171149e-04 3.557474e-04 1.251352e-04 4.004469e-03 1.975377e-03 1.666063e-03 1.136196e-03 1.351955e-04 
483 12076 1.397316e-02 0 0 1.090405e-03 2.114306e-04 3.441739e-04 1.204622e-04 3.913380e-03 1.899071e-03 1.609230e-03 1.112337e-03 1.324940e-04 
484 12101 1.307542e-02 0 0 9.971405e-04 1.951569e-04 3.185386e-04 1.143384e-04 3.578714e-03 1.786921e-03 1.463282e-03 1.016746e-03 1.240802e-04 
485 12126 1.489120e-02 0 0 1.278118e-03 2.260532e-04 4.081103e-04 1.317130e-04 4.179526e-03 2.278181e-03 1.649117e-03 1.242645e-03 1.410503e-04 
486 12151 1.942266e-02 0 0 1.719206e-03 2.969108e-04 5.368684e-04 1.784279e-04 5.401746e-03 3.098675e-03 2.290312e-03 1.591464e-03 1.842986e-04 
487 12176 2.134688e-02 0 0 1.862111e-03 3.188273e-04 5.756243e-04 1.916654e-04 5.837742e-03 3.310220e-03 2.491350e-03 1.722675e-03 1.974353e-04 
488 12201 1.999094e-02 0 0 1.694131e-03 2.982973e-04 5.246469e-04 1.791933e-04 5.481213e-03 3.006894e-03 2.318922e-03 1.599192e-03 1.855840e-04 
489 12226 1.721648e-02 0 0 1.460683e-03 2.559227e-04 4.574591e-04 1.482782e-04 4.704287e-03 2.555871e-03 1.990130e-03 1.382756e-03 1.550198e-04 
490 12251 1.478204e-02 0 0 1.227196e-03 2.125499e-04 3.843085e-04 1.262481e-04 3.896747e-03 2.188510e-03 1.668189e-03 1.139935e-03 1.321048e-04 
491 12276 1.361338e-02 0 0 1.105131e-03 1.999588e-04 3.436042e-04 1.214695e-04 3.650211e-03 2.006275e-03 1.532640e-03 1.034286e-03 1.289509e-04 
492 12301 1.512916e-02 0 0 1.230321e-03 2.349309e-04 3.844897e-04 1.389599e-04 4.229115e-03 2.229599e-03 1.833118e-03 1.178482e-03 1.481681e-04 
493 12326 1.424703e-02 0 0 1.135839e-03 2.396515e-04 3.660732e-04 1.379948e-04 4.288203e-03 2.076010e-03 1.751372e-03 1.144577e-03 1.487217e-04 
494 12351 1.342536e-02 0 0 1.093617e-03 2.206465e-04 3.448859e-04 1.266090e-04 3.977413e-03 1.966075e-03 1.717117e-03 1.074554e-03 1.363607e-04 
495 12376 1.310219e-02 0 0 1.043579e-03 2.208707e-04 3.370121e-04 1.230913e-04 4.003371e-03 1.863826e-03 1.690748e-03 1.071243e-03 1.367184e-04 
496 12401 1.485652e-02 0 0 1.177036e-03 2.599884e-04 3.894992e-04 1.439156e-04 4.744312e-03 2.114140e-03 1.882449e-03 1.249096e-03 1.610518e-04 
497 12426 1.525983e-02 0 0 1.181475e-03 2.689897e-04 3.905435e-04 1.559960e-04 4.908089e-03 2.196735e-03 1.977199e-03 1.262374e-03 1.741592e-04 
498 12451 1.627032e-02 0 0 1.220761e-03 2.821701e-04 4.112838e-04 1.704984e-04 5.239514e-03 2.333113e-03 2.094686e-03 1.367557e-03 1.861264e-04 
499 12476 1.787952e-02 0 0 1.404151e-03 3.095553e-04 4.784866e-04 1.901282e-04 5.822264e-03 2.678860e-03 2.241911e-03 1.562302e-03 2.028956e-04 
500 12501 1.836631e-02 0 0 1.452065e-03 3.131935e-04 4.989156e-04 1.907144e-04 5.944247e-03 2.765920e-03 2.227301e-03 1.612806e-03 2.015108e-04 
501 12526 1.771044e-02 0 0 1.360238e-03 2.923020e-04 4.645968e-04 1.825315e-04 5.562294e-03 2.621447e-03 2.116663e-03 1.499502e-03 1.892808e-04 
502 12551 1.922056e-02 0 0 1.463094e-03 3.184262e-04 4.878579e-04 2.004000e-04 5.998869e-03 2.832748e-03 2.428802e-03 1.602844e-03 2.088920e-04 
503 12576 2.160286e-02 0 0 1.823996e-03 3.730961e-04 5.720585e-04 2.288493e-04 7.011173e-03 3.318981e-03 2.808997e-03 1.917554e-03 2.419307e-04 
504 12601 2.142436e-02 0 0 1.840622e-03 3.610135e-04 5.775288e-04 2.228941e-04 6.797057e-03 3.412499e-03 2.814281e-03 1.893577e-03 2.357266e-04 
505 12626 1.911296e-02 0 0 1.590294e-03 3.119914e-04 5.055441e-04 1.935588e-04 5.870778e-03 2.995168e-03 2.440539e-03 1.640475e-03 2.033376e-04 
506 12651 1.512385e-02 0 0 1.207029e-03 2.516394e-04 3.910846e-04 1.545298e-04 4.740127e-03 2.271264e-03 1.868587e-03 1.301086e-03 1.643258e-04 
507 12676 1.367293e-02 0 0 1.089726e-03 2.197271e-04 3.502056e-04 1.337335e-04 4.121592e-03 2.024978e-03 1.637165e-03 1.146748e-03 1.430273e-04 
508 12701 1.400228e-02 0 0 1.081647e-03 2.277097e-04 3.538207e-04 1.367428e-04 4.276993e-03 2.012277e-03 1.645444e-03 1.180258e-03 1.487706e-04 
509 12726 1.357109e-02 0 0 1.068861e-03 2.222850e-04 3.582767e-04 1.310683e-04 4.178483e-03 1.988056e-03 1.557641e-03 1.167993e-03 1.458443e-04 
510 12751 1.192583e-02 0 0 9.462785e-04 1.961678e-04 3.158117e-04 1.149326e-04 3.723271e-03 1.753298e-03 1.347529e-03 1.042550e-03 1.279095e-04 
511 12776 1.077255e-02 0 0 8.642396e-04 1.748636e-04 2.947679e-04 1.018963e-04 3.321012e-03 1.604646e-03 1.168626e-03 9.386312e-04 1.131493e-04 
512 12801 9.865706e-03 0 0 7.702614e-04 1.543474e-04 2.586490e-04 9.198088e-05 2.925341e-03 1.427845e-03 1.041123e-03 8.243729e-04 1.015343e-04 
513 12826 9.363745e-03 0 0 7.116088e-04 1.435397e-04 2.379029e-04 8.663935e-05 2.732434e-03 1.319654e-03 9.939053e-04 7.702131e-04 9.649042e-05 
514 12851 1.007950e-02 0 0 8.489293e-04 1.535182e-04 2.735912e-04 9.265240e-05 2.962127e-03 1.537596e-03 1.065642e-03 8.650049e-04 1.014695e-04 
515 12876 9.942295e-03 0 0 9.154974e-04 1.583384e-04 2.949208e-04 8.948617e-05 3.074733e-03 1.605902e-03 1.071302e-03 9.224367e-04 1.011588e-04 
516 12901 9.654633e-03 0 0 9.535520e-04 1.577405e-04 3.017806e-04 8.547527e-05 3.033694e-03 1.643392e-03 1.056993e-03 9.259408e-04 9.768083e-05 
517 12926 9.063029e-03 0 0 8.638696e-04 1.436848e-04 2.718127e-04 7.828123e-05 2.767475e-03 1.484923e-03 9.750650e-04 8.400886e-04 8.971235e-05 
518 12951 9.580638e-03 0 0 9.155677e-04 1.493913e-04 2.879078e-04 8.232012e-05 2.882278e-03 1.574952e-03 9.938093e-04 8.813048e-04 9.419158e-05 
519 12976 9.882560e-03 0 0 9.334732e-04 1.497969e-04 2.897133e-04 8.250026e-05 2.870420e-03 1.593226e-03 1.000298e-03 8.818454e-04 9.400815e-05 
520 13001 8.633460e-03 0 0 8.041548e-04 1.263695e-04 2.445052e-04 7.212394e-05 2.422766e-03 1.368713e-03 8.634764e-04 7.418237e-04 8.101724e-05 
521 13026 8.379843e-03 0 0 7.597770e-04 1.216177e-04 2.342124e-04 6.810815e-05 2.328118e-03 1.293803e-03 8.221271e-04 7.117256e-04 7.786194e-05 
522 13051 8.630649e-03 0 0 8.186237e-04 1.378608e-04 2.507145e-04 7.286311e-05 2.599954e-03 1.332560e-03 9.225473e-04 7.889580e-04 8.741808e-05 
523 13076 8.468887e-03 0 0 7.792014e-04 1.307952e-04 2.381492e-04 6.930649e-05 2.460204e-03 1.264828e-03 8.785066e-04 7.470482e-04 8.356130e-05 
524 13101 8.935968e-03 0 0 8.357698e-04 1.404683e-04 2.627455e-04 7.108897e-05 2.650136e-03 1.385346e-03 9.127865e-04 8.088567e-04 8.666324e-05 
525 13126 1.126818e-02 0 0 1.075416e-03 1.835541e-04 3.408203e-04 8.854083e-05 3.475505e-03 1.752984e-03 1.145361e-03 1.074134e-03 1.137807e-04 
526 13151 1.175464e-02 0 0 1.171951e-03 1.914370e-04 3.696233e-04 9.034602e-05 3.666207e-03 1.892631e-03 1.200208e-03 1.153247e-03 1.161144e-04 
527 13176 1.200494e-02 0 0 1.213290e-03 1.966055e-04 3.853548e-04 8.938108e-05 3.758275e-03 1.965395e-03 1.228130e-03 1.198566e-03 1.173790e-04 
528 13201 1.220153e-02 0 0 1.223442e-03 2.053390e-04 3.944605e-04 9.013088e-05 3.912536e-03 1.961603e-03 1.255502e-03 1.242981e-03 1.214514e-04 
529 13226 1.230204e-02 0 0 1.242638e-03 2.047441e-04 3.981355e-04 9.626357e-05 3.897576e-03 2.021740e-03 1.257029e-03 1.237246e-03 1.231555e-04 
530 13251 1.194214e-02 0 0 1.191269e-03 1.943867e-04 3.833005e-04 9.168848e-05 3.702326e-03 1.958639e-03 1.209331e-03 1.176249e-03 1.170291e-04 
531 13276 1.091548e-02 0 0 1.078293e-03 1.819042e-04 3.624912e-04 8.308292e-05 3.465558e-03 1.812401e-03 1.084474e-03 1.093032e-03 1.076114e-04 
532 13301 1.140661e-02 0 0 1.111493e-03 1.886222e-04 3.745909e-04 8.639658e-05 3.585597e-03 1.869918e-03 1.152967e-03 1.127412e-03 1.114348e-04 
533 13326 1.211438e-02 0 0 1.169535e-03 1.968398e-04 3.899258e-04 9.285433e-05 3.751141e-03 1.975110e-03 1.199171e-03 1.171603e-03 1.173059e-04 
534 13351 1.384172e-02 0 0 1.378459e-03 2.310457e-04 4.610376e-04 1.088944e-04 4.359414e-03 2.343358e-03 1.397513e-03 1.368308e-03 1.345127e-04 
535 13376 1.370525e-02 0 0 1.330793e-03 2.298744e-04 4.435481e-04 1.095543e-04 4.292118e-03 2.249701e-03 1.429663e-03 1.335557e-03 1.343528e-04 
536 13401 1.258571e-02 0 0 1.202486e-03 2.073452e-04 4.041166e-04 9.824262e-05 3.890085e-03 2.041393e-03 1.278271e-03 1.217418e-03 1.216503e-04 
537 13426 1.297678e-02 0 0 1.249904e-03 2.105557e-04 4.146495e-04 9.875653e-05 3.939918e-03 2.094807e-03 1.303643e-03 1.246134e-03 1.230967e-04 
538 13451 1.247104e-02 0 0 1.152864e-03 1.969885e-04 3.889120e-04 9.171186e-05 3.694612e-03 1.946684e-03 1.203565e-03 1.163787e-03 1.158829e-04 
539 13476 1.395157e-02 0 0 1.333252e-03 2.189650e-04 4.404381e-04 1.065273e-04 4.085356e-03 2.250090e-03 1.343135e-03 1.294107e-03 1.263809e-04 
540 13501 1.545893e-02 0 0 1.448218e-03 2.408829e-04 4.744985e-04 1.162309e-04 4.444185e-03 2.425690e-03 1.488886e-03 1.409733e-03 1.383514e-04 
541 13526 1.684152e-02 0 0 1.676632e-03 2.594091e-04 5.295597e-04 1.323439e-04 4.810762e-03 2.778925e-03 1.623833e-03 1.552282e-03 1.477015e-04 
542 13551 1.495133e-02 0 0 1.469652e-03 2.227418e-04 4.636933e-04 1.161441e-04 4.113041e-03 2.456236e-03 1.389896e-03 1.332046e-03 1.262175e-04 
543 13576 1.582191e-02 0 0 1.633225e-03 2.287711e-04 4.982533e-04 1.332323e-04 4.238466e-03 2.744897e-03 1.450247e-03 1.392599e-03 1.341036e-04 
544 13601 1.652540e-02 0 0 1.671245e-03 2.404140e-04 5.045130e-04 1.522183e-04 4.383026e-03 2.865270e-03 1.484952e-03 1.399145e-03 1.462529e-04 
545 13626 1.624716e-02 0 0 1.646706e-03 2.392915e-04 4.938663e-04 1.574265e-04 4.339760e-03 2.869826e-03 1.458526e-03 1.366756e-03 1.523296e-04 
546 13651 1.630049e-02 0 0 1.631756e-03 2.408438e-04 4.957474e-04 1.588488e-04 4.344078e-03 2.893495e-03 1.434230e-03 1.362629e-03 1.525354e-04 
