%  columns=["iteration, evaluation, sigma, void, void, stds==sigma*sqrt(diag(C))" (startseed=213804, 2015/08/21 11:56:27.05)
1 26 1.854638e+01 0 0 1.858374e+01 3.641043e-01 1.166634e+00 1.064445e+00 4.156931e-01 9.587075e-01 3.574815e-01 7.555709e-01 3.233032e-01 
2 51 1.649733e+01 0 0 1.590183e+01 3.132926e-01 1.016930e+00 9.423197e-01 3.687742e-01 8.312680e-01 3.134109e-01 6.586897e-01 2.812791e-01 
3 76 1.423725e+01 0 0 1.314814e+01 2.596920e-01 8.442677e-01 8.064970e-01 3.063986e-01 7.053208e-01 2.762229e-01 5.742479e-01 2.430205e-01 
4 101 1.473528e+01 0 0 1.296367e+01 2.737629e-01 8.900788e-01 8.592792e-01 3.059796e-01 7.368954e-01 2.770473e-01 6.358762e-01 2.457690e-01 
5 126 1.455286e+01 0 0 1.236097e+01 2.726990e-01 8.674743e-01 8.528003e-01 3.004927e-01 7.136669e-01 2.704586e-01 6.186976e-01 2.437557e-01 
6 151 1.535302e+01 0 0 1.250432e+01 2.915240e-01 8.955489e-01 8.773091e-01 3.157708e-01 7.526112e-01 2.897387e-01 6.640139e-01 2.572928e-01 
7 176 1.496302e+01 0 0 1.201459e+01 2.795951e-01 8.787497e-01 8.786898e-01 3.200785e-01 7.197318e-01 2.762844e-01 6.382671e-01 2.483777e-01 
8 201 1.344876e+01 0 0 1.047000e+01 2.443846e-01 7.644430e-01 7.992648e-01 2.775451e-01 6.227941e-01 2.518380e-01 5.679800e-01 2.173915e-01 
9 226 1.296928e+01 0 0 9.628135e+00 2.321359e-01 7.242207e-01 7.728256e-01 2.613379e-01 6.061130e-01 2.446326e-01 5.370259e-01 2.034895e-01 
10 251 1.304164e+01 0 0 9.345957e+00 2.276531e-01 7.065152e-01 8.022329e-01 2.579950e-01 6.231456e-01 2.420559e-01 5.277133e-01 1.985456e-01 
11 276 1.205804e+01 0 0 8.352167e+00 2.049012e-01 6.316206e-01 7.556963e-01 2.414640e-01 5.900430e-01 2.210086e-01 4.762116e-01 1.770140e-01 
12 301 1.120754e+01 0 0 7.503928e+00 1.859270e-01 5.834148e-01 6.933351e-01 2.201257e-01 5.631842e-01 1.983550e-01 4.304504e-01 1.646702e-01 
13 326 1.034534e+01 0 0 6.798975e+00 1.681539e-01 5.366914e-01 6.248597e-01 2.086300e-01 5.196653e-01 1.850533e-01 3.895566e-01 1.511708e-01 
14 351 8.978611e+00 0 0 5.728507e+00 1.432037e-01 4.550035e-01 5.528146e-01 1.762029e-01 4.615545e-01 1.578606e-01 3.325237e-01 1.316560e-01 
15 376 9.442280e+00 0 0 5.916497e+00 1.454001e-01 4.707481e-01 5.980608e-01 1.814643e-01 4.793600e-01 1.659113e-01 3.610519e-01 1.402273e-01 
16 401 9.558105e+00 0 0 5.732279e+00 1.444925e-01 4.935016e-01 6.268536e-01 1.809963e-01 4.866325e-01 1.634917e-01 3.552996e-01 1.413204e-01 
17 426 9.770935e+00 0 0 5.584437e+00 1.430548e-01 5.023492e-01 6.366745e-01 1.912670e-01 4.942272e-01 1.616857e-01 3.574216e-01 1.526904e-01 
18 451 9.396822e+00 0 0 5.151213e+00 1.339726e-01 4.746759e-01 6.135125e-01 1.793187e-01 4.770017e-01 1.529555e-01 3.345674e-01 1.471360e-01 
19 476 8.353274e+00 0 0 4.366148e+00 1.155984e-01 4.175153e-01 5.496494e-01 1.584476e-01 4.096198e-01 1.350267e-01 2.889128e-01 1.342790e-01 
20 501 8.109230e+00 0 0 4.121795e+00 1.084508e-01 3.991614e-01 5.430660e-01 1.535517e-01 3.973015e-01 1.290483e-01 2.688860e-01 1.290379e-01 
21 526 7.699076e+00 0 0 3.752862e+00 1.010543e-01 3.723830e-01 5.172649e-01 1.464492e-01 3.762612e-01 1.187577e-01 2.523738e-01 1.211987e-01 
22 551 7.602550e+00 0 0 3.544762e+00 9.749550e-02 3.702937e-01 5.371641e-01 1.403572e-01 3.558729e-01 1.142662e-01 2.405982e-01 1.197027e-01 
23 576 6.519796e+00 0 0 2.910594e+00 8.237763e-02 3.269703e-01 4.529994e-01 1.193859e-01 2.955429e-01 9.619254e-02 2.068266e-01 1.021655e-01 
24 601 6.063942e+00 0 0 2.584111e+00 7.500501e-02 2.985857e-01 4.116699e-01 1.127903e-01 2.655277e-01 8.636800e-02 1.911240e-01 9.512610e-02 
25 626 5.884848e+00 0 0 2.409434e+00 7.048605e-02 2.813852e-01 3.986893e-01 1.108992e-01 2.507058e-01 8.417888e-02 1.838119e-01 9.704470e-02 
26 651 5.514174e+00 0 0 2.185268e+00 6.504699e-02 2.640656e-01 3.818978e-01 1.032635e-01 2.296613e-01 7.750983e-02 1.685185e-01 9.635436e-02 
27 676 5.299599e+00 0 0 2.035389e+00 6.134308e-02 2.481133e-01 3.584169e-01 9.767790e-02 2.256474e-01 7.734042e-02 1.575156e-01 9.460146e-02 
28 701 5.256282e+00 0 0 1.937411e+00 6.215674e-02 2.399946e-01 3.627108e-01 9.350045e-02 2.192775e-01 7.661007e-02 1.505334e-01 9.480536e-02 
29 726 5.770138e+00 0 0 2.072046e+00 6.847700e-02 2.599383e-01 4.014956e-01 1.021657e-01 2.472723e-01 8.708753e-02 1.599263e-01 1.030714e-01 
30 751 5.495984e+00 0 0 1.928412e+00 6.545260e-02 2.520662e-01 3.841325e-01 9.425344e-02 2.360786e-01 8.362247e-02 1.464351e-01 9.807556e-02 
31 776 5.823135e+00 0 0 2.227101e+00 6.714774e-02 2.819949e-01 4.047439e-01 9.955710e-02 2.477724e-01 9.185595e-02 1.498935e-01 1.034423e-01 
32 801 6.147653e+00 0 0 2.307841e+00 6.880363e-02 3.093840e-01 4.271172e-01 1.031853e-01 2.647755e-01 9.666829e-02 1.646746e-01 1.044057e-01 
33 826 6.062413e+00 0 0 2.194713e+00 6.770652e-02 3.019824e-01 4.147228e-01 9.933468e-02 2.586551e-01 9.405246e-02 1.647282e-01 1.065080e-01 
34 851 5.975594e+00 0 0 2.062593e+00 6.614811e-02 3.034514e-01 3.976070e-01 9.362732e-02 2.482943e-01 9.047180e-02 1.602478e-01 1.028383e-01 
35 876 6.252932e+00 0 0 2.206148e+00 6.713590e-02 3.199175e-01 4.082227e-01 9.569532e-02 2.545505e-01 9.402813e-02 1.695403e-01 1.095290e-01 
36 901 7.217489e+00 0 0 2.724054e+00 7.703187e-02 3.590947e-01 4.832109e-01 1.083381e-01 2.895188e-01 1.108693e-01 1.952425e-01 1.284374e-01 
37 926 6.680970e+00 0 0 2.464776e+00 6.875959e-02 3.293271e-01 4.378415e-01 9.814984e-02 2.660086e-01 1.015327e-01 1.825041e-01 1.160589e-01 
38 951 6.674830e+00 0 0 2.356538e+00 6.804848e-02 3.299558e-01 4.228271e-01 1.011022e-01 2.621419e-01 1.030652e-01 1.773540e-01 1.155761e-01 
39 976 7.330000e+00 0 0 2.486279e+00 7.367087e-02 3.880953e-01 4.525418e-01 1.137175e-01 2.778383e-01 1.125872e-01 1.889006e-01 1.222733e-01 
40 1001 8.078339e+00 0 0 2.646980e+00 8.395928e-02 4.241740e-01 4.945669e-01 1.227414e-01 3.032081e-01 1.220619e-01 2.029051e-01 1.347855e-01 
41 1026 7.512892e+00 0 0 2.357466e+00 7.675807e-02 3.858271e-01 4.550826e-01 1.136525e-01 2.709253e-01 1.120548e-01 1.820588e-01 1.245422e-01 
42 1051 6.589225e+00 0 0 1.998878e+00 6.759245e-02 3.298636e-01 3.950913e-01 9.553111e-02 2.340940e-01 9.492976e-02 1.550409e-01 1.087870e-01 
43 1076 7.507007e+00 0 0 2.304132e+00 7.976522e-02 4.041210e-01 5.106333e-01 1.063116e-01 2.614360e-01 1.040830e-01 1.746846e-01 1.257637e-01 
44 1101 7.499957e+00 0 0 2.286456e+00 8.456970e-02 4.064106e-01 5.351871e-01 1.046687e-01 2.589243e-01 1.035076e-01 1.818298e-01 1.256554e-01 
45 1126 7.184463e+00 0 0 2.111788e+00 8.131242e-02 3.762533e-01 5.175584e-01 9.910725e-02 2.478730e-01 9.873719e-02 1.711479e-01 1.255072e-01 
46 1151 7.272971e+00 0 0 2.101827e+00 8.433567e-02 3.819274e-01 5.308637e-01 9.931410e-02 2.447150e-01 9.833904e-02 1.758418e-01 1.253125e-01 
47 1176 7.576113e+00 0 0 2.116024e+00 9.142583e-02 3.814577e-01 5.355659e-01 1.041399e-01 2.524900e-01 1.031971e-01 1.849718e-01 1.317768e-01 
48 1201 7.010817e+00 0 0 1.928216e+00 8.229196e-02 3.488432e-01 4.855333e-01 9.346346e-02 2.384800e-01 9.274883e-02 1.679397e-01 1.196130e-01 
49 1226 6.677218e+00 0 0 1.810610e+00 7.594244e-02 3.281360e-01 4.574010e-01 8.752367e-02 2.246068e-01 8.511046e-02 1.578073e-01 1.134356e-01 
50 1251 7.037212e+00 0 0 1.940056e+00 7.938734e-02 3.498728e-01 4.801080e-01 9.513230e-02 2.320389e-01 8.985462e-02 1.619405e-01 1.288314e-01 
51 1276 6.754449e+00 0 0 1.835791e+00 7.680360e-02 3.365819e-01 4.551746e-01 9.269945e-02 2.266840e-01 8.389176e-02 1.509162e-01 1.201660e-01 
52 1301 6.825328e+00 0 0 1.855090e+00 7.706194e-02 3.383629e-01 4.646491e-01 9.109869e-02 2.284628e-01 8.333447e-02 1.477723e-01 1.207975e-01 
53 1326 6.177744e+00 0 0 1.611912e+00 6.881618e-02 3.002541e-01 4.110325e-01 8.033005e-02 2.061244e-01 7.532230e-02 1.291315e-01 1.093204e-01 
54 1351 5.616769e+00 0 0 1.417343e+00 6.117986e-02 2.654520e-01 3.689172e-01 7.211882e-02 1.896066e-01 6.662110e-02 1.136617e-01 9.848974e-02 
55 1376 5.368382e+00 0 0 1.314015e+00 5.777361e-02 2.451764e-01 3.420787e-01 7.361804e-02 1.753183e-01 6.568959e-02 1.062300e-01 9.335935e-02 
56 1401 5.655326e+00 0 0 1.433875e+00 5.880167e-02 2.504808e-01 3.498119e-01 7.705588e-02 1.759300e-01 6.834450e-02 1.099880e-01 9.665191e-02 
57 1426 5.507695e+00 0 0 1.369021e+00 5.594352e-02 2.359225e-01 3.301354e-01 7.348609e-02 1.707056e-01 6.843558e-02 1.058402e-01 9.259187e-02 
58 1451 5.359767e+00 0 0 1.306680e+00 5.294326e-02 2.243687e-01 3.131978e-01 6.907247e-02 1.643433e-01 6.722943e-02 1.012732e-01 8.857560e-02 
59 1476 5.178217e+00 0 0 1.211576e+00 4.982722e-02 2.143351e-01 3.063415e-01 6.541937e-02 1.564020e-01 6.389277e-02 9.815501e-02 8.564266e-02 
60 1501 4.584543e+00 0 0 1.045487e+00 4.380239e-02 1.857472e-01 2.737631e-01 5.999252e-02 1.419985e-01 5.497403e-02 8.433540e-02 7.306153e-02 
61 1526 4.905415e+00 0 0 1.086986e+00 4.619069e-02 1.970955e-01 2.847801e-01 6.308072e-02 1.492565e-01 5.951981e-02 8.806126e-02 7.805377e-02 
62 1551 5.258892e+00 0 0 1.138333e+00 4.869560e-02 2.191505e-01 2.980005e-01 6.656599e-02 1.616011e-01 6.423882e-02 9.539275e-02 8.449671e-02 
63 1576 5.014778e+00 0 0 1.047279e+00 4.640631e-02 2.102511e-01 2.811935e-01 6.168143e-02 1.599316e-01 5.990016e-02 8.808938e-02 7.987153e-02 
64 1601 4.427440e+00 0 0 8.880398e-01 4.008855e-02 1.814621e-01 2.370333e-01 5.442071e-02 1.437312e-01 5.331452e-02 7.448509e-02 7.095963e-02 
65 1626 4.460287e+00 0 0 8.779275e-01 4.048828e-02 1.776091e-01 2.301466e-01 5.442792e-02 1.474106e-01 5.666819e-02 7.356029e-02 7.251506e-02 
66 1651 4.315910e+00 0 0 8.198120e-01 3.885907e-02 1.713963e-01 2.167121e-01 5.129865e-02 1.379035e-01 5.729478e-02 6.950196e-02 6.915846e-02 
67 1676 4.400822e+00 0 0 8.290020e-01 4.064056e-02 1.734997e-01 2.132809e-01 5.353011e-02 1.395887e-01 5.866120e-02 6.937229e-02 6.936741e-02 
68 1701 4.917348e+00 0 0 9.035929e-01 4.505938e-02 1.880430e-01 2.282972e-01 6.003190e-02 1.635353e-01 6.829053e-02 7.552521e-02 7.819547e-02 
69 1726 5.172102e+00 0 0 9.370290e-01 4.688794e-02 2.008053e-01 2.299097e-01 6.163311e-02 1.819015e-01 7.503631e-02 7.733713e-02 8.267427e-02 
70 1751 5.697533e+00 0 0 1.053378e+00 5.136350e-02 2.180009e-01 2.579940e-01 6.546701e-02 2.145542e-01 8.235679e-02 8.292487e-02 9.200846e-02 
71 1776 5.524677e+00 0 0 1.007617e+00 4.938452e-02 2.111765e-01 2.519165e-01 6.174824e-02 2.042982e-01 7.985327e-02 7.940680e-02 9.043220e-02 
72 1801 5.260669e+00 0 0 9.404043e-01 4.661535e-02 1.973833e-01 2.484950e-01 5.715221e-02 1.905365e-01 7.762851e-02 7.525745e-02 8.727980e-02 
73 1826 4.493887e+00 0 0 7.750540e-01 3.884293e-02 1.644057e-01 2.047822e-01 4.795168e-02 1.597319e-01 6.610330e-02 6.222607e-02 7.218006e-02 
74 1851 4.187043e+00 0 0 7.013277e-01 3.842289e-02 1.512619e-01 1.893228e-01 4.342232e-02 1.561993e-01 6.246705e-02 5.663476e-02 6.574327e-02 
75 1876 4.439824e+00 0 0 7.501022e-01 4.100077e-02 1.559107e-01 1.949960e-01 4.511208e-02 1.692777e-01 6.953355e-02 5.872079e-02 6.945597e-02 
76 1901 4.192089e+00 0 0 7.161025e-01 3.936225e-02 1.459373e-01 1.830643e-01 4.219699e-02 1.660726e-01 6.529392e-02 5.446469e-02 6.629507e-02 
77 1926 3.835794e+00 0 0 6.611989e-01 3.707683e-02 1.315692e-01 1.701573e-01 3.862443e-02 1.572204e-01 6.005975e-02 5.020955e-02 6.018463e-02 
78 1951 3.643336e+00 0 0 6.348923e-01 3.796534e-02 1.223246e-01 1.632787e-01 3.817261e-02 1.529581e-01 5.600407e-02 4.647978e-02 5.456076e-02 
79 1976 3.024577e+00 0 0 5.317906e-01 3.100502e-02 9.946271e-02 1.354926e-01 3.143547e-02 1.244586e-01 4.582219e-02 3.774720e-02 4.400353e-02 
80 2001 3.009730e+00 0 0 5.211045e-01 3.040609e-02 9.697519e-02 1.400501e-01 3.099712e-02 1.267395e-01 4.581860e-02 3.744405e-02 4.439829e-02 
81 2026 2.904483e+00 0 0 4.846383e-01 2.900209e-02 9.194770e-02 1.362211e-01 2.951442e-02 1.261950e-01 4.378228e-02 3.574893e-02 4.240980e-02 
82 2051 3.177844e+00 0 0 5.138949e-01 3.286886e-02 9.862662e-02 1.489079e-01 3.321767e-02 1.426008e-01 4.827538e-02 3.956490e-02 4.876776e-02 
83 2076 3.751128e+00 0 0 5.943629e-01 3.817848e-02 1.170902e-01 1.721111e-01 3.892479e-02 1.747874e-01 5.657043e-02 4.482321e-02 6.637078e-02 
84 2101 3.844595e+00 0 0 6.205565e-01 3.878652e-02 1.191500e-01 1.767103e-01 4.141516e-02 1.805956e-01 5.935049e-02 4.494068e-02 7.214940e-02 
85 2126 3.587685e+00 0 0 5.770833e-01 3.530898e-02 1.071759e-01 1.617728e-01 3.717697e-02 1.629714e-01 5.444360e-02 4.094655e-02 6.785780e-02 
86 2151 3.588815e+00 0 0 5.658912e-01 3.475148e-02 1.050874e-01 1.563119e-01 3.701633e-02 1.586884e-01 5.348001e-02 3.993823e-02 6.814827e-02 
87 2176 3.331390e+00 0 0 5.177147e-01 3.170207e-02 9.653242e-02 1.420385e-01 3.471109e-02 1.452144e-01 5.109033e-02 3.610040e-02 6.464224e-02 
88 2201 3.512647e+00 0 0 5.273859e-01 3.292513e-02 1.022766e-01 1.615759e-01 3.724565e-02 1.502060e-01 5.429214e-02 3.813589e-02 7.066157e-02 
89 2226 3.350283e+00 0 0 4.895859e-01 3.087333e-02 9.466749e-02 1.489690e-01 3.661835e-02 1.424620e-01 5.149085e-02 3.507246e-02 6.519487e-02 
90 2251 3.386278e+00 0 0 5.007748e-01 3.228548e-02 9.211837e-02 1.511912e-01 3.665612e-02 1.457062e-01 5.024133e-02 3.419467e-02 6.847120e-02 
91 2276 3.331464e+00 0 0 4.947611e-01 3.184120e-02 8.817460e-02 1.466311e-01 3.574844e-02 1.406607e-01 4.867195e-02 3.362511e-02 6.510308e-02 
92 2301 2.998977e+00 0 0 4.367767e-01 2.850064e-02 7.850224e-02 1.310742e-01 3.139450e-02 1.237467e-01 4.298767e-02 2.951820e-02 5.923543e-02 
93 2326 2.929262e+00 0 0 4.190461e-01 2.788329e-02 7.658393e-02 1.277143e-01 2.994361e-02 1.161163e-01 4.195721e-02 2.865252e-02 5.663229e-02 
94 2351 2.521734e+00 0 0 3.505508e-01 2.371093e-02 6.483773e-02 1.076217e-01 2.517991e-02 9.704756e-02 3.571998e-02 2.382675e-02 4.807194e-02 
95 2376 2.372111e+00 0 0 3.235005e-01 2.190340e-02 6.029746e-02 1.008654e-01 2.324067e-02 8.916049e-02 3.278140e-02 2.222564e-02 4.428772e-02 
96 2401 2.442421e+00 0 0 3.273007e-01 2.233095e-02 6.354052e-02 1.026048e-01 2.344456e-02 9.006956e-02 3.373388e-02 2.243267e-02 4.884294e-02 
97 2426 2.510702e+00 0 0 3.401250e-01 2.276644e-02 6.312113e-02 1.037576e-01 2.401247e-02 9.154149e-02 3.637273e-02 2.270483e-02 4.956112e-02 
98 2451 3.091669e+00 0 0 4.152544e-01 2.739046e-02 7.842962e-02 1.265025e-01 2.917656e-02 1.113915e-01 4.578094e-02 2.828318e-02 6.122961e-02 
99 2476 3.561343e+00 0 0 4.763434e-01 3.232823e-02 8.666787e-02 1.435268e-01 3.386029e-02 1.371679e-01 5.681518e-02 3.181777e-02 6.847250e-02 
100 2501 3.495122e+00 0 0 4.554179e-01 3.227410e-02 8.619028e-02 1.423484e-01 3.210395e-02 1.339390e-01 5.593622e-02 3.066013e-02 6.903887e-02 
101 2526 3.100773e+00 0 0 3.907115e-01 2.818738e-02 7.745561e-02 1.278277e-01 2.794937e-02 1.147587e-01 4.926806e-02 2.679998e-02 6.151895e-02 
102 2551 2.881082e+00 0 0 3.588973e-01 2.577622e-02 7.002042e-02 1.144027e-01 2.531892e-02 1.049495e-01 4.582231e-02 2.458269e-02 5.638600e-02 
103 2576 2.911581e+00 0 0 3.664866e-01 2.529610e-02 6.926846e-02 1.134150e-01 2.546955e-02 1.075402e-01 4.555973e-02 2.472204e-02 5.912975e-02 
104 2601 2.998418e+00 0 0 3.659749e-01 2.616975e-02 7.419372e-02 1.126278e-01 2.594015e-02 1.096458e-01 4.649116e-02 2.556172e-02 6.208690e-02 
105 2626 3.122228e+00 0 0 3.702252e-01 2.722240e-02 7.844072e-02 1.126439e-01 2.638756e-02 1.139946e-01 4.899759e-02 2.639361e-02 6.378084e-02 
106 2651 3.038311e+00 0 0 3.594462e-01 2.611253e-02 7.444051e-02 1.111974e-01 2.467501e-02 1.078378e-01 4.638909e-02 2.518846e-02 6.096492e-02 
107 2676 3.139110e+00 0 0 3.883258e-01 2.690049e-02 7.666061e-02 1.135884e-01 2.463881e-02 1.117516e-01 4.649611e-02 2.690810e-02 6.234708e-02 
108 2701 3.313381e+00 0 0 4.206288e-01 2.848965e-02 7.909050e-02 1.247485e-01 2.533287e-02 1.140462e-01 4.908318e-02 2.821237e-02 6.385921e-02 
109 2726 3.487468e+00 0 0 4.280522e-01 2.955904e-02 8.405439e-02 1.323510e-01 2.603697e-02 1.174748e-01 5.327639e-02 2.918864e-02 6.538418e-02 
110 2751 3.391930e+00 0 0 3.992345e-01 2.853424e-02 8.137087e-02 1.256028e-01 2.500329e-02 1.132574e-01 5.420954e-02 2.775436e-02 6.208850e-02 
111 2776 3.802874e+00 0 0 4.341310e-01 3.105053e-02 9.149147e-02 1.361695e-01 2.706665e-02 1.226586e-01 6.581413e-02 3.002008e-02 6.785716e-02 
112 2801 3.776769e+00 0 0 4.274078e-01 3.019002e-02 8.802037e-02 1.347948e-01 2.604661e-02 1.173257e-01 6.565689e-02 2.933382e-02 6.519209e-02 
113 2826 4.376138e+00 0 0 4.799281e-01 3.416145e-02 9.903605e-02 1.539420e-01 2.985746e-02 1.318284e-01 8.460948e-02 3.281158e-02 7.301120e-02 
114 2851 4.194377e+00 0 0 4.445425e-01 3.230306e-02 9.414235e-02 1.430987e-01 2.755778e-02 1.206986e-01 8.167930e-02 3.069495e-02 6.750431e-02 
115 2876 4.186883e+00 0 0 4.444742e-01 3.311434e-02 9.081729e-02 1.380097e-01 2.679275e-02 1.180295e-01 8.092600e-02 3.007903e-02 6.494794e-02 
116 2901 4.289430e+00 0 0 4.475067e-01 3.410322e-02 9.245366e-02 1.395611e-01 2.872151e-02 1.199817e-01 8.202251e-02 3.015942e-02 6.417366e-02 
117 2926 4.136973e+00 0 0 4.215840e-01 3.290393e-02 8.897535e-02 1.313909e-01 2.729475e-02 1.161642e-01 7.817650e-02 2.846756e-02 6.054127e-02 
118 2951 3.824048e+00 0 0 3.768093e-01 3.116288e-02 7.974690e-02 1.191693e-01 2.573319e-02 1.119201e-01 7.154752e-02 2.543565e-02 5.462403e-02 
119 2976 3.376179e+00 0 0 3.228258e-01 2.696449e-02 7.186075e-02 1.048143e-01 2.202392e-02 9.929133e-02 6.466373e-02 2.169544e-02 4.694050e-02 
120 3001 3.336814e+00 0 0 3.082996e-01 2.694211e-02 7.033878e-02 1.023955e-01 2.186106e-02 9.721952e-02 6.629817e-02 2.151620e-02 4.585191e-02 
121 3026 3.394539e+00 0 0 3.097943e-01 2.649484e-02 7.299754e-02 1.065544e-01 2.161659e-02 9.835604e-02 6.749535e-02 2.165997e-02 4.532563e-02 
122 3051 3.935422e+00 0 0 3.709593e-01 2.998796e-02 8.710232e-02 1.205263e-01 2.418675e-02 1.224933e-01 7.796711e-02 2.490308e-02 5.047519e-02 
123 3076 3.767429e+00 0 0 3.456395e-01 2.801442e-02 8.205983e-02 1.139483e-01 2.277616e-02 1.158253e-01 7.458389e-02 2.323206e-02 4.669922e-02 
124 3101 3.358299e+00 0 0 3.092629e-01 2.488294e-02 7.379492e-02 1.037444e-01 2.011018e-02 1.018746e-01 6.389918e-02 2.029006e-02 4.122982e-02 
125 3126 3.330522e+00 0 0 3.023130e-01 2.424711e-02 7.168598e-02 1.024083e-01 1.964300e-02 9.888777e-02 6.395835e-02 2.017233e-02 4.145711e-02 
126 3151 3.420342e+00 0 0 3.021400e-01 2.510048e-02 7.291849e-02 1.023267e-01 2.018951e-02 1.011839e-01 6.582150e-02 2.029001e-02 4.218997e-02 
127 3176 3.086953e+00 0 0 2.737739e-01 2.183994e-02 6.515028e-02 9.020185e-02 1.781185e-02 8.931372e-02 5.794254e-02 1.821407e-02 3.694769e-02 
128 3201 2.977521e+00 0 0 2.645096e-01 2.044890e-02 6.274395e-02 8.574163e-02 1.652562e-02 8.697045e-02 5.504671e-02 1.792077e-02 3.430731e-02 
129 3226 3.010756e+00 0 0 2.592245e-01 2.012097e-02 6.250948e-02 8.423858e-02 1.642246e-02 8.619607e-02 5.540177e-02 1.832548e-02 3.324351e-02 
130 3251 2.695548e+00 0 0 2.302634e-01 1.732760e-02 5.625832e-02 7.326510e-02 1.423509e-02 7.524350e-02 4.896868e-02 1.620432e-02 2.930180e-02 
131 3276 2.571373e+00 0 0 2.191895e-01 1.638180e-02 5.194483e-02 7.028555e-02 1.326364e-02 7.090614e-02 4.590461e-02 1.487528e-02 2.687466e-02 
132 3301 2.721685e+00 0 0 2.279002e-01 1.690190e-02 5.525595e-02 7.276498e-02 1.448284e-02 7.456347e-02 4.668480e-02 1.541323e-02 2.874879e-02 
133 3326 2.884636e+00 0 0 2.409184e-01 1.731478e-02 5.753333e-02 7.478313e-02 1.557459e-02 7.978953e-02 4.807467e-02 1.589931e-02 2.991922e-02 
134 3351 2.728114e+00 0 0 2.204925e-01 1.590067e-02 5.349778e-02 7.000185e-02 1.508717e-02 7.317517e-02 4.516134e-02 1.471547e-02 2.752739e-02 
135 3376 2.626220e+00 0 0 2.118622e-01 1.541369e-02 5.265666e-02 6.618998e-02 1.466233e-02 6.983824e-02 4.320730e-02 1.423922e-02 2.575388e-02 
136 3401 2.439430e+00 0 0 1.967362e-01 1.390342e-02 4.958450e-02 6.161703e-02 1.341337e-02 6.369718e-02 3.901452e-02 1.311591e-02 2.311891e-02 
137 3426 2.346869e+00 0 0 1.856555e-01 1.297292e-02 4.611747e-02 5.867194e-02 1.270133e-02 6.129838e-02 3.708151e-02 1.219648e-02 2.218689e-02 
138 3451 2.357713e+00 0 0 1.887300e-01 1.312905e-02 4.642520e-02 5.743544e-02 1.328319e-02 6.388675e-02 3.813123e-02 1.190960e-02 2.168344e-02 
139 3476 2.236492e+00 0 0 1.739368e-01 1.280023e-02 4.328823e-02 5.312010e-02 1.232596e-02 6.076707e-02 3.556712e-02 1.111823e-02 1.981731e-02 
140 3501 2.246678e+00 0 0 1.707788e-01 1.249417e-02 4.499686e-02 5.186685e-02 1.280263e-02 6.367208e-02 3.533278e-02 1.077399e-02 1.910128e-02 
141 3526 2.240552e+00 0 0 1.646395e-01 1.245211e-02 4.438317e-02 5.242777e-02 1.292985e-02 6.337991e-02 3.534523e-02 1.024587e-02 1.824045e-02 
142 3551 2.037478e+00 0 0 1.471843e-01 1.147378e-02 3.969113e-02 4.753999e-02 1.138999e-02 5.868828e-02 3.204437e-02 9.254456e-03 1.604966e-02 
143 3576 2.147481e+00 0 0 1.566145e-01 1.234973e-02 4.120552e-02 4.893000e-02 1.225156e-02 6.268325e-02 3.400211e-02 9.985384e-03 1.634507e-02 
144 3601 2.145716e+00 0 0 1.563677e-01 1.311373e-02 3.986986e-02 4.903591e-02 1.206350e-02 6.104470e-02 3.448923e-02 9.735050e-03 1.592467e-02 
145 3626 2.115574e+00 0 0 1.520012e-01 1.298479e-02 3.842738e-02 4.855301e-02 1.166660e-02 6.022844e-02 3.371732e-02 9.326538e-03 1.556520e-02 
146 3651 1.789935e+00 0 0 1.278474e-01 1.113598e-02 3.224796e-02 4.025953e-02 1.001407e-02 5.118580e-02 2.824467e-02 8.052602e-03 1.258979e-02 
147 3676 1.725001e+00 0 0 1.223707e-01 1.035257e-02 3.029885e-02 3.835770e-02 9.498895e-03 4.759364e-02 2.682032e-02 7.583605e-03 1.187023e-02 
148 3701 1.860894e+00 0 0 1.283710e-01 1.169017e-02 3.301765e-02 4.085613e-02 1.016347e-02 5.039290e-02 2.812335e-02 8.324506e-03 1.243391e-02 
149 3726 1.868404e+00 0 0 1.257842e-01 1.137600e-02 3.217740e-02 4.041557e-02 9.807735e-03 5.046144e-02 2.727473e-02 8.081560e-03 1.201560e-02 
150 3751 1.875980e+00 0 0 1.247400e-01 1.138408e-02 3.224594e-02 4.083800e-02 9.986855e-03 4.870790e-02 2.691869e-02 8.274241e-03 1.172028e-02 
151 3776 1.768575e+00 0 0 1.174372e-01 1.040510e-02 3.140443e-02 3.796663e-02 9.500818e-03 4.551524e-02 2.439578e-02 7.772251e-03 1.064252e-02 
152 3801 1.694559e+00 0 0 1.098149e-01 9.625618e-03 2.936118e-02 3.544117e-02 8.858146e-03 4.354977e-02 2.273981e-02 7.328744e-03 9.760080e-03 
153 3826 1.587631e+00 0 0 1.008528e-01 8.927650e-03 2.757202e-02 3.244321e-02 8.123511e-03 4.032161e-02 2.073073e-02 6.822178e-03 8.742801e-03 
154 3851 1.507716e+00 0 0 9.347211e-02 8.390436e-03 2.581776e-02 3.055266e-02 7.655938e-03 3.795619e-02 1.975810e-02 6.633113e-03 7.973901e-03 
155 3876 1.657759e+00 0 0 1.043603e-01 9.081993e-03 2.780317e-02 3.328741e-02 8.617747e-03 4.063627e-02 2.143857e-02 7.416568e-03 8.476699e-03 
156 3901 1.957610e+00 0 0 1.323989e-01 1.116833e-02 3.462930e-02 3.982632e-02 1.074588e-02 5.028130e-02 2.500232e-02 8.537347e-03 9.746617e-03 
157 3926 2.130785e+00 0 0 1.440802e-01 1.217558e-02 3.699019e-02 4.332918e-02 1.226665e-02 5.381736e-02 2.636469e-02 8.982053e-03 1.023912e-02 
158 3951 2.084158e+00 0 0 1.383085e-01 1.199987e-02 3.505853e-02 4.110921e-02 1.175284e-02 5.113716e-02 2.554596e-02 8.661945e-03 9.621537e-03 
159 3976 1.909335e+00 0 0 1.225409e-01 1.086163e-02 3.131727e-02 3.663845e-02 1.052773e-02 4.740891e-02 2.253931e-02 7.893041e-03 8.462345e-03 
160 4001 1.928207e+00 0 0 1.220486e-01 1.097856e-02 3.158712e-02 3.658345e-02 1.069870e-02 4.941150e-02 2.234056e-02 7.786893e-03 8.350341e-03 
161 4026 1.866566e+00 0 0 1.156317e-01 1.043717e-02 3.063923e-02 3.424397e-02 1.030656e-02 5.010722e-02 2.125897e-02 7.294577e-03 7.840638e-03 
162 4051 1.905308e+00 0 0 1.150431e-01 1.110037e-02 3.063248e-02 3.403414e-02 1.030986e-02 5.141334e-02 2.109046e-02 7.315268e-03 7.819602e-03 
163 4076 1.924325e+00 0 0 1.142577e-01 1.097225e-02 3.068430e-02 3.369190e-02 1.028289e-02 5.073013e-02 2.124474e-02 7.458060e-03 7.619973e-03 
164 4101 1.950206e+00 0 0 1.112921e-01 1.090012e-02 3.165053e-02 3.352554e-02 1.009953e-02 5.119309e-02 2.112760e-02 7.608446e-03 7.506675e-03 
165 4126 1.763007e+00 0 0 1.000794e-01 9.738060e-03 2.827718e-02 2.986872e-02 8.830147e-03 4.662856e-02 1.873578e-02 6.937341e-03 6.540498e-03 
166 4151 1.578387e+00 0 0 8.682274e-02 8.484377e-03 2.517304e-02 2.612359e-02 7.710592e-03 4.112317e-02 1.715526e-02 6.119418e-03 5.719532e-03 
167 4176 1.419359e+00 0 0 7.800555e-02 7.291364e-03 2.297265e-02 2.302478e-02 6.848981e-03 3.603042e-02 1.535571e-02 5.686634e-03 4.933065e-03 
168 4201 1.395038e+00 0 0 7.540492e-02 6.988158e-03 2.179314e-02 2.216698e-02 6.832150e-03 3.517192e-02 1.458880e-02 5.741282e-03 4.681539e-03 
169 4226 1.397378e+00 0 0 7.660403e-02 6.905208e-03 2.207245e-02 2.175423e-02 6.739195e-03 3.485786e-02 1.422510e-02 6.096734e-03 4.483000e-03 
170 4251 1.397548e+00 0 0 7.532045e-02 6.943629e-03 2.177690e-02 2.139141e-02 6.627230e-03 3.603975e-02 1.405748e-02 6.240731e-03 4.329875e-03 
171 4276 1.350199e+00 0 0 7.197262e-02 6.560232e-03 2.111272e-02 2.037566e-02 6.572830e-03 3.395107e-02 1.310680e-02 6.007018e-03 4.079890e-03 
172 4301 1.361558e+00 0 0 7.000309e-02 6.623543e-03 2.085134e-02 1.978453e-02 6.450756e-03 3.425265e-02 1.275966e-02 5.869252e-03 4.065204e-03 
173 4326 1.295056e+00 0 0 6.607032e-02 6.358927e-03 1.924230e-02 1.827028e-02 5.933469e-03 3.266075e-02 1.176111e-02 5.341635e-03 3.720204e-03 
174 4351 1.255659e+00 0 0 6.567559e-02 6.200352e-03 1.864941e-02 1.736857e-02 5.677486e-03 3.266141e-02 1.090966e-02 5.139534e-03 3.552314e-03 
175 4376 1.109771e+00 0 0 5.672036e-02 5.536746e-03 1.632309e-02 1.500670e-02 4.953316e-03 2.792547e-02 9.481682e-03 4.406644e-03 3.016834e-03 
176 4401 9.550727e-01 0 0 4.737987e-02 4.664927e-03 1.371216e-02 1.270917e-02 4.221382e-03 2.348870e-02 7.812585e-03 3.698322e-03 2.598002e-03 
177 4426 1.047765e+00 0 0 5.121346e-02 5.361951e-03 1.476396e-02 1.373044e-02 5.001082e-03 2.582246e-02 8.586910e-03 3.924771e-03 2.770265e-03 
178 4451 1.038747e+00 0 0 5.008737e-02 5.309451e-03 1.437990e-02 1.334607e-02 5.121169e-03 2.528447e-02 8.225969e-03 3.787455e-03 2.671959e-03 
179 4476 1.027918e+00 0 0 4.931314e-02 5.368297e-03 1.390372e-02 1.292885e-02 5.322808e-03 2.578377e-02 7.980199e-03 3.839201e-03 2.550939e-03 
180 4501 1.000088e+00 0 0 4.591830e-02 5.036231e-03 1.310777e-02 1.222823e-02 5.270156e-03 2.508723e-02 7.514895e-03 3.680239e-03 2.411176e-03 
181 4526 9.642325e-01 0 0 4.441139e-02 4.730996e-03 1.232829e-02 1.160166e-02 5.056731e-03 2.436420e-02 7.011698e-03 3.470217e-03 2.300083e-03 
182 4551 8.989406e-01 0 0 4.059338e-02 4.439512e-03 1.174348e-02 1.070159e-02 4.750120e-03 2.263692e-02 6.426540e-03 3.360709e-03 2.086300e-03 
183 4576 9.180657e-01 0 0 4.109654e-02 4.541810e-03 1.182655e-02 1.101927e-02 4.781090e-03 2.263869e-02 6.459804e-03 3.604109e-03 2.125329e-03 
184 4601 8.445192e-01 0 0 3.674217e-02 4.116877e-03 1.075466e-02 1.021861e-02 4.432699e-03 2.032982e-02 5.857802e-03 3.306669e-03 1.889633e-03 
185 4626 7.961678e-01 0 0 3.339444e-02 3.938465e-03 1.011859e-02 9.455309e-03 4.087089e-03 1.958240e-02 5.515780e-03 3.081626e-03 1.794822e-03 
186 4651 7.280908e-01 0 0 3.195672e-02 3.530491e-03 9.394927e-03 8.615112e-03 3.957170e-03 1.718139e-02 4.920857e-03 2.817002e-03 1.574326e-03 
187 4676 6.675034e-01 0 0 3.018602e-02 3.158642e-03 8.320399e-03 7.808162e-03 3.679485e-03 1.653730e-02 4.446165e-03 2.601287e-03 1.399617e-03 
188 4701 6.610477e-01 0 0 2.978920e-02 3.056580e-03 8.260270e-03 7.485754e-03 3.661827e-03 1.627489e-02 4.495222e-03 2.481369e-03 1.390130e-03 
189 4726 7.446264e-01 0 0 3.653300e-02 3.610685e-03 9.171454e-03 8.237828e-03 4.240070e-03 1.894907e-02 4.944626e-03 2.850809e-03 1.620696e-03 
190 4751 7.346746e-01 0 0 3.761096e-02 3.512614e-03 8.770222e-03 7.866987e-03 4.154260e-03 1.894368e-02 4.783882e-03 2.784183e-03 1.557964e-03 
191 4776 6.929397e-01 0 0 3.575314e-02 3.295536e-03 8.281752e-03 7.163705e-03 4.025775e-03 1.752091e-02 4.415981e-03 2.535673e-03 1.436046e-03 
192 4801 6.508276e-01 0 0 3.335293e-02 3.060585e-03 7.988820e-03 6.888780e-03 3.761177e-03 1.604104e-02 4.037031e-03 2.321236e-03 1.346784e-03 
193 4826 6.707753e-01 0 0 3.399814e-02 3.138990e-03 8.397023e-03 7.021594e-03 3.866507e-03 1.657762e-02 4.405040e-03 2.453857e-03 1.340994e-03 
194 4851 6.243137e-01 0 0 3.038754e-02 2.919308e-03 7.682771e-03 6.626943e-03 3.715584e-03 1.497350e-02 4.078754e-03 2.212876e-03 1.217661e-03 
195 4876 6.422535e-01 0 0 3.139020e-02 3.018381e-03 7.856934e-03 7.040221e-03 3.776073e-03 1.645227e-02 4.140545e-03 2.318796e-03 1.235969e-03 
196 4901 6.596038e-01 0 0 3.183406e-02 3.043211e-03 8.302995e-03 7.113922e-03 3.768283e-03 1.722583e-02 4.471802e-03 2.310769e-03 1.263408e-03 
197 4926 6.500910e-01 0 0 3.110277e-02 2.947826e-03 8.188175e-03 7.148314e-03 3.643408e-03 1.691824e-02 4.402521e-03 2.238349e-03 1.188550e-03 
198 4951 7.026320e-01 0 0 3.299058e-02 3.087881e-03 9.218572e-03 7.881616e-03 3.810831e-03 1.762607e-02 4.764995e-03 2.510185e-03 1.322534e-03 
199 4976 6.840541e-01 0 0 3.136611e-02 2.967988e-03 8.755624e-03 7.719049e-03 3.676851e-03 1.671589e-02 4.618261e-03 2.389941e-03 1.275598e-03 
200 5001 6.313685e-01 0 0 2.819461e-02 2.734507e-03 7.912695e-03 6.982268e-03 3.416178e-03 1.592515e-02 4.116912e-03 2.167011e-03 1.137582e-03 
201 5026 6.634171e-01 0 0 2.963542e-02 2.822216e-03 8.038895e-03 7.152509e-03 3.484993e-03 1.677129e-02 4.186872e-03 2.362211e-03 1.173388e-03 
202 5051 6.970004e-01 0 0 3.073825e-02 2.967839e-03 8.354297e-03 7.388958e-03 3.600174e-03 1.798177e-02 4.455157e-03 2.445054e-03 1.208846e-03 
203 5076 7.269276e-01 0 0 3.121395e-02 3.040359e-03 8.841130e-03 8.039818e-03 3.645298e-03 1.880099e-02 4.607339e-03 2.512727e-03 1.230580e-03 
204 5101 7.486246e-01 0 0 3.135963e-02 3.056546e-03 8.866936e-03 8.323154e-03 3.699645e-03 1.965762e-02 4.864832e-03 2.619662e-03 1.231097e-03 
205 5126 8.137716e-01 0 0 3.300955e-02 3.251724e-03 9.312788e-03 9.362450e-03 3.905280e-03 2.118236e-02 5.613702e-03 2.848272e-03 1.320095e-03 
206 5151 8.622420e-01 0 0 3.510762e-02 3.630960e-03 1.007397e-02 9.633652e-03 4.197579e-03 2.247676e-02 6.109095e-03 2.952492e-03 1.364880e-03 
207 5176 9.577511e-01 0 0 3.890351e-02 3.951647e-03 1.167670e-02 1.070032e-02 4.603516e-03 2.409059e-02 6.986099e-03 3.659223e-03 1.463384e-03 
208 5201 1.067809e+00 0 0 4.358872e-02 4.486507e-03 1.309677e-02 1.161558e-02 5.368342e-03 2.670525e-02 7.563667e-03 4.005340e-03 1.604028e-03 
209 5226 1.160468e+00 0 0 4.660539e-02 5.136627e-03 1.385406e-02 1.260694e-02 5.668956e-03 3.025998e-02 8.034556e-03 4.279870e-03 1.664512e-03 
210 5251 1.197991e+00 0 0 4.749125e-02 5.394314e-03 1.408661e-02 1.278614e-02 5.703490e-03 3.203386e-02 8.167974e-03 4.341197e-03 1.644073e-03 
211 5276 1.172174e+00 0 0 4.522609e-02 5.407561e-03 1.384103e-02 1.228390e-02 5.400598e-03 3.274845e-02 7.983681e-03 4.180756e-03 1.552069e-03 
212 5301 1.131237e+00 0 0 4.268793e-02 5.121813e-03 1.312838e-02 1.174939e-02 5.177205e-03 3.130158e-02 7.426106e-03 3.913386e-03 1.447905e-03 
213 5326 1.075916e+00 0 0 4.028116e-02 4.727315e-03 1.295025e-02 1.104647e-02 5.048357e-03 2.927902e-02 6.927480e-03 3.622871e-03 1.321191e-03 
214 5351 1.065258e+00 0 0 4.044177e-02 4.549773e-03 1.263700e-02 1.108846e-02 5.018532e-03 2.976139e-02 6.695847e-03 3.517983e-03 1.280745e-03 
215 5376 9.500517e-01 0 0 3.541935e-02 4.047614e-03 1.116083e-02 9.674543e-03 4.322540e-03 2.607700e-02 5.825854e-03 3.154870e-03 1.106260e-03 
216 5401 8.488234e-01 0 0 3.096544e-02 3.667275e-03 9.664283e-03 8.618866e-03 3.926226e-03 2.344514e-02 5.017012e-03 2.745280e-03 9.475103e-04 
217 5426 8.189056e-01 0 0 2.963713e-02 3.533594e-03 9.358279e-03 8.191584e-03 3.740292e-03 2.260103e-02 5.165306e-03 2.625391e-03 8.780284e-04 
218 5451 6.851451e-01 0 0 2.378675e-02 2.884754e-03 7.620514e-03 6.940685e-03 3.087736e-03 1.857734e-02 4.308855e-03 2.167415e-03 7.342710e-04 
219 5476 6.678377e-01 0 0 2.279846e-02 2.814602e-03 7.428160e-03 6.843132e-03 3.011816e-03 1.841146e-02 4.185464e-03 2.256939e-03 6.873079e-04 
220 5501 5.609830e-01 0 0 1.856046e-02 2.301644e-03 6.099789e-03 5.570526e-03 2.422841e-03 1.555018e-02 3.488084e-03 1.830711e-03 5.600795e-04 
221 5526 5.295145e-01 0 0 1.710288e-02 2.221552e-03 5.695073e-03 5.258881e-03 2.306661e-03 1.434661e-02 3.577346e-03 1.703437e-03 5.179791e-04 
222 5551 5.020389e-01 0 0 1.585284e-02 2.060378e-03 5.277619e-03 5.023082e-03 2.166908e-03 1.359510e-02 3.425073e-03 1.586151e-03 4.779514e-04 
223 5576 5.047404e-01 0 0 1.630999e-02 2.035748e-03 5.378926e-03 5.037875e-03 2.168373e-03 1.374864e-02 3.383526e-03 1.604592e-03 4.926994e-04 
224 5601 4.718586e-01 0 0 1.479426e-02 1.905307e-03 4.993622e-03 5.018912e-03 1.973333e-03 1.345201e-02 3.099096e-03 1.509587e-03 4.500739e-04 
225 5626 4.472217e-01 0 0 1.378450e-02 1.818456e-03 4.658692e-03 4.828851e-03 1.870836e-03 1.277142e-02 2.889341e-03 1.446823e-03 4.152521e-04 
226 5651 4.411379e-01 0 0 1.324474e-02 1.811375e-03 4.390577e-03 4.900891e-03 1.809951e-03 1.245753e-02 2.797478e-03 1.385054e-03 4.046017e-04 
227 5676 3.541438e-01 0 0 1.038730e-02 1.415589e-03 3.434222e-03 3.863259e-03 1.448366e-03 9.668002e-03 2.171545e-03 1.089105e-03 3.299863e-04 
228 5701 3.418213e-01 0 0 1.007364e-02 1.317724e-03 3.218023e-03 3.702606e-03 1.368091e-03 9.216560e-03 2.021392e-03 1.042176e-03 3.153018e-04 
229 5726 3.665170e-01 0 0 1.161383e-02 1.430660e-03 3.611404e-03 3.912829e-03 1.474146e-03 1.029247e-02 2.176802e-03 1.086631e-03 3.562818e-04 
230 5751 3.587436e-01 0 0 1.154970e-02 1.388784e-03 3.643751e-03 3.895299e-03 1.389333e-03 1.005430e-02 2.180949e-03 1.040865e-03 3.639584e-04 
231 5776 3.537446e-01 0 0 1.105910e-02 1.368716e-03 3.633537e-03 3.849754e-03 1.365641e-03 9.748246e-03 2.179839e-03 1.020517e-03 3.607994e-04 
232 5801 3.575187e-01 0 0 1.112771e-02 1.368504e-03 3.644797e-03 3.939349e-03 1.334020e-03 9.911063e-03 2.207894e-03 1.052255e-03 3.589279e-04 
233 5826 3.440431e-01 0 0 1.076216e-02 1.341088e-03 3.525422e-03 3.730891e-03 1.259033e-03 9.434991e-03 2.046888e-03 9.953920e-04 3.574745e-04 
234 5851 3.323086e-01 0 0 1.043265e-02 1.262043e-03 3.357350e-03 3.549621e-03 1.194421e-03 8.999299e-03 1.921847e-03 9.682682e-04 3.433656e-04 
235 5876 3.447076e-01 0 0 1.098880e-02 1.368994e-03 3.459660e-03 3.627451e-03 1.230498e-03 9.902872e-03 2.111531e-03 9.759673e-04 3.809228e-04 
236 5901 3.313406e-01 0 0 1.030837e-02 1.319676e-03 3.386838e-03 3.394155e-03 1.143455e-03 9.462123e-03 2.121145e-03 9.043511e-04 3.743989e-04 
237 5926 3.031300e-01 0 0 9.183790e-03 1.265528e-03 3.075444e-03 3.072257e-03 1.032007e-03 8.873455e-03 1.978565e-03 8.186689e-04 3.345599e-04 
238 5951 2.764363e-01 0 0 8.394840e-03 1.137433e-03 2.835092e-03 2.871137e-03 9.336081e-04 7.967929e-03 1.769521e-03 7.587852e-04 2.994223e-04 
239 5976 2.787709e-01 0 0 8.863833e-03 1.178490e-03 2.842307e-03 2.988688e-03 9.139557e-04 8.601151e-03 1.766266e-03 8.196718e-04 2.943403e-04 
240 6001 3.192121e-01 0 0 1.035304e-02 1.383195e-03 3.345413e-03 3.611797e-03 1.026925e-03 1.038791e-02 2.048995e-03 9.633420e-04 3.277799e-04 
241 6026 3.294856e-01 0 0 1.051524e-02 1.408122e-03 3.326064e-03 3.724686e-03 1.037641e-03 1.079695e-02 2.063885e-03 1.010531e-03 3.310919e-04 
242 6051 3.253449e-01 0 0 1.017744e-02 1.349830e-03 3.230820e-03 3.702349e-03 9.914155e-04 1.056644e-02 2.020445e-03 9.932614e-04 3.194482e-04 
243 6076 3.138392e-01 0 0 9.703678e-03 1.311943e-03 3.141751e-03 3.477458e-03 9.223111e-04 9.788425e-03 1.989038e-03 9.435607e-04 3.218517e-04 
244 6101 3.253890e-01 0 0 9.775298e-03 1.355452e-03 3.265118e-03 3.717423e-03 9.464524e-04 1.015837e-02 2.135848e-03 1.002976e-03 3.404215e-04 
245 6126 3.109407e-01 0 0 9.460656e-03 1.269430e-03 3.205369e-03 3.602175e-03 8.960244e-04 9.700660e-03 2.049170e-03 9.821377e-04 3.284836e-04 
246 6151 3.284884e-01 0 0 9.998504e-03 1.326785e-03 3.557525e-03 3.953057e-03 9.447974e-04 1.008012e-02 2.174157e-03 1.064435e-03 3.349192e-04 
247 6176 3.450563e-01 0 0 1.073695e-02 1.402213e-03 3.838495e-03 4.123216e-03 9.755610e-04 1.058040e-02 2.289977e-03 1.123906e-03 3.489476e-04 
248 6201 3.681904e-01 0 0 1.130312e-02 1.510914e-03 4.052076e-03 4.532465e-03 1.074445e-03 1.113143e-02 2.364716e-03 1.212800e-03 3.676094e-04 
249 6226 3.895800e-01 0 0 1.215398e-02 1.625414e-03 4.279254e-03 4.733546e-03 1.153528e-03 1.179106e-02 2.584711e-03 1.262786e-03 3.804799e-04 
250 6251 4.030201e-01 0 0 1.249091e-02 1.645044e-03 4.443817e-03 5.009279e-03 1.185572e-03 1.176107e-02 2.670543e-03 1.309481e-03 3.975968e-04 
251 6276 4.262621e-01 0 0 1.314940e-02 1.670215e-03 4.555674e-03 5.271898e-03 1.221402e-03 1.208696e-02 2.825996e-03 1.373997e-03 4.127529e-04 
252 6301 3.861424e-01 0 0 1.222198e-02 1.505110e-03 4.029150e-03 4.829243e-03 1.078232e-03 1.172915e-02 2.493123e-03 1.275137e-03 3.695236e-04 
253 6326 4.319226e-01 0 0 1.340244e-02 1.815342e-03 4.572279e-03 5.388580e-03 1.158846e-03 1.292177e-02 2.811494e-03 1.370387e-03 4.244622e-04 
254 6351 4.745552e-01 0 0 1.449108e-02 2.080307e-03 4.860986e-03 5.759162e-03 1.237158e-03 1.435612e-02 3.019225e-03 1.455601e-03 4.570706e-04 
255 6376 4.442910e-01 0 0 1.357577e-02 2.021531e-03 4.617767e-03 5.235156e-03 1.162237e-03 1.330157e-02 2.799339e-03 1.332837e-03 4.214346e-04 
256 6401 4.350449e-01 0 0 1.336746e-02 1.966200e-03 4.512888e-03 4.966209e-03 1.154072e-03 1.292163e-02 2.707407e-03 1.290021e-03 4.057548e-04 
257 6426 3.922182e-01 0 0 1.180978e-02 1.753563e-03 4.104111e-03 4.479991e-03 1.058546e-03 1.147667e-02 2.417076e-03 1.174281e-03 3.682569e-04 
258 6451 3.813716e-01 0 0 1.132236e-02 1.704057e-03 3.965419e-03 4.302512e-03 1.010710e-03 1.114213e-02 2.318137e-03 1.140139e-03 3.527876e-04 
259 6476 3.768854e-01 0 0 1.152801e-02 1.695509e-03 3.868323e-03 4.253339e-03 9.873696e-04 1.134195e-02 2.275367e-03 1.182681e-03 3.410735e-04 
260 6501 3.991083e-01 0 0 1.177393e-02 1.778624e-03 4.014712e-03 4.683202e-03 1.081574e-03 1.182483e-02 2.366464e-03 1.282404e-03 3.603360e-04 
261 6526 3.501541e-01 0 0 1.025642e-02 1.498102e-03 3.533653e-03 3.929265e-03 9.801077e-04 9.998558e-03 2.074143e-03 1.078501e-03 3.191482e-04 
262 6551 3.488288e-01 0 0 9.917022e-03 1.458330e-03 3.512512e-03 4.002481e-03 9.594033e-04 9.594629e-03 2.017469e-03 1.128063e-03 3.177576e-04 
263 6576 3.142312e-01 0 0 9.012367e-03 1.297860e-03 3.064801e-03 3.714347e-03 8.385007e-04 8.634436e-03 1.774279e-03 1.000216e-03 2.896494e-04 
264 6601 2.959283e-01 0 0 8.375066e-03 1.217929e-03 2.877283e-03 3.566154e-03 7.863620e-04 7.930148e-03 1.615479e-03 9.381860e-04 2.642362e-04 
265 6626 2.797703e-01 0 0 7.822986e-03 1.130226e-03 2.655516e-03 3.398051e-03 7.412500e-04 7.648029e-03 1.512557e-03 8.738453e-04 2.474144e-04 
266 6651 3.067021e-01 0 0 8.408352e-03 1.260613e-03 2.953270e-03 3.882191e-03 8.253612e-04 8.428465e-03 1.656619e-03 9.929384e-04 2.717401e-04 
267 6676 3.106493e-01 0 0 8.436041e-03 1.251362e-03 2.946904e-03 3.861491e-03 8.120618e-04 8.256615e-03 1.633331e-03 9.870221e-04 2.789006e-04 
268 6701 3.094066e-01 0 0 8.370969e-03 1.255412e-03 3.102549e-03 3.800901e-03 7.981097e-04 8.132411e-03 1.672198e-03 1.031729e-03 2.778967e-04 
269 6726 2.757049e-01 0 0 7.269828e-03 1.114337e-03 2.700044e-03 3.288419e-03 6.932970e-04 7.204094e-03 1.460642e-03 8.995223e-04 2.429413e-04 
270 6751 2.755565e-01 0 0 7.343418e-03 1.103758e-03 2.643060e-03 3.283002e-03 7.029931e-04 7.096171e-03 1.445835e-03 8.853784e-04 2.397746e-04 
271 6776 2.741835e-01 0 0 7.341964e-03 1.059429e-03 2.656704e-03 3.201663e-03 6.761829e-04 6.928645e-03 1.434820e-03 8.481943e-04 2.286005e-04 
272 6801 2.902270e-01 0 0 7.705584e-03 1.089892e-03 2.810497e-03 3.469118e-03 6.955630e-04 7.379569e-03 1.541210e-03 9.164487e-04 2.374992e-04 
273 6826 3.422807e-01 0 0 8.819479e-03 1.329889e-03 3.313125e-03 4.031078e-03 8.241643e-04 8.532187e-03 1.856791e-03 1.052344e-03 2.736265e-04 
274 6851 4.245649e-01 0 0 1.153288e-02 1.703792e-03 4.277774e-03 4.925630e-03 9.983031e-04 1.073166e-02 2.398449e-03 1.357686e-03 3.489928e-04 
275 6876 4.529423e-01 0 0 1.191153e-02 1.744930e-03 4.439532e-03 5.159166e-03 1.105622e-03 1.113647e-02 2.495927e-03 1.391856e-03 3.702627e-04 
276 6901 4.650237e-01 0 0 1.204997e-02 1.833210e-03 4.571868e-03 5.202909e-03 1.122138e-03 1.155556e-02 2.581257e-03 1.445765e-03 3.698695e-04 
277 6926 4.540743e-01 0 0 1.157152e-02 1.769771e-03 4.522170e-03 5.106489e-03 1.107745e-03 1.133909e-02 2.485100e-03 1.444284e-03 3.489672e-04 
278 6951 5.035645e-01 0 0 1.240286e-02 1.976607e-03 5.134343e-03 5.796061e-03 1.303345e-03 1.267398e-02 2.748154e-03 1.710550e-03 3.863628e-04 
279 6976 4.892950e-01 0 0 1.166200e-02 1.941929e-03 5.094140e-03 5.707607e-03 1.273701e-03 1.213524e-02 2.684517e-03 1.691188e-03 3.691177e-04 
280 7001 4.174027e-01 0 0 9.572438e-03 1.641008e-03 4.205893e-03 4.878532e-03 1.065283e-03 1.032909e-02 2.213064e-03 1.412874e-03 3.105077e-04 
281 7026 3.734910e-01 0 0 8.535177e-03 1.470344e-03 3.757524e-03 4.324219e-03 9.510149e-04 9.146283e-03 1.970226e-03 1.247663e-03 2.820229e-04 
282 7051 4.006948e-01 0 0 8.925633e-03 1.527513e-03 4.022965e-03 4.798455e-03 1.027662e-03 9.859444e-03 2.116845e-03 1.310695e-03 3.216884e-04 
283 7076 3.978282e-01 0 0 9.068820e-03 1.511151e-03 3.930118e-03 4.748231e-03 9.882188e-04 9.984084e-03 2.088034e-03 1.275181e-03 3.145341e-04 
284 7101 3.723630e-01 0 0 8.685390e-03 1.359847e-03 3.647075e-03 4.551338e-03 8.988567e-04 9.317537e-03 1.960747e-03 1.199256e-03 2.921965e-04 
285 7126 3.670453e-01 0 0 8.478650e-03 1.348189e-03 3.536972e-03 4.399021e-03 8.557706e-04 9.283813e-03 1.957766e-03 1.162092e-03 2.947682e-04 
286 7151 3.571018e-01 0 0 7.986967e-03 1.301733e-03 3.342396e-03 4.132421e-03 8.331504e-04 8.838790e-03 1.869240e-03 1.100200e-03 2.914483e-04 
287 7176 3.112192e-01 0 0 6.950271e-03 1.138186e-03 2.801341e-03 3.538133e-03 7.137845e-04 7.530277e-03 1.567278e-03 9.397925e-04 2.478145e-04 
288 7201 2.896469e-01 0 0 6.579698e-03 1.074904e-03 2.536599e-03 3.254892e-03 6.481897e-04 7.065709e-03 1.427895e-03 8.818397e-04 2.229694e-04 
289 7226 2.911789e-01 0 0 6.448168e-03 1.084257e-03 2.511662e-03 3.168117e-03 6.464962e-04 6.843954e-03 1.456195e-03 8.621853e-04 2.159383e-04 
290 7251 3.059182e-01 0 0 6.667594e-03 1.169409e-03 2.646688e-03 3.227202e-03 6.864326e-04 7.025298e-03 1.577402e-03 9.082368e-04 2.268512e-04 
291 7276 3.187752e-01 0 0 7.037022e-03 1.265667e-03 2.718608e-03 3.322639e-03 7.054928e-04 7.399365e-03 1.640776e-03 9.528223e-04 2.272189e-04 
292 7301 3.099473e-01 0 0 6.833376e-03 1.235305e-03 2.645983e-03 3.219262e-03 7.056285e-04 7.001512e-03 1.625314e-03 9.058298e-04 2.163908e-04 
293 7326 2.718836e-01 0 0 6.122958e-03 1.073833e-03 2.323946e-03 2.862037e-03 6.181977e-04 6.165114e-03 1.405621e-03 8.217905e-04 1.843868e-04 
294 7351 2.455416e-01 0 0 5.556151e-03 9.746887e-04 2.053723e-03 2.526387e-03 5.388179e-04 5.530203e-03 1.223057e-03 7.455513e-04 1.630225e-04 
295 7376 2.363716e-01 0 0 5.214361e-03 9.100917e-04 1.934989e-03 2.430091e-03 5.228498e-04 5.223355e-03 1.156767e-03 6.961046e-04 1.535085e-04 
296 7401 2.221612e-01 0 0 4.841175e-03 8.266053e-04 1.784965e-03 2.254298e-03 4.985251e-04 4.734317e-03 1.058579e-03 6.369499e-04 1.420569e-04 
297 7426 2.385529e-01 0 0 4.990099e-03 8.971577e-04 1.907237e-03 2.403489e-03 5.357304e-04 5.066939e-03 1.146949e-03 6.755077e-04 1.527063e-04 
298 7451 2.726934e-01 0 0 5.693611e-03 1.090553e-03 2.168450e-03 2.777076e-03 6.279195e-04 5.826161e-03 1.330122e-03 7.670420e-04 1.847986e-04 
299 7476 2.637391e-01 0 0 5.314576e-03 1.085551e-03 2.151884e-03 2.684161e-03 6.131530e-04 5.702210e-03 1.311769e-03 7.480667e-04 1.770456e-04 
300 7501 2.476494e-01 0 0 4.943671e-03 1.002033e-03 2.059323e-03 2.551756e-03 5.989220e-04 5.300037e-03 1.269570e-03 6.980135e-04 1.606879e-04 
301 7526 2.386049e-01 0 0 4.823376e-03 9.845082e-04 1.995319e-03 2.628200e-03 5.747684e-04 5.194767e-03 1.243597e-03 7.090628e-04 1.524487e-04 
302 7551 2.596514e-01 0 0 5.357641e-03 1.086310e-03 2.339326e-03 2.896438e-03 6.265969e-04 5.655801e-03 1.394030e-03 7.881132e-04 1.624352e-04 
303 7576 2.305591e-01 0 0 4.751184e-03 9.720329e-04 2.073367e-03 2.603421e-03 5.458094e-04 5.128252e-03 1.207088e-03 7.007746e-04 1.465893e-04 
304 7601 2.323486e-01 0 0 4.700773e-03 9.490373e-04 2.058249e-03 2.582213e-03 5.340115e-04 5.207156e-03 1.211176e-03 6.976759e-04 1.496250e-04 
305 7626 2.429896e-01 0 0 5.034436e-03 1.018479e-03 2.337864e-03 3.165754e-03 5.576904e-04 6.327488e-03 1.282296e-03 8.491944e-04 1.580519e-04 
306 7651 2.445523e-01 0 0 5.339443e-03 1.003904e-03 2.296633e-03 3.330844e-03 5.581938e-04 6.779294e-03 1.260425e-03 8.839375e-04 1.603095e-04 
307 7676 2.957006e-01 0 0 6.268589e-03 1.189115e-03 3.037119e-03 4.738445e-03 6.521736e-04 8.957652e-03 1.497789e-03 1.222188e-03 1.925012e-04 
308 7701 3.282286e-01 0 0 7.710144e-03 1.352531e-03 3.532433e-03 5.463737e-03 7.373236e-04 1.061835e-02 1.757279e-03 1.432398e-03 2.142793e-04 
309 7726 3.527514e-01 0 0 8.519400e-03 1.437914e-03 3.702903e-03 5.713708e-03 7.973346e-04 1.121326e-02 1.885895e-03 1.512442e-03 2.349714e-04 
310 7751 3.942371e-01 0 0 1.002325e-02 1.669060e-03 4.133671e-03 6.368312e-03 9.220124e-04 1.288010e-02 2.108272e-03 1.721543e-03 2.627893e-04 
311 7776 4.103063e-01 0 0 1.076427e-02 1.688653e-03 4.279339e-03 6.547849e-03 9.919497e-04 1.332630e-02 2.190482e-03 1.788561e-03 2.665302e-04 
312 7801 4.227853e-01 0 0 1.109243e-02 1.738693e-03 4.389750e-03 6.697796e-03 1.014820e-03 1.345017e-02 2.295355e-03 1.840018e-03 2.775947e-04 
313 7826 4.166403e-01 0 0 1.127326e-02 1.664840e-03 4.348092e-03 6.511099e-03 1.015128e-03 1.299437e-02 2.289103e-03 1.788543e-03 2.725338e-04 
314 7851 4.361297e-01 0 0 1.190183e-02 1.751775e-03 5.059744e-03 7.078540e-03 1.088991e-03 1.377533e-02 2.579643e-03 1.985606e-03 2.848657e-04 
315 7876 3.824666e-01 0 0 1.051982e-02 1.498172e-03 4.414460e-03 6.019457e-03 9.529837e-04 1.195925e-02 2.275030e-03 1.696501e-03 2.441505e-04 
316 7901 3.365494e-01 0 0 9.082010e-03 1.298861e-03 3.791462e-03 5.226343e-03 8.229295e-04 1.047784e-02 1.950342e-03 1.450369e-03 2.110237e-04 
317 7926 3.090821e-01 0 0 8.313787e-03 1.188950e-03 3.579919e-03 4.773151e-03 7.469536e-04 9.592522e-03 1.877670e-03 1.323610e-03 1.976493e-04 
318 7951 3.211650e-01 0 0 9.044420e-03 1.275806e-03 3.703855e-03 4.966606e-03 8.015320e-04 1.013129e-02 2.005133e-03 1.386479e-03 2.016397e-04 
319 7976 2.963714e-01 0 0 8.106432e-03 1.186378e-03 3.443103e-03 4.531683e-03 7.170478e-04 9.262076e-03 1.872663e-03 1.266901e-03 1.849011e-04 
320 8001 2.650162e-01 0 0 7.031952e-03 1.045872e-03 3.009692e-03 3.978701e-03 6.172731e-04 8.087852e-03 1.655851e-03 1.113506e-03 1.610304e-04 
321 8026 2.720723e-01 0 0 7.053003e-03 1.105910e-03 3.133971e-03 4.191662e-03 6.336625e-04 8.499283e-03 1.675879e-03 1.150729e-03 1.620555e-04 
322 8051 2.667886e-01 0 0 6.958985e-03 1.078987e-03 2.979356e-03 4.040072e-03 6.105703e-04 8.349313e-03 1.601316e-03 1.103454e-03 1.547974e-04 
323 8076 3.081718e-01 0 0 8.091673e-03 1.364896e-03 3.315825e-03 4.582221e-03 7.141334e-04 9.772342e-03 1.813231e-03 1.248207e-03 1.765721e-04 
324 8101 3.241803e-01 0 0 8.203020e-03 1.410580e-03 3.465790e-03 4.655032e-03 7.349167e-04 9.959394e-03 1.916835e-03 1.262680e-03 1.952331e-04 
325 8126 3.143879e-01 0 0 7.931068e-03 1.365825e-03 3.442413e-03 4.603835e-03 7.237403e-04 9.906521e-03 1.888244e-03 1.221815e-03 1.887015e-04 
326 8151 2.999294e-01 0 0 7.391958e-03 1.339158e-03 3.374910e-03 4.363364e-03 6.850087e-04 9.441545e-03 1.821187e-03 1.178334e-03 1.821469e-04 
327 8176 3.025478e-01 0 0 7.578919e-03 1.350733e-03 3.359773e-03 4.459305e-03 6.914943e-04 9.635089e-03 1.814145e-03 1.207670e-03 1.899533e-04 
328 8201 2.846555e-01 0 0 7.279863e-03 1.275863e-03 3.246863e-03 4.065182e-03 6.465722e-04 8.810246e-03 1.834651e-03 1.097048e-03 1.773669e-04 
329 8226 3.038659e-01 0 0 7.737007e-03 1.353222e-03 3.428222e-03 4.258709e-03 6.776311e-04 9.084427e-03 1.946219e-03 1.167681e-03 1.870013e-04 
330 8251 3.319705e-01 0 0 8.574906e-03 1.470024e-03 3.663499e-03 4.469818e-03 7.746677e-04 9.593947e-03 2.096204e-03 1.235212e-03 2.041962e-04 
331 8276 3.124994e-01 0 0 8.027542e-03 1.383327e-03 3.414672e-03 4.194427e-03 7.292600e-04 9.183103e-03 1.957522e-03 1.161946e-03 1.947548e-04 
332 8301 2.828825e-01 0 0 6.996531e-03 1.229333e-03 3.014056e-03 3.683351e-03 6.353380e-04 8.228449e-03 1.721496e-03 1.016554e-03 1.744174e-04 
333 8326 2.938196e-01 0 0 7.292499e-03 1.255847e-03 3.149120e-03 3.733957e-03 6.635762e-04 8.445316e-03 1.793137e-03 1.027552e-03 1.781114e-04 
334 8351 2.681235e-01 0 0 6.746282e-03 1.135812e-03 2.844987e-03 3.305207e-03 5.965274e-04 7.693924e-03 1.636211e-03 9.111973e-04 1.601665e-04 
335 8376 2.662110e-01 0 0 6.852771e-03 1.081457e-03 2.807241e-03 3.220896e-03 6.029630e-04 7.431231e-03 1.613008e-03 8.785719e-04 1.585153e-04 
336 8401 2.534407e-01 0 0 6.601215e-03 9.877318e-04 2.659575e-03 2.970474e-03 5.828661e-04 6.864577e-03 1.514970e-03 8.153922e-04 1.492234e-04 
337 8426 2.393669e-01 0 0 6.182267e-03 9.142361e-04 2.660275e-03 2.797100e-03 5.372922e-04 6.370600e-03 1.456603e-03 7.845007e-04 1.433368e-04 
338 8451 2.274915e-01 0 0 5.627521e-03 8.540574e-04 2.565819e-03 2.606008e-03 4.900304e-04 5.931621e-03 1.399460e-03 7.344673e-04 1.385878e-04 
339 8476 2.292315e-01 0 0 5.907927e-03 8.957876e-04 2.615826e-03 2.572509e-03 5.178826e-04 5.821051e-03 1.459521e-03 7.129380e-04 1.415191e-04 
340 8501 1.906537e-01 0 0 4.912444e-03 7.366233e-04 2.213116e-03 2.084791e-03 4.314302e-04 4.663250e-03 1.231201e-03 5.739367e-04 1.179719e-04 
341 8526 1.675601e-01 0 0 4.333902e-03 6.692180e-04 1.983846e-03 1.855005e-03 3.756223e-04 4.157918e-03 1.099765e-03 5.114926e-04 1.038832e-04 
342 8551 1.692801e-01 0 0 4.302404e-03 6.753823e-04 2.046054e-03 1.934111e-03 3.695730e-04 4.148541e-03 1.117976e-03 5.282328e-04 1.047735e-04 
343 8576 1.438636e-01 0 0 3.564356e-03 5.836082e-04 1.751381e-03 1.720160e-03 3.059079e-04 3.600568e-03 9.406434e-04 4.670694e-04 8.626282e-05 
344 8601 1.341866e-01 0 0 3.281517e-03 5.448407e-04 1.670032e-03 1.606038e-03 2.859163e-04 3.234602e-03 8.937860e-04 4.339675e-04 7.854808e-05 
345 8626 1.332968e-01 0 0 3.263237e-03 5.391190e-04 1.632274e-03 1.556053e-03 2.812212e-04 3.203508e-03 8.686088e-04 4.238247e-04 8.424024e-05 
346 8651 1.295865e-01 0 0 3.125582e-03 5.076617e-04 1.572855e-03 1.497766e-03 2.634359e-04 3.155403e-03 8.283210e-04 4.019881e-04 8.348255e-05 
347 8676 1.180654e-01 0 0 2.839219e-03 4.512506e-04 1.396449e-03 1.319544e-03 2.365054e-04 2.875510e-03 7.433078e-04 3.546122e-04 7.507854e-05 
348 8701 1.259405e-01 0 0 2.975891e-03 4.644846e-04 1.497343e-03 1.387359e-03 2.492070e-04 3.048149e-03 7.905651e-04 3.769709e-04 8.382900e-05 
349 8726 1.165716e-01 0 0 2.687986e-03 4.267641e-04 1.361623e-03 1.247079e-03 2.266349e-04 2.774440e-03 7.236799e-04 3.391675e-04 7.685088e-05 
350 8751 1.257272e-01 0 0 3.039037e-03 4.595683e-04 1.459816e-03 1.346417e-03 2.510983e-04 3.168353e-03 8.243465e-04 3.558191e-04 8.615299e-05 
351 8776 1.257312e-01 0 0 3.011059e-03 4.429857e-04 1.413558e-03 1.303672e-03 2.503479e-04 3.130923e-03 8.039533e-04 3.411133e-04 8.687144e-05 
352 8801 1.238323e-01 0 0 3.019684e-03 4.399543e-04 1.374055e-03 1.300773e-03 2.422558e-04 3.166565e-03 7.871980e-04 3.494835e-04 8.475468e-05 
353 8826 1.210590e-01 0 0 2.999111e-03 4.279179e-04 1.443464e-03 1.307246e-03 2.352452e-04 3.088486e-03 8.242633e-04 3.496954e-04 8.705038e-05 
354 8851 1.190285e-01 0 0 2.840864e-03 4.026899e-04 1.364042e-03 1.306760e-03 2.232032e-04 3.010224e-03 7.774818e-04 3.422573e-04 8.238713e-05 
355 8876 1.088271e-01 0 0 2.612913e-03 3.621589e-04 1.232016e-03 1.188096e-03 2.044978e-04 2.748107e-03 6.989645e-04 3.034446e-04 7.409499e-05 
356 8901 1.174526e-01 0 0 2.833876e-03 3.905249e-04 1.271108e-03 1.259296e-03 2.251206e-04 2.904705e-03 7.290767e-04 3.198874e-04 7.691469e-05 
357 8926 1.120781e-01 0 0 2.683458e-03 3.693034e-04 1.216470e-03 1.157424e-03 2.168823e-04 2.729389e-03 6.936701e-04 2.959811e-04 7.370950e-05 
358 8951 1.030723e-01 0 0 2.392200e-03 3.310561e-04 1.097345e-03 1.069821e-03 1.988462e-04 2.447078e-03 6.277354e-04 2.645756e-04 6.775234e-05 
359 8976 1.076360e-01 0 0 2.530757e-03 3.505733e-04 1.103543e-03 1.166632e-03 2.120221e-04 2.735107e-03 6.340276e-04 2.815031e-04 7.469796e-05 
360 9001 1.184336e-01 0 0 2.691061e-03 4.080734e-04 1.184920e-03 1.341962e-03 2.269588e-04 3.191446e-03 6.774037e-04 3.152467e-04 8.833650e-05 
361 9026 1.086680e-01 0 0 2.413760e-03 3.696877e-04 1.063095e-03 1.232388e-03 2.027258e-04 2.890084e-03 6.006219e-04 2.872758e-04 7.843689e-05 
362 9051 1.034618e-01 0 0 2.261239e-03 3.667473e-04 1.003085e-03 1.187800e-03 1.902392e-04 2.762439e-03 5.646066e-04 2.734511e-04 7.299981e-05 
363 9076 9.486917e-02 0 0 2.036963e-03 3.297684e-04 9.300390e-04 1.040389e-03 1.717117e-04 2.441957e-03 5.248550e-04 2.415496e-04 6.751533e-05 
364 9101 1.037914e-01 0 0 2.239141e-03 3.597246e-04 9.837755e-04 1.183689e-03 1.840883e-04 2.797503e-03 5.626016e-04 2.755870e-04 7.611888e-05 
365 9126 1.124108e-01 0 0 2.364809e-03 3.791458e-04 1.037209e-03 1.250043e-03 1.948060e-04 2.927289e-03 5.971548e-04 2.909772e-04 7.969820e-05 
366 9151 1.287195e-01 0 0 2.697547e-03 4.283458e-04 1.161935e-03 1.388599e-03 2.191368e-04 3.322303e-03 6.669455e-04 3.291654e-04 9.091773e-05 
367 9176 1.352708e-01 0 0 2.790331e-03 4.527706e-04 1.230127e-03 1.488700e-03 2.289758e-04 3.444112e-03 6.991736e-04 3.495683e-04 9.223412e-05 
368 9201 1.353915e-01 0 0 2.781767e-03 4.453506e-04 1.215593e-03 1.477474e-03 2.241356e-04 3.426598e-03 6.843217e-04 3.509456e-04 9.172859e-05 
369 9226 1.432897e-01 0 0 2.840860e-03 4.624432e-04 1.318741e-03 1.538584e-03 2.279535e-04 3.509821e-03 7.103883e-04 3.613076e-04 1.002171e-04 
370 9251 1.465474e-01 0 0 2.917020e-03 4.726032e-04 1.308650e-03 1.625278e-03 2.288114e-04 3.603631e-03 7.153585e-04 3.601886e-04 1.010568e-04 
371 9276 1.538609e-01 0 0 3.011303e-03 4.970236e-04 1.384148e-03 1.734063e-03 2.394843e-04 3.976709e-03 7.634769e-04 3.803914e-04 1.033617e-04 
372 9301 1.716768e-01 0 0 3.291422e-03 5.404913e-04 1.534770e-03 1.898136e-03 2.603933e-04 4.381406e-03 8.581803e-04 4.095737e-04 1.193358e-04 
373 9326 1.671226e-01 0 0 3.329275e-03 5.175453e-04 1.492941e-03 1.823213e-03 2.659308e-04 4.362038e-03 8.499556e-04 3.929975e-04 1.151622e-04 
374 9351 1.638298e-01 0 0 3.216042e-03 4.948127e-04 1.421086e-03 1.750028e-03 2.542051e-04 4.205905e-03 8.282875e-04 3.741889e-04 1.160046e-04 
375 9376 1.583715e-01 0 0 3.087271e-03 4.786198e-04 1.356318e-03 1.660704e-03 2.445422e-04 3.922177e-03 8.049219e-04 3.559539e-04 1.116776e-04 
376 9401 1.595158e-01 0 0 3.008993e-03 4.756828e-04 1.363112e-03 1.645991e-03 2.367965e-04 3.822328e-03 8.024198e-04 3.482098e-04 1.132435e-04 
377 9426 1.305360e-01 0 0 2.395054e-03 3.826666e-04 1.081975e-03 1.313598e-03 1.880826e-04 3.051895e-03 6.345817e-04 2.781274e-04 9.250897e-05 
378 9451 1.298942e-01 0 0 2.390192e-03 3.874007e-04 1.092120e-03 1.288071e-03 1.846812e-04 2.981495e-03 6.206918e-04 2.791978e-04 9.121128e-05 
379 9476 1.262746e-01 0 0 2.286997e-03 3.760415e-04 1.052404e-03 1.245482e-03 1.741035e-04 2.840051e-03 6.051726e-04 2.734722e-04 8.592675e-05 
380 9501 1.177443e-01 0 0 2.127523e-03 3.480483e-04 1.004842e-03 1.161793e-03 1.647565e-04 2.659122e-03 5.729864e-04 2.557914e-04 8.033770e-05 
381 9526 1.191915e-01 0 0 2.159205e-03 3.419433e-04 9.837988e-04 1.142513e-03 1.644896e-04 2.605291e-03 5.588044e-04 2.581830e-04 8.232434e-05 
382 9551 1.239716e-01 0 0 2.153983e-03 3.425836e-04 1.040516e-03 1.189525e-03 1.664347e-04 2.620021e-03 5.666448e-04 2.723136e-04 8.776270e-05 
383 9576 1.268149e-01 0 0 2.123074e-03 3.442036e-04 1.084434e-03 1.185670e-03 1.664839e-04 2.616596e-03 5.816235e-04 2.719044e-04 9.100405e-05 
384 9601 1.230490e-01 0 0 2.019663e-03 3.281936e-04 1.099286e-03 1.207428e-03 1.642915e-04 2.498793e-03 5.545690e-04 2.866562e-04 8.781930e-05 
385 9626 1.336270e-01 0 0 2.139089e-03 3.497102e-04 1.163034e-03 1.332305e-03 1.743037e-04 2.658149e-03 5.843294e-04 3.074318e-04 9.767700e-05 
386 9651 1.514936e-01 0 0 2.403750e-03 3.865286e-04 1.391636e-03 1.615012e-03 1.938381e-04 2.965289e-03 6.728012e-04 3.814735e-04 1.102455e-04 
387 9676 1.708453e-01 0 0 2.840920e-03 4.273832e-04 1.519939e-03 1.839102e-03 2.208871e-04 3.364985e-03 7.320280e-04 4.321196e-04 1.205261e-04 
388 9701 1.814825e-01 0 0 2.956189e-03 4.613523e-04 1.673079e-03 2.068301e-03 2.294634e-04 3.595463e-03 7.726905e-04 4.938799e-04 1.249093e-04 
389 9726 1.851302e-01 0 0 3.018829e-03 4.686200e-04 1.681837e-03 2.166218e-03 2.310128e-04 3.668465e-03 7.799531e-04 5.049268e-04 1.241967e-04 
390 9751 1.741557e-01 0 0 2.809759e-03 4.388063e-04 1.577762e-03 1.992878e-03 2.105223e-04 3.362460e-03 7.495681e-04 4.686274e-04 1.200673e-04 
391 9776 1.693242e-01 0 0 2.760725e-03 4.160090e-04 1.490740e-03 1.889980e-03 2.065962e-04 3.272511e-03 7.066631e-04 4.468733e-04 1.138929e-04 
392 9801 1.684089e-01 0 0 2.671963e-03 4.141025e-04 1.442176e-03 1.842758e-03 1.984321e-04 3.195060e-03 6.977136e-04 4.317773e-04 1.096667e-04 
393 9826 1.614911e-01 0 0 2.630843e-03 3.861278e-04 1.357519e-03 1.718660e-03 1.901370e-04 3.008962e-03 6.664273e-04 4.038669e-04 1.024187e-04 
394 9851 1.603635e-01 0 0 2.628271e-03 3.890200e-04 1.326104e-03 1.661064e-03 1.881512e-04 3.028712e-03 6.799377e-04 3.879785e-04 1.017627e-04 
395 9876 1.584390e-01 0 0 2.609585e-03 3.814555e-04 1.297803e-03 1.617803e-03 1.916239e-04 2.948031e-03 6.821198e-04 3.725593e-04 9.855064e-05 
396 9901 1.429316e-01 0 0 2.398004e-03 3.382972e-04 1.206029e-03 1.454457e-03 1.762828e-04 2.669799e-03 6.248762e-04 3.330534e-04 8.921018e-05 
397 9926 1.410898e-01 0 0 2.453260e-03 3.219200e-04 1.204208e-03 1.499678e-03 1.774275e-04 2.786557e-03 6.139687e-04 3.364873e-04 9.014918e-05 
398 9951 1.459737e-01 0 0 2.533505e-03 3.216651e-04 1.278630e-03 1.548016e-03 1.825181e-04 2.837436e-03 6.504972e-04 3.532374e-04 9.159925e-05 
399 9976 1.329122e-01 0 0 2.338553e-03 2.857311e-04 1.129697e-03 1.366312e-03 1.662494e-04 2.482078e-03 5.842233e-04 3.125421e-04 8.149353e-05 
400 10001 1.431299e-01 0 0 2.619739e-03 3.100930e-04 1.246325e-03 1.540644e-03 1.810925e-04 2.689301e-03 6.219951e-04 3.358352e-04 8.602762e-05 
401 10026 1.499551e-01 0 0 2.883419e-03 3.168122e-04 1.319437e-03 1.602430e-03 1.990120e-04 2.857661e-03 6.505752e-04 3.421819e-04 8.889319e-05 
402 10051 1.505949e-01 0 0 2.839007e-03 3.123475e-04 1.312303e-03 1.645434e-03 1.973897e-04 2.797822e-03 6.334112e-04 3.515039e-04 8.725577e-05 
403 10076 1.485430e-01 0 0 2.792939e-03 3.206207e-04 1.289660e-03 1.619738e-03 1.951650e-04 2.803495e-03 6.156392e-04 3.421574e-04 8.395206e-05 
404 10101 1.659111e-01 0 0 3.181895e-03 3.646746e-04 1.508578e-03 1.844740e-03 2.204282e-04 3.032175e-03 6.976613e-04 4.009144e-04 9.087231e-05 
405 10126 1.666647e-01 0 0 3.167578e-03 3.637688e-04 1.482698e-03 1.850447e-03 2.190643e-04 3.085846e-03 7.029379e-04 3.970655e-04 9.192334e-05 
406 10151 1.729981e-01 0 0 3.339325e-03 3.878436e-04 1.515528e-03 1.903263e-03 2.307740e-04 3.159511e-03 7.111142e-04 4.115142e-04 9.586554e-05 
407 10176 1.716202e-01 0 0 3.295270e-03 3.739790e-04 1.512724e-03 1.923103e-03 2.252259e-04 3.094349e-03 6.887142e-04 4.116132e-04 9.170836e-05 
408 10201 1.752915e-01 0 0 3.331994e-03 3.828664e-04 1.542968e-03 1.933942e-03 2.357242e-04 3.071712e-03 6.939622e-04 4.144967e-04 9.537738e-05 
409 10226 1.913646e-01 0 0 3.583216e-03 4.173587e-04 1.618934e-03 2.085712e-03 2.540516e-04 3.452466e-03 7.342978e-04 4.518379e-04 1.012898e-04 
410 10251 2.127330e-01 0 0 3.932582e-03 4.673349e-04 1.790534e-03 2.239236e-03 2.811133e-04 3.776299e-03 8.398387e-04 4.866679e-04 1.131224e-04 
411 10276 2.020813e-01 0 0 3.679608e-03 4.359105e-04 1.658073e-03 2.113362e-03 2.602279e-04 3.612347e-03 7.977833e-04 4.565347e-04 1.049503e-04 
412 10301 2.016756e-01 0 0 3.595808e-03 4.249400e-04 1.613865e-03 2.033805e-03 2.599294e-04 3.606517e-03 7.823414e-04 4.383256e-04 1.010543e-04 
413 10326 2.245349e-01 0 0 3.880622e-03 5.031383e-04 1.738690e-03 2.252725e-03 2.855598e-04 4.111010e-03 9.072246e-04 4.700840e-04 1.117853e-04 
414 10351 2.569685e-01 0 0 4.425038e-03 5.714932e-04 2.016829e-03 2.656145e-03 3.256126e-04 4.619778e-03 1.038576e-03 5.473169e-04 1.250073e-04 
415 10376 2.831394e-01 0 0 4.866411e-03 6.153396e-04 2.225655e-03 3.043841e-03 3.646837e-04 5.268801e-03 1.128435e-03 6.308964e-04 1.383404e-04 
416 10401 3.390222e-01 0 0 5.954379e-03 7.366121e-04 2.869227e-03 3.734534e-03 4.422333e-04 6.114083e-03 1.494971e-03 7.742939e-04 1.659331e-04 
417 10426 3.955648e-01 0 0 7.046557e-03 8.230521e-04 3.482792e-03 4.308899e-03 5.228768e-04 7.198803e-03 1.831675e-03 8.939305e-04 1.957329e-04 
418 10451 4.071181e-01 0 0 7.464508e-03 8.369904e-04 3.712130e-03 4.405461e-03 5.545542e-04 7.236283e-03 1.926469e-03 9.153450e-04 1.999854e-04 
419 10476 4.096602e-01 0 0 7.939474e-03 8.559436e-04 3.852990e-03 4.539667e-03 5.721758e-04 7.248144e-03 1.986724e-03 9.206848e-04 2.000567e-04 
420 10501 3.653670e-01 0 0 7.021729e-03 7.665544e-04 3.514352e-03 4.053945e-03 5.083670e-04 6.254216e-03 1.829836e-03 8.408625e-04 1.789136e-04 
421 10526 3.647457e-01 0 0 6.780958e-03 8.186503e-04 3.454275e-03 4.058629e-03 4.910400e-04 6.213976e-03 1.796530e-03 8.429854e-04 1.767393e-04 
422 10551 3.313487e-01 0 0 6.106974e-03 7.332086e-04 3.179649e-03 3.943453e-03 4.311917e-04 5.727503e-03 1.607329e-03 8.176981e-04 1.600190e-04 
423 10576 3.589268e-01 0 0 6.573130e-03 7.887823e-04 3.359865e-03 4.302042e-03 4.559665e-04 6.133733e-03 1.708039e-03 8.689629e-04 1.726459e-04 
424 10601 3.832448e-01 0 0 7.100279e-03 8.386319e-04 3.630215e-03 4.789197e-03 4.887261e-04 6.437927e-03 1.803090e-03 9.433853e-04 1.831510e-04 
425 10626 3.886280e-01 0 0 6.992914e-03 8.458573e-04 3.611356e-03 4.753853e-03 4.947179e-04 6.438963e-03 1.828528e-03 9.410733e-04 1.803603e-04 
426 10651 3.689634e-01 0 0 6.451627e-03 8.053597e-04 3.420877e-03 4.352014e-03 4.547627e-04 5.876381e-03 1.802624e-03 8.714263e-04 1.689037e-04 
427 10676 3.861695e-01 0 0 6.582004e-03 8.236832e-04 3.493716e-03 4.424283e-03 4.671554e-04 6.128959e-03 1.847776e-03 8.846224e-04 1.742595e-04 
428 10701 3.751221e-01 0 0 6.296522e-03 7.835526e-04 3.274795e-03 4.198932e-03 4.439676e-04 5.920627e-03 1.726644e-03 8.346644e-04 1.681175e-04 
429 10726 3.809886e-01 0 0 6.554063e-03 7.761641e-04 3.294243e-03 4.216378e-03 4.631036e-04 5.898895e-03 1.764354e-03 8.338523e-04 1.693048e-04 
430 10751 4.162541e-01 0 0 7.111361e-03 8.643761e-04 3.559141e-03 4.591735e-03 5.076814e-04 6.240349e-03 1.912036e-03 9.001280e-04 1.829458e-04 
431 10776 4.635385e-01 0 0 8.055479e-03 9.332456e-04 3.944930e-03 5.433034e-03 5.567145e-04 6.876104e-03 2.057999e-03 1.023692e-03 2.067833e-04 
432 10801 4.618835e-01 0 0 8.016466e-03 9.293184e-04 4.096705e-03 5.644006e-03 5.654269e-04 6.806155e-03 2.143734e-03 1.067652e-03 2.031769e-04 
433 10826 3.831197e-01 0 0 6.396472e-03 8.371894e-04 3.342118e-03 4.626086e-03 4.529242e-04 5.550719e-03 1.770427e-03 8.785868e-04 1.656143e-04 
434 10851 3.683400e-01 0 0 5.973363e-03 7.907407e-04 3.119341e-03 4.247331e-03 4.211940e-04 5.300195e-03 1.672328e-03 8.085603e-04 1.640892e-04 
435 10876 4.124878e-01 0 0 6.571171e-03 8.527427e-04 3.406475e-03 4.602315e-03 4.677002e-04 5.677347e-03 1.806182e-03 8.807658e-04 1.811073e-04 
436 10901 3.510266e-01 0 0 5.697330e-03 7.193624e-04 2.925424e-03 4.141087e-03 4.032855e-04 4.952517e-03 1.502149e-03 7.806244e-04 1.513503e-04 
437 10926 3.436006e-01 0 0 5.588078e-03 6.871361e-04 2.775790e-03 4.008682e-03 3.930317e-04 4.743394e-03 1.424655e-03 7.638016e-04 1.422308e-04 
438 10951 3.203466e-01 0 0 5.072772e-03 6.300035e-04 2.541819e-03 3.632210e-03 3.567316e-04 4.412378e-03 1.300487e-03 6.973931e-04 1.355856e-04 
439 10976 3.632365e-01 0 0 5.725834e-03 7.051626e-04 2.826554e-03 4.117451e-03 3.928757e-04 4.966610e-03 1.465169e-03 7.824764e-04 1.554174e-04 
440 11001 3.626240e-01 0 0 5.669690e-03 6.873220e-04 2.812286e-03 3.983579e-03 3.838020e-04 4.867257e-03 1.417494e-03 7.615657e-04 1.560364e-04 
441 11026 3.596250e-01 0 0 5.573175e-03 6.791138e-04 2.873375e-03 4.022398e-03 3.792062e-04 4.797367e-03 1.418869e-03 8.060062e-04 1.533687e-04 
442 11051 3.346131e-01 0 0 5.192560e-03 6.186402e-04 2.657883e-03 3.840511e-03 3.530884e-04 4.785397e-03 1.280520e-03 7.606457e-04 1.383616e-04 
443 11076 2.987978e-01 0 0 4.576701e-03 5.431599e-04 2.312114e-03 3.317585e-03 3.102924e-04 4.294515e-03 1.133521e-03 6.609555e-04 1.199539e-04 
444 11101 2.901679e-01 0 0 4.448659e-03 5.199804e-04 2.236037e-03 3.195932e-03 3.104213e-04 4.037535e-03 1.111128e-03 6.340818e-04 1.190998e-04 
445 11126 3.141988e-01 0 0 5.164016e-03 5.572325e-04 2.372757e-03 3.434449e-03 3.573544e-04 4.283663e-03 1.224455e-03 6.695685e-04 1.289020e-04 
446 11151 3.389831e-01 0 0 5.961981e-03 5.842022e-04 2.524788e-03 3.689434e-03 4.026405e-04 4.620161e-03 1.296087e-03 7.167845e-04 1.367516e-04 
447 11176 3.835411e-01 0 0 6.864277e-03 6.801199e-04 2.903684e-03 4.200743e-03 4.781524e-04 5.064253e-03 1.442672e-03 8.224765e-04 1.489780e-04 
448 11201 3.754858e-01 0 0 6.584914e-03 6.546988e-04 2.756850e-03 3.958498e-03 4.573540e-04 4.960063e-03 1.398348e-03 7.879740e-04 1.426247e-04 
449 11226 3.072845e-01 0 0 5.358490e-03 5.307636e-04 2.206899e-03 3.208737e-03 3.666469e-04 3.996672e-03 1.142706e-03 6.361280e-04 1.182674e-04 
450 11251 2.991061e-01 0 0 5.288357e-03 5.299271e-04 2.142543e-03 3.062294e-03 3.575211e-04 3.933988e-03 1.130343e-03 6.122702e-04 1.150651e-04 
451 11276 3.275734e-01 0 0 5.918237e-03 5.883908e-04 2.436032e-03 3.465085e-03 4.133587e-04 4.269243e-03 1.227924e-03 6.872613e-04 1.303190e-04 
452 11301 3.120000e-01 0 0 5.585707e-03 5.808576e-04 2.312162e-03 3.320270e-03 3.923923e-04 3.933935e-03 1.183571e-03 6.620955e-04 1.217785e-04 
453 11326 3.046987e-01 0 0 5.320142e-03 5.724183e-04 2.274385e-03 3.163871e-03 3.730622e-04 3.725482e-03 1.145163e-03 6.372191e-04 1.179820e-04 
454 11351 2.857145e-01 0 0 4.958405e-03 5.466749e-04 2.100149e-03 2.902793e-03 3.435757e-04 3.464559e-03 1.075848e-03 5.780462e-04 1.087772e-04 
455 11376 2.850829e-01 0 0 4.867836e-03 5.232143e-04 2.129740e-03 2.903390e-03 3.343017e-04 3.452044e-03 1.062909e-03 5.948766e-04 1.102131e-04 
456 11401 3.004466e-01 0 0 5.246651e-03 5.389939e-04 2.233853e-03 3.007139e-03 3.560107e-04 3.872488e-03 1.091173e-03 6.208019e-04 1.172363e-04 
457 11426 3.186229e-01 0 0 5.885329e-03 5.636743e-04 2.418159e-03 3.213050e-03 3.978773e-04 4.144689e-03 1.146793e-03 6.403020e-04 1.321283e-04 
458 11451 3.101773e-01 0 0 5.767026e-03 5.448463e-04 2.440992e-03 3.104896e-03 3.882436e-04 4.242772e-03 1.166349e-03 6.417430e-04 1.267090e-04 
459 11476 3.232185e-01 0 0 6.180502e-03 5.681275e-04 2.461956e-03 3.096462e-03 4.180415e-04 4.583620e-03 1.209082e-03 6.427746e-04 1.309712e-04 
460 11501 3.428048e-01 0 0 6.480930e-03 5.902221e-04 2.530174e-03 3.197011e-03 4.343825e-04 4.858990e-03 1.271208e-03 6.560616e-04 1.386887e-04 
461 11526 3.147539e-01 0 0 6.066740e-03 5.325697e-04 2.373623e-03 2.958617e-03 4.021543e-04 4.445126e-03 1.172209e-03 5.994290e-04 1.256083e-04 
462 11551 3.005765e-01 0 0 5.731913e-03 5.134396e-04 2.255001e-03 2.784589e-03 3.781378e-04 4.097385e-03 1.109897e-03 5.602984e-04 1.180576e-04 
463 11576 3.235586e-01 0 0 6.050287e-03 5.491717e-04 2.447067e-03 3.068170e-03 3.988218e-04 4.825925e-03 1.216147e-03 6.196253e-04 1.356201e-04 
464 11601 3.063582e-01 0 0 5.656672e-03 5.331732e-04 2.290790e-03 2.947638e-03 3.724589e-04 4.527949e-03 1.123182e-03 5.965765e-04 1.280458e-04 
465 11626 3.061185e-01 0 0 5.585686e-03 5.400016e-04 2.286326e-03 2.889822e-03 3.638247e-04 4.405384e-03 1.113373e-03 5.817074e-04 1.247874e-04 
466 11651 2.912680e-01 0 0 5.175402e-03 5.028054e-04 2.132631e-03 2.704051e-03 3.350025e-04 4.084393e-03 1.027774e-03 5.413532e-04 1.143898e-04 
467 11676 3.058901e-01 0 0 5.279997e-03 5.131395e-04 2.212416e-03 2.780171e-03 3.496855e-04 4.301103e-03 1.053815e-03 5.595716e-04 1.179225e-04 
468 11701 3.207978e-01 0 0 5.455308e-03 5.336442e-04 2.278424e-03 2.805904e-03 3.639958e-04 4.491258e-03 1.066475e-03 5.701734e-04 1.212948e-04 
469 11726 3.100415e-01 0 0 5.575381e-03 5.095608e-04 2.317261e-03 2.769721e-03 3.646353e-04 4.332299e-03 1.033106e-03 5.549356e-04 1.147401e-04 
470 11751 2.777935e-01 0 0 4.831686e-03 4.599090e-04 2.001738e-03 2.447886e-03 3.169019e-04 3.902172e-03 9.053752e-04 4.893824e-04 1.015694e-04 
471 11776 2.632660e-01 0 0 4.528837e-03 4.294114e-04 1.863292e-03 2.311693e-03 3.009331e-04 3.819988e-03 8.517829e-04 4.653751e-04 9.648929e-05 
472 11801 2.541681e-01 0 0 4.260404e-03 4.109161e-04 1.766341e-03 2.208830e-03 2.850749e-04 3.754663e-03 8.283052e-04 4.530235e-04 9.500995e-05 
473 11826 2.402264e-01 0 0 3.939069e-03 3.832814e-04 1.663668e-03 2.048975e-03 2.678732e-04 3.590069e-03 7.874014e-04 4.177915e-04 9.090632e-05 
474 11851 2.400073e-01 0 0 3.799656e-03 3.921965e-04 1.632172e-03 2.043925e-03 2.583413e-04 3.571936e-03 7.884598e-04 4.181201e-04 8.739023e-05 
475 11876 2.579976e-01 0 0 4.057283e-03 4.068411e-04 1.708929e-03 2.198280e-03 2.743531e-04 3.723494e-03 8.335670e-04 4.383579e-04 9.201643e-05 
476 11901 2.685876e-01 0 0 4.299085e-03 4.133568e-04 1.741884e-03 2.266791e-03 2.907560e-04 3.888730e-03 8.488709e-04 4.588378e-04 9.523052e-05 
477 11926 2.828953e-01 0 0 4.389723e-03 4.418859e-04 1.784328e-03 2.335087e-03 2.944963e-04 3.956873e-03 8.962368e-04 4.701224e-04 9.807467e-05 
478 11951 2.725235e-01 0 0 4.077013e-03 4.245555e-04 1.682894e-03 2.198745e-03 2.734506e-04 3.692142e-03 8.557262e-04 4.399920e-04 9.515784e-05 
479 11976 2.423989e-01 0 0 3.552288e-03 3.805451e-04 1.468904e-03 1.899457e-03 2.391935e-04 3.169587e-03 7.552479e-04 3.860546e-04 8.194691e-05 
480 12001 2.331664e-01 0 0 3.421289e-03 3.646372e-04 1.372962e-03 1.793802e-03 2.265701e-04 2.910108e-03 6.933111e-04 3.664948e-04 7.715989e-05 
481 12026 2.398790e-01 0 0 3.484243e-03 3.655714e-04 1.405649e-03 1.907109e-03 2.305183e-04 3.131284e-03 7.207671e-04 3.789054e-04 7.812966e-05 
482 12051 2.403330e-01 0 0 3.556169e-03 3.615679e-04 1.410420e-03 1.932390e-03 2.329598e-04 3.301481e-03 7.621535e-04 3.814009e-04 7.545046e-05 
483 12076 2.350965e-01 0 0 3.387913e-03 3.484275e-04 1.340749e-03 1.883949e-03 2.204722e-04 3.225352e-03 7.467582e-04 3.725041e-04 7.627830e-05 
484 12101 2.421022e-01 0 0 3.621106e-03 3.587242e-04 1.435581e-03 1.975737e-03 2.338211e-04 3.306542e-03 8.013496e-04 3.940505e-04 7.742902e-05 
