%  columns="iteration, evaluation, sigma, max axis length, min axis length, all principal axes lengths (sorted square roots of eigenvalues of C)" (startseed=211056, 2015/08/21 18:24:24.57)
1 26 6.872289e+00 1.001847e+00 3.593859e-02 3.593859e-02 5.072785e-02 5.428638e-02 6.929986e-02 8.030485e-02 8.375560e-02 2.114625e-01 4.529097e-01 1.001847e+00 
2 51 6.174991e+00 9.592350e-01 3.564374e-02 3.564374e-02 5.006897e-02 5.240233e-02 6.835061e-02 7.867763e-02 8.547213e-02 2.044135e-01 4.502626e-01 9.592350e-01 
3 76 5.574572e+00 9.150290e-01 3.614798e-02 3.614798e-02 4.892901e-02 5.189442e-02 6.657475e-02 7.713998e-02 8.407731e-02 2.062867e-01 4.323989e-01 9.150290e-01 
4 101 5.686302e+00 8.709167e-01 3.512106e-02 3.512106e-02 4.983211e-02 5.234154e-02 6.682199e-02 7.655427e-02 8.325669e-02 2.049088e-01 4.441342e-01 8.709167e-01 
5 126 5.505585e+00 8.297114e-01 3.530500e-02 3.530500e-02 4.846213e-02 5.217843e-02 6.577341e-02 7.775418e-02 8.335308e-02 2.022907e-01 4.415489e-01 8.297114e-01 
6 151 5.642734e+00 8.202822e-01 3.447229e-02 3.447229e-02 4.999569e-02 5.179496e-02 6.461288e-02 7.675215e-02 8.220582e-02 1.950484e-01 4.489140e-01 8.202822e-01 
7 176 6.099004e+00 7.931370e-01 3.369393e-02 3.369393e-02 5.082172e-02 5.217909e-02 6.571724e-02 7.596564e-02 8.092095e-02 1.927314e-01 4.524555e-01 7.931370e-01 
8 201 6.435332e+00 7.675136e-01 3.288606e-02 3.288606e-02 5.076947e-02 5.182076e-02 6.408010e-02 7.552516e-02 8.072726e-02 1.890968e-01 4.717178e-01 7.675136e-01 
9 226 6.788922e+00 7.352153e-01 3.288202e-02 3.288202e-02 5.027437e-02 5.160693e-02 6.270496e-02 7.465280e-02 8.079893e-02 1.848165e-01 4.710374e-01 7.352153e-01 
10 251 6.971090e+00 7.207067e-01 3.378016e-02 3.378016e-02 4.993550e-02 5.204076e-02 6.037585e-02 7.396790e-02 8.194106e-02 1.842178e-01 4.594342e-01 7.207067e-01 
11 276 6.784291e+00 7.142567e-01 3.255938e-02 3.255938e-02 4.981604e-02 5.268432e-02 5.856762e-02 7.174284e-02 8.254406e-02 1.805911e-01 4.611864e-01 7.142567e-01 
12 301 6.030985e+00 6.932170e-01 3.178390e-02 3.178390e-02 4.847128e-02 5.116138e-02 5.736725e-02 6.960628e-02 7.937441e-02 1.784206e-01 4.424532e-01 6.932170e-01 
13 326 5.693803e+00 6.892639e-01 3.202760e-02 3.202760e-02 4.676012e-02 5.005440e-02 5.570703e-02 7.008043e-02 7.767206e-02 1.747938e-01 4.368443e-01 6.892639e-01 
14 351 5.867413e+00 6.680627e-01 3.181995e-02 3.181995e-02 4.548293e-02 4.877099e-02 5.397656e-02 6.921059e-02 7.902907e-02 1.750878e-01 4.304095e-01 6.680627e-01 
15 376 5.428290e+00 6.557403e-01 3.087285e-02 3.087285e-02 4.361475e-02 4.754502e-02 5.347381e-02 6.662050e-02 7.724681e-02 1.707264e-01 4.249419e-01 6.557403e-01 
16 401 4.801671e+00 6.400933e-01 3.045324e-02 3.045324e-02 4.326106e-02 4.750782e-02 5.232740e-02 6.511465e-02 7.495228e-02 1.700130e-01 4.256643e-01 6.400933e-01 
17 426 5.144127e+00 6.504644e-01 2.978510e-02 2.978510e-02 4.231108e-02 4.748805e-02 5.146094e-02 6.519862e-02 7.354922e-02 1.694482e-01 4.316079e-01 6.504644e-01 
18 451 6.003927e+00 6.717607e-01 2.956240e-02 2.956240e-02 4.183834e-02 4.662516e-02 5.150718e-02 6.518954e-02 7.373304e-02 1.681365e-01 4.210109e-01 6.717607e-01 
19 476 6.566388e+00 6.568439e-01 2.890502e-02 2.890502e-02 4.076760e-02 4.491666e-02 5.058370e-02 6.892713e-02 7.713571e-02 1.668551e-01 4.063045e-01 6.568439e-01 
20 501 6.740847e+00 6.389235e-01 2.834883e-02 2.834883e-02 4.142565e-02 4.365759e-02 4.868640e-02 6.894399e-02 7.554735e-02 1.653749e-01 4.080728e-01 6.389235e-01 
21 526 6.583498e+00 6.243157e-01 2.782226e-02 2.782226e-02 4.055953e-02 4.260468e-02 4.966889e-02 6.738263e-02 7.523032e-02 1.662615e-01 3.984969e-01 6.243157e-01 
22 551 5.466305e+00 6.154663e-01 2.685313e-02 2.685313e-02 3.959013e-02 4.186783e-02 4.931061e-02 6.513011e-02 7.242554e-02 1.615312e-01 3.871727e-01 6.154663e-01 
23 576 5.095216e+00 6.082233e-01 2.596259e-02 2.596259e-02 3.961615e-02 4.125339e-02 4.820013e-02 6.260824e-02 7.032375e-02 1.591476e-01 3.832270e-01 6.082233e-01 
24 601 4.451710e+00 6.020632e-01 2.549459e-02 2.549459e-02 3.906836e-02 4.121441e-02 4.675192e-02 6.110343e-02 6.997895e-02 1.556661e-01 3.744381e-01 6.020632e-01 
25 626 4.392605e+00 5.902728e-01 2.448816e-02 2.448816e-02 3.820063e-02 4.073031e-02 4.662763e-02 5.935873e-02 6.755771e-02 1.566588e-01 3.639241e-01 5.902728e-01 
26 651 4.215959e+00 5.694010e-01 2.457464e-02 2.457464e-02 3.668388e-02 3.881176e-02 4.580083e-02 5.767648e-02 6.646958e-02 1.550938e-01 3.502039e-01 5.694010e-01 
27 676 3.986870e+00 5.847743e-01 2.463864e-02 2.463864e-02 3.493277e-02 3.811535e-02 4.481400e-02 5.596693e-02 6.565263e-02 1.553573e-01 3.431350e-01 5.847743e-01 
28 701 3.825283e+00 5.857583e-01 2.389313e-02 2.389313e-02 3.475805e-02 3.741814e-02 4.506188e-02 5.438771e-02 6.356537e-02 1.514288e-01 3.384494e-01 5.857583e-01 
29 726 3.885655e+00 5.653331e-01 2.323482e-02 2.323482e-02 3.354773e-02 3.858053e-02 4.352246e-02 5.258059e-02 6.576326e-02 1.484343e-01 3.320486e-01 5.653331e-01 
30 751 3.638700e+00 5.480670e-01 2.252039e-02 2.252039e-02 3.315503e-02 3.931980e-02 4.244448e-02 5.097003e-02 6.556726e-02 1.441241e-01 3.266137e-01 5.480670e-01 
31 776 3.717566e+00 5.456589e-01 2.265336e-02 2.265336e-02 3.181451e-02 3.845449e-02 4.103593e-02 4.892257e-02 7.124403e-02 1.397993e-01 3.248498e-01 5.456589e-01 
32 801 4.116816e+00 5.548836e-01 2.252618e-02 2.252618e-02 3.052033e-02 3.767608e-02 4.015011e-02 4.836552e-02 7.851793e-02 1.347571e-01 3.180117e-01 5.548836e-01 
33 826 3.773344e+00 5.388335e-01 2.327006e-02 2.327006e-02 2.944663e-02 3.649585e-02 3.838497e-02 4.792668e-02 8.010487e-02 1.315495e-01 3.144068e-01 5.388335e-01 
34 851 3.346836e+00 5.301831e-01 2.299762e-02 2.299762e-02 2.882815e-02 3.554718e-02 3.773553e-02 4.712999e-02 7.866357e-02 1.268656e-01 3.065587e-01 5.301831e-01 
35 876 3.294084e+00 5.202009e-01 2.222160e-02 2.222160e-02 2.771820e-02 3.506815e-02 3.703703e-02 4.751876e-02 7.718127e-02 1.291266e-01 3.073864e-01 5.202009e-01 
36 901 3.529203e+00 5.172569e-01 2.136919e-02 2.136919e-02 2.691301e-02 3.408658e-02 3.598799e-02 4.694746e-02 7.520231e-02 1.305196e-01 3.238594e-01 5.172569e-01 
37 926 3.290006e+00 5.110774e-01 2.129612e-02 2.129612e-02 2.589210e-02 3.358200e-02 3.512665e-02 4.597051e-02 7.395152e-02 1.299703e-01 3.184835e-01 5.110774e-01 
38 951 3.047741e+00 4.953619e-01 2.135857e-02 2.135857e-02 2.504247e-02 3.319926e-02 3.468509e-02 4.442817e-02 7.200427e-02 1.284998e-01 3.197498e-01 4.953619e-01 
39 976 2.908514e+00 4.823838e-01 2.094037e-02 2.094037e-02 2.415914e-02 3.194582e-02 3.407414e-02 4.334590e-02 7.093572e-02 1.299185e-01 3.212504e-01 4.823838e-01 
40 1001 2.968950e+00 4.693992e-01 2.025910e-02 2.025910e-02 2.347049e-02 3.073357e-02 3.301046e-02 4.303020e-02 6.935059e-02 1.365112e-01 3.199191e-01 4.693992e-01 
41 1026 2.840340e+00 4.627523e-01 2.017711e-02 2.017711e-02 2.281008e-02 3.032710e-02 3.199201e-02 4.334249e-02 6.925881e-02 1.377413e-01 3.163587e-01 4.627523e-01 
42 1051 2.958691e+00 4.476121e-01 1.953011e-02 1.953011e-02 2.232679e-02 3.146900e-02 3.231401e-02 4.249776e-02 6.681865e-02 1.472624e-01 3.101551e-01 4.476121e-01 
43 1076 2.981564e+00 4.294062e-01 1.872986e-02 1.872986e-02 2.182501e-02 3.203425e-02 3.308560e-02 4.401920e-02 6.510956e-02 1.528195e-01 3.164383e-01 4.294062e-01 
44 1101 2.740115e+00 4.244546e-01 1.818037e-02 1.818037e-02 2.123776e-02 3.141978e-02 3.264935e-02 4.228865e-02 6.338524e-02 1.521680e-01 3.157097e-01 4.244546e-01 
45 1126 2.936262e+00 4.334605e-01 1.756263e-02 1.756263e-02 2.068759e-02 3.042964e-02 3.208950e-02 4.152079e-02 6.312018e-02 1.524081e-01 3.345972e-01 4.334605e-01 
46 1151 2.949079e+00 4.396383e-01 1.723572e-02 1.723572e-02 2.007865e-02 2.975206e-02 3.423845e-02 4.059931e-02 6.422160e-02 1.528058e-01 3.401367e-01 4.396383e-01 
47 1176 3.070072e+00 4.320123e-01 1.659343e-02 1.659343e-02 1.930935e-02 2.974665e-02 3.484314e-02 4.029594e-02 6.701322e-02 1.579191e-01 3.474916e-01 4.320123e-01 
48 1201 3.217033e+00 4.524984e-01 1.612256e-02 1.612256e-02 1.899814e-02 2.937627e-02 3.417928e-02 4.017061e-02 6.776165e-02 1.583970e-01 3.412465e-01 4.524984e-01 
49 1226 3.038265e+00 4.697664e-01 1.559472e-02 1.559472e-02 1.866866e-02 2.821865e-02 3.533093e-02 3.899741e-02 6.846314e-02 1.557490e-01 3.352592e-01 4.697664e-01 
50 1251 3.544816e+00 5.013151e-01 1.512058e-02 1.512058e-02 1.837399e-02 2.811611e-02 3.445682e-02 3.879425e-02 6.897172e-02 1.560392e-01 3.358875e-01 5.013151e-01 
51 1276 3.522137e+00 5.052830e-01 1.468804e-02 1.468804e-02 1.824613e-02 2.714628e-02 3.415003e-02 3.771020e-02 6.941319e-02 1.549091e-01 3.348958e-01 5.052830e-01 
52 1301 3.512387e+00 4.879954e-01 1.426569e-02 1.426569e-02 1.861254e-02 2.662193e-02 3.328772e-02 3.902257e-02 7.059498e-02 1.559170e-01 3.372540e-01 4.879954e-01 
53 1326 3.417400e+00 4.692602e-01 1.448349e-02 1.448349e-02 1.891675e-02 2.592815e-02 3.228925e-02 3.959940e-02 6.991212e-02 1.593294e-01 3.333911e-01 4.692602e-01 
54 1351 3.321177e+00 4.558377e-01 1.403245e-02 1.403245e-02 1.875202e-02 2.531568e-02 3.117267e-02 3.845876e-02 6.887680e-02 1.578706e-01 3.489956e-01 4.558377e-01 
55 1376 3.044838e+00 4.589017e-01 1.354413e-02 1.354413e-02 1.846405e-02 2.492237e-02 3.073191e-02 3.723340e-02 6.706179e-02 1.556526e-01 3.590779e-01 4.589017e-01 
56 1401 2.793424e+00 4.502410e-01 1.322282e-02 1.322282e-02 1.836578e-02 2.437681e-02 2.932611e-02 3.603234e-02 6.552482e-02 1.526186e-01 3.592420e-01 4.502410e-01 
57 1426 2.886989e+00 4.470652e-01 1.287136e-02 1.287136e-02 1.892147e-02 2.366084e-02 2.942987e-02 3.856813e-02 6.595710e-02 1.506250e-01 3.549434e-01 4.470652e-01 
58 1451 2.823653e+00 4.428247e-01 1.251354e-02 1.251354e-02 1.848095e-02 2.371369e-02 2.845465e-02 3.740974e-02 6.582587e-02 1.462633e-01 3.449694e-01 4.428247e-01 
59 1476 2.510411e+00 4.324780e-01 1.191861e-02 1.191861e-02 1.928305e-02 2.337371e-02 2.944538e-02 3.685690e-02 6.418880e-02 1.437238e-01 3.350352e-01 4.324780e-01 
60 1501 2.249333e+00 4.363792e-01 1.138027e-02 1.138027e-02 1.935378e-02 2.289344e-02 2.856151e-02 3.543303e-02 6.520713e-02 1.429242e-01 3.247179e-01 4.363792e-01 
61 1526 2.208746e+00 4.272982e-01 1.084556e-02 1.084556e-02 1.966112e-02 2.295941e-02 3.072263e-02 3.412753e-02 6.418925e-02 1.365084e-01 3.154543e-01 4.272982e-01 
62 1551 2.060540e+00 4.178600e-01 1.047188e-02 1.047188e-02 1.948819e-02 2.232303e-02 3.065775e-02 3.299176e-02 6.296566e-02 1.356119e-01 3.066060e-01 4.178600e-01 
63 1576 1.743456e+00 4.034324e-01 1.005424e-02 1.005424e-02 1.908505e-02 2.193882e-02 2.972557e-02 3.341638e-02 6.169692e-02 1.347821e-01 3.092439e-01 4.034324e-01 
64 1601 1.708358e+00 3.965831e-01 9.664724e-03 9.664724e-03 1.894368e-02 2.185365e-02 3.063338e-02 3.395580e-02 6.137959e-02 1.338378e-01 2.970569e-01 3.965831e-01 
65 1626 1.651450e+00 4.221288e-01 9.330116e-03 9.330116e-03 1.881351e-02 2.191788e-02 3.014510e-02 3.380529e-02 6.011820e-02 1.320335e-01 2.895333e-01 4.221288e-01 
66 1651 1.669835e+00 4.327821e-01 9.060971e-03 9.060971e-03 1.821465e-02 2.151924e-02 3.017216e-02 3.386634e-02 5.827367e-02 1.309530e-01 2.956150e-01 4.327821e-01 
67 1676 1.577507e+00 4.385273e-01 8.710647e-03 8.710647e-03 1.870163e-02 2.091265e-02 3.010666e-02 3.328847e-02 5.893741e-02 1.329686e-01 2.906186e-01 4.385273e-01 
68 1701 1.406150e+00 4.265203e-01 8.341515e-03 8.341515e-03 1.835101e-02 2.091447e-02 2.915615e-02 3.227195e-02 5.887609e-02 1.432391e-01 2.854246e-01 4.265203e-01 
69 1726 1.360581e+00 4.244343e-01 7.945925e-03 7.945925e-03 1.815728e-02 2.080305e-02 2.885054e-02 3.157957e-02 5.914061e-02 1.415214e-01 2.761418e-01 4.244343e-01 
70 1751 1.275935e+00 4.226012e-01 7.564908e-03 7.564908e-03 1.771342e-02 2.062460e-02 2.781788e-02 3.223784e-02 5.952150e-02 1.391416e-01 2.718696e-01 4.226012e-01 
71 1776 1.232752e+00 4.141505e-01 7.235291e-03 7.235291e-03 1.767229e-02 1.976189e-02 2.681472e-02 3.124892e-02 6.179478e-02 1.378406e-01 2.763054e-01 4.141505e-01 
72 1801 1.277348e+00 4.159121e-01 6.907763e-03 6.907763e-03 1.795853e-02 1.932925e-02 2.600099e-02 3.108101e-02 6.713612e-02 1.393957e-01 2.657075e-01 4.159121e-01 
73 1826 1.232085e+00 4.127312e-01 6.602384e-03 6.602384e-03 1.791553e-02 1.887207e-02 2.574253e-02 3.114415e-02 6.793425e-02 1.452507e-01 2.672590e-01 4.127312e-01 
74 1851 1.313263e+00 4.173102e-01 6.289117e-03 6.289117e-03 1.718782e-02 1.840583e-02 2.499762e-02 3.154978e-02 6.861494e-02 1.496224e-01 2.698742e-01 4.173102e-01 
75 1876 1.226825e+00 4.168896e-01 6.020651e-03 6.020651e-03 1.685985e-02 1.781909e-02 2.403769e-02 3.113653e-02 6.659057e-02 1.532755e-01 2.634687e-01 4.168896e-01 
76 1901 1.275790e+00 4.109939e-01 5.764661e-03 5.764661e-03 1.657281e-02 1.822809e-02 2.408793e-02 3.095345e-02 6.515308e-02 1.579432e-01 2.575511e-01 4.109939e-01 
77 1926 1.554366e+00 4.024556e-01 5.574156e-03 5.574156e-03 1.650450e-02 1.780924e-02 2.366064e-02 3.045962e-02 6.345667e-02 1.712407e-01 2.561061e-01 4.024556e-01 
78 1951 1.874625e+00 4.095994e-01 5.402852e-03 5.402852e-03 1.620323e-02 1.758435e-02 2.322069e-02 3.056413e-02 7.179385e-02 1.689884e-01 2.580084e-01 4.095994e-01 
79 1976 1.840643e+00 4.154383e-01 5.193685e-03 5.193685e-03 1.597472e-02 1.740734e-02 2.253381e-02 3.005638e-02 7.630617e-02 1.658513e-01 2.525853e-01 4.154383e-01 
80 2001 1.910843e+00 4.120921e-01 4.963318e-03 4.963318e-03 1.567595e-02 1.713443e-02 2.213170e-02 2.999044e-02 7.892169e-02 1.607118e-01 2.592368e-01 4.120921e-01 
81 2026 1.681411e+00 4.023517e-01 4.768014e-03 4.768014e-03 1.509327e-02 1.670133e-02 2.146426e-02 3.018571e-02 7.734146e-02 1.637899e-01 2.570027e-01 4.023517e-01 
82 2051 1.763072e+00 3.894355e-01 4.587147e-03 4.587147e-03 1.473084e-02 1.738430e-02 2.125860e-02 3.045816e-02 7.835893e-02 1.575667e-01 2.524209e-01 3.894355e-01 
83 2076 1.821103e+00 3.801142e-01 4.417173e-03 4.417173e-03 1.447050e-02 1.679919e-02 2.059948e-02 2.999840e-02 8.239896e-02 1.531592e-01 2.509899e-01 3.801142e-01 
84 2101 2.077297e+00 3.785954e-01 4.215560e-03 4.215560e-03 1.476140e-02 1.692421e-02 2.001552e-02 2.951190e-02 8.495226e-02 1.485844e-01 2.524991e-01 3.785954e-01 
85 2126 2.170803e+00 3.762254e-01 4.167354e-03 4.167354e-03 1.476660e-02 1.628534e-02 1.972657e-02 2.969257e-02 8.681623e-02 1.456689e-01 2.508449e-01 3.762254e-01 
86 2151 2.375005e+00 3.614623e-01 4.069991e-03 4.069991e-03 1.483886e-02 1.585050e-02 1.934211e-02 2.867191e-02 8.721974e-02 1.479423e-01 2.604585e-01 3.614623e-01 
87 2176 2.374070e+00 3.521244e-01 3.924052e-03 3.924052e-03 1.462220e-02 1.519925e-02 1.920945e-02 2.809860e-02 8.616412e-02 1.455015e-01 2.543580e-01 3.521244e-01 
88 2201 2.445671e+00 3.425216e-01 3.811926e-03 3.811926e-03 1.433954e-02 1.470829e-02 1.886038e-02 2.852228e-02 8.581673e-02 1.447714e-01 2.536673e-01 3.425216e-01 
89 2226 2.404839e+00 3.290885e-01 3.687956e-03 3.687956e-03 1.420919e-02 1.452253e-02 1.875901e-02 2.828316e-02 8.577738e-02 1.450779e-01 2.493158e-01 3.290885e-01 
90 2251 2.098558e+00 3.275016e-01 3.557121e-03 3.557121e-03 1.400385e-02 1.446923e-02 1.808344e-02 2.885686e-02 8.580501e-02 1.426591e-01 2.433720e-01 3.275016e-01 
91 2276 2.236191e+00 3.285557e-01 3.406589e-03 3.406589e-03 1.369373e-02 1.403985e-02 1.773229e-02 2.812801e-02 8.708677e-02 1.422766e-01 2.368563e-01 3.285557e-01 
92 2301 1.946829e+00 3.263701e-01 3.291164e-03 3.291164e-03 1.341309e-02 1.374462e-02 1.763063e-02 2.715193e-02 8.604726e-02 1.403032e-01 2.352638e-01 3.263701e-01 
93 2326 1.903122e+00 3.238942e-01 3.176074e-03 3.176074e-03 1.322496e-02 1.361934e-02 1.755498e-02 2.704515e-02 8.657209e-02 1.393136e-01 2.445708e-01 3.238942e-01 
94 2351 1.989533e+00 3.331552e-01 3.030717e-03 3.030717e-03 1.273828e-02 1.385866e-02 1.751251e-02 2.666499e-02 8.318464e-02 1.348504e-01 2.473403e-01 3.331552e-01 
95 2376 2.149716e+00 3.433344e-01 2.907451e-03 2.907451e-03 1.247185e-02 1.383170e-02 1.743648e-02 2.767750e-02 8.213933e-02 1.361583e-01 2.483010e-01 3.433344e-01 
96 2401 2.046810e+00 3.361708e-01 2.816634e-03 2.816634e-03 1.234495e-02 1.362007e-02 1.736258e-02 2.725343e-02 8.120335e-02 1.337856e-01 2.536243e-01 3.361708e-01 
97 2426 1.980821e+00 3.352672e-01 2.743745e-03 2.743745e-03 1.223921e-02 1.340502e-02 1.685415e-02 2.696811e-02 7.975134e-02 1.317991e-01 2.482045e-01 3.352672e-01 
98 2451 2.152982e+00 3.319428e-01 2.640305e-03 2.640305e-03 1.209419e-02 1.323830e-02 1.715848e-02 2.651858e-02 7.997353e-02 1.305666e-01 2.535724e-01 3.319428e-01 
99 2476 2.121714e+00 3.208125e-01 2.561024e-03 2.561024e-03 1.177112e-02 1.296558e-02 1.698503e-02 2.679664e-02 7.884716e-02 1.248510e-01 2.553176e-01 3.208125e-01 
100 2501 1.801487e+00 3.197707e-01 2.485603e-03 2.485603e-03 1.140727e-02 1.249011e-02 1.662947e-02 2.638849e-02 7.767393e-02 1.198701e-01 2.573736e-01 3.197707e-01 
101 2526 1.783116e+00 3.095297e-01 2.378535e-03 2.378535e-03 1.146806e-02 1.213008e-02 1.629250e-02 2.632548e-02 7.666182e-02 1.209235e-01 2.567301e-01 3.095297e-01 
102 2551 1.756525e+00 3.030912e-01 2.307887e-03 2.307887e-03 1.106123e-02 1.178758e-02 1.616930e-02 2.604166e-02 7.362725e-02 1.203531e-01 2.553729e-01 3.030912e-01 
103 2576 1.659818e+00 3.051565e-01 2.237756e-03 2.237756e-03 1.061808e-02 1.162159e-02 1.610156e-02 2.510465e-02 7.140909e-02 1.185139e-01 2.466549e-01 3.051565e-01 
104 2601 1.676067e+00 3.074831e-01 2.179088e-03 2.179088e-03 1.044283e-02 1.157990e-02 1.576094e-02 2.507290e-02 7.207522e-02 1.149667e-01 2.390961e-01 3.074831e-01 
105 2626 1.650485e+00 3.082908e-01 2.095065e-03 2.095065e-03 1.048295e-02 1.180833e-02 1.557775e-02 2.544613e-02 7.144680e-02 1.126335e-01 2.325601e-01 3.082908e-01 
106 2651 1.531904e+00 3.032521e-01 2.015507e-03 2.015507e-03 1.048005e-02 1.169941e-02 1.527288e-02 2.612582e-02 7.047698e-02 1.092667e-01 2.316867e-01 3.032521e-01 
107 2676 1.418163e+00 2.984356e-01 1.919807e-03 1.919807e-03 1.060817e-02 1.191477e-02 1.501712e-02 2.686664e-02 6.841728e-02 1.091039e-01 2.259257e-01 2.984356e-01 
108 2701 1.257245e+00 2.906622e-01 1.843131e-03 1.843131e-03 1.063379e-02 1.165176e-02 1.490644e-02 2.629423e-02 6.748368e-02 1.069116e-01 2.270826e-01 2.906622e-01 
109 2726 1.335765e+00 2.827828e-01 1.762916e-03 1.762916e-03 1.068764e-02 1.207517e-02 1.479639e-02 2.769581e-02 6.628199e-02 1.097999e-01 2.218032e-01 2.827828e-01 
110 2751 1.617484e+00 2.858403e-01 1.710241e-03 1.710241e-03 1.069764e-02 1.190046e-02 1.446533e-02 2.994130e-02 6.556375e-02 1.062020e-01 2.174972e-01 2.858403e-01 
111 2776 1.774577e+00 2.805688e-01 1.646284e-03 1.646284e-03 1.067622e-02 1.170745e-02 1.415070e-02 3.210223e-02 6.637711e-02 1.053152e-01 2.134319e-01 2.805688e-01 
112 2801 1.818555e+00 2.721915e-01 1.578538e-03 1.578538e-03 1.055549e-02 1.158221e-02 1.403449e-02 3.104402e-02 6.488093e-02 1.058190e-01 2.059459e-01 2.721915e-01 
113 2826 1.668906e+00 2.604805e-01 1.512796e-03 1.512796e-03 1.048170e-02 1.154892e-02 1.375113e-02 3.095761e-02 6.249658e-02 1.034206e-01 1.999097e-01 2.604805e-01 
114 2851 1.864607e+00 2.557370e-01 1.457470e-03 1.457470e-03 1.038940e-02 1.209311e-02 1.343469e-02 3.171532e-02 6.174098e-02 1.087809e-01 1.962353e-01 2.557370e-01 
115 2876 1.790734e+00 2.483137e-01 1.434178e-03 1.434178e-03 1.018554e-02 1.215936e-02 1.284717e-02 3.243138e-02 5.997845e-02 1.095283e-01 1.966732e-01 2.483137e-01 
116 2901 1.689528e+00 2.436705e-01 1.382311e-03 1.382311e-03 1.031236e-02 1.220650e-02 1.266845e-02 3.193420e-02 5.925758e-02 1.090392e-01 1.914934e-01 2.436705e-01 
117 2926 1.491394e+00 2.429796e-01 1.347062e-03 1.347062e-03 1.012707e-02 1.217287e-02 1.235285e-02 3.110928e-02 5.845006e-02 1.079143e-01 1.857282e-01 2.429796e-01 
118 2951 1.389548e+00 2.378058e-01 1.309941e-03 1.309941e-03 9.964223e-03 1.175362e-02 1.250439e-02 3.080082e-02 5.954361e-02 1.050328e-01 1.852664e-01 2.378058e-01 
119 2976 1.377549e+00 2.349527e-01 1.255601e-03 1.255601e-03 9.731727e-03 1.159773e-02 1.259046e-02 2.999767e-02 6.225483e-02 1.025237e-01 1.780620e-01 2.349527e-01 
120 3001 1.388015e+00 2.324709e-01 1.214332e-03 1.214332e-03 9.355082e-03 1.160794e-02 1.272949e-02 3.072142e-02 6.115694e-02 9.989183e-02 1.729729e-01 2.324709e-01 
121 3026 1.253642e+00 2.258134e-01 1.183819e-03 1.183819e-03 8.927165e-03 1.174219e-02 1.258870e-02 3.006137e-02 6.086095e-02 9.840326e-02 1.745716e-01 2.258134e-01 
122 3051 1.127522e+00 2.289039e-01 1.141780e-03 1.141780e-03 9.001525e-03 1.147782e-02 1.254240e-02 2.998842e-02 5.906647e-02 9.509453e-02 1.684121e-01 2.289039e-01 
123 3076 1.113672e+00 2.240131e-01 1.118959e-03 1.118959e-03 8.748537e-03 1.145736e-02 1.236305e-02 3.133291e-02 5.683781e-02 9.392733e-02 1.609386e-01 2.240131e-01 
124 3101 1.180879e+00 2.280348e-01 1.075606e-03 1.075606e-03 8.572799e-03 1.118916e-02 1.212190e-02 3.201308e-02 5.739308e-02 9.282582e-02 1.578437e-01 2.280348e-01 
125 3126 1.262566e+00 2.211107e-01 1.030163e-03 1.030163e-03 8.629420e-03 1.126129e-02 1.183326e-02 3.226081e-02 5.531719e-02 9.201958e-02 1.614156e-01 2.211107e-01 
126 3151 1.340889e+00 2.202465e-01 9.932334e-04 9.932334e-04 8.272381e-03 1.126259e-02 1.162043e-02 3.232247e-02 5.330612e-02 9.545854e-02 1.560779e-01 2.202465e-01 
127 3176 1.507272e+00 2.133119e-01 9.718946e-04 9.718946e-04 8.396771e-03 1.092672e-02 1.154828e-02 3.249214e-02 5.238705e-02 9.959034e-02 1.528752e-01 2.133119e-01 
128 3201 1.476874e+00 2.113147e-01 9.496613e-04 9.496613e-04 8.128085e-03 1.044558e-02 1.142018e-02 3.271552e-02 5.037355e-02 1.002160e-01 1.464777e-01 2.113147e-01 
129 3226 1.666484e+00 2.165099e-01 9.227217e-04 9.227217e-04 8.441628e-03 1.094045e-02 1.173914e-02 3.310505e-02 4.854236e-02 9.874857e-02 1.426286e-01 2.165099e-01 
130 3251 1.694908e+00 2.117595e-01 9.167485e-04 9.167485e-04 8.224609e-03 1.087343e-02 1.174885e-02 3.286010e-02 4.763808e-02 9.553677e-02 1.498014e-01 2.117595e-01 
131 3276 1.609965e+00 2.076956e-01 8.860873e-04 8.860873e-04 7.963024e-03 1.072837e-02 1.184898e-02 3.272310e-02 4.814387e-02 9.246300e-02 1.455039e-01 2.076956e-01 
132 3301 1.483134e+00 2.013003e-01 8.579886e-04 8.579886e-04 7.799888e-03 1.084043e-02 1.152653e-02 3.179183e-02 4.650507e-02 9.312071e-02 1.411483e-01 2.013003e-01 
133 3326 1.381619e+00 1.992961e-01 8.266914e-04 8.266914e-04 7.616642e-03 1.058518e-02 1.116450e-02 3.140849e-02 4.658773e-02 9.023410e-02 1.394402e-01 1.992961e-01 
134 3351 1.449426e+00 1.992341e-01 7.900120e-04 7.900120e-04 7.463158e-03 1.092830e-02 1.150476e-02 3.083472e-02 4.644634e-02 8.929684e-02 1.361369e-01 1.992341e-01 
135 3376 1.400307e+00 1.977446e-01 7.768056e-04 7.768056e-04 7.357642e-03 1.063147e-02 1.146860e-02 3.310570e-02 4.498742e-02 8.605145e-02 1.356923e-01 1.977446e-01 
136 3401 1.368098e+00 1.974186e-01 7.542218e-04 7.542218e-04 7.286296e-03 1.057350e-02 1.134155e-02 3.211265e-02 4.315792e-02 8.435947e-02 1.316084e-01 1.974186e-01 
137 3426 1.462311e+00 1.929689e-01 7.298713e-04 7.298713e-04 7.622040e-03 1.084411e-02 1.133400e-02 3.191914e-02 4.165555e-02 8.389457e-02 1.339290e-01 1.929689e-01 
138 3451 1.317764e+00 1.936012e-01 7.000703e-04 7.000703e-04 7.447699e-03 1.060917e-02 1.096598e-02 3.097828e-02 4.214201e-02 8.424181e-02 1.305283e-01 1.936012e-01 
139 3476 1.119002e+00 1.879475e-01 6.679346e-04 6.679346e-04 7.318927e-03 1.029140e-02 1.058818e-02 2.967469e-02 4.149160e-02 8.181226e-02 1.293550e-01 1.879475e-01 
140 3501 1.080413e+00 1.827578e-01 6.416795e-04 6.416795e-04 7.461059e-03 1.013465e-02 1.019050e-02 2.875324e-02 4.111772e-02 7.853203e-02 1.275373e-01 1.827578e-01 
141 3526 9.892828e-01 1.827563e-01 6.324294e-04 6.324294e-04 7.590299e-03 9.929947e-03 1.058585e-02 2.906713e-02 4.112624e-02 7.635401e-02 1.240321e-01 1.827563e-01 
142 3551 9.562908e-01 1.836682e-01 6.078486e-04 6.078486e-04 7.343360e-03 1.024804e-02 1.037145e-02 2.847102e-02 3.983463e-02 7.541656e-02 1.214288e-01 1.836682e-01 
143 3576 9.375118e-01 1.788734e-01 5.898463e-04 5.898463e-04 7.149653e-03 9.987388e-03 1.011358e-02 2.860589e-02 4.128997e-02 7.452560e-02 1.250848e-01 1.788734e-01 
144 3601 9.601800e-01 1.728277e-01 5.655623e-04 5.655623e-04 7.096170e-03 9.645105e-03 1.010317e-02 2.887436e-02 4.126530e-02 7.339241e-02 1.218053e-01 1.728277e-01 
145 3626 1.099442e+00 1.653570e-01 5.489892e-04 5.489892e-04 7.036482e-03 9.374201e-03 1.081704e-02 2.785381e-02 4.188525e-02 7.393613e-02 1.174447e-01 1.653570e-01 
146 3651 1.139773e+00 1.624045e-01 5.324419e-04 5.324419e-04 6.802184e-03 9.127520e-03 1.069134e-02 2.680619e-02 4.300135e-02 7.220477e-02 1.137374e-01 1.624045e-01 
147 3676 1.087406e+00 1.575450e-01 5.216482e-04 5.216482e-04 6.660056e-03 8.868715e-03 1.080853e-02 2.623177e-02 4.248107e-02 7.085418e-02 1.113024e-01 1.575450e-01 
148 3701 1.065012e+00 1.618365e-01 5.306524e-04 5.306524e-04 6.720140e-03 8.632852e-03 1.077888e-02 2.647492e-02 4.142609e-02 6.811795e-02 1.089563e-01 1.618365e-01 
149 3726 9.832895e-01 1.585139e-01 5.141228e-04 5.141228e-04 6.516582e-03 8.464616e-03 1.074421e-02 2.695483e-02 4.030351e-02 6.612898e-02 1.082727e-01 1.585139e-01 
150 3751 9.232263e-01 1.628295e-01 4.908567e-04 4.908567e-04 6.532610e-03 8.432425e-03 1.072806e-02 2.737236e-02 3.876601e-02 6.659906e-02 1.072090e-01 1.628295e-01 
151 3776 8.871610e-01 1.611822e-01 4.730845e-04 4.730845e-04 6.365621e-03 8.154305e-03 1.065386e-02 2.741234e-02 3.787908e-02 6.563123e-02 1.031726e-01 1.611822e-01 
152 3801 9.496625e-01 1.608058e-01 4.615977e-04 4.615977e-04 6.658200e-03 7.947744e-03 1.065888e-02 2.677839e-02 3.642659e-02 6.826495e-02 1.049841e-01 1.608058e-01 
153 3826 9.156648e-01 1.600433e-01 4.476033e-04 4.476033e-04 6.528938e-03 7.769840e-03 1.055547e-02 2.636571e-02 3.572561e-02 6.621750e-02 1.044340e-01 1.600433e-01 
154 3851 8.084888e-01 1.573055e-01 4.346779e-04 4.346779e-04 6.472176e-03 7.635098e-03 1.028708e-02 2.561695e-02 3.428532e-02 6.572106e-02 1.049154e-01 1.573055e-01 
155 3876 8.664316e-01 1.522696e-01 4.190647e-04 4.190647e-04 6.636078e-03 8.057726e-03 1.027840e-02 2.528622e-02 3.333312e-02 6.521878e-02 1.010544e-01 1.522696e-01 
156 3901 9.267883e-01 1.649215e-01 4.063562e-04 4.063562e-04 6.420622e-03 7.895968e-03 1.065966e-02 2.510611e-02 3.183138e-02 6.506347e-02 9.748170e-02 1.649215e-01 
157 3926 8.641653e-01 1.618592e-01 3.927233e-04 3.927233e-04 6.385749e-03 7.620437e-03 1.071258e-02 2.533860e-02 3.051762e-02 6.411637e-02 9.683014e-02 1.618592e-01 
158 3951 8.170549e-01 1.562213e-01 3.767157e-04 3.767157e-04 6.261590e-03 7.339741e-03 1.064723e-02 2.490675e-02 2.951818e-02 6.384524e-02 9.305328e-02 1.562213e-01 
159 3976 8.782771e-01 1.516583e-01 3.664835e-04 3.664835e-04 6.215100e-03 7.418449e-03 1.097914e-02 2.537377e-02 2.936650e-02 6.252639e-02 9.639146e-02 1.516583e-01 
160 4001 8.955441e-01 1.454978e-01 3.519934e-04 3.519934e-04 6.176410e-03 7.259317e-03 1.084929e-02 2.553417e-02 2.840286e-02 6.171039e-02 9.549835e-02 1.454978e-01 
161 4026 8.817781e-01 1.454643e-01 3.470755e-04 3.470755e-04 6.123261e-03 6.977584e-03 1.096389e-02 2.448492e-02 2.812761e-02 6.004763e-02 9.389295e-02 1.454643e-01 
162 4051 8.861193e-01 1.402368e-01 3.389711e-04 3.389711e-04 5.934628e-03 6.983702e-03 1.115763e-02 2.480886e-02 2.799789e-02 6.093161e-02 9.528472e-02 1.402368e-01 
163 4076 8.417854e-01 1.383013e-01 3.297506e-04 3.297506e-04 5.971723e-03 6.773635e-03 1.137012e-02 2.395457e-02 2.717106e-02 6.150209e-02 9.493600e-02 1.383013e-01 
164 4101 8.268522e-01 1.355964e-01 3.193438e-04 3.193438e-04 5.762793e-03 6.690030e-03 1.192511e-02 2.342432e-02 2.678986e-02 5.973083e-02 9.327289e-02 1.355964e-01 
165 4126 7.539986e-01 1.313308e-01 3.113544e-04 3.113544e-04 5.544337e-03 6.523852e-03 1.170781e-02 2.308598e-02 2.625178e-02 5.863389e-02 9.033348e-02 1.313308e-01 
166 4151 8.107069e-01 1.366896e-01 3.030792e-04 3.030792e-04 5.343369e-03 6.282265e-03 1.153804e-02 2.300383e-02 2.628364e-02 5.793822e-02 9.068928e-02 1.366896e-01 
167 4176 7.734754e-01 1.412409e-01 2.944113e-04 2.944113e-04 5.163164e-03 6.123895e-03 1.160199e-02 2.257063e-02 2.622249e-02 5.772859e-02 9.113475e-02 1.412409e-01 
168 4201 7.208314e-01 1.383402e-01 2.885462e-04 2.885462e-04 5.036277e-03 6.000077e-03 1.139834e-02 2.185063e-02 2.594138e-02 6.042754e-02 9.463971e-02 1.383402e-01 
169 4226 6.989259e-01 1.396355e-01 2.782914e-04 2.782914e-04 4.925003e-03 5.859458e-03 1.129634e-02 2.149901e-02 2.563290e-02 5.988687e-02 9.257946e-02 1.396355e-01 
170 4251 6.135196e-01 1.368982e-01 2.702058e-04 2.702058e-04 4.793842e-03 5.749577e-03 1.106288e-02 2.112279e-02 2.550962e-02 5.759665e-02 9.005492e-02 1.368982e-01 
171 4276 5.503286e-01 1.326203e-01 2.636158e-04 2.636158e-04 4.591004e-03 5.797270e-03 1.075072e-02 2.037418e-02 2.498073e-02 5.622074e-02 8.800269e-02 1.326203e-01 
172 4301 5.246886e-01 1.310401e-01 2.592511e-04 2.592511e-04 4.409546e-03 5.912916e-03 1.072745e-02 2.005914e-02 2.511686e-02 5.407407e-02 8.530541e-02 1.310401e-01 
173 4326 4.915186e-01 1.257412e-01 2.493864e-04 2.493864e-04 4.331864e-03 5.776938e-03 1.050103e-02 1.949842e-02 2.495976e-02 5.357138e-02 8.302512e-02 1.257412e-01 
174 4351 4.615436e-01 1.225417e-01 2.508412e-04 2.508412e-04 4.216141e-03 5.624923e-03 1.021413e-02 1.943840e-02 2.536681e-02 5.264708e-02 8.159717e-02 1.225417e-01 
175 4376 4.497909e-01 1.227576e-01 2.442374e-04 2.442374e-04 4.118181e-03 5.561742e-03 1.032789e-02 1.988700e-02 2.517287e-02 5.135959e-02 8.129722e-02 1.227576e-01 
176 4401 3.736167e-01 1.188191e-01 2.398810e-04 2.398810e-04 3.968203e-03 5.387246e-03 1.024093e-02 1.925812e-02 2.444294e-02 5.005442e-02 8.230383e-02 1.188191e-01 
177 4426 3.234867e-01 1.177311e-01 2.353748e-04 2.353748e-04 3.840322e-03 5.354396e-03 9.979528e-03 1.871062e-02 2.372613e-02 4.942326e-02 8.049527e-02 1.177311e-01 
178 4451 3.238895e-01 1.170974e-01 2.341378e-04 2.341378e-04 3.721756e-03 5.315545e-03 9.594792e-03 1.861949e-02 2.428817e-02 4.964872e-02 7.813851e-02 1.170974e-01 
179 4476 3.351799e-01 1.170920e-01 2.286197e-04 2.286197e-04 3.583849e-03 5.427902e-03 9.376876e-03 1.917503e-02 2.396968e-02 4.903775e-02 7.869602e-02 1.170920e-01 
180 4501 3.209054e-01 1.163720e-01 2.315808e-04 2.315808e-04 3.431903e-03 5.279908e-03 9.605533e-03 1.925948e-02 2.314969e-02 4.748501e-02 7.595658e-02 1.163720e-01 
181 4526 3.115162e-01 1.143136e-01 2.273826e-04 2.273826e-04 3.312994e-03 5.165790e-03 9.646694e-03 1.877716e-02 2.255990e-02 4.863150e-02 7.491850e-02 1.143136e-01 
182 4551 2.892169e-01 1.131636e-01 2.249749e-04 2.249749e-04 3.242992e-03 5.137811e-03 9.604924e-03 1.856566e-02 2.218572e-02 4.864212e-02 7.469419e-02 1.131636e-01 
183 4576 2.991835e-01 1.160397e-01 2.179825e-04 2.179825e-04 3.149119e-03 4.997751e-03 9.335518e-03 1.819231e-02 2.217945e-02 4.815844e-02 7.871362e-02 1.160397e-01 
184 4601 2.860014e-01 1.183314e-01 2.101879e-04 2.101879e-04 3.086043e-03 4.982949e-03 9.131101e-03 1.824803e-02 2.203313e-02 4.837801e-02 7.904103e-02 1.183314e-01 
185 4626 2.745110e-01 1.189867e-01 2.024208e-04 2.024208e-04 2.990810e-03 4.965239e-03 8.943778e-03 1.840444e-02 2.139007e-02 4.879605e-02 7.830491e-02 1.189867e-01 
186 4651 2.586387e-01 1.185440e-01 1.999268e-04 1.999268e-04 2.880127e-03 4.948178e-03 8.953518e-03 1.776363e-02 2.120487e-02 4.755900e-02 7.623659e-02 1.185440e-01 
187 4676 2.354386e-01 1.167177e-01 1.966579e-04 1.966579e-04 2.772396e-03 4.754051e-03 9.045541e-03 1.711732e-02 2.238432e-02 4.918301e-02 7.555405e-02 1.167177e-01 
188 4701 2.197960e-01 1.141274e-01 1.942141e-04 1.942141e-04 2.721291e-03 4.796221e-03 8.907448e-03 1.700173e-02 2.219883e-02 4.863572e-02 7.431754e-02 1.141274e-01 
189 4726 2.400991e-01 1.143619e-01 1.960833e-04 1.960833e-04 2.610803e-03 4.860683e-03 8.946295e-03 1.637087e-02 2.439475e-02 4.718020e-02 7.396651e-02 1.143619e-01 
190 4751 2.214575e-01 1.150897e-01 1.933546e-04 1.933546e-04 2.510052e-03 4.922253e-03 9.020814e-03 1.651313e-02 2.422523e-02 4.718045e-02 7.464095e-02 1.150897e-01 
191 4776 2.047568e-01 1.214923e-01 1.906334e-04 1.906334e-04 2.498080e-03 4.882152e-03 8.687665e-03 1.637075e-02 2.347544e-02 4.623129e-02 7.373942e-02 1.214923e-01 
192 4801 1.910624e-01 1.200082e-01 1.887564e-04 1.887564e-04 2.456734e-03 4.722170e-03 8.659143e-03 1.604232e-02 2.277748e-02 4.839597e-02 7.453235e-02 1.200082e-01 
193 4826 1.787033e-01 1.179361e-01 1.860312e-04 1.860312e-04 2.474224e-03 4.573621e-03 8.617694e-03 1.650931e-02 2.289977e-02 4.833854e-02 7.322075e-02 1.179361e-01 
194 4851 1.783710e-01 1.186794e-01 1.861322e-04 1.861322e-04 2.386181e-03 4.490085e-03 8.503777e-03 1.665435e-02 2.340844e-02 4.706745e-02 7.202845e-02 1.186794e-01 
195 4876 1.800185e-01 1.136250e-01 1.889628e-04 1.889628e-04 2.359154e-03 4.411576e-03 8.480318e-03 1.684755e-02 2.324464e-02 4.628616e-02 7.544766e-02 1.136250e-01 
196 4901 1.796330e-01 1.161696e-01 1.869000e-04 1.869000e-04 2.295309e-03 4.284546e-03 8.319130e-03 1.658165e-02 2.337666e-02 4.761311e-02 7.799684e-02 1.161696e-01 
197 4926 1.824009e-01 1.172807e-01 1.854128e-04 1.854128e-04 2.266124e-03 4.244841e-03 8.467500e-03 1.649539e-02 2.251540e-02 4.638373e-02 7.650505e-02 1.172807e-01 
198 4951 1.894591e-01 1.151212e-01 1.943207e-04 1.943207e-04 2.276710e-03 4.134063e-03 8.502286e-03 1.661277e-02 2.167592e-02 4.586806e-02 7.964535e-02 1.151212e-01 
199 4976 2.130156e-01 1.175273e-01 1.903722e-04 1.903722e-04 2.233423e-03 4.247762e-03 8.517105e-03 1.640937e-02 2.159050e-02 4.521650e-02 8.033870e-02 1.175273e-01 
200 5001 2.009869e-01 1.176984e-01 1.839516e-04 1.839516e-04 2.195914e-03 4.227957e-03 8.361040e-03 1.683197e-02 2.171807e-02 4.583097e-02 8.091514e-02 1.176984e-01 
201 5026 1.982968e-01 1.210780e-01 1.768795e-04 1.768795e-04 2.116864e-03 4.215386e-03 8.160219e-03 1.665680e-02 2.128838e-02 4.729717e-02 7.898712e-02 1.210780e-01 
202 5051 2.234452e-01 1.190852e-01 1.731051e-04 1.731051e-04 2.093357e-03 4.469338e-03 8.011713e-03 1.641990e-02 2.160384e-02 4.888462e-02 8.113240e-02 1.190852e-01 
203 5076 2.149338e-01 1.159567e-01 1.691422e-04 1.691422e-04 2.079957e-03 4.475944e-03 7.894958e-03 1.654340e-02 2.116505e-02 4.914968e-02 8.069696e-02 1.159567e-01 
204 5101 2.269531e-01 1.146009e-01 1.659878e-04 1.659878e-04 2.017898e-03 4.411475e-03 7.550581e-03 1.664366e-02 2.367390e-02 5.393065e-02 7.964002e-02 1.146009e-01 
205 5126 2.274456e-01 1.141769e-01 1.619480e-04 1.619480e-04 1.993681e-03 4.282575e-03 7.429687e-03 1.668928e-02 2.430326e-02 5.337976e-02 7.864631e-02 1.141769e-01 
206 5151 2.413248e-01 1.189378e-01 1.619678e-04 1.619678e-04 1.967078e-03 4.211053e-03 7.117217e-03 1.711432e-02 2.409130e-02 5.363622e-02 7.726158e-02 1.189378e-01 
207 5176 2.244616e-01 1.246554e-01 1.574143e-04 1.574143e-04 1.923772e-03 4.027476e-03 6.944136e-03 1.657781e-02 2.477164e-02 5.337182e-02 7.530681e-02 1.246554e-01 
208 5201 2.278108e-01 1.281789e-01 1.527890e-04 1.527890e-04 1.941450e-03 4.018252e-03 6.948640e-03 1.666864e-02 2.427447e-02 5.263743e-02 7.699595e-02 1.281789e-01 
209 5226 2.487332e-01 1.280864e-01 1.465599e-04 1.465599e-04 1.866674e-03 3.995379e-03 7.017249e-03 1.665607e-02 2.455467e-02 5.485714e-02 7.691963e-02 1.280864e-01 
210 5251 2.458804e-01 1.251952e-01 1.423571e-04 1.423571e-04 1.828775e-03 3.910215e-03 7.177980e-03 1.611068e-02 2.445868e-02 5.414639e-02 7.514091e-02 1.251952e-01 
211 5276 2.404060e-01 1.288975e-01 1.391444e-04 1.391444e-04 1.758731e-03 3.752857e-03 7.230420e-03 1.622026e-02 2.392988e-02 5.298332e-02 7.295065e-02 1.288975e-01 
212 5301 2.234874e-01 1.257109e-01 1.393016e-04 1.393016e-04 1.740320e-03 3.685578e-03 7.180378e-03 1.620781e-02 2.387709e-02 5.094722e-02 7.427646e-02 1.257109e-01 
213 5326 2.568719e-01 1.245420e-01 1.397312e-04 1.397312e-04 1.678019e-03 3.855428e-03 7.194326e-03 1.661457e-02 2.341498e-02 5.140658e-02 7.153055e-02 1.245420e-01 
214 5351 2.545212e-01 1.270541e-01 1.372796e-04 1.372796e-04 1.623620e-03 3.858233e-03 7.171839e-03 1.663094e-02 2.434968e-02 5.127859e-02 7.033792e-02 1.270541e-01 
215 5376 2.565948e-01 1.234137e-01 1.385870e-04 1.385870e-04 1.578028e-03 3.913076e-03 7.126942e-03 1.710938e-02 2.388488e-02 5.105353e-02 7.032781e-02 1.234137e-01 
216 5401 2.288095e-01 1.272762e-01 1.388035e-04 1.388035e-04 1.517498e-03 3.854830e-03 6.993165e-03 1.704517e-02 2.328745e-02 5.036191e-02 6.854919e-02 1.272762e-01 
217 5426 2.249633e-01 1.256478e-01 1.351744e-04 1.351744e-04 1.457851e-03 3.839850e-03 7.036475e-03 1.683473e-02 2.296488e-02 4.926101e-02 6.714081e-02 1.256478e-01 
218 5451 2.353796e-01 1.267092e-01 1.330456e-04 1.330456e-04 1.422555e-03 3.793303e-03 7.086645e-03 1.680022e-02 2.271754e-02 5.093649e-02 7.169466e-02 1.267092e-01 
219 5476 2.074436e-01 1.227513e-01 1.312453e-04 1.312453e-04 1.388148e-03 3.653586e-03 6.980643e-03 1.634666e-02 2.222031e-02 5.041110e-02 7.279818e-02 1.227513e-01 
220 5501 2.051770e-01 1.247481e-01 1.377495e-04 1.377495e-04 1.364528e-03 3.638046e-03 6.877447e-03 1.665854e-02 2.190608e-02 5.004589e-02 7.226860e-02 1.247481e-01 
221 5526 2.028139e-01 1.212551e-01 1.414277e-04 1.414277e-04 1.350148e-03 3.571355e-03 6.800180e-03 1.606017e-02 2.122885e-02 5.145681e-02 7.331864e-02 1.212551e-01 
222 5551 1.952699e-01 1.229943e-01 1.366379e-04 1.366379e-04 1.306282e-03 3.537359e-03 6.858406e-03 1.550430e-02 2.140827e-02 5.185144e-02 7.208575e-02 1.229943e-01 
223 5576 1.928242e-01 1.227455e-01 1.310237e-04 1.310237e-04 1.275329e-03 3.445318e-03 6.847336e-03 1.591074e-02 2.100851e-02 5.165760e-02 6.900267e-02 1.227455e-01 
224 5601 1.943389e-01 1.194017e-01 1.303444e-04 1.303444e-04 1.258131e-03 3.389074e-03 6.916122e-03 1.573202e-02 2.097653e-02 5.109251e-02 6.927425e-02 1.194017e-01 
225 5626 1.871454e-01 1.155935e-01 1.262912e-04 1.262912e-04 1.219606e-03 3.380267e-03 6.877895e-03 1.540211e-02 2.066694e-02 5.045640e-02 6.929167e-02 1.155935e-01 
226 5651 1.832170e-01 1.166937e-01 1.232254e-04 1.232254e-04 1.187705e-03 3.458080e-03 6.713057e-03 1.524656e-02 2.032413e-02 5.128931e-02 6.960246e-02 1.166937e-01 
227 5676 1.739562e-01 1.180364e-01 1.210253e-04 1.210253e-04 1.169663e-03 3.502938e-03 6.743153e-03 1.582670e-02 2.043406e-02 4.967775e-02 6.852350e-02 1.180364e-01 
228 5701 1.623414e-01 1.167998e-01 1.246969e-04 1.246969e-04 1.144304e-03 3.635267e-03 6.526346e-03 1.535386e-02 2.076103e-02 4.890871e-02 6.905564e-02 1.167998e-01 
229 5726 1.559762e-01 1.152317e-01 1.306073e-04 1.306073e-04 1.143859e-03 3.593031e-03 6.650738e-03 1.508269e-02 2.057624e-02 4.729089e-02 6.753588e-02 1.152317e-01 
230 5751 1.485328e-01 1.114520e-01 1.346950e-04 1.346950e-04 1.140587e-03 3.569566e-03 6.616059e-03 1.481228e-02 2.021407e-02 4.629285e-02 6.919384e-02 1.114520e-01 
231 5776 1.292460e-01 1.117767e-01 1.316343e-04 1.316343e-04 1.101837e-03 3.463509e-03 6.846963e-03 1.433348e-02 1.976277e-02 4.635577e-02 6.872326e-02 1.117767e-01 
232 5801 1.134044e-01 1.079469e-01 1.296174e-04 1.296174e-04 1.110372e-03 3.373744e-03 6.782829e-03 1.400353e-02 1.916715e-02 4.663968e-02 6.848937e-02 1.079469e-01 
233 5826 1.037017e-01 1.081498e-01 1.294029e-04 1.294029e-04 1.079555e-03 3.311126e-03 6.704632e-03 1.391112e-02 1.912324e-02 4.727903e-02 6.672491e-02 1.081498e-01 
234 5851 9.970572e-02 1.054896e-01 1.285777e-04 1.285777e-04 1.080585e-03 3.330413e-03 6.792715e-03 1.356921e-02 1.954759e-02 4.709737e-02 6.494145e-02 1.054896e-01 
235 5876 1.069162e-01 1.045658e-01 1.296543e-04 1.296543e-04 1.050704e-03 3.192412e-03 6.749360e-03 1.391228e-02 2.143048e-02 4.773359e-02 6.237367e-02 1.045658e-01 
236 5901 1.133402e-01 1.031778e-01 1.314711e-04 1.314711e-04 1.073392e-03 3.160316e-03 6.757975e-03 1.386126e-02 2.130629e-02 4.674794e-02 6.214007e-02 1.031778e-01 
237 5926 1.168917e-01 1.001688e-01 1.278364e-04 1.278364e-04 1.086649e-03 3.156272e-03 6.752710e-03 1.341764e-02 2.109702e-02 4.731975e-02 6.175762e-02 1.001688e-01 
238 5951 1.236271e-01 1.016879e-01 1.312751e-04 1.312751e-04 1.068522e-03 3.031239e-03 7.201587e-03 1.300666e-02 2.051335e-02 4.679946e-02 6.258862e-02 1.016879e-01 
239 5976 1.222114e-01 9.982859e-02 1.314515e-04 1.314515e-04 1.095182e-03 2.965522e-03 7.071976e-03 1.280432e-02 1.995405e-02 4.629620e-02 6.158361e-02 9.982859e-02 
240 6001 1.224822e-01 9.806984e-02 1.294803e-04 1.294803e-04 1.130428e-03 2.976501e-03 7.037406e-03 1.232809e-02 1.986731e-02 4.501079e-02 6.024810e-02 9.806984e-02 
241 6026 1.218757e-01 1.027377e-01 1.331833e-04 1.331833e-04 1.101951e-03 2.926013e-03 6.938682e-03 1.194549e-02 2.014304e-02 4.363559e-02 5.880584e-02 1.027377e-01 
242 6051 1.183203e-01 1.044577e-01 1.336037e-04 1.336037e-04 1.061123e-03 2.838092e-03 6.896289e-03 1.211599e-02 1.966015e-02 4.225929e-02 5.868879e-02 1.044577e-01 
243 6076 1.225603e-01 1.026684e-01 1.297767e-04 1.297767e-04 1.046109e-03 3.041022e-03 6.727047e-03 1.217371e-02 1.913468e-02 4.147239e-02 5.885399e-02 1.026684e-01 
244 6101 1.070508e-01 1.018259e-01 1.307384e-04 1.307384e-04 1.023081e-03 3.000471e-03 6.581615e-03 1.204943e-02 1.886230e-02 4.085804e-02 6.018550e-02 1.018259e-01 
245 6126 9.192555e-02 9.886822e-02 1.273665e-04 1.273665e-04 9.915807e-04 3.029358e-03 6.392944e-03 1.215365e-02 1.834802e-02 4.127401e-02 6.073394e-02 9.886822e-02 
246 6151 9.709930e-02 1.063557e-01 1.223791e-04 1.223791e-04 9.681166e-04 2.972710e-03 6.301846e-03 1.183179e-02 1.837138e-02 4.032904e-02 5.913312e-02 1.063557e-01 
247 6176 9.054664e-02 1.049934e-01 1.186615e-04 1.186615e-04 9.304669e-04 2.952790e-03 6.160796e-03 1.205318e-02 1.795851e-02 3.979984e-02 6.121671e-02 1.049934e-01 
248 6201 9.028130e-02 1.075330e-01 1.165841e-04 1.165841e-04 9.174590e-04 2.890430e-03 6.144585e-03 1.194192e-02 1.779753e-02 3.979667e-02 5.960366e-02 1.075330e-01 
249 6226 9.183265e-02 1.072723e-01 1.111699e-04 1.111699e-04 8.959877e-04 2.816050e-03 6.181398e-03 1.211943e-02 1.818078e-02 3.992942e-02 6.366563e-02 1.072723e-01 
250 6251 9.679535e-02 1.055695e-01 1.088607e-04 1.088607e-04 8.851179e-04 2.873356e-03 6.107537e-03 1.223808e-02 1.843399e-02 3.988362e-02 6.544164e-02 1.055695e-01 
251 6276 9.504535e-02 1.049167e-01 1.094651e-04 1.094651e-04 8.650750e-04 2.917733e-03 5.896163e-03 1.202097e-02 1.805111e-02 4.050278e-02 6.508045e-02 1.049167e-01 
252 6301 1.059206e-01 1.072824e-01 1.107857e-04 1.107857e-04 9.144924e-04 2.856137e-03 5.906433e-03 1.189565e-02 1.783771e-02 3.942578e-02 6.549363e-02 1.072824e-01 
253 6326 1.254121e-01 1.062428e-01 1.092389e-04 1.092389e-04 9.020289e-04 2.863634e-03 6.333896e-03 1.153936e-02 1.786656e-02 3.907280e-02 6.890724e-02 1.062428e-01 
254 6351 1.339869e-01 1.051328e-01 1.137202e-04 1.137202e-04 9.148213e-04 2.912296e-03 6.280939e-03 1.185319e-02 1.801143e-02 3.780945e-02 6.811241e-02 1.051328e-01 
255 6376 1.296331e-01 1.111235e-01 1.102060e-04 1.102060e-04 9.416009e-04 2.862854e-03 6.221939e-03 1.181856e-02 1.787195e-02 3.808310e-02 6.831231e-02 1.111235e-01 
256 6401 1.206634e-01 1.132059e-01 1.078742e-04 1.078742e-04 9.365501e-04 2.916658e-03 6.014750e-03 1.151418e-02 1.715797e-02 3.695793e-02 6.743459e-02 1.132059e-01 
257 6426 1.142751e-01 1.095057e-01 1.045241e-04 1.045241e-04 9.104007e-04 2.798827e-03 5.918800e-03 1.227196e-02 1.780591e-02 3.639579e-02 6.659197e-02 1.095057e-01 
258 6451 1.295507e-01 1.122204e-01 1.043862e-04 1.043862e-04 9.202550e-04 2.839300e-03 5.868376e-03 1.269634e-02 1.747611e-02 3.661203e-02 6.490834e-02 1.122204e-01 
259 6476 1.389740e-01 1.137500e-01 1.081642e-04 1.081642e-04 9.013648e-04 2.783783e-03 5.795038e-03 1.286237e-02 1.696316e-02 3.522585e-02 6.317875e-02 1.137500e-01 
260 6501 1.500794e-01 1.168649e-01 1.062344e-04 1.062344e-04 8.756876e-04 2.689765e-03 6.022871e-03 1.306079e-02 1.712045e-02 3.592498e-02 6.252660e-02 1.168649e-01 
261 6526 1.811419e-01 1.162797e-01 1.086896e-04 1.086896e-04 8.726720e-04 2.599149e-03 5.982373e-03 1.305106e-02 1.794861e-02 3.640655e-02 6.312996e-02 1.162797e-01 
262 6551 2.270564e-01 1.197285e-01 1.075595e-04 1.075595e-04 8.673552e-04 2.562716e-03 5.907364e-03 1.274353e-02 1.776322e-02 3.688530e-02 6.143821e-02 1.197285e-01 
263 6576 2.360867e-01 1.167310e-01 1.078411e-04 1.078411e-04 8.479796e-04 2.516825e-03 5.768115e-03 1.263011e-02 1.777025e-02 3.682492e-02 6.024980e-02 1.167310e-01 
264 6601 2.766125e-01 1.151367e-01 1.090287e-04 1.090287e-04 8.278695e-04 2.513540e-03 5.700390e-03 1.286092e-02 1.742350e-02 3.974153e-02 5.810837e-02 1.151367e-01 
265 6626 2.689259e-01 1.145676e-01 1.083009e-04 1.083009e-04 8.109368e-04 2.451385e-03 5.535504e-03 1.355861e-02 1.730078e-02 4.022591e-02 5.670277e-02 1.145676e-01 
266 6651 2.440641e-01 1.158939e-01 1.069079e-04 1.069079e-04 7.904363e-04 2.355781e-03 5.485587e-03 1.331493e-02 1.670883e-02 3.936736e-02 5.677157e-02 1.158939e-01 
267 6676 2.265926e-01 1.121976e-01 1.056807e-04 1.056807e-04 7.622007e-04 2.294010e-03 5.384893e-03 1.337264e-02 1.629117e-02 3.907861e-02 5.606416e-02 1.121976e-01 
268 6701 2.158303e-01 1.103180e-01 1.039481e-04 1.039481e-04 7.359101e-04 2.192859e-03 5.186296e-03 1.312558e-02 1.649253e-02 4.005764e-02 5.722252e-02 1.103180e-01 
269 6726 2.017023e-01 1.088363e-01 1.025540e-04 1.025540e-04 7.142636e-04 2.135071e-03 5.020442e-03 1.275385e-02 1.606020e-02 3.944459e-02 5.772882e-02 1.088363e-01 
270 6751 1.994468e-01 1.104839e-01 1.033757e-04 1.033757e-04 7.403002e-04 2.078588e-03 4.897963e-03 1.311448e-02 1.621988e-02 4.036593e-02 5.871493e-02 1.104839e-01 
271 6776 1.928180e-01 1.092713e-01 1.028373e-04 1.028373e-04 7.118208e-04 2.020360e-03 4.850370e-03 1.317898e-02 1.596985e-02 4.183615e-02 5.741619e-02 1.092713e-01 
272 6801 1.845941e-01 1.107448e-01 1.012958e-04 1.012958e-04 6.855256e-04 2.036222e-03 4.722083e-03 1.361107e-02 1.596021e-02 4.085656e-02 5.763794e-02 1.107448e-01 
273 6826 2.025473e-01 1.079465e-01 9.843053e-05 9.843053e-05 6.643462e-04 2.161690e-03 4.811214e-03 1.376814e-02 1.563729e-02 4.077873e-02 5.846535e-02 1.079465e-01 
274 6851 2.222411e-01 1.060963e-01 9.513287e-05 9.513287e-05 6.586747e-04 2.369632e-03 4.838070e-03 1.369328e-02 1.550325e-02 3.910990e-02 5.691728e-02 1.060963e-01 
275 6876 2.241953e-01 1.026836e-01 9.264038e-05 9.264038e-05 6.739970e-04 2.355022e-03 4.858771e-03 1.339876e-02 1.528686e-02 3.811429e-02 5.517004e-02 1.026836e-01 
276 6901 2.261244e-01 1.038588e-01 9.035278e-05 9.035278e-05 6.706035e-04 2.325866e-03 4.925818e-03 1.340877e-02 1.549156e-02 3.856621e-02 5.381129e-02 1.038588e-01 
277 6926 2.180656e-01 1.027898e-01 8.885528e-05 8.885528e-05 6.593914e-04 2.233507e-03 4.905099e-03 1.336904e-02 1.553358e-02 3.795512e-02 5.340002e-02 1.027898e-01 
278 6951 1.898623e-01 9.992576e-02 8.747155e-05 8.747155e-05 6.436324e-04 2.207813e-03 4.788293e-03 1.290822e-02 1.552125e-02 3.703656e-02 5.167049e-02 9.992576e-02 
279 6976 1.808384e-01 9.703196e-02 8.649357e-05 8.649357e-05 6.400060e-04 2.211413e-03 4.643657e-03 1.261228e-02 1.538269e-02 3.848390e-02 5.117099e-02 9.703196e-02 
280 7001 1.664430e-01 9.496747e-02 8.522104e-05 8.522104e-05 6.190499e-04 2.145219e-03 4.578195e-03 1.267049e-02 1.501233e-02 3.797218e-02 5.021370e-02 9.496747e-02 
281 7026 1.466651e-01 9.421722e-02 8.400925e-05 8.400925e-05 5.907117e-04 2.088410e-03 4.485057e-03 1.250546e-02 1.471800e-02 3.678465e-02 4.940162e-02 9.421722e-02 
282 7051 1.515009e-01 9.405762e-02 8.308043e-05 8.308043e-05 5.881734e-04 2.035860e-03 4.445700e-03 1.279254e-02 1.527746e-02 3.837335e-02 4.905633e-02 9.405762e-02 
283 7076 1.518056e-01 9.280485e-02 8.208483e-05 8.208483e-05 5.796145e-04 2.077087e-03 4.407455e-03 1.300549e-02 1.491658e-02 3.813760e-02 5.009442e-02 9.280485e-02 
284 7101 1.427076e-01 9.188522e-02 8.448015e-05 8.448015e-05 5.551682e-04 2.062600e-03 4.456144e-03 1.285304e-02 1.502873e-02 3.788528e-02 4.833727e-02 9.188522e-02 
285 7126 1.426677e-01 9.423640e-02 8.164292e-05 8.164292e-05 5.423495e-04 2.024547e-03 4.357055e-03 1.364493e-02 1.486448e-02 3.907944e-02 4.734305e-02 9.423640e-02 
286 7151 1.383986e-01 9.347450e-02 7.918124e-05 7.918124e-05 5.351284e-04 2.060648e-03 4.424979e-03 1.336691e-02 1.515219e-02 4.036696e-02 4.645498e-02 9.347450e-02 
287 7176 1.385614e-01 9.188420e-02 8.044206e-05 8.044206e-05 5.320603e-04 2.017870e-03 4.409061e-03 1.334044e-02 1.507916e-02 4.141335e-02 4.786447e-02 9.188420e-02 
288 7201 1.357367e-01 9.419221e-02 7.820663e-05 7.820663e-05 5.211966e-04 1.949872e-03 4.332028e-03 1.326667e-02 1.597067e-02 4.161346e-02 4.638726e-02 9.419221e-02 
289 7226 1.387702e-01 9.500060e-02 7.679287e-05 7.679287e-05 5.098289e-04 1.906960e-03 4.409591e-03 1.272024e-02 1.620262e-02 4.194571e-02 4.864275e-02 9.500060e-02 
290 7251 1.294772e-01 9.614915e-02 7.451222e-05 7.451222e-05 5.025371e-04 1.951266e-03 4.253126e-03 1.240955e-02 1.608373e-02 4.194011e-02 4.855891e-02 9.614915e-02 
291 7276 1.168693e-01 9.316040e-02 7.454301e-05 7.454301e-05 4.963802e-04 1.886243e-03 4.168804e-03 1.204056e-02 1.550053e-02 4.093568e-02 4.719321e-02 9.316040e-02 
292 7301 1.191109e-01 9.176734e-02 7.261644e-05 7.261644e-05 4.812274e-04 1.857457e-03 4.425470e-03 1.232614e-02 1.551332e-02 3.955245e-02 4.633257e-02 9.176734e-02 
293 7326 1.113508e-01 9.286709e-02 7.328714e-05 7.328714e-05 4.706449e-04 1.841744e-03 4.400401e-03 1.219758e-02 1.538640e-02 3.903588e-02 4.450674e-02 9.286709e-02 
294 7351 1.055452e-01 9.381166e-02 7.052299e-05 7.052299e-05 4.682944e-04 1.786929e-03 4.398636e-03 1.176595e-02 1.542684e-02 3.786087e-02 4.523639e-02 9.381166e-02 
295 7376 1.048458e-01 9.279375e-02 6.828936e-05 6.828936e-05 4.775605e-04 1.803762e-03 4.396947e-03 1.152577e-02 1.617702e-02 3.804155e-02 4.562495e-02 9.279375e-02 
296 7401 1.037331e-01 9.562801e-02 6.689295e-05 6.689295e-05 4.696790e-04 1.874826e-03 4.278078e-03 1.140910e-02 1.623338e-02 3.699331e-02 4.571159e-02 9.562801e-02 
297 7426 1.018561e-01 9.950334e-02 6.442689e-05 6.442689e-05 4.656016e-04 1.846374e-03 4.220699e-03 1.116521e-02 1.634185e-02 3.724850e-02 4.393235e-02 9.950334e-02 
298 7451 9.217272e-02 1.005703e-01 6.546168e-05 6.546168e-05 4.656204e-04 1.853970e-03 4.212688e-03 1.093374e-02 1.616319e-02 3.605470e-02 4.494531e-02 1.005703e-01 
299 7476 8.550376e-02 1.000182e-01 6.398284e-05 6.398284e-05 4.714298e-04 1.833903e-03 4.211977e-03 1.053333e-02 1.636965e-02 3.495543e-02 4.327708e-02 1.000182e-01 
300 7501 8.225386e-02 9.818545e-02 6.153982e-05 6.153982e-05 4.624360e-04 1.781858e-03 4.131181e-03 1.083882e-02 1.618108e-02 3.432239e-02 4.237402e-02 9.818545e-02 
301 7526 9.032760e-02 9.856225e-02 6.167857e-05 6.167857e-05 4.570746e-04 1.729955e-03 4.464341e-03 1.091229e-02 1.658928e-02 3.355695e-02 4.125875e-02 9.856225e-02 
302 7551 8.804359e-02 9.960905e-02 6.032386e-05 6.032386e-05 4.466836e-04 1.676253e-03 4.465677e-03 1.084101e-02 1.712709e-02 3.305844e-02 4.159183e-02 9.960905e-02 
303 7576 8.995262e-02 9.908526e-02 6.512815e-05 6.512815e-05 4.426017e-04 1.643854e-03 4.333199e-03 1.066721e-02 1.698471e-02 3.221689e-02 4.208686e-02 9.908526e-02 
304 7601 9.675729e-02 1.017833e-01 6.508269e-05 6.508269e-05 4.415653e-04 1.635102e-03 4.284043e-03 1.184364e-02 1.667099e-02 3.325829e-02 4.053408e-02 1.017833e-01 
305 7626 8.496082e-02 1.009116e-01 6.530957e-05 6.530957e-05 4.295888e-04 1.584023e-03 4.247481e-03 1.153405e-02 1.643968e-02 3.354360e-02 3.981269e-02 1.009116e-01 
306 7651 7.684522e-02 9.958623e-02 6.449400e-05 6.449400e-05 4.337772e-04 1.576665e-03 4.172499e-03 1.119690e-02 1.595722e-02 3.413377e-02 3.851016e-02 9.958623e-02 
307 7676 7.072376e-02 9.665652e-02 6.384689e-05 6.384689e-05 4.183757e-04 1.582197e-03 4.077854e-03 1.083932e-02 1.611664e-02 3.261083e-02 3.718294e-02 9.665652e-02 
308 7701 6.553004e-02 9.374500e-02 6.316045e-05 6.316045e-05 3.997582e-04 1.543431e-03 3.962265e-03 1.104227e-02 1.566854e-02 3.317001e-02 3.609292e-02 9.374500e-02 
309 7726 6.802276e-02 9.448414e-02 6.210437e-05 6.210437e-05 3.934977e-04 1.510309e-03 3.867083e-03 1.078974e-02 1.539720e-02 3.409901e-02 3.736613e-02 9.448414e-02 
310 7751 7.379363e-02 9.302707e-02 6.181785e-05 6.181785e-05 4.035803e-04 1.534464e-03 3.828369e-03 1.064667e-02 1.498221e-02 3.538448e-02 3.764222e-02 9.302707e-02 
311 7776 7.592919e-02 9.065865e-02 6.151071e-05 6.151071e-05 4.006807e-04 1.477177e-03 3.766040e-03 1.068185e-02 1.488426e-02 3.439974e-02 3.835856e-02 9.065865e-02 
312 7801 8.643807e-02 9.281262e-02 6.340837e-05 6.340837e-05 3.958196e-04 1.455068e-03 3.632659e-03 1.040808e-02 1.511048e-02 3.512920e-02 3.748360e-02 9.281262e-02 
313 7826 9.467258e-02 9.569363e-02 6.104414e-05 6.104414e-05 3.833178e-04 1.420778e-03 3.592249e-03 1.025473e-02 1.523614e-02 3.458226e-02 3.815268e-02 9.569363e-02 
314 7851 1.090585e-01 9.732086e-02 6.503905e-05 6.503905e-05 3.706714e-04 1.373526e-03 3.480872e-03 1.065610e-02 1.529436e-02 3.425390e-02 4.146239e-02 9.732086e-02 
315 7876 9.991299e-02 9.975914e-02 6.396990e-05 6.396990e-05 3.733869e-04 1.334541e-03 3.410200e-03 1.044259e-02 1.520432e-02 3.455182e-02 4.038695e-02 9.975914e-02 
316 7901 9.248320e-02 9.878377e-02 6.171245e-05 6.171245e-05 3.708401e-04 1.320029e-03 3.375329e-03 1.039732e-02 1.490800e-02 3.468381e-02 4.091744e-02 9.878377e-02 
317 7926 8.229283e-02 9.755108e-02 5.979283e-05 5.979283e-05 3.777986e-04 1.308547e-03 3.376690e-03 1.009855e-02 1.473056e-02 3.467775e-02 4.007079e-02 9.755108e-02 
318 7951 7.028543e-02 9.955316e-02 5.719240e-05 5.719240e-05 3.766702e-04 1.285243e-03 3.347009e-03 1.022506e-02 1.440602e-02 3.411563e-02 3.868953e-02 9.955316e-02 
319 7976 6.956287e-02 9.863056e-02 5.758674e-05 5.758674e-05 3.931273e-04 1.290485e-03 3.297736e-03 1.033695e-02 1.391427e-02 3.342270e-02 4.090901e-02 9.863056e-02 
320 8001 7.593551e-02 9.725526e-02 5.741181e-05 5.741181e-05 3.884565e-04 1.244329e-03 3.225758e-03 1.019353e-02 1.552811e-02 3.317882e-02 4.160040e-02 9.725526e-02 
321 8026 6.783889e-02 9.490632e-02 5.992673e-05 5.992673e-05 3.754760e-04 1.209517e-03 3.154887e-03 9.907476e-03 1.577191e-02 3.320111e-02 4.284666e-02 9.490632e-02 
322 8051 6.886739e-02 9.384014e-02 6.023587e-05 6.023587e-05 3.605314e-04 1.171659e-03 3.237063e-03 9.976827e-03 1.546628e-02 3.183089e-02 4.384810e-02 9.384014e-02 
323 8076 6.819697e-02 9.142240e-02 5.941866e-05 5.941866e-05 3.602856e-04 1.145874e-03 3.272470e-03 1.012112e-02 1.511250e-02 3.278296e-02 4.261988e-02 9.142240e-02 
324 8101 6.164051e-02 1.003818e-01 5.785842e-05 5.785842e-05 3.574529e-04 1.120623e-03 3.329751e-03 1.020317e-02 1.482015e-02 3.216301e-02 4.108108e-02 1.003818e-01 
325 8126 6.062011e-02 9.947391e-02 5.766748e-05 5.766748e-05 3.479386e-04 1.172172e-03 3.209796e-03 9.821354e-03 1.447870e-02 3.101019e-02 4.041005e-02 9.947391e-02 
326 8151 5.557749e-02 9.965354e-02 5.877556e-05 5.877556e-05 3.415232e-04 1.162084e-03 3.234128e-03 9.434874e-03 1.450757e-02 3.010597e-02 4.230852e-02 9.965354e-02 
327 8176 5.811389e-02 9.694073e-02 6.728782e-05 6.728782e-05 3.412392e-04 1.135882e-03 3.125634e-03 9.490362e-03 1.436990e-02 3.036976e-02 4.182032e-02 9.694073e-02 
328 8201 5.609428e-02 9.599108e-02 6.591770e-05 6.591770e-05 3.323501e-04 1.116295e-03 3.118466e-03 9.568389e-03 1.418778e-02 3.006318e-02 4.260321e-02 9.599108e-02 
329 8226 6.188132e-02 9.735045e-02 6.729555e-05 6.729555e-05 3.316552e-04 1.104177e-03 3.098625e-03 9.237148e-03 1.395907e-02 3.095839e-02 4.184025e-02 9.735045e-02 
330 8251 6.162082e-02 9.482158e-02 6.604329e-05 6.604329e-05 3.371390e-04 1.084317e-03 3.061715e-03 9.358798e-03 1.356650e-02 3.157405e-02 4.327906e-02 9.482158e-02 
331 8276 5.775491e-02 9.903909e-02 6.795158e-05 6.795158e-05 3.417659e-04 1.062812e-03 2.986564e-03 9.202958e-03 1.331261e-02 3.045064e-02 4.367378e-02 9.903909e-02 
332 8301 5.724109e-02 9.692770e-02 6.755245e-05 6.755245e-05 3.578844e-04 1.086444e-03 2.896516e-03 8.985724e-03 1.332924e-02 2.963373e-02 4.539968e-02 9.692770e-02 
333 8326 6.242835e-02 1.034452e-01 7.109786e-05 7.109786e-05 3.503960e-04 1.049184e-03 2.887711e-03 8.970626e-03 1.334786e-02 2.917585e-02 4.615866e-02 1.034452e-01 
334 8351 6.028202e-02 1.031008e-01 7.191512e-05 7.191512e-05 3.421175e-04 1.038094e-03 2.834244e-03 8.847318e-03 1.332429e-02 2.810705e-02 4.767122e-02 1.031008e-01 
335 8376 5.949302e-02 1.000351e-01 7.051056e-05 7.051056e-05 3.487773e-04 1.020147e-03 2.816736e-03 8.537281e-03 1.358332e-02 2.887797e-02 4.745882e-02 1.000351e-01 
336 8401 5.637975e-02 9.700357e-02 7.097845e-05 7.097845e-05 3.395448e-04 1.000721e-03 2.864720e-03 8.565826e-03 1.308133e-02 2.817773e-02 4.810904e-02 9.700357e-02 
337 8426 5.666185e-02 9.407556e-02 7.021920e-05 7.021920e-05 3.324407e-04 1.052220e-03 2.833412e-03 8.541967e-03 1.264241e-02 3.018533e-02 4.701808e-02 9.407556e-02 
338 8451 5.998238e-02 9.433993e-02 6.861766e-05 6.861766e-05 3.203233e-04 1.087513e-03 2.766319e-03 8.500098e-03 1.281742e-02 2.956847e-02 4.613845e-02 9.433993e-02 
339 8476 5.717281e-02 9.561484e-02 6.810489e-05 6.810489e-05 3.167093e-04 1.091086e-03 2.697394e-03 8.405268e-03 1.298058e-02 2.921069e-02 4.607896e-02 9.561484e-02 
340 8501 6.837695e-02 1.123122e-01 6.656455e-05 6.656455e-05 3.127580e-04 1.090625e-03 2.659960e-03 8.657776e-03 1.351675e-02 2.967151e-02 4.537796e-02 1.123122e-01 
341 8526 7.319509e-02 1.167239e-01 6.433057e-05 6.433057e-05 3.105346e-04 1.068135e-03 2.615688e-03 8.692008e-03 1.406479e-02 2.955210e-02 4.502480e-02 1.167239e-01 
342 8551 7.703061e-02 1.202586e-01 6.411512e-05 6.411512e-05 3.051832e-04 1.047310e-03 2.640100e-03 8.837651e-03 1.416079e-02 3.060711e-02 4.472395e-02 1.202586e-01 
343 8576 6.870625e-02 1.205570e-01 6.249546e-05 6.249546e-05 2.920438e-04 1.025798e-03 2.579939e-03 8.724613e-03 1.444429e-02 3.023412e-02 4.588934e-02 1.205570e-01 
344 8601 6.755648e-02 1.229959e-01 6.348778e-05 6.348778e-05 2.810017e-04 1.005902e-03 2.572620e-03 8.619506e-03 1.438950e-02 2.985732e-02 4.581405e-02 1.229959e-01 
345 8626 6.510655e-02 1.200474e-01 6.168875e-05 6.168875e-05 2.821878e-04 9.968492e-04 2.555447e-03 8.606370e-03 1.420531e-02 3.039828e-02 4.682303e-02 1.200474e-01 
346 8651 6.492770e-02 1.168709e-01 6.127610e-05 6.127610e-05 2.795914e-04 1.005633e-03 2.575450e-03 8.421595e-03 1.431148e-02 3.047636e-02 4.581916e-02 1.168709e-01 
347 8676 6.765901e-02 1.139469e-01 6.252167e-05 6.252167e-05 2.756201e-04 9.900768e-04 2.529681e-03 8.313123e-03 1.483784e-02 3.127058e-02 4.496533e-02 1.139469e-01 
348 8701 6.603030e-02 1.119189e-01 6.142979e-05 6.142979e-05 2.709211e-04 9.585868e-04 2.552110e-03 8.087177e-03 1.467261e-02 3.055368e-02 4.442633e-02 1.119189e-01 
349 8726 6.571725e-02 1.228797e-01 6.092946e-05 6.092946e-05 2.785136e-04 9.233637e-04 2.640220e-03 7.940771e-03 1.460242e-02 3.031774e-02 4.380086e-02 1.228797e-01 
350 8751 6.180797e-02 1.202261e-01 6.030957e-05 6.030957e-05 2.726801e-04 9.062908e-04 2.842224e-03 7.836213e-03 1.511608e-02 2.943001e-02 4.302015e-02 1.202261e-01 
351 8776 6.753105e-02 1.237307e-01 6.198283e-05 6.198283e-05 2.676747e-04 9.022688e-04 2.819178e-03 8.002513e-03 1.513812e-02 2.944984e-02 4.449229e-02 1.237307e-01 
352 8801 7.327831e-02 1.188889e-01 6.168108e-05 6.168108e-05 2.789799e-04 8.793872e-04 2.747551e-03 7.896040e-03 1.518831e-02 2.816009e-02 4.539691e-02 1.188889e-01 
353 8826 6.971168e-02 1.181627e-01 6.089526e-05 6.089526e-05 2.771474e-04 8.593538e-04 2.707794e-03 7.714138e-03 1.471113e-02 2.835345e-02 4.635691e-02 1.181627e-01 
354 8851 6.839201e-02 1.241752e-01 6.065606e-05 6.065606e-05 2.724070e-04 8.433791e-04 2.613638e-03 7.689340e-03 1.435958e-02 2.796581e-02 4.617686e-02 1.241752e-01 
355 8876 5.789225e-02 1.267200e-01 6.134705e-05 6.134705e-05 2.632486e-04 8.671071e-04 2.564955e-03 7.825599e-03 1.419287e-02 2.799193e-02 4.469185e-02 1.267200e-01 
356 8901 6.146574e-02 1.294632e-01 6.053024e-05 6.053024e-05 2.581872e-04 9.000986e-04 2.582015e-03 7.893115e-03 1.401448e-02 2.788829e-02 4.510734e-02 1.294632e-01 
357 8926 6.570733e-02 1.323270e-01 5.940122e-05 5.940122e-05 2.494025e-04 9.299117e-04 2.642809e-03 7.631090e-03 1.357607e-02 2.877952e-02 4.405726e-02 1.323270e-01 
358 8951 6.423357e-02 1.295139e-01 5.740722e-05 5.740722e-05 2.475199e-04 9.363623e-04 2.758382e-03 7.707235e-03 1.343601e-02 2.944515e-02 4.252384e-02 1.295139e-01 
359 8976 6.093181e-02 1.261640e-01 5.764850e-05 5.764850e-05 2.412633e-04 9.156086e-04 2.706374e-03 7.382085e-03 1.320753e-02 2.859528e-02 4.147624e-02 1.261640e-01 
360 9001 5.920143e-02 1.207985e-01 6.003590e-05 6.003590e-05 2.467338e-04 9.321582e-04 2.621004e-03 7.393930e-03 1.296219e-02 2.842823e-02 4.355675e-02 1.207985e-01 
361 9026 5.380408e-02 1.240886e-01 6.029372e-05 6.029372e-05 2.482815e-04 9.211862e-04 2.573031e-03 7.163763e-03 1.255245e-02 2.889303e-02 4.166889e-02 1.240886e-01 
362 9051 6.744234e-02 1.196876e-01 5.843547e-05 5.843547e-05 2.483816e-04 9.028193e-04 2.566056e-03 7.182230e-03 1.328173e-02 2.888548e-02 4.295922e-02 1.196876e-01 
363 9076 6.845798e-02 1.157217e-01 5.797794e-05 5.797794e-05 2.396808e-04 8.926221e-04 2.542146e-03 7.294508e-03 1.307601e-02 2.883679e-02 4.174017e-02 1.157217e-01 
364 9101 6.871322e-02 1.161536e-01 6.062588e-05 6.062588e-05 2.404635e-04 9.237762e-04 2.611232e-03 7.085837e-03 1.281685e-02 2.812541e-02 4.285260e-02 1.161536e-01 
365 9126 7.190839e-02 1.245754e-01 5.916310e-05 5.916310e-05 2.424736e-04 9.146183e-04 2.590127e-03 6.949975e-03 1.267471e-02 2.725790e-02 4.269290e-02 1.245754e-01 
366 9151 7.211580e-02 1.229926e-01 5.866129e-05 5.866129e-05 2.419861e-04 8.950238e-04 2.544447e-03 7.517753e-03 1.239714e-02 2.675323e-02 4.305500e-02 1.229926e-01 
367 9176 7.715917e-02 1.272439e-01 6.007949e-05 6.007949e-05 2.425856e-04 9.200222e-04 2.463575e-03 7.262238e-03 1.252353e-02 2.591319e-02 4.564099e-02 1.272439e-01 
368 9201 7.234098e-02 1.276322e-01 6.022392e-05 6.022392e-05 2.381520e-04 9.631152e-04 2.467203e-03 7.026206e-03 1.205311e-02 2.553524e-02 4.701774e-02 1.276322e-01 
369 9226 7.521947e-02 1.286698e-01 6.076368e-05 6.076368e-05 2.305887e-04 9.549401e-04 2.519511e-03 7.310305e-03 1.171726e-02 2.669248e-02 4.562461e-02 1.286698e-01 
370 9251 7.161685e-02 1.259809e-01 6.011632e-05 6.011632e-05 2.241286e-04 9.392527e-04 2.616890e-03 7.131435e-03 1.209383e-02 2.665577e-02 4.566570e-02 1.259809e-01 
371 9276 7.249591e-02 1.255968e-01 5.791505e-05 5.791505e-05 2.167146e-04 9.544058e-04 2.605234e-03 7.162463e-03 1.215867e-02 2.744452e-02 4.565504e-02 1.255968e-01 
372 9301 6.413028e-02 1.229691e-01 5.843846e-05 5.843846e-05 2.151771e-04 9.817301e-04 2.616654e-03 7.010190e-03 1.189531e-02 2.671409e-02 4.584628e-02 1.229691e-01 
373 9326 6.001306e-02 1.310707e-01 5.674171e-05 5.674171e-05 2.106478e-04 1.010507e-03 2.636297e-03 6.810534e-03 1.195394e-02 2.605712e-02 4.525390e-02 1.310707e-01 
374 9351 5.362826e-02 1.360217e-01 5.451525e-05 5.451525e-05 2.068328e-04 9.932159e-04 2.632618e-03 6.682088e-03 1.202393e-02 2.568232e-02 4.386501e-02 1.360217e-01 
375 9376 4.788669e-02 1.384918e-01 5.429031e-05 5.429031e-05 2.075373e-04 9.600710e-04 2.539953e-03 6.433399e-03 1.174406e-02 2.540860e-02 4.257306e-02 1.384918e-01 
376 9401 4.435002e-02 1.350658e-01 5.586548e-05 5.586548e-05 2.011671e-04 9.982835e-04 2.514637e-03 6.230076e-03 1.171905e-02 2.520872e-02 4.256169e-02 1.350658e-01 
377 9426 4.359521e-02 1.483500e-01 5.539886e-05 5.539886e-05 1.972998e-04 9.734954e-04 2.538728e-03 6.189659e-03 1.147246e-02 2.561506e-02 4.246046e-02 1.483500e-01 
378 9451 3.850045e-02 1.459277e-01 5.680187e-05 5.680187e-05 2.025927e-04 9.548205e-04 2.525118e-03 6.023692e-03 1.138002e-02 2.485100e-02 4.181157e-02 1.459277e-01 
379 9476 3.534039e-02 1.405190e-01 5.470149e-05 5.470149e-05 2.004433e-04 9.561302e-04 2.421160e-03 5.956575e-03 1.131738e-02 2.443554e-02 4.192325e-02 1.405190e-01 
380 9501 3.380533e-02 1.365436e-01 5.528683e-05 5.528683e-05 1.981464e-04 9.418563e-04 2.400139e-03 6.092759e-03 1.143514e-02 2.458050e-02 4.043007e-02 1.365436e-01 
381 9526 3.759846e-02 1.344621e-01 5.463473e-05 5.463473e-05 1.984467e-04 9.545967e-04 2.354746e-03 5.891279e-03 1.106113e-02 2.731739e-02 4.006025e-02 1.344621e-01 
382 9551 3.533552e-02 1.344896e-01 5.417822e-05 5.417822e-05 1.994330e-04 9.352530e-04 2.298279e-03 5.843399e-03 1.087159e-02 2.748440e-02 4.158413e-02 1.344896e-01 
383 9576 3.157842e-02 1.310689e-01 5.306383e-05 5.306383e-05 2.063289e-04 9.265109e-04 2.353162e-03 5.822516e-03 1.063612e-02 2.788392e-02 4.095131e-02 1.310689e-01 
384 9601 3.067483e-02 1.286415e-01 5.198911e-05 5.198911e-05 2.080144e-04 9.150459e-04 2.371629e-03 5.862979e-03 1.057070e-02 2.687028e-02 3.964696e-02 1.286415e-01 
385 9626 3.154384e-02 1.281260e-01 5.108237e-05 5.108237e-05 2.065745e-04 8.988219e-04 2.314054e-03 5.752779e-03 1.076575e-02 2.601719e-02 4.067392e-02 1.281260e-01 
386 9651 3.137358e-02 1.243404e-01 5.021111e-05 5.021111e-05 2.062234e-04 8.860354e-04 2.315017e-03 5.871976e-03 1.076654e-02 2.588675e-02 4.121383e-02 1.243404e-01 
387 9676 3.121076e-02 1.218286e-01 4.891533e-05 4.891533e-05 2.032721e-04 8.739349e-04 2.293375e-03 6.053008e-03 1.082585e-02 2.495590e-02 4.304223e-02 1.218286e-01 
388 9701 3.295815e-02 1.247463e-01 4.931422e-05 4.931422e-05 1.996419e-04 8.567484e-04 2.218780e-03 5.994158e-03 1.055326e-02 2.506432e-02 4.224330e-02 1.247463e-01 
389 9726 3.213671e-02 1.225335e-01 4.785154e-05 4.785154e-05 2.002080e-04 8.426606e-04 2.169974e-03 6.111597e-03 1.054159e-02 2.530101e-02 4.123116e-02 1.225335e-01 
390 9751 3.027246e-02 1.198516e-01 4.794965e-05 4.794965e-05 2.001425e-04 8.380143e-04 2.186107e-03 5.877392e-03 1.039202e-02 2.505077e-02 4.311111e-02 1.198516e-01 
391 9776 3.267968e-02 1.247926e-01 4.713457e-05 4.713457e-05 1.963288e-04 8.246492e-04 2.147128e-03 5.704100e-03 1.032126e-02 2.626252e-02 4.606005e-02 1.247926e-01 
392 9801 3.178736e-02 1.234760e-01 4.594758e-05 4.594758e-05 1.937292e-04 8.087322e-04 2.175341e-03 5.614243e-03 1.013691e-02 2.598439e-02 4.478466e-02 1.234760e-01 
393 9826 3.326454e-02 1.204049e-01 4.492313e-05 4.492313e-05 1.907469e-04 8.104923e-04 2.172921e-03 5.471492e-03 9.893434e-03 2.580578e-02 4.746220e-02 1.204049e-01 
394 9851 3.692571e-02 1.261541e-01 4.526781e-05 4.526781e-05 1.946165e-04 8.082499e-04 2.115638e-03 5.318953e-03 1.006840e-02 2.545363e-02 4.913579e-02 1.261541e-01 
395 9876 3.783963e-02 1.265883e-01 4.459862e-05 4.459862e-05 1.906245e-04 8.497634e-04 2.076494e-03 5.526524e-03 1.012613e-02 2.554810e-02 4.887294e-02 1.265883e-01 
396 9901 3.666277e-02 1.276345e-01 4.288845e-05 4.288845e-05 1.887586e-04 8.631796e-04 2.025828e-03 5.470608e-03 1.077753e-02 2.507099e-02 4.930286e-02 1.276345e-01 
397 9926 3.534180e-02 1.251236e-01 4.303383e-05 4.303383e-05 1.883127e-04 8.579789e-04 2.124778e-03 5.430863e-03 1.069029e-02 2.500193e-02 4.876229e-02 1.251236e-01 
398 9951 3.497088e-02 1.214197e-01 4.263722e-05 4.263722e-05 1.852307e-04 8.336660e-04 2.129454e-03 5.283108e-03 1.038397e-02 2.517317e-02 4.851672e-02 1.214197e-01 
399 9976 4.141905e-02 1.258959e-01 4.386301e-05 4.386301e-05 1.916741e-04 8.018872e-04 2.147745e-03 5.418199e-03 1.095967e-02 2.509724e-02 4.805345e-02 1.258959e-01 
400 10001 4.242156e-02 1.283520e-01 4.251021e-05 4.251021e-05 1.910081e-04 7.959778e-04 2.100688e-03 5.470124e-03 1.075268e-02 2.426838e-02 4.782630e-02 1.283520e-01 
401 10026 4.783458e-02 1.343633e-01 4.220461e-05 4.220461e-05 1.899652e-04 7.766548e-04 2.061502e-03 5.656379e-03 1.090059e-02 2.367890e-02 4.916124e-02 1.343633e-01 
402 10051 4.739587e-02 1.382520e-01 4.170425e-05 4.170425e-05 1.938374e-04 7.620568e-04 2.093551e-03 5.831533e-03 1.066690e-02 2.266500e-02 5.012836e-02 1.382520e-01 
403 10076 5.139368e-02 1.426367e-01 4.444832e-05 4.444832e-05 1.988721e-04 7.425361e-04 2.077348e-03 5.617377e-03 1.039430e-02 2.252546e-02 4.833227e-02 1.426367e-01 
404 10101 5.172693e-02 1.513809e-01 4.442376e-05 4.442376e-05 2.019712e-04 7.279256e-04 2.034705e-03 5.687222e-03 1.023006e-02 2.259229e-02 4.842175e-02 1.513809e-01 
405 10126 5.768781e-02 1.562472e-01 4.436606e-05 4.436606e-05 1.950324e-04 7.182387e-04 2.081679e-03 5.566151e-03 1.087276e-02 2.249430e-02 5.095453e-02 1.562472e-01 
406 10151 5.624621e-02 1.532937e-01 4.334589e-05 4.334589e-05 1.875453e-04 7.066045e-04 2.057477e-03 5.428107e-03 1.094626e-02 2.347375e-02 5.184297e-02 1.532937e-01 
407 10176 4.836219e-02 1.572747e-01 4.191203e-05 4.191203e-05 1.823922e-04 7.151300e-04 1.997753e-03 5.287415e-03 1.085502e-02 2.285957e-02 5.131620e-02 1.572747e-01 
408 10201 4.801060e-02 1.548167e-01 4.210249e-05 4.210249e-05 1.758740e-04 7.127883e-04 1.985069e-03 5.252627e-03 1.106073e-02 2.442629e-02 5.308813e-02 1.548167e-01 
409 10226 5.745548e-02 1.564400e-01 4.066592e-05 4.066592e-05 1.712926e-04 7.300279e-04 2.059350e-03 5.090379e-03 1.203672e-02 2.416605e-02 5.525564e-02 1.564400e-01 
410 10251 6.342701e-02 1.540299e-01 4.091526e-05 4.091526e-05 1.661818e-04 7.236001e-04 2.027303e-03 5.287673e-03 1.184698e-02 2.359440e-02 5.446992e-02 1.540299e-01 
411 10276 6.526333e-02 1.541894e-01 4.007309e-05 4.007309e-05 1.605440e-04 7.023443e-04 1.973090e-03 5.240937e-03 1.180817e-02 2.399626e-02 5.386252e-02 1.541894e-01 
412 10301 6.994818e-02 1.505904e-01 3.885257e-05 3.885257e-05 1.614510e-04 7.141618e-04 1.978520e-03 5.362445e-03 1.234504e-02 2.367344e-02 5.179407e-02 1.505904e-01 
413 10326 7.860913e-02 1.498830e-01 3.960510e-05 3.960510e-05 1.550442e-04 7.943290e-04 1.899357e-03 5.324143e-03 1.209077e-02 2.528108e-02 5.202747e-02 1.498830e-01 
414 10351 7.128763e-02 1.544458e-01 3.808108e-05 3.808108e-05 1.551842e-04 7.976623e-04 1.842811e-03 5.175461e-03 1.182035e-02 2.525369e-02 5.205303e-02 1.544458e-01 
415 10376 7.590791e-02 1.559153e-01 3.669845e-05 3.669845e-05 1.505320e-04 7.863972e-04 1.858172e-03 5.136504e-03 1.236238e-02 2.506632e-02 5.266552e-02 1.559153e-01 
416 10401 7.731655e-02 1.504391e-01 3.572865e-05 3.572865e-05 1.573709e-04 7.979990e-04 1.791945e-03 4.950424e-03 1.216306e-02 2.489057e-02 5.134379e-02 1.504391e-01 
417 10426 6.713499e-02 1.475980e-01 3.505551e-05 3.505551e-05 1.553854e-04 7.663292e-04 1.739082e-03 4.800174e-03 1.187295e-02 2.448667e-02 5.020755e-02 1.475980e-01 
418 10451 6.245199e-02 1.420361e-01 3.432800e-05 3.432800e-05 1.532559e-04 7.664598e-04 1.708948e-03 4.998563e-03 1.184807e-02 2.420330e-02 5.160012e-02 1.420361e-01 
419 10476 6.322480e-02 1.455457e-01 3.466383e-05 3.466383e-05 1.482229e-04 7.559812e-04 1.709098e-03 4.855202e-03 1.181720e-02 2.448437e-02 5.120977e-02 1.455457e-01 
420 10501 6.363570e-02 1.438142e-01 3.363806e-05 3.363806e-05 1.440281e-04 7.291347e-04 1.644088e-03 4.833419e-03 1.159116e-02 2.545699e-02 5.178407e-02 1.438142e-01 
421 10526 5.858228e-02 1.477171e-01 3.356607e-05 3.356607e-05 1.431180e-04 7.067635e-04 1.658794e-03 4.674124e-03 1.138612e-02 2.541649e-02 5.315050e-02 1.477171e-01 
422 10551 5.525045e-02 1.598671e-01 3.396421e-05 3.396421e-05 1.397981e-04 6.857568e-04 1.628817e-03 4.668673e-03 1.148022e-02 2.558343e-02 5.326699e-02 1.598671e-01 
423 10576 5.385665e-02 1.587573e-01 3.338445e-05 3.338445e-05 1.396144e-04 6.888657e-04 1.560333e-03 4.517639e-03 1.172641e-02 2.456610e-02 5.400334e-02 1.587573e-01 
424 10601 5.623008e-02 1.632669e-01 3.233156e-05 3.233156e-05 1.350002e-04 6.707257e-04 1.613442e-03 4.485664e-03 1.160796e-02 2.604276e-02 5.528662e-02 1.632669e-01 
425 10626 5.979064e-02 1.652292e-01 3.205499e-05 3.205499e-05 1.325296e-04 6.680834e-04 1.612884e-03 4.489290e-03 1.176925e-02 2.707642e-02 5.757492e-02 1.652292e-01 
426 10651 5.803220e-02 1.624393e-01 3.207934e-05 3.207934e-05 1.320536e-04 6.499052e-04 1.589761e-03 4.715304e-03 1.162979e-02 2.786409e-02 5.695695e-02 1.624393e-01 
427 10676 6.355515e-02 1.602529e-01 3.114172e-05 3.114172e-05 1.387071e-04 6.341561e-04 1.595460e-03 4.648161e-03 1.121943e-02 2.829286e-02 5.589917e-02 1.602529e-01 
428 10701 6.151384e-02 1.575636e-01 3.007612e-05 3.007612e-05 1.401771e-04 6.393880e-04 1.594596e-03 4.643628e-03 1.131462e-02 2.852073e-02 5.498822e-02 1.575636e-01 
429 10726 6.085108e-02 1.597888e-01 2.896584e-05 2.896584e-05 1.434864e-04 6.475545e-04 1.594356e-03 4.597319e-03 1.137205e-02 2.767469e-02 5.367988e-02 1.597888e-01 
430 10751 5.925473e-02 1.568064e-01 2.827435e-05 2.827435e-05 1.394226e-04 6.327956e-04 1.603272e-03 4.493848e-03 1.118678e-02 2.740286e-02 5.532222e-02 1.568064e-01 
431 10776 5.237218e-02 1.626763e-01 2.754343e-05 2.754343e-05 1.335049e-04 6.203074e-04 1.573543e-03 4.378614e-03 1.138044e-02 2.737743e-02 5.528210e-02 1.626763e-01 
432 10801 5.245062e-02 1.591009e-01 2.735532e-05 2.735532e-05 1.308846e-04 6.168680e-04 1.506260e-03 4.377707e-03 1.126024e-02 2.829936e-02 5.429892e-02 1.591009e-01 
433 10826 5.156661e-02 1.609691e-01 2.674387e-05 2.674387e-05 1.317939e-04 6.079509e-04 1.442655e-03 4.334946e-03 1.086796e-02 2.911129e-02 5.408303e-02 1.609691e-01 
434 10851 5.425614e-02 1.653564e-01 2.711340e-05 2.711340e-05 1.293893e-04 6.262794e-04 1.528673e-03 4.293602e-03 1.041677e-02 2.948339e-02 5.241347e-02 1.653564e-01 
435 10876 6.091871e-02 1.644794e-01 2.720817e-05 2.720817e-05 1.281216e-04 6.077120e-04 1.668028e-03 4.214735e-03 1.025655e-02 2.908718e-02 5.164627e-02 1.644794e-01 
436 10901 6.740103e-02 1.729095e-01 2.786207e-05 2.786207e-05 1.258987e-04 6.110419e-04 1.708181e-03 4.168360e-03 1.058867e-02 2.980314e-02 5.012414e-02 1.729095e-01 
437 10926 6.408484e-02 1.693726e-01 2.739116e-05 2.739116e-05 1.231935e-04 6.042097e-04 1.766797e-03 4.098010e-03 1.025333e-02 2.908848e-02 4.976708e-02 1.693726e-01 
438 10951 6.857809e-02 1.714832e-01 2.744538e-05 2.744538e-05 1.221411e-04 6.202749e-04 1.729018e-03 4.009993e-03 1.004360e-02 2.964618e-02 5.244521e-02 1.714832e-01 
439 10976 6.679525e-02 1.674880e-01 2.807221e-05 2.807221e-05 1.197339e-04 6.020214e-04 1.738986e-03 3.947653e-03 1.009890e-02 2.892035e-02 5.063900e-02 1.674880e-01 
440 11001 7.007277e-02 1.643088e-01 2.891958e-05 2.891958e-05 1.173897e-04 6.055777e-04 1.750963e-03 3.935379e-03 9.906508e-03 2.877916e-02 5.001849e-02 1.643088e-01 
441 11026 6.936629e-02 1.682409e-01 2.932003e-05 2.932003e-05 1.232269e-04 5.997931e-04 1.685690e-03 4.034384e-03 9.724745e-03 2.782442e-02 5.017125e-02 1.682409e-01 
