%  columns="iteration, evaluation, fitness, void, void, xrecentbest" (startseed=214508, 2015/08/21 18:33:50.09)
1 26  1.233127552861577527e+02 0 0 8.885691e-01 1.536095e+00 1.978228e+00 -2.373072e+00 7.286527e-01 9.387300e-01 1.549498e+00 5.913664e-01 1.077580e+00 
2 51  9.321701120731658818e+01 0 0 -8.536004e-01 8.591004e-01 2.254550e+00 -2.710273e+00 4.605613e-02 1.029235e+00 1.457814e+00 8.207445e-01 4.345039e-01 
3 76  2.997589458915995664e+01 0 0 8.109087e-03 7.068575e-01 5.314050e-01 1.777567e-01 6.335768e-01 1.805171e-01 1.451021e+00 1.136059e+00 1.156152e+00 
4 101  4.552922710577869481e+01 0 0 2.123657e+00 7.413021e-01 1.638796e+00 -1.372581e+00 2.203048e-01 1.356569e+00 9.149672e-01 5.685362e-01 1.528255e+00 
5 126  1.209836958296407232e+02 0 0 1.744916e+00 1.008194e+00 6.553974e-01 -3.390255e-02 7.052511e-01 1.399245e+00 1.087943e+00 1.086229e+00 1.690453e+00 
6 151  1.236063993004024582e+02 0 0 1.120237e+00 1.142924e+00 2.361692e+00 -1.383593e+00 1.563085e+00 6.772325e-01 9.322005e-01 6.327873e-01 1.290736e+00 
7 176  4.998093426018666463e+01 0 0 3.811616e-01 8.966387e-01 2.885881e+00 2.324966e-01 2.336570e+00 8.683761e-01 9.065861e-01 6.858440e-01 1.461357e+00 
8 201  3.691122724515316378e+01 0 0 1.282313e-01 2.144625e-01 2.175217e+00 5.207596e-01 1.025912e+00 7.735128e-01 1.082991e+00 5.626599e-01 1.770830e+00 
9 226  1.235886880681185289e+02 0 0 1.831763e+00 1.059246e+00 3.297481e+00 -2.232810e+00 2.235954e+00 1.086805e+00 7.335010e-01 9.615808e-01 1.145626e+00 
10 251  3.493218583339040606e+01 0 0 1.212052e+00 9.910445e-01 3.234581e+00 3.057534e-02 1.597998e+00 9.842360e-01 8.814326e-01 1.038966e+00 1.602973e+00 
11 276  1.226228808546129585e+02 0 0 5.235262e-01 5.372661e-02 2.971705e+00 1.132580e+00 2.189321e+00 9.043382e-01 5.930968e-01 2.421850e-01 1.637356e+00 
12 301  2.683229184634644326e+01 0 0 4.954796e-01 2.644293e-01 1.903290e+00 3.829068e-01 1.350496e+00 1.185675e+00 6.760932e-01 2.374344e-01 1.308329e+00 
13 326  2.974393277908306032e+01 0 0 9.688501e-02 1.894230e-01 2.256706e+00 1.847227e+00 1.542520e+00 6.702395e-01 8.876141e-01 3.583042e-01 1.456403e+00 
14 351  1.009821788295599845e+02 0 0 6.440608e-01 1.314556e-01 2.184914e+00 2.717166e-01 1.290064e+00 6.083569e-01 8.374445e-01 3.915259e-01 1.460680e+00 
15 376  1.158040291432890854e+02 0 0 5.547542e-01 1.541041e-01 3.118290e+00 9.871882e-01 1.281197e+00 7.979865e-01 8.292791e-01 2.005278e-01 1.580558e+00 
16 401  2.681008372394156680e+01 0 0 3.795163e-01 2.053579e-01 2.134339e+00 9.032334e-01 1.750416e+00 6.304781e-01 1.006774e+00 2.326702e-01 1.588821e+00 
17 426  2.815850322559360208e+01 0 0 3.450521e-01 2.836609e-01 2.191094e+00 4.354262e-01 1.608046e+00 8.203107e-01 8.054445e-01 3.604835e-01 1.512304e+00 
18 451  8.845020933553352904e+01 0 0 3.832797e-01 2.344738e-01 2.988423e+00 4.448598e-01 1.010552e+00 4.030660e-01 1.014972e+00 7.950660e-02 1.359880e+00 
19 476  4.477887482303727751e+01 0 0 2.393100e-01 1.626358e-01 1.879995e+00 1.238291e+00 1.747619e+00 8.555264e-01 7.432508e-01 2.812576e-01 1.556416e+00 
20 501  6.491459089278444594e+01 0 0 4.786684e-01 2.737945e-01 2.004578e+00 3.178024e-01 1.581992e+00 7.231479e-01 9.083677e-01 2.547889e-01 1.664478e+00 
21 526  3.985947745632425665e+01 0 0 3.857134e-01 3.764897e-01 1.839176e+00 4.487564e-01 1.381968e+00 6.493249e-01 8.748877e-01 1.796644e-01 1.678415e+00 
22 551  3.311086440570118583e+01 0 0 2.585249e-01 4.907554e-01 1.799215e+00 1.683850e+00 1.265205e+00 6.822913e-01 8.806398e-01 5.467780e-02 1.567578e+00 
23 576  2.934541605501929951e+01 0 0 3.501412e-01 2.742946e-01 1.882943e+00 9.391856e-01 1.418196e+00 5.436353e-01 8.469519e-01 1.081723e-01 1.690172e+00 
24 601  2.930896682773948214e+01 0 0 5.148056e-01 2.781376e-01 1.929607e+00 7.674288e-01 1.294515e+00 6.330186e-01 8.873795e-01 7.317064e-02 1.656330e+00 
25 626  2.543396297047333832e+01 0 0 2.434303e-01 2.601789e-01 1.924124e+00 9.083977e-01 1.565665e+00 7.765442e-01 7.853612e-01 2.317978e-01 1.649831e+00 
26 651  3.481409963361721793e+01 0 0 3.309750e-01 2.250618e-01 2.151904e+00 5.133308e-01 1.563920e+00 6.860846e-01 8.726680e-01 3.078436e-01 1.601569e+00 
27 676  2.582763697069219688e+01 0 0 3.066287e-01 1.773730e-01 2.199130e+00 8.127089e-01 1.488943e+00 7.040876e-01 7.008611e-01 2.432603e-01 1.589013e+00 
28 701  2.494690753972319541e+01 0 0 4.402910e-01 2.342279e-01 1.966976e+00 6.033776e-01 1.567895e+00 7.922528e-01 8.295414e-01 2.259161e-01 1.748096e+00 
29 726  2.537487565966784331e+01 0 0 3.430679e-01 2.002866e-01 1.969113e+00 6.941024e-01 1.629549e+00 7.264743e-01 7.084703e-01 2.918466e-01 1.789685e+00 
30 751  2.616140508384129859e+01 0 0 6.500469e-01 2.715153e-01 2.507322e+00 3.211084e-01 1.827514e+00 7.233255e-01 7.429462e-01 3.895933e-01 1.695023e+00 
31 776  2.422589124417813622e+01 0 0 3.052025e-01 2.447818e-01 2.443539e+00 8.475669e-01 1.836636e+00 7.935994e-01 7.277792e-01 3.620111e-01 1.736793e+00 
32 801  2.461346177128536894e+01 0 0 3.596976e-01 1.010106e-01 2.448933e+00 8.279098e-01 1.527760e+00 7.378200e-01 6.278722e-01 3.894734e-01 1.604460e+00 
33 826  2.337300857414033928e+01 0 0 4.663701e-01 1.484937e-01 3.062795e+00 7.275936e-01 1.854765e+00 6.382187e-01 6.952904e-01 4.299694e-01 1.861880e+00 
34 851  2.412102995677769357e+01 0 0 5.046535e-01 3.456603e-01 2.846813e+00 3.838279e-01 1.795247e+00 7.801810e-01 6.999641e-01 3.618120e-01 1.605619e+00 
35 876  3.304450963276937614e+01 0 0 4.041616e-01 2.816599e-01 2.997090e+00 6.236002e-01 2.218132e+00 6.854761e-01 8.124357e-01 3.983339e-01 1.800076e+00 
36 901  4.940845539292106281e+01 0 0 3.211427e-01 3.150840e-01 2.726935e+00 4.775447e-01 1.812357e+00 6.225054e-01 6.874682e-01 4.809660e-01 1.730212e+00 
37 926  2.432513804188295836e+01 0 0 4.570524e-01 3.653747e-01 2.480590e+00 3.032170e-01 1.687383e+00 6.978759e-01 7.451163e-01 3.622674e-01 1.678162e+00 
38 951  2.761956291725998369e+01 0 0 2.464012e-01 2.056515e-01 2.527713e+00 9.313404e-01 1.718538e+00 8.085119e-01 7.291970e-01 4.565467e-01 1.786593e+00 
39 976  2.444247682981878711e+01 0 0 2.513105e-01 4.211764e-01 3.213580e+00 6.679175e-01 1.951311e+00 5.908863e-01 7.595139e-01 4.120258e-01 1.763945e+00 
40 1001  2.433474872521829724e+01 0 0 6.216726e-01 3.467775e-01 2.912288e+00 4.410682e-01 2.030658e+00 6.838123e-01 7.341281e-01 3.212102e-01 1.754990e+00 
41 1026  2.864584795466464229e+01 0 0 5.015260e-01 3.916024e-01 2.697714e+00 3.858300e-01 2.037167e+00 7.061278e-01 7.172904e-01 3.978466e-01 1.545023e+00 
42 1051  2.446784783465516355e+01 0 0 4.079201e-01 3.135448e-01 2.386384e+00 4.224802e-01 1.641965e+00 7.393615e-01 7.636784e-01 3.235840e-01 1.667653e+00 
43 1076  2.377573431086723232e+01 0 0 2.851601e-01 2.602432e-01 3.128970e+00 8.017873e-01 1.837046e+00 7.868078e-01 7.041346e-01 4.580004e-01 1.802178e+00 
44 1101  2.372075921691542177e+01 0 0 4.104344e-01 3.634742e-01 2.965434e+00 3.801349e-01 1.906397e+00 7.562174e-01 6.268846e-01 4.972388e-01 1.720877e+00 
45 1126  2.264967306418254012e+01 0 0 4.859367e-01 3.454596e-01 2.994545e+00 3.366580e-01 1.835217e+00 7.838758e-01 6.053885e-01 4.665845e-01 1.860506e+00 
46 1151  2.392432588919929159e+01 0 0 3.166563e-01 3.720730e-01 2.645253e+00 4.171965e-01 1.652027e+00 6.881848e-01 7.019166e-01 3.697283e-01 1.719291e+00 
47 1176  2.411352663500889904e+01 0 0 3.899888e-01 3.732028e-01 2.905075e+00 4.920294e-01 1.846210e+00 6.193114e-01 7.014843e-01 3.248121e-01 1.711312e+00 
48 1201  2.376377165928344226e+01 0 0 5.015939e-01 2.806047e-01 2.784661e+00 4.433069e-01 1.752556e+00 6.590193e-01 6.782160e-01 3.079799e-01 1.778233e+00 
49 1226  2.328651162191330926e+01 0 0 5.488534e-01 3.246834e-01 3.291381e+00 4.322494e-01 2.005327e+00 6.766834e-01 6.583626e-01 3.934572e-01 1.818601e+00 
50 1251  2.423877849793199957e+01 0 0 6.247600e-01 3.055987e-01 3.132541e+00 4.103816e-01 2.002199e+00 7.006947e-01 7.617753e-01 4.020516e-01 1.782727e+00 
51 1276  2.277416602732077777e+01 0 0 5.091229e-01 3.408054e-01 3.142109e+00 3.448201e-01 1.981602e+00 7.287389e-01 5.955549e-01 4.941222e-01 1.850620e+00 
52 1301  2.319328486537344247e+01 0 0 4.093727e-01 4.452172e-01 2.802176e+00 3.840798e-01 2.015433e+00 6.980223e-01 6.740051e-01 4.462473e-01 1.905242e+00 
53 1326  2.302834140062435964e+01 0 0 5.167125e-01 3.354221e-01 2.896387e+00 3.731010e-01 2.024662e+00 7.385970e-01 6.527384e-01 4.752525e-01 1.848343e+00 
54 1351  2.248464637519799325e+01 0 0 4.541801e-01 3.176757e-01 3.221545e+00 4.166013e-01 2.065110e+00 7.566852e-01 6.004125e-01 5.620432e-01 1.914071e+00 
55 1376  2.331210850184045924e+01 0 0 4.875740e-01 2.755743e-01 3.354713e+00 5.179520e-01 2.047911e+00 7.784177e-01 6.497203e-01 5.027239e-01 1.878930e+00 
56 1401  2.284291418567770648e+01 0 0 3.936610e-01 2.882094e-01 2.744365e+00 4.022445e-01 1.853892e+00 7.146526e-01 6.309169e-01 4.983049e-01 1.847355e+00 
57 1426  2.329287913213703121e+01 0 0 5.667746e-01 2.944433e-01 2.931913e+00 4.210026e-01 1.829882e+00 7.068028e-01 6.443298e-01 3.333618e-01 1.935170e+00 
58 1451  2.273858690122676407e+01 0 0 3.704416e-01 3.331698e-01 3.241150e+00 5.227573e-01 1.887962e+00 7.591758e-01 6.437506e-01 4.656878e-01 1.913927e+00 
59 1476  2.275747819229177793e+01 0 0 3.806200e-01 4.192466e-01 3.201118e+00 3.957702e-01 1.965466e+00 7.304798e-01 5.710195e-01 4.890267e-01 1.971155e+00 
60 1501  2.293315069947599838e+01 0 0 4.119713e-01 2.835988e-01 3.412058e+00 5.911763e-01 1.977295e+00 6.997428e-01 6.765175e-01 4.666135e-01 1.957690e+00 
61 1526  2.287696565898534118e+01 0 0 4.006092e-01 2.677922e-01 3.196105e+00 5.421007e-01 1.931777e+00 7.458896e-01 6.164097e-01 4.925249e-01 1.965471e+00 
62 1551  2.260748069996162712e+01 0 0 2.842458e-01 2.957265e-01 2.960610e+00 5.262817e-01 1.793196e+00 7.293357e-01 5.737269e-01 5.076222e-01 1.866163e+00 
63 1576  2.200220047580393867e+01 0 0 3.696434e-01 3.591593e-01 3.397125e+00 4.405966e-01 1.950550e+00 7.508155e-01 5.912184e-01 5.669481e-01 2.079865e+00 
64 1601  2.276502000582611274e+01 0 0 3.505503e-01 3.305792e-01 3.190798e+00 4.620447e-01 1.922532e+00 7.695361e-01 5.685256e-01 5.457441e-01 1.960884e+00 
65 1626  2.202113264654115454e+01 0 0 3.612531e-01 2.817768e-01 3.237291e+00 4.969078e-01 1.793519e+00 7.573065e-01 5.802485e-01 5.101071e-01 1.990495e+00 
66 1651  2.222744513323752358e+01 0 0 3.140812e-01 3.165279e-01 2.993338e+00 4.782823e-01 1.795650e+00 7.410910e-01 5.932752e-01 5.106186e-01 1.955400e+00 
67 1676  2.225900533224641009e+01 0 0 3.435335e-01 2.309462e-01 3.278544e+00 5.896874e-01 1.810794e+00 7.515745e-01 5.477231e-01 5.282832e-01 2.021478e+00 
68 1701  2.201821300743016607e+01 0 0 3.143518e-01 2.980962e-01 3.243404e+00 5.176803e-01 1.738642e+00 7.272085e-01 5.829234e-01 4.942357e-01 2.014850e+00 
69 1726  2.206256281836841282e+01 0 0 4.278470e-01 3.410362e-01 3.327209e+00 3.843205e-01 1.872075e+00 7.155243e-01 5.934395e-01 5.124654e-01 2.033284e+00 
70 1751  2.217347719815738927e+01 0 0 2.930230e-01 2.897593e-01 2.961752e+00 5.442343e-01 1.777540e+00 7.806534e-01 5.955736e-01 5.273098e-01 1.976445e+00 
71 1776  2.226560756564245480e+01 0 0 3.234671e-01 2.879262e-01 3.137242e+00 6.003303e-01 1.858485e+00 7.878216e-01 6.046600e-01 5.052712e-01 1.964859e+00 
72 1801  2.227044599405792269e+01 0 0 3.182608e-01 3.171789e-01 3.208968e+00 5.626546e-01 1.858968e+00 7.383638e-01 6.045412e-01 4.875768e-01 1.969041e+00 
73 1826  2.196401436171569088e+01 0 0 3.660797e-01 2.699409e-01 3.092743e+00 5.282797e-01 1.896603e+00 8.120349e-01 5.602746e-01 5.548735e-01 1.967723e+00 
74 1851  2.178142732586182007e+01 0 0 2.757453e-01 3.184748e-01 3.183565e+00 5.329642e-01 1.787743e+00 7.629928e-01 5.364920e-01 5.535184e-01 2.063716e+00 
75 1876  2.192179191808693517e+01 0 0 4.664428e-01 2.080560e-01 3.276368e+00 5.462854e-01 1.936732e+00 8.157005e-01 5.705726e-01 5.840808e-01 1.996159e+00 
76 1901  2.193980819922847658e+01 0 0 3.446162e-01 3.019941e-01 3.122332e+00 5.027343e-01 1.809121e+00 7.487505e-01 5.583825e-01 4.782620e-01 1.957826e+00 
77 1926  2.176679221390938679e+01 0 0 4.022178e-01 2.975715e-01 3.489632e+00 5.207272e-01 1.941107e+00 7.935006e-01 5.226760e-01 5.357888e-01 2.020306e+00 
78 1951  2.127529759412214361e+01 0 0 3.928772e-01 3.040610e-01 3.429602e+00 4.530893e-01 1.980426e+00 8.116514e-01 4.962006e-01 6.259144e-01 2.017372e+00 
79 1976  2.097750689312093897e+01 0 0 3.335972e-01 3.672444e-01 3.457541e+00 4.217669e-01 1.923348e+00 8.954776e-01 4.165965e-01 6.599481e-01 2.064807e+00 
80 2001  2.144187895971693436e+01 0 0 3.599852e-01 3.332056e-01 3.195228e+00 4.233097e-01 1.843027e+00 8.263739e-01 5.108824e-01 5.630104e-01 2.029212e+00 
81 2026  2.105186160223441050e+01 0 0 4.087348e-01 2.263516e-01 3.473420e+00 5.611567e-01 1.942020e+00 8.852475e-01 4.670655e-01 6.498386e-01 2.046247e+00 
82 2051  2.122650963877614316e+01 0 0 3.901124e-01 2.297018e-01 3.409108e+00 5.565000e-01 1.897998e+00 8.290359e-01 4.889208e-01 6.101526e-01 2.027188e+00 
83 2076  2.132825575472102031e+01 0 0 3.699615e-01 2.266960e-01 3.355918e+00 5.495577e-01 1.896883e+00 8.042267e-01 4.580525e-01 6.096258e-01 2.039731e+00 
84 2101  2.117494134565453123e+01 0 0 4.081668e-01 3.003159e-01 3.530753e+00 4.901065e-01 2.008431e+00 8.676016e-01 4.818525e-01 6.246754e-01 2.048529e+00 
85 2126  2.100785171385500405e+01 0 0 4.511119e-01 2.289788e-01 3.296258e+00 4.493811e-01 1.874180e+00 8.123575e-01 4.350044e-01 5.896541e-01 1.984503e+00 
86 2151  2.109951725409600698e+01 0 0 4.783330e-01 2.493413e-01 3.344559e+00 4.388790e-01 1.994570e+00 8.857255e-01 4.512989e-01 6.506133e-01 2.019762e+00 
87 2176  2.092121781363547228e+01 0 0 3.457452e-01 2.567917e-01 3.327036e+00 4.820452e-01 1.821271e+00 8.356886e-01 4.361471e-01 6.390242e-01 2.063150e+00 
88 2201  2.090703613894765311e+01 0 0 4.622044e-01 2.381334e-01 3.253170e+00 4.130719e-01 1.932281e+00 9.097794e-01 4.248971e-01 6.890853e-01 2.022737e+00 
89 2226  2.090197513271789020e+01 0 0 4.405825e-01 2.291026e-01 3.458850e+00 5.107662e-01 1.998906e+00 8.498259e-01 4.308333e-01 6.550526e-01 1.998377e+00 
90 2251  2.093279109195750110e+01 0 0 4.238967e-01 2.348473e-01 3.273683e+00 4.524076e-01 1.891183e+00 8.887141e-01 4.328678e-01 6.597345e-01 2.003429e+00 
91 2276  2.075099469649184414e+01 0 0 4.996204e-01 2.584718e-01 3.291819e+00 3.994362e-01 1.974218e+00 8.702226e-01 4.155547e-01 6.271406e-01 2.012447e+00 
92 2301  2.078257415381134976e+01 0 0 4.279315e-01 2.260494e-01 3.286252e+00 4.637116e-01 1.882277e+00 8.815579e-01 3.988799e-01 6.497261e-01 2.005757e+00 
93 2326  2.055711842716796056e+01 0 0 4.478948e-01 2.298344e-01 3.300166e+00 4.442218e-01 1.933329e+00 8.943302e-01 3.889203e-01 6.736873e-01 2.046816e+00 
94 2351  2.066108917386665667e+01 0 0 4.473566e-01 2.401941e-01 3.320394e+00 4.256435e-01 1.895366e+00 8.745490e-01 3.955711e-01 6.455549e-01 2.001253e+00 
95 2376  2.037701677517980414e+01 0 0 4.522673e-01 2.067592e-01 3.202685e+00 4.328700e-01 1.874432e+00 9.152458e-01 3.420029e-01 6.874803e-01 1.999541e+00 
96 2401  2.019515927389539556e+01 0 0 4.492977e-01 2.111836e-01 3.125155e+00 3.895473e-01 1.774406e+00 9.011696e-01 3.091758e-01 6.377761e-01 2.000266e+00 
97 2426  2.033800143136501859e+01 0 0 4.713245e-01 1.778693e-01 3.149436e+00 4.173148e-01 1.757964e+00 9.462856e-01 3.091232e-01 6.795918e-01 2.036508e+00 
98 2451  2.020456145219235466e+01 0 0 4.657347e-01 2.594297e-01 2.942926e+00 3.144570e-01 1.804479e+00 9.473468e-01 3.120844e-01 6.551635e-01 1.999402e+00 
99 2476  1.997697298687464595e+01 0 0 4.606989e-01 2.291649e-01 2.979500e+00 3.320006e-01 1.816308e+00 9.971055e-01 2.369323e-01 7.151566e-01 1.999794e+00 
100 2501  1.991439457162316273e+01 0 0 4.323047e-01 2.077852e-01 3.061656e+00 3.565722e-01 1.755304e+00 9.841040e-01 2.234964e-01 7.363262e-01 2.039768e+00 
101 2526  1.987998019608149036e+01 0 0 4.123952e-01 2.294506e-01 2.883106e+00 3.332681e-01 1.733497e+00 9.786858e-01 2.338236e-01 6.967979e-01 2.034396e+00 
102 2551  2.023676342463038225e+01 0 0 4.396666e-01 1.866570e-01 3.030454e+00 4.118190e-01 1.721266e+00 9.164939e-01 3.012876e-01 6.370520e-01 1.975363e+00 
103 2576  2.013489860298887280e+01 0 0 3.926239e-01 1.882681e-01 3.007044e+00 4.527077e-01 1.711838e+00 9.174282e-01 2.802287e-01 6.264440e-01 1.977320e+00 
104 2601  2.000030781556671755e+01 0 0 3.772216e-01 1.870860e-01 3.043570e+00 4.321552e-01 1.663491e+00 9.564855e-01 2.249639e-01 6.700687e-01 2.029162e+00 
105 2626  1.997885638256686036e+01 0 0 3.974665e-01 2.347462e-01 2.991253e+00 3.516268e-01 1.735079e+00 9.955131e-01 2.330000e-01 6.992223e-01 1.995888e+00 
106 2651  2.018536998725815224e+01 0 0 3.783561e-01 2.348737e-01 3.110753e+00 3.991078e-01 1.796227e+00 9.569136e-01 2.512046e-01 6.965980e-01 2.004471e+00 
107 2676  1.999001906980823406e+01 0 0 4.275115e-01 2.203949e-01 3.121761e+00 3.683509e-01 1.805078e+00 9.568207e-01 2.568914e-01 7.226509e-01 2.004646e+00 
108 2701  1.985689050636850794e+01 0 0 3.841843e-01 2.053980e-01 3.089984e+00 4.026567e-01 1.734554e+00 9.927191e-01 2.101501e-01 7.283362e-01 2.021076e+00 
109 2726  1.980984687236714947e+01 0 0 3.943265e-01 2.269199e-01 3.112578e+00 3.590433e-01 1.753307e+00 1.033963e+00 1.699396e-01 7.548642e-01 2.030403e+00 
110 2751  2.000070720123167689e+01 0 0 3.905699e-01 2.512505e-01 3.021938e+00 3.509384e-01 1.774768e+00 9.843742e-01 2.241795e-01 6.988199e-01 1.974306e+00 
111 2776  1.995513058325862588e+01 0 0 3.999346e-01 2.274282e-01 2.941520e+00 3.467197e-01 1.707736e+00 9.900289e-01 2.329416e-01 6.930610e-01 1.994833e+00 
112 2801  1.989075973385529394e+01 0 0 4.343315e-01 2.412555e-01 3.069103e+00 3.373145e-01 1.818217e+00 1.013235e+00 2.088400e-01 7.354168e-01 1.991694e+00 
113 2826  1.989959918561298124e+01 0 0 4.275901e-01 2.355442e-01 3.163554e+00 3.651466e-01 1.819953e+00 1.020717e+00 2.088793e-01 7.347357e-01 2.003986e+00 
114 2851  1.988168607127461485e+01 0 0 4.245224e-01 2.567239e-01 3.097199e+00 3.446020e-01 1.880377e+00 1.080309e+00 1.951937e-01 7.929217e-01 2.010893e+00 
115 2876  1.981633246654116931e+01 0 0 3.764877e-01 2.260914e-01 3.283486e+00 4.157321e-01 1.816551e+00 1.019856e+00 1.981752e-01 7.766137e-01 2.027322e+00 
116 2901  1.983557159473681608e+01 0 0 4.284326e-01 2.144915e-01 3.196280e+00 3.540887e-01 1.765692e+00 1.021148e+00 1.546816e-01 7.556248e-01 2.012363e+00 
117 2926  1.983086698246307122e+01 0 0 4.295478e-01 2.133860e-01 3.248279e+00 3.853377e-01 1.825060e+00 1.023726e+00 1.844508e-01 7.681274e-01 2.039796e+00 
118 2951  1.987011064715179032e+01 0 0 3.669382e-01 2.375479e-01 3.108629e+00 3.945666e-01 1.825275e+00 1.111904e+00 1.767196e-01 8.186673e-01 2.001541e+00 
119 2976  1.987190923855981595e+01 0 0 3.911665e-01 2.593804e-01 3.144170e+00 3.460657e-01 1.861029e+00 1.120517e+00 1.294795e-01 8.349896e-01 2.023717e+00 
120 3001  1.981298108976336181e+01 0 0 3.956164e-01 2.471864e-01 3.062050e+00 3.590727e-01 1.873089e+00 1.108638e+00 1.776465e-01 8.383146e-01 2.009979e+00 
121 3026  1.980114381243609145e+01 0 0 3.974864e-01 2.417144e-01 3.201525e+00 3.756260e-01 1.857818e+00 1.096574e+00 1.717099e-01 8.236760e-01 2.023255e+00 
122 3051  1.979490469079302883e+01 0 0 3.880589e-01 2.261426e-01 3.130981e+00 3.690613e-01 1.795131e+00 1.088809e+00 1.672544e-01 8.258690e-01 2.019714e+00 
123 3076  1.981540989397150199e+01 0 0 3.801369e-01 2.334767e-01 3.093214e+00 3.660099e-01 1.785651e+00 1.091645e+00 1.648945e-01 8.104249e-01 2.017767e+00 
124 3101  1.980231752122337241e+01 0 0 3.615585e-01 2.346904e-01 3.168496e+00 3.783910e-01 1.749556e+00 1.042313e+00 1.761619e-01 7.753109e-01 2.032042e+00 
125 3126  1.982624579883561466e+01 0 0 3.834756e-01 2.326192e-01 3.139299e+00 3.876241e-01 1.818133e+00 1.072378e+00 1.941053e-01 7.976732e-01 2.026718e+00 
126 3151  1.977187490396162062e+01 0 0 3.669454e-01 2.453936e-01 3.110853e+00 3.639345e-01 1.798366e+00 1.087216e+00 1.756531e-01 8.254536e-01 2.034414e+00 
127 3176  1.979361950586177699e+01 0 0 4.097371e-01 2.452586e-01 3.147324e+00 3.511285e-01 1.831692e+00 1.095073e+00 1.723349e-01 8.056280e-01 2.026591e+00 
128 3201  1.980479278707451485e+01 0 0 3.976351e-01 2.510184e-01 3.146357e+00 3.576944e-01 1.847611e+00 1.105208e+00 1.680469e-01 8.170046e-01 2.023059e+00 
129 3226  1.979688834044125301e+01 0 0 3.990620e-01 2.641930e-01 3.188933e+00 3.476425e-01 1.885790e+00 1.119594e+00 1.605511e-01 8.496054e-01 2.029226e+00 
130 3251  1.980194331732631596e+01 0 0 3.813520e-01 2.470605e-01 3.229123e+00 3.971162e-01 1.871842e+00 1.110706e+00 1.795759e-01 8.291897e-01 2.022668e+00 
131 3276  1.978828228002039324e+01 0 0 4.141612e-01 2.651018e-01 3.231105e+00 3.540179e-01 1.902274e+00 1.107571e+00 1.870957e-01 8.294654e-01 2.023272e+00 
132 3301  1.978418863059990684e+01 0 0 3.886599e-01 2.424533e-01 3.173413e+00 3.833491e-01 1.876512e+00 1.109590e+00 1.763271e-01 8.438290e-01 2.024618e+00 
133 3326  1.979677650272224909e+01 0 0 3.968554e-01 2.483566e-01 3.209028e+00 3.769413e-01 1.889366e+00 1.120856e+00 1.534330e-01 8.402008e-01 2.026777e+00 
134 3351  1.980019259432799217e+01 0 0 3.812925e-01 2.411944e-01 3.223107e+00 3.927475e-01 1.842320e+00 1.094903e+00 1.649712e-01 8.115786e-01 2.020754e+00 
135 3376  1.979924213327307925e+01 0 0 3.819829e-01 2.459930e-01 3.271236e+00 3.929730e-01 1.856011e+00 1.095676e+00 1.692607e-01 8.188656e-01 2.024544e+00 
136 3401  1.979472237492777964e+01 0 0 3.974242e-01 2.431161e-01 3.320376e+00 3.917177e-01 1.878820e+00 1.084389e+00 1.712288e-01 8.233326e-01 2.018268e+00 
137 3426  1.979494814850983886e+01 0 0 3.625895e-01 2.409926e-01 3.274022e+00 4.112677e-01 1.819112e+00 1.086371e+00 1.722020e-01 8.047492e-01 2.026347e+00 
138 3451  1.977978827218190716e+01 0 0 3.528959e-01 2.453249e-01 3.228204e+00 4.170850e-01 1.843487e+00 1.097387e+00 1.736811e-01 8.198540e-01 2.022646e+00 
139 3476  1.978215673516697137e+01 0 0 3.967612e-01 2.623551e-01 3.240175e+00 3.671913e-01 1.905051e+00 1.110555e+00 1.739570e-01 8.444466e-01 2.024634e+00 
140 3501  1.979689681997510675e+01 0 0 3.982698e-01 2.584397e-01 3.176127e+00 3.684687e-01 1.915415e+00 1.131936e+00 1.631625e-01 8.523425e-01 2.014914e+00 
141 3526  1.978869990407315882e+01 0 0 3.962873e-01 2.620543e-01 3.206773e+00 3.592021e-01 1.886807e+00 1.111739e+00 1.716296e-01 8.390864e-01 2.025140e+00 
142 3551  1.978945026385393646e+01 0 0 3.949162e-01 2.454881e-01 3.211404e+00 3.745903e-01 1.880974e+00 1.120819e+00 1.578711e-01 8.524135e-01 2.025811e+00 
143 3576  1.978789254191304892e+01 0 0 3.907386e-01 2.540230e-01 3.211615e+00 3.784213e-01 1.904491e+00 1.137626e+00 1.629650e-01 8.631068e-01 2.022370e+00 
144 3601  1.977816885846504036e+01 0 0 3.982168e-01 2.533246e-01 3.222988e+00 3.727385e-01 1.885789e+00 1.122153e+00 1.817650e-01 8.439390e-01 2.022432e+00 
145 3626  1.978657419527338490e+01 0 0 3.820523e-01 2.522167e-01 3.191329e+00 3.759200e-01 1.875756e+00 1.124055e+00 1.650217e-01 8.516150e-01 2.022315e+00 
146 3651  1.979440223192829507e+01 0 0 3.878070e-01 2.629203e-01 3.183224e+00 3.654315e-01 1.887992e+00 1.131138e+00 1.805291e-01 8.523764e-01 2.021084e+00 
147 3676  1.979273620669745171e+01 0 0 3.751855e-01 2.546383e-01 3.226946e+00 3.887225e-01 1.873472e+00 1.107500e+00 1.844673e-01 8.360848e-01 2.023958e+00 
148 3701  1.979028286843078632e+01 0 0 3.870835e-01 2.396629e-01 3.158911e+00 3.712641e-01 1.836638e+00 1.125567e+00 1.635651e-01 8.473001e-01 2.025158e+00 
149 3726  1.977963233304175006e+01 0 0 3.948475e-01 2.545790e-01 3.188938e+00 3.650098e-01 1.873430e+00 1.120321e+00 1.759465e-01 8.436914e-01 2.025728e+00 
150 3751  1.978737400923338186e+01 0 0 3.793677e-01 2.542883e-01 3.233336e+00 3.823996e-01 1.867806e+00 1.115019e+00 1.746022e-01 8.408044e-01 2.025969e+00 
151 3776  1.978931993963204050e+01 0 0 3.831327e-01 2.521783e-01 3.225771e+00 3.847717e-01 1.877159e+00 1.112548e+00 1.794614e-01 8.404372e-01 2.025430e+00 
152 3801  1.978701565824790265e+01 0 0 3.721091e-01 2.492833e-01 3.199085e+00 3.871715e-01 1.864532e+00 1.130353e+00 1.653788e-01 8.550996e-01 2.023201e+00 
153 3826  1.979014391201571499e+01 0 0 3.768895e-01 2.507365e-01 3.177412e+00 3.776092e-01 1.854778e+00 1.128043e+00 1.677653e-01 8.470778e-01 2.025368e+00 
154 3851  1.977461310669862016e+01 0 0 3.847280e-01 2.554851e-01 3.187858e+00 3.732802e-01 1.886901e+00 1.143452e+00 1.600685e-01 8.628718e-01 2.026569e+00 
155 3876  1.977061535871386866e+01 0 0 3.805305e-01 2.497517e-01 3.187790e+00 3.858253e-01 1.890294e+00 1.141866e+00 1.642813e-01 8.667003e-01 2.026021e+00 
156 3901  1.978479750262641446e+01 0 0 3.875891e-01 2.530230e-01 3.204520e+00 3.735104e-01 1.879164e+00 1.127782e+00 1.662331e-01 8.529551e-01 2.025992e+00 
157 3926  1.978188803364217208e+01 0 0 3.737540e-01 2.578783e-01 3.221414e+00 3.873631e-01 1.884497e+00 1.123533e+00 1.744073e-01 8.485939e-01 2.025099e+00 
158 3951  1.976987499362630984e+01 0 0 3.883946e-01 2.511185e-01 3.172056e+00 3.751565e-01 1.890662e+00 1.137424e+00 1.632192e-01 8.621095e-01 2.025133e+00 
159 3976  1.977130190271932975e+01 0 0 3.935325e-01 2.487283e-01 3.211109e+00 3.748631e-01 1.883533e+00 1.128639e+00 1.634965e-01 8.544154e-01 2.026233e+00 
160 4001  1.977664809593181872e+01 0 0 3.872119e-01 2.513691e-01 3.178432e+00 3.749855e-01 1.882008e+00 1.127758e+00 1.668214e-01 8.523319e-01 2.023934e+00 
161 4026  1.978082439607950249e+01 0 0 3.803416e-01 2.488920e-01 3.219334e+00 3.904862e-01 1.883889e+00 1.129678e+00 1.719991e-01 8.553915e-01 2.025501e+00 
162 4051  1.976696856864120022e+01 0 0 3.837198e-01 2.501039e-01 3.214700e+00 3.833624e-01 1.878708e+00 1.123679e+00 1.713161e-01 8.504018e-01 2.026923e+00 
163 4076  1.977636471231751969e+01 0 0 3.782729e-01 2.469170e-01 3.230186e+00 3.896017e-01 1.858684e+00 1.112842e+00 1.736574e-01 8.376725e-01 2.024772e+00 
164 4101  1.977987677429815960e+01 0 0 3.776472e-01 2.480162e-01 3.239384e+00 3.926502e-01 1.868061e+00 1.121797e+00 1.711125e-01 8.449759e-01 2.026972e+00 
165 4126  1.977979708571014683e+01 0 0 3.752528e-01 2.514490e-01 3.225891e+00 3.877167e-01 1.860923e+00 1.111624e+00 1.699699e-01 8.331662e-01 2.024603e+00 
166 4151  1.978138857421823715e+01 0 0 3.813407e-01 2.509798e-01 3.247841e+00 3.870881e-01 1.881181e+00 1.133118e+00 1.603170e-01 8.551986e-01 2.027034e+00 
167 4176  1.978225919802017074e+01 0 0 3.895761e-01 2.541060e-01 3.201480e+00 3.718756e-01 1.880475e+00 1.121697e+00 1.667102e-01 8.456369e-01 2.027139e+00 
168 4201  1.977831664303586479e+01 0 0 3.821109e-01 2.526863e-01 3.220276e+00 3.789208e-01 1.858491e+00 1.106258e+00 1.755492e-01 8.303283e-01 2.024608e+00 
169 4226  1.977586714170097082e+01 0 0 3.799194e-01 2.533765e-01 3.220648e+00 3.800771e-01 1.866356e+00 1.114793e+00 1.665985e-01 8.392868e-01 2.025992e+00 
170 4251  1.978440254915745200e+01 0 0 3.874807e-01 2.521567e-01 3.200478e+00 3.702984e-01 1.868379e+00 1.115293e+00 1.667378e-01 8.443999e-01 2.025669e+00 
171 4276  1.976938401205824647e+01 0 0 3.813211e-01 2.538957e-01 3.196077e+00 3.714413e-01 1.859368e+00 1.110785e+00 1.658690e-01 8.383832e-01 2.025727e+00 
172 4301  1.978394877411773223e+01 0 0 3.827391e-01 2.536355e-01 3.185976e+00 3.689407e-01 1.850715e+00 1.102791e+00 1.785535e-01 8.318587e-01 2.026160e+00 
173 4326  1.976578063823662745e+01 0 0 3.823757e-01 2.508908e-01 3.188472e+00 3.688085e-01 1.849379e+00 1.110155e+00 1.684450e-01 8.399899e-01 2.026895e+00 
174 4351  1.977600764871469252e+01 0 0 3.779163e-01 2.504930e-01 3.226993e+00 3.840358e-01 1.854647e+00 1.104002e+00 1.739316e-01 8.293857e-01 2.024556e+00 
175 4376  1.978255750684689218e+01 0 0 3.859941e-01 2.550843e-01 3.206085e+00 3.695171e-01 1.861680e+00 1.111578e+00 1.731185e-01 8.363672e-01 2.026800e+00 
176 4401  1.978167777494371293e+01 0 0 3.856952e-01 2.533790e-01 3.211977e+00 3.719701e-01 1.869477e+00 1.122186e+00 1.663939e-01 8.485161e-01 2.027658e+00 
177 4426  1.977871976467675452e+01 0 0 3.803859e-01 2.536292e-01 3.189506e+00 3.699821e-01 1.847698e+00 1.109914e+00 1.738229e-01 8.350745e-01 2.025620e+00 
178 4451  1.977241266088961780e+01 0 0 3.864805e-01 2.532691e-01 3.180491e+00 3.650075e-01 1.854999e+00 1.118056e+00 1.675853e-01 8.415015e-01 2.025937e+00 
179 4476  1.977826015412254179e+01 0 0 3.864377e-01 2.591347e-01 3.201192e+00 3.643825e-01 1.865039e+00 1.111645e+00 1.739646e-01 8.374644e-01 2.026135e+00 
180 4501  1.978233939063536795e+01 0 0 3.906847e-01 2.563278e-01 3.184405e+00 3.615702e-01 1.871885e+00 1.123761e+00 1.695489e-01 8.502252e-01 2.027487e+00 
181 4526  1.977602853960874896e+01 0 0 3.797650e-01 2.548322e-01 3.185743e+00 3.701323e-01 1.856742e+00 1.120964e+00 1.684861e-01 8.442976e-01 2.026387e+00 
182 4551  1.977069231752426504e+01 0 0 3.861218e-01 2.524379e-01 3.200491e+00 3.668994e-01 1.848452e+00 1.108991e+00 1.707511e-01 8.338471e-01 2.026747e+00 
183 4576  1.978183501552177148e+01 0 0 3.806381e-01 2.503045e-01 3.180500e+00 3.660288e-01 1.831292e+00 1.109025e+00 1.658754e-01 8.323105e-01 2.026045e+00 
184 4601  1.977300361107912252e+01 0 0 3.756088e-01 2.528534e-01 3.192754e+00 3.725158e-01 1.833927e+00 1.104995e+00 1.727778e-01 8.272577e-01 2.025388e+00 
185 4626  1.978019045937096010e+01 0 0 3.800256e-01 2.511231e-01 3.189859e+00 3.693180e-01 1.841454e+00 1.105881e+00 1.664542e-01 8.326064e-01 2.026052e+00 
186 4651  1.977994723531405086e+01 0 0 3.808385e-01 2.512628e-01 3.190841e+00 3.721705e-01 1.846767e+00 1.110725e+00 1.693050e-01 8.342049e-01 2.024477e+00 
187 4676  1.978027473624190691e+01 0 0 3.771254e-01 2.516068e-01 3.194294e+00 3.729021e-01 1.840623e+00 1.107591e+00 1.697985e-01 8.326165e-01 2.025661e+00 
188 4701  1.976865578265475776e+01 0 0 3.822784e-01 2.506606e-01 3.194310e+00 3.691665e-01 1.842128e+00 1.109622e+00 1.673127e-01 8.339788e-01 2.025300e+00 
189 4726  1.977459422612702511e+01 0 0 3.820789e-01 2.498959e-01 3.190630e+00 3.694749e-01 1.835832e+00 1.102091e+00 1.702870e-01 8.262174e-01 2.025271e+00 
190 4751  1.976771949270908380e+01 0 0 3.836914e-01 2.505946e-01 3.184371e+00 3.674605e-01 1.842127e+00 1.107280e+00 1.695513e-01 8.320349e-01 2.025949e+00 
191 4776  1.977410890555480449e+01 0 0 3.824314e-01 2.507739e-01 3.191200e+00 3.695945e-01 1.840677e+00 1.102795e+00 1.719539e-01 8.277049e-01 2.026135e+00 
192 4801  1.978087014354011686e+01 0 0 3.795133e-01 2.519436e-01 3.187712e+00 3.705952e-01 1.839696e+00 1.104692e+00 1.740419e-01 8.291885e-01 2.025599e+00 
193 4826  1.977863942547714160e+01 0 0 3.815849e-01 2.511379e-01 3.192394e+00 3.679365e-01 1.834625e+00 1.103143e+00 1.685837e-01 8.261271e-01 2.026347e+00 
194 4851  1.977443447727914716e+01 0 0 3.787304e-01 2.495800e-01 3.182177e+00 3.700706e-01 1.831094e+00 1.106716e+00 1.690654e-01 8.293700e-01 2.025754e+00 
195 4876  1.977645470468882394e+01 0 0 3.800373e-01 2.500423e-01 3.197130e+00 3.725752e-01 1.839127e+00 1.105701e+00 1.675751e-01 8.289491e-01 2.026045e+00 
196 4901  1.978418626251378143e+01 0 0 3.806120e-01 2.506846e-01 3.204098e+00 3.745956e-01 1.844662e+00 1.104621e+00 1.717421e-01 8.289643e-01 2.025260e+00 
197 4926  1.978428257742087126e+01 0 0 3.791109e-01 2.493101e-01 3.192835e+00 3.745952e-01 1.836957e+00 1.103733e+00 1.744135e-01 8.272809e-01 2.025484e+00 
198 4951  1.977187749678756390e+01 0 0 3.802574e-01 2.491481e-01 3.197110e+00 3.713166e-01 1.833922e+00 1.104252e+00 1.694737e-01 8.291727e-01 2.025869e+00 
199 4976  1.978196791167764701e+01 0 0 3.822010e-01 2.519574e-01 3.197911e+00 3.709021e-01 1.843466e+00 1.105526e+00 1.745494e-01 8.293745e-01 2.026145e+00 
200 5001  1.977793537511772470e+01 0 0 3.809959e-01 2.519443e-01 3.187839e+00 3.676764e-01 1.834233e+00 1.105538e+00 1.717012e-01 8.273016e-01 2.025972e+00 
201 5026  1.978537328261404937e+01 0 0 3.817072e-01 2.497816e-01 3.192219e+00 3.708666e-01 1.835323e+00 1.102235e+00 1.719093e-01 8.246417e-01 2.025347e+00 
202 5051  1.977419828855388673e+01 0 0 3.797801e-01 2.514684e-01 3.187514e+00 3.687507e-01 1.833467e+00 1.105656e+00 1.713436e-01 8.283573e-01 2.026025e+00 
203 5076  1.977431478014247901e+01 0 0 3.772223e-01 2.514917e-01 3.192909e+00 3.719328e-01 1.832823e+00 1.106171e+00 1.719118e-01 8.278656e-01 2.025766e+00 
204 5101  1.976982257462204728e+01 0 0 3.777160e-01 2.509662e-01 3.190438e+00 3.697094e-01 1.827932e+00 1.101314e+00 1.736028e-01 8.253626e-01 2.026165e+00 
205 5126  1.977120659640328526e+01 0 0 3.792052e-01 2.505513e-01 3.190379e+00 3.690834e-01 1.830992e+00 1.102593e+00 1.712384e-01 8.275568e-01 2.025979e+00 
206 5151  1.976784386002721661e+01 0 0 3.792767e-01 2.500025e-01 3.178125e+00 3.671558e-01 1.827423e+00 1.105818e+00 1.694024e-01 8.288074e-01 2.025755e+00 
207 5176  1.976520322951401454e+01 0 0 3.801751e-01 2.493794e-01 3.184690e+00 3.683861e-01 1.831805e+00 1.104710e+00 1.705100e-01 8.310765e-01 2.026122e+00 
208 5201  1.978445719506815692e+01 0 0 3.779671e-01 2.487513e-01 3.187304e+00 3.711504e-01 1.826309e+00 1.103104e+00 1.702350e-01 8.261014e-01 2.026131e+00 
209 5226  1.978062134045943665e+01 0 0 3.792826e-01 2.505457e-01 3.184231e+00 3.690889e-01 1.832150e+00 1.105933e+00 1.704628e-01 8.291036e-01 2.025865e+00 
210 5251  1.977220256105226781e+01 0 0 3.781905e-01 2.504539e-01 3.194168e+00 3.699078e-01 1.828609e+00 1.103238e+00 1.714492e-01 8.274400e-01 2.025907e+00 
211 5276  1.977658373424067406e+01 0 0 3.786125e-01 2.482480e-01 3.188017e+00 3.707118e-01 1.828219e+00 1.103045e+00 1.704412e-01 8.290010e-01 2.026212e+00 
212 5301  1.976904964536516829e+01 0 0 3.803361e-01 2.503678e-01 3.187179e+00 3.689210e-01 1.833271e+00 1.105970e+00 1.717247e-01 8.296949e-01 2.026021e+00 
213 5326  1.977488399740447989e+01 0 0 3.798493e-01 2.494768e-01 3.191793e+00 3.711508e-01 1.835259e+00 1.105355e+00 1.719564e-01 8.307805e-01 2.025932e+00 
214 5351  1.977997733198943209e+01 0 0 3.777645e-01 2.486103e-01 3.191816e+00 3.702734e-01 1.823331e+00 1.100746e+00 1.708545e-01 8.256150e-01 2.026126e+00 
215 5376  1.978236900624188621e+01 0 0 3.804573e-01 2.492933e-01 3.193223e+00 3.705639e-01 1.834171e+00 1.106256e+00 1.701232e-01 8.306646e-01 2.026041e+00 
216 5401  1.977429484352789757e+01 0 0 3.810712e-01 2.487905e-01 3.197042e+00 3.700080e-01 1.831622e+00 1.101962e+00 1.708291e-01 8.279885e-01 2.025893e+00 
217 5426  1.977333869037183689e+01 0 0 3.789096e-01 2.499080e-01 3.187241e+00 3.706969e-01 1.833204e+00 1.108037e+00 1.719127e-01 8.315213e-01 2.026104e+00 
218 5451  1.977973301277682694e+01 0 0 3.799287e-01 2.493271e-01 3.187365e+00 3.691212e-01 1.830060e+00 1.105367e+00 1.709674e-01 8.294431e-01 2.026068e+00 
219 5476  1.976838100538614640e+01 0 0 3.795768e-01 2.498021e-01 3.194003e+00 3.710844e-01 1.833965e+00 1.103985e+00 1.721163e-01 8.289868e-01 2.025896e+00 
220 5501  1.976494586593446101e+01 0 0 3.796335e-01 2.492354e-01 3.192813e+00 3.687818e-01 1.827756e+00 1.101709e+00 1.710619e-01 8.277110e-01 2.026016e+00 
221 5526  1.977447026064093549e+01 0 0 3.781418e-01 2.503841e-01 3.193959e+00 3.703314e-01 1.829272e+00 1.101957e+00 1.729393e-01 8.266924e-01 2.026001e+00 
222 5551  1.976346592234253308e+01 0 0 3.787095e-01 2.483887e-01 3.182551e+00 3.685924e-01 1.824834e+00 1.104775e+00 1.688303e-01 8.287784e-01 2.026127e+00 
223 5576  1.977908094469490408e+01 0 0 3.784859e-01 2.485615e-01 3.181070e+00 3.681030e-01 1.823876e+00 1.104667e+00 1.685321e-01 8.287169e-01 2.026375e+00 
224 5601  1.977888527394132367e+01 0 0 3.798089e-01 2.506346e-01 3.200431e+00 3.701609e-01 1.833653e+00 1.104265e+00 1.711693e-01 8.289565e-01 2.026042e+00 
225 5626  1.978425233055247645e+01 0 0 3.804277e-01 2.501076e-01 3.190250e+00 3.679195e-01 1.830889e+00 1.105018e+00 1.691531e-01 8.292543e-01 2.026003e+00 
226 5651  1.977681562061197695e+01 0 0 3.807023e-01 2.494058e-01 3.190699e+00 3.679704e-01 1.830242e+00 1.103040e+00 1.701262e-01 8.290711e-01 2.026192e+00 
227 5676  1.977522219650618140e+01 0 0 3.806509e-01 2.499186e-01 3.191549e+00 3.685127e-01 1.831782e+00 1.103253e+00 1.718179e-01 8.288852e-01 2.026218e+00 
228 5701  1.977633099166225605e+01 0 0 3.788478e-01 2.492367e-01 3.190278e+00 3.694679e-01 1.826926e+00 1.101963e+00 1.718905e-01 8.270357e-01 2.026145e+00 
229 5726  1.977288771895557318e+01 0 0 3.792671e-01 2.492521e-01 3.192775e+00 3.699945e-01 1.829123e+00 1.102985e+00 1.708751e-01 8.278771e-01 2.026075e+00 
230 5751  1.977352109219564014e+01 0 0 3.796742e-01 2.505485e-01 3.193365e+00 3.696007e-01 1.833197e+00 1.105401e+00 1.725418e-01 8.300098e-01 2.026065e+00 
231 5776  1.978112072410524291e+01 0 0 3.792801e-01 2.491049e-01 3.189863e+00 3.694107e-01 1.828159e+00 1.103111e+00 1.710636e-01 8.282091e-01 2.026083e+00 
232 5801  1.977935410778579239e+01 0 0 3.796054e-01 2.494368e-01 3.193396e+00 3.694275e-01 1.829482e+00 1.103206e+00 1.707148e-01 8.283576e-01 2.026047e+00 
233 5826  1.977165909626089046e+01 0 0 3.803296e-01 2.496024e-01 3.193261e+00 3.699909e-01 1.833483e+00 1.104428e+00 1.716034e-01 8.297852e-01 2.026037e+00 
234 5851  1.977203948448775961e+01 0 0 3.798711e-01 2.494424e-01 3.191507e+00 3.697184e-01 1.831308e+00 1.103958e+00 1.712772e-01 8.290683e-01 2.026120e+00 
235 5876  1.976404802480129774e+01 0 0 3.804570e-01 2.499739e-01 3.193586e+00 3.700236e-01 1.834706e+00 1.104742e+00 1.718405e-01 8.298522e-01 2.026063e+00 
236 5901  1.978006215485661556e+01 0 0 3.794949e-01 2.489779e-01 3.191216e+00 3.701905e-01 1.830300e+00 1.104084e+00 1.707191e-01 8.291243e-01 2.026089e+00 
237 5926  1.977966817591767068e+01 0 0 3.806538e-01 2.489605e-01 3.191834e+00 3.696350e-01 1.831775e+00 1.103955e+00 1.710490e-01 8.293808e-01 2.026098e+00 
238 5951  1.977374617942754753e+01 0 0 3.800993e-01 2.477439e-01 3.187669e+00 3.698639e-01 1.829188e+00 1.104891e+00 1.692146e-01 8.303438e-01 2.026214e+00 
239 5976  1.977501532579873711e+01 0 0 3.783816e-01 2.485470e-01 3.190240e+00 3.706355e-01 1.826761e+00 1.101608e+00 1.713647e-01 8.270657e-01 2.025960e+00 
240 6001  1.977446081698749225e+01 0 0 3.799571e-01 2.483965e-01 3.190834e+00 3.701735e-01 1.830498e+00 1.103772e+00 1.707952e-01 8.298082e-01 2.026103e+00 
241 6026  1.977726532432452800e+01 0 0 3.810703e-01 2.478899e-01 3.186544e+00 3.704775e-01 1.834305e+00 1.106185e+00 1.702577e-01 8.320645e-01 2.026079e+00 
242 6051  1.977482165433175609e+01 0 0 3.798872e-01 2.484864e-01 3.186949e+00 3.693238e-01 1.829693e+00 1.105736e+00 1.691033e-01 8.304706e-01 2.026178e+00 
243 6076  1.978068002127018232e+01 0 0 3.793949e-01 2.481941e-01 3.190664e+00 3.703372e-01 1.828644e+00 1.103478e+00 1.707035e-01 8.291806e-01 2.026083e+00 
244 6101  1.978209510014257688e+01 0 0 3.786268e-01 2.481790e-01 3.189250e+00 3.702777e-01 1.827052e+00 1.103550e+00 1.706320e-01 8.292325e-01 2.026121e+00 
245 6126  1.977567469364012709e+01 0 0 3.793076e-01 2.463957e-01 3.186715e+00 3.704470e-01 1.825148e+00 1.103406e+00 1.692756e-01 8.296586e-01 2.026229e+00 
246 6151  1.976887403794973963e+01 0 0 3.795182e-01 2.478776e-01 3.184059e+00 3.705112e-01 1.830371e+00 1.106209e+00 1.707390e-01 8.312483e-01 2.026204e+00 
247 6176  1.977104741849514369e+01 0 0 3.789291e-01 2.475881e-01 3.188603e+00 3.709419e-01 1.828237e+00 1.104279e+00 1.701947e-01 8.300762e-01 2.026123e+00 
248 6201  1.976780016495889214e+01 0 0 3.787733e-01 2.483528e-01 3.184434e+00 3.686662e-01 1.825139e+00 1.105672e+00 1.684677e-01 8.297725e-01 2.026137e+00 
249 6226  1.977696135597758698e+01 0 0 3.789084e-01 2.477500e-01 3.189478e+00 3.713434e-01 1.828942e+00 1.104766e+00 1.703721e-01 8.299437e-01 2.026075e+00 
250 6251  1.977625000965491964e+01 0 0 3.801699e-01 2.475102e-01 3.188525e+00 3.697514e-01 1.828745e+00 1.105664e+00 1.690072e-01 8.311755e-01 2.026172e+00 
251 6276  1.977134492206793226e+01 0 0 3.804322e-01 2.471845e-01 3.189631e+00 3.703561e-01 1.829892e+00 1.106131e+00 1.686091e-01 8.315477e-01 2.026147e+00 
252 6301  1.977561983574639370e+01 0 0 3.805741e-01 2.476183e-01 3.185386e+00 3.690583e-01 1.829475e+00 1.107141e+00 1.679774e-01 8.320430e-01 2.026159e+00 
253 6326  1.977333061573505901e+01 0 0 3.791607e-01 2.479704e-01 3.185100e+00 3.695710e-01 1.828270e+00 1.107628e+00 1.684528e-01 8.322058e-01 2.026255e+00 
254 6351  1.977712824567551309e+01 0 0 3.782330e-01 2.488112e-01 3.186953e+00 3.699067e-01 1.827065e+00 1.105134e+00 1.706307e-01 8.295783e-01 2.026046e+00 
255 6376  1.977004144527517937e+01 0 0 3.799447e-01 2.494024e-01 3.191944e+00 3.702855e-01 1.833467e+00 1.107568e+00 1.712951e-01 8.319927e-01 2.026111e+00 
256 6401  1.977808780177562298e+01 0 0 3.797775e-01 2.481757e-01 3.188409e+00 3.699440e-01 1.830015e+00 1.106506e+00 1.695543e-01 8.314259e-01 2.026123e+00 
257 6426  1.977288495729161610e+01 0 0 3.795446e-01 2.479330e-01 3.184801e+00 3.692591e-01 1.828859e+00 1.108172e+00 1.675830e-01 8.325884e-01 2.026075e+00 
258 6451  1.977811766585686115e+01 0 0 3.798005e-01 2.478964e-01 3.188936e+00 3.706632e-01 1.831341e+00 1.106309e+00 1.696947e-01 8.318773e-01 2.026114e+00 
259 6476  1.977837747167580318e+01 0 0 3.802915e-01 2.477314e-01 3.188602e+00 3.703643e-01 1.831860e+00 1.106909e+00 1.690626e-01 8.324202e-01 2.026162e+00 
260 6501  1.976872696513815342e+01 0 0 3.804332e-01 2.491397e-01 3.188810e+00 3.697552e-01 1.834876e+00 1.108475e+00 1.698182e-01 8.333750e-01 2.026234e+00 
261 6526  1.978032538614370850e+01 0 0 3.793482e-01 2.478765e-01 3.188283e+00 3.697620e-01 1.828375e+00 1.106341e+00 1.681253e-01 8.313873e-01 2.026254e+00 
262 6551  1.977579058881839202e+01 0 0 3.801395e-01 2.488846e-01 3.188455e+00 3.682648e-01 1.829494e+00 1.107395e+00 1.681432e-01 8.318178e-01 2.026300e+00 
263 6576  1.977720936785497585e+01 0 0 3.799567e-01 2.477158e-01 3.187854e+00 3.714374e-01 1.834718e+00 1.109750e+00 1.690042e-01 8.349306e-01 2.026297e+00 
264 6601  1.977568590274768212e+01 0 0 3.811051e-01 2.478033e-01 3.189813e+00 3.715718e-01 1.837862e+00 1.110442e+00 1.694032e-01 8.358380e-01 2.026123e+00 
265 6626  1.978084303840619640e+01 0 0 3.814056e-01 2.476712e-01 3.193708e+00 3.721637e-01 1.838217e+00 1.108280e+00 1.700944e-01 8.344145e-01 2.026098e+00 
266 6651  1.978103764729121394e+01 0 0 3.812660e-01 2.477338e-01 3.190010e+00 3.716637e-01 1.837621e+00 1.109377e+00 1.697174e-01 8.348416e-01 2.026017e+00 
267 6676  1.978050062858766722e+01 0 0 3.826106e-01 2.468218e-01 3.190764e+00 3.729429e-01 1.843013e+00 1.111009e+00 1.696990e-01 8.378150e-01 2.026252e+00 
268 6701  1.978029814708235179e+01 0 0 3.822007e-01 2.484624e-01 3.195118e+00 3.724873e-01 1.842534e+00 1.108484e+00 1.719692e-01 8.347753e-01 2.025944e+00 
269 6726  1.977503561696402201e+01 0 0 3.824511e-01 2.482457e-01 3.194267e+00 3.736898e-01 1.846514e+00 1.111234e+00 1.723564e-01 8.374845e-01 2.026095e+00 
270 6751  1.977851860062226308e+01 0 0 3.816072e-01 2.480901e-01 3.189478e+00 3.713548e-01 1.838422e+00 1.109334e+00 1.699097e-01 8.344150e-01 2.025880e+00 
271 6776  1.976738060858668078e+01 0 0 3.806915e-01 2.466709e-01 3.187682e+00 3.709931e-01 1.831346e+00 1.106703e+00 1.687993e-01 8.324851e-01 2.026026e+00 
272 6801  1.978170446105988134e+01 0 0 3.824513e-01 2.476520e-01 3.190017e+00 3.706415e-01 1.838505e+00 1.110813e+00 1.687096e-01 8.361937e-01 2.026132e+00 
273 6826  1.977385570902495004e+01 0 0 3.820846e-01 2.480041e-01 3.192336e+00 3.723902e-01 1.842153e+00 1.111102e+00 1.703268e-01 8.365484e-01 2.026206e+00 
274 6851  1.977754309008366818e+01 0 0 3.798578e-01 2.489409e-01 3.188502e+00 3.694604e-01 1.830264e+00 1.106612e+00 1.705596e-01 8.309561e-01 2.025920e+00 
275 6876  1.977911232384128226e+01 0 0 3.824137e-01 2.486536e-01 3.192661e+00 3.721219e-01 1.844490e+00 1.112379e+00 1.709285e-01 8.376798e-01 2.026345e+00 
276 6901  1.977552607125124240e+01 0 0 3.814768e-01 2.476426e-01 3.188702e+00 3.712968e-01 1.837295e+00 1.110830e+00 1.688290e-01 8.355215e-01 2.026248e+00 
277 6926  1.977050248441665303e+01 0 0 3.814230e-01 2.494060e-01 3.193797e+00 3.707731e-01 1.839266e+00 1.109825e+00 1.703547e-01 8.344657e-01 2.026121e+00 
278 6951  1.977495145661082887e+01 0 0 3.829053e-01 2.480229e-01 3.194328e+00 3.717157e-01 1.843107e+00 1.112659e+00 1.678067e-01 8.376384e-01 2.026150e+00 
279 6976  1.977144481564127432e+01 0 0 3.833939e-01 2.491447e-01 3.195701e+00 3.712466e-01 1.844718e+00 1.110821e+00 1.707314e-01 8.361315e-01 2.025898e+00 
280 7001  1.977266860970482654e+01 0 0 3.816962e-01 2.479087e-01 3.191338e+00 3.706210e-01 1.836246e+00 1.109605e+00 1.690540e-01 8.346771e-01 2.026148e+00 
281 7026  1.977801227192177080e+01 0 0 3.818310e-01 2.483506e-01 3.191667e+00 3.713810e-01 1.839136e+00 1.109964e+00 1.693135e-01 8.345944e-01 2.025940e+00 
282 7051  1.977701968758621831e+01 0 0 3.808587e-01 2.477744e-01 3.188609e+00 3.712562e-01 1.836034e+00 1.109679e+00 1.690580e-01 8.347482e-01 2.026065e+00 
283 7076  1.978217655765495309e+01 0 0 3.814942e-01 2.471676e-01 3.186229e+00 3.717769e-01 1.838377e+00 1.112531e+00 1.684735e-01 8.371630e-01 2.026309e+00 
284 7101  1.976809684461970207e+01 0 0 3.814069e-01 2.489646e-01 3.192190e+00 3.716282e-01 1.840658e+00 1.110944e+00 1.709613e-01 8.356501e-01 2.026173e+00 
285 7126  1.977502783778979989e+01 0 0 3.823241e-01 2.486849e-01 3.192772e+00 3.720798e-01 1.843412e+00 1.110587e+00 1.712322e-01 8.361088e-01 2.026025e+00 
286 7151  1.977247313204787460e+01 0 0 3.796889e-01 2.484185e-01 3.189414e+00 3.708705e-01 1.832224e+00 1.106873e+00 1.705664e-01 8.317311e-01 2.025962e+00 
287 7176  1.977241477082415955e+01 0 0 3.817558e-01 2.490073e-01 3.192267e+00 3.713950e-01 1.840458e+00 1.109555e+00 1.711635e-01 8.344986e-01 2.025979e+00 
288 7201  1.977320766471308033e+01 0 0 3.815152e-01 2.487395e-01 3.192547e+00 3.711136e-01 1.838549e+00 1.109096e+00 1.700983e-01 8.340360e-01 2.025940e+00 
289 7226  1.977238571895366803e+01 0 0 3.830227e-01 2.490389e-01 3.193913e+00 3.716832e-01 1.844838e+00 1.111197e+00 1.710068e-01 8.363643e-01 2.025975e+00 
290 7251  1.977491417448785782e+01 0 0 3.815679e-01 2.492579e-01 3.193412e+00 3.716512e-01 1.840771e+00 1.108719e+00 1.717793e-01 8.338279e-01 2.025917e+00 
291 7276  1.977753997570176736e+01 0 0 3.823022e-01 2.487896e-01 3.193562e+00 3.720100e-01 1.842844e+00 1.110411e+00 1.710764e-01 8.355228e-01 2.025942e+00 
292 7301  1.977494454775863630e+01 0 0 3.815730e-01 2.486683e-01 3.191938e+00 3.721563e-01 1.840813e+00 1.109918e+00 1.716742e-01 8.348851e-01 2.026009e+00 
293 7326  1.978606665375997409e+01 0 0 3.813189e-01 2.483715e-01 3.192350e+00 3.719864e-01 1.838852e+00 1.108106e+00 1.718033e-01 8.337991e-01 2.025994e+00 
294 7351  1.977722928314072703e+01 0 0 3.825670e-01 2.485244e-01 3.192700e+00 3.722068e-01 1.843949e+00 1.110946e+00 1.710931e-01 8.364132e-01 2.026030e+00 
295 7376  1.978162083236474444e+01 0 0 3.819234e-01 2.489075e-01 3.194327e+00 3.722602e-01 1.842389e+00 1.109436e+00 1.716227e-01 8.347642e-01 2.025911e+00 
296 7401  1.977856329840853178e+01 0 0 3.816923e-01 2.487941e-01 3.193167e+00 3.721868e-01 1.840932e+00 1.108489e+00 1.720791e-01 8.338095e-01 2.025828e+00 
297 7426  1.977903986877005948e+01 0 0 3.819686e-01 2.491974e-01 3.195104e+00 3.728213e-01 1.844049e+00 1.109259e+00 1.728363e-01 8.346326e-01 2.025809e+00 
298 7451  1.977138341586504566e+01 0 0 3.813548e-01 2.494996e-01 3.194822e+00 3.724123e-01 1.842221e+00 1.109051e+00 1.725777e-01 8.339792e-01 2.025844e+00 
299 7476  1.977656747020494166e+01 0 0 3.811906e-01 2.491184e-01 3.192812e+00 3.720110e-01 1.840304e+00 1.108931e+00 1.719690e-01 8.338876e-01 2.025833e+00 
300 7501  1.978442949802301953e+01 0 0 3.810121e-01 2.495142e-01 3.194572e+00 3.722822e-01 1.840876e+00 1.107976e+00 1.728315e-01 8.331368e-01 2.025720e+00 
301 7526  1.977897046500105205e+01 0 0 3.814819e-01 2.491533e-01 3.193713e+00 3.721472e-01 1.841229e+00 1.108478e+00 1.727132e-01 8.338132e-01 2.025815e+00 
302 7551  1.978374723684946090e+01 0 0 3.825684e-01 2.498316e-01 3.198768e+00 3.733623e-01 1.848215e+00 1.110187e+00 1.739350e-01 8.358106e-01 2.025787e+00 
303 7576  1.977371574372235585e+01 0 0 3.818987e-01 2.494790e-01 3.198218e+00 3.736728e-01 1.845668e+00 1.108227e+00 1.740637e-01 8.340706e-01 2.025594e+00 
304 7601  1.977508649952625319e+01 0 0 3.813749e-01 2.491438e-01 3.194238e+00 3.728066e-01 1.841418e+00 1.107174e+00 1.745318e-01 8.328184e-01 2.025699e+00 
305 7626  1.977681604854786812e+01 0 0 3.795049e-01 2.493957e-01 3.193498e+00 3.719401e-01 1.834341e+00 1.104639e+00 1.742201e-01 8.296854e-01 2.025606e+00 
306 7651  1.977964418482793363e+01 0 0 3.810914e-01 2.485723e-01 3.191843e+00 3.705549e-01 1.834811e+00 1.106975e+00 1.705300e-01 8.320164e-01 2.025807e+00 
307 7676  1.978098963109248132e+01 0 0 3.815090e-01 2.482044e-01 3.193845e+00 3.721801e-01 1.838294e+00 1.106073e+00 1.731962e-01 8.324838e-01 2.025625e+00 
308 7701  1.977018370200942599e+01 0 0 3.814994e-01 2.498028e-01 3.196074e+00 3.722546e-01 1.842582e+00 1.107999e+00 1.733994e-01 8.333716e-01 2.025693e+00 
309 7726  1.977864478228447354e+01 0 0 3.818323e-01 2.490306e-01 3.191485e+00 3.716939e-01 1.841274e+00 1.108606e+00 1.726241e-01 8.340453e-01 2.025853e+00 
310 7751  1.977930197954801628e+01 0 0 3.811402e-01 2.488110e-01 3.192000e+00 3.717072e-01 1.838030e+00 1.107062e+00 1.725390e-01 8.324120e-01 2.025745e+00 
311 7776  1.978058848463692598e+01 0 0 3.816806e-01 2.490718e-01 3.189437e+00 3.715178e-01 1.840550e+00 1.109175e+00 1.730183e-01 8.342084e-01 2.025929e+00 
312 7801  1.977180958525632093e+01 0 0 3.821739e-01 2.494783e-01 3.192877e+00 3.713390e-01 1.841918e+00 1.108822e+00 1.724046e-01 8.339108e-01 2.025830e+00 
313 7826  1.977660527450388628e+01 0 0 3.821381e-01 2.487189e-01 3.193807e+00 3.729396e-01 1.843300e+00 1.108300e+00 1.733855e-01 8.341142e-01 2.025643e+00 
314 7851  1.977620065497315949e+01 0 0 3.814470e-01 2.492838e-01 3.190466e+00 3.711233e-01 1.840025e+00 1.109494e+00 1.712713e-01 8.342219e-01 2.025953e+00 
315 7876  1.977259440365468990e+01 0 0 3.811265e-01 2.485684e-01 3.189211e+00 3.722487e-01 1.838753e+00 1.106331e+00 1.745075e-01 8.322170e-01 2.025621e+00 
316 7901  1.977312748250004759e+01 0 0 3.798998e-01 2.492689e-01 3.186717e+00 3.709043e-01 1.834961e+00 1.108221e+00 1.725462e-01 8.322307e-01 2.025901e+00 
317 7926  1.977622275202184454e+01 0 0 3.801169e-01 2.496861e-01 3.191832e+00 3.714183e-01 1.836277e+00 1.106165e+00 1.743333e-01 8.310152e-01 2.025661e+00 
318 7951  1.977700908372397492e+01 0 0 3.794824e-01 2.495057e-01 3.189837e+00 3.721417e-01 1.836549e+00 1.106581e+00 1.742589e-01 8.313688e-01 2.025699e+00 
319 7976  1.976796640630940516e+01 0 0 3.823954e-01 2.499895e-01 3.194704e+00 3.723400e-01 1.846369e+00 1.110163e+00 1.745659e-01 8.355900e-01 2.025945e+00 
320 8001  1.977261939198628227e+01 0 0 3.803890e-01 2.498887e-01 3.189531e+00 3.719300e-01 1.839459e+00 1.107843e+00 1.756786e-01 8.326966e-01 2.025862e+00 
321 8026  1.977828341090171094e+01 0 0 3.819934e-01 2.491414e-01 3.189839e+00 3.714085e-01 1.842357e+00 1.110213e+00 1.725002e-01 8.355229e-01 2.026055e+00 
322 8051  1.977297719270487875e+01 0 0 3.816844e-01 2.491199e-01 3.186428e+00 3.701851e-01 1.838539e+00 1.109045e+00 1.729655e-01 8.341608e-01 2.026038e+00 
323 8076  1.977866760308587502e+01 0 0 3.817803e-01 2.486793e-01 3.186716e+00 3.708176e-01 1.839724e+00 1.109684e+00 1.724930e-01 8.351528e-01 2.026162e+00 
324 8101  1.978175294208570634e+01 0 0 3.817658e-01 2.498588e-01 3.188530e+00 3.695003e-01 1.839118e+00 1.109926e+00 1.719663e-01 8.345484e-01 2.026163e+00 
325 8126  1.977582455893014313e+01 0 0 3.807419e-01 2.497766e-01 3.190531e+00 3.716044e-01 1.840017e+00 1.108573e+00 1.741132e-01 8.335127e-01 2.026014e+00 
326 8151  1.977684441019257378e+01 0 0 3.817766e-01 2.496857e-01 3.190032e+00 3.715516e-01 1.843354e+00 1.109887e+00 1.739722e-01 8.353269e-01 2.026170e+00 
327 8176  1.978033946809068766e+01 0 0 3.814286e-01 2.500180e-01 3.187990e+00 3.701307e-01 1.839424e+00 1.109734e+00 1.733102e-01 8.340110e-01 2.026148e+00 
328 8201  1.977464697092725743e+01 0 0 3.823139e-01 2.502662e-01 3.195080e+00 3.725816e-01 1.847473e+00 1.110361e+00 1.746705e-01 8.356739e-01 2.025922e+00 
329 8226  1.977091837717695455e+01 0 0 3.808198e-01 2.496451e-01 3.191411e+00 3.721601e-01 1.840608e+00 1.108510e+00 1.745901e-01 8.334169e-01 2.025939e+00 
330 8251  1.977951682627147889e+01 0 0 3.822082e-01 2.500914e-01 3.193027e+00 3.724857e-01 1.846317e+00 1.109943e+00 1.758632e-01 8.352980e-01 2.025975e+00 
331 8276  1.977919236191573660e+01 0 0 3.801837e-01 2.495962e-01 3.187750e+00 3.709275e-01 1.836070e+00 1.107643e+00 1.743121e-01 8.320675e-01 2.025963e+00 
332 8301  1.977405455721412864e+01 0 0 3.814874e-01 2.497830e-01 3.191319e+00 3.714607e-01 1.841184e+00 1.108422e+00 1.749906e-01 8.336868e-01 2.026099e+00 
333 8326  1.977161999710024531e+01 0 0 3.794986e-01 2.493884e-01 3.186856e+00 3.705347e-01 1.832142e+00 1.105423e+00 1.741596e-01 8.298373e-01 2.025802e+00 
334 8351  1.978237942139748284e+01 0 0 3.801944e-01 2.489781e-01 3.183756e+00 3.702206e-01 1.833649e+00 1.106477e+00 1.740915e-01 8.315096e-01 2.026036e+00 
335 8376  1.976301453950006959e+01 0 0 3.807079e-01 2.491171e-01 3.184439e+00 3.685656e-01 1.832767e+00 1.108508e+00 1.707453e-01 8.329617e-01 2.026207e+00 
336 8401  1.978070721403661381e+01 0 0 3.806094e-01 2.490505e-01 3.188112e+00 3.715916e-01 1.838133e+00 1.108151e+00 1.741886e-01 8.335077e-01 2.026106e+00 
337 8426  1.977189122051120052e+01 0 0 3.809525e-01 2.492087e-01 3.190112e+00 3.723214e-01 1.840632e+00 1.108821e+00 1.736444e-01 8.337657e-01 2.025935e+00 
338 8451  1.977790754010009877e+01 0 0 3.810427e-01 2.499586e-01 3.189179e+00 3.713266e-01 1.840829e+00 1.110258e+00 1.739367e-01 8.345579e-01 2.026210e+00 
