%  columns="iteration, evaluation, sigma, max axis length, min axis length, all principal axes lengths (sorted square roots of eigenvalues of C)" (startseed=213728, 2015/08/21 15:30:48.28)
1 26 1.409834e+00 1.096385e+00 2.241074e-01 2.241074e-01 2.431742e-01 3.043217e-01 3.176434e-01 3.338381e-01 4.220691e-01 5.216764e-01 8.028385e-01 1.096385e+00 
2 51 1.375573e+00 1.078294e+00 2.313450e-01 2.313450e-01 2.415597e-01 2.953132e-01 3.088997e-01 3.377204e-01 4.318358e-01 5.016670e-01 7.867281e-01 1.078294e+00 
3 76 1.356185e+00 1.039872e+00 2.267473e-01 2.267473e-01 2.359615e-01 2.859768e-01 3.018717e-01 3.315381e-01 4.437339e-01 5.128887e-01 7.626261e-01 1.039872e+00 
4 101 1.333432e+00 1.030469e+00 2.247973e-01 2.247973e-01 2.287559e-01 2.823233e-01 2.950061e-01 3.384604e-01 4.393249e-01 4.969310e-01 7.472944e-01 1.030469e+00 
5 126 1.290811e+00 9.883789e-01 2.180115e-01 2.180115e-01 2.246801e-01 2.723031e-01 3.040373e-01 3.389718e-01 4.265420e-01 4.842401e-01 7.316054e-01 9.883789e-01 
6 151 1.274198e+00 1.010119e+00 2.082824e-01 2.082824e-01 2.175545e-01 2.626839e-01 3.000731e-01 3.342291e-01 4.117302e-01 4.717038e-01 7.095243e-01 1.010119e+00 
7 176 1.123926e+00 9.928379e-01 2.013180e-01 2.013180e-01 2.139004e-01 2.549887e-01 2.930277e-01 3.271102e-01 3.995784e-01 4.624490e-01 6.807227e-01 9.928379e-01 
8 201 1.061586e+00 9.779494e-01 1.988473e-01 1.988473e-01 2.126898e-01 2.520576e-01 2.863590e-01 3.220579e-01 3.977871e-01 4.615674e-01 6.614765e-01 9.779494e-01 
9 226 1.045895e+00 9.596737e-01 1.951268e-01 1.951268e-01 2.063409e-01 2.483744e-01 2.951840e-01 3.173553e-01 3.890179e-01 4.582604e-01 6.371153e-01 9.596737e-01 
10 251 9.467489e-01 9.295360e-01 1.905784e-01 1.905784e-01 2.058521e-01 2.431741e-01 2.889201e-01 3.064657e-01 3.776275e-01 4.526507e-01 6.188103e-01 9.295360e-01 
11 276 8.342661e-01 9.070902e-01 1.870974e-01 1.870974e-01 2.009968e-01 2.379647e-01 2.864406e-01 2.983299e-01 3.704843e-01 4.393299e-01 5.925651e-01 9.070902e-01 
12 301 7.611262e-01 8.848347e-01 1.808473e-01 1.808473e-01 2.027495e-01 2.314374e-01 2.812901e-01 3.019660e-01 3.622968e-01 4.410217e-01 5.849156e-01 8.848347e-01 
13 326 7.199325e-01 8.649476e-01 1.817721e-01 1.817721e-01 1.988778e-01 2.257049e-01 2.716527e-01 2.940148e-01 3.522721e-01 4.255359e-01 5.828856e-01 8.649476e-01 
14 351 7.963900e-01 9.121264e-01 1.845860e-01 1.845860e-01 1.998535e-01 2.223515e-01 2.715705e-01 2.928711e-01 3.608475e-01 4.213077e-01 5.791841e-01 9.121264e-01 
15 376 9.084186e-01 9.060804e-01 1.827440e-01 1.827440e-01 1.921728e-01 2.211233e-01 2.620886e-01 2.966071e-01 3.526578e-01 4.326566e-01 5.947741e-01 9.060804e-01 
16 401 9.357266e-01 8.963380e-01 1.792954e-01 1.792954e-01 1.942451e-01 2.158138e-01 2.518880e-01 2.929324e-01 3.436060e-01 4.312485e-01 6.165636e-01 8.963380e-01 
17 426 9.943603e-01 8.703551e-01 1.763436e-01 1.763436e-01 1.947754e-01 2.186387e-01 2.433310e-01 2.900594e-01 3.329842e-01 4.184900e-01 6.324220e-01 8.703551e-01 
18 451 9.108384e-01 8.722669e-01 1.714522e-01 1.714522e-01 1.872783e-01 2.144226e-01 2.408853e-01 2.867181e-01 3.248258e-01 4.044854e-01 6.199013e-01 8.722669e-01 
19 476 7.594059e-01 8.888550e-01 1.704320e-01 1.704320e-01 1.829843e-01 2.093005e-01 2.362002e-01 2.771700e-01 3.106423e-01 3.939577e-01 6.043260e-01 8.888550e-01 
20 501 8.376819e-01 9.090627e-01 1.688416e-01 1.688416e-01 1.771002e-01 2.066393e-01 2.314456e-01 2.916940e-01 3.010994e-01 3.865996e-01 6.096130e-01 9.090627e-01 
21 526 8.013238e-01 8.956900e-01 1.672927e-01 1.672927e-01 1.756340e-01 2.271601e-01 2.361016e-01 2.898422e-01 2.925292e-01 3.838502e-01 5.911195e-01 8.956900e-01 
22 551 6.912589e-01 8.828275e-01 1.630629e-01 1.630629e-01 1.744414e-01 2.189192e-01 2.266760e-01 2.854713e-01 2.963301e-01 3.911187e-01 5.958794e-01 8.828275e-01 
23 576 6.764969e-01 8.799787e-01 1.667156e-01 1.667156e-01 1.722589e-01 2.186351e-01 2.205870e-01 2.762224e-01 2.885988e-01 4.008398e-01 5.736164e-01 8.799787e-01 
24 601 6.147166e-01 8.763549e-01 1.627756e-01 1.627756e-01 1.720741e-01 2.122674e-01 2.152193e-01 2.661368e-01 2.792363e-01 3.954140e-01 5.781594e-01 8.763549e-01 
25 626 5.590353e-01 8.500141e-01 1.586106e-01 1.586106e-01 1.760421e-01 2.056138e-01 2.133102e-01 2.594769e-01 2.702548e-01 4.007500e-01 5.529606e-01 8.500141e-01 
26 651 5.898277e-01 8.297160e-01 1.547825e-01 1.547825e-01 1.712194e-01 2.024621e-01 2.127199e-01 2.502326e-01 2.661007e-01 4.190735e-01 5.958182e-01 8.297160e-01 
27 676 5.967673e-01 8.177757e-01 1.535338e-01 1.535338e-01 1.658563e-01 1.982118e-01 2.049449e-01 2.429036e-01 2.699316e-01 4.122608e-01 5.954326e-01 8.177757e-01 
28 701 5.290998e-01 7.833751e-01 1.551246e-01 1.551246e-01 1.642561e-01 1.908747e-01 2.027161e-01 2.351871e-01 2.734475e-01 4.166285e-01 5.755756e-01 7.833751e-01 
29 726 4.402562e-01 7.746424e-01 1.523874e-01 1.523874e-01 1.602981e-01 1.845335e-01 1.936698e-01 2.327263e-01 2.692357e-01 4.158532e-01 5.576395e-01 7.746424e-01 
30 751 4.162470e-01 7.622719e-01 1.481012e-01 1.481012e-01 1.637004e-01 1.768617e-01 1.926310e-01 2.230270e-01 2.616272e-01 4.148214e-01 5.472376e-01 7.622719e-01 
31 776 3.877407e-01 7.501397e-01 1.436227e-01 1.436227e-01 1.663557e-01 1.715580e-01 1.925063e-01 2.200809e-01 2.697347e-01 4.044519e-01 5.560933e-01 7.501397e-01 
32 801 3.353961e-01 7.279925e-01 1.399126e-01 1.399126e-01 1.619330e-01 1.687037e-01 1.903701e-01 2.224924e-01 2.612236e-01 3.971816e-01 5.466327e-01 7.279925e-01 
33 826 3.131707e-01 6.988754e-01 1.350468e-01 1.350468e-01 1.601059e-01 1.661849e-01 1.963902e-01 2.159464e-01 2.620920e-01 3.881990e-01 5.395121e-01 6.988754e-01 
34 851 3.135930e-01 6.719050e-01 1.316609e-01 1.316609e-01 1.563013e-01 1.635258e-01 2.014331e-01 2.146826e-01 2.655733e-01 3.811487e-01 5.487117e-01 6.719050e-01 
35 876 2.946211e-01 6.494122e-01 1.273686e-01 1.273686e-01 1.501765e-01 1.575819e-01 1.963255e-01 2.162159e-01 2.642651e-01 3.849739e-01 5.438973e-01 6.494122e-01 
36 901 2.844235e-01 6.290513e-01 1.252962e-01 1.252962e-01 1.500499e-01 1.577985e-01 1.922143e-01 2.221622e-01 2.679499e-01 3.841525e-01 5.235073e-01 6.290513e-01 
37 926 2.573418e-01 6.291448e-01 1.210465e-01 1.210465e-01 1.451017e-01 1.524694e-01 1.913870e-01 2.189167e-01 2.616048e-01 3.785449e-01 5.084936e-01 6.291448e-01 
38 951 2.277615e-01 6.394081e-01 1.236002e-01 1.236002e-01 1.425872e-01 1.502134e-01 1.866544e-01 2.187912e-01 2.549476e-01 3.910530e-01 5.077994e-01 6.394081e-01 
39 976 2.003719e-01 6.213506e-01 1.214321e-01 1.214321e-01 1.440116e-01 1.498202e-01 1.826336e-01 2.152104e-01 2.588640e-01 3.920760e-01 5.050272e-01 6.213506e-01 
40 1001 2.054849e-01 6.295025e-01 1.185729e-01 1.185729e-01 1.478481e-01 1.503303e-01 1.813280e-01 2.210953e-01 2.580524e-01 3.847847e-01 5.010909e-01 6.295025e-01 
41 1026 1.810657e-01 6.112426e-01 1.148434e-01 1.148434e-01 1.431248e-01 1.462372e-01 1.760727e-01 2.174394e-01 2.568430e-01 3.806239e-01 4.816618e-01 6.112426e-01 
42 1051 1.539895e-01 6.172287e-01 1.111034e-01 1.111034e-01 1.403103e-01 1.408197e-01 1.748150e-01 2.119124e-01 2.617748e-01 3.776478e-01 4.747290e-01 6.172287e-01 
43 1076 1.470085e-01 6.380922e-01 1.069117e-01 1.069117e-01 1.390990e-01 1.435192e-01 1.794715e-01 2.062624e-01 2.654669e-01 3.693146e-01 4.744512e-01 6.380922e-01 
44 1101 1.465029e-01 6.368459e-01 1.020268e-01 1.020268e-01 1.393765e-01 1.421673e-01 1.812379e-01 2.097085e-01 2.548100e-01 3.605347e-01 4.576536e-01 6.368459e-01 
45 1126 1.514944e-01 6.447807e-01 9.764341e-02 9.764341e-02 1.382200e-01 1.403678e-01 1.863972e-01 2.029492e-01 2.587849e-01 3.533883e-01 4.538067e-01 6.447807e-01 
46 1151 1.685520e-01 6.457986e-01 9.729348e-02 9.729348e-02 1.343166e-01 1.446897e-01 1.834273e-01 2.004904e-01 2.585648e-01 3.562003e-01 4.638614e-01 6.457986e-01 
47 1176 1.758065e-01 6.776852e-01 9.380612e-02 9.380612e-02 1.329274e-01 1.478027e-01 1.780928e-01 2.059117e-01 2.601026e-01 3.616242e-01 4.570752e-01 6.776852e-01 
48 1201 1.692450e-01 6.513699e-01 9.174823e-02 9.174823e-02 1.285420e-01 1.462331e-01 1.768944e-01 2.078454e-01 2.510166e-01 3.629844e-01 4.569690e-01 6.513699e-01 
49 1226 1.690967e-01 6.288866e-01 8.758786e-02 8.758786e-02 1.271187e-01 1.507504e-01 1.736337e-01 2.028295e-01 2.484636e-01 3.675691e-01 4.448696e-01 6.288866e-01 
50 1251 1.699471e-01 6.336068e-01 8.399081e-02 8.399081e-02 1.224706e-01 1.488593e-01 1.829384e-01 1.977354e-01 2.545566e-01 3.789532e-01 4.335660e-01 6.336068e-01 
51 1276 1.546101e-01 6.227169e-01 8.074746e-02 8.074746e-02 1.208343e-01 1.485500e-01 1.810026e-01 1.983381e-01 2.520470e-01 3.711745e-01 4.283279e-01 6.227169e-01 
52 1301 1.565453e-01 6.280410e-01 7.686634e-02 7.686634e-02 1.218907e-01 1.507482e-01 1.786905e-01 2.014460e-01 2.457148e-01 3.606922e-01 4.223906e-01 6.280410e-01 
53 1326 1.447819e-01 6.353859e-01 7.416248e-02 7.416248e-02 1.222355e-01 1.453858e-01 1.816767e-01 2.009877e-01 2.439475e-01 3.546716e-01 4.084530e-01 6.353859e-01 
54 1351 1.426009e-01 6.282099e-01 7.223545e-02 7.223545e-02 1.183362e-01 1.428794e-01 1.843704e-01 1.973888e-01 2.476160e-01 3.537749e-01 4.004479e-01 6.282099e-01 
55 1376 1.422773e-01 6.137643e-01 6.879826e-02 6.879826e-02 1.155217e-01 1.477081e-01 1.818683e-01 1.929217e-01 2.383614e-01 3.417125e-01 3.880753e-01 6.137643e-01 
56 1401 1.368034e-01 6.129481e-01 6.639592e-02 6.639592e-02 1.152187e-01 1.443782e-01 1.891483e-01 1.904672e-01 2.465868e-01 3.317636e-01 3.861733e-01 6.129481e-01 
57 1426 1.244403e-01 6.433084e-01 6.446305e-02 6.446305e-02 1.138959e-01 1.441736e-01 1.825773e-01 1.884188e-01 2.419437e-01 3.314951e-01 3.992712e-01 6.433084e-01 
58 1451 1.243121e-01 6.572485e-01 6.160109e-02 6.160109e-02 1.109874e-01 1.415751e-01 1.750381e-01 1.838991e-01 2.393139e-01 3.217835e-01 4.383506e-01 6.572485e-01 
59 1476 1.253958e-01 6.445729e-01 5.863744e-02 5.863744e-02 1.073853e-01 1.387931e-01 1.744727e-01 1.959549e-01 2.363334e-01 3.103903e-01 4.278916e-01 6.445729e-01 
60 1501 1.124714e-01 6.409324e-01 5.620627e-02 5.620627e-02 1.054774e-01 1.335879e-01 1.684735e-01 1.918084e-01 2.330252e-01 3.082495e-01 4.308116e-01 6.409324e-01 
61 1526 1.231090e-01 6.362829e-01 5.353309e-02 5.353309e-02 1.060004e-01 1.316008e-01 1.693821e-01 1.872516e-01 2.481808e-01 3.142983e-01 4.192585e-01 6.362829e-01 
62 1551 1.421153e-01 6.183384e-01 5.107161e-02 5.107161e-02 1.051136e-01 1.407091e-01 1.647995e-01 1.874131e-01 2.502521e-01 3.160158e-01 4.042247e-01 6.183384e-01 
63 1576 1.720536e-01 6.073213e-01 4.900531e-02 4.900531e-02 1.068999e-01 1.485175e-01 1.645666e-01 1.896176e-01 2.444967e-01 3.257638e-01 3.989999e-01 6.073213e-01 
64 1601 1.701829e-01 6.282556e-01 4.720290e-02 4.720290e-02 1.045545e-01 1.455654e-01 1.597926e-01 1.875906e-01 2.391386e-01 3.230706e-01 3.895620e-01 6.282556e-01 
65 1626 1.654305e-01 6.229353e-01 4.518224e-02 4.518224e-02 1.006756e-01 1.436178e-01 1.551543e-01 1.821896e-01 2.341892e-01 3.234276e-01 3.887113e-01 6.229353e-01 
66 1651 1.589466e-01 6.333653e-01 4.358570e-02 4.358570e-02 1.020051e-01 1.386682e-01 1.531704e-01 1.741903e-01 2.239535e-01 3.222772e-01 3.891047e-01 6.333653e-01 
67 1676 1.409967e-01 6.225381e-01 4.182990e-02 4.182990e-02 1.002339e-01 1.335082e-01 1.547280e-01 1.714060e-01 2.264930e-01 3.108312e-01 3.743146e-01 6.225381e-01 
68 1701 1.643540e-01 6.305838e-01 4.085741e-02 4.085741e-02 9.729181e-02 1.330182e-01 1.523497e-01 1.701636e-01 2.432179e-01 3.010502e-01 3.991012e-01 6.305838e-01 
69 1726 1.691389e-01 6.181812e-01 3.952107e-02 3.952107e-02 9.970282e-02 1.377007e-01 1.465750e-01 1.734907e-01 2.387862e-01 2.943377e-01 4.008948e-01 6.181812e-01 
70 1751 1.680824e-01 6.175579e-01 3.831899e-02 3.831899e-02 9.848885e-02 1.352415e-01 1.521092e-01 1.733030e-01 2.425157e-01 2.904412e-01 4.141171e-01 6.175579e-01 
71 1776 2.010304e-01 6.418565e-01 3.735346e-02 3.735346e-02 9.844188e-02 1.396709e-01 1.508951e-01 1.697584e-01 2.667746e-01 2.907340e-01 4.278401e-01 6.418565e-01 
72 1801 2.102435e-01 6.466133e-01 3.698759e-02 3.698759e-02 9.724104e-02 1.366542e-01 1.465221e-01 1.662323e-01 2.764089e-01 2.810513e-01 4.246611e-01 6.466133e-01 
73 1826 2.269313e-01 6.468000e-01 3.616925e-02 3.616925e-02 9.508408e-02 1.365914e-01 1.404637e-01 1.758415e-01 2.694802e-01 2.891551e-01 4.227122e-01 6.468000e-01 
74 1851 2.084497e-01 6.305644e-01 3.486138e-02 3.486138e-02 9.189234e-02 1.334587e-01 1.409414e-01 1.719079e-01 2.626781e-01 2.792298e-01 4.142623e-01 6.305644e-01 
75 1876 2.204872e-01 6.202054e-01 3.368750e-02 3.368750e-02 9.112932e-02 1.308072e-01 1.395935e-01 1.693897e-01 2.563817e-01 2.958791e-01 4.320689e-01 6.202054e-01 
76 1901 2.056575e-01 6.075572e-01 3.245814e-02 3.245814e-02 9.218547e-02 1.271913e-01 1.426351e-01 1.641293e-01 2.526944e-01 2.939126e-01 4.312490e-01 6.075572e-01 
77 1926 1.969909e-01 6.493919e-01 3.203371e-02 3.203371e-02 9.045472e-02 1.277234e-01 1.390463e-01 1.661492e-01 2.594847e-01 2.993263e-01 4.234331e-01 6.493919e-01 
78 1951 1.981691e-01 6.906155e-01 3.083644e-02 3.083644e-02 9.042205e-02 1.255710e-01 1.384303e-01 1.672097e-01 2.509296e-01 3.073800e-01 4.158687e-01 6.906155e-01 
79 1976 1.869161e-01 7.040604e-01 2.979271e-02 2.979271e-02 8.843469e-02 1.258418e-01 1.352410e-01 1.606887e-01 2.474907e-01 3.048574e-01 4.080854e-01 7.040604e-01 
80 2001 1.854087e-01 6.923131e-01 2.878970e-02 2.878970e-02 8.456280e-02 1.222955e-01 1.345272e-01 1.565218e-01 2.476855e-01 3.112000e-01 4.034519e-01 6.923131e-01 
81 2026 1.936375e-01 6.788966e-01 2.807647e-02 2.807647e-02 8.276734e-02 1.284134e-01 1.320931e-01 1.550467e-01 2.460918e-01 3.039372e-01 4.016380e-01 6.788966e-01 
82 2051 1.760409e-01 6.885467e-01 2.696248e-02 2.696248e-02 8.092739e-02 1.257076e-01 1.281243e-01 1.549903e-01 2.377186e-01 2.966024e-01 3.959593e-01 6.885467e-01 
83 2076 1.681167e-01 6.849775e-01 2.636489e-02 2.636489e-02 8.054879e-02 1.224570e-01 1.256247e-01 1.507149e-01 2.348292e-01 2.956620e-01 4.012169e-01 6.849775e-01 
84 2101 1.581812e-01 6.627690e-01 2.518313e-02 2.518313e-02 7.757358e-02 1.188776e-01 1.254094e-01 1.529768e-01 2.331489e-01 2.929166e-01 3.862816e-01 6.627690e-01 
85 2126 1.436491e-01 6.716623e-01 2.416078e-02 2.416078e-02 7.523574e-02 1.157010e-01 1.245662e-01 1.492315e-01 2.312374e-01 2.844151e-01 3.745859e-01 6.716623e-01 
86 2151 1.377742e-01 6.920931e-01 2.361218e-02 2.361218e-02 7.376145e-02 1.116742e-01 1.231396e-01 1.540243e-01 2.270303e-01 2.818756e-01 3.624622e-01 6.920931e-01 
87 2176 1.213809e-01 6.925493e-01 2.273672e-02 2.273672e-02 7.290176e-02 1.112056e-01 1.250268e-01 1.484677e-01 2.265917e-01 2.775533e-01 3.550766e-01 6.925493e-01 
88 2201 1.081770e-01 6.747650e-01 2.187779e-02 2.187779e-02 7.287761e-02 1.072223e-01 1.195325e-01 1.444227e-01 2.220227e-01 2.751477e-01 3.600768e-01 6.747650e-01 
89 2226 1.089443e-01 6.540363e-01 2.105970e-02 2.105970e-02 7.164620e-02 1.047703e-01 1.152971e-01 1.433826e-01 2.204256e-01 2.837138e-01 3.677353e-01 6.540363e-01 
90 2251 1.100659e-01 6.801728e-01 2.011443e-02 2.011443e-02 6.996304e-02 1.046926e-01 1.126572e-01 1.427810e-01 2.136060e-01 2.834173e-01 3.589686e-01 6.801728e-01 
91 2276 1.238057e-01 6.825613e-01 1.931085e-02 1.931085e-02 6.737452e-02 1.010455e-01 1.128313e-01 1.388474e-01 2.080339e-01 2.912629e-01 3.677745e-01 6.825613e-01 
92 2301 1.332346e-01 6.913915e-01 1.892889e-02 1.892889e-02 6.609066e-02 9.970347e-02 1.158669e-01 1.499654e-01 2.074947e-01 2.919679e-01 3.762736e-01 6.913915e-01 
93 2326 1.354299e-01 6.852854e-01 1.856127e-02 1.856127e-02 6.693251e-02 9.740930e-02 1.158194e-01 1.474282e-01 2.129380e-01 2.962330e-01 3.790122e-01 6.852854e-01 
94 2351 1.342157e-01 6.849359e-01 1.792539e-02 1.792539e-02 6.858799e-02 9.602212e-02 1.116804e-01 1.432459e-01 2.073423e-01 2.960840e-01 3.733300e-01 6.849359e-01 
95 2376 1.226077e-01 6.631546e-01 1.719350e-02 1.719350e-02 7.124488e-02 9.382384e-02 1.113483e-01 1.401643e-01 2.042809e-01 2.963151e-01 3.700784e-01 6.631546e-01 
96 2401 1.116452e-01 6.451807e-01 1.665645e-02 1.665645e-02 7.051794e-02 8.965999e-02 1.102721e-01 1.358513e-01 1.998951e-01 2.890684e-01 3.695339e-01 6.451807e-01 
97 2426 1.120352e-01 6.387530e-01 1.607599e-02 1.607599e-02 7.296672e-02 8.901159e-02 1.075798e-01 1.389454e-01 1.953657e-01 2.838626e-01 3.653423e-01 6.387530e-01 
98 2451 1.251592e-01 6.739562e-01 1.561907e-02 1.561907e-02 7.392836e-02 8.608036e-02 1.045086e-01 1.371363e-01 1.928066e-01 2.962208e-01 3.611539e-01 6.739562e-01 
99 2476 1.269242e-01 6.693886e-01 1.506240e-02 1.506240e-02 7.433662e-02 8.666811e-02 1.022129e-01 1.383241e-01 1.875023e-01 2.901021e-01 3.555158e-01 6.693886e-01 
100 2501 1.455794e-01 6.732221e-01 1.444514e-02 1.444514e-02 7.461479e-02 8.756261e-02 9.836062e-02 1.359277e-01 1.929131e-01 2.979276e-01 3.550056e-01 6.732221e-01 
101 2526 1.520013e-01 6.689807e-01 1.414599e-02 1.414599e-02 7.444359e-02 8.716326e-02 1.051447e-01 1.403941e-01 1.914887e-01 2.983526e-01 3.480867e-01 6.689807e-01 
102 2551 1.689995e-01 6.632660e-01 1.376149e-02 1.376149e-02 7.396380e-02 9.182222e-02 1.017435e-01 1.395071e-01 1.908548e-01 2.888797e-01 3.362795e-01 6.632660e-01 
103 2576 1.839566e-01 6.619627e-01 1.326458e-02 1.326458e-02 7.370986e-02 8.974754e-02 1.039404e-01 1.425431e-01 1.910755e-01 2.900133e-01 3.382101e-01 6.619627e-01 
104 2601 1.729776e-01 6.449813e-01 1.291388e-02 1.291388e-02 7.303663e-02 9.007464e-02 1.007031e-01 1.400759e-01 1.858124e-01 2.860847e-01 3.311533e-01 6.449813e-01 
105 2626 1.621146e-01 6.200691e-01 1.268088e-02 1.268088e-02 7.105539e-02 9.004117e-02 9.899947e-02 1.375141e-01 1.789380e-01 2.827166e-01 3.199678e-01 6.200691e-01 
106 2651 1.575553e-01 6.105025e-01 1.222473e-02 1.222473e-02 7.042060e-02 9.036386e-02 9.868723e-02 1.382843e-01 1.725824e-01 2.759471e-01 3.182319e-01 6.105025e-01 
107 2676 1.550530e-01 6.210231e-01 1.215510e-02 1.215510e-02 6.887503e-02 8.737190e-02 9.806501e-02 1.344727e-01 1.685991e-01 2.664617e-01 3.228298e-01 6.210231e-01 
108 2701 1.555434e-01 6.263543e-01 1.169424e-02 1.169424e-02 6.773365e-02 8.518262e-02 9.990059e-02 1.291021e-01 1.646323e-01 2.647205e-01 3.134395e-01 6.263543e-01 
109 2726 1.556426e-01 6.338332e-01 1.115365e-02 1.115365e-02 6.539168e-02 8.651697e-02 9.805193e-02 1.294290e-01 1.626258e-01 2.554435e-01 3.090546e-01 6.338332e-01 
110 2751 1.512393e-01 6.391490e-01 1.077694e-02 1.077694e-02 6.364419e-02 8.955522e-02 9.736900e-02 1.270169e-01 1.662967e-01 2.475899e-01 3.022525e-01 6.391490e-01 
111 2776 1.455868e-01 6.415379e-01 1.054400e-02 1.054400e-02 6.266838e-02 8.959898e-02 1.032819e-01 1.241663e-01 1.672216e-01 2.367503e-01 2.918008e-01 6.415379e-01 
112 2801 1.518247e-01 6.330578e-01 1.021559e-02 1.021559e-02 6.368455e-02 9.046135e-02 1.041068e-01 1.221833e-01 1.646102e-01 2.335599e-01 2.878417e-01 6.330578e-01 
113 2826 1.460329e-01 6.171885e-01 9.964286e-03 9.964286e-03 6.320175e-02 8.851554e-02 1.065638e-01 1.215324e-01 1.602243e-01 2.319795e-01 2.931340e-01 6.171885e-01 
114 2851 1.313562e-01 6.068692e-01 9.640480e-03 9.640480e-03 6.151448e-02 8.917999e-02 1.051819e-01 1.172573e-01 1.566992e-01 2.265388e-01 2.858948e-01 6.068692e-01 
115 2876 1.194768e-01 5.947135e-01 9.378757e-03 9.378757e-03 6.059941e-02 8.819080e-02 1.037919e-01 1.160942e-01 1.504820e-01 2.242833e-01 2.903733e-01 5.947135e-01 
116 2901 1.069738e-01 5.937604e-01 9.093729e-03 9.093729e-03 6.038865e-02 8.514967e-02 1.028664e-01 1.159738e-01 1.470955e-01 2.191130e-01 2.819060e-01 5.937604e-01 
117 2926 1.083646e-01 5.959408e-01 8.716196e-03 8.716196e-03 5.887790e-02 8.380486e-02 1.017092e-01 1.139779e-01 1.447831e-01 2.136533e-01 2.739573e-01 5.959408e-01 
118 2951 1.142614e-01 5.896186e-01 8.388992e-03 8.388992e-03 5.787249e-02 8.298749e-02 1.038295e-01 1.198485e-01 1.405420e-01 2.110369e-01 2.643326e-01 5.896186e-01 
119 2976 1.121920e-01 5.861057e-01 8.029879e-03 8.029879e-03 5.622444e-02 8.310739e-02 1.026359e-01 1.272635e-01 1.406003e-01 2.126806e-01 2.584606e-01 5.861057e-01 
120 3001 1.058078e-01 5.893923e-01 7.747511e-03 7.747511e-03 5.447904e-02 8.863951e-02 9.823930e-02 1.244853e-01 1.364911e-01 2.060859e-01 2.491705e-01 5.893923e-01 
121 3026 1.133299e-01 5.724141e-01 7.437540e-03 7.437540e-03 5.308715e-02 9.273110e-02 9.835327e-02 1.220022e-01 1.337391e-01 2.000709e-01 2.529018e-01 5.724141e-01 
122 3051 1.009884e-01 5.683790e-01 7.152048e-03 7.152048e-03 5.159955e-02 9.018483e-02 9.690092e-02 1.188986e-01 1.318816e-01 1.959118e-01 2.458764e-01 5.683790e-01 
123 3076 8.924766e-02 5.661533e-01 6.849132e-03 6.849132e-03 4.983333e-02 8.864561e-02 9.435237e-02 1.143884e-01 1.306155e-01 1.897862e-01 2.429459e-01 5.661533e-01 
124 3101 8.631785e-02 5.643772e-01 6.562770e-03 6.562770e-03 4.795768e-02 8.908532e-02 9.056107e-02 1.143335e-01 1.322991e-01 1.839431e-01 2.472161e-01 5.643772e-01 
125 3126 8.067888e-02 5.572298e-01 6.255127e-03 6.255127e-03 4.634183e-02 8.721427e-02 9.016124e-02 1.097595e-01 1.319337e-01 1.778239e-01 2.619406e-01 5.572298e-01 
126 3151 7.547661e-02 5.497242e-01 6.043422e-03 6.043422e-03 4.482753e-02 8.845179e-02 9.096385e-02 1.093420e-01 1.281072e-01 1.715706e-01 2.566048e-01 5.497242e-01 
127 3176 6.962142e-02 5.316318e-01 5.787774e-03 5.787774e-03 4.335856e-02 8.795001e-02 9.475393e-02 1.090545e-01 1.261358e-01 1.710608e-01 2.491608e-01 5.316318e-01 
128 3201 6.745056e-02 5.332372e-01 5.557561e-03 5.557561e-03 4.250371e-02 8.697889e-02 9.206040e-02 1.132648e-01 1.230127e-01 1.671940e-01 2.460361e-01 5.332372e-01 
129 3226 6.627507e-02 5.240330e-01 5.363601e-03 5.363601e-03 4.180812e-02 8.440880e-02 9.275571e-02 1.143425e-01 1.220409e-01 1.601727e-01 2.449515e-01 5.240330e-01 
130 3251 6.355788e-02 5.209777e-01 5.305216e-03 5.305216e-03 3.990514e-02 8.323978e-02 9.014195e-02 1.105966e-01 1.194714e-01 1.610009e-01 2.436679e-01 5.209777e-01 
131 3276 5.936334e-02 5.119869e-01 5.154487e-03 5.154487e-03 3.985948e-02 8.304978e-02 9.151016e-02 1.083172e-01 1.150301e-01 1.619447e-01 2.379109e-01 5.119869e-01 
132 3301 5.609313e-02 5.074042e-01 5.032989e-03 5.032989e-03 3.957776e-02 8.105431e-02 8.922128e-02 1.054242e-01 1.145435e-01 1.609788e-01 2.345820e-01 5.074042e-01 
133 3326 5.584470e-02 5.045473e-01 4.858910e-03 4.858910e-03 3.933645e-02 8.259568e-02 8.627410e-02 1.044161e-01 1.158247e-01 1.546139e-01 2.259467e-01 5.045473e-01 
134 3351 5.246802e-02 4.934153e-01 4.717637e-03 4.717637e-03 3.798014e-02 8.031392e-02 8.444535e-02 1.041536e-01 1.164747e-01 1.497157e-01 2.234639e-01 4.934153e-01 
135 3376 5.421313e-02 5.040686e-01 4.537430e-03 4.537430e-03 3.692789e-02 7.723629e-02 8.264632e-02 1.005163e-01 1.182753e-01 1.519899e-01 2.224103e-01 5.040686e-01 
136 3401 4.963496e-02 5.032901e-01 4.453570e-03 4.453570e-03 3.577429e-02 7.393106e-02 8.175944e-02 9.896273e-02 1.143903e-01 1.460635e-01 2.230124e-01 5.032901e-01 
137 3426 4.806502e-02 5.057779e-01 4.381604e-03 4.381604e-03 3.432421e-02 7.222926e-02 8.009555e-02 9.720504e-02 1.116467e-01 1.490204e-01 2.204584e-01 5.057779e-01 
138 3451 4.344212e-02 5.353331e-01 4.244051e-03 4.244051e-03 3.314941e-02 6.978520e-02 7.866998e-02 9.353830e-02 1.113526e-01 1.465553e-01 2.171434e-01 5.353331e-01 
139 3476 4.756572e-02 5.162705e-01 4.120464e-03 4.120464e-03 3.225281e-02 6.777235e-02 7.842087e-02 9.290547e-02 1.114969e-01 1.588794e-01 2.111865e-01 5.162705e-01 
140 3501 4.758801e-02 5.105604e-01 4.012165e-03 4.012165e-03 3.204949e-02 6.555448e-02 7.609358e-02 9.239465e-02 1.089405e-01 1.564282e-01 2.127926e-01 5.105604e-01 
141 3526 5.163507e-02 4.981690e-01 3.876281e-03 3.876281e-03 3.259024e-02 6.651113e-02 7.638986e-02 8.882784e-02 1.116276e-01 1.603164e-01 2.075856e-01 4.981690e-01 
142 3551 5.146984e-02 4.946168e-01 3.756647e-03 3.756647e-03 3.160809e-02 6.753435e-02 7.573181e-02 8.862179e-02 1.109563e-01 1.575852e-01 2.156865e-01 4.946168e-01 
143 3576 4.829959e-02 4.777678e-01 3.585460e-03 3.585460e-03 3.157420e-02 6.763165e-02 7.441215e-02 8.854593e-02 1.118684e-01 1.549824e-01 2.377488e-01 4.777678e-01 
144 3601 4.276093e-02 4.669281e-01 3.553990e-03 3.553990e-03 3.126239e-02 6.612329e-02 7.227915e-02 8.719138e-02 1.085679e-01 1.525303e-01 2.383154e-01 4.669281e-01 
145 3626 3.866315e-02 4.681692e-01 3.467503e-03 3.467503e-03 3.034826e-02 6.461029e-02 7.302955e-02 8.523337e-02 1.053768e-01 1.535884e-01 2.363123e-01 4.681692e-01 
146 3651 3.997004e-02 5.056730e-01 3.430913e-03 3.430913e-03 3.051898e-02 6.212494e-02 7.250162e-02 8.303896e-02 1.075013e-01 1.513091e-01 2.339338e-01 5.056730e-01 
147 3676 3.684393e-02 5.037535e-01 3.383195e-03 3.383195e-03 3.013321e-02 6.183710e-02 7.226869e-02 8.194092e-02 1.081206e-01 1.454959e-01 2.336729e-01 5.037535e-01 
148 3701 3.513371e-02 5.031359e-01 3.340518e-03 3.340518e-03 2.916273e-02 6.077685e-02 6.920640e-02 8.188522e-02 1.143275e-01 1.441739e-01 2.367256e-01 5.031359e-01 
149 3726 3.561494e-02 4.948748e-01 3.258065e-03 3.258065e-03 2.856489e-02 6.185816e-02 6.950468e-02 8.191696e-02 1.204237e-01 1.425993e-01 2.374468e-01 4.948748e-01 
150 3751 3.726771e-02 4.950993e-01 3.212285e-03 3.212285e-03 2.878778e-02 6.040164e-02 6.797024e-02 7.958444e-02 1.222436e-01 1.430513e-01 2.306005e-01 4.950993e-01 
151 3776 4.005167e-02 4.977377e-01 3.181185e-03 3.181185e-03 2.833888e-02 5.899059e-02 6.878999e-02 7.821858e-02 1.204651e-01 1.429134e-01 2.306967e-01 4.977377e-01 
152 3801 3.965258e-02 4.883934e-01 3.153890e-03 3.153890e-03 2.769504e-02 5.774871e-02 6.675899e-02 7.797824e-02 1.176060e-01 1.377931e-01 2.369207e-01 4.883934e-01 
153 3826 4.261042e-02 4.849753e-01 3.185318e-03 3.185318e-03 2.715064e-02 5.758724e-02 6.448397e-02 7.547490e-02 1.190531e-01 1.344838e-01 2.573901e-01 4.849753e-01 
154 3851 3.989549e-02 4.946002e-01 3.161056e-03 3.161056e-03 2.667097e-02 5.722876e-02 6.255333e-02 7.317182e-02 1.158801e-01 1.334336e-01 2.516664e-01 4.946002e-01 
155 3876 3.976575e-02 4.881209e-01 3.158855e-03 3.158855e-03 2.570541e-02 5.712226e-02 6.128549e-02 7.052016e-02 1.137772e-01 1.338204e-01 2.530739e-01 4.881209e-01 
156 3901 3.842010e-02 5.302268e-01 3.139407e-03 3.139407e-03 2.468906e-02 5.667453e-02 5.945741e-02 7.029650e-02 1.121445e-01 1.313625e-01 2.517867e-01 5.302268e-01 
157 3926 3.595528e-02 5.198867e-01 3.099077e-03 3.099077e-03 2.395501e-02 5.508131e-02 5.998158e-02 6.885352e-02 1.085215e-01 1.265550e-01 2.558377e-01 5.198867e-01 
158 3951 3.327183e-02 5.372562e-01 3.028058e-03 3.028058e-03 2.300955e-02 5.339397e-02 6.170638e-02 6.827528e-02 1.121657e-01 1.269457e-01 2.510448e-01 5.372562e-01 
159 3976 3.236174e-02 5.255512e-01 2.933550e-03 2.933550e-03 2.235351e-02 5.418257e-02 6.036166e-02 6.858318e-02 1.098075e-01 1.262409e-01 2.570098e-01 5.255512e-01 
160 4001 3.287899e-02 5.388134e-01 2.883866e-03 2.883866e-03 2.243915e-02 5.347180e-02 5.837358e-02 6.655493e-02 1.076242e-01 1.217398e-01 2.657059e-01 5.388134e-01 
161 4026 3.034671e-02 5.576671e-01 2.816979e-03 2.816979e-03 2.159877e-02 5.391159e-02 5.826124e-02 6.563742e-02 1.027849e-01 1.171785e-01 2.688112e-01 5.576671e-01 
162 4051 2.734747e-02 5.571995e-01 2.710596e-03 2.710596e-03 2.118094e-02 5.272116e-02 5.677678e-02 6.380463e-02 1.019196e-01 1.161126e-01 2.603820e-01 5.571995e-01 
163 4076 2.485696e-02 5.534737e-01 2.676710e-03 2.676710e-03 2.136440e-02 5.083759e-02 5.581343e-02 6.252948e-02 1.001334e-01 1.136652e-01 2.631560e-01 5.534737e-01 
164 4101 2.272708e-02 5.571640e-01 2.558287e-03 2.558287e-03 2.106211e-02 4.993243e-02 5.495918e-02 6.164634e-02 9.868854e-02 1.130435e-01 2.629092e-01 5.571640e-01 
165 4126 2.164607e-02 5.466347e-01 2.506016e-03 2.506016e-03 2.081809e-02 4.945445e-02 5.328157e-02 6.147606e-02 9.812874e-02 1.164843e-01 2.568691e-01 5.466347e-01 
166 4151 2.074510e-02 5.434797e-01 2.491401e-03 2.491401e-03 2.109804e-02 4.863202e-02 5.190716e-02 6.601334e-02 9.460347e-02 1.162197e-01 2.525768e-01 5.434797e-01 
167 4176 1.990934e-02 5.437929e-01 2.418854e-03 2.418854e-03 2.069610e-02 4.777875e-02 5.157872e-02 6.668973e-02 9.664034e-02 1.143846e-01 2.550492e-01 5.437929e-01 
168 4201 2.023598e-02 5.272288e-01 2.355684e-03 2.355684e-03 2.001520e-02 4.677858e-02 5.102546e-02 6.794714e-02 9.580609e-02 1.160454e-01 2.470005e-01 5.272288e-01 
169 4226 1.965335e-02 5.172884e-01 2.306030e-03 2.306030e-03 2.053258e-02 4.742846e-02 5.091349e-02 6.867877e-02 9.475080e-02 1.159130e-01 2.435974e-01 5.172884e-01 
170 4251 1.903768e-02 5.084101e-01 2.231243e-03 2.231243e-03 2.015099e-02 4.847532e-02 5.038544e-02 6.781873e-02 9.875693e-02 1.191445e-01 2.401304e-01 5.084101e-01 
171 4276 2.036147e-02 5.078467e-01 2.218549e-03 2.218549e-03 1.981099e-02 4.985825e-02 5.251349e-02 6.835843e-02 1.008957e-01 1.231630e-01 2.435465e-01 5.078467e-01 
172 4301 2.022516e-02 5.125494e-01 2.171978e-03 2.171978e-03 1.930022e-02 4.946718e-02 5.286220e-02 6.755861e-02 1.028282e-01 1.243195e-01 2.409372e-01 5.125494e-01 
173 4326 2.025163e-02 4.959338e-01 2.268839e-03 2.268839e-03 1.950015e-02 4.859578e-02 5.200213e-02 6.632440e-02 1.007795e-01 1.283419e-01 2.499432e-01 4.959338e-01 
174 4351 2.041278e-02 4.947030e-01 2.288018e-03 2.288018e-03 1.869925e-02 4.769660e-02 5.058047e-02 6.819858e-02 1.017813e-01 1.361035e-01 2.583804e-01 4.947030e-01 
175 4376 2.395508e-02 4.889601e-01 2.352847e-03 2.352847e-03 1.876511e-02 4.922866e-02 5.050801e-02 6.916242e-02 9.837598e-02 1.323725e-01 2.587377e-01 4.889601e-01 
176 4401 2.474311e-02 4.912953e-01 2.403336e-03 2.403336e-03 1.848319e-02 4.844963e-02 4.852393e-02 6.739292e-02 9.830666e-02 1.304720e-01 2.558518e-01 4.912953e-01 
177 4426 2.678157e-02 4.815133e-01 2.426386e-03 2.426386e-03 1.829631e-02 4.754924e-02 4.815937e-02 6.617164e-02 9.528514e-02 1.295508e-01 2.520382e-01 4.815133e-01 
178 4451 2.665742e-02 4.772651e-01 2.411502e-03 2.411502e-03 1.753319e-02 4.662208e-02 5.014568e-02 6.543402e-02 9.701668e-02 1.254695e-01 2.556163e-01 4.772651e-01 
179 4476 2.564461e-02 4.601489e-01 2.355960e-03 2.355960e-03 1.747853e-02 4.813045e-02 4.946006e-02 6.529238e-02 9.443349e-02 1.228456e-01 2.513983e-01 4.601489e-01 
180 4501 2.594169e-02 4.583507e-01 2.309313e-03 2.309313e-03 1.680178e-02 4.745622e-02 5.023194e-02 6.720934e-02 9.333309e-02 1.231008e-01 2.421091e-01 4.583507e-01 
181 4526 2.926162e-02 4.418355e-01 2.290433e-03 2.290433e-03 1.672057e-02 4.605419e-02 5.088291e-02 7.382994e-02 9.105134e-02 1.217323e-01 2.493993e-01 4.418355e-01 
182 4551 2.679938e-02 4.415678e-01 2.236247e-03 2.236247e-03 1.693714e-02 4.653042e-02 5.102798e-02 7.324535e-02 8.901584e-02 1.207958e-01 2.468242e-01 4.415678e-01 
183 4576 2.451882e-02 4.325621e-01 2.170108e-03 2.170108e-03 1.645843e-02 4.633112e-02 5.053192e-02 7.137425e-02 8.698822e-02 1.179013e-01 2.556350e-01 4.325621e-01 
184 4601 2.420599e-02 4.240125e-01 2.126564e-03 2.126564e-03 1.697368e-02 4.553333e-02 4.832654e-02 6.945418e-02 8.669932e-02 1.144007e-01 2.481552e-01 4.240125e-01 
185 4626 2.605926e-02 4.227864e-01 2.087084e-03 2.087084e-03 1.645860e-02 4.660267e-02 4.772731e-02 7.184492e-02 8.748812e-02 1.105107e-01 2.494743e-01 4.227864e-01 
186 4651 2.391022e-02 4.104095e-01 2.071956e-03 2.071956e-03 1.588991e-02 4.568930e-02 4.849922e-02 7.152139e-02 8.679688e-02 1.139353e-01 2.437838e-01 4.104095e-01 
187 4676 2.260570e-02 4.050325e-01 1.991951e-03 1.991951e-03 1.523588e-02 4.686016e-02 5.270762e-02 6.947663e-02 8.695966e-02 1.115350e-01 2.415155e-01 4.050325e-01 
188 4701 2.083489e-02 4.002628e-01 1.965092e-03 1.965092e-03 1.488960e-02 4.611393e-02 5.496952e-02 7.149092e-02 8.626993e-02 1.095613e-01 2.380281e-01 4.002628e-01 
189 4726 1.935910e-02 4.011205e-01 1.938512e-03 1.938512e-03 1.452177e-02 4.470565e-02 5.384042e-02 7.110202e-02 8.648511e-02 1.099547e-01 2.454338e-01 4.011205e-01 
190 4751 1.960000e-02 3.926471e-01 1.890035e-03 1.890035e-03 1.440786e-02 4.594915e-02 5.337630e-02 7.212484e-02 8.398831e-02 1.081333e-01 2.432368e-01 3.926471e-01 
191 4776 1.935932e-02 3.935743e-01 1.856265e-03 1.856265e-03 1.394067e-02 4.544540e-02 5.729807e-02 7.175472e-02 8.525308e-02 1.075778e-01 2.418381e-01 3.935743e-01 
192 4801 2.025156e-02 4.178380e-01 1.800412e-03 1.800412e-03 1.335904e-02 4.443656e-02 5.573232e-02 6.970232e-02 8.430481e-02 1.049526e-01 2.473592e-01 4.178380e-01 
193 4826 1.942632e-02 4.166317e-01 1.822466e-03 1.822466e-03 1.344625e-02 4.273083e-02 5.501921e-02 6.845164e-02 8.316900e-02 1.059580e-01 2.428753e-01 4.166317e-01 
194 4851 1.902744e-02 4.252321e-01 1.808283e-03 1.808283e-03 1.358291e-02 4.103646e-02 5.458094e-02 6.912260e-02 8.147215e-02 1.087146e-01 2.356278e-01 4.252321e-01 
195 4876 1.821088e-02 4.149822e-01 1.751621e-03 1.751621e-03 1.329676e-02 4.114521e-02 5.294968e-02 7.059927e-02 7.879055e-02 1.069080e-01 2.333594e-01 4.149822e-01 
196 4901 1.792922e-02 4.112178e-01 1.766992e-03 1.766992e-03 1.330672e-02 4.085722e-02 5.416546e-02 6.967910e-02 7.696710e-02 1.041246e-01 2.356892e-01 4.112178e-01 
197 4926 1.941956e-02 4.144286e-01 1.783898e-03 1.783898e-03 1.334411e-02 3.964237e-02 5.453972e-02 7.084646e-02 7.859977e-02 1.025613e-01 2.322965e-01 4.144286e-01 
198 4951 2.083984e-02 4.515718e-01 1.751059e-03 1.751059e-03 1.291464e-02 3.917858e-02 5.409357e-02 6.939769e-02 7.587954e-02 1.012885e-01 2.269176e-01 4.515718e-01 
199 4976 2.324112e-02 4.846322e-01 1.730236e-03 1.730236e-03 1.362524e-02 3.809095e-02 5.278630e-02 6.797313e-02 7.606489e-02 9.749232e-02 2.190593e-01 4.846322e-01 
200 5001 2.617872e-02 5.219426e-01 1.704157e-03 1.704157e-03 1.356510e-02 3.944912e-02 5.262027e-02 6.659418e-02 7.826366e-02 9.606614e-02 2.167804e-01 5.219426e-01 
201 5026 2.739599e-02 5.436048e-01 1.650848e-03 1.650848e-03 1.304995e-02 3.927940e-02 5.333735e-02 6.545803e-02 7.857416e-02 9.446304e-02 2.127087e-01 5.436048e-01 
202 5051 2.427135e-02 5.505359e-01 1.583908e-03 1.583908e-03 1.307939e-02 3.835402e-02 5.286511e-02 6.337930e-02 7.689572e-02 9.210440e-02 2.099370e-01 5.505359e-01 
203 5076 2.405662e-02 5.501025e-01 1.546343e-03 1.546343e-03 1.323755e-02 3.834032e-02 5.350344e-02 6.327861e-02 7.535048e-02 9.354877e-02 2.044072e-01 5.501025e-01 
204 5101 2.624823e-02 5.433172e-01 1.491841e-03 1.491841e-03 1.301707e-02 3.822089e-02 5.364105e-02 6.231530e-02 8.091351e-02 9.141206e-02 2.000429e-01 5.433172e-01 
205 5126 2.615703e-02 5.327938e-01 1.489987e-03 1.489987e-03 1.300091e-02 3.767502e-02 5.229951e-02 6.214186e-02 8.309733e-02 9.643017e-02 1.993569e-01 5.327938e-01 
206 5151 2.535031e-02 5.169321e-01 1.493185e-03 1.493185e-03 1.292452e-02 3.913844e-02 5.022113e-02 6.372713e-02 8.194187e-02 9.540696e-02 1.954731e-01 5.169321e-01 
207 5176 2.514771e-02 5.120259e-01 1.488167e-03 1.488167e-03 1.279262e-02 3.927098e-02 5.054004e-02 6.313287e-02 7.907864e-02 9.353764e-02 1.894891e-01 5.120259e-01 
208 5201 2.505292e-02 5.010257e-01 1.488165e-03 1.488165e-03 1.306033e-02 3.888817e-02 4.926936e-02 6.518404e-02 7.828302e-02 9.219686e-02 1.854738e-01 5.010257e-01 
209 5226 2.456130e-02 5.021404e-01 1.483977e-03 1.483977e-03 1.278584e-02 3.823098e-02 4.866200e-02 6.531740e-02 7.696214e-02 9.443734e-02 1.847271e-01 5.021404e-01 
210 5251 2.261729e-02 5.052414e-01 1.466323e-03 1.466323e-03 1.240548e-02 3.688255e-02 4.787675e-02 6.323035e-02 7.447502e-02 9.335720e-02 1.806855e-01 5.052414e-01 
211 5276 2.010160e-02 4.906928e-01 1.435476e-03 1.435476e-03 1.256950e-02 3.635313e-02 4.610983e-02 6.225240e-02 7.210446e-02 9.356217e-02 1.864288e-01 4.906928e-01 
212 5301 1.827895e-02 4.760089e-01 1.445743e-03 1.445743e-03 1.219379e-02 3.704836e-02 4.504607e-02 6.052484e-02 7.058341e-02 9.353242e-02 1.822042e-01 4.760089e-01 
213 5326 1.769699e-02 4.913006e-01 1.454969e-03 1.454969e-03 1.184195e-02 3.742695e-02 4.448966e-02 5.834916e-02 7.156927e-02 9.448462e-02 1.838146e-01 4.913006e-01 
214 5351 1.574355e-02 4.772050e-01 1.460595e-03 1.460595e-03 1.232338e-02 3.619201e-02 4.445051e-02 5.797043e-02 6.922772e-02 9.322729e-02 1.796889e-01 4.772050e-01 
215 5376 1.508438e-02 4.573271e-01 1.461331e-03 1.461331e-03 1.237944e-02 3.538933e-02 4.481987e-02 6.036106e-02 7.410100e-02 9.365516e-02 1.725723e-01 4.573271e-01 
216 5401 1.591701e-02 4.523261e-01 1.475380e-03 1.475380e-03 1.200231e-02 3.442404e-02 4.485193e-02 6.591187e-02 7.381219e-02 9.127015e-02 1.727804e-01 4.523261e-01 
217 5426 1.618051e-02 4.433584e-01 1.489566e-03 1.489566e-03 1.173986e-02 3.499914e-02 4.385452e-02 6.666230e-02 7.266215e-02 8.873670e-02 1.731418e-01 4.433584e-01 
218 5451 1.536305e-02 4.462394e-01 1.499186e-03 1.499186e-03 1.151132e-02 3.432449e-02 4.358580e-02 6.489728e-02 7.303030e-02 8.678977e-02 1.708896e-01 4.462394e-01 
219 5476 1.509871e-02 4.437339e-01 1.517614e-03 1.517614e-03 1.147829e-02 3.627009e-02 4.250025e-02 6.368888e-02 7.154570e-02 8.467431e-02 1.727386e-01 4.437339e-01 
220 5501 1.511234e-02 4.389274e-01 1.488472e-03 1.488472e-03 1.123229e-02 3.585763e-02 4.155520e-02 6.212125e-02 7.040719e-02 8.542469e-02 1.814395e-01 4.389274e-01 
221 5526 1.325965e-02 4.448880e-01 1.469091e-03 1.469091e-03 1.105064e-02 3.620680e-02 4.207854e-02 6.061882e-02 6.887623e-02 8.260993e-02 1.769952e-01 4.448880e-01 
222 5551 1.422261e-02 4.394157e-01 1.470749e-03 1.470749e-03 1.070966e-02 3.478195e-02 4.081063e-02 6.656649e-02 6.833866e-02 8.124467e-02 1.783824e-01 4.394157e-01 
223 5576 1.247656e-02 4.305365e-01 1.467938e-03 1.467938e-03 1.044814e-02 3.424498e-02 4.187459e-02 6.652581e-02 6.718016e-02 8.145959e-02 1.824243e-01 4.305365e-01 
224 5601 1.042422e-02 4.198660e-01 1.469745e-03 1.469745e-03 1.028289e-02 3.332232e-02 4.027780e-02 6.456873e-02 6.925193e-02 8.080478e-02 1.789698e-01 4.198660e-01 
225 5626 1.024019e-02 4.031921e-01 1.413254e-03 1.413254e-03 1.119702e-02 3.327192e-02 3.988014e-02 6.426581e-02 6.825632e-02 8.038284e-02 1.755854e-01 4.031921e-01 
226 5651 9.874030e-03 3.954677e-01 1.359871e-03 1.359871e-03 1.089620e-02 3.373031e-02 4.014805e-02 6.270043e-02 6.627396e-02 8.013428e-02 1.779833e-01 3.954677e-01 
227 5676 9.662767e-03 3.892468e-01 1.324661e-03 1.324661e-03 1.077388e-02 3.378818e-02 3.940819e-02 6.045506e-02 6.586548e-02 8.066609e-02 1.741190e-01 3.892468e-01 
228 5701 9.091166e-03 3.838966e-01 1.311407e-03 1.311407e-03 1.059199e-02 3.271653e-02 3.786715e-02 5.949846e-02 6.809306e-02 8.160639e-02 1.779380e-01 3.838966e-01 
229 5726 9.815883e-03 4.220097e-01 1.288413e-03 1.288413e-03 1.052380e-02 3.227382e-02 3.733703e-02 5.752446e-02 6.989923e-02 8.149009e-02 1.823610e-01 4.220097e-01 
230 5751 1.082483e-02 4.281537e-01 1.339970e-03 1.339970e-03 1.038845e-02 3.160951e-02 3.794456e-02 5.648007e-02 7.148627e-02 7.852794e-02 1.827698e-01 4.281537e-01 
231 5776 9.706435e-03 4.292666e-01 1.312701e-03 1.312701e-03 1.014236e-02 3.227927e-02 3.829155e-02 5.471322e-02 7.101157e-02 7.916394e-02 1.781437e-01 4.292666e-01 
232 5801 9.727271e-03 4.219241e-01 1.272405e-03 1.272405e-03 1.010625e-02 3.183649e-02 3.783671e-02 5.589382e-02 7.200383e-02 7.855235e-02 1.752712e-01 4.219241e-01 
233 5826 1.081542e-02 4.114587e-01 1.238996e-03 1.238996e-03 9.688209e-03 3.155106e-02 3.795130e-02 5.462216e-02 7.458716e-02 7.719723e-02 1.784071e-01 4.114587e-01 
234 5851 1.157841e-02 4.165270e-01 1.204307e-03 1.204307e-03 9.864159e-03 3.063037e-02 3.997567e-02 5.469448e-02 7.346450e-02 7.670885e-02 1.838098e-01 4.165270e-01 
235 5876 1.269064e-02 4.021151e-01 1.189069e-03 1.189069e-03 1.001048e-02 3.020449e-02 4.163557e-02 5.312654e-02 7.193065e-02 7.492648e-02 1.885001e-01 4.021151e-01 
236 5901 1.266204e-02 3.877529e-01 1.175503e-03 1.175503e-03 9.597328e-03 2.926466e-02 4.441544e-02 5.203589e-02 7.325217e-02 7.947550e-02 1.879889e-01 3.877529e-01 
237 5926 1.183838e-02 3.842398e-01 1.132588e-03 1.132588e-03 9.642564e-03 2.917728e-02 4.446796e-02 5.063698e-02 7.417485e-02 7.951139e-02 1.855384e-01 3.842398e-01 
238 5951 1.147055e-02 4.040839e-01 1.108278e-03 1.108278e-03 9.326302e-03 2.886349e-02 4.446031e-02 5.112468e-02 7.233518e-02 7.842197e-02 1.846396e-01 4.040839e-01 
239 5976 9.715486e-03 4.002062e-01 1.087558e-03 1.087558e-03 9.146675e-03 2.832139e-02 4.268656e-02 4.984137e-02 7.191402e-02 7.865990e-02 1.778630e-01 4.002062e-01 
240 6001 9.657530e-03 3.904290e-01 1.047512e-03 1.047512e-03 9.091327e-03 2.790391e-02 4.209658e-02 4.931070e-02 7.204020e-02 8.288932e-02 1.741959e-01 3.904290e-01 
241 6026 9.523270e-03 3.804010e-01 1.005104e-03 1.005104e-03 8.748409e-03 2.676570e-02 4.357611e-02 4.825535e-02 7.172257e-02 8.441644e-02 1.691137e-01 3.804010e-01 
242 6051 9.332570e-03 3.680304e-01 9.740150e-04 9.740150e-04 8.741145e-03 2.763114e-02 4.310156e-02 4.874845e-02 7.094417e-02 8.688459e-02 1.658949e-01 3.680304e-01 
243 6076 9.186565e-03 3.587723e-01 9.875558e-04 9.875558e-04 8.586323e-03 2.686196e-02 4.516096e-02 4.766685e-02 6.948015e-02 8.455792e-02 1.641932e-01 3.587723e-01 
244 6101 9.238767e-03 3.688202e-01 9.637559e-04 9.637559e-04 8.272448e-03 2.700531e-02 4.412783e-02 4.908031e-02 6.721266e-02 8.376465e-02 1.601101e-01 3.688202e-01 
245 6126 9.903333e-03 3.610395e-01 9.454149e-04 9.454149e-04 8.190997e-03 2.622010e-02 4.495606e-02 4.947316e-02 6.608381e-02 8.653372e-02 1.626087e-01 3.610395e-01 
246 6151 8.934682e-03 3.574858e-01 9.101800e-04 9.101800e-04 8.060268e-03 2.654950e-02 4.404168e-02 4.867744e-02 6.422400e-02 8.574796e-02 1.573117e-01 3.574858e-01 
247 6176 8.516442e-03 3.468112e-01 9.454127e-04 9.454127e-04 7.862974e-03 2.666522e-02 4.310440e-02 4.755891e-02 6.289940e-02 8.452930e-02 1.623793e-01 3.468112e-01 
248 6201 8.450842e-03 3.443162e-01 9.408738e-04 9.408738e-04 7.713668e-03 2.661517e-02 4.292738e-02 4.721951e-02 6.259120e-02 8.219751e-02 1.617992e-01 3.443162e-01 
249 6226 8.836211e-03 3.564183e-01 9.315915e-04 9.315915e-04 7.644891e-03 2.607933e-02 4.449286e-02 4.636295e-02 6.235347e-02 8.225386e-02 1.606757e-01 3.564183e-01 
250 6251 8.941294e-03 3.558164e-01 9.147466e-04 9.147466e-04 7.539678e-03 2.655703e-02 4.375404e-02 4.728767e-02 6.125343e-02 8.857221e-02 1.610256e-01 3.558164e-01 
251 6276 7.990022e-03 3.547460e-01 9.084255e-04 9.084255e-04 7.653572e-03 2.669397e-02 4.200510e-02 4.679861e-02 6.030358e-02 8.640556e-02 1.610797e-01 3.547460e-01 
252 6301 7.571034e-03 3.673234e-01 8.797937e-04 8.797937e-04 7.705923e-03 2.567386e-02 4.179627e-02 4.685688e-02 5.802816e-02 9.501340e-02 1.576182e-01 3.673234e-01 
253 6326 7.095961e-03 3.651641e-01 8.528200e-04 8.528200e-04 7.585204e-03 2.490693e-02 4.030164e-02 4.605651e-02 5.822294e-02 9.461144e-02 1.672812e-01 3.651641e-01 
254 6351 6.408630e-03 3.554021e-01 8.897740e-04 8.897740e-04 7.325642e-03 2.440827e-02 3.928235e-02 4.586364e-02 5.794904e-02 9.208305e-02 1.668101e-01 3.554021e-01 
255 6376 5.717323e-03 3.660928e-01 9.031044e-04 9.031044e-04 7.230038e-03 2.352904e-02 3.803600e-02 4.548214e-02 5.612959e-02 9.129589e-02 1.631228e-01 3.660928e-01 
256 6401 5.306243e-03 3.602372e-01 8.934925e-04 8.934925e-04 7.189068e-03 2.279703e-02 3.710884e-02 4.381141e-02 5.496254e-02 9.388957e-02 1.580877e-01 3.602372e-01 
257 6426 5.194052e-03 3.624613e-01 8.652388e-04 8.652388e-04 7.041031e-03 2.302977e-02 3.659650e-02 4.340294e-02 5.501514e-02 9.194419e-02 1.583951e-01 3.624613e-01 
258 6451 5.133862e-03 3.489784e-01 8.312266e-04 8.312266e-04 6.888870e-03 2.240703e-02 3.583709e-02 4.340673e-02 5.638075e-02 9.037313e-02 1.676657e-01 3.489784e-01 
259 6476 5.315632e-03 3.566729e-01 8.585190e-04 8.585190e-04 6.862958e-03 2.266339e-02 3.444551e-02 4.202565e-02 5.607188e-02 9.401366e-02 1.752991e-01 3.566729e-01 
260 6501 5.756024e-03 3.618549e-01 8.530138e-04 8.530138e-04 6.652913e-03 2.367443e-02 3.385788e-02 4.215708e-02 5.663727e-02 9.698348e-02 1.734152e-01 3.618549e-01 
261 6526 5.705944e-03 3.754941e-01 9.112362e-04 9.112362e-04 6.595368e-03 2.372005e-02 3.284865e-02 4.172605e-02 5.540871e-02 9.372584e-02 1.707166e-01 3.754941e-01 
262 6551 6.008600e-03 3.698958e-01 8.790331e-04 8.790331e-04 6.803645e-03 2.395901e-02 3.252214e-02 3.999016e-02 5.546329e-02 9.213121e-02 1.757345e-01 3.698958e-01 
263 6576 6.432979e-03 3.774437e-01 8.783728e-04 8.783728e-04 6.930770e-03 2.457867e-02 3.260558e-02 3.941215e-02 5.682236e-02 9.122591e-02 1.771745e-01 3.774437e-01 
264 6601 6.444013e-03 3.639627e-01 8.977311e-04 8.977311e-04 7.374705e-03 2.445639e-02 3.168851e-02 3.809782e-02 5.671447e-02 9.143264e-02 1.755979e-01 3.639627e-01 
265 6626 6.409993e-03 3.633060e-01 8.731563e-04 8.731563e-04 7.356593e-03 2.458451e-02 3.222047e-02 4.039237e-02 5.548508e-02 8.900353e-02 1.717784e-01 3.633060e-01 
266 6651 6.109133e-03 3.809995e-01 8.773786e-04 8.773786e-04 7.612419e-03 2.409646e-02 3.251772e-02 3.998463e-02 5.595456e-02 8.670274e-02 1.656181e-01 3.809995e-01 
267 6676 5.596386e-03 3.716902e-01 8.956970e-04 8.956970e-04 7.455294e-03 2.380899e-02 3.223942e-02 3.888429e-02 5.581987e-02 8.450312e-02 1.682015e-01 3.716902e-01 
268 6701 6.022844e-03 3.920831e-01 8.797633e-04 8.797633e-04 7.379987e-03 2.402705e-02 3.214153e-02 3.801075e-02 5.580295e-02 8.714246e-02 1.665870e-01 3.920831e-01 
269 6726 5.864540e-03 3.869741e-01 8.795250e-04 8.795250e-04 7.312244e-03 2.427885e-02 3.180960e-02 3.775687e-02 5.645459e-02 8.472906e-02 1.664399e-01 3.869741e-01 
270 6751 6.127993e-03 3.792077e-01 8.651352e-04 8.651352e-04 7.560936e-03 2.388449e-02 3.274881e-02 3.874383e-02 5.726306e-02 8.533082e-02 1.608216e-01 3.792077e-01 
271 6776 6.305626e-03 3.863318e-01 8.887694e-04 8.887694e-04 7.494636e-03 2.317455e-02 3.267415e-02 3.903505e-02 5.671827e-02 8.571291e-02 1.635413e-01 3.863318e-01 
272 6801 5.503288e-03 3.752308e-01 8.752465e-04 8.752465e-04 7.280869e-03 2.259703e-02 3.238557e-02 3.972847e-02 5.699850e-02 8.488009e-02 1.598200e-01 3.752308e-01 
273 6826 5.382868e-03 3.618973e-01 8.467176e-04 8.467176e-04 7.500579e-03 2.192946e-02 3.215102e-02 3.883824e-02 5.747762e-02 8.646063e-02 1.593810e-01 3.618973e-01 
274 6851 5.893120e-03 3.531171e-01 8.184310e-04 8.184310e-04 7.291715e-03 2.226260e-02 3.074539e-02 3.938902e-02 5.882842e-02 9.223136e-02 1.561986e-01 3.531171e-01 
275 6876 6.462512e-03 3.450685e-01 8.273892e-04 8.273892e-04 7.129847e-03 2.245593e-02 3.044618e-02 3.897889e-02 5.934969e-02 9.430626e-02 1.524967e-01 3.450685e-01 
276 6901 7.145897e-03 3.410235e-01 8.097576e-04 8.097576e-04 7.217670e-03 2.244645e-02 2.939811e-02 3.863296e-02 6.212091e-02 9.788624e-02 1.513595e-01 3.410235e-01 
277 6926 6.784132e-03 3.346362e-01 8.271886e-04 8.271886e-04 7.066390e-03 2.187437e-02 2.836714e-02 3.740133e-02 6.003470e-02 9.722595e-02 1.604920e-01 3.346362e-01 
278 6951 7.393054e-03 3.470650e-01 8.006037e-04 8.006037e-04 7.115916e-03 2.104230e-02 2.873809e-02 3.604453e-02 6.046389e-02 9.477325e-02 1.654525e-01 3.470650e-01 
279 6976 7.565668e-03 3.650461e-01 7.839163e-04 7.839163e-04 7.045318e-03 2.058593e-02 2.930158e-02 3.553379e-02 6.052785e-02 9.322935e-02 1.606741e-01 3.650461e-01 
280 7001 7.371081e-03 3.779905e-01 7.584091e-04 7.584091e-04 6.981503e-03 2.013602e-02 2.955756e-02 3.583506e-02 5.906610e-02 9.148377e-02 1.590404e-01 3.779905e-01 
281 7026 7.048057e-03 3.759173e-01 7.453380e-04 7.453380e-04 6.968663e-03 2.029311e-02 3.074698e-02 3.496231e-02 5.935270e-02 9.167109e-02 1.611046e-01 3.759173e-01 
282 7051 7.371017e-03 3.824804e-01 7.660421e-04 7.660421e-04 6.836412e-03 2.037329e-02 3.016499e-02 3.472562e-02 6.277587e-02 9.314983e-02 1.645780e-01 3.824804e-01 
283 7076 7.928846e-03 3.881830e-01 7.425883e-04 7.425883e-04 7.411543e-03 2.016847e-02 2.988240e-02 3.617552e-02 6.139753e-02 9.122639e-02 1.623405e-01 3.881830e-01 
284 7101 7.983791e-03 3.822469e-01 7.571278e-04 7.571278e-04 7.331688e-03 2.042045e-02 2.959634e-02 3.478717e-02 6.006104e-02 8.955085e-02 1.741028e-01 3.822469e-01 
285 7126 8.618519e-03 3.752460e-01 7.914016e-04 7.914016e-04 7.110250e-03 2.021769e-02 2.948133e-02 3.387890e-02 6.136037e-02 8.883824e-02 1.759883e-01 3.752460e-01 
286 7151 8.932998e-03 4.037081e-01 7.841301e-04 7.841301e-04 7.037928e-03 2.042389e-02 2.963373e-02 3.306328e-02 6.189487e-02 8.832040e-02 1.736732e-01 4.037081e-01 
287 7176 8.723903e-03 4.041503e-01 7.707759e-04 7.707759e-04 6.813371e-03 2.043099e-02 2.891953e-02 3.300083e-02 5.986656e-02 8.720670e-02 1.681098e-01 4.041503e-01 
288 7201 8.562106e-03 4.059432e-01 7.586738e-04 7.586738e-04 6.687588e-03 2.076392e-02 2.883803e-02 3.196701e-02 6.008647e-02 8.502644e-02 1.641654e-01 4.059432e-01 
289 7226 9.687711e-03 3.935033e-01 7.580552e-04 7.580552e-04 6.401358e-03 2.080099e-02 2.820561e-02 3.312911e-02 5.998614e-02 8.337805e-02 1.696640e-01 3.935033e-01 
290 7251 1.060229e-02 3.894470e-01 7.346140e-04 7.346140e-04 6.405091e-03 2.203363e-02 2.833980e-02 3.349258e-02 6.140220e-02 8.106590e-02 1.632049e-01 3.894470e-01 
291 7276 1.196606e-02 3.815064e-01 7.256528e-04 7.256528e-04 6.366720e-03 2.197406e-02 2.820819e-02 3.388716e-02 6.282855e-02 8.098208e-02 1.798685e-01 3.815064e-01 
292 7301 1.242713e-02 3.662175e-01 7.232260e-04 7.232260e-04 6.282195e-03 2.279814e-02 2.907971e-02 3.571143e-02 6.305231e-02 7.829458e-02 1.852586e-01 3.662175e-01 
293 7326 1.157768e-02 3.619267e-01 6.990260e-04 6.990260e-04 6.375452e-03 2.246703e-02 2.895092e-02 3.772957e-02 6.266329e-02 7.772377e-02 1.829052e-01 3.619267e-01 
294 7351 1.056956e-02 3.593638e-01 7.084142e-04 7.084142e-04 6.127369e-03 2.198169e-02 2.858043e-02 3.753980e-02 6.107879e-02 7.504171e-02 1.874665e-01 3.593638e-01 
295 7376 1.129320e-02 3.625473e-01 7.127673e-04 7.127673e-04 5.999618e-03 2.111899e-02 2.845807e-02 3.769596e-02 6.219626e-02 8.059454e-02 1.843532e-01 3.625473e-01 
296 7401 1.139690e-02 3.543225e-01 7.018497e-04 7.018497e-04 5.846974e-03 2.173765e-02 2.893486e-02 3.845344e-02 5.993168e-02 8.033064e-02 1.841390e-01 3.543225e-01 
297 7426 1.274133e-02 3.506173e-01 6.919820e-04 6.919820e-04 5.731125e-03 2.200281e-02 3.011870e-02 3.782698e-02 5.992279e-02 8.073035e-02 1.882518e-01 3.506173e-01 
298 7451 1.271202e-02 3.599303e-01 6.724005e-04 6.724005e-04 5.646350e-03 2.210566e-02 2.969618e-02 3.703348e-02 6.174497e-02 8.173564e-02 1.994130e-01 3.599303e-01 
299 7476 1.169535e-02 3.547068e-01 6.528597e-04 6.528597e-04 5.669059e-03 2.153045e-02 2.958457e-02 3.624523e-02 6.187215e-02 7.971965e-02 1.956741e-01 3.547068e-01 
300 7501 1.123674e-02 3.864855e-01 6.494993e-04 6.494993e-04 5.622762e-03 2.122454e-02 2.904620e-02 3.740976e-02 6.234454e-02 7.844633e-02 2.000280e-01 3.864855e-01 
301 7526 1.014059e-02 3.843689e-01 6.396017e-04 6.396017e-04 5.575094e-03 2.152615e-02 2.825938e-02 3.618949e-02 6.106077e-02 7.706651e-02 1.948941e-01 3.843689e-01 
302 7551 9.613733e-03 4.011643e-01 6.583319e-04 6.583319e-04 5.687144e-03 2.120831e-02 2.732451e-02 3.589613e-02 5.947906e-02 7.629281e-02 1.956591e-01 4.011643e-01 
303 7576 9.327700e-03 3.946155e-01 6.487690e-04 6.487690e-04 5.616795e-03 2.093187e-02 2.689087e-02 3.486247e-02 5.864760e-02 7.743458e-02 1.903968e-01 3.946155e-01 
304 7601 8.612913e-03 4.158755e-01 6.437504e-04 6.437504e-04 5.516492e-03 2.032929e-02 2.613995e-02 3.376885e-02 5.747399e-02 7.705810e-02 1.922128e-01 4.158755e-01 
305 7626 7.535738e-03 4.072417e-01 6.334291e-04 6.334291e-04 5.455840e-03 2.019655e-02 2.583513e-02 3.357108e-02 5.529938e-02 7.561909e-02 1.889233e-01 4.072417e-01 
306 7651 7.472649e-03 4.205551e-01 6.123771e-04 6.123771e-04 5.497935e-03 1.969292e-02 2.570336e-02 3.261680e-02 5.440817e-02 7.432834e-02 1.872595e-01 4.205551e-01 
307 7676 8.522694e-03 4.679376e-01 6.036847e-04 6.036847e-04 5.413178e-03 1.898685e-02 2.555595e-02 3.264804e-02 5.366172e-02 7.823359e-02 1.890449e-01 4.679376e-01 
308 7701 9.399483e-03 4.668419e-01 6.128446e-04 6.128446e-04 5.409163e-03 1.888973e-02 2.626473e-02 3.228643e-02 5.344880e-02 7.809941e-02 1.918963e-01 4.668419e-01 
309 7726 1.037402e-02 4.579659e-01 5.951095e-04 5.951095e-04 5.237951e-03 1.846224e-02 2.517556e-02 3.199003e-02 5.496507e-02 7.633141e-02 2.145598e-01 4.579659e-01 
310 7751 1.015799e-02 4.442378e-01 6.137119e-04 6.137119e-04 5.075905e-03 1.910162e-02 2.520068e-02 3.098274e-02 5.406875e-02 7.711420e-02 2.198947e-01 4.442378e-01 
311 7776 9.291329e-03 4.356785e-01 6.411826e-04 6.411826e-04 4.989961e-03 1.927828e-02 2.492987e-02 3.084560e-02 5.367550e-02 7.730775e-02 2.192474e-01 4.356785e-01 
312 7801 9.923039e-03 4.312220e-01 6.223309e-04 6.223309e-04 5.077532e-03 1.918095e-02 2.430206e-02 3.179033e-02 5.232832e-02 7.845496e-02 2.189361e-01 4.312220e-01 
313 7826 9.514005e-03 4.312471e-01 6.181164e-04 6.181164e-04 5.115110e-03 1.860990e-02 2.472792e-02 3.102315e-02 5.035299e-02 7.990058e-02 2.177230e-01 4.312471e-01 
314 7851 1.001428e-02 4.203598e-01 6.062354e-04 6.062354e-04 5.105990e-03 1.828081e-02 2.409805e-02 3.012540e-02 4.969237e-02 8.311290e-02 2.137094e-01 4.203598e-01 
315 7876 1.129631e-02 4.202641e-01 5.950567e-04 5.950567e-04 5.008763e-03 1.793190e-02 2.347208e-02 2.892265e-02 4.857369e-02 9.318060e-02 2.202493e-01 4.202641e-01 
316 7901 1.124113e-02 4.155334e-01 6.047471e-04 6.047471e-04 4.848821e-03 1.866781e-02 2.365722e-02 2.927173e-02 4.906152e-02 9.441039e-02 2.206530e-01 4.155334e-01 
317 7926 1.196542e-02 4.043397e-01 6.033591e-04 6.033591e-04 4.763971e-03 1.799482e-02 2.346732e-02 2.861072e-02 4.931694e-02 1.008295e-01 2.194276e-01 4.043397e-01 
318 7951 1.221616e-02 4.062450e-01 6.007801e-04 6.007801e-04 4.621501e-03 1.811192e-02 2.294973e-02 2.913443e-02 4.945393e-02 1.010332e-01 2.177095e-01 4.062450e-01 
319 7976 1.266394e-02 4.018958e-01 5.906024e-04 5.906024e-04 4.682563e-03 1.847821e-02 2.196805e-02 2.867384e-02 4.880860e-02 1.043213e-01 2.174319e-01 4.018958e-01 
320 8001 1.410529e-02 4.090971e-01 6.043938e-04 6.043938e-04 4.517962e-03 1.818885e-02 2.144042e-02 2.766563e-02 4.881041e-02 1.053119e-01 2.158647e-01 4.090971e-01 
321 8026 1.464674e-02 3.999124e-01 5.990118e-04 5.990118e-04 4.407967e-03 1.743851e-02 2.150935e-02 2.852171e-02 4.832514e-02 1.106791e-01 2.150896e-01 3.999124e-01 
322 8051 1.529288e-02 3.958614e-01 5.998860e-04 5.998860e-04 4.299903e-03 1.792539e-02 2.161367e-02 2.793231e-02 4.936960e-02 1.106561e-01 2.160365e-01 3.958614e-01 
323 8076 1.584332e-02 3.834055e-01 5.920977e-04 5.920977e-04 4.271172e-03 1.776389e-02 2.105045e-02 2.795425e-02 4.986655e-02 1.072957e-01 2.218948e-01 3.834055e-01 
324 8101 1.407124e-02 3.839316e-01 5.791117e-04 5.791117e-04 4.231023e-03 1.760039e-02 2.111674e-02 2.754667e-02 4.983802e-02 1.063819e-01 2.222616e-01 3.839316e-01 
325 8126 1.292808e-02 3.809508e-01 5.587928e-04 5.587928e-04 4.198674e-03 1.719744e-02 2.128465e-02 2.694236e-02 4.889099e-02 1.034378e-01 2.183545e-01 3.809508e-01 
326 8151 1.277508e-02 3.865554e-01 5.664482e-04 5.664482e-04 4.090304e-03 1.668883e-02 2.196908e-02 2.721155e-02 4.851391e-02 1.013419e-01 2.202224e-01 3.865554e-01 
327 8176 1.399907e-02 4.076444e-01 5.813418e-04 5.813418e-04 3.959532e-03 1.651628e-02 2.166063e-02 2.761993e-02 4.807457e-02 1.071451e-01 2.256116e-01 4.076444e-01 
328 8201 1.464844e-02 3.929065e-01 5.717576e-04 5.717576e-04 3.971199e-03 1.587020e-02 2.078983e-02 2.716636e-02 4.673095e-02 1.051535e-01 2.504307e-01 3.929065e-01 
329 8226 1.534257e-02 3.854605e-01 5.537272e-04 5.537272e-04 3.926845e-03 1.571880e-02 2.077404e-02 2.739393e-02 4.646894e-02 1.057410e-01 2.566060e-01 3.854605e-01 
330 8251 1.497139e-02 3.757276e-01 5.481654e-04 5.481654e-04 3.907639e-03 1.553181e-02 2.063030e-02 2.707467e-02 4.534271e-02 1.019390e-01 2.628548e-01 3.757276e-01 
331 8276 1.520691e-02 3.760341e-01 5.612070e-04 5.612070e-04 3.859399e-03 1.544461e-02 2.024560e-02 2.740176e-02 4.448782e-02 1.002721e-01 2.575575e-01 3.760341e-01 
332 8301 1.452719e-02 3.705404e-01 5.716994e-04 5.716994e-04 3.892257e-03 1.524317e-02 1.969976e-02 2.698262e-02 4.526777e-02 9.957252e-02 2.657423e-01 3.705404e-01 
333 8326 1.454468e-02 3.648469e-01 5.861121e-04 5.861121e-04 3.775219e-03 1.481995e-02 1.914353e-02 2.815632e-02 4.469667e-02 1.008838e-01 2.660004e-01 3.648469e-01 
334 8351 1.367646e-02 3.718906e-01 5.826040e-04 5.826040e-04 3.705308e-03 1.446268e-02 1.992071e-02 2.793085e-02 4.338965e-02 9.895239e-02 2.660766e-01 3.718906e-01 
335 8376 1.450929e-02 3.920273e-01 5.703224e-04 5.703224e-04 3.729544e-03 1.404782e-02 1.982057e-02 2.837451e-02 4.420044e-02 9.639028e-02 2.641861e-01 3.920273e-01 
336 8401 1.441376e-02 4.059355e-01 5.645417e-04 5.645417e-04 3.661658e-03 1.410379e-02 1.903754e-02 2.886816e-02 4.329892e-02 9.473963e-02 2.648290e-01 4.059355e-01 
337 8426 1.555407e-02 4.048075e-01 5.637440e-04 5.637440e-04 3.827947e-03 1.393160e-02 1.824133e-02 2.953398e-02 4.207063e-02 9.285255e-02 2.682788e-01 4.048075e-01 
338 8451 1.437191e-02 3.999117e-01 5.479502e-04 5.479502e-04 3.854556e-03 1.416337e-02 1.782719e-02 2.923105e-02 4.158421e-02 9.184267e-02 2.596246e-01 3.999117e-01 
339 8476 1.581051e-02 4.014246e-01 5.512942e-04 5.512942e-04 3.722383e-03 1.392830e-02 1.726732e-02 2.956944e-02 4.161298e-02 9.705268e-02 2.538246e-01 4.014246e-01 
340 8501 1.659961e-02 3.928842e-01 5.376533e-04 5.376533e-04 3.746317e-03 1.386294e-02 1.706990e-02 2.970960e-02 4.018780e-02 9.615563e-02 2.679828e-01 3.928842e-01 
341 8526 1.780115e-02 3.853136e-01 5.408046e-04 5.408046e-04 4.037172e-03 1.355174e-02 1.660914e-02 2.912255e-02 4.118647e-02 9.532381e-02 2.594760e-01 3.853136e-01 
342 8551 1.652790e-02 3.772524e-01 5.204525e-04 5.204525e-04 4.093746e-03 1.336413e-02 1.729939e-02 2.943542e-02 4.170360e-02 9.536636e-02 2.577372e-01 3.772524e-01 
343 8576 1.569933e-02 3.810481e-01 5.106248e-04 5.106248e-04 4.005327e-03 1.290958e-02 1.697728e-02 2.851364e-02 4.323987e-02 9.153318e-02 2.501664e-01 3.810481e-01 
344 8601 1.660761e-02 3.920166e-01 5.172450e-04 5.172450e-04 3.990878e-03 1.298780e-02 1.717141e-02 2.877413e-02 4.246959e-02 8.933469e-02 2.487634e-01 3.920166e-01 
345 8626 1.774161e-02 4.152362e-01 5.252216e-04 5.252216e-04 4.114927e-03 1.253078e-02 1.813582e-02 2.823687e-02 4.344405e-02 8.681664e-02 2.419796e-01 4.152362e-01 
346 8651 1.896115e-02 4.117983e-01 5.064089e-04 5.064089e-04 3.992673e-03 1.259252e-02 1.897767e-02 2.826170e-02 4.277411e-02 8.544515e-02 2.317210e-01 4.117983e-01 
347 8676 1.915335e-02 4.041736e-01 4.881368e-04 4.881368e-04 3.901600e-03 1.224155e-02 1.953260e-02 2.786955e-02 4.262186e-02 8.574381e-02 2.301679e-01 4.041736e-01 
348 8701 1.818775e-02 3.993503e-01 5.034477e-04 5.034477e-04 3.779937e-03 1.256833e-02 1.994305e-02 2.745068e-02 4.220161e-02 8.647291e-02 2.267563e-01 3.993503e-01 
349 8726 1.643225e-02 3.965861e-01 5.029445e-04 5.029445e-04 3.706365e-03 1.211882e-02 2.040366e-02 2.740209e-02 4.175926e-02 8.766584e-02 2.280197e-01 3.965861e-01 
350 8751 1.792058e-02 4.007664e-01 4.912978e-04 4.912978e-04 3.656747e-03 1.185286e-02 2.083024e-02 2.808718e-02 4.314716e-02 8.665687e-02 2.340589e-01 4.007664e-01 
351 8776 1.812418e-02 3.873558e-01 4.870317e-04 4.870317e-04 3.679011e-03 1.246520e-02 2.073794e-02 2.823292e-02 4.227677e-02 8.418287e-02 2.314191e-01 3.873558e-01 
352 8801 1.772846e-02 3.992729e-01 4.897475e-04 4.897475e-04 3.587624e-03 1.245580e-02 2.012833e-02 2.777436e-02 4.166489e-02 8.969424e-02 2.274245e-01 3.992729e-01 
353 8826 1.872718e-02 3.929284e-01 4.836534e-04 4.836534e-04 3.457382e-03 1.236038e-02 1.980673e-02 2.717616e-02 4.111862e-02 9.424403e-02 2.228546e-01 3.929284e-01 
354 8851 2.102055e-02 3.963589e-01 5.203876e-04 5.203876e-04 3.407770e-03 1.289797e-02 1.992163e-02 2.719089e-02 4.198726e-02 9.908931e-02 2.196970e-01 3.963589e-01 
355 8876 2.190994e-02 4.013641e-01 5.082482e-04 5.082482e-04 3.286811e-03 1.298997e-02 2.011334e-02 2.684424e-02 4.165983e-02 9.932400e-02 2.187798e-01 4.013641e-01 
356 8901 2.397722e-02 4.009659e-01 5.000974e-04 5.000974e-04 3.281981e-03 1.290701e-02 1.999848e-02 2.620534e-02 4.188305e-02 1.011257e-01 2.218811e-01 4.009659e-01 
357 8926 1.889892e-02 4.108473e-01 4.895914e-04 4.895914e-04 3.283691e-03 1.256544e-02 2.050268e-02 2.632241e-02 4.182258e-02 1.046987e-01 2.245627e-01 4.108473e-01 
358 8951 1.656035e-02 4.162532e-01 4.713356e-04 4.713356e-04 3.211560e-03 1.226237e-02 2.001867e-02 2.679075e-02 4.016506e-02 1.014832e-01 2.218948e-01 4.162532e-01 
359 8976 1.413847e-02 4.179710e-01 4.589309e-04 4.589309e-04 3.178737e-03 1.214454e-02 1.913164e-02 2.661039e-02 3.996922e-02 9.732859e-02 2.120353e-01 4.179710e-01 
360 9001 1.324181e-02 4.178819e-01 4.630852e-04 4.630852e-04 3.301751e-03 1.190599e-02 1.845020e-02 2.781744e-02 3.870737e-02 9.448409e-02 2.102445e-01 4.178819e-01 
361 9026 1.427311e-02 4.235493e-01 4.567205e-04 4.567205e-04 3.235299e-03 1.188434e-02 1.930424e-02 2.945707e-02 3.850625e-02 9.359941e-02 2.054632e-01 4.235493e-01 
362 9051 1.473216e-02 4.301020e-01 4.566789e-04 4.566789e-04 3.242140e-03 1.293889e-02 1.863348e-02 2.967912e-02 3.913556e-02 9.245067e-02 2.005275e-01 4.301020e-01 
363 9076 1.335664e-02 4.207979e-01 4.459026e-04 4.459026e-04 3.172365e-03 1.282265e-02 1.833922e-02 3.048425e-02 3.909506e-02 9.058012e-02 1.964484e-01 4.207979e-01 
364 9101 1.167068e-02 4.118775e-01 4.333603e-04 4.333603e-04 3.140832e-03 1.240538e-02 1.838935e-02 2.966458e-02 3.840338e-02 8.810375e-02 1.904677e-01 4.118775e-01 
365 9126 1.137859e-02 4.006853e-01 4.360163e-04 4.360163e-04 3.056146e-03 1.203748e-02 1.808067e-02 2.865941e-02 3.873971e-02 8.714510e-02 1.905902e-01 4.006853e-01 
366 9151 1.133308e-02 4.058065e-01 4.303100e-04 4.303100e-04 2.941502e-03 1.185632e-02 1.860627e-02 2.899520e-02 3.850312e-02 8.764756e-02 1.928376e-01 4.058065e-01 
367 9176 1.162507e-02 4.088504e-01 4.204184e-04 4.204184e-04 2.854867e-03 1.164318e-02 1.929804e-02 2.822370e-02 4.045152e-02 8.701960e-02 2.043712e-01 4.088504e-01 
368 9201 1.193969e-02 4.006168e-01 4.197112e-04 4.197112e-04 2.758559e-03 1.139034e-02 1.915427e-02 2.771285e-02 3.995987e-02 8.714063e-02 2.011368e-01 4.006168e-01 
369 9226 1.244012e-02 4.195874e-01 4.134649e-04 4.134649e-04 2.726643e-03 1.142128e-02 1.873491e-02 2.760496e-02 3.997729e-02 9.002534e-02 1.995571e-01 4.195874e-01 
370 9251 1.365023e-02 4.144853e-01 4.118919e-04 4.118919e-04 2.640405e-03 1.113805e-02 1.809263e-02 2.852985e-02 3.866178e-02 9.005424e-02 2.265221e-01 4.144853e-01 
371 9276 1.466890e-02 4.234702e-01 4.098059e-04 4.098059e-04 2.685980e-03 1.135598e-02 1.804782e-02 2.839512e-02 3.761465e-02 8.895501e-02 2.325710e-01 4.234702e-01 
372 9301 1.333689e-02 4.374114e-01 4.016348e-04 4.016348e-04 2.612993e-03 1.134867e-02 1.792878e-02 2.755968e-02 3.799472e-02 8.849461e-02 2.290688e-01 4.374114e-01 
373 9326 1.240241e-02 4.480511e-01 3.925933e-04 3.925933e-04 2.535654e-03 1.110844e-02 1.781501e-02 2.711742e-02 3.686896e-02 8.734541e-02 2.249992e-01 4.480511e-01 
374 9351 1.124107e-02 4.535822e-01 3.788194e-04 3.788194e-04 2.457437e-03 1.106468e-02 1.750831e-02 2.688032e-02 3.643530e-02 8.573315e-02 2.250408e-01 4.535822e-01 
375 9376 1.092705e-02 4.472931e-01 3.701515e-04 3.701515e-04 2.391437e-03 1.091851e-02 1.736596e-02 2.764699e-02 3.580142e-02 8.198462e-02 2.314166e-01 4.472931e-01 
376 9401 1.075940e-02 4.346069e-01 3.728981e-04 3.728981e-04 2.392643e-03 1.070410e-02 1.772520e-02 2.699984e-02 3.731503e-02 8.006312e-02 2.353698e-01 4.346069e-01 
377 9426 1.112915e-02 4.249852e-01 3.722940e-04 3.722940e-04 2.343792e-03 1.035144e-02 1.718409e-02 2.631920e-02 3.744181e-02 7.848327e-02 2.674418e-01 4.249852e-01 
378 9451 1.253560e-02 4.205363e-01 3.661255e-04 3.661255e-04 2.321236e-03 1.032907e-02 1.874628e-02 2.753052e-02 3.703392e-02 7.727960e-02 2.796505e-01 4.205363e-01 
379 9476 1.321306e-02 4.143138e-01 3.533134e-04 3.533134e-04 2.422813e-03 1.016739e-02 1.949187e-02 2.764878e-02 3.645683e-02 7.826991e-02 2.867880e-01 4.143138e-01 
380 9501 1.347928e-02 4.049780e-01 3.540536e-04 3.540536e-04 2.373137e-03 9.997578e-03 1.981830e-02 2.661489e-02 4.046047e-02 7.777478e-02 2.809207e-01 4.049780e-01 
381 9526 1.240307e-02 4.012813e-01 3.466508e-04 3.466508e-04 2.310613e-03 9.792360e-03 1.941442e-02 2.614489e-02 4.051561e-02 7.685024e-02 2.771797e-01 4.012813e-01 
382 9551 1.339412e-02 4.272204e-01 3.464421e-04 3.464421e-04 2.325679e-03 9.803481e-03 1.898490e-02 2.553292e-02 4.031512e-02 7.891530e-02 2.817787e-01 4.272204e-01 
383 9576 1.245498e-02 4.377429e-01 3.416259e-04 3.416259e-04 2.295081e-03 9.433685e-03 1.923752e-02 2.483705e-02 3.965818e-02 8.000056e-02 2.910945e-01 4.377429e-01 
384 9601 1.150105e-02 4.294523e-01 3.295437e-04 3.295437e-04 2.270276e-03 9.179188e-03 1.901234e-02 2.389201e-02 3.870957e-02 7.843211e-02 2.935506e-01 4.294523e-01 
385 9626 1.067511e-02 4.197792e-01 3.167091e-04 3.167091e-04 2.234303e-03 8.928780e-03 1.871362e-02 2.396545e-02 3.787852e-02 7.668628e-02 2.818661e-01 4.197792e-01 
386 9651 1.002879e-02 4.358475e-01 3.093076e-04 3.093076e-04 2.167004e-03 8.699453e-03 1.929510e-02 2.382479e-02 3.828712e-02 7.778718e-02 2.816289e-01 4.358475e-01 
387 9676 9.497985e-03 4.400966e-01 3.094376e-04 3.094376e-04 2.105200e-03 8.659153e-03 1.889042e-02 2.304556e-02 3.825632e-02 7.540682e-02 2.805515e-01 4.400966e-01 
388 9701 9.045043e-03 4.470497e-01 2.996581e-04 2.996581e-04 2.105854e-03 8.941660e-03 1.904836e-02 2.282890e-02 3.791591e-02 7.622458e-02 2.754448e-01 4.470497e-01 
389 9726 8.567034e-03 4.510184e-01 2.955396e-04 2.955396e-04 2.193338e-03 8.849763e-03 1.861738e-02 2.235621e-02 3.684918e-02 7.639470e-02 2.692414e-01 4.510184e-01 
390 9751 8.716706e-03 4.425555e-01 3.012382e-04 3.012382e-04 2.130627e-03 8.655964e-03 1.866990e-02 2.256989e-02 3.740875e-02 7.528494e-02 2.643844e-01 4.425555e-01 
391 9776 7.833819e-03 4.399317e-01 2.932329e-04 2.932329e-04 2.083023e-03 8.414097e-03 1.839719e-02 2.205448e-02 3.634581e-02 7.622541e-02 2.582658e-01 4.399317e-01 
392 9801 6.901609e-03 4.242205e-01 2.869551e-04 2.869551e-04 2.017036e-03 8.449693e-03 1.810069e-02 2.127216e-02 3.577972e-02 7.708426e-02 2.635297e-01 4.242205e-01 
393 9826 6.147051e-03 4.314575e-01 2.799732e-04 2.799732e-04 1.997999e-03 8.441092e-03 1.774748e-02 2.055190e-02 3.603678e-02 7.590522e-02 2.586149e-01 4.314575e-01 
394 9851 5.476281e-03 4.153058e-01 2.824967e-04 2.824967e-04 1.943159e-03 8.652119e-03 1.738227e-02 2.029848e-02 3.697380e-02 7.379408e-02 2.660119e-01 4.153058e-01 
395 9876 4.929623e-03 4.005389e-01 2.769090e-04 2.769090e-04 1.931696e-03 8.752744e-03 1.701931e-02 1.968502e-02 3.630622e-02 7.344401e-02 2.585033e-01 4.005389e-01 
396 9901 5.118546e-03 3.899207e-01 2.759159e-04 2.759159e-04 1.933264e-03 8.764541e-03 1.747021e-02 1.932476e-02 3.533789e-02 7.353447e-02 2.526741e-01 3.899207e-01 
397 9926 5.376869e-03 3.923249e-01 2.689924e-04 2.689924e-04 1.896127e-03 9.271520e-03 1.694966e-02 1.872363e-02 3.608716e-02 7.210412e-02 2.580640e-01 3.923249e-01 
398 9951 5.632492e-03 3.870604e-01 2.840511e-04 2.840511e-04 1.834094e-03 9.277465e-03 1.671005e-02 1.883525e-02 3.564625e-02 7.179158e-02 2.588545e-01 3.870604e-01 
399 9976 5.331088e-03 3.738961e-01 2.787424e-04 2.787424e-04 1.886496e-03 9.243875e-03 1.605210e-02 1.879870e-02 3.574324e-02 7.251299e-02 2.501895e-01 3.738961e-01 
400 10001 5.603824e-03 3.724841e-01 2.716530e-04 2.716530e-04 1.862821e-03 9.172945e-03 1.579156e-02 1.992799e-02 3.717348e-02 7.099336e-02 2.422153e-01 3.724841e-01 
401 10026 4.939086e-03 3.676913e-01 2.637312e-04 2.637312e-04 1.814325e-03 8.943541e-03 1.529993e-02 2.003881e-02 3.748142e-02 6.863042e-02 2.397486e-01 3.676913e-01 
402 10051 4.186049e-03 3.655871e-01 2.597099e-04 2.597099e-04 1.805613e-03 8.847465e-03 1.464761e-02 1.969731e-02 3.673237e-02 6.756007e-02 2.403978e-01 3.655871e-01 
403 10076 3.708487e-03 3.524092e-01 2.556190e-04 2.556190e-04 1.794482e-03 8.811435e-03 1.466672e-02 1.898647e-02 3.516843e-02 6.660913e-02 2.448066e-01 3.524092e-01 
404 10101 3.797700e-03 3.756742e-01 2.556086e-04 2.556086e-04 1.779793e-03 8.970974e-03 1.483758e-02 1.858537e-02 3.684236e-02 6.695509e-02 2.431076e-01 3.756742e-01 
405 10126 3.942083e-03 3.691140e-01 2.665993e-04 2.665993e-04 1.721522e-03 8.804433e-03 1.432313e-02 1.959855e-02 3.644910e-02 6.526850e-02 2.555447e-01 3.691140e-01 
406 10151 3.951954e-03 3.637017e-01 2.674683e-04 2.674683e-04 1.673568e-03 8.963401e-03 1.520264e-02 2.001507e-02 3.585873e-02 6.847711e-02 2.537205e-01 3.637017e-01 
407 10176 3.801419e-03 3.633074e-01 2.614524e-04 2.614524e-04 1.638678e-03 9.185542e-03 1.479771e-02 1.956172e-02 3.592545e-02 6.905828e-02 2.480431e-01 3.633074e-01 
408 10201 4.171094e-03 3.619438e-01 2.553258e-04 2.553258e-04 1.624046e-03 9.082973e-03 1.514404e-02 1.948316e-02 3.934825e-02 6.874385e-02 2.638447e-01 3.619438e-01 
409 10226 3.896777e-03 3.583814e-01 2.511053e-04 2.511053e-04 1.580314e-03 9.002703e-03 1.477802e-02 1.898622e-02 3.960339e-02 6.711835e-02 2.722649e-01 3.583814e-01 
410 10251 4.464615e-03 3.635435e-01 2.476922e-04 2.476922e-04 1.584371e-03 8.766338e-03 1.464285e-02 1.833615e-02 3.816584e-02 7.172280e-02 2.760947e-01 3.635435e-01 
411 10276 4.125170e-03 3.560658e-01 2.427900e-04 2.427900e-04 1.583416e-03 8.438151e-03 1.419675e-02 1.813544e-02 3.693740e-02 6.978358e-02 2.760739e-01 3.560658e-01 
412 10301 4.050606e-03 3.459937e-01 2.444654e-04 2.444654e-04 1.601608e-03 8.326150e-03 1.477152e-02 1.752474e-02 3.775284e-02 6.926657e-02 2.928332e-01 3.459937e-01 
413 10326 4.208350e-03 3.421052e-01 2.440981e-04 2.440981e-04 1.562294e-03 8.447858e-03 1.466703e-02 1.753436e-02 3.876309e-02 6.904099e-02 2.934896e-01 3.421052e-01 
414 10351 3.893427e-03 3.367331e-01 2.398378e-04 2.398378e-04 1.553481e-03 8.174186e-03 1.439052e-02 1.717322e-02 4.070732e-02 6.758566e-02 2.884930e-01 3.367331e-01 
415 10376 3.504548e-03 3.394813e-01 2.368008e-04 2.368008e-04 1.526604e-03 8.008272e-03 1.383684e-02 1.682343e-02 4.042233e-02 6.579279e-02 2.869537e-01 3.394813e-01 
416 10401 3.077714e-03 3.408139e-01 2.304412e-04 2.304412e-04 1.532072e-03 7.982738e-03 1.341484e-02 1.648413e-02 3.938653e-02 6.402766e-02 2.932257e-01 3.408139e-01 
417 10426 2.693461e-03 3.482662e-01 2.266518e-04 2.266518e-04 1.558299e-03 7.804352e-03 1.333089e-02 1.653913e-02 3.806094e-02 6.330541e-02 2.865185e-01 3.482662e-01 
418 10451 2.492239e-03 3.396856e-01 2.265375e-04 2.265375e-04 1.605073e-03 7.811402e-03 1.348410e-02 1.617329e-02 3.806114e-02 6.309533e-02 2.816622e-01 3.396856e-01 
419 10476 2.311966e-03 3.445012e-01 2.173818e-04 2.173818e-04 1.605116e-03 7.810311e-03 1.329636e-02 1.560130e-02 3.753377e-02 6.240235e-02 2.808357e-01 3.445012e-01 
420 10501 2.215465e-03 3.531180e-01 2.187187e-04 2.187187e-04 1.563583e-03 7.656411e-03 1.369806e-02 1.551101e-02 3.732218e-02 6.092748e-02 2.788576e-01 3.531180e-01 
421 10526 2.361954e-03 3.465921e-01 2.182523e-04 2.182523e-04 1.552742e-03 7.578149e-03 1.410203e-02 1.556912e-02 3.660949e-02 6.041930e-02 2.789942e-01 3.465921e-01 
422 10551 2.309334e-03 3.800104e-01 2.133313e-04 2.133313e-04 1.515826e-03 7.521981e-03 1.454164e-02 1.514399e-02 3.534252e-02 5.928953e-02 2.792846e-01 3.800104e-01 
423 10576 2.195230e-03 3.821457e-01 2.064873e-04 2.064873e-04 1.501434e-03 7.691352e-03 1.439560e-02 1.505221e-02 3.463329e-02 5.763309e-02 2.766014e-01 3.821457e-01 
424 10601 2.026131e-03 3.768574e-01 2.029334e-04 2.029334e-04 1.462641e-03 7.448021e-03 1.428476e-02 1.507913e-02 3.610824e-02 5.631013e-02 2.733757e-01 3.768574e-01 
425 10626 1.834547e-03 3.731076e-01 1.976819e-04 1.976819e-04 1.467831e-03 7.265780e-03 1.413331e-02 1.477129e-02 3.706580e-02 5.763091e-02 2.651764e-01 3.731076e-01 
426 10651 1.727451e-03 3.903436e-01 1.915803e-04 1.915803e-04 1.420090e-03 7.429789e-03 1.406947e-02 1.533913e-02 3.720589e-02 5.708391e-02 2.541083e-01 3.903436e-01 
427 10676 1.778676e-03 3.858835e-01 1.962544e-04 1.962544e-04 1.399034e-03 7.281239e-03 1.463589e-02 1.527382e-02 3.603777e-02 5.564623e-02 2.460933e-01 3.858835e-01 
428 10701 1.713194e-03 3.726430e-01 1.904028e-04 1.904028e-04 1.378092e-03 7.428339e-03 1.433345e-02 1.543802e-02 3.814310e-02 5.403562e-02 2.378198e-01 3.726430e-01 
429 10726 1.678234e-03 3.556948e-01 1.934021e-04 1.934021e-04 1.354265e-03 7.347634e-03 1.383076e-02 1.515049e-02 3.663246e-02 5.317639e-02 2.354630e-01 3.556948e-01 
430 10751 1.773801e-03 3.456957e-01 1.967860e-04 1.967860e-04 1.361370e-03 7.158267e-03 1.346099e-02 1.545122e-02 3.700795e-02 5.251945e-02 2.319843e-01 3.456957e-01 
431 10776 1.893875e-03 3.447959e-01 2.002687e-04 2.002687e-04 1.332114e-03 6.873775e-03 1.406680e-02 1.540740e-02 3.644975e-02 5.242176e-02 2.283642e-01 3.447959e-01 
432 10801 1.760953e-03 3.409722e-01 1.952530e-04 1.952530e-04 1.341651e-03 6.819331e-03 1.438878e-02 1.525828e-02 3.565558e-02 5.121415e-02 2.334291e-01 3.409722e-01 
433 10826 1.593763e-03 3.362678e-01 2.018870e-04 2.018870e-04 1.318849e-03 6.842850e-03 1.444824e-02 1.493522e-02 3.413228e-02 4.950536e-02 2.272907e-01 3.362678e-01 
434 10851 1.501952e-03 3.412352e-01 2.005273e-04 2.005273e-04 1.310449e-03 6.840255e-03 1.400806e-02 1.540657e-02 3.334237e-02 4.924468e-02 2.271683e-01 3.412352e-01 
435 10876 1.395590e-03 3.322298e-01 1.962895e-04 1.962895e-04 1.278220e-03 6.938778e-03 1.386067e-02 1.519540e-02 3.278955e-02 4.926924e-02 2.250422e-01 3.322298e-01 
436 10901 1.197702e-03 3.265856e-01 1.906471e-04 1.906471e-04 1.275509e-03 6.895842e-03 1.344955e-02 1.491532e-02 3.260967e-02 4.792953e-02 2.219687e-01 3.265856e-01 
437 10926 1.116551e-03 3.132919e-01 1.862966e-04 1.862966e-04 1.253427e-03 6.855758e-03 1.330337e-02 1.469033e-02 3.181739e-02 4.710652e-02 2.146621e-01 3.132919e-01 
438 10951 1.223177e-03 3.062094e-01 1.808442e-04 1.808442e-04 1.280458e-03 7.040199e-03 1.317155e-02 1.427007e-02 3.242334e-02 4.624529e-02 2.406028e-01 3.062094e-01 
439 10976 1.354567e-03 3.013820e-01 1.834706e-04 1.834706e-04 1.298684e-03 6.754914e-03 1.336771e-02 1.412567e-02 3.171505e-02 4.497729e-02 2.459826e-01 3.013820e-01 
440 11001 1.433049e-03 2.926824e-01 1.826354e-04 1.826354e-04 1.335012e-03 6.646656e-03 1.312996e-02 1.441322e-02 3.145991e-02 4.415628e-02 2.389564e-01 2.926824e-01 
441 11026 1.487435e-03 3.009312e-01 1.776011e-04 1.776011e-04 1.319773e-03 6.835836e-03 1.272844e-02 1.402706e-02 3.121430e-02 4.285032e-02 2.335035e-01 3.009312e-01 
442 11051 1.806857e-03 3.104487e-01 1.809617e-04 1.809617e-04 1.281310e-03 7.229874e-03 1.244879e-02 1.433692e-02 3.133001e-02 4.313001e-02 2.260451e-01 3.104487e-01 
443 11076 1.843239e-03 3.019493e-01 1.771806e-04 1.771806e-04 1.255498e-03 7.135098e-03 1.200563e-02 1.428780e-02 3.063658e-02 4.289357e-02 2.209019e-01 3.019493e-01 
444 11101 1.917130e-03 3.002666e-01 1.731557e-04 1.731557e-04 1.265024e-03 7.053705e-03 1.217010e-02 1.474522e-02 3.185371e-02 4.233113e-02 2.210243e-01 3.002666e-01 
445 11126 2.064365e-03 3.144714e-01 1.729531e-04 1.729531e-04 1.293655e-03 6.977241e-03 1.225295e-02 1.478002e-02 3.079720e-02 4.228522e-02 2.190937e-01 3.144714e-01 
446 11151 1.729036e-03 3.101935e-01 1.680425e-04 1.680425e-04 1.275486e-03 7.071560e-03 1.213149e-02 1.510522e-02 3.012454e-02 4.059791e-02 2.163551e-01 3.101935e-01 
447 11176 1.762645e-03 3.061119e-01 1.666883e-04 1.666883e-04 1.304101e-03 6.965190e-03 1.210030e-02 1.511947e-02 3.038560e-02 3.922553e-02 2.124662e-01 3.061119e-01 
448 11201 1.601172e-03 2.998789e-01 1.672103e-04 1.672103e-04 1.290123e-03 6.814884e-03 1.215048e-02 1.468678e-02 3.066381e-02 3.889878e-02 2.068163e-01 2.998789e-01 
449 11226 1.466383e-03 3.029288e-01 1.687437e-04 1.687437e-04 1.297409e-03 6.852028e-03 1.200080e-02 1.436346e-02 2.965300e-02 3.769023e-02 1.994002e-01 3.029288e-01 
450 11251 1.783101e-03 2.966834e-01 1.653800e-04 1.653800e-04 1.293946e-03 6.806904e-03 1.202465e-02 1.411675e-02 3.038373e-02 3.911129e-02 2.030967e-01 2.966834e-01 
451 11276 1.755588e-03 2.927959e-01 1.610305e-04 1.610305e-04 1.277129e-03 6.708510e-03 1.224690e-02 1.408575e-02 3.134362e-02 4.140800e-02 2.094132e-01 2.927959e-01 
452 11301 1.879007e-03 2.883054e-01 1.578739e-04 1.578739e-04 1.278332e-03 6.688270e-03 1.229113e-02 1.413861e-02 3.101552e-02 4.021564e-02 2.231093e-01 2.883054e-01 
453 11326 1.953454e-03 2.770600e-01 1.615189e-04 1.615189e-04 1.292757e-03 6.543696e-03 1.208455e-02 1.371155e-02 3.062317e-02 4.016724e-02 2.312543e-01 2.770600e-01 
454 11351 1.878850e-03 2.762232e-01 1.658428e-04 1.658428e-04 1.299328e-03 6.313985e-03 1.184331e-02 1.394145e-02 3.028285e-02 4.215987e-02 2.279828e-01 2.762232e-01 
455 11376 2.069827e-03 2.682713e-01 1.718355e-04 1.718355e-04 1.253115e-03 6.288876e-03 1.156592e-02 1.371439e-02 2.983499e-02 4.262747e-02 2.302665e-01 2.682713e-01 
456 11401 2.091577e-03 2.713966e-01 1.661788e-04 1.661788e-04 1.239030e-03 6.128563e-03 1.176300e-02 1.393111e-02 2.971144e-02 4.176266e-02 2.253903e-01 2.713966e-01 
457 11426 1.994517e-03 2.611213e-01 1.646099e-04 1.646099e-04 1.209333e-03 6.408234e-03 1.144628e-02 1.430834e-02 2.869536e-02 4.108971e-02 2.179596e-01 2.611213e-01 
458 11451 1.903581e-03 2.526331e-01 1.595252e-04 1.595252e-04 1.236056e-03 6.280267e-03 1.108633e-02 1.407408e-02 2.783569e-02 4.086071e-02 2.221622e-01 2.526331e-01 
459 11476 2.125194e-03 2.451911e-01 1.561703e-04 1.561703e-04 1.312274e-03 6.190757e-03 1.065529e-02 1.449493e-02 2.742435e-02 4.187936e-02 2.209059e-01 2.451911e-01 
460 11501 2.147878e-03 2.404265e-01 1.532892e-04 1.532892e-04 1.310968e-03 6.022773e-03 1.030493e-02 1.490208e-02 2.684234e-02 4.109600e-02 2.225106e-01 2.404265e-01 
461 11526 2.105266e-03 2.343271e-01 1.479540e-04 1.479540e-04 1.335415e-03 6.005660e-03 1.012074e-02 1.460824e-02 2.784737e-02 4.033778e-02 2.178774e-01 2.343271e-01 
462 11551 2.022277e-03 2.295449e-01 1.430828e-04 1.430828e-04 1.342266e-03 6.195456e-03 1.008740e-02 1.431604e-02 2.776333e-02 4.057094e-02 2.139170e-01 2.295449e-01 
463 11576 1.852373e-03 2.273325e-01 1.397083e-04 1.397083e-04 1.388694e-03 6.075683e-03 9.953434e-03 1.426526e-02 2.746067e-02 4.030668e-02 2.124746e-01 2.273325e-01 
464 11601 1.849613e-03 2.426663e-01 1.371277e-04 1.371277e-04 1.402029e-03 6.013118e-03 9.764504e-03 1.429939e-02 2.678235e-02 3.887488e-02 2.079219e-01 2.426663e-01 
465 11626 1.831776e-03 2.485228e-01 1.366715e-04 1.366715e-04 1.386730e-03 5.954793e-03 9.517241e-03 1.421188e-02 2.642678e-02 3.819018e-02 2.066491e-01 2.485228e-01 
466 11651 1.810487e-03 2.466765e-01 1.380417e-04 1.380417e-04 1.364358e-03 5.809839e-03 9.269932e-03 1.393176e-02 2.664811e-02 3.750680e-02 2.041088e-01 2.466765e-01 
467 11676 1.739144e-03 2.513945e-01 1.348016e-04 1.348016e-04 1.521380e-03 5.721983e-03 9.007096e-03 1.395564e-02 2.668281e-02 3.694450e-02 1.983740e-01 2.513945e-01 
468 11701 1.918992e-03 2.459569e-01 1.327712e-04 1.327712e-04 1.519769e-03 5.628007e-03 8.870880e-03 1.465470e-02 2.813709e-02 3.630396e-02 1.962046e-01 2.459569e-01 
469 11726 1.809381e-03 2.389895e-01 1.399120e-04 1.399120e-04 1.578145e-03 5.482142e-03 8.846723e-03 1.508653e-02 2.741180e-02 3.600471e-02 1.940312e-01 2.389895e-01 
470 11751 1.896353e-03 2.364131e-01 1.453799e-04 1.453799e-04 1.593406e-03 5.361055e-03 8.732453e-03 1.471826e-02 2.715382e-02 3.534352e-02 1.970802e-01 2.364131e-01 
471 11776 1.997239e-03 2.413481e-01 1.409501e-04 1.409501e-04 1.604592e-03 5.399226e-03 8.679238e-03 1.483545e-02 2.637018e-02 3.668152e-02 1.891882e-01 2.413481e-01 
472 11801 2.079294e-03 2.530542e-01 1.381848e-04 1.381848e-04 1.608465e-03 5.340229e-03 8.595149e-03 1.464611e-02 2.755987e-02 3.568527e-02 2.028643e-01 2.530542e-01 
473 11826 2.180115e-03 2.578786e-01 1.342630e-04 1.342630e-04 1.567308e-03 5.482285e-03 8.331123e-03 1.500079e-02 2.715521e-02 3.707588e-02 2.023096e-01 2.578786e-01 
474 11851 2.034663e-03 2.613036e-01 1.295540e-04 1.295540e-04 1.522324e-03 5.431668e-03 8.111330e-03 1.465425e-02 2.733238e-02 3.742264e-02 2.015077e-01 2.613036e-01 
475 11876 2.179507e-03 2.536531e-01 1.258544e-04 1.258544e-04 1.560330e-03 5.462298e-03 8.444392e-03 1.448928e-02 2.648614e-02 3.865241e-02 1.961581e-01 2.536531e-01 
476 11901 2.647622e-03 2.576832e-01 1.257774e-04 1.257774e-04 1.529364e-03 5.471931e-03 8.519862e-03 1.416698e-02 2.644644e-02 4.132568e-02 2.186487e-01 2.576832e-01 
477 11926 2.695100e-03 2.519493e-01 1.255590e-04 1.255590e-04 1.483715e-03 5.451914e-03 8.304880e-03 1.395263e-02 2.650867e-02 4.424449e-02 2.203604e-01 2.519493e-01 
478 11951 2.383469e-03 2.540794e-01 1.225959e-04 1.225959e-04 1.490206e-03 5.475387e-03 8.042416e-03 1.372028e-02 2.663796e-02 4.395291e-02 2.140647e-01 2.540794e-01 
479 11976 2.209024e-03 2.483284e-01 1.197713e-04 1.197713e-04 1.465225e-03 5.327700e-03 8.302296e-03 1.360088e-02 2.626007e-02 4.402271e-02 2.113093e-01 2.483284e-01 
480 12001 2.487895e-03 2.450646e-01 1.155799e-04 1.155799e-04 1.479674e-03 5.472433e-03 8.168416e-03 1.416101e-02 2.686043e-02 4.333119e-02 2.184932e-01 2.450646e-01 
481 12026 2.521035e-03 2.427289e-01 1.128220e-04 1.128220e-04 1.439743e-03 5.507341e-03 8.141423e-03 1.414492e-02 2.681705e-02 4.519946e-02 2.183959e-01 2.427289e-01 
482 12051 3.039562e-03 2.410964e-01 1.104946e-04 1.104946e-04 1.501313e-03 5.586113e-03 9.106318e-03 1.401106e-02 2.604712e-02 4.437477e-02 2.231454e-01 2.410964e-01 
483 12076 3.194985e-03 2.489069e-01 1.093489e-04 1.093489e-04 1.492986e-03 5.471598e-03 8.941748e-03 1.444544e-02 2.568146e-02 4.396104e-02 2.280812e-01 2.489069e-01 
484 12101 3.330413e-03 2.550376e-01 1.075248e-04 1.075248e-04 1.450566e-03 5.358787e-03 8.695973e-03 1.546478e-02 2.577868e-02 4.284031e-02 2.333121e-01 2.550376e-01 
485 12126 3.400285e-03 2.522194e-01 1.095677e-04 1.095677e-04 1.443728e-03 5.237049e-03 8.503280e-03 1.602506e-02 2.612095e-02 4.121796e-02 2.333267e-01 2.522194e-01 
486 12151 3.438031e-03 2.503619e-01 1.083589e-04 1.083589e-04 1.435684e-03 5.283802e-03 8.528773e-03 1.581863e-02 2.699795e-02 4.100459e-02 2.235284e-01 2.503619e-01 
487 12176 3.587276e-03 2.553570e-01 1.078315e-04 1.078315e-04 1.407426e-03 5.328237e-03 8.223306e-03 1.566641e-02 2.733872e-02 4.190152e-02 2.242574e-01 2.553570e-01 
488 12201 3.419528e-03 2.467111e-01 1.062925e-04 1.062925e-04 1.372377e-03 5.232897e-03 8.373675e-03 1.524441e-02 2.728444e-02 4.103254e-02 2.245311e-01 2.467111e-01 
489 12226 3.158310e-03 2.539115e-01 1.078961e-04 1.078961e-04 1.325311e-03 5.091031e-03 8.266389e-03 1.538197e-02 2.693172e-02 4.013750e-02 2.195522e-01 2.539115e-01 
490 12251 3.141437e-03 2.582783e-01 1.060222e-04 1.060222e-04 1.345781e-03 5.052005e-03 8.025706e-03 1.538149e-02 2.763026e-02 3.916497e-02 2.167704e-01 2.582783e-01 
491 12276 3.287071e-03 2.576887e-01 1.017862e-04 1.017862e-04 1.315079e-03 4.960608e-03 7.833455e-03 1.540111e-02 2.850449e-02 3.812675e-02 2.130210e-01 2.576887e-01 
492 12301 3.364462e-03 2.603524e-01 1.029983e-04 1.029983e-04 1.292244e-03 4.797012e-03 7.615633e-03 1.555069e-02 2.940840e-02 3.699250e-02 2.153515e-01 2.603524e-01 
493 12326 3.044434e-03 2.525361e-01 1.040395e-04 1.040395e-04 1.276338e-03 4.782444e-03 7.594234e-03 1.575444e-02 2.921284e-02 3.720113e-02 2.118005e-01 2.525361e-01 
494 12351 2.687686e-03 2.538771e-01 1.006221e-04 1.006221e-04 1.227571e-03 4.778166e-03 7.450031e-03 1.569852e-02 2.785114e-02 3.782097e-02 2.105926e-01 2.538771e-01 
495 12376 2.562857e-03 2.547575e-01 9.653210e-05 9.653210e-05 1.205705e-03 4.802650e-03 7.335987e-03 1.530432e-02 2.721650e-02 3.744174e-02 2.014182e-01 2.547575e-01 
496 12401 2.147334e-03 2.478563e-01 9.411560e-05 9.411560e-05 1.175547e-03 4.763574e-03 7.045108e-03 1.543112e-02 2.673134e-02 3.652723e-02 1.949574e-01 2.478563e-01 
497 12426 1.891409e-03 2.460770e-01 9.498666e-05 9.498666e-05 1.139093e-03 4.769602e-03 7.153579e-03 1.501301e-02 2.580336e-02 3.593690e-02 1.905346e-01 2.460770e-01 
498 12451 1.931643e-03 2.377768e-01 9.611586e-05 9.611586e-05 1.109489e-03 4.781051e-03 6.917120e-03 1.500880e-02 2.648408e-02 3.642368e-02 1.851714e-01 2.377768e-01 
499 12476 1.708009e-03 2.355847e-01 9.366637e-05 9.366637e-05 1.072908e-03 4.732203e-03 6.754795e-03 1.465956e-02 2.562441e-02 3.694548e-02 1.868084e-01 2.355847e-01 
500 12501 1.652572e-03 2.383349e-01 1.003947e-04 1.003947e-04 1.059059e-03 4.601738e-03 6.654682e-03 1.429504e-02 2.783010e-02 3.658326e-02 1.891357e-01 2.383349e-01 
501 12526 1.641119e-03 2.357904e-01 1.023929e-04 1.023929e-04 1.034684e-03 4.434352e-03 6.700633e-03 1.417488e-02 2.861544e-02 3.610194e-02 1.904282e-01 2.357904e-01 
502 12551 1.662309e-03 2.360439e-01 1.078191e-04 1.078191e-04 1.041597e-03 4.330086e-03 6.536038e-03 1.405976e-02 2.823515e-02 3.550727e-02 1.977034e-01 2.360439e-01 
503 12576 1.559543e-03 2.339156e-01 1.073896e-04 1.073896e-04 1.030818e-03 4.357966e-03 6.606904e-03 1.411498e-02 2.799394e-02 3.475551e-02 1.956918e-01 2.339156e-01 
504 12601 1.467001e-03 2.444261e-01 1.048103e-04 1.048103e-04 9.964993e-04 4.456199e-03 6.493191e-03 1.368917e-02 2.743221e-02 3.495232e-02 1.952351e-01 2.444261e-01 
505 12626 1.448689e-03 2.437613e-01 1.029292e-04 1.029292e-04 9.813343e-04 4.276529e-03 6.362988e-03 1.374088e-02 2.852945e-02 3.467573e-02 1.895273e-01 2.437613e-01 
506 12651 1.283435e-03 2.406191e-01 1.047008e-04 1.047008e-04 9.970790e-04 4.137238e-03 6.499268e-03 1.353243e-02 2.876500e-02 3.344811e-02 1.889466e-01 2.406191e-01 
507 12676 1.352908e-03 2.321534e-01 1.021847e-04 1.021847e-04 9.864942e-04 3.973081e-03 6.302234e-03 1.387333e-02 2.868615e-02 3.333186e-02 1.898899e-01 2.321534e-01 
508 12701 1.484835e-03 2.396131e-01 1.035415e-04 1.035415e-04 9.591522e-04 4.077848e-03 6.295727e-03 1.413244e-02 2.842548e-02 3.273255e-02 1.926798e-01 2.396131e-01 
509 12726 1.528288e-03 2.351161e-01 1.030079e-04 1.030079e-04 9.627985e-04 4.045617e-03 6.631449e-03 1.384803e-02 2.810581e-02 3.210245e-02 1.902215e-01 2.351161e-01 
510 12751 1.357148e-03 2.417289e-01 1.004835e-04 1.004835e-04 9.328934e-04 4.088724e-03 6.478395e-03 1.369027e-02 2.758536e-02 3.175069e-02 1.911358e-01 2.417289e-01 
511 12776 1.255556e-03 2.365874e-01 1.021054e-04 1.021054e-04 9.263553e-04 4.146248e-03 6.369990e-03 1.348919e-02 2.783220e-02 3.263721e-02 1.855992e-01 2.365874e-01 
512 12801 1.246458e-03 2.365663e-01 1.043916e-04 1.043916e-04 9.158522e-04 4.326457e-03 6.281628e-03 1.344198e-02 2.764541e-02 3.196063e-02 1.823431e-01 2.365663e-01 
513 12826 1.275240e-03 2.329578e-01 1.080912e-04 1.080912e-04 8.940093e-04 4.442368e-03 6.544063e-03 1.320431e-02 2.779846e-02 3.305252e-02 1.794744e-01 2.329578e-01 
514 12851 1.273977e-03 2.371589e-01 1.092807e-04 1.092807e-04 9.280300e-04 4.353075e-03 6.350941e-03 1.289736e-02 2.735377e-02 3.254592e-02 1.869320e-01 2.371589e-01 
515 12876 1.135507e-03 2.375733e-01 1.077956e-04 1.077956e-04 9.039079e-04 4.275980e-03 6.139632e-03 1.352194e-02 2.681468e-02 3.152372e-02 1.862322e-01 2.375733e-01 
516 12901 1.063998e-03 2.368067e-01 1.058460e-04 1.058460e-04 9.116921e-04 4.221074e-03 6.052730e-03 1.306437e-02 2.770309e-02 3.049186e-02 1.824552e-01 2.368067e-01 
517 12926 9.011837e-04 2.315029e-01 1.029677e-04 1.029677e-04 8.926834e-04 4.162618e-03 5.933441e-03 1.281410e-02 2.727376e-02 2.928099e-02 1.792419e-01 2.315029e-01 
518 12951 8.948929e-04 2.243939e-01 1.005370e-04 1.005370e-04 8.805971e-04 4.232328e-03 5.845998e-03 1.260197e-02 2.666366e-02 2.967491e-02 1.779154e-01 2.243939e-01 
519 12976 8.295247e-04 2.245528e-01 9.622836e-05 9.622836e-05 8.701905e-04 4.134769e-03 5.763190e-03 1.236513e-02 2.595294e-02 2.959466e-02 1.748648e-01 2.245528e-01 
520 13001 7.963560e-04 2.245434e-01 9.844505e-05 9.844505e-05 8.498479e-04 4.093440e-03 5.900481e-03 1.212356e-02 2.569790e-02 2.872212e-02 1.774091e-01 2.245434e-01 
521 13026 8.623251e-04 2.245717e-01 9.527783e-05 9.527783e-05 8.703072e-04 4.082388e-03 5.719447e-03 1.173618e-02 2.525461e-02 3.092323e-02 1.717398e-01 2.245717e-01 
522 13051 9.367824e-04 2.152938e-01 9.648754e-05 9.648754e-05 8.665083e-04 4.009090e-03 5.698774e-03 1.138030e-02 2.476602e-02 3.311008e-02 1.736315e-01 2.152938e-01 
523 13076 8.629461e-04 2.125412e-01 9.496023e-05 9.496023e-05 8.530454e-04 4.132173e-03 5.640754e-03 1.112855e-02 2.446996e-02 3.232154e-02 1.714899e-01 2.125412e-01 
524 13101 8.846085e-04 2.131159e-01 9.657661e-05 9.657661e-05 8.269590e-04 3.995055e-03 5.628510e-03 1.211403e-02 2.526768e-02 3.096683e-02 1.691733e-01 2.131159e-01 
525 13126 1.015544e-03 2.177278e-01 1.044721e-04 1.044721e-04 8.386435e-04 3.868611e-03 5.698234e-03 1.188550e-02 2.479156e-02 2.995470e-02 1.658907e-01 2.177278e-01 
526 13151 1.155076e-03 2.142406e-01 1.053247e-04 1.053247e-04 8.476870e-04 3.720297e-03 5.703302e-03 1.221334e-02 2.403961e-02 3.016298e-02 1.623898e-01 2.142406e-01 
527 13176 1.077412e-03 2.160668e-01 1.025142e-04 1.025142e-04 8.348752e-04 3.623771e-03 6.019401e-03 1.184226e-02 2.388067e-02 2.924635e-02 1.588201e-01 2.160668e-01 
528 13201 1.101020e-03 2.229653e-01 1.021795e-04 1.021795e-04 8.460989e-04 3.563958e-03 5.948909e-03 1.173581e-02 2.360046e-02 2.847340e-02 1.634468e-01 2.229653e-01 
529 13226 1.086505e-03 2.226553e-01 1.041669e-04 1.041669e-04 8.169249e-04 3.587190e-03 5.876200e-03 1.232970e-02 2.272047e-02 2.824834e-02 1.689740e-01 2.226553e-01 
530 13251 1.051644e-03 2.253610e-01 1.016589e-04 1.016589e-04 8.052851e-04 3.555948e-03 5.719130e-03 1.202037e-02 2.252166e-02 2.765021e-02 1.650700e-01 2.253610e-01 
531 13276 1.051000e-03 2.193290e-01 9.935363e-05 9.935363e-05 8.121594e-04 3.521659e-03 5.558133e-03 1.216121e-02 2.280195e-02 2.734377e-02 1.677832e-01 2.193290e-01 
532 13301 1.226402e-03 2.181520e-01 9.745005e-05 9.745005e-05 8.314227e-04 3.490680e-03 5.425843e-03 1.205348e-02 2.282004e-02 2.708810e-02 1.804613e-01 2.181520e-01 
533 13326 1.278147e-03 2.191544e-01 9.464709e-05 9.464709e-05 8.600972e-04 3.354627e-03 5.456187e-03 1.192359e-02 2.362361e-02 2.747826e-02 1.802037e-01 2.191544e-01 
534 13351 1.434354e-03 2.271021e-01 1.000580e-04 1.000580e-04 8.784072e-04 3.264839e-03 5.308577e-03 1.178486e-02 2.430741e-02 2.680430e-02 1.821003e-01 2.271021e-01 
535 13376 1.667337e-03 2.279662e-01 9.697839e-05 9.697839e-05 8.848205e-04 3.251484e-03 5.160309e-03 1.156619e-02 2.544002e-02 2.850808e-02 1.823564e-01 2.279662e-01 
536 13401 1.460592e-03 2.245954e-01 9.531703e-05 9.531703e-05 8.580130e-04 3.271228e-03 4.950263e-03 1.139723e-02 2.543283e-02 2.907170e-02 1.768685e-01 2.245954e-01 
537 13426 1.302854e-03 2.168206e-01 9.302305e-05 9.302305e-05 8.853401e-04 3.349802e-03 5.036023e-03 1.143302e-02 2.463656e-02 2.895496e-02 1.849979e-01 2.168206e-01 
538 13451 1.183585e-03 2.118634e-01 9.248840e-05 9.248840e-05 8.838254e-04 3.295107e-03 4.859771e-03 1.111591e-02 2.416935e-02 2.931285e-02 1.816416e-01 2.118634e-01 
539 13476 1.163112e-03 2.156378e-01 9.053621e-05 9.053621e-05 9.029324e-04 3.247237e-03 4.792234e-03 1.123062e-02 2.333705e-02 2.984429e-02 1.770350e-01 2.156378e-01 
540 13501 1.129148e-03 2.156385e-01 9.164654e-05 9.164654e-05 9.224105e-04 3.156699e-03 4.653095e-03 1.127104e-02 2.328343e-02 3.156489e-02 1.730329e-01 2.156385e-01 
541 13526 1.210617e-03 2.178002e-01 9.387034e-05 9.387034e-05 9.240985e-04 3.189933e-03 4.500809e-03 1.144467e-02 2.426103e-02 3.120382e-02 1.759767e-01 2.178002e-01 
542 13551 1.274523e-03 2.222657e-01 9.262965e-05 9.262965e-05 9.300731e-04 3.119532e-03 4.379734e-03 1.146184e-02 2.331381e-02 3.260162e-02 1.711639e-01 2.222657e-01 
543 13576 1.303949e-03 2.181776e-01 9.241929e-05 9.241929e-05 9.072506e-04 3.150466e-03 4.363772e-03 1.108428e-02 2.402927e-02 3.209170e-02 1.685709e-01 2.181776e-01 
544 13601 1.358684e-03 2.307222e-01 9.307338e-05 9.307338e-05 9.254980e-04 3.200298e-03 4.311426e-03 1.098746e-02 2.425357e-02 3.186990e-02 1.681365e-01 2.307222e-01 
545 13626 1.425654e-03 2.337459e-01 9.107031e-05 9.107031e-05 9.207063e-04 3.178645e-03 4.518877e-03 1.062395e-02 2.345516e-02 3.182274e-02 1.648842e-01 2.337459e-01 
546 13651 1.258884e-03 2.398386e-01 8.988663e-05 8.988663e-05 9.125972e-04 3.133459e-03 4.850430e-03 1.036335e-02 2.274913e-02 3.126394e-02 1.623168e-01 2.398386e-01 
547 13676 1.191916e-03 2.443142e-01 8.970041e-05 8.970041e-05 9.078349e-04 3.012439e-03 4.942521e-03 1.016173e-02 2.364038e-02 3.061579e-02 1.591980e-01 2.443142e-01 
548 13701 1.280629e-03 2.480134e-01 8.846200e-05 8.846200e-05 9.483264e-04 2.929582e-03 5.118000e-03 9.939022e-03 2.456988e-02 2.989871e-02 1.627980e-01 2.480134e-01 
549 13726 1.231247e-03 2.445854e-01 8.728719e-05 8.728719e-05 9.192147e-04 2.887427e-03 5.050039e-03 1.030489e-02 2.601050e-02 3.081158e-02 1.581805e-01 2.445854e-01 
550 13751 1.305505e-03 2.410992e-01 8.720750e-05 8.720750e-05 9.120785e-04 2.828099e-03 5.068059e-03 1.030117e-02 2.651399e-02 3.145864e-02 1.602489e-01 2.410992e-01 
551 13776 1.182066e-03 2.374237e-01 8.445758e-05 8.445758e-05 8.966516e-04 2.748422e-03 5.102525e-03 1.007595e-02 2.708828e-02 3.043576e-02 1.596798e-01 2.374237e-01 
552 13801 1.201975e-03 2.367427e-01 8.412378e-05 8.412378e-05 8.789501e-04 2.686547e-03 4.947756e-03 1.029831e-02 2.669175e-02 3.083262e-02 1.600838e-01 2.367427e-01 
553 13826 1.177559e-03 2.391229e-01 8.675668e-05 8.675668e-05 8.450438e-04 2.605599e-03 4.853853e-03 1.032603e-02 2.650130e-02 3.151520e-02 1.549692e-01 2.391229e-01 
554 13851 1.072880e-03 2.332179e-01 8.432427e-05 8.432427e-05 8.132188e-04 2.670521e-03 4.748183e-03 1.029387e-02 2.678563e-02 3.056439e-02 1.562924e-01 2.332179e-01 
555 13876 9.319962e-04 2.292974e-01 8.236897e-05 8.236897e-05 7.898667e-04 2.609728e-03 4.637850e-03 1.018446e-02 2.551518e-02 2.975659e-02 1.602701e-01 2.292974e-01 
556 13901 1.028163e-03 2.488455e-01 7.990146e-05 7.990146e-05 7.773015e-04 2.597202e-03 4.584737e-03 9.960092e-03 2.579234e-02 3.162795e-02 1.567313e-01 2.488455e-01 
557 13926 1.057364e-03 2.506734e-01 7.965133e-05 7.965133e-05 7.592790e-04 2.642382e-03 4.427028e-03 9.680478e-03 2.640930e-02 3.147843e-02 1.545540e-01 2.506734e-01 
558 13951 1.206177e-03 2.734150e-01 8.331675e-05 8.331675e-05 7.646771e-04 2.647480e-03 4.319031e-03 9.907588e-03 2.581151e-02 3.338653e-02 1.513730e-01 2.734150e-01 
559 13976 1.242025e-03 2.896154e-01 8.319882e-05 8.319882e-05 7.548187e-04 2.574122e-03 4.357134e-03 9.705751e-03 2.482502e-02 3.312002e-02 1.531563e-01 2.896154e-01 
560 14001 1.244231e-03 2.871030e-01 8.203251e-05 8.203251e-05 7.402925e-04 2.627709e-03 4.294374e-03 9.262961e-03 2.582255e-02 3.309882e-02 1.494762e-01 2.871030e-01 
561 14026 1.131690e-03 2.858972e-01 7.998269e-05 7.998269e-05 7.441743e-04 2.721718e-03 4.326611e-03 9.001955e-03 2.483040e-02 3.272098e-02 1.472265e-01 2.858972e-01 
562 14051 9.442655e-04 2.876952e-01 7.764167e-05 7.764167e-05 7.186304e-04 2.630001e-03 4.254124e-03 8.918296e-03 2.404041e-02 3.307575e-02 1.431228e-01 2.876952e-01 
563 14076 8.823530e-04 2.863799e-01 7.677134e-05 7.677134e-05 7.092502e-04 2.600899e-03 4.182192e-03 8.872997e-03 2.334554e-02 3.243887e-02 1.422482e-01 2.863799e-01 
564 14101 8.840119e-04 2.934119e-01 7.923224e-05 7.923224e-05 6.920530e-04 2.522438e-03 4.063569e-03 8.994200e-03 2.291331e-02 3.116289e-02 1.446418e-01 2.934119e-01 
565 14126 8.540553e-04 3.053667e-01 7.969806e-05 7.969806e-05 6.891578e-04 2.525325e-03 4.016130e-03 9.214494e-03 2.293200e-02 3.123599e-02 1.449100e-01 3.053667e-01 
566 14151 9.711438e-04 2.959637e-01 8.073039e-05 8.073039e-05 6.884394e-04 2.479779e-03 4.034722e-03 9.377131e-03 2.436583e-02 3.135709e-02 1.546599e-01 2.959637e-01 
567 14176 1.059020e-03 2.991649e-01 8.211595e-05 8.211595e-05 6.836746e-04 2.523395e-03 4.072056e-03 9.108406e-03 2.361452e-02 3.131674e-02 1.572943e-01 2.991649e-01 
568 14201 1.057084e-03 3.060941e-01 8.172738e-05 8.172738e-05 6.653997e-04 2.458106e-03 3.945968e-03 9.030354e-03 2.251641e-02 3.018679e-02 1.602858e-01 3.060941e-01 
569 14226 1.076286e-03 3.052341e-01 8.308539e-05 8.308539e-05 6.610056e-04 2.392797e-03 4.015798e-03 9.226770e-03 2.160455e-02 3.094017e-02 1.603857e-01 3.052341e-01 
570 14251 1.044455e-03 3.014520e-01 8.201177e-05 8.201177e-05 6.604119e-04 2.331733e-03 3.875561e-03 8.987437e-03 2.096672e-02 3.117028e-02 1.569643e-01 3.014520e-01 
571 14276 1.031126e-03 3.024166e-01 8.080985e-05 8.080985e-05 6.598982e-04 2.326938e-03 4.172708e-03 8.803959e-03 2.042930e-02 3.035845e-02 1.556837e-01 3.024166e-01 
572 14301 9.630702e-04 2.953466e-01 7.858787e-05 7.858787e-05 6.398594e-04 2.353388e-03 4.198737e-03 8.584050e-03 1.988031e-02 2.979161e-02 1.536834e-01 2.953466e-01 
573 14326 9.344860e-04 2.833559e-01 7.696046e-05 7.696046e-05 6.390374e-04 2.372403e-03 4.466855e-03 8.356905e-03 1.953077e-02 2.999950e-02 1.515673e-01 2.833559e-01 
574 14351 1.017058e-03 2.740464e-01 7.858892e-05 7.858892e-05 6.177609e-04 2.325650e-03 4.748089e-03 8.059044e-03 1.937671e-02 2.936110e-02 1.491089e-01 2.740464e-01 
575 14376 1.115368e-03 2.643088e-01 7.799393e-05 7.799393e-05 6.055568e-04 2.265221e-03 4.951310e-03 7.906329e-03 1.938846e-02 2.883181e-02 1.469363e-01 2.643088e-01 
576 14401 1.238528e-03 2.739923e-01 8.029281e-05 8.029281e-05 5.852035e-04 2.195765e-03 5.366254e-03 7.670488e-03 1.945388e-02 3.032735e-02 1.509417e-01 2.739923e-01 
577 14426 1.219204e-03 2.683550e-01 8.260099e-05 8.260099e-05 5.692750e-04 2.137263e-03 5.244234e-03 7.581903e-03 1.967587e-02 2.966682e-02 1.474076e-01 2.683550e-01 
578 14451 1.301662e-03 2.764345e-01 8.086060e-05 8.086060e-05 6.087488e-04 2.089190e-03 5.234618e-03 7.337031e-03 1.942043e-02 2.934359e-02 1.472286e-01 2.764345e-01 
579 14476 1.310431e-03 2.686115e-01 8.029364e-05 8.029364e-05 6.264710e-04 2.070810e-03 5.302357e-03 7.472183e-03 1.901549e-02 2.875563e-02 1.563727e-01 2.686115e-01 
580 14501 1.275461e-03 2.672264e-01 7.901254e-05 7.901254e-05 6.162262e-04 2.091447e-03 5.145447e-03 7.290942e-03 1.923353e-02 2.852179e-02 1.560977e-01 2.672264e-01 
581 14526 1.318571e-03 2.640094e-01 7.683578e-05 7.683578e-05 6.135567e-04 2.065014e-03 5.193486e-03 7.262589e-03 1.917692e-02 2.856095e-02 1.504461e-01 2.640094e-01 
582 14551 1.230572e-03 2.625527e-01 7.615500e-05 7.615500e-05 6.101058e-04 2.257535e-03 5.516770e-03 7.204852e-03 1.942895e-02 2.793170e-02 1.474429e-01 2.625527e-01 
583 14576 1.195174e-03 2.552842e-01 7.872711e-05 7.872711e-05 5.922671e-04 2.233014e-03 5.417835e-03 7.493866e-03 1.921493e-02 2.760184e-02 1.451337e-01 2.552842e-01 
584 14601 1.310080e-03 2.612689e-01 8.055844e-05 8.055844e-05 5.985377e-04 2.264365e-03 5.407607e-03 7.584945e-03 1.860281e-02 2.724058e-02 1.492583e-01 2.612689e-01 
585 14626 1.304477e-03 2.519277e-01 7.915898e-05 7.915898e-05 6.053036e-04 2.287757e-03 5.253093e-03 7.622159e-03 1.846608e-02 2.707527e-02 1.491174e-01 2.519277e-01 
586 14651 1.326854e-03 2.490849e-01 7.680446e-05 7.680446e-05 5.988042e-04 2.255664e-03 5.094374e-03 7.885066e-03 1.786386e-02 2.725812e-02 1.510401e-01 2.490849e-01 
587 14676 1.373494e-03 2.528147e-01 7.681346e-05 7.681346e-05 5.807414e-04 2.177484e-03 5.033411e-03 8.010346e-03 1.831015e-02 2.746456e-02 1.564392e-01 2.528147e-01 
588 14701 1.291116e-03 2.467419e-01 7.682608e-05 7.682608e-05 5.594419e-04 2.279534e-03 4.915415e-03 7.899979e-03 1.848082e-02 2.875958e-02 1.525429e-01 2.467419e-01 
589 14726 1.203090e-03 2.398772e-01 7.869534e-05 7.869534e-05 5.596558e-04 2.202897e-03 5.138324e-03 7.785078e-03 1.873509e-02 2.903351e-02 1.512262e-01 2.398772e-01 
590 14751 1.205428e-03 2.333012e-01 8.178626e-05 8.178626e-05 5.483714e-04 2.186831e-03 5.087532e-03 7.530577e-03 1.872241e-02 2.957554e-02 1.475288e-01 2.333012e-01 
591 14776 1.122169e-03 2.278779e-01 7.929956e-05 7.929956e-05 5.474788e-04 2.152982e-03 5.003938e-03 7.557295e-03 1.851210e-02 2.915307e-02 1.427315e-01 2.278779e-01 
592 14801 1.162458e-03 2.232713e-01 7.907802e-05 7.907802e-05 5.429090e-04 2.199263e-03 4.987727e-03 7.603709e-03 1.865249e-02 2.903860e-02 1.568747e-01 2.232713e-01 
593 14826 1.035247e-03 2.208240e-01 7.769269e-05 7.769269e-05 5.404095e-04 2.150831e-03 4.920580e-03 7.387747e-03 1.830115e-02 2.852831e-02 1.523651e-01 2.208240e-01 
594 14851 1.011881e-03 2.192759e-01 7.884823e-05 7.884823e-05 5.379212e-04 2.102581e-03 4.990640e-03 7.325279e-03 1.840913e-02 2.771830e-02 1.507282e-01 2.192759e-01 
595 14876 1.036744e-03 2.237694e-01 7.988323e-05 7.988323e-05 5.539990e-04 2.037204e-03 5.046778e-03 7.033205e-03 1.818194e-02 2.744783e-02 1.479152e-01 2.237694e-01 
596 14901 1.117978e-03 2.285906e-01 7.846251e-05 7.846251e-05 5.515730e-04 2.017498e-03 5.071061e-03 6.836917e-03 1.854469e-02 2.658300e-02 1.475822e-01 2.285906e-01 
597 14926 1.019283e-03 2.228516e-01 7.714746e-05 7.714746e-05 5.557250e-04 2.026428e-03 5.000623e-03 6.719577e-03 1.816929e-02 2.601336e-02 1.439064e-01 2.228516e-01 
598 14951 8.992378e-04 2.203952e-01 7.514690e-05 7.514690e-05 5.458802e-04 1.977553e-03 5.016044e-03 6.801144e-03 1.761892e-02 2.576686e-02 1.400273e-01 2.203952e-01 
