%  columns=["iteration, evaluation, sigma, void, void, stds==sigma*sqrt(diag(C))" (startseed=211809, 2015/08/21 14:45:15.10)
1 26 5.227486e+00 0 0 6.131581e-01 5.158511e+00 3.747066e-01 3.712262e-01 5.276553e-01 6.255116e-01 1.621452e+00 5.647045e-01 4.195555e-01 
2 51 5.288335e+00 0 0 6.036749e-01 4.968541e+00 3.977753e-01 3.658498e-01 5.265452e-01 6.353290e-01 1.631056e+00 5.518718e-01 4.155814e-01 
3 76 5.374394e+00 0 0 6.237180e-01 5.101059e+00 4.038256e-01 3.717058e-01 5.195054e-01 6.355010e-01 1.601312e+00 5.477870e-01 4.108700e-01 
4 101 5.265244e+00 0 0 6.135553e-01 4.792542e+00 3.910804e-01 3.709187e-01 4.894912e-01 6.002775e-01 1.545321e+00 5.284804e-01 3.837876e-01 
5 126 5.699984e+00 0 0 6.783816e-01 5.079841e+00 4.078358e-01 4.070372e-01 5.279237e-01 6.339837e-01 1.605577e+00 6.222664e-01 4.077975e-01 
6 151 5.108310e+00 0 0 5.958722e-01 4.370534e+00 3.554381e-01 3.568549e-01 4.559647e-01 5.476261e-01 1.401916e+00 5.539714e-01 3.631649e-01 
7 176 4.804503e+00 0 0 5.445300e-01 3.925439e+00 3.196554e-01 3.331001e-01 4.150562e-01 4.966293e-01 1.392151e+00 5.131536e-01 3.353166e-01 
8 201 5.200556e+00 0 0 5.774563e-01 4.360240e+00 3.410875e-01 3.507176e-01 4.434881e-01 5.268157e-01 1.607651e+00 5.613984e-01 3.573762e-01 
9 226 4.777208e+00 0 0 5.260379e-01 3.958360e+00 3.081020e-01 3.105183e-01 3.962156e-01 4.658256e-01 1.464374e+00 5.126434e-01 3.345710e-01 
10 251 4.870257e+00 0 0 5.271897e-01 3.948626e+00 3.058073e-01 3.323872e-01 3.928374e-01 4.797193e-01 1.471867e+00 5.030836e-01 3.359929e-01 
11 276 4.961781e+00 0 0 5.252345e-01 3.873343e+00 3.062553e-01 3.507825e-01 3.896126e-01 4.746929e-01 1.455885e+00 5.007212e-01 3.344420e-01 
12 301 4.329937e+00 0 0 4.424292e-01 3.346684e+00 2.667243e-01 2.978630e-01 3.272234e-01 3.973992e-01 1.244162e+00 4.295085e-01 2.818016e-01 
13 326 4.057248e+00 0 0 4.050880e-01 3.039637e+00 2.439733e-01 2.810847e-01 3.043754e-01 3.668477e-01 1.171937e+00 3.948511e-01 2.570874e-01 
14 351 3.801981e+00 0 0 3.696627e-01 2.867100e+00 2.257307e-01 2.579442e-01 2.771187e-01 3.337492e-01 1.082857e+00 3.620648e-01 2.355007e-01 
15 376 4.046647e+00 0 0 3.776793e-01 2.968047e+00 2.362968e-01 2.709110e-01 3.040100e-01 3.541481e-01 1.125523e+00 3.728581e-01 2.810306e-01 
16 401 3.740230e+00 0 0 3.361029e-01 2.682968e+00 2.225809e-01 2.412764e-01 2.861313e-01 3.149940e-01 1.003511e+00 3.375539e-01 2.559001e-01 
17 426 3.582693e+00 0 0 3.135806e-01 2.562742e+00 2.148882e-01 2.263305e-01 2.753721e-01 2.963426e-01 9.476217e-01 3.101994e-01 2.417005e-01 
18 451 3.815488e+00 0 0 3.337940e-01 2.648028e+00 2.225967e-01 2.413181e-01 2.941455e-01 3.145695e-01 9.881689e-01 3.169553e-01 2.534732e-01 
19 476 3.440981e+00 0 0 2.966367e-01 2.353297e+00 1.931271e-01 2.098984e-01 2.580443e-01 2.758388e-01 8.590064e-01 2.779504e-01 2.233011e-01 
20 501 3.461897e+00 0 0 2.879992e-01 2.320473e+00 1.924564e-01 2.167985e-01 2.488134e-01 2.681424e-01 8.776115e-01 2.738511e-01 2.276641e-01 
21 526 3.551201e+00 0 0 2.955579e-01 2.303394e+00 2.099748e-01 2.171732e-01 2.463882e-01 2.788778e-01 8.888005e-01 2.813582e-01 2.278455e-01 
22 551 3.536058e+00 0 0 2.836880e-01 2.207990e+00 2.101130e-01 2.110856e-01 2.345643e-01 2.729680e-01 8.451953e-01 2.855689e-01 2.244485e-01 
23 576 3.171602e+00 0 0 2.569334e-01 1.913104e+00 1.876006e-01 1.843155e-01 2.105424e-01 2.458609e-01 7.320130e-01 2.496042e-01 1.983035e-01 
24 601 2.799467e+00 0 0 2.229448e-01 1.637590e+00 1.692130e-01 1.697389e-01 1.935052e-01 2.109584e-01 6.400935e-01 2.123716e-01 1.674982e-01 
25 626 2.575794e+00 0 0 2.004790e-01 1.453580e+00 1.529608e-01 1.527969e-01 1.786064e-01 1.894232e-01 5.975692e-01 1.903170e-01 1.519085e-01 
26 651 2.220488e+00 0 0 1.734266e-01 1.248177e+00 1.264419e-01 1.295806e-01 1.494562e-01 1.559994e-01 5.012019e-01 1.619685e-01 1.274726e-01 
27 676 2.284609e+00 0 0 1.779513e-01 1.279292e+00 1.286848e-01 1.301303e-01 1.501486e-01 1.622283e-01 5.124697e-01 1.624313e-01 1.354379e-01 
28 701 2.077786e+00 0 0 1.589513e-01 1.116213e+00 1.126577e-01 1.133932e-01 1.345090e-01 1.471766e-01 4.656735e-01 1.451949e-01 1.229701e-01 
29 726 2.103835e+00 0 0 1.578752e-01 1.087713e+00 1.136316e-01 1.131927e-01 1.392889e-01 1.528151e-01 4.842662e-01 1.414158e-01 1.211691e-01 
30 751 2.054734e+00 0 0 1.512678e-01 1.021319e+00 1.109769e-01 1.082783e-01 1.359262e-01 1.469047e-01 4.754975e-01 1.323566e-01 1.152363e-01 
31 776 2.009814e+00 0 0 1.451328e-01 9.746210e-01 1.063635e-01 1.050246e-01 1.309075e-01 1.477321e-01 4.676674e-01 1.275157e-01 1.107280e-01 
32 801 2.072919e+00 0 0 1.518371e-01 9.962194e-01 1.094286e-01 1.062114e-01 1.336467e-01 1.466508e-01 4.827405e-01 1.280427e-01 1.256033e-01 
33 826 2.022102e+00 0 0 1.457619e-01 9.520317e-01 1.055537e-01 1.005079e-01 1.285352e-01 1.404152e-01 4.657703e-01 1.248135e-01 1.200272e-01 
34 851 2.037376e+00 0 0 1.491334e-01 9.409703e-01 1.100466e-01 9.782671e-02 1.252452e-01 1.419668e-01 4.573567e-01 1.224083e-01 1.209384e-01 
35 876 2.218820e+00 0 0 1.587034e-01 1.007257e+00 1.241455e-01 1.088536e-01 1.342929e-01 1.501373e-01 5.333637e-01 1.354739e-01 1.297038e-01 
36 901 1.946502e+00 0 0 1.336605e-01 8.487024e-01 1.058409e-01 9.821126e-02 1.169391e-01 1.268948e-01 4.742494e-01 1.155206e-01 1.125468e-01 
37 926 1.837358e+00 0 0 1.274860e-01 7.759115e-01 9.798172e-02 9.193331e-02 1.080725e-01 1.225085e-01 4.333377e-01 1.097681e-01 1.063049e-01 
38 951 1.701311e+00 0 0 1.176330e-01 7.186653e-01 9.138478e-02 8.276241e-02 9.924398e-02 1.168118e-01 4.035059e-01 1.018523e-01 9.664893e-02 
39 976 1.516996e+00 0 0 1.022171e-01 6.363176e-01 8.091734e-02 7.496243e-02 8.810300e-02 1.017399e-01 3.586776e-01 8.808074e-02 8.518310e-02 
40 1001 1.427932e+00 0 0 9.770571e-02 5.855526e-01 7.583365e-02 6.899172e-02 8.223909e-02 9.615601e-02 3.262094e-01 8.450288e-02 8.047598e-02 
41 1026 1.361469e+00 0 0 9.365941e-02 5.396928e-01 7.352670e-02 6.569588e-02 8.144001e-02 8.962320e-02 3.086071e-01 7.752444e-02 7.343471e-02 
42 1051 1.232677e+00 0 0 8.496879e-02 4.735003e-01 6.693068e-02 5.842499e-02 7.287331e-02 7.984218e-02 2.709519e-01 6.809364e-02 7.099751e-02 
43 1076 1.340327e+00 0 0 8.872000e-02 4.980083e-01 7.353443e-02 6.192797e-02 7.793600e-02 8.447813e-02 3.145770e-01 7.652519e-02 7.574136e-02 
44 1101 1.236795e+00 0 0 8.366908e-02 4.418451e-01 6.556168e-02 5.695873e-02 6.974244e-02 7.616520e-02 2.923886e-01 6.805662e-02 7.004745e-02 
45 1126 1.292319e+00 0 0 8.758927e-02 4.542652e-01 7.250363e-02 5.720782e-02 7.248392e-02 8.208195e-02 3.016268e-01 6.975390e-02 7.715633e-02 
46 1151 1.146594e+00 0 0 7.487175e-02 3.922990e-01 6.683495e-02 4.945084e-02 6.399205e-02 7.203219e-02 2.693191e-01 6.035067e-02 6.750707e-02 
47 1176 1.035043e+00 0 0 6.844196e-02 3.442711e-01 5.821189e-02 4.392063e-02 5.719488e-02 6.351419e-02 2.374225e-01 5.352545e-02 5.919641e-02 
48 1201 9.241757e-01 0 0 5.961326e-02 2.980752e-01 5.132603e-02 3.858718e-02 5.167892e-02 5.493310e-02 2.108818e-01 4.689629e-02 5.207053e-02 
49 1226 1.016573e+00 0 0 6.734185e-02 3.221363e-01 5.577036e-02 4.198153e-02 5.534525e-02 6.171230e-02 2.378606e-01 5.221060e-02 5.679869e-02 
50 1251 9.641463e-01 0 0 6.396486e-02 2.989767e-01 5.141149e-02 3.895799e-02 5.178317e-02 5.747275e-02 2.271167e-01 4.840968e-02 5.326120e-02 
51 1276 9.945828e-01 0 0 6.678144e-02 3.022379e-01 5.459049e-02 4.000298e-02 5.533166e-02 5.834980e-02 2.361823e-01 4.992016e-02 5.385310e-02 
52 1301 9.153607e-01 0 0 6.142727e-02 2.743945e-01 4.968134e-02 3.599786e-02 5.159120e-02 5.426729e-02 2.174167e-01 4.580182e-02 5.015443e-02 
53 1326 7.498403e-01 0 0 4.959711e-02 2.183617e-01 4.052481e-02 2.938478e-02 4.234135e-02 4.409863e-02 1.726446e-01 3.730359e-02 3.935455e-02 
54 1351 6.983078e-01 0 0 4.501663e-02 1.982936e-01 3.787468e-02 2.781292e-02 3.858828e-02 4.041380e-02 1.587462e-01 3.391260e-02 3.720403e-02 
55 1376 6.325113e-01 0 0 4.116422e-02 1.737444e-01 3.346347e-02 2.519106e-02 3.431402e-02 3.559458e-02 1.434577e-01 3.107092e-02 3.391558e-02 
56 1401 6.132381e-01 0 0 4.114962e-02 1.659315e-01 3.159232e-02 2.383722e-02 3.265228e-02 3.426803e-02 1.381425e-01 2.953288e-02 3.222270e-02 
57 1426 6.279211e-01 0 0 4.072484e-02 1.677142e-01 3.106025e-02 2.496389e-02 3.398936e-02 3.428468e-02 1.445319e-01 3.101038e-02 3.339648e-02 
58 1451 5.950530e-01 0 0 3.870307e-02 1.531777e-01 3.019704e-02 2.312127e-02 3.142394e-02 3.314307e-02 1.332400e-01 2.854522e-02 3.101164e-02 
59 1476 5.476163e-01 0 0 3.536166e-02 1.361094e-01 2.740144e-02 2.096210e-02 2.853558e-02 3.105931e-02 1.194633e-01 2.616327e-02 2.790747e-02 
60 1501 5.022177e-01 0 0 3.185019e-02 1.209778e-01 2.457380e-02 1.855077e-02 2.585956e-02 2.826745e-02 1.140425e-01 2.299975e-02 2.455303e-02 
61 1526 4.919361e-01 0 0 3.099242e-02 1.140084e-01 2.359684e-02 1.773540e-02 2.455892e-02 2.874665e-02 1.080180e-01 2.173793e-02 2.368039e-02 
62 1551 5.605846e-01 0 0 3.446777e-02 1.282146e-01 2.667887e-02 1.938338e-02 2.725981e-02 3.284315e-02 1.259398e-01 2.448609e-02 2.635704e-02 
63 1576 5.264974e-01 0 0 3.152523e-02 1.171140e-01 2.454196e-02 1.842252e-02 2.535721e-02 3.038725e-02 1.167960e-01 2.322574e-02 2.404012e-02 
64 1601 5.210207e-01 0 0 3.085477e-02 1.126572e-01 2.421242e-02 1.816768e-02 2.599444e-02 3.014647e-02 1.182007e-01 2.231727e-02 2.435543e-02 
65 1626 5.878122e-01 0 0 3.362775e-02 1.254180e-01 2.642976e-02 1.996287e-02 3.026201e-02 3.416562e-02 1.500114e-01 2.500732e-02 2.671416e-02 
66 1651 6.027252e-01 0 0 3.433984e-02 1.244247e-01 2.716537e-02 2.032921e-02 3.053206e-02 3.628409e-02 1.575600e-01 2.592031e-02 2.796865e-02 
67 1676 6.733482e-01 0 0 4.106470e-02 1.370504e-01 3.041592e-02 2.317947e-02 3.479573e-02 4.099053e-02 1.754162e-01 2.912554e-02 3.186794e-02 
68 1701 7.631954e-01 0 0 4.607153e-02 1.580948e-01 3.464574e-02 2.571624e-02 4.051540e-02 4.913925e-02 2.213054e-01 3.283155e-02 3.574157e-02 
69 1726 7.684594e-01 0 0 4.534420e-02 1.536437e-01 3.659337e-02 2.539920e-02 4.079406e-02 5.108715e-02 2.267949e-01 3.314495e-02 3.551393e-02 
70 1751 7.716968e-01 0 0 4.465964e-02 1.504757e-01 3.664815e-02 2.539543e-02 4.104136e-02 5.139084e-02 2.332642e-01 3.309445e-02 3.488234e-02 
71 1776 7.898773e-01 0 0 4.593527e-02 1.516886e-01 3.728115e-02 2.559227e-02 4.319395e-02 5.386184e-02 2.543304e-01 3.384391e-02 3.716603e-02 
72 1801 8.394560e-01 0 0 4.832133e-02 1.680393e-01 4.038979e-02 2.702421e-02 4.709539e-02 5.552009e-02 2.694124e-01 3.535213e-02 3.959844e-02 
73 1826 9.155697e-01 0 0 5.689930e-02 1.830509e-01 4.311623e-02 2.858443e-02 5.000014e-02 6.016940e-02 2.949618e-01 3.837758e-02 4.189930e-02 
74 1851 8.850980e-01 0 0 5.455770e-02 1.749635e-01 4.391520e-02 2.775303e-02 4.795697e-02 5.856687e-02 2.781589e-01 3.640256e-02 4.125059e-02 
75 1876 8.186437e-01 0 0 4.992253e-02 1.550055e-01 4.057653e-02 2.486232e-02 4.344841e-02 5.299848e-02 2.482732e-01 3.345190e-02 3.868494e-02 
76 1901 7.567100e-01 0 0 4.503920e-02 1.402201e-01 3.595242e-02 2.300365e-02 3.905446e-02 4.718418e-02 2.245852e-01 3.094903e-02 3.526168e-02 
77 1926 6.460413e-01 0 0 3.730991e-02 1.208621e-01 3.002506e-02 1.929279e-02 3.226166e-02 4.240172e-02 1.846680e-01 2.601656e-02 2.957739e-02 
78 1951 6.832471e-01 0 0 3.760882e-02 1.244630e-01 3.206918e-02 1.981239e-02 3.345802e-02 4.378550e-02 2.043584e-01 2.703924e-02 3.166316e-02 
79 1976 6.933432e-01 0 0 3.731104e-02 1.243163e-01 3.136020e-02 1.922702e-02 3.410658e-02 4.374049e-02 2.164457e-01 2.655383e-02 3.199393e-02 
80 2001 6.383337e-01 0 0 3.295141e-02 1.098509e-01 2.887244e-02 1.797683e-02 3.078464e-02 4.055405e-02 1.968374e-01 2.453111e-02 2.861007e-02 
81 2026 6.237309e-01 0 0 3.262559e-02 1.079440e-01 2.786363e-02 1.742470e-02 2.911811e-02 3.989957e-02 1.900414e-01 2.354298e-02 2.794934e-02 
82 2051 8.373237e-01 0 0 4.317227e-02 1.431785e-01 3.804865e-02 2.284754e-02 4.316085e-02 5.490440e-02 2.873377e-01 3.138428e-02 3.978472e-02 
83 2076 1.094421e+00 0 0 5.495859e-02 1.885115e-01 4.863828e-02 2.967619e-02 5.493349e-02 7.110402e-02 3.725526e-01 4.155765e-02 5.183892e-02 
84 2101 1.222352e+00 0 0 6.399513e-02 2.117979e-01 5.521079e-02 3.320673e-02 6.052049e-02 8.101249e-02 4.183026e-01 4.572018e-02 5.632021e-02 
85 2126 1.230092e+00 0 0 6.480724e-02 2.176321e-01 5.763391e-02 3.269135e-02 5.906021e-02 8.347499e-02 4.091035e-01 4.465035e-02 5.450994e-02 
86 2151 1.314064e+00 0 0 7.263347e-02 2.296914e-01 6.117949e-02 3.461832e-02 6.322984e-02 8.737827e-02 4.579862e-01 4.771205e-02 5.614117e-02 
87 2176 1.228757e+00 0 0 6.703083e-02 2.092067e-01 5.544556e-02 3.219716e-02 5.770616e-02 8.084896e-02 4.166279e-01 4.389003e-02 5.063440e-02 
88 2201 1.245103e+00 0 0 7.168287e-02 2.104189e-01 5.665080e-02 3.158636e-02 5.820103e-02 8.416525e-02 4.250838e-01 4.389013e-02 4.983616e-02 
89 2226 1.086423e+00 0 0 6.264040e-02 1.858608e-01 4.888430e-02 2.668764e-02 4.986721e-02 7.283625e-02 3.660982e-01 3.748890e-02 4.140682e-02 
90 2251 1.113530e+00 0 0 6.293422e-02 1.897223e-01 4.977270e-02 2.786850e-02 4.879228e-02 7.544326e-02 3.638802e-01 3.808880e-02 4.256092e-02 
91 2276 1.063581e+00 0 0 6.176829e-02 1.737365e-01 4.566538e-02 2.613144e-02 4.569793e-02 7.088609e-02 3.480823e-01 3.561739e-02 4.041014e-02 
92 2301 1.120922e+00 0 0 6.650657e-02 1.825635e-01 4.786281e-02 2.865116e-02 4.843430e-02 7.403526e-02 3.569946e-01 3.829422e-02 4.389325e-02 
93 2326 1.156071e+00 0 0 6.940253e-02 1.861386e-01 5.238119e-02 2.898874e-02 5.050707e-02 7.907235e-02 3.592862e-01 3.892010e-02 4.423497e-02 
94 2351 1.083459e+00 0 0 6.401163e-02 1.731427e-01 4.814578e-02 2.633865e-02 4.614557e-02 7.141808e-02 3.296137e-01 3.553562e-02 4.085847e-02 
95 2376 1.062164e+00 0 0 6.556438e-02 1.759767e-01 4.709130e-02 2.590710e-02 4.455238e-02 6.989521e-02 3.273830e-01 3.439272e-02 3.954894e-02 
96 2401 9.211054e-01 0 0 5.617845e-02 1.480710e-01 4.127512e-02 2.181372e-02 3.864711e-02 6.080985e-02 2.844109e-01 2.913240e-02 3.494633e-02 
97 2426 8.281008e-01 0 0 4.960904e-02 1.283044e-01 3.700974e-02 1.964192e-02 3.369681e-02 5.484924e-02 2.523401e-01 2.567903e-02 3.043239e-02 
98 2451 8.482666e-01 0 0 5.103204e-02 1.280129e-01 3.705395e-02 1.981911e-02 3.343017e-02 5.553009e-02 2.565587e-01 2.647259e-02 3.131913e-02 
99 2476 8.246784e-01 0 0 4.788238e-02 1.217893e-01 3.614995e-02 1.905816e-02 3.146832e-02 5.442392e-02 2.449213e-01 2.530043e-02 3.011765e-02 
100 2501 8.696939e-01 0 0 4.929231e-02 1.284925e-01 3.871530e-02 2.010522e-02 3.227067e-02 5.817769e-02 2.531978e-01 2.637348e-02 3.080306e-02 
101 2526 9.086044e-01 0 0 5.141653e-02 1.333650e-01 4.146311e-02 2.093855e-02 3.269825e-02 6.331845e-02 2.636011e-01 2.678200e-02 3.160094e-02 
102 2551 9.131270e-01 0 0 5.197324e-02 1.299002e-01 4.152448e-02 2.080742e-02 3.209317e-02 6.384871e-02 2.587489e-01 2.670567e-02 3.168918e-02 
103 2576 9.517276e-01 0 0 5.510606e-02 1.324614e-01 4.168591e-02 2.125024e-02 3.349329e-02 6.403640e-02 2.643520e-01 2.771974e-02 3.289858e-02 
104 2601 8.318035e-01 0 0 4.705517e-02 1.139461e-01 3.593851e-02 1.810990e-02 2.909037e-02 5.508477e-02 2.347348e-01 2.456997e-02 2.777388e-02 
105 2626 8.753392e-01 0 0 4.854118e-02 1.201116e-01 3.847427e-02 1.953299e-02 2.992171e-02 6.001923e-02 2.587391e-01 2.581467e-02 2.862056e-02 
106 2651 9.067758e-01 0 0 5.002714e-02 1.218056e-01 4.060720e-02 2.007714e-02 3.034979e-02 6.326658e-02 2.799436e-01 2.756764e-02 2.837436e-02 
107 2676 9.838674e-01 0 0 5.313153e-02 1.309800e-01 4.831152e-02 2.091400e-02 3.233394e-02 6.702814e-02 2.999890e-01 2.922037e-02 3.032123e-02 
108 2701 8.679609e-01 0 0 4.584568e-02 1.116132e-01 4.139455e-02 1.806265e-02 2.737642e-02 5.695795e-02 2.574810e-01 2.517042e-02 2.552926e-02 
109 2726 7.943123e-01 0 0 4.080190e-02 1.008851e-01 3.788797e-02 1.607827e-02 2.466727e-02 5.148558e-02 2.273188e-01 2.234078e-02 2.299853e-02 
110 2751 7.131575e-01 0 0 3.570816e-02 8.859689e-02 3.314211e-02 1.432606e-02 2.132017e-02 4.535352e-02 1.988168e-01 1.941162e-02 1.998139e-02 
111 2776 6.872470e-01 0 0 3.323618e-02 8.811651e-02 3.185331e-02 1.405556e-02 2.070628e-02 4.237218e-02 1.902027e-01 1.796623e-02 1.902876e-02 
112 2801 7.154276e-01 0 0 3.431379e-02 8.961954e-02 3.233369e-02 1.443852e-02 2.108647e-02 4.523681e-02 1.939996e-01 1.805536e-02 2.008210e-02 
113 2826 7.411849e-01 0 0 3.602999e-02 9.278584e-02 3.293103e-02 1.490556e-02 2.123287e-02 4.608701e-02 1.965692e-01 1.839623e-02 2.026189e-02 
114 2851 7.432713e-01 0 0 3.596304e-02 9.217392e-02 3.519961e-02 1.453474e-02 2.062793e-02 4.866323e-02 1.898122e-01 1.806599e-02 2.113810e-02 
115 2876 6.823344e-01 0 0 3.210584e-02 8.228378e-02 3.257142e-02 1.297834e-02 1.827435e-02 4.438473e-02 1.713889e-01 1.641998e-02 1.877172e-02 
116 2901 5.983361e-01 0 0 2.768841e-02 6.961193e-02 2.758061e-02 1.098274e-02 1.566648e-02 3.784967e-02 1.465537e-01 1.449796e-02 1.601488e-02 
117 2926 5.876368e-01 0 0 2.652717e-02 7.153210e-02 2.682379e-02 1.048129e-02 1.576685e-02 3.610679e-02 1.415022e-01 1.405430e-02 1.559802e-02 
118 2951 5.874682e-01 0 0 2.708026e-02 7.186942e-02 2.655265e-02 1.029394e-02 1.576307e-02 3.495434e-02 1.377386e-01 1.397056e-02 1.583068e-02 
119 2976 6.896730e-01 0 0 3.125496e-02 8.212129e-02 3.272245e-02 1.382688e-02 1.794372e-02 4.126860e-02 1.610390e-01 1.684213e-02 1.776527e-02 
120 3001 6.833971e-01 0 0 2.994412e-02 8.017163e-02 3.201262e-02 1.377405e-02 1.738189e-02 4.080967e-02 1.550078e-01 1.621130e-02 1.704495e-02 
121 3026 6.787773e-01 0 0 2.896166e-02 7.992808e-02 3.155989e-02 1.369920e-02 1.717390e-02 3.906622e-02 1.481577e-01 1.616883e-02 1.623881e-02 
122 3051 6.333957e-01 0 0 2.635507e-02 7.497325e-02 2.931521e-02 1.256416e-02 1.594981e-02 3.590638e-02 1.331977e-01 1.478398e-02 1.490691e-02 
123 3076 5.684044e-01 0 0 2.307044e-02 6.636212e-02 2.618151e-02 1.107522e-02 1.396670e-02 3.192555e-02 1.181532e-01 1.294096e-02 1.292736e-02 
124 3101 5.455865e-01 0 0 2.305717e-02 6.239106e-02 2.479035e-02 1.089508e-02 1.302964e-02 2.946425e-02 1.102250e-01 1.316768e-02 1.207366e-02 
125 3126 4.777861e-01 0 0 1.959747e-02 5.283741e-02 2.201770e-02 9.660410e-03 1.133852e-02 2.515445e-02 9.583009e-02 1.180658e-02 1.033390e-02 
126 3151 4.585502e-01 0 0 1.907649e-02 4.907129e-02 2.064772e-02 8.943063e-03 1.049132e-02 2.420896e-02 9.008835e-02 1.126793e-02 9.827055e-03 
127 3176 4.471602e-01 0 0 1.833205e-02 4.605833e-02 2.006176e-02 8.581978e-03 9.985718e-03 2.327116e-02 8.927753e-02 1.060627e-02 9.307596e-03 
128 3201 4.258384e-01 0 0 1.756859e-02 4.521987e-02 1.889021e-02 8.125448e-03 9.153490e-03 2.224389e-02 8.243064e-02 9.987822e-03 8.532409e-03 
129 3226 4.080574e-01 0 0 1.671433e-02 4.372526e-02 1.844589e-02 7.662034e-03 8.494533e-03 2.149509e-02 7.681034e-02 9.360702e-03 8.514724e-03 
130 3251 3.934011e-01 0 0 1.593316e-02 4.189437e-02 1.810775e-02 7.101399e-03 8.061626e-03 2.042126e-02 7.484710e-02 8.763153e-03 8.043917e-03 
131 3276 3.945224e-01 0 0 1.558687e-02 4.164405e-02 1.753698e-02 7.089179e-03 8.023771e-03 1.982907e-02 7.337840e-02 8.536553e-03 7.815469e-03 
132 3301 3.757058e-01 0 0 1.431800e-02 3.885930e-02 1.635843e-02 6.708185e-03 7.663907e-03 1.865232e-02 6.881944e-02 8.031197e-03 7.201454e-03 
133 3326 4.243780e-01 0 0 1.627250e-02 4.212395e-02 1.867503e-02 7.713587e-03 8.445986e-03 2.267771e-02 7.905673e-02 8.947843e-03 7.904313e-03 
134 3351 3.878452e-01 0 0 1.466477e-02 3.788029e-02 1.692667e-02 6.964590e-03 7.525969e-03 2.038314e-02 6.977936e-02 8.190856e-03 7.061855e-03 
135 3376 3.525570e-01 0 0 1.338954e-02 3.476987e-02 1.560916e-02 6.101835e-03 6.803810e-03 1.831286e-02 6.380564e-02 7.238767e-03 6.189107e-03 
136 3401 3.529367e-01 0 0 1.325492e-02 3.378371e-02 1.547611e-02 5.925916e-03 6.978448e-03 1.841810e-02 6.237871e-02 7.119849e-03 5.958672e-03 
137 3426 3.476680e-01 0 0 1.310438e-02 3.195565e-02 1.482897e-02 5.884690e-03 6.850191e-03 1.788647e-02 5.982547e-02 6.845798e-03 5.638502e-03 
138 3451 3.638000e-01 0 0 1.350459e-02 3.304982e-02 1.522584e-02 6.167910e-03 7.289715e-03 1.813622e-02 6.125520e-02 7.233362e-03 5.655429e-03 
139 3476 3.387818e-01 0 0 1.228627e-02 2.957213e-02 1.407003e-02 5.700986e-03 6.716248e-03 1.671629e-02 5.544239e-02 6.732251e-03 5.035789e-03 
140 3501 3.009344e-01 0 0 1.069924e-02 2.642015e-02 1.236271e-02 5.040242e-03 6.066010e-03 1.499085e-02 4.789521e-02 5.940778e-03 4.305329e-03 
141 3526 3.051125e-01 0 0 1.096302e-02 2.682054e-02 1.228500e-02 5.041337e-03 6.106024e-03 1.533466e-02 4.870355e-02 6.044221e-03 4.286557e-03 
142 3551 3.180614e-01 0 0 1.225362e-02 2.742896e-02 1.224373e-02 5.117734e-03 6.238695e-03 1.554484e-02 5.097541e-02 6.342242e-03 4.288061e-03 
143 3576 3.082893e-01 0 0 1.222235e-02 2.708864e-02 1.166403e-02 4.886899e-03 5.828020e-03 1.463028e-02 4.799104e-02 6.203319e-03 3.975584e-03 
144 3601 3.036074e-01 0 0 1.159680e-02 2.581983e-02 1.149007e-02 4.861923e-03 5.742314e-03 1.445119e-02 4.570048e-02 5.932665e-03 3.881298e-03 
145 3626 2.723552e-01 0 0 1.012700e-02 2.320619e-02 9.936694e-03 4.267207e-03 5.280028e-03 1.300304e-02 4.081499e-02 5.120033e-03 3.387387e-03 
146 3651 2.654678e-01 0 0 1.003493e-02 2.163696e-02 9.406350e-03 4.196082e-03 4.993040e-03 1.234311e-02 3.931864e-02 5.091098e-03 3.183888e-03 
147 3676 2.410374e-01 0 0 9.184197e-03 2.009763e-02 8.426692e-03 3.696919e-03 4.445643e-03 1.106704e-02 3.495021e-02 4.533789e-03 2.773582e-03 
148 3701 2.196199e-01 0 0 8.220692e-03 1.795443e-02 7.481994e-03 3.437424e-03 4.003164e-03 9.874899e-03 3.169192e-02 4.040264e-03 2.436699e-03 
149 3726 1.935610e-01 0 0 7.239418e-03 1.582102e-02 6.367389e-03 2.969511e-03 3.436711e-03 8.734839e-03 2.711932e-02 3.508765e-03 2.141073e-03 
150 3751 1.841152e-01 0 0 6.811874e-03 1.517501e-02 6.048854e-03 2.857796e-03 3.350904e-03 8.589413e-03 2.503331e-02 3.322755e-03 1.968004e-03 
151 3776 1.803752e-01 0 0 6.707859e-03 1.493790e-02 5.910230e-03 2.819490e-03 3.256952e-03 8.245433e-03 2.478371e-02 3.210708e-03 1.887087e-03 
152 3801 1.856303e-01 0 0 6.959739e-03 1.504408e-02 6.137277e-03 2.950379e-03 3.371215e-03 8.566621e-03 2.600442e-02 3.236241e-03 1.887828e-03 
153 3826 1.989269e-01 0 0 7.780598e-03 1.662090e-02 6.608489e-03 3.131152e-03 3.714001e-03 8.970448e-03 2.902933e-02 3.422340e-03 1.966391e-03 
154 3851 2.002900e-01 0 0 7.701912e-03 1.640437e-02 6.485685e-03 3.191454e-03 3.664795e-03 8.830682e-03 2.857738e-02 3.377615e-03 2.014909e-03 
155 3876 1.717141e-01 0 0 6.503405e-03 1.372897e-02 5.437907e-03 2.687316e-03 3.033815e-03 7.438515e-03 2.399553e-02 2.876280e-03 1.671463e-03 
156 3901 1.572497e-01 0 0 5.976262e-03 1.219213e-02 4.957735e-03 2.480457e-03 2.832790e-03 7.020563e-03 2.162302e-02 2.715970e-03 1.529354e-03 
157 3926 1.448522e-01 0 0 5.504239e-03 1.169548e-02 4.414020e-03 2.236683e-03 2.558981e-03 6.279910e-03 1.934598e-02 2.470734e-03 1.401173e-03 
158 3951 1.485030e-01 0 0 5.762472e-03 1.200721e-02 4.556431e-03 2.198973e-03 2.606294e-03 6.241892e-03 1.931386e-02 2.587503e-03 1.443614e-03 
159 3976 1.432003e-01 0 0 5.447574e-03 1.204531e-02 4.626438e-03 2.096877e-03 2.452417e-03 6.186160e-03 1.849975e-02 2.437437e-03 1.359355e-03 
160 4001 1.438897e-01 0 0 5.380823e-03 1.265992e-02 4.614800e-03 2.074403e-03 2.441522e-03 6.025504e-03 1.823949e-02 2.369190e-03 1.337104e-03 
161 4026 1.326671e-01 0 0 5.110835e-03 1.154187e-02 4.200088e-03 1.865604e-03 2.217227e-03 5.593922e-03 1.686088e-02 2.122276e-03 1.221330e-03 
162 4051 1.312105e-01 0 0 5.038335e-03 1.135790e-02 4.162606e-03 1.867259e-03 2.134991e-03 5.671329e-03 1.689275e-02 2.096014e-03 1.186299e-03 
163 4076 1.278092e-01 0 0 4.733860e-03 1.128663e-02 4.425486e-03 1.808044e-03 2.030697e-03 5.755552e-03 1.579583e-02 1.983916e-03 1.152136e-03 
164 4101 1.359624e-01 0 0 5.080865e-03 1.235220e-02 4.699453e-03 1.927880e-03 2.125265e-03 6.141489e-03 1.662052e-02 2.199661e-03 1.202617e-03 
165 4126 1.414227e-01 0 0 5.235641e-03 1.284452e-02 4.981819e-03 1.987576e-03 2.179469e-03 6.562666e-03 1.699852e-02 2.305092e-03 1.220870e-03 
166 4151 1.300500e-01 0 0 4.819227e-03 1.168562e-02 4.401470e-03 1.777240e-03 2.001824e-03 5.943062e-03 1.517256e-02 2.112719e-03 1.091074e-03 
167 4176 1.170670e-01 0 0 4.259804e-03 1.018551e-02 3.812406e-03 1.599466e-03 1.734067e-03 5.282639e-03 1.367514e-02 1.887406e-03 9.422926e-04 
168 4201 1.169235e-01 0 0 4.255739e-03 1.025845e-02 3.710927e-03 1.556039e-03 1.716368e-03 5.447483e-03 1.322237e-02 1.848424e-03 9.132563e-04 
169 4226 1.058767e-01 0 0 3.804344e-03 9.169765e-03 3.336334e-03 1.387306e-03 1.533337e-03 4.856121e-03 1.197980e-02 1.648396e-03 7.909496e-04 
170 4251 1.204660e-01 0 0 4.510188e-03 1.023383e-02 3.766204e-03 1.563022e-03 1.726638e-03 5.629924e-03 1.323912e-02 2.057507e-03 9.300145e-04 
171 4276 1.246244e-01 0 0 4.559696e-03 1.062862e-02 4.065673e-03 1.582757e-03 1.747538e-03 6.071103e-03 1.333906e-02 2.124681e-03 9.626016e-04 
172 4301 1.323599e-01 0 0 4.923406e-03 1.108806e-02 4.351185e-03 1.669357e-03 1.824808e-03 6.529545e-03 1.420906e-02 2.302991e-03 1.039787e-03 
173 4326 1.298029e-01 0 0 4.779822e-03 1.057664e-02 4.333138e-03 1.635556e-03 1.747605e-03 6.464949e-03 1.417071e-02 2.240127e-03 1.039787e-03 
174 4351 1.319425e-01 0 0 4.723360e-03 1.059225e-02 4.488777e-03 1.640713e-03 1.821660e-03 6.669483e-03 1.441031e-02 2.231162e-03 1.196348e-03 
175 4376 1.275780e-01 0 0 4.416438e-03 9.941091e-03 4.332284e-03 1.551955e-03 1.736099e-03 6.609745e-03 1.389427e-02 2.095410e-03 1.209696e-03 
176 4401 1.159691e-01 0 0 3.965892e-03 8.921959e-03 3.842550e-03 1.417379e-03 1.564449e-03 5.821306e-03 1.215756e-02 1.957805e-03 1.064820e-03 
177 4426 1.098221e-01 0 0 3.749923e-03 8.245036e-03 3.578319e-03 1.324291e-03 1.490625e-03 5.386972e-03 1.136659e-02 1.836083e-03 9.733466e-04 
178 4451 1.003926e-01 0 0 3.367520e-03 7.653999e-03 3.280570e-03 1.247912e-03 1.381563e-03 4.935121e-03 1.058782e-02 1.727100e-03 8.856603e-04 
179 4476 9.173299e-02 0 0 3.046429e-03 6.905383e-03 2.966998e-03 1.106043e-03 1.216573e-03 4.501819e-03 9.575723e-03 1.581442e-03 7.984561e-04 
180 4501 8.845138e-02 0 0 2.880983e-03 6.453571e-03 2.890953e-03 1.035116e-03 1.152563e-03 4.442788e-03 9.330970e-03 1.507395e-03 8.053280e-04 
181 4526 8.840354e-02 0 0 3.013115e-03 6.389154e-03 3.244478e-03 1.032309e-03 1.197644e-03 4.783659e-03 9.227376e-03 1.558105e-03 8.489363e-04 
182 4551 8.966844e-02 0 0 3.095317e-03 6.682665e-03 3.305428e-03 1.116433e-03 1.169444e-03 4.845126e-03 9.174611e-03 1.631362e-03 8.480797e-04 
183 4576 9.013000e-02 0 0 3.157269e-03 6.550347e-03 3.304220e-03 1.090100e-03 1.128795e-03 5.058321e-03 9.286819e-03 1.641463e-03 8.553037e-04 
184 4601 9.143856e-02 0 0 3.168737e-03 6.561762e-03 3.272156e-03 1.102440e-03 1.110254e-03 5.116564e-03 9.319279e-03 1.677732e-03 8.436467e-04 
185 4626 9.830452e-02 0 0 3.399720e-03 6.751038e-03 3.641372e-03 1.193835e-03 1.161390e-03 5.992554e-03 9.909109e-03 1.844587e-03 9.473147e-04 
186 4651 9.547555e-02 0 0 3.189418e-03 6.513754e-03 3.550113e-03 1.122671e-03 1.130968e-03 5.842159e-03 9.561098e-03 1.725718e-03 9.079496e-04 
187 4676 9.052486e-02 0 0 2.931115e-03 6.097915e-03 3.294842e-03 1.075379e-03 1.039728e-03 5.459299e-03 8.850316e-03 1.633066e-03 8.385123e-04 
188 4701 9.489572e-02 0 0 3.113398e-03 6.767153e-03 3.369784e-03 1.163628e-03 1.181008e-03 5.569117e-03 9.208603e-03 1.685949e-03 8.626373e-04 
189 4726 9.140554e-02 0 0 2.909291e-03 6.301767e-03 3.152614e-03 1.106243e-03 1.165498e-03 5.249974e-03 8.735338e-03 1.572137e-03 8.107704e-04 
190 4751 9.580704e-02 0 0 2.962333e-03 6.403993e-03 3.226863e-03 1.158874e-03 1.270623e-03 5.369189e-03 8.845065e-03 1.647301e-03 8.142123e-04 
191 4776 9.520205e-02 0 0 2.939249e-03 6.264868e-03 3.176135e-03 1.165788e-03 1.260920e-03 5.177572e-03 8.706031e-03 1.638890e-03 7.920705e-04 
192 4801 9.670436e-02 0 0 3.124515e-03 6.517136e-03 3.200332e-03 1.274418e-03 1.278520e-03 5.148759e-03 8.542873e-03 1.786683e-03 7.765453e-04 
193 4826 9.683152e-02 0 0 3.149135e-03 6.668161e-03 3.099849e-03 1.343523e-03 1.272448e-03 4.993068e-03 8.776199e-03 1.833270e-03 7.471461e-04 
194 4851 9.999264e-02 0 0 3.205137e-03 6.840206e-03 3.184976e-03 1.368444e-03 1.328218e-03 5.329989e-03 8.705389e-03 1.900153e-03 7.622631e-04 
195 4876 1.114736e-01 0 0 3.526950e-03 7.647196e-03 3.449741e-03 1.503707e-03 1.435863e-03 5.851990e-03 9.777436e-03 2.098666e-03 8.230860e-04 
196 4901 1.172334e-01 0 0 3.723487e-03 8.144739e-03 3.597473e-03 1.524629e-03 1.466059e-03 6.127200e-03 1.061521e-02 2.220270e-03 8.705804e-04 
197 4926 1.292636e-01 0 0 4.157068e-03 8.794176e-03 3.936069e-03 1.614385e-03 1.618608e-03 6.645301e-03 1.210347e-02 2.441108e-03 9.304299e-04 
198 4951 1.197223e-01 0 0 3.770949e-03 7.951017e-03 3.531027e-03 1.456456e-03 1.459267e-03 5.946372e-03 1.140853e-02 2.237834e-03 8.339438e-04 
199 4976 1.113357e-01 0 0 3.452286e-03 7.325926e-03 3.169979e-03 1.360011e-03 1.330261e-03 5.323999e-03 1.040239e-02 2.026284e-03 7.558682e-04 
200 5001 1.154018e-01 0 0 3.584151e-03 8.188184e-03 3.285741e-03 1.428516e-03 1.380148e-03 5.475497e-03 1.071263e-02 2.019723e-03 7.749043e-04 
201 5026 1.125239e-01 0 0 3.453649e-03 7.886514e-03 3.138289e-03 1.402939e-03 1.338455e-03 5.233559e-03 1.051859e-02 1.947222e-03 7.536341e-04 
202 5051 1.080808e-01 0 0 3.212442e-03 7.502873e-03 2.996174e-03 1.418880e-03 1.285761e-03 5.083456e-03 9.730884e-03 1.871304e-03 7.398214e-04 
203 5076 1.045849e-01 0 0 3.021860e-03 6.989274e-03 2.861387e-03 1.429577e-03 1.209743e-03 4.875201e-03 9.174053e-03 1.826551e-03 7.087219e-04 
204 5101 1.065316e-01 0 0 3.095228e-03 7.098764e-03 2.833706e-03 1.534883e-03 1.225768e-03 4.916692e-03 9.636464e-03 2.022323e-03 7.222387e-04 
205 5126 1.305792e-01 0 0 3.797921e-03 8.638113e-03 3.387829e-03 1.881995e-03 1.469933e-03 5.925209e-03 1.225001e-02 2.628548e-03 8.712454e-04 
206 5151 1.222043e-01 0 0 3.481459e-03 8.058011e-03 3.090427e-03 1.727256e-03 1.437735e-03 5.359636e-03 1.106416e-02 2.402739e-03 7.991974e-04 
207 5176 1.237777e-01 0 0 3.483834e-03 8.011388e-03 3.214453e-03 1.706264e-03 1.439742e-03 5.482682e-03 1.161911e-02 2.421790e-03 7.988846e-04 
208 5201 1.302896e-01 0 0 3.605702e-03 8.258790e-03 3.365872e-03 1.793583e-03 1.535145e-03 5.895786e-03 1.252099e-02 2.549823e-03 8.471132e-04 
209 5226 1.297595e-01 0 0 3.736133e-03 8.083130e-03 3.255159e-03 1.774625e-03 1.545026e-03 5.742550e-03 1.209797e-02 2.580527e-03 8.261246e-04 
210 5251 1.362927e-01 0 0 4.041996e-03 8.248313e-03 3.320383e-03 1.927943e-03 1.690692e-03 5.847877e-03 1.343073e-02 2.841099e-03 8.653752e-04 
211 5276 1.567553e-01 0 0 4.677140e-03 9.230418e-03 3.862407e-03 2.182242e-03 1.929767e-03 6.490188e-03 1.501690e-02 3.225236e-03 9.743116e-04 
212 5301 1.467593e-01 0 0 4.377241e-03 8.655306e-03 3.569599e-03 2.017043e-03 1.833429e-03 5.893314e-03 1.360454e-02 2.976943e-03 9.192885e-04 
213 5326 1.235763e-01 0 0 3.566604e-03 7.076833e-03 3.097249e-03 1.634866e-03 1.501646e-03 5.000291e-03 1.123926e-02 2.432043e-03 7.746556e-04 
214 5351 1.156316e-01 0 0 3.224919e-03 6.517535e-03 2.904277e-03 1.492208e-03 1.371349e-03 4.637487e-03 1.052831e-02 2.213216e-03 7.230483e-04 
215 5376 9.892034e-02 0 0 2.652772e-03 5.432889e-03 2.511763e-03 1.237191e-03 1.154722e-03 3.865748e-03 8.743481e-03 1.815317e-03 6.019940e-04 
216 5401 1.016128e-01 0 0 2.802418e-03 5.730684e-03 2.527435e-03 1.266799e-03 1.174438e-03 4.000978e-03 8.792035e-03 1.847528e-03 5.947459e-04 
217 5426 9.816950e-02 0 0 2.668930e-03 5.323146e-03 2.373367e-03 1.254391e-03 1.093089e-03 3.894068e-03 8.381788e-03 1.811237e-03 5.794185e-04 
218 5451 1.031571e-01 0 0 2.770941e-03 5.639112e-03 2.599471e-03 1.380016e-03 1.126467e-03 4.113491e-03 8.667622e-03 1.894726e-03 6.192766e-04 
219 5476 9.837624e-02 0 0 2.656882e-03 5.213800e-03 2.598963e-03 1.295671e-03 1.041597e-03 4.100732e-03 8.020104e-03 1.819241e-03 5.963034e-04 
220 5501 9.883862e-02 0 0 2.635544e-03 5.322727e-03 2.528722e-03 1.311742e-03 1.033562e-03 4.014312e-03 7.750763e-03 1.764372e-03 6.000589e-04 
221 5526 1.046832e-01 0 0 2.838301e-03 5.769040e-03 2.619004e-03 1.417951e-03 1.095161e-03 4.189756e-03 8.321992e-03 1.913371e-03 6.467487e-04 
222 5551 1.110760e-01 0 0 3.070186e-03 6.409819e-03 2.720817e-03 1.558857e-03 1.143840e-03 4.408752e-03 8.769283e-03 2.093082e-03 7.002286e-04 
223 5576 1.176605e-01 0 0 3.373433e-03 6.608885e-03 2.981883e-03 1.718684e-03 1.198962e-03 4.627499e-03 9.005346e-03 2.405226e-03 7.354423e-04 
224 5601 1.271494e-01 0 0 3.935000e-03 7.091137e-03 3.330022e-03 1.984799e-03 1.398771e-03 4.951466e-03 9.839889e-03 2.826797e-03 7.756734e-04 
225 5626 1.336711e-01 0 0 4.367353e-03 7.443818e-03 3.505172e-03 2.161027e-03 1.508136e-03 5.353662e-03 1.013140e-02 3.185525e-03 8.161978e-04 
226 5651 1.349089e-01 0 0 4.545619e-03 7.333401e-03 3.496306e-03 2.195848e-03 1.535587e-03 5.314310e-03 1.054923e-02 3.349677e-03 7.978567e-04 
227 5676 1.331124e-01 0 0 4.579801e-03 7.162275e-03 3.379194e-03 2.102877e-03 1.520866e-03 5.237203e-03 1.016075e-02 3.274223e-03 7.790395e-04 
228 5701 1.243816e-01 0 0 4.118211e-03 6.534842e-03 3.070047e-03 1.899543e-03 1.367982e-03 4.725685e-03 9.526952e-03 2.946075e-03 6.968899e-04 
229 5726 1.252345e-01 0 0 4.175869e-03 6.742298e-03 3.060082e-03 2.068102e-03 1.406057e-03 4.642339e-03 9.736773e-03 3.064020e-03 7.223121e-04 
230 5751 1.297694e-01 0 0 4.521982e-03 6.993320e-03 3.144901e-03 2.208199e-03 1.579549e-03 4.819748e-03 9.846542e-03 3.239715e-03 7.318539e-04 
231 5776 1.204286e-01 0 0 4.116102e-03 6.552022e-03 2.812262e-03 2.047956e-03 1.486584e-03 4.363617e-03 8.963340e-03 2.958161e-03 6.848721e-04 
232 5801 1.302835e-01 0 0 4.309914e-03 7.051858e-03 3.010862e-03 2.137232e-03 1.571015e-03 4.575586e-03 9.616577e-03 3.073048e-03 7.153604e-04 
233 5826 1.388789e-01 0 0 4.430351e-03 7.594089e-03 3.214047e-03 2.217435e-03 1.648616e-03 4.776015e-03 1.029314e-02 3.172938e-03 7.615917e-04 
234 5851 1.575719e-01 0 0 4.943337e-03 9.467447e-03 3.589576e-03 2.495038e-03 1.848720e-03 5.313423e-03 1.187845e-02 3.571849e-03 8.521496e-04 
235 5876 1.463018e-01 0 0 4.585542e-03 8.795280e-03 3.288882e-03 2.221228e-03 1.743775e-03 4.939459e-03 1.094528e-02 3.273403e-03 7.802784e-04 
236 5901 1.417916e-01 0 0 4.329357e-03 9.038647e-03 3.108639e-03 2.173738e-03 1.659141e-03 4.685161e-03 1.053405e-02 3.067797e-03 7.370234e-04 
237 5926 1.332140e-01 0 0 4.129797e-03 8.240783e-03 3.075098e-03 2.033552e-03 1.503302e-03 4.703800e-03 9.984920e-03 2.890232e-03 7.008922e-04 
238 5951 1.293225e-01 0 0 3.986218e-03 8.436059e-03 2.995399e-03 1.976478e-03 1.484365e-03 4.726000e-03 9.604092e-03 2.811572e-03 6.876840e-04 
239 5976 1.315719e-01 0 0 4.034730e-03 8.645083e-03 3.214629e-03 2.011000e-03 1.534326e-03 5.003349e-03 9.497882e-03 2.777767e-03 7.190216e-04 
240 6001 1.281918e-01 0 0 3.862711e-03 8.283137e-03 3.063440e-03 1.958105e-03 1.500133e-03 4.759355e-03 8.992310e-03 2.652936e-03 6.800436e-04 
241 6026 1.405413e-01 0 0 4.160170e-03 9.038882e-03 3.391925e-03 2.075756e-03 1.622408e-03 5.399427e-03 9.861948e-03 2.834378e-03 7.613605e-04 
242 6051 1.455957e-01 0 0 4.252953e-03 9.077818e-03 3.459759e-03 2.129367e-03 1.629026e-03 5.794460e-03 1.018044e-02 2.946375e-03 7.825295e-04 
243 6076 1.333221e-01 0 0 3.849910e-03 8.274314e-03 3.102423e-03 1.867155e-03 1.473814e-03 5.279177e-03 9.099183e-03 2.616516e-03 7.203224e-04 
244 6101 1.283994e-01 0 0 3.621531e-03 8.243514e-03 2.942060e-03 1.777777e-03 1.409965e-03 4.995373e-03 8.845343e-03 2.503348e-03 6.690087e-04 
245 6126 1.294489e-01 0 0 3.552529e-03 8.330510e-03 2.965707e-03 1.845821e-03 1.385573e-03 5.105979e-03 8.878564e-03 2.516188e-03 6.600127e-04 
246 6151 1.374802e-01 0 0 3.690419e-03 9.146197e-03 3.011157e-03 1.998486e-03 1.462920e-03 5.502147e-03 9.211700e-03 2.626726e-03 7.076771e-04 
247 6176 1.435106e-01 0 0 3.708481e-03 9.699646e-03 3.099748e-03 2.177088e-03 1.541553e-03 5.761921e-03 1.009844e-02 2.734704e-03 7.518292e-04 
248 6201 1.330576e-01 0 0 3.317046e-03 9.233540e-03 2.915567e-03 2.053090e-03 1.383995e-03 5.178206e-03 9.273273e-03 2.512749e-03 6.734114e-04 
249 6226 1.129240e-01 0 0 2.764259e-03 7.648540e-03 2.414483e-03 1.758592e-03 1.179671e-03 4.281500e-03 7.706261e-03 2.159782e-03 5.685422e-04 
250 6251 1.078456e-01 0 0 2.616597e-03 7.113874e-03 2.364009e-03 1.662785e-03 1.144325e-03 4.053284e-03 7.452683e-03 2.048690e-03 5.390884e-04 
251 6276 9.412221e-02 0 0 2.211252e-03 6.249908e-03 1.997896e-03 1.395758e-03 9.892550e-04 3.478224e-03 6.312593e-03 1.709977e-03 4.702791e-04 
252 6301 9.504445e-02 0 0 2.221137e-03 6.254341e-03 2.045897e-03 1.414345e-03 1.000252e-03 3.630935e-03 6.402745e-03 1.714860e-03 4.842261e-04 
253 6326 1.027830e-01 0 0 2.328596e-03 6.638286e-03 2.199594e-03 1.524648e-03 1.108611e-03 4.181500e-03 6.628917e-03 1.799438e-03 5.444884e-04 
254 6351 1.191524e-01 0 0 2.768601e-03 7.926840e-03 2.564965e-03 1.781676e-03 1.285928e-03 4.810121e-03 7.590298e-03 2.161403e-03 6.652025e-04 
255 6376 1.268609e-01 0 0 2.935378e-03 8.271218e-03 2.784576e-03 2.007207e-03 1.342017e-03 4.993375e-03 8.741046e-03 2.463248e-03 7.086811e-04 
256 6401 1.226861e-01 0 0 2.840053e-03 7.851547e-03 2.732581e-03 1.898719e-03 1.297735e-03 4.693367e-03 8.139948e-03 2.375830e-03 6.641583e-04 
257 6426 1.298783e-01 0 0 2.949623e-03 8.590208e-03 2.772186e-03 2.163044e-03 1.364678e-03 4.792841e-03 9.051132e-03 2.524930e-03 6.882867e-04 
258 6451 1.227507e-01 0 0 2.868204e-03 7.950698e-03 2.662033e-03 2.051819e-03 1.292397e-03 4.530174e-03 8.627937e-03 2.455441e-03 6.376114e-04 
259 6476 1.213089e-01 0 0 2.883435e-03 7.893961e-03 2.663572e-03 2.015600e-03 1.274926e-03 4.333861e-03 8.674110e-03 2.401546e-03 6.306546e-04 
260 6501 1.080611e-01 0 0 2.509002e-03 7.070544e-03 2.462615e-03 1.767892e-03 1.118665e-03 3.779466e-03 7.668924e-03 2.071658e-03 5.406968e-04 
261 6526 1.040656e-01 0 0 2.382977e-03 6.804066e-03 2.311900e-03 1.690675e-03 1.058769e-03 3.639757e-03 7.159409e-03 1.945321e-03 5.145233e-04 
262 6551 9.512190e-02 0 0 2.154960e-03 6.199617e-03 2.131145e-03 1.515533e-03 9.296651e-04 3.323834e-03 6.464767e-03 1.745484e-03 4.534658e-04 
263 6576 8.790562e-02 0 0 1.971591e-03 5.663216e-03 2.063589e-03 1.459053e-03 8.439666e-04 3.104400e-03 5.920456e-03 1.632049e-03 4.184775e-04 
264 6601 8.920587e-02 0 0 1.968240e-03 5.924875e-03 2.160940e-03 1.461883e-03 8.331990e-04 3.213369e-03 6.003609e-03 1.614499e-03 4.236282e-04 
265 6626 7.823330e-02 0 0 1.685287e-03 5.052198e-03 1.850339e-03 1.241087e-03 7.094213e-04 2.715788e-03 5.320413e-03 1.375292e-03 3.586952e-04 
266 6651 8.311281e-02 0 0 1.746142e-03 5.389793e-03 1.994825e-03 1.368015e-03 7.346697e-04 2.856875e-03 5.578747e-03 1.460861e-03 3.657791e-04 
267 6676 8.994866e-02 0 0 1.897712e-03 5.818096e-03 2.195368e-03 1.468050e-03 7.915731e-04 3.078333e-03 5.972577e-03 1.624280e-03 3.971507e-04 
268 6701 9.562186e-02 0 0 1.990358e-03 6.029511e-03 2.283335e-03 1.531139e-03 8.340725e-04 3.138917e-03 6.457356e-03 1.719743e-03 4.101327e-04 
269 6726 9.547940e-02 0 0 1.973222e-03 6.095694e-03 2.254835e-03 1.495497e-03 8.423182e-04 3.131173e-03 6.165810e-03 1.660385e-03 4.000808e-04 
270 6751 1.019248e-01 0 0 2.122766e-03 6.399726e-03 2.377364e-03 1.594271e-03 8.761686e-04 3.336392e-03 6.369146e-03 1.818026e-03 4.145688e-04 
271 6776 9.739419e-02 0 0 2.094073e-03 6.250001e-03 2.348604e-03 1.500783e-03 8.622005e-04 3.210373e-03 5.942973e-03 1.775289e-03 3.817801e-04 
272 6801 9.132511e-02 0 0 1.908094e-03 5.674030e-03 2.222099e-03 1.357047e-03 8.035723e-04 3.015437e-03 5.733380e-03 1.636774e-03 3.619524e-04 
273 6826 8.678721e-02 0 0 1.919738e-03 5.316111e-03 2.079128e-03 1.260958e-03 8.058263e-04 2.832871e-03 5.375956e-03 1.581535e-03 3.386072e-04 
274 6851 8.894308e-02 0 0 1.911551e-03 5.750976e-03 2.076436e-03 1.254917e-03 8.022895e-04 2.854347e-03 5.685635e-03 1.642319e-03 3.480313e-04 
275 6876 8.677269e-02 0 0 1.825022e-03 5.544295e-03 2.021629e-03 1.212311e-03 7.823680e-04 2.835436e-03 5.387611e-03 1.572707e-03 3.339733e-04 
276 6901 8.288712e-02 0 0 1.683090e-03 5.235434e-03 1.992026e-03 1.216105e-03 7.250857e-04 2.861981e-03 5.119525e-03 1.488192e-03 3.263375e-04 
277 6926 9.868750e-02 0 0 1.978720e-03 6.370780e-03 2.504327e-03 1.583338e-03 8.519984e-04 3.387070e-03 6.736728e-03 2.020661e-03 3.822347e-04 
278 6951 9.818975e-02 0 0 1.987860e-03 6.215246e-03 2.525307e-03 1.614130e-03 8.674780e-04 3.410260e-03 6.670413e-03 2.008020e-03 3.820867e-04 
279 6976 8.745701e-02 0 0 1.790433e-03 5.323470e-03 2.275770e-03 1.423312e-03 7.596612e-04 3.058200e-03 5.779341e-03 1.771239e-03 3.328801e-04 
280 7001 8.160200e-02 0 0 1.672523e-03 4.798086e-03 2.119058e-03 1.320547e-03 7.147893e-04 2.855739e-03 5.487299e-03 1.650929e-03 3.051683e-04 
281 7026 8.661332e-02 0 0 1.735378e-03 4.905445e-03 2.221823e-03 1.385521e-03 7.811902e-04 2.953751e-03 5.831577e-03 1.737780e-03 3.174482e-04 
282 7051 8.180877e-02 0 0 1.605867e-03 4.492841e-03 2.081009e-03 1.299127e-03 7.208162e-04 2.702625e-03 5.624187e-03 1.631565e-03 3.091565e-04 
283 7076 8.123584e-02 0 0 1.545117e-03 4.468878e-03 2.055440e-03 1.262047e-03 7.154957e-04 2.628206e-03 5.499696e-03 1.588393e-03 3.050181e-04 
284 7101 8.939656e-02 0 0 1.786235e-03 4.820697e-03 2.237814e-03 1.367277e-03 8.335228e-04 3.006537e-03 6.096643e-03 1.771816e-03 3.383985e-04 
285 7126 9.700432e-02 0 0 2.014267e-03 5.150174e-03 2.487638e-03 1.470338e-03 9.771267e-04 3.338021e-03 6.848964e-03 1.912505e-03 3.735889e-04 
286 7151 9.823331e-02 0 0 1.974130e-03 5.176798e-03 2.474808e-03 1.486081e-03 9.894116e-04 3.289561e-03 6.845279e-03 1.906456e-03 3.763155e-04 
287 7176 9.809204e-02 0 0 1.929080e-03 5.143495e-03 2.445836e-03 1.424582e-03 9.676785e-04 3.263553e-03 6.644192e-03 1.852614e-03 3.667335e-04 
288 7201 9.156367e-02 0 0 2.004508e-03 4.733650e-03 2.316089e-03 1.324321e-03 9.156683e-04 3.121756e-03 6.218695e-03 1.786485e-03 3.473473e-04 
289 7226 9.947602e-02 0 0 2.374594e-03 5.210387e-03 2.485191e-03 1.397099e-03 1.010930e-03 3.406273e-03 6.506766e-03 1.925327e-03 3.812878e-04 
290 7251 9.611913e-02 0 0 2.284768e-03 5.045822e-03 2.403448e-03 1.321862e-03 9.562493e-04 3.259656e-03 6.125422e-03 1.852531e-03 3.702393e-04 
291 7276 9.452317e-02 0 0 2.206989e-03 4.751473e-03 2.377635e-03 1.279767e-03 9.325110e-04 3.360436e-03 5.888685e-03 1.837267e-03 3.697617e-04 
292 7301 9.287054e-02 0 0 2.157447e-03 4.518311e-03 2.331253e-03 1.349669e-03 9.197545e-04 3.289496e-03 5.718948e-03 1.858955e-03 3.782787e-04 
293 7326 8.449322e-02 0 0 2.042497e-03 4.027081e-03 2.197873e-03 1.220246e-03 8.822431e-04 3.146607e-03 5.126340e-03 1.703320e-03 3.460237e-04 
294 7351 8.373106e-02 0 0 2.007959e-03 4.156751e-03 2.117993e-03 1.244174e-03 8.705449e-04 3.073125e-03 5.189180e-03 1.718428e-03 3.330715e-04 
295 7376 8.691464e-02 0 0 2.068056e-03 4.336341e-03 2.254711e-03 1.253494e-03 8.958655e-04 3.137736e-03 5.239953e-03 1.784962e-03 3.380458e-04 
296 7401 8.617089e-02 0 0 2.002394e-03 4.155270e-03 2.260190e-03 1.249907e-03 9.155872e-04 3.139657e-03 5.121270e-03 1.768545e-03 3.313317e-04 
297 7426 7.879729e-02 0 0 1.764952e-03 3.797879e-03 2.000798e-03 1.113858e-03 8.205129e-04 2.765123e-03 4.482378e-03 1.559824e-03 2.932017e-04 
298 7451 7.903939e-02 0 0 1.714853e-03 3.756489e-03 2.101158e-03 1.156049e-03 8.141811e-04 2.868597e-03 4.440078e-03 1.552911e-03 3.119859e-04 
299 7476 7.010152e-02 0 0 1.481938e-03 3.338604e-03 1.879826e-03 1.017822e-03 6.968747e-04 2.601218e-03 3.913242e-03 1.366710e-03 2.789399e-04 
300 7501 6.476692e-02 0 0 1.342075e-03 3.043084e-03 1.727961e-03 9.240470e-04 6.429551e-04 2.339628e-03 3.529979e-03 1.222777e-03 2.485291e-04 
301 7526 6.220954e-02 0 0 1.334184e-03 2.837904e-03 1.600280e-03 8.557804e-04 6.282949e-04 2.173555e-03 3.276490e-03 1.142294e-03 2.297886e-04 
302 7551 6.483127e-02 0 0 1.376390e-03 3.132361e-03 1.676828e-03 8.704101e-04 6.741066e-04 2.226521e-03 3.416888e-03 1.183848e-03 2.412566e-04 
303 7576 6.088057e-02 0 0 1.255488e-03 2.855204e-03 1.640553e-03 8.066175e-04 6.350456e-04 2.126195e-03 3.195380e-03 1.089449e-03 2.299634e-04 
304 7601 5.743117e-02 0 0 1.147351e-03 2.640466e-03 1.564477e-03 7.664245e-04 5.911810e-04 2.000814e-03 3.043819e-03 1.026775e-03 2.170055e-04 
305 7626 5.234584e-02 0 0 1.054745e-03 2.339983e-03 1.445875e-03 6.936701e-04 5.362078e-04 1.811963e-03 2.737564e-03 9.239422e-04 1.938820e-04 
306 7651 6.167884e-02 0 0 1.408442e-03 2.682803e-03 1.914764e-03 8.432965e-04 7.263217e-04 2.239965e-03 3.579316e-03 1.068590e-03 2.433376e-04 
307 7676 7.282780e-02 0 0 1.703944e-03 3.074161e-03 2.466395e-03 9.917714e-04 8.991480e-04 2.691040e-03 4.451572e-03 1.243340e-03 2.844688e-04 
308 7701 6.986755e-02 0 0 1.590343e-03 2.983790e-03 2.354765e-03 9.270889e-04 8.643879e-04 2.574765e-03 4.292748e-03 1.177296e-03 2.728072e-04 
309 7726 6.978726e-02 0 0 1.611728e-03 2.914825e-03 2.309993e-03 9.001093e-04 9.104387e-04 2.508667e-03 4.169468e-03 1.140168e-03 2.659370e-04 
310 7751 6.728293e-02 0 0 1.568991e-03 2.732532e-03 2.197065e-03 8.503277e-04 8.979960e-04 2.380781e-03 3.907244e-03 1.068770e-03 2.539692e-04 
311 7776 6.334378e-02 0 0 1.480296e-03 2.490301e-03 2.095751e-03 7.746488e-04 8.443420e-04 2.300187e-03 3.598654e-03 9.714094e-04 2.404064e-04 
312 7801 6.302591e-02 0 0 1.479051e-03 2.423573e-03 2.104079e-03 7.524252e-04 8.372078e-04 2.386798e-03 3.602068e-03 9.404079e-04 2.490482e-04 
313 7826 6.104014e-02 0 0 1.405017e-03 2.320682e-03 1.986040e-03 7.438156e-04 8.052895e-04 2.306533e-03 3.437103e-03 9.249045e-04 2.341686e-04 
314 7851 6.602231e-02 0 0 1.505437e-03 2.508992e-03 2.257616e-03 7.841048e-04 8.438078e-04 2.692408e-03 3.678138e-03 9.738398e-04 2.572054e-04 
315 7876 6.057145e-02 0 0 1.361008e-03 2.257514e-03 2.064096e-03 7.142090e-04 7.662706e-04 2.506625e-03 3.313778e-03 8.606081e-04 2.381912e-04 
316 7901 5.719474e-02 0 0 1.276598e-03 2.044001e-03 1.945876e-03 6.921568e-04 7.117841e-04 2.359982e-03 3.141279e-03 8.145727e-04 2.261015e-04 
317 7926 4.982010e-02 0 0 1.096649e-03 1.744494e-03 1.669582e-03 5.973847e-04 6.154687e-04 1.988934e-03 2.741583e-03 7.084738e-04 1.921622e-04 
318 7951 4.340454e-02 0 0 9.444026e-04 1.568338e-03 1.430331e-03 5.355943e-04 5.600575e-04 1.691298e-03 2.353070e-03 6.303739e-04 1.702266e-04 
319 7976 4.260244e-02 0 0 9.668377e-04 1.544122e-03 1.419951e-03 5.226037e-04 5.993207e-04 1.606806e-03 2.312423e-03 6.079307e-04 1.635862e-04 
320 8001 4.230652e-02 0 0 9.491147e-04 1.509792e-03 1.387582e-03 5.148719e-04 5.785414e-04 1.577011e-03 2.272003e-03 5.883999e-04 1.588852e-04 
321 8026 4.269816e-02 0 0 9.574141e-04 1.546282e-03 1.436847e-03 5.646284e-04 6.177266e-04 1.571638e-03 2.426255e-03 6.243930e-04 1.601195e-04 
322 8051 4.492326e-02 0 0 1.006309e-03 1.667508e-03 1.488758e-03 5.914259e-04 6.431274e-04 1.625814e-03 2.496724e-03 6.419256e-04 1.668819e-04 
323 8076 4.224083e-02 0 0 9.646224e-04 1.569942e-03 1.375593e-03 5.555567e-04 5.990208e-04 1.507077e-03 2.293584e-03 6.002246e-04 1.515765e-04 
324 8101 3.836296e-02 0 0 8.699404e-04 1.428546e-03 1.252190e-03 5.100554e-04 5.417270e-04 1.352223e-03 2.049535e-03 5.457675e-04 1.378314e-04 
325 8126 3.653361e-02 0 0 8.236094e-04 1.350249e-03 1.202842e-03 4.774099e-04 5.163645e-04 1.305787e-03 1.975787e-03 5.177429e-04 1.336363e-04 
326 8151 3.827633e-02 0 0 8.712880e-04 1.440913e-03 1.210110e-03 4.999865e-04 5.429870e-04 1.326835e-03 2.067592e-03 5.372620e-04 1.377126e-04 
327 8176 3.963130e-02 0 0 9.123567e-04 1.487563e-03 1.236774e-03 5.332225e-04 5.670086e-04 1.339104e-03 2.144875e-03 5.548569e-04 1.395112e-04 
328 8201 3.729601e-02 0 0 8.487784e-04 1.356184e-03 1.180684e-03 5.063916e-04 5.280496e-04 1.289713e-03 2.010700e-03 5.228058e-04 1.360427e-04 
329 8226 3.289333e-02 0 0 7.587173e-04 1.203120e-03 1.050823e-03 4.412137e-04 4.713183e-04 1.127936e-03 1.762897e-03 4.513214e-04 1.209983e-04 
330 8251 3.177652e-02 0 0 7.391919e-04 1.125002e-03 1.021701e-03 4.240591e-04 4.666650e-04 1.071737e-03 1.692506e-03 4.240809e-04 1.177967e-04 
331 8276 2.935251e-02 0 0 6.687601e-04 1.030978e-03 9.272554e-04 3.954452e-04 4.237200e-04 9.924161e-04 1.543477e-03 3.865473e-04 1.086796e-04 
332 8301 2.892623e-02 0 0 6.898507e-04 9.858162e-04 9.074709e-04 4.079339e-04 4.253455e-04 9.598330e-04 1.541973e-03 3.788562e-04 1.080583e-04 
333 8326 2.732539e-02 0 0 6.351130e-04 9.161274e-04 8.272458e-04 3.870960e-04 4.027238e-04 8.730386e-04 1.433589e-03 3.562164e-04 1.014583e-04 
334 8351 2.901585e-02 0 0 6.826651e-04 9.557458e-04 9.321315e-04 4.143623e-04 4.350049e-04 1.000614e-03 1.558082e-03 3.913395e-04 1.163186e-04 
335 8376 3.046340e-02 0 0 7.355997e-04 9.901517e-04 9.597356e-04 4.210968e-04 4.653313e-04 1.031108e-03 1.603645e-03 3.968058e-04 1.204147e-04 
336 8401 2.853528e-02 0 0 6.745575e-04 8.951858e-04 8.794473e-04 3.924863e-04 4.222342e-04 9.454373e-04 1.477133e-03 3.827812e-04 1.105855e-04 
337 8426 2.869382e-02 0 0 6.730120e-04 8.919367e-04 9.297991e-04 4.234988e-04 4.269492e-04 9.704352e-04 1.561001e-03 4.172241e-04 1.181054e-04 
338 8451 2.931928e-02 0 0 6.910453e-04 8.930804e-04 1.010977e-03 4.430296e-04 4.416207e-04 1.070095e-03 1.612606e-03 4.421741e-04 1.303755e-04 
339 8476 2.575175e-02 0 0 5.905757e-04 7.720434e-04 8.802635e-04 3.912656e-04 3.781410e-04 9.455841e-04 1.403828e-03 3.933400e-04 1.152789e-04 
340 8501 2.575245e-02 0 0 5.767495e-04 7.661348e-04 8.582359e-04 3.861204e-04 3.659220e-04 9.554669e-04 1.367208e-03 3.903400e-04 1.154361e-04 
341 8526 2.746719e-02 0 0 6.055752e-04 7.937607e-04 9.151945e-04 4.026194e-04 3.856253e-04 9.877083e-04 1.487070e-03 4.216496e-04 1.191980e-04 
342 8551 3.138034e-02 0 0 6.974088e-04 9.294936e-04 1.108728e-03 4.724747e-04 4.395431e-04 1.191271e-03 1.714062e-03 4.814665e-04 1.411111e-04 
343 8576 3.073975e-02 0 0 6.735634e-04 8.773467e-04 1.056307e-03 4.553694e-04 4.207373e-04 1.133195e-03 1.645791e-03 4.694786e-04 1.342357e-04 
344 8601 2.859693e-02 0 0 6.309969e-04 8.111562e-04 9.833723e-04 4.169811e-04 3.853341e-04 1.046727e-03 1.510888e-03 4.260302e-04 1.247242e-04 
345 8626 2.535075e-02 0 0 5.701992e-04 7.200012e-04 9.133871e-04 3.724137e-04 3.528024e-04 9.294119e-04 1.417161e-03 3.794766e-04 1.116921e-04 
346 8651 2.378527e-02 0 0 5.244844e-04 6.722507e-04 8.486196e-04 3.581862e-04 3.219853e-04 8.470796e-04 1.367155e-03 3.621850e-04 1.027937e-04 
347 8676 2.508485e-02 0 0 5.808466e-04 7.245696e-04 9.792381e-04 4.187658e-04 3.611145e-04 9.418024e-04 1.550870e-03 4.024125e-04 1.187015e-04 
348 8701 2.495122e-02 0 0 5.701467e-04 7.131508e-04 1.002488e-03 4.302280e-04 3.562063e-04 9.712337e-04 1.573605e-03 4.181255e-04 1.231252e-04 
349 8726 2.445814e-02 0 0 5.411848e-04 6.951187e-04 9.462694e-04 4.127799e-04 3.397746e-04 9.174668e-04 1.516933e-03 4.084204e-04 1.163850e-04 
350 8751 2.520443e-02 0 0 5.743124e-04 7.008372e-04 9.505283e-04 4.213466e-04 3.563421e-04 9.245692e-04 1.523922e-03 4.083827e-04 1.167460e-04 
351 8776 2.683611e-02 0 0 5.950582e-04 7.183503e-04 1.027167e-03 4.417261e-04 3.674416e-04 1.016361e-03 1.649493e-03 4.483041e-04 1.269407e-04 
352 8801 2.749933e-02 0 0 6.336265e-04 7.331591e-04 1.032059e-03 4.490135e-04 3.819099e-04 1.011565e-03 1.675479e-03 4.610068e-04 1.280592e-04 
353 8826 2.841102e-02 0 0 6.438342e-04 7.840199e-04 1.041494e-03 4.517192e-04 3.823146e-04 1.024957e-03 1.669336e-03 4.821599e-04 1.299622e-04 
354 8851 2.956721e-02 0 0 6.719062e-04 7.981354e-04 1.117194e-03 4.909378e-04 3.995678e-04 1.072632e-03 1.845896e-03 5.186226e-04 1.379444e-04 
355 8876 3.185563e-02 0 0 7.554573e-04 8.529983e-04 1.189247e-03 5.231784e-04 4.523682e-04 1.141657e-03 1.940613e-03 5.500170e-04 1.459159e-04 
356 8901 3.165617e-02 0 0 7.401520e-04 8.340713e-04 1.168201e-03 5.157587e-04 4.412491e-04 1.108369e-03 1.930846e-03 5.376550e-04 1.421939e-04 
357 8926 3.333991e-02 0 0 8.016299e-04 8.853844e-04 1.190015e-03 5.303075e-04 4.629970e-04 1.149199e-03 1.946494e-03 5.597617e-04 1.454305e-04 
358 8951 3.225771e-02 0 0 7.780577e-04 8.479442e-04 1.245079e-03 5.305987e-04 4.667031e-04 1.167647e-03 2.004915e-03 5.745862e-04 1.487965e-04 
359 8976 3.028215e-02 0 0 7.048108e-04 7.864229e-04 1.130375e-03 4.846068e-04 4.206297e-04 1.065549e-03 1.823178e-03 5.322807e-04 1.359095e-04 
360 9001 3.263803e-02 0 0 7.921936e-04 8.699184e-04 1.199217e-03 5.183201e-04 4.524687e-04 1.131773e-03 1.935510e-03 5.650001e-04 1.448478e-04 
361 9026 3.119072e-02 0 0 7.464478e-04 7.996176e-04 1.128920e-03 4.995243e-04 4.262349e-04 1.048301e-03 1.824043e-03 5.422513e-04 1.359376e-04 
362 9051 2.942736e-02 0 0 6.878296e-04 7.502370e-04 1.045910e-03 4.654113e-04 3.949156e-04 9.676754e-04 1.677573e-03 5.068541e-04 1.264644e-04 
363 9076 2.731063e-02 0 0 6.277712e-04 6.766779e-04 9.671615e-04 4.228823e-04 3.563028e-04 9.029690e-04 1.532198e-03 4.662114e-04 1.166280e-04 
364 9101 2.721588e-02 0 0 6.139147e-04 6.798760e-04 9.497358e-04 4.036140e-04 3.492758e-04 8.823592e-04 1.507616e-03 4.480823e-04 1.130275e-04 
365 9126 2.580678e-02 0 0 5.801018e-04 6.388728e-04 9.130354e-04 3.783765e-04 3.277963e-04 8.520629e-04 1.443848e-03 4.309917e-04 1.092948e-04 
366 9151 2.583959e-02 0 0 5.681151e-04 6.228261e-04 9.366508e-04 3.944006e-04 3.378837e-04 8.660208e-04 1.526543e-03 4.541572e-04 1.147735e-04 
367 9176 2.670137e-02 0 0 5.840231e-04 6.225149e-04 9.345516e-04 4.040279e-04 3.422011e-04 8.643068e-04 1.539819e-03 4.606193e-04 1.137182e-04 
368 9201 2.689110e-02 0 0 5.974941e-04 6.231469e-04 1.022063e-03 4.457178e-04 3.606928e-04 8.977913e-04 1.658352e-03 5.093940e-04 1.211970e-04 
369 9226 2.691642e-02 0 0 5.949037e-04 6.324868e-04 1.019533e-03 4.410786e-04 3.591623e-04 9.038018e-04 1.618177e-03 5.007642e-04 1.213937e-04 
370 9251 2.698489e-02 0 0 5.774471e-04 6.153395e-04 1.014642e-03 4.451181e-04 3.520683e-04 9.075252e-04 1.611638e-03 5.135166e-04 1.219714e-04 
371 9276 3.214558e-02 0 0 7.237015e-04 7.573274e-04 1.187516e-03 5.352868e-04 4.144551e-04 1.059704e-03 1.920978e-03 6.452346e-04 1.429276e-04 
372 9301 3.459968e-02 0 0 7.804399e-04 8.154654e-04 1.273147e-03 5.774785e-04 4.331812e-04 1.114451e-03 2.105694e-03 7.321725e-04 1.525726e-04 
373 9326 3.435725e-02 0 0 8.028262e-04 8.594034e-04 1.214174e-03 5.652597e-04 4.179311e-04 1.069199e-03 2.040040e-03 7.390700e-04 1.471361e-04 
374 9351 3.100280e-02 0 0 7.377386e-04 7.847102e-04 1.058924e-03 4.908735e-04 3.718748e-04 9.359515e-04 1.793546e-03 6.568777e-04 1.284156e-04 
375 9376 3.132498e-02 0 0 7.198333e-04 8.338796e-04 1.036268e-03 4.910025e-04 3.708589e-04 9.086344e-04 1.774021e-03 6.424236e-04 1.245602e-04 
376 9401 2.965174e-02 0 0 6.786479e-04 7.842825e-04 9.502433e-04 4.512611e-04 3.420427e-04 8.439833e-04 1.624614e-03 5.981426e-04 1.145317e-04 
377 9426 3.361919e-02 0 0 7.869304e-04 9.126169e-04 1.046918e-03 5.119505e-04 3.817294e-04 9.206944e-04 1.797051e-03 7.032994e-04 1.260713e-04 
378 9451 3.243248e-02 0 0 7.464365e-04 8.541629e-04 9.942044e-04 4.896825e-04 3.555167e-04 9.279855e-04 1.690756e-03 6.743917e-04 1.232547e-04 
379 9476 3.031970e-02 0 0 6.834913e-04 7.990705e-04 9.526988e-04 4.605924e-04 3.387604e-04 8.843055e-04 1.638061e-03 6.434707e-04 1.199998e-04 
380 9501 3.093707e-02 0 0 6.969631e-04 8.098430e-04 9.622265e-04 4.756693e-04 3.482527e-04 8.723702e-04 1.688759e-03 6.566746e-04 1.198595e-04 
381 9526 2.826735e-02 0 0 6.194400e-04 7.400280e-04 8.596485e-04 4.302362e-04 3.105630e-04 7.936952e-04 1.535395e-03 5.931537e-04 1.075853e-04 
382 9551 3.169034e-02 0 0 6.989752e-04 8.341223e-04 9.275299e-04 4.721241e-04 3.435207e-04 8.569707e-04 1.653998e-03 6.475961e-04 1.153400e-04 
383 9576 3.386860e-02 0 0 7.533825e-04 8.773287e-04 1.084667e-03 5.168613e-04 3.830534e-04 9.747178e-04 1.909909e-03 7.204611e-04 1.327990e-04 
384 9601 3.278939e-02 0 0 7.285610e-04 8.340571e-04 1.078790e-03 5.178056e-04 3.934214e-04 9.380085e-04 1.933207e-03 7.171524e-04 1.316049e-04 
385 9626 3.484285e-02 0 0 7.645303e-04 8.910816e-04 1.130100e-03 5.485232e-04 4.142910e-04 9.931076e-04 2.046840e-03 7.610638e-04 1.376170e-04 
386 9651 3.177864e-02 0 0 6.928714e-04 8.206410e-04 1.004122e-03 4.961634e-04 3.657472e-04 8.949228e-04 1.834307e-03 6.946415e-04 1.241589e-04 
387 9676 2.950165e-02 0 0 6.558472e-04 7.538077e-04 9.058818e-04 4.478352e-04 3.340022e-04 8.099510e-04 1.645649e-03 6.353649e-04 1.112438e-04 
388 9701 2.925125e-02 0 0 6.409983e-04 7.513844e-04 8.886558e-04 4.558999e-04 3.347949e-04 7.877669e-04 1.653113e-03 6.223808e-04 1.089252e-04 
389 9726 2.609360e-02 0 0 5.626626e-04 6.579687e-04 7.978442e-04 4.043883e-04 2.942584e-04 7.137954e-04 1.514248e-03 5.561261e-04 9.835547e-05 
390 9751 2.547763e-02 0 0 5.550438e-04 6.336455e-04 7.914723e-04 3.975293e-04 2.997829e-04 6.945203e-04 1.530277e-03 5.492298e-04 9.672778e-05 
391 9776 2.741123e-02 0 0 5.928583e-04 6.730936e-04 8.642321e-04 4.210508e-04 3.285674e-04 7.392206e-04 1.649012e-03 5.832726e-04 1.030913e-04 
392 9801 2.669541e-02 0 0 5.688837e-04 6.501411e-04 8.362655e-04 3.942436e-04 3.175649e-04 7.182902e-04 1.588873e-03 5.456695e-04 9.870405e-05 
393 9826 3.666615e-02 0 0 8.076482e-04 8.872977e-04 1.173875e-03 5.493186e-04 4.516243e-04 9.746410e-04 2.222305e-03 7.467218e-04 1.355791e-04 
394 9851 3.838677e-02 0 0 8.485057e-04 9.474038e-04 1.193865e-03 5.692825e-04 4.819527e-04 9.778930e-04 2.307861e-03 7.536120e-04 1.363131e-04 
395 9876 3.653101e-02 0 0 8.004143e-04 8.942470e-04 1.106890e-03 5.284848e-04 4.521854e-04 9.075608e-04 2.125108e-03 6.970795e-04 1.262572e-04 
396 9901 3.574946e-02 0 0 7.791076e-04 8.941871e-04 1.060364e-03 4.997349e-04 4.351460e-04 8.937050e-04 2.040118e-03 6.652228e-04 1.228880e-04 
397 9926 3.431087e-02 0 0 7.601284e-04 9.010949e-04 9.758569e-04 4.623228e-04 4.122668e-04 8.789478e-04 1.877479e-03 6.230188e-04 1.156646e-04 
398 9951 3.334896e-02 0 0 7.525671e-04 8.625060e-04 9.365766e-04 4.375798e-04 4.046624e-04 8.742321e-04 1.805277e-03 5.911653e-04 1.115397e-04 
399 9976 3.285821e-02 0 0 7.455564e-04 8.663744e-04 9.053063e-04 4.217608e-04 3.996244e-04 8.603812e-04 1.752037e-03 5.645264e-04 1.081593e-04 
400 10001 3.847737e-02 0 0 8.544669e-04 1.069452e-03 1.116974e-03 4.908566e-04 4.560665e-04 1.084762e-03 2.054832e-03 6.743493e-04 1.356893e-04 
401 10026 3.839608e-02 0 0 8.382252e-04 1.048737e-03 1.088003e-03 4.801911e-04 4.515718e-04 1.038575e-03 2.000367e-03 6.601134e-04 1.311340e-04 
402 10051 3.851189e-02 0 0 8.570686e-04 1.052158e-03 1.062115e-03 4.704108e-04 4.487648e-04 1.026807e-03 1.960771e-03 6.481184e-04 1.304579e-04 
403 10076 4.057612e-02 0 0 8.804629e-04 1.138763e-03 1.115137e-03 5.112319e-04 4.717442e-04 1.080804e-03 2.072785e-03 6.879751e-04 1.359620e-04 
404 10101 4.326693e-02 0 0 9.182776e-04 1.304125e-03 1.190321e-03 5.520680e-04 4.934754e-04 1.138636e-03 2.223839e-03 7.365198e-04 1.462988e-04 
405 10126 3.725140e-02 0 0 7.780850e-04 1.154490e-03 1.071345e-03 4.725534e-04 4.116759e-04 1.034177e-03 1.961157e-03 6.718496e-04 1.352377e-04 
406 10151 3.490448e-02 0 0 7.086977e-04 1.083150e-03 9.760434e-04 4.379734e-04 3.818577e-04 9.368472e-04 1.825135e-03 6.175952e-04 1.226384e-04 
407 10176 3.109940e-02 0 0 6.124718e-04 9.313024e-04 8.616353e-04 3.799054e-04 3.358346e-04 8.095970e-04 1.617278e-03 5.350190e-04 1.066140e-04 
408 10201 2.874380e-02 0 0 5.415431e-04 8.332927e-04 7.703371e-04 3.424948e-04 2.986063e-04 7.270239e-04 1.447084e-03 4.770155e-04 9.521804e-05 
409 10226 3.083949e-02 0 0 6.166259e-04 9.196263e-04 8.601144e-04 3.839282e-04 3.465290e-04 7.565979e-04 1.619322e-03 5.042230e-04 1.014724e-04 
410 10251 3.175402e-02 0 0 6.413672e-04 9.449290e-04 8.950048e-04 4.072548e-04 3.642347e-04 7.531227e-04 1.685244e-03 5.098987e-04 1.024523e-04 
411 10276 3.173548e-02 0 0 6.325180e-04 9.321097e-04 9.501207e-04 4.130002e-04 3.695733e-04 8.477924e-04 1.772212e-03 5.183766e-04 1.114843e-04 
412 10301 2.741230e-02 0 0 5.348976e-04 8.044505e-04 8.064298e-04 3.555130e-04 3.100307e-04 7.271984e-04 1.493055e-03 4.450309e-04 9.523517e-05 
413 10326 3.009846e-02 0 0 5.774364e-04 9.064664e-04 9.016856e-04 4.069642e-04 3.414961e-04 8.093436e-04 1.670631e-03 4.886593e-04 1.050076e-04 
414 10351 3.159475e-02 0 0 5.929880e-04 9.565002e-04 9.423908e-04 4.223223e-04 3.620165e-04 8.220594e-04 1.760711e-03 5.097816e-04 1.078690e-04 
415 10376 3.231870e-02 0 0 5.875773e-04 9.358627e-04 9.273195e-04 4.185943e-04 3.625520e-04 8.094841e-04 1.761372e-03 5.040561e-04 1.056754e-04 
416 10401 3.202813e-02 0 0 5.654147e-04 9.178931e-04 9.038138e-04 4.062962e-04 3.441393e-04 7.982664e-04 1.698891e-03 4.943456e-04 1.039775e-04 
417 10426 3.617681e-02 0 0 7.044865e-04 1.079837e-03 1.006290e-03 4.502746e-04 3.986641e-04 8.855451e-04 1.895533e-03 5.529544e-04 1.146631e-04 
418 10451 4.340402e-02 0 0 9.293817e-04 1.291958e-03 1.184388e-03 5.478443e-04 5.036405e-04 1.039448e-03 2.255637e-03 6.543348e-04 1.349286e-04 
419 10476 3.968379e-02 0 0 8.656712e-04 1.206290e-03 1.123686e-03 5.204411e-04 4.726920e-04 9.478290e-04 2.121795e-03 6.093298e-04 1.257843e-04 
420 10501 4.183080e-02 0 0 9.787797e-04 1.295639e-03 1.275465e-03 5.832960e-04 5.505016e-04 1.000436e-03 2.450283e-03 6.647642e-04 1.406955e-04 
421 10526 3.968677e-02 0 0 9.205284e-04 1.224362e-03 1.218215e-03 5.611806e-04 5.284285e-04 9.411447e-04 2.394757e-03 6.365256e-04 1.346573e-04 
422 10551 3.830011e-02 0 0 8.679142e-04 1.171266e-03 1.155885e-03 5.277170e-04 4.956045e-04 9.111645e-04 2.268114e-03 6.037059e-04 1.294158e-04 
423 10576 3.486776e-02 0 0 7.667626e-04 1.027688e-03 1.042462e-03 4.736785e-04 4.370886e-04 8.401706e-04 2.021202e-03 5.454844e-04 1.181120e-04 
424 10601 3.373207e-02 0 0 7.309833e-04 9.699906e-04 9.790144e-04 4.484704e-04 4.131639e-04 7.869162e-04 1.944872e-03 5.157662e-04 1.110026e-04 
425 10626 3.715855e-02 0 0 8.425590e-04 1.150333e-03 1.044815e-03 5.112663e-04 4.651441e-04 8.755914e-04 2.116564e-03 5.567419e-04 1.197179e-04 
426 10651 3.733411e-02 0 0 8.371868e-04 1.149417e-03 1.042668e-03 5.357289e-04 4.681966e-04 8.665688e-04 2.138163e-03 5.661210e-04 1.185601e-04 
427 10676 3.733911e-02 0 0 8.257567e-04 1.121084e-03 1.016819e-03 5.199434e-04 4.574645e-04 8.634639e-04 2.063678e-03 5.477536e-04 1.151860e-04 
428 10701 4.005339e-02 0 0 8.636820e-04 1.222694e-03 1.083776e-03 5.496762e-04 4.780099e-04 9.175248e-04 2.130557e-03 5.677271e-04 1.212247e-04 
429 10726 4.189824e-02 0 0 8.994595e-04 1.270751e-03 1.087787e-03 5.788158e-04 4.974958e-04 9.390284e-04 2.182107e-03 5.915976e-04 1.218324e-04 
430 10751 4.935186e-02 0 0 1.057785e-03 1.599565e-03 1.288141e-03 6.852132e-04 5.692974e-04 1.125750e-03 2.592236e-03 6.977140e-04 1.477717e-04 
431 10776 5.066425e-02 0 0 1.069865e-03 1.624320e-03 1.314388e-03 6.922054e-04 5.802520e-04 1.116035e-03 2.689146e-03 7.237895e-04 1.492429e-04 
432 10801 4.459438e-02 0 0 9.187450e-04 1.432648e-03 1.134771e-03 6.078349e-04 5.033057e-04 9.548474e-04 2.357876e-03 6.206976e-04 1.280351e-04 
433 10826 4.332035e-02 0 0 8.909994e-04 1.382638e-03 1.087668e-03 5.882886e-04 4.834998e-04 9.234777e-04 2.251561e-03 6.066949e-04 1.233456e-04 
434 10851 4.603987e-02 0 0 9.477290e-04 1.451596e-03 1.151777e-03 6.228689e-04 5.145357e-04 9.836205e-04 2.385280e-03 6.281816e-04 1.299524e-04 
435 10876 4.774886e-02 0 0 9.605642e-04 1.485170e-03 1.203934e-03 6.674567e-04 5.205848e-04 1.031868e-03 2.449597e-03 6.630068e-04 1.369667e-04 
436 10901 4.754008e-02 0 0 9.535412e-04 1.477563e-03 1.217371e-03 6.488610e-04 5.177437e-04 1.072040e-03 2.493453e-03 6.845038e-04 1.426726e-04 
437 10926 4.601564e-02 0 0 9.252195e-04 1.430392e-03 1.133031e-03 6.130649e-04 4.993519e-04 1.002948e-03 2.344416e-03 6.411125e-04 1.325502e-04 
438 10951 4.620713e-02 0 0 9.057705e-04 1.421942e-03 1.200694e-03 6.396793e-04 4.983064e-04 1.042148e-03 2.410194e-03 6.750276e-04 1.385020e-04 
439 10976 5.227817e-02 0 0 9.987447e-04 1.597405e-03 1.489116e-03 7.759467e-04 5.603533e-04 1.327124e-03 2.828985e-03 8.192311e-04 1.759733e-04 
440 11001 5.117056e-02 0 0 9.849116e-04 1.585383e-03 1.437339e-03 7.587839e-04 5.509135e-04 1.269813e-03 2.741480e-03 7.867339e-04 1.681577e-04 
441 11026 5.738605e-02 0 0 1.104739e-03 1.738379e-03 1.571582e-03 8.363365e-04 6.096057e-04 1.374572e-03 3.022205e-03 8.978593e-04 1.828957e-04 
442 11051 5.770196e-02 0 0 1.093181e-03 1.761534e-03 1.613506e-03 8.546645e-04 6.133838e-04 1.379987e-03 3.077496e-03 9.150244e-04 1.840497e-04 
443 11076 5.502750e-02 0 0 1.024396e-03 1.864220e-03 1.527635e-03 8.164162e-04 5.751388e-04 1.303353e-03 2.916870e-03 8.967953e-04 1.758733e-04 
444 11101 5.640736e-02 0 0 1.071879e-03 1.860094e-03 1.579890e-03 8.427559e-04 6.029465e-04 1.328713e-03 3.007527e-03 9.369010e-04 1.813163e-04 
445 11126 5.768851e-02 0 0 1.110343e-03 1.907958e-03 1.600178e-03 9.001233e-04 6.256057e-04 1.345925e-03 3.098526e-03 9.777805e-04 1.831034e-04 
446 11151 5.713219e-02 0 0 1.138239e-03 1.930322e-03 1.572895e-03 8.834529e-04 6.205643e-04 1.331888e-03 3.019267e-03 9.459976e-04 1.794938e-04 
447 11176 6.146702e-02 0 0 1.244180e-03 2.045029e-03 1.700134e-03 9.663455e-04 6.933544e-04 1.404809e-03 3.371558e-03 1.085095e-03 1.940132e-04 
448 11201 6.408065e-02 0 0 1.271544e-03 2.150991e-03 1.772302e-03 9.789742e-04 7.029739e-04 1.550048e-03 3.451555e-03 1.117300e-03 2.058755e-04 
449 11226 6.840098e-02 0 0 1.307043e-03 2.266953e-03 1.874042e-03 1.045780e-03 7.490434e-04 1.622496e-03 3.794988e-03 1.214939e-03 2.200019e-04 
450 11251 8.349615e-02 0 0 1.704300e-03 2.792750e-03 2.407571e-03 1.302321e-03 9.732486e-04 1.991507e-03 5.058580e-03 1.551236e-03 2.778468e-04 
451 11276 7.452165e-02 0 0 1.500577e-03 2.617347e-03 2.081989e-03 1.136218e-03 8.380509e-04 1.717000e-03 4.359601e-03 1.343905e-03 2.400139e-04 
452 11301 7.744661e-02 0 0 1.508925e-03 2.678420e-03 2.189922e-03 1.189877e-03 8.701965e-04 1.811288e-03 4.548620e-03 1.400144e-03 2.570235e-04 
453 11326 7.515974e-02 0 0 1.542240e-03 2.722250e-03 2.049023e-03 1.117625e-03 8.284821e-04 1.726944e-03 4.278580e-03 1.347867e-03 2.438650e-04 
454 11351 7.048638e-02 0 0 1.415604e-03 2.507760e-03 1.912097e-03 1.033971e-03 7.521464e-04 1.657079e-03 3.959330e-03 1.278180e-03 2.332288e-04 
455 11376 7.203058e-02 0 0 1.440038e-03 2.485633e-03 1.988099e-03 1.068652e-03 7.449125e-04 1.779550e-03 3.988576e-03 1.341554e-03 2.477053e-04 
456 11401 6.798494e-02 0 0 1.319580e-03 2.351701e-03 1.946097e-03 1.082127e-03 7.227122e-04 1.703583e-03 4.043208e-03 1.342740e-03 2.415496e-04 
457 11426 6.771043e-02 0 0 1.335587e-03 2.364639e-03 1.984876e-03 1.081380e-03 7.149773e-04 1.812129e-03 3.984305e-03 1.307506e-03 2.459295e-04 
458 11451 7.731919e-02 0 0 1.493056e-03 2.730229e-03 2.299379e-03 1.276766e-03 7.953756e-04 2.108354e-03 4.578282e-03 1.489470e-03 2.815299e-04 
459 11476 8.416092e-02 0 0 1.640674e-03 2.984065e-03 2.499288e-03 1.460733e-03 9.208861e-04 2.226207e-03 5.148899e-03 1.634587e-03 2.983836e-04 
460 11501 9.347778e-02 0 0 1.811079e-03 3.319861e-03 2.707718e-03 1.598468e-03 1.020018e-03 2.433825e-03 5.627929e-03 1.763810e-03 3.237877e-04 
461 11526 9.859935e-02 0 0 1.928106e-03 3.582235e-03 2.811611e-03 1.702198e-03 1.077240e-03 2.484807e-03 5.809174e-03 1.829290e-03 3.318555e-04 
462 11551 9.710606e-02 0 0 1.958687e-03 3.437645e-03 2.741847e-03 1.621433e-03 1.051550e-03 2.390543e-03 5.565944e-03 1.768862e-03 3.190134e-04 
463 11576 9.162282e-02 0 0 1.910605e-03 3.182250e-03 2.502618e-03 1.478805e-03 9.820600e-04 2.171621e-03 5.017127e-03 1.623897e-03 2.897230e-04 
464 11601 8.589991e-02 0 0 1.774811e-03 3.029494e-03 2.294911e-03 1.366918e-03 9.001034e-04 1.969229e-03 4.611851e-03 1.502301e-03 2.644357e-04 
465 11626 8.351396e-02 0 0 1.692493e-03 2.966865e-03 2.180142e-03 1.302746e-03 8.609602e-04 1.863572e-03 4.340638e-03 1.418745e-03 2.506724e-04 
466 11651 7.651663e-02 0 0 1.543903e-03 2.763848e-03 1.976934e-03 1.168985e-03 7.865527e-04 1.716015e-03 3.919437e-03 1.265353e-03 2.267414e-04 
467 11676 8.428554e-02 0 0 1.708714e-03 3.077997e-03 2.296910e-03 1.266254e-03 9.334747e-04 1.897035e-03 4.605964e-03 1.396715e-03 2.561185e-04 
468 11701 8.676357e-02 0 0 1.769379e-03 3.116270e-03 2.293421e-03 1.278772e-03 9.731333e-04 1.953818e-03 4.653633e-03 1.396920e-03 2.584141e-04 
469 11726 8.235772e-02 0 0 1.664303e-03 2.932742e-03 2.146884e-03 1.199141e-03 9.098449e-04 1.903661e-03 4.331456e-03 1.309328e-03 2.505521e-04 
470 11751 8.112305e-02 0 0 1.663155e-03 2.864443e-03 2.056055e-03 1.166058e-03 8.951774e-04 1.821328e-03 4.231738e-03 1.302527e-03 2.420066e-04 
471 11776 8.841522e-02 0 0 1.786393e-03 3.046033e-03 2.157326e-03 1.245857e-03 9.695221e-04 1.953573e-03 4.547261e-03 1.374570e-03 2.593041e-04 
472 11801 9.967714e-02 0 0 2.062988e-03 3.818532e-03 2.368869e-03 1.425221e-03 1.095148e-03 2.159133e-03 5.004055e-03 1.501916e-03 2.853185e-04 
473 11826 1.066597e-01 0 0 2.203810e-03 4.001312e-03 2.493180e-03 1.498565e-03 1.170289e-03 2.212334e-03 5.383040e-03 1.638224e-03 2.961420e-04 
474 11851 8.901363e-02 0 0 1.808615e-03 3.215310e-03 2.036989e-03 1.227329e-03 9.587658e-04 1.884646e-03 4.412980e-03 1.373130e-03 2.515879e-04 
475 11876 9.384857e-02 0 0 1.893310e-03 3.354757e-03 2.079894e-03 1.278937e-03 1.006854e-03 1.946204e-03 4.562604e-03 1.457210e-03 2.571727e-04 
476 11901 1.015220e-01 0 0 2.037212e-03 3.483535e-03 2.214995e-03 1.346592e-03 1.081785e-03 2.134791e-03 4.773293e-03 1.544631e-03 2.751095e-04 
477 11926 1.015518e-01 0 0 1.968342e-03 3.544067e-03 2.213458e-03 1.380791e-03 1.057642e-03 2.159291e-03 4.751754e-03 1.514912e-03 2.769376e-04 
478 11951 9.856773e-02 0 0 1.916669e-03 3.437347e-03 2.107621e-03 1.337144e-03 1.008131e-03 2.077154e-03 4.517840e-03 1.482070e-03 2.668744e-04 
479 11976 1.037851e-01 0 0 2.062721e-03 3.701311e-03 2.263440e-03 1.399372e-03 1.083723e-03 2.143465e-03 4.763031e-03 1.514045e-03 2.797137e-04 
480 12001 1.030799e-01 0 0 2.000827e-03 3.696633e-03 2.201812e-03 1.425701e-03 1.042413e-03 2.120682e-03 4.632254e-03 1.494423e-03 2.767744e-04 
481 12026 1.057393e-01 0 0 2.151412e-03 4.090232e-03 2.391848e-03 1.547639e-03 1.123283e-03 2.190028e-03 5.063706e-03 1.535734e-03 2.909897e-04 
482 12051 1.113606e-01 0 0 2.333556e-03 4.327995e-03 2.531532e-03 1.638645e-03 1.195380e-03 2.394137e-03 5.262311e-03 1.585550e-03 3.138468e-04 
483 12076 1.018997e-01 0 0 2.165583e-03 4.036929e-03 2.287896e-03 1.502491e-03 1.091984e-03 2.146795e-03 4.767995e-03 1.446767e-03 2.830290e-04 
484 12101 1.178922e-01 0 0 2.770980e-03 4.608008e-03 2.626482e-03 1.680083e-03 1.402037e-03 2.505516e-03 5.482904e-03 1.676329e-03 3.257904e-04 
485 12126 1.112811e-01 0 0 2.550248e-03 4.268985e-03 2.494621e-03 1.560948e-03 1.294385e-03 2.401001e-03 5.166575e-03 1.570355e-03 3.131069e-04 
486 12151 1.075242e-01 0 0 2.534473e-03 4.306973e-03 2.411992e-03 1.565254e-03 1.268864e-03 2.374528e-03 5.042934e-03 1.544921e-03 3.085793e-04 
487 12176 1.119993e-01 0 0 2.615640e-03 4.685546e-03 2.607818e-03 1.705944e-03 1.312644e-03 2.516994e-03 5.323251e-03 1.624363e-03 3.291186e-04 
488 12201 1.172871e-01 0 0 2.706773e-03 4.991560e-03 2.695387e-03 1.821539e-03 1.342510e-03 2.601154e-03 5.513809e-03 1.678613e-03 3.372248e-04 
489 12226 1.151963e-01 0 0 2.643752e-03 4.927126e-03 2.592523e-03 1.779117e-03 1.305737e-03 2.507547e-03 5.305696e-03 1.610852e-03 3.229303e-04 
490 12251 1.029680e-01 0 0 2.324050e-03 4.319859e-03 2.283434e-03 1.559587e-03 1.152026e-03 2.209966e-03 4.586728e-03 1.394299e-03 2.829994e-04 
491 12276 9.656655e-02 0 0 2.164648e-03 4.090340e-03 2.087078e-03 1.418360e-03 1.049759e-03 2.063676e-03 4.152251e-03 1.282189e-03 2.603684e-04 
492 12301 9.890060e-02 0 0 2.135188e-03 4.115561e-03 2.092945e-03 1.429374e-03 1.054225e-03 2.062078e-03 4.202179e-03 1.286838e-03 2.620569e-04 
493 12326 1.023251e-01 0 0 2.193160e-03 4.149137e-03 2.133774e-03 1.465644e-03 1.110943e-03 2.080007e-03 4.390691e-03 1.327739e-03 2.653234e-04 
494 12351 1.049483e-01 0 0 2.330693e-03 4.358909e-03 2.150871e-03 1.476739e-03 1.179154e-03 2.085379e-03 4.504770e-03 1.310492e-03 2.655680e-04 
495 12376 9.218338e-02 0 0 2.048128e-03 3.944801e-03 1.886210e-03 1.343728e-03 1.030536e-03 1.805980e-03 3.979362e-03 1.144015e-03 2.327838e-04 
496 12401 7.806247e-02 0 0 1.737983e-03 3.252412e-03 1.589100e-03 1.118241e-03 8.708207e-04 1.587470e-03 3.318613e-03 9.845350e-04 2.056783e-04 
497 12426 7.285023e-02 0 0 1.613513e-03 2.945771e-03 1.459071e-03 1.008373e-03 8.052274e-04 1.443526e-03 3.049451e-03 8.885507e-04 1.851832e-04 
498 12451 7.884152e-02 0 0 1.797190e-03 3.203248e-03 1.557108e-03 1.097880e-03 8.866271e-04 1.558523e-03 3.285479e-03 9.584791e-04 1.979944e-04 
499 12476 7.380758e-02 0 0 1.723725e-03 3.078192e-03 1.472653e-03 1.033711e-03 8.466764e-04 1.426951e-03 3.103172e-03 8.775380e-04 1.810445e-04 
500 12501 6.933298e-02 0 0 1.657775e-03 2.907011e-03 1.353315e-03 9.718924e-04 8.029607e-04 1.334066e-03 2.865942e-03 8.301087e-04 1.690283e-04 
501 12526 7.036856e-02 0 0 1.699864e-03 3.026977e-03 1.325078e-03 9.939061e-04 8.203532e-04 1.345367e-03 2.881121e-03 8.617175e-04 1.711869e-04 
502 12551 6.656414e-02 0 0 1.623965e-03 2.840063e-03 1.267662e-03 9.424999e-04 7.744579e-04 1.327304e-03 2.658158e-03 8.306209e-04 1.652687e-04 
503 12576 5.747783e-02 0 0 1.374814e-03 2.446374e-03 1.074266e-03 8.006332e-04 6.500447e-04 1.109470e-03 2.258579e-03 7.063990e-04 1.386825e-04 
504 12601 5.467217e-02 0 0 1.289882e-03 2.361529e-03 1.020221e-03 7.714018e-04 6.055703e-04 1.053069e-03 2.142460e-03 6.827944e-04 1.342584e-04 
505 12626 5.767306e-02 0 0 1.368442e-03 2.518266e-03 1.058707e-03 7.897836e-04 6.348451e-04 1.098279e-03 2.189760e-03 6.980421e-04 1.382633e-04 
506 12651 5.664622e-02 0 0 1.298292e-03 2.422350e-03 1.032447e-03 7.566337e-04 6.123196e-04 1.076388e-03 2.116749e-03 6.678803e-04 1.339700e-04 
507 12676 6.010097e-02 0 0 1.399425e-03 2.618326e-03 1.138757e-03 8.184252e-04 6.590504e-04 1.241890e-03 2.281047e-03 7.249507e-04 1.545737e-04 
508 12701 6.297772e-02 0 0 1.461895e-03 2.704627e-03 1.246739e-03 8.813169e-04 6.822856e-04 1.325201e-03 2.394885e-03 7.615676e-04 1.671734e-04 
509 12726 5.706757e-02 0 0 1.317773e-03 2.438600e-03 1.119844e-03 7.746254e-04 6.090052e-04 1.167469e-03 2.129718e-03 6.675967e-04 1.462387e-04 
510 12751 5.356404e-02 0 0 1.230384e-03 2.210231e-03 1.028360e-03 7.249784e-04 5.617659e-04 1.106973e-03 1.953140e-03 6.500117e-04 1.398535e-04 
511 12776 5.098881e-02 0 0 1.122353e-03 2.020163e-03 9.801329e-04 6.988231e-04 5.176935e-04 1.047703e-03 1.842675e-03 6.214859e-04 1.336041e-04 
512 12801 4.623413e-02 0 0 9.854659e-04 1.818802e-03 8.663629e-04 6.224185e-04 4.540846e-04 9.331525e-04 1.631667e-03 5.573698e-04 1.184839e-04 
513 12826 4.110596e-02 0 0 9.009180e-04 1.613399e-03 7.496040e-04 5.359351e-04 4.041996e-04 8.135173e-04 1.402528e-03 4.923475e-04 1.026510e-04 
514 12851 3.857709e-02 0 0 8.171748e-04 1.503794e-03 6.834610e-04 5.108991e-04 3.698134e-04 7.494501e-04 1.290874e-03 4.540729e-04 9.454374e-05 
515 12876 3.715562e-02 0 0 7.681637e-04 1.467045e-03 6.524331e-04 4.907437e-04 3.449944e-04 7.165918e-04 1.220611e-03 4.302668e-04 8.992545e-05 
516 12901 4.168124e-02 0 0 8.792421e-04 1.634698e-03 7.009045e-04 5.346803e-04 4.042185e-04 8.204652e-04 1.328904e-03 4.724170e-04 9.994323e-05 
517 12926 3.709791e-02 0 0 7.536286e-04 1.433649e-03 6.055174e-04 4.766545e-04 3.529051e-04 7.209832e-04 1.153971e-03 4.091561e-04 8.696332e-05 
518 12951 3.881887e-02 0 0 7.764488e-04 1.510269e-03 7.045996e-04 5.008166e-04 3.597820e-04 8.213959e-04 1.230636e-03 4.169253e-04 9.487024e-05 
519 12976 3.580420e-02 0 0 7.083979e-04 1.378400e-03 6.347673e-04 4.509502e-04 3.255991e-04 7.466498e-04 1.105205e-03 3.831853e-04 8.669464e-05 
520 13001 3.657749e-02 0 0 7.054417e-04 1.372480e-03 6.553698e-04 4.836128e-04 3.310902e-04 7.778757e-04 1.169003e-03 4.209559e-04 9.098907e-05 
521 13026 4.069306e-02 0 0 7.791884e-04 1.484788e-03 7.532687e-04 5.488771e-04 3.644129e-04 8.904191e-04 1.354535e-03 5.013461e-04 1.078551e-04 
522 13051 4.461369e-02 0 0 8.821032e-04 1.804534e-03 8.600544e-04 6.530888e-04 4.048742e-04 9.687156e-04 1.600232e-03 5.605335e-04 1.191307e-04 
523 13076 4.591951e-02 0 0 8.891546e-04 1.824856e-03 9.144901e-04 6.669534e-04 4.147909e-04 9.978350e-04 1.672790e-03 5.752010e-04 1.233134e-04 
524 13101 5.225315e-02 0 0 9.684064e-04 2.072099e-03 1.034136e-03 7.487186e-04 4.574788e-04 1.130968e-03 1.885785e-03 6.420001e-04 1.387401e-04 
525 13126 4.861611e-02 0 0 8.719905e-04 1.887636e-03 9.517093e-04 7.061703e-04 4.111118e-04 1.050721e-03 1.741011e-03 6.135781e-04 1.301213e-04 
526 13151 4.257489e-02 0 0 7.539592e-04 1.637399e-03 8.225165e-04 6.073094e-04 3.472057e-04 9.088049e-04 1.489309e-03 5.346387e-04 1.141240e-04 
527 13176 4.021011e-02 0 0 7.206501e-04 1.513522e-03 7.559940e-04 5.482644e-04 3.314112e-04 8.458685e-04 1.361539e-03 4.909953e-04 1.059852e-04 
528 13201 3.688186e-02 0 0 6.488199e-04 1.380023e-03 6.803876e-04 5.103220e-04 2.968527e-04 7.539607e-04 1.235966e-03 4.475441e-04 9.483042e-05 
529 13226 3.152258e-02 0 0 5.393181e-04 1.148045e-03 5.680581e-04 4.264153e-04 2.438703e-04 6.298262e-04 1.032529e-03 3.783776e-04 8.020725e-05 
530 13251 3.490537e-02 0 0 6.022384e-04 1.291695e-03 6.428452e-04 4.791848e-04 2.698153e-04 6.891621e-04 1.167143e-03 4.052555e-04 8.839802e-05 
531 13276 3.358404e-02 0 0 5.752316e-04 1.220049e-03 6.239028e-04 4.501049e-04 2.583389e-04 6.580808e-04 1.113082e-03 3.849897e-04 8.455688e-05 
532 13301 3.378873e-02 0 0 5.829069e-04 1.199339e-03 6.081772e-04 4.372831e-04 2.560789e-04 6.508633e-04 1.087304e-03 3.816554e-04 8.274040e-05 
533 13326 3.274318e-02 0 0 5.510728e-04 1.194035e-03 5.772411e-04 4.383029e-04 2.419790e-04 6.331390e-04 1.049253e-03 3.717378e-04 8.035508e-05 
534 13351 3.291419e-02 0 0 5.382071e-04 1.177690e-03 5.786477e-04 4.312606e-04 2.362334e-04 6.243040e-04 1.055023e-03 3.716389e-04 7.990103e-05 
535 13376 3.666300e-02 0 0 5.996832e-04 1.391791e-03 6.413777e-04 4.876724e-04 2.642411e-04 6.759377e-04 1.165956e-03 4.002005e-04 8.610383e-05 
536 13401 3.453776e-02 0 0 5.575442e-04 1.335026e-03 6.144585e-04 4.667386e-04 2.464357e-04 6.380555e-04 1.103994e-03 3.700612e-04 8.077098e-05 
537 13426 3.744463e-02 0 0 5.816555e-04 1.446556e-03 6.523814e-04 5.080142e-04 2.576945e-04 6.749621e-04 1.183474e-03 3.932870e-04 8.554951e-05 
538 13451 4.286192e-02 0 0 6.703709e-04 1.598761e-03 7.472463e-04 5.875886e-04 2.910396e-04 7.650596e-04 1.338983e-03 4.642109e-04 9.887104e-05 
539 13476 4.798272e-02 0 0 7.788749e-04 1.853873e-03 8.290214e-04 6.652613e-04 3.409276e-04 8.515510e-04 1.476603e-03 5.085639e-04 1.101138e-04 
540 13501 4.617110e-02 0 0 7.364313e-04 1.707912e-03 7.623334e-04 6.215123e-04 3.253058e-04 7.929162e-04 1.359979e-03 4.820729e-04 1.025276e-04 
541 13526 4.077096e-02 0 0 6.456344e-04 1.530790e-03 6.900262e-04 5.548516e-04 2.846388e-04 6.948066e-04 1.218992e-03 4.187322e-04 9.075671e-05 
542 13551 4.116339e-02 0 0 6.305762e-04 1.525451e-03 6.665423e-04 5.412107e-04 2.781373e-04 6.760593e-04 1.194578e-03 4.060812e-04 8.792540e-05 
543 13576 4.139907e-02 0 0 6.132493e-04 1.484495e-03 6.457658e-04 5.235381e-04 2.718236e-04 6.563294e-04 1.158405e-03 3.948084e-04 8.537990e-05 
544 13601 4.231038e-02 0 0 6.349641e-04 1.473985e-03 6.698588e-04 5.177403e-04 2.821997e-04 6.581991e-04 1.174201e-03 3.928508e-04 8.567698e-05 
545 13626 3.971935e-02 0 0 5.901277e-04 1.370725e-03 6.217847e-04 4.809827e-04 2.611948e-04 6.061760e-04 1.112831e-03 3.663675e-04 7.959971e-05 
546 13651 3.544317e-02 0 0 5.380669e-04 1.249723e-03 5.519258e-04 4.293102e-04 2.344613e-04 5.401566e-04 9.848463e-04 3.299960e-04 7.074746e-05 
547 13676 3.195213e-02 0 0 4.688817e-04 1.109917e-03 4.861826e-04 3.799102e-04 2.057827e-04 4.828220e-04 8.795652e-04 2.964815e-04 6.361805e-05 
548 13701 2.738573e-02 0 0 4.061472e-04 9.296220e-04 4.117821e-04 3.156346e-04 1.783362e-04 4.125252e-04 7.326000e-04 2.497676e-04 5.448464e-05 
549 13726 2.705244e-02 0 0 3.924153e-04 8.892371e-04 3.981709e-04 3.063919e-04 1.697239e-04 4.051520e-04 7.181360e-04 2.548786e-04 5.346111e-05 
550 13751 2.450233e-02 0 0 3.463147e-04 7.953615e-04 3.611717e-04 2.732954e-04 1.502779e-04 3.680014e-04 6.486579e-04 2.264522e-04 4.867601e-05 
551 13776 2.442431e-02 0 0 3.344829e-04 7.653525e-04 3.513791e-04 2.684623e-04 1.469048e-04 3.659794e-04 6.267809e-04 2.282153e-04 4.822440e-05 
552 13801 2.138546e-02 0 0 2.891269e-04 6.719358e-04 3.243797e-04 2.398005e-04 1.276404e-04 3.336914e-04 5.618639e-04 2.032811e-04 4.411533e-05 
553 13826 2.027077e-02 0 0 2.685813e-04 6.185430e-04 3.010145e-04 2.216104e-04 1.178149e-04 3.089651e-04 5.244451e-04 1.932645e-04 4.155076e-05 
554 13851 1.887363e-02 0 0 2.417107e-04 5.614628e-04 2.822726e-04 2.062709e-04 1.089672e-04 2.855935e-04 5.013291e-04 1.831016e-04 3.845825e-05 
