%  columns="iteration, evaluation, fitness, void, void, xrecentbest" (startseed=209442, 2015/08/6 10:53:2.43)
1 11  4.099175242468532332e+01 0 0 2.642326e+00 1.405363e+00 1.209642e+00 -2.912077e+00 4.210265e+00 6.627492e-01 -1.330700e+01 3.724764e+00 -1.806519e+00 
2 21  1.317327525160476931e+01 0 0 5.862354e-01 7.670036e-01 1.023713e+00 1.440775e+00 -4.194121e+00 -3.456774e-01 -1.864763e+00 -2.336223e+00 -6.438636e+00 
3 31  1.436080749769538478e+01 0 0 5.253554e+00 2.609963e-01 2.533076e+00 -6.046471e-01 -9.561044e-01 -6.284898e+00 2.368552e+01 -3.684351e+00 -5.150552e+00 
4 41  3.269255598268022567e+01 0 0 -3.334486e+00 -4.651981e-01 2.054599e+00 2.010125e+00 2.363354e-01 3.515186e+00 1.016209e+01 1.212082e+01 7.232037e+00 
5 51  3.234686561287927020e+01 0 0 7.401697e+00 -8.507009e-01 1.856233e+00 3.953884e-01 1.928071e+00 8.863926e+00 -1.795971e+01 1.427251e+01 1.529994e+00 
6 61  1.051581442911987807e+01 0 0 6.901043e+00 6.856996e-01 7.445874e-01 4.809036e+00 3.687549e+00 1.175630e+01 1.264457e+01 2.141219e+01 6.202557e+00 
7 71  1.502704989570024452e+01 0 0 2.319489e+00 1.307402e+00 3.473520e-01 4.293021e+00 5.559564e+00 1.780176e+01 1.080997e+01 2.689084e+01 5.143314e+00 
8 81  1.282050255758309909e+01 0 0 3.541227e+00 9.497114e-01 -1.089162e-01 4.032765e+00 7.849583e+00 1.801068e+01 1.148675e+01 2.854293e+01 8.546682e+00 
9 91  2.213766615163376272e+01 0 0 3.234104e+00 1.701765e+00 1.421878e+00 4.507485e+00 4.714912e+00 6.575898e+00 1.143880e+01 1.884836e+01 8.303078e+00 
10 101  3.535476468083727752e+01 0 0 4.317165e+00 1.059980e+00 4.179836e-02 2.909346e+00 8.758354e+00 1.032252e+01 1.170123e+01 1.535851e+01 1.364866e+01 
11 111  1.445827438850827029e+01 0 0 7.911783e+00 2.165138e+00 1.241071e+00 1.151007e+00 6.535887e+00 3.922831e+00 2.688900e+00 6.657677e+00 7.318141e+00 
12 121  4.264941055272829118e+01 0 0 3.234350e+00 1.212325e+00 8.257305e-01 3.945884e+00 4.487179e+00 1.219417e+01 1.522063e+01 1.485223e+01 1.061412e+01 
13 131  2.525423709520347515e+01 0 0 5.972414e+00 8.410250e-01 1.065666e+00 3.881194e+00 6.064062e+00 3.427913e+00 1.288780e+01 2.254811e+01 1.183815e+01 
14 141  7.319007074054224127e+00 0 0 6.952766e+00 1.623109e+00 5.681962e-01 3.229631e+00 6.230228e+00 8.855793e+00 7.375910e+00 2.816865e+01 1.672324e+01 
15 151  1.010164270914561691e+01 0 0 6.694665e+00 2.326135e+00 5.382917e-01 6.042592e+00 4.228020e+00 4.338914e+00 6.833107e+00 5.194222e+00 2.063497e+01 
16 161  9.857990515611412263e+00 0 0 8.073204e+00 1.958240e+00 6.900583e-01 6.080590e+00 4.029950e+00 3.738089e+00 1.203231e+01 7.299329e+00 1.354274e+01 
17 171  9.531401474392321660e+00 0 0 7.697764e+00 2.635331e+00 2.255850e-01 2.047128e+00 4.662342e+00 6.757151e+00 1.314840e+01 1.824932e+01 1.394453e+01 
18 181  1.010927763411287472e+01 0 0 6.551820e+00 1.956724e+00 7.070773e-01 6.498449e+00 8.980602e+00 6.038504e-01 1.178722e+01 2.123450e+01 1.114806e+01 
19 191  5.132777504417695980e+00 0 0 5.282586e+00 1.688841e+00 1.009424e+00 4.261125e+00 1.000216e+01 6.594888e+00 2.915725e+00 2.141374e+01 1.147522e+01 
20 201  9.546131513528283818e+00 0 0 5.456884e+00 1.860043e+00 6.497898e-01 4.372774e+00 7.395423e+00 1.371723e+00 7.717248e+00 1.758503e+01 1.230147e+01 
21 211  1.117125919256714361e+01 0 0 7.426017e+00 2.089303e+00 -7.757369e-02 2.327231e+00 8.479765e+00 5.066661e+00 1.050294e+01 2.561677e+01 1.363697e+01 
22 221  1.051434581312198979e+01 0 0 8.377266e+00 2.262282e+00 -1.509515e-01 5.011134e+00 7.970249e+00 5.247876e+00 1.288796e+01 2.284021e+01 1.924961e+01 
23 231  1.293239091019852438e+01 0 0 3.751347e+00 2.935285e+00 6.891751e-01 6.213574e+00 5.498165e+00 8.252058e+00 9.635775e+00 1.623315e+01 1.266865e+01 
24 241  9.864207852739363958e+00 0 0 3.941723e+00 2.518186e+00 6.651760e-01 6.201712e+00 7.504644e+00 7.395564e+00 1.783472e+01 3.872335e+01 5.115401e+00 
25 251  8.042606137486419726e+00 0 0 3.707137e+00 2.583226e+00 7.998791e-01 5.746606e+00 8.350327e+00 6.884642e+00 9.467222e+00 3.007422e+01 6.920561e+00 
26 261  7.119932692780550632e+00 0 0 4.451481e+00 2.821048e+00 1.286074e+00 5.273118e+00 1.113802e+01 4.504653e+00 5.681142e+00 2.337190e+01 7.982796e+00 
27 271  6.787631891182675403e+00 0 0 3.510185e+00 2.308183e+00 1.243924e+00 4.208749e+00 9.128508e+00 2.819126e+00 6.169209e+00 2.586164e+01 7.397208e+00 
28 281  9.075709197463801559e+00 0 0 8.949157e+00 2.882282e+00 5.654644e-01 5.234140e+00 1.053344e+01 5.499918e+00 1.304912e+01 2.433131e+01 6.967343e+00 
29 291  9.557618916773700235e+00 0 0 8.872208e+00 3.046676e+00 6.862912e-01 6.057119e+00 1.226012e+01 2.312502e+00 1.490133e+01 2.738051e+01 7.860090e+00 
30 301  1.445946948540898802e+01 0 0 8.449775e+00 3.085315e+00 4.676351e-01 5.894444e+00 8.599076e+00 2.183472e+00 1.525574e+01 2.033916e+01 7.457885e+00 
31 311  1.507049857072110299e+01 0 0 8.225524e+00 2.959086e+00 6.311002e-01 6.151180e+00 1.233362e+01 3.549634e+00 1.519942e+01 2.721815e+01 9.044547e+00 
32 321  8.198647175646588181e+00 0 0 1.111606e+01 2.546564e+00 1.017535e+00 7.133006e+00 1.535174e+01 3.263714e+00 9.963216e+00 1.829404e+01 5.764663e+00 
33 331  6.909203980768110043e+00 0 0 9.675608e+00 2.848205e+00 1.518602e+00 6.938088e+00 1.602506e+01 7.180278e+00 6.413727e+00 2.218115e+01 5.641303e+00 
34 341  5.235374188182777111e+00 0 0 8.796793e+00 2.447748e+00 2.090498e+00 1.060969e+01 2.099477e+01 8.782882e+00 3.454923e+00 2.194124e+01 6.519735e+00 
35 351  9.893804540431197836e+00 0 0 8.708547e+00 2.684883e+00 1.400811e+00 8.011058e+00 1.915913e+01 9.396103e+00 6.382498e+00 3.458272e+01 4.078812e+00 
36 361  2.106769714893105316e+01 0 0 1.000926e+01 2.322617e+00 1.395614e+00 5.317853e+00 1.200978e+01 4.911319e+00 1.159744e+01 2.968262e+01 1.198870e+01 
37 371  7.037871163808238961e+00 0 0 1.156659e+01 2.139638e+00 1.633470e+00 6.476770e+00 1.982405e+01 2.421567e+00 6.604532e+00 2.882478e+01 8.520013e+00 
38 381  6.467034459663136836e+00 0 0 1.112217e+01 2.408933e+00 1.480365e+00 4.624028e+00 1.911522e+01 6.231425e+00 4.214650e+00 2.965600e+01 7.863195e+00 
39 391  7.244890153978289504e+00 0 0 7.673524e+00 2.022029e+00 1.300125e+00 5.390107e+00 1.361213e+01 2.664629e+00 7.486869e+00 2.797918e+01 8.086530e+00 
40 401  6.058652517103851665e+00 0 0 6.233292e+00 2.241939e+00 1.384666e+00 5.877269e+00 1.320125e+01 7.216185e+00 4.806931e+00 2.626367e+01 6.003415e+00 
41 411  1.014074143621688329e+01 0 0 6.474395e+00 2.186043e+00 1.385673e+00 5.246482e+00 1.311461e+01 7.050434e+00 6.750158e+00 2.372487e+01 4.548094e+00 
42 421  1.119250251054107181e+01 0 0 6.734902e+00 2.686756e+00 1.168902e+00 5.157678e+00 1.153940e+01 7.456679e+00 1.156490e+01 3.258774e+01 5.190981e+00 
43 431  8.375143432989011316e+00 0 0 7.871716e+00 2.426294e+00 1.674007e+00 3.748622e+00 1.157484e+01 6.805274e+00 9.088628e+00 2.521423e+01 2.950307e+00 
44 441  1.336685279263305581e+01 0 0 6.592712e+00 1.908198e+00 1.509706e+00 3.060590e+00 1.113468e+01 5.302286e+00 8.661167e+00 2.818272e+01 3.963976e+00 
45 451  1.004424686703702818e+01 0 0 6.925257e+00 2.422643e+00 1.528779e+00 2.264854e+00 9.926227e+00 5.863973e+00 6.475495e+00 2.873860e+01 6.110512e+00 
46 461  6.976267985016525230e+00 0 0 5.475863e+00 2.510316e+00 1.784138e+00 3.381696e+00 9.300619e+00 4.762302e+00 6.691079e+00 1.711018e+01 3.330100e+00 
47 471  7.943610543981161953e+00 0 0 5.763209e+00 2.079321e+00 1.533698e+00 1.494570e+00 7.386746e+00 3.077689e+00 4.392112e+00 1.827142e+01 5.096623e+00 
48 481  2.234467141157696446e+01 0 0 5.606064e+00 1.889302e+00 1.264689e+00 2.637972e+00 7.032449e+00 2.398155e+00 1.054884e+01 9.626215e+00 4.597098e+00 
49 491  1.495131704911598369e+01 0 0 5.554108e+00 2.042267e+00 1.774532e+00 4.157307e+00 1.275303e+01 -8.424372e-01 1.001707e+01 1.315518e+01 7.213056e+00 
50 501  7.662861735268305274e+00 0 0 8.819029e+00 2.092772e+00 1.221121e+00 3.730677e+00 1.158953e+01 4.151268e+00 8.428906e+00 2.595275e+01 6.001062e+00 
51 511  8.604547606874497490e+00 0 0 8.799778e+00 2.452958e+00 1.158023e+00 4.970150e+00 1.204345e+01 5.414859e+00 1.125271e+01 2.132915e+01 3.571033e+00 
52 521  9.039734687049374884e+00 0 0 7.076420e+00 2.553315e+00 1.523826e+00 4.169666e+00 1.076386e+01 2.444100e-01 1.057299e+01 1.363759e+01 5.386546e+00 
53 531  8.179154657354493096e+00 0 0 4.710412e+00 2.441834e+00 1.179364e+00 3.270046e+00 8.274312e+00 1.916232e+00 9.478293e+00 1.123542e+01 2.614971e+00 
54 541  9.615063454365664342e+00 0 0 2.435115e+00 2.341190e+00 1.287077e+00 1.947056e+00 4.346067e+00 2.319556e+00 1.532614e+01 1.022146e+01 1.066299e+00 
55 551  1.236237664763401867e+01 0 0 5.686794e+00 2.871375e+00 1.304123e+00 2.879358e+00 9.667556e+00 1.676890e+00 1.797848e+01 1.412333e+01 1.477749e+00 
56 561  9.482875124403399525e+00 0 0 4.398490e+00 2.706789e+00 9.540043e-01 2.054321e+00 5.962427e+00 2.675600e+00 1.380147e+01 1.293753e+01 2.323593e+00 
57 571  9.359514349276645717e+00 0 0 3.392067e+00 2.780423e+00 8.786587e-01 3.434782e+00 7.850755e+00 2.056010e+00 9.454932e+00 1.953991e+01 4.205313e+00 
58 581  7.764737253176403620e+00 0 0 3.002228e+00 2.856635e+00 8.361993e-01 3.986635e+00 6.138102e+00 3.281456e+00 8.707609e+00 2.367885e+01 9.292771e+00 
59 591  8.223476221705594114e+00 0 0 2.166523e+00 3.108005e+00 6.381680e-01 3.041764e+00 4.492686e+00 3.753011e+00 1.000997e+01 2.455640e+01 8.934779e+00 
60 601  8.695378299712089643e+00 0 0 6.178021e+00 2.452043e+00 9.588324e-01 5.109410e+00 1.188997e+01 1.425717e+00 6.332634e+00 1.683734e+01 1.205796e+01 
61 611  7.993827624332171311e+00 0 0 7.148888e+00 2.334221e+00 9.103466e-01 4.960115e+00 9.948430e+00 6.371831e+00 7.522525e+00 1.709437e+01 6.889141e+00 
62 621  6.491270015010483618e+00 0 0 6.286625e+00 2.138432e+00 8.145285e-01 3.993192e+00 1.075940e+01 4.553712e+00 5.733517e+00 2.716676e+01 1.080826e+01 
63 631  7.726638249119048396e+00 0 0 7.431726e+00 1.736011e+00 8.913037e-01 5.649928e+00 1.179146e+01 3.840568e+00 5.996257e+00 2.421974e+01 1.018892e+01 
64 641  2.205216346394311699e+01 0 0 8.221635e+00 2.121374e+00 9.317977e-01 3.828960e+00 1.037410e+01 5.367336e+00 5.758383e+00 3.183411e+01 9.791834e+00 
65 651  7.987015724410121642e+00 0 0 7.606581e+00 1.765793e+00 1.057511e+00 4.068340e+00 9.175158e+00 6.649702e+00 8.035406e+00 2.354447e+01 5.425161e+00 
66 661  9.433591429047980981e+00 0 0 6.467373e+00 2.280677e+00 6.892870e-01 3.193435e+00 8.640523e+00 6.975150e+00 1.220484e+01 3.180706e+01 5.904464e+00 
67 671  7.563834836020828511e+00 0 0 7.897820e+00 2.324396e+00 9.179545e-01 3.785024e+00 1.028147e+01 8.849740e+00 8.201866e+00 3.029502e+01 6.506029e+00 
68 681  8.674405008700315278e+00 0 0 5.931020e+00 2.193919e+00 8.337510e-01 3.368680e+00 6.896538e+00 8.562864e+00 1.093531e+01 2.569334e+01 5.226591e+00 
69 691  1.041080260375324507e+01 0 0 6.929742e+00 2.382061e+00 9.749784e-01 3.353968e+00 9.110876e+00 6.661519e+00 8.579970e+00 2.462529e+01 4.572277e+00 
70 701  8.639642593587362640e+00 0 0 7.825246e+00 2.069500e+00 1.240311e+00 3.601045e+00 1.001613e+01 3.781831e+00 8.756576e+00 2.675931e+01 8.051527e+00 
71 711  8.295599945778118212e+00 0 0 8.295952e+00 1.888548e+00 1.196963e+00 3.726346e+00 8.982437e+00 5.170038e+00 7.901947e+00 2.350267e+01 6.589261e+00 
72 721  8.496378939067181335e+00 0 0 8.409704e+00 1.940978e+00 1.270214e+00 4.573611e+00 9.846297e+00 4.572893e+00 7.621719e+00 2.270319e+01 7.093974e+00 
73 731  7.049232435612328374e+00 0 0 6.555123e+00 1.601738e+00 1.485566e+00 4.564002e+00 8.868469e+00 3.495111e+00 6.996123e+00 2.154020e+01 7.596780e+00 
74 741  7.410153813997570005e+00 0 0 9.374836e+00 1.976375e+00 1.351249e+00 5.485021e+00 1.111644e+01 3.282231e+00 7.856873e+00 1.850887e+01 7.936975e+00 
75 751  7.297730944173439482e+00 0 0 7.860335e+00 2.264303e+00 1.393803e+00 3.895045e+00 7.837881e+00 6.258415e+00 7.386694e+00 2.005915e+01 7.695471e+00 
76 761  7.524356682903004412e+00 0 0 6.462024e+00 1.968472e+00 1.568557e+00 3.422525e+00 7.113259e+00 3.246130e+00 7.883472e+00 1.943092e+01 7.773548e+00 
77 771  6.401154065997230802e+00 0 0 8.108318e+00 1.811691e+00 2.001732e+00 4.441425e+00 8.243240e+00 3.005537e+00 5.645863e+00 1.208292e+01 7.878791e+00 
78 781  6.133870318592060222e+00 0 0 9.560397e+00 1.938250e+00 1.748726e+00 4.944840e+00 1.000834e+01 5.003056e+00 5.295353e+00 1.692190e+01 8.688011e+00 
79 791  5.691579089298251404e+00 0 0 8.951894e+00 1.661985e+00 1.324653e+00 3.846402e+00 9.017948e+00 6.477015e+00 4.536141e+00 1.856205e+01 9.727771e+00 
80 801  5.943192044508506022e+00 0 0 9.607019e+00 1.776197e+00 1.171341e+00 3.986778e+00 9.853081e+00 6.407070e+00 4.753794e+00 2.083932e+01 1.093971e+01 
81 811  5.736737173956125702e+00 0 0 7.036784e+00 1.593329e+00 1.169134e+00 4.858014e+00 1.068441e+01 5.526968e+00 4.561821e+00 2.354526e+01 1.031527e+01 
82 821  5.386187371698598625e+00 0 0 8.437350e+00 1.694265e+00 1.409147e+00 4.332937e+00 1.014076e+01 6.212385e+00 3.633329e+00 1.628874e+01 8.087144e+00 
83 831  5.283666695815409931e+00 0 0 7.814094e+00 1.677074e+00 1.269861e+00 4.016358e+00 1.005934e+01 5.407526e+00 3.921759e+00 1.699189e+01 8.901565e+00 
84 841  5.063766490130627851e+00 0 0 9.326100e+00 1.416112e+00 1.003330e+00 4.507620e+00 1.183153e+01 8.254034e+00 3.403874e+00 2.074559e+01 9.398790e+00 
85 851  6.163375620689472534e+00 0 0 8.625178e+00 1.415698e+00 1.035576e+00 3.519098e+00 1.126760e+01 8.708096e+00 2.745830e+00 2.703287e+01 1.076743e+01 
86 861  5.189358580731707526e+00 0 0 9.158065e+00 1.207430e+00 6.486022e-01 2.969413e+00 1.217140e+01 1.137120e+01 3.081183e+00 3.221459e+01 1.005081e+01 
87 871  5.529128993361106303e+00 0 0 1.048053e+01 1.676471e+00 7.487515e-01 3.919922e+00 1.265035e+01 1.049794e+01 4.075794e+00 2.596686e+01 1.042439e+01 
88 881  8.798487593410836638e+00 0 0 1.028616e+01 1.700962e+00 4.238322e-01 2.461969e+00 1.245056e+01 1.246039e+01 6.126742e+00 3.590077e+01 9.705420e+00 
89 891  5.132188998891879628e+00 0 0 8.879510e+00 1.365623e+00 8.620977e-01 3.042085e+00 1.229647e+01 9.565564e+00 2.984894e+00 2.950533e+01 8.839888e+00 
90 901  5.346012095597881597e+00 0 0 6.684750e+00 1.404942e+00 1.040662e+00 2.282477e+00 8.182356e+00 7.206765e+00 3.712790e+00 2.177683e+01 7.764203e+00 
91 911  4.951134696661135592e+00 0 0 6.927287e+00 1.491062e+00 7.934560e-01 2.547515e+00 1.013575e+01 1.004903e+01 3.086333e+00 2.386828e+01 6.780713e+00 
92 921  5.156133325929928013e+00 0 0 7.669158e+00 1.495670e+00 9.376087e-01 2.512827e+00 9.237212e+00 9.171932e+00 3.589509e+00 2.091510e+01 6.866902e+00 
93 931  5.857864767305281717e+00 0 0 7.640661e+00 1.740178e+00 7.221247e-01 2.428497e+00 1.092147e+01 9.862228e+00 4.140382e+00 2.580925e+01 7.048104e+00 
94 941  5.466191766148231324e+00 0 0 8.253394e+00 1.691644e+00 6.023333e-01 2.458301e+00 1.015370e+01 1.149240e+01 3.957487e+00 2.311744e+01 7.293831e+00 
95 951  5.141203960810436513e+00 0 0 8.561549e+00 1.508429e+00 7.429539e-01 2.816671e+00 1.076052e+01 1.251168e+01 3.598282e+00 2.542155e+01 6.938398e+00 
96 961  5.367666671074776019e+00 0 0 9.338683e+00 1.585595e+00 8.264109e-01 3.047806e+00 1.125302e+01 1.042833e+01 3.096838e+00 2.027048e+01 8.801157e+00 
97 971  5.434139838413477364e+00 0 0 9.587724e+00 1.860506e+00 9.285777e-01 3.179077e+00 1.059857e+01 1.043276e+01 4.133070e+00 2.240923e+01 8.091386e+00 
98 981  5.112675464401339021e+00 0 0 9.912871e+00 1.653009e+00 9.576311e-01 3.219847e+00 1.162509e+01 9.501056e+00 3.442964e+00 2.011040e+01 7.600470e+00 
99 991  5.397570280989294922e+00 0 0 1.046645e+01 1.774476e+00 8.097582e-01 3.419534e+00 1.253075e+01 1.050119e+01 4.103709e+00 2.471253e+01 8.348035e+00 
100 1001  5.433793844131772133e+00 0 0 1.016275e+01 1.712217e+00 9.720834e-01 3.245200e+00 1.185615e+01 1.047007e+01 3.068329e+00 2.038296e+01 8.788215e+00 
101 1011  4.881642941252150258e+00 0 0 9.979395e+00 1.452052e+00 8.581143e-01 3.739408e+00 1.383871e+01 1.138256e+01 2.963852e+00 2.604181e+01 7.967682e+00 
102 1021  4.958686756165158194e+00 0 0 9.936574e+00 1.663176e+00 8.980851e-01 3.351611e+00 1.323061e+01 9.999062e+00 3.445544e+00 2.480930e+01 7.451643e+00 
103 1031  5.013838438008747289e+00 0 0 9.048272e+00 1.463943e+00 8.884348e-01 3.405603e+00 1.270290e+01 9.650223e+00 3.521060e+00 2.645364e+01 7.028699e+00 
104 1041  5.083399386620299332e+00 0 0 9.218884e+00 1.510091e+00 9.111254e-01 3.651473e+00 1.376765e+01 1.101329e+01 3.824053e+00 2.707744e+01 5.309171e+00 
105 1051  4.967504701087131380e+00 0 0 8.494348e+00 1.496470e+00 1.024184e+00 3.774001e+00 1.291895e+01 8.684185e+00 3.656467e+00 2.286296e+01 5.355063e+00 
106 1061  4.689597406215940900e+00 0 0 9.341362e+00 1.428254e+00 1.086895e+00 4.349161e+00 1.327323e+01 8.788342e+00 3.209108e+00 2.048190e+01 6.144840e+00 
107 1071  4.707629680888899770e+00 0 0 1.030351e+01 1.604957e+00 9.101827e-01 3.831036e+00 1.383847e+01 1.064870e+01 2.599177e+00 1.927069e+01 6.630958e+00 
108 1081  4.914466580269768237e+00 0 0 9.573359e+00 1.680210e+00 1.038673e+00 3.462240e+00 1.321605e+01 8.622722e+00 3.315978e+00 2.330109e+01 7.327533e+00 
109 1091  4.829814225021806351e+00 0 0 1.045389e+01 1.565894e+00 1.032379e+00 3.408319e+00 1.229426e+01 8.887372e+00 3.060417e+00 2.063891e+01 8.099735e+00 
110 1101  4.906133931553653404e+00 0 0 1.027841e+01 1.498775e+00 9.499920e-01 3.020806e+00 1.314050e+01 9.681884e+00 3.229932e+00 2.694896e+01 7.339307e+00 
111 1111  5.278147642334120704e+00 0 0 1.069995e+01 1.535076e+00 8.705012e-01 3.253809e+00 1.306489e+01 9.278333e+00 3.684510e+00 2.348672e+01 6.610192e+00 
112 1121  5.074001442095149805e+00 0 0 1.153298e+01 1.513345e+00 8.400543e-01 3.432734e+00 1.449992e+01 1.007104e+01 3.538490e+00 2.627102e+01 7.070667e+00 
113 1131  4.852971917809333569e+00 0 0 1.204044e+01 1.581302e+00 9.934000e-01 3.613931e+00 1.400426e+01 1.086610e+01 2.828435e+00 2.373696e+01 8.165510e+00 
114 1141  4.991396110689654719e+00 0 0 1.056769e+01 1.686911e+00 1.132849e+00 3.671227e+00 1.279387e+01 8.178395e+00 3.137136e+00 2.088522e+01 8.057767e+00 
115 1151  4.918641455609874313e+00 0 0 1.131370e+01 1.647854e+00 9.277860e-01 3.359175e+00 1.355085e+01 1.010000e+01 3.103765e+00 2.274269e+01 8.182957e+00 
116 1161  4.744453453431461298e+00 0 0 1.036429e+01 1.635240e+00 1.048631e+00 3.600090e+00 1.392271e+01 8.809075e+00 2.678275e+00 1.994583e+01 7.420614e+00 
117 1171  4.737209091686330531e+00 0 0 1.115720e+01 1.656285e+00 1.039312e+00 3.150365e+00 1.363323e+01 8.827800e+00 2.611051e+00 1.889748e+01 7.152486e+00 
118 1181  4.563136306772229922e+00 0 0 1.043689e+01 1.676858e+00 1.302549e+00 3.649116e+00 1.331736e+01 7.266749e+00 2.574623e+00 1.737349e+01 7.017465e+00 
119 1191  4.952648572084090262e+00 0 0 1.031617e+01 1.703277e+00 1.151884e+00 3.712645e+00 1.337519e+01 9.059893e+00 2.335961e+00 1.853641e+01 7.273270e+00 
120 1201  4.648697191072065138e+00 0 0 9.720323e+00 1.564877e+00 1.147992e+00 3.403279e+00 1.301714e+01 8.310872e+00 2.475012e+00 1.664658e+01 5.876971e+00 
121 1211  4.615300583657169220e+00 0 0 1.018141e+01 1.582009e+00 1.009636e+00 3.352481e+00 1.319992e+01 9.473841e+00 2.736568e+00 2.117108e+01 7.098290e+00 
122 1221  4.620027957277962116e+00 0 0 1.044456e+01 1.581780e+00 1.315344e+00 3.813022e+00 1.303756e+01 7.621384e+00 2.082906e+00 1.455653e+01 6.434313e+00 
123 1231  4.617426876479173714e+00 0 0 1.064954e+01 1.462979e+00 1.190834e+00 3.536567e+00 1.328268e+01 7.504325e+00 2.433925e+00 1.792776e+01 7.232768e+00 
124 1241  4.648648930587119921e+00 0 0 1.080938e+01 1.473509e+00 1.253986e+00 3.588550e+00 1.364185e+01 7.515034e+00 2.407818e+00 1.845062e+01 7.096019e+00 
125 1251  4.744997769437511614e+00 0 0 1.048711e+01 1.509805e+00 1.306819e+00 3.819763e+00 1.358892e+01 7.011249e+00 2.494861e+00 1.757952e+01 6.401205e+00 
126 1261  4.477901006261671313e+00 0 0 9.234812e+00 1.530026e+00 1.299741e+00 3.516068e+00 1.234525e+01 7.369693e+00 2.376059e+00 1.680632e+01 6.430464e+00 
127 1271  4.581409747330816629e+00 0 0 1.004020e+01 1.487217e+00 1.280087e+00 3.502859e+00 1.280438e+01 7.891422e+00 2.390083e+00 1.823490e+01 6.805867e+00 
128 1281  4.624644607273714847e+00 0 0 1.070259e+01 1.427907e+00 1.289441e+00 3.766296e+00 1.343323e+01 8.157808e+00 2.921516e+00 2.108881e+01 6.489209e+00 
129 1291  4.602458068542663483e+00 0 0 1.065136e+01 1.432245e+00 1.311460e+00 3.851195e+00 1.332353e+01 7.824804e+00 2.681350e+00 1.971772e+01 7.001031e+00 
130 1301  4.707523686878401392e+00 0 0 1.026016e+01 1.540412e+00 1.200207e+00 3.793264e+00 1.298210e+01 8.094001e+00 2.822403e+00 2.003242e+01 7.301873e+00 
131 1311  4.657983515835387500e+00 0 0 1.040020e+01 1.533707e+00 1.326813e+00 3.952273e+00 1.254862e+01 7.183037e+00 2.727368e+00 1.653603e+01 7.309549e+00 
132 1321  4.630067694532066902e+00 0 0 1.029004e+01 1.551120e+00 1.242889e+00 3.797111e+00 1.271044e+01 8.058960e+00 2.637626e+00 1.806352e+01 7.212264e+00 
133 1331  4.575108229564888163e+00 0 0 1.009129e+01 1.583315e+00 1.307868e+00 3.720418e+00 1.212590e+01 7.989338e+00 2.631328e+00 1.650861e+01 6.905827e+00 
134 1341  4.553275052349372132e+00 0 0 9.941281e+00 1.572368e+00 1.417947e+00 4.007578e+00 1.253537e+01 7.022706e+00 2.341738e+00 1.519968e+01 6.948899e+00 
135 1351  4.517008941576677650e+00 0 0 1.029938e+01 1.570963e+00 1.435144e+00 4.132168e+00 1.292656e+01 6.983585e+00 2.370205e+00 1.483912e+01 6.491162e+00 
136 1361  4.396594508454874983e+00 0 0 9.914206e+00 1.586291e+00 1.437476e+00 4.065455e+00 1.313619e+01 6.541539e+00 2.490926e+00 1.488414e+01 5.857184e+00 
137 1371  4.403447904810972702e+00 0 0 1.020248e+01 1.642897e+00 1.385262e+00 4.066433e+00 1.326702e+01 7.408052e+00 2.409760e+00 1.489545e+01 6.027766e+00 
138 1381  4.379735824201712369e+00 0 0 1.014726e+01 1.548527e+00 1.351443e+00 3.969282e+00 1.318814e+01 7.825277e+00 2.458714e+00 1.616588e+01 5.903100e+00 
139 1391  4.374508595325301563e+00 0 0 9.928033e+00 1.614758e+00 1.376009e+00 3.787415e+00 1.279685e+01 7.175294e+00 2.657858e+00 1.499104e+01 5.426713e+00 
140 1401  4.498812089538538395e+00 0 0 9.741809e+00 1.598785e+00 1.399522e+00 3.792356e+00 1.307580e+01 6.723227e+00 2.552632e+00 1.545831e+01 5.214257e+00 
141 1411  4.331125822204128006e+00 0 0 1.013332e+01 1.552475e+00 1.371969e+00 3.881809e+00 1.327567e+01 7.177175e+00 2.379644e+00 1.539884e+01 5.732949e+00 
142 1421  4.238065295708731917e+00 0 0 1.051477e+01 1.518609e+00 1.424610e+00 4.019287e+00 1.368623e+01 7.372749e+00 2.550480e+00 1.604312e+01 5.186085e+00 
143 1431  4.298070492234830731e+00 0 0 1.075765e+01 1.561077e+00 1.488367e+00 4.260433e+00 1.377124e+01 6.706721e+00 2.641888e+00 1.449442e+01 4.956186e+00 
144 1441  4.216335515883099738e+00 0 0 1.081641e+01 1.532249e+00 1.380246e+00 4.004645e+00 1.380295e+01 7.545482e+00 2.377778e+00 1.497353e+01 5.046169e+00 
145 1451  4.188516537846733279e+00 0 0 1.053657e+01 1.534307e+00 1.457472e+00 3.959437e+00 1.371699e+01 7.022506e+00 2.200623e+00 1.408596e+01 4.864115e+00 
146 1461  4.204094576957991158e+00 0 0 1.091529e+01 1.595029e+00 1.445182e+00 3.876677e+00 1.368803e+01 6.972761e+00 2.554274e+00 1.467051e+01 5.001333e+00 
147 1471  4.193978783751872719e+00 0 0 1.061854e+01 1.528603e+00 1.442034e+00 3.918872e+00 1.367939e+01 6.932704e+00 2.507318e+00 1.459175e+01 4.800086e+00 
148 1481  4.184479650523816652e+00 0 0 1.058373e+01 1.497340e+00 1.352840e+00 3.698915e+00 1.372671e+01 7.517763e+00 2.308142e+00 1.562330e+01 4.946563e+00 
149 1491  3.948595090275126118e+00 0 0 1.034871e+01 1.414062e+00 1.409015e+00 3.654883e+00 1.403407e+01 6.998771e+00 2.406811e+00 1.480465e+01 3.708694e+00 
150 1501  3.993988264537387867e+00 0 0 1.080883e+01 1.459875e+00 1.432122e+00 3.612421e+00 1.446577e+01 6.885938e+00 2.119719e+00 1.436525e+01 4.027376e+00 
151 1511  4.048620261983318258e+00 0 0 1.055152e+01 1.551274e+00 1.382490e+00 3.701836e+00 1.395797e+01 7.420840e+00 2.585453e+00 1.516519e+01 3.947643e+00 
152 1521  4.054266178100836449e+00 0 0 1.054940e+01 1.455832e+00 1.362010e+00 3.592954e+00 1.389283e+01 7.033045e+00 2.486994e+00 1.463730e+01 3.980505e+00 
153 1531  3.887096231871924434e+00 0 0 1.069652e+01 1.461308e+00 1.433136e+00 3.768311e+00 1.472800e+01 6.882866e+00 2.380490e+00 1.421453e+01 3.112906e+00 
154 1541  3.910302808935112839e+00 0 0 1.087843e+01 1.559753e+00 1.449194e+00 4.069739e+00 1.464682e+01 7.170122e+00 2.188860e+00 1.328449e+01 3.827196e+00 
155 1551  3.939422191276364060e+00 0 0 1.087961e+01 1.546203e+00 1.443042e+00 3.963230e+00 1.440591e+01 7.274036e+00 2.305817e+00 1.374123e+01 3.956122e+00 
156 1561  3.813574191082324205e+00 0 0 1.061223e+01 1.546285e+00 1.413941e+00 3.783461e+00 1.488735e+01 6.809324e+00 2.448693e+00 1.398147e+01 3.331846e+00 
157 1571  3.743717305008727347e+00 0 0 1.112993e+01 1.539011e+00 1.474097e+00 3.922123e+00 1.568340e+01 6.835884e+00 2.097584e+00 1.369783e+01 3.295148e+00 
158 1581  3.735539056558600191e+00 0 0 1.086605e+01 1.566903e+00 1.496063e+00 3.949037e+00 1.493558e+01 6.933453e+00 2.134470e+00 1.251032e+01 3.183906e+00 
159 1591  3.739070063868517035e+00 0 0 1.011957e+01 1.562075e+00 1.444783e+00 3.713768e+00 1.481856e+01 6.395563e+00 2.275023e+00 1.334395e+01 3.056688e+00 
160 1601  3.739041948044482311e+00 0 0 1.109764e+01 1.513672e+00 1.371408e+00 3.619271e+00 1.533591e+01 7.041337e+00 2.222139e+00 1.406261e+01 3.177735e+00 
161 1611  3.734807748830886176e+00 0 0 1.087950e+01 1.494313e+00 1.487933e+00 3.756466e+00 1.551076e+01 6.679504e+00 1.822657e+00 1.254182e+01 2.929800e+00 
162 1621  3.461509521077416274e+00 0 0 1.057710e+01 1.478935e+00 1.505995e+00 3.793365e+00 1.563568e+01 6.543531e+00 1.878735e+00 1.256556e+01 2.388684e+00 
163 1631  3.498262653268634725e+00 0 0 1.045795e+01 1.465986e+00 1.538054e+00 3.821101e+00 1.574833e+01 6.534642e+00 2.235857e+00 1.337642e+01 2.085888e+00 
164 1641  3.351720117080288386e+00 0 0 1.066833e+01 1.515120e+00 1.532523e+00 3.568707e+00 1.604852e+01 6.302907e+00 2.027956e+00 1.214406e+01 1.757797e+00 
165 1651  3.210142882009931586e+00 0 0 1.100153e+01 1.440482e+00 1.526503e+00 3.466963e+00 1.642293e+01 6.636451e+00 1.752943e+00 1.283682e+01 1.708469e+00 
166 1661  3.239764028751434211e+00 0 0 1.138771e+01 1.469039e+00 1.523097e+00 3.449462e+00 1.660590e+01 6.985825e+00 1.927298e+00 1.324601e+01 1.606890e+00 
167 1671  3.343023201535074040e+00 0 0 1.118780e+01 1.505527e+00 1.583683e+00 3.721885e+00 1.655526e+01 6.311032e+00 1.735684e+00 1.242312e+01 2.172559e+00 
168 1681  3.423946699238210378e+00 0 0 1.102763e+01 1.420315e+00 1.628057e+00 3.792561e+00 1.640502e+01 6.239297e+00 1.800318e+00 1.224930e+01 1.876156e+00 
169 1691  3.250440583667761896e+00 0 0 1.130891e+01 1.500773e+00 1.565114e+00 3.767564e+00 1.727697e+01 6.520105e+00 1.950050e+00 1.243909e+01 1.504074e+00 
170 1701  3.283391041759116558e+00 0 0 1.135626e+01 1.454702e+00 1.579328e+00 3.535724e+00 1.678480e+01 6.404035e+00 1.537645e+00 1.225810e+01 1.802660e+00 
171 1711  3.226950957833871314e+00 0 0 1.105217e+01 1.511283e+00 1.529407e+00 3.505342e+00 1.643992e+01 6.830079e+00 1.853708e+00 1.284091e+01 1.742590e+00 
172 1721  3.218566240612595664e+00 0 0 1.091218e+01 1.490326e+00 1.587702e+00 3.634475e+00 1.640043e+01 6.502569e+00 1.819383e+00 1.137171e+01 1.268321e+00 
173 1731  3.168699520740439812e+00 0 0 1.103683e+01 1.487148e+00 1.605081e+00 3.625585e+00 1.642626e+01 6.495385e+00 1.620143e+00 1.145975e+01 1.483795e+00 
174 1741  3.217047937201653163e+00 0 0 1.115869e+01 1.490918e+00 1.549764e+00 3.577621e+00 1.649786e+01 6.413569e+00 1.602116e+00 1.188596e+01 1.740246e+00 
175 1751  3.098193643574972178e+00 0 0 1.096488e+01 1.496794e+00 1.635982e+00 3.562846e+00 1.648828e+01 6.280854e+00 1.604891e+00 1.123292e+01 1.283431e+00 
176 1761  3.108681941341267407e+00 0 0 1.149335e+01 1.472245e+00 1.602491e+00 3.561910e+00 1.686269e+01 6.669623e+00 1.378165e+00 1.141786e+01 1.386918e+00 
177 1771  3.063954369094977537e+00 0 0 1.132014e+01 1.512626e+00 1.659783e+00 3.685494e+00 1.674947e+01 6.313273e+00 1.564194e+00 1.117773e+01 1.384816e+00 
178 1781  3.074555009035930819e+00 0 0 1.134043e+01 1.485630e+00 1.627592e+00 3.630111e+00 1.662588e+01 6.591320e+00 1.345127e+00 1.135000e+01 1.527901e+00 
179 1791  3.049682136857520209e+00 0 0 1.179688e+01 1.474311e+00 1.622786e+00 3.518303e+00 1.734231e+01 6.796732e+00 1.296732e+00 1.131928e+01 1.021421e+00 
180 1801  3.051523906893832905e+00 0 0 1.145047e+01 1.472186e+00 1.606454e+00 3.420070e+00 1.672396e+01 6.518060e+00 1.532748e+00 1.168281e+01 1.265775e+00 
181 1811  3.062308026340507805e+00 0 0 1.140199e+01 1.489037e+00 1.600623e+00 3.334914e+00 1.649022e+01 6.680710e+00 1.547197e+00 1.198127e+01 1.370708e+00 
182 1821  3.082842096479149419e+00 0 0 1.159757e+01 1.494243e+00 1.619668e+00 3.450137e+00 1.671850e+01 6.642868e+00 1.480018e+00 1.197466e+01 1.484600e+00 
183 1831  3.075617899598534155e+00 0 0 1.139725e+01 1.486416e+00 1.679305e+00 3.582623e+00 1.675483e+01 6.404144e+00 1.534207e+00 1.165009e+01 1.338046e+00 
184 1841  3.112903853224490369e+00 0 0 1.123181e+01 1.470369e+00 1.582031e+00 3.548571e+00 1.665632e+01 6.515668e+00 1.584660e+00 1.219315e+01 1.639572e+00 
185 1851  3.081164458796068040e+00 0 0 1.124409e+01 1.492723e+00 1.674445e+00 3.580924e+00 1.680732e+01 6.166292e+00 1.433890e+00 1.110103e+01 1.324258e+00 
186 1861  3.082422308788211218e+00 0 0 1.125115e+01 1.483583e+00 1.608535e+00 3.429237e+00 1.674089e+01 6.523743e+00 1.540687e+00 1.234207e+01 1.507337e+00 
187 1871  3.089483842425936544e+00 0 0 1.117885e+01 1.464947e+00 1.598995e+00 3.391595e+00 1.652674e+01 6.735482e+00 1.549916e+00 1.265072e+01 1.477315e+00 
188 1881  3.135541406801033659e+00 0 0 1.115792e+01 1.455589e+00 1.598964e+00 3.350849e+00 1.648017e+01 6.626663e+00 1.526894e+00 1.289816e+01 1.604999e+00 
189 1891  3.078642829896470534e+00 0 0 1.126881e+01 1.436567e+00 1.605845e+00 3.316159e+00 1.665658e+01 6.921826e+00 1.182886e+00 1.249285e+01 1.423669e+00 
190 1901  3.025617045876739741e+00 0 0 1.145061e+01 1.442691e+00 1.649391e+00 3.519990e+00 1.678613e+01 6.574979e+00 1.349224e+00 1.168483e+01 1.283105e+00 
191 1911  3.058396086885664555e+00 0 0 1.142053e+01 1.465582e+00 1.625106e+00 3.373281e+00 1.668361e+01 6.594046e+00 1.438648e+00 1.191192e+01 1.310521e+00 
192 1921  2.991236005706467083e+00 0 0 1.119488e+01 1.421365e+00 1.653669e+00 3.343134e+00 1.657843e+01 6.642061e+00 1.247987e+00 1.185967e+01 1.123835e+00 
193 1931  3.005791608263695291e+00 0 0 1.149664e+01 1.421613e+00 1.665266e+00 3.368438e+00 1.678067e+01 6.622990e+00 1.240035e+00 1.183752e+01 1.172764e+00 
194 1941  3.054662888496997741e+00 0 0 1.128670e+01 1.398914e+00 1.680242e+00 3.310815e+00 1.664109e+01 6.341340e+00 1.327610e+00 1.176952e+01 1.034895e+00 
195 1951  3.030743466902237504e+00 0 0 1.125172e+01 1.405804e+00 1.639759e+00 3.290135e+00 1.649481e+01 6.671190e+00 1.330875e+00 1.220767e+01 1.208351e+00 
196 1961  3.037623632993085909e+00 0 0 1.134800e+01 1.388993e+00 1.632302e+00 3.337795e+00 1.670230e+01 6.543256e+00 1.383177e+00 1.234487e+01 1.255253e+00 
197 1971  3.032008103800103438e+00 0 0 1.137980e+01 1.387803e+00 1.602980e+00 3.314620e+00 1.674297e+01 6.684765e+00 1.359749e+00 1.257722e+01 1.269091e+00 
198 1981  3.009128168908023593e+00 0 0 1.137371e+01 1.392800e+00 1.633600e+00 3.445338e+00 1.693659e+01 6.618554e+00 1.309806e+00 1.209373e+01 1.177998e+00 
199 1991  3.038780337419475064e+00 0 0 1.123884e+01 1.384255e+00 1.649579e+00 3.374377e+00 1.662012e+01 6.481895e+00 1.265818e+00 1.202867e+01 1.194662e+00 
200 2001  3.025794768773200527e+00 0 0 1.133311e+01 1.389777e+00 1.652782e+00 3.398411e+00 1.666563e+01 6.451877e+00 1.383371e+00 1.216888e+01 1.276142e+00 
201 2011  3.018851172896135804e+00 0 0 1.137302e+01 1.373581e+00 1.652355e+00 3.404446e+00 1.686707e+01 6.484749e+00 1.261661e+00 1.182346e+01 1.053029e+00 
202 2021  3.006495585171789386e+00 0 0 1.128917e+01 1.369989e+00 1.667775e+00 3.391310e+00 1.678032e+01 6.281844e+00 1.327702e+00 1.191027e+01 1.118817e+00 
203 2031  2.994162216422176392e+00 0 0 1.138896e+01 1.382499e+00 1.648344e+00 3.412279e+00 1.680737e+01 6.477690e+00 1.261261e+00 1.181618e+01 1.147728e+00 
204 2041  3.017180298863589627e+00 0 0 1.144298e+01 1.374995e+00 1.668328e+00 3.399578e+00 1.687220e+01 6.354383e+00 1.241072e+00 1.166594e+01 1.054002e+00 
205 2051  2.996246643091206252e+00 0 0 1.143744e+01 1.391020e+00 1.659797e+00 3.441042e+00 1.675905e+01 6.460441e+00 1.212612e+00 1.169634e+01 1.229761e+00 
206 2061  2.990399272734232561e+00 0 0 1.143654e+01 1.378581e+00 1.653615e+00 3.347869e+00 1.676559e+01 6.489532e+00 1.161695e+00 1.180130e+01 1.134294e+00 
207 2071  3.020072782922278432e+00 0 0 1.143826e+01 1.382841e+00 1.663674e+00 3.439921e+00 1.680972e+01 6.560554e+00 1.164533e+00 1.155857e+01 1.106842e+00 
208 2081  2.995026048472328117e+00 0 0 1.139459e+01 1.383998e+00 1.665219e+00 3.405659e+00 1.679621e+01 6.559935e+00 1.124831e+00 1.156770e+01 1.070845e+00 
209 2091  2.987998543569574839e+00 0 0 1.132019e+01 1.391773e+00 1.651651e+00 3.360205e+00 1.677441e+01 6.629819e+00 1.064362e+00 1.163153e+01 1.068900e+00 
210 2101  2.979203573223738744e+00 0 0 1.132328e+01 1.390890e+00 1.681381e+00 3.447879e+00 1.679990e+01 6.418189e+00 1.081038e+00 1.122017e+01 1.027800e+00 
211 2111  2.989301398684300004e+00 0 0 1.127761e+01 1.387699e+00 1.662302e+00 3.385051e+00 1.667918e+01 6.455973e+00 1.114376e+00 1.152987e+01 1.131796e+00 
212 2121  2.984377262747978321e+00 0 0 1.131796e+01 1.397976e+00 1.663007e+00 3.426871e+00 1.681074e+01 6.480084e+00 1.180121e+00 1.160728e+01 1.114959e+00 
213 2131  2.982866759053223848e+00 0 0 1.127719e+01 1.384629e+00 1.667212e+00 3.386798e+00 1.677606e+01 6.386865e+00 1.141043e+00 1.152550e+01 1.060740e+00 
214 2141  2.988541658589558558e+00 0 0 1.141900e+01 1.402280e+00 1.664598e+00 3.421420e+00 1.689274e+01 6.440250e+00 1.211310e+00 1.172324e+01 1.162965e+00 
215 2151  2.979491226318631725e+00 0 0 1.137872e+01 1.395879e+00 1.667850e+00 3.445145e+00 1.686605e+01 6.384042e+00 1.164589e+00 1.148736e+01 1.123449e+00 
216 2161  2.975001505775961341e+00 0 0 1.137334e+01 1.393039e+00 1.668788e+00 3.418179e+00 1.677178e+01 6.455671e+00 1.154241e+00 1.165821e+01 1.182909e+00 
217 2171  2.981901997125699033e+00 0 0 1.132629e+01 1.388399e+00 1.660080e+00 3.436123e+00 1.679019e+01 6.466048e+00 1.164320e+00 1.173197e+01 1.194095e+00 
218 2181  2.983246925700710594e+00 0 0 1.138586e+01 1.394498e+00 1.680490e+00 3.453549e+00 1.685108e+01 6.377892e+00 1.162072e+00 1.157599e+01 1.181718e+00 
219 2191  2.987097903897341755e+00 0 0 1.135983e+01 1.394302e+00 1.681767e+00 3.432819e+00 1.686279e+01 6.342054e+00 1.137714e+00 1.145449e+01 1.112111e+00 
220 2201  2.990695142145969765e+00 0 0 1.134388e+01 1.385684e+00 1.679155e+00 3.409755e+00 1.681136e+01 6.358279e+00 1.128186e+00 1.159148e+01 1.142698e+00 
221 2211  2.991067202678650450e+00 0 0 1.132966e+01 1.386953e+00 1.667064e+00 3.392288e+00 1.671837e+01 6.443335e+00 1.146671e+00 1.170391e+01 1.178888e+00 
222 2221  2.984103672179037048e+00 0 0 1.135258e+01 1.380653e+00 1.684233e+00 3.387608e+00 1.681238e+01 6.364953e+00 1.125324e+00 1.162323e+01 1.095740e+00 
223 2231  2.979001236912129702e+00 0 0 1.134851e+01 1.381698e+00 1.690579e+00 3.412881e+00 1.680870e+01 6.307335e+00 1.128957e+00 1.143676e+01 1.082899e+00 
224 2241  2.982846856185086715e+00 0 0 1.134778e+01 1.374192e+00 1.679274e+00 3.412634e+00 1.680858e+01 6.342653e+00 1.112009e+00 1.146872e+01 1.082294e+00 
225 2251  2.974116856791420016e+00 0 0 1.134636e+01 1.365005e+00 1.686514e+00 3.422201e+00 1.676765e+01 6.330126e+00 1.105160e+00 1.154013e+01 1.110107e+00 
226 2261  2.986082366065130334e+00 0 0 1.138178e+01 1.381726e+00 1.671245e+00 3.442770e+00 1.686963e+01 6.368689e+00 1.157962e+00 1.156301e+01 1.123240e+00 
227 2271  2.980328011705627222e+00 0 0 1.134424e+01 1.387260e+00 1.674869e+00 3.413197e+00 1.681178e+01 6.384991e+00 1.151780e+00 1.156535e+01 1.104755e+00 
228 2281  2.978886788967904931e+00 0 0 1.137782e+01 1.383230e+00 1.672387e+00 3.419508e+00 1.686533e+01 6.388601e+00 1.153824e+00 1.161655e+01 1.101664e+00 
229 2291  2.969125778432977647e+00 0 0 1.138443e+01 1.385109e+00 1.675050e+00 3.403943e+00 1.685784e+01 6.378041e+00 1.119440e+00 1.149722e+01 1.075898e+00 
230 2301  2.970418931402012408e+00 0 0 1.136622e+01 1.386398e+00 1.670017e+00 3.419468e+00 1.686295e+01 6.388765e+00 1.129789e+00 1.151456e+01 1.103744e+00 
231 2311  2.972201047619588365e+00 0 0 1.136195e+01 1.381087e+00 1.668958e+00 3.418146e+00 1.685519e+01 6.383591e+00 1.138544e+00 1.159407e+01 1.124815e+00 
232 2321  2.971441352332400143e+00 0 0 1.136918e+01 1.378121e+00 1.676658e+00 3.418214e+00 1.689444e+01 6.331365e+00 1.141173e+00 1.153362e+01 1.070521e+00 
233 2331  2.971392256387497266e+00 0 0 1.135401e+01 1.384071e+00 1.676637e+00 3.417460e+00 1.688657e+01 6.344825e+00 1.121060e+00 1.142932e+01 1.049659e+00 
234 2341  2.972471552139134054e+00 0 0 1.136542e+01 1.382660e+00 1.676176e+00 3.416088e+00 1.688227e+01 6.348216e+00 1.133339e+00 1.150871e+01 1.069148e+00 
235 2351  2.981625570578706252e+00 0 0 1.133941e+01 1.378891e+00 1.672885e+00 3.414842e+00 1.686116e+01 6.346889e+00 1.122365e+00 1.149791e+01 1.079168e+00 
236 2361  2.972068088487981541e+00 0 0 1.134135e+01 1.380446e+00 1.669075e+00 3.407892e+00 1.682783e+01 6.369547e+00 1.141761e+00 1.158313e+01 1.109919e+00 
237 2371  2.973978368068448841e+00 0 0 1.133972e+01 1.376380e+00 1.664251e+00 3.397564e+00 1.686065e+01 6.339461e+00 1.146428e+00 1.153866e+01 1.077711e+00 
238 2381  2.972376491208220006e+00 0 0 1.137642e+01 1.378632e+00 1.668393e+00 3.416801e+00 1.689453e+01 6.355424e+00 1.142981e+00 1.151432e+01 1.068449e+00 
239 2391  2.970363526810180677e+00 0 0 1.137923e+01 1.379500e+00 1.670838e+00 3.411164e+00 1.688110e+01 6.386436e+00 1.107727e+00 1.148539e+01 1.059985e+00 
240 2401  2.970140686946669994e+00 0 0 1.134349e+01 1.377176e+00 1.668688e+00 3.400332e+00 1.685276e+01 6.330910e+00 1.136861e+00 1.151853e+01 1.081223e+00 
241 2411  2.974086914903326218e+00 0 0 1.135491e+01 1.381146e+00 1.668086e+00 3.396577e+00 1.686084e+01 6.333302e+00 1.130283e+00 1.145023e+01 1.059324e+00 
242 2421  2.972788976633603752e+00 0 0 1.133213e+01 1.382088e+00 1.656879e+00 3.387456e+00 1.683185e+01 6.390631e+00 1.155841e+00 1.161459e+01 1.102304e+00 
243 2431  2.979966150238498646e+00 0 0 1.132883e+01 1.376429e+00 1.661790e+00 3.385319e+00 1.684604e+01 6.349615e+00 1.149553e+00 1.155512e+01 1.066379e+00 
244 2441  2.973232928923454921e+00 0 0 1.134794e+01 1.377969e+00 1.654612e+00 3.377599e+00 1.686669e+01 6.396326e+00 1.151758e+00 1.167398e+01 1.095695e+00 
245 2451  2.970849253617208863e+00 0 0 1.132528e+01 1.374952e+00 1.649411e+00 3.384972e+00 1.686181e+01 6.412214e+00 1.144983e+00 1.171090e+01 1.109314e+00 
246 2461  2.971374667996732111e+00 0 0 1.132583e+01 1.377253e+00 1.660176e+00 3.391630e+00 1.685647e+01 6.384734e+00 1.142370e+00 1.164663e+01 1.090961e+00 
247 2471  2.973969935443772528e+00 0 0 1.133851e+01 1.376088e+00 1.651343e+00 3.379456e+00 1.684177e+01 6.400982e+00 1.175799e+00 1.176643e+01 1.122227e+00 
248 2481  2.972367800268132410e+00 0 0 1.132175e+01 1.373856e+00 1.651786e+00 3.387770e+00 1.685199e+01 6.390683e+00 1.154325e+00 1.167040e+01 1.095414e+00 
249 2491  2.970976038762343840e+00 0 0 1.134412e+01 1.377036e+00 1.653215e+00 3.388854e+00 1.688148e+01 6.410110e+00 1.156569e+00 1.169887e+01 1.098273e+00 
250 2501  2.978933073501828233e+00 0 0 1.134769e+01 1.371537e+00 1.655676e+00 3.391287e+00 1.687982e+01 6.413436e+00 1.137070e+00 1.166954e+01 1.068439e+00 
251 2511  2.974785664885990943e+00 0 0 1.134031e+01 1.373102e+00 1.650229e+00 3.396730e+00 1.687423e+01 6.418231e+00 1.163398e+00 1.173908e+01 1.115934e+00 
252 2521  2.980391785767342316e+00 0 0 1.135806e+01 1.374948e+00 1.651546e+00 3.394447e+00 1.686505e+01 6.435921e+00 1.143353e+00 1.167994e+01 1.104665e+00 
253 2531  2.968231041775431844e+00 0 0 1.135307e+01 1.374606e+00 1.657844e+00 3.399387e+00 1.687988e+01 6.393723e+00 1.124399e+00 1.155184e+01 1.069893e+00 
254 2541  2.972589760622033950e+00 0 0 1.133944e+01 1.373915e+00 1.650203e+00 3.397707e+00 1.685752e+01 6.408918e+00 1.136242e+00 1.162374e+01 1.109847e+00 
255 2551  2.970868277559695958e+00 0 0 1.134307e+01 1.376049e+00 1.645915e+00 3.399486e+00 1.686414e+01 6.432905e+00 1.144264e+00 1.167443e+01 1.122957e+00 
256 2561  2.978042672089898257e+00 0 0 1.134634e+01 1.376744e+00 1.654856e+00 3.412629e+00 1.686583e+01 6.417158e+00 1.125741e+00 1.158737e+01 1.107017e+00 
257 2571  2.970903466001718396e+00 0 0 1.133851e+01 1.375240e+00 1.644917e+00 3.400835e+00 1.687700e+01 6.442369e+00 1.136250e+00 1.166562e+01 1.112410e+00 
258 2581  2.979284794048738139e+00 0 0 1.132350e+01 1.370147e+00 1.645995e+00 3.396151e+00 1.688218e+01 6.415640e+00 1.145907e+00 1.168198e+01 1.086795e+00 
259 2591  2.976128250280026144e+00 0 0 1.131866e+01 1.370246e+00 1.646215e+00 3.393308e+00 1.688205e+01 6.417695e+00 1.141893e+00 1.171852e+01 1.100891e+00 
260 2601  2.975626684757492146e+00 0 0 1.129577e+01 1.371250e+00 1.641696e+00 3.383019e+00 1.684955e+01 6.428108e+00 1.158966e+00 1.182513e+01 1.135230e+00 
261 2611  2.982947603524763736e+00 0 0 1.129227e+01 1.372472e+00 1.645941e+00 3.384741e+00 1.684176e+01 6.406704e+00 1.140019e+00 1.169725e+01 1.112300e+00 
262 2621  2.983312470693905816e+00 0 0 1.132243e+01 1.371323e+00 1.647724e+00 3.387729e+00 1.685899e+01 6.398611e+00 1.147994e+00 1.167988e+01 1.100679e+00 
263 2631  2.973284170522983771e+00 0 0 1.130290e+01 1.369118e+00 1.641693e+00 3.379412e+00 1.687716e+01 6.399442e+00 1.155331e+00 1.177565e+01 1.119128e+00 
264 2641  2.970626114060838319e+00 0 0 1.128869e+01 1.367729e+00 1.651980e+00 3.386028e+00 1.687579e+01 6.370220e+00 1.126979e+00 1.168427e+01 1.090323e+00 
265 2651  2.971003545391762479e+00 0 0 1.129227e+01 1.367617e+00 1.646946e+00 3.388419e+00 1.688226e+01 6.389066e+00 1.129642e+00 1.169042e+01 1.086981e+00 
266 2661  2.975400090708272050e+00 0 0 1.129583e+01 1.373316e+00 1.661169e+00 3.402942e+00 1.687751e+01 6.333481e+00 1.126210e+00 1.158110e+01 1.089075e+00 
267 2671  2.970089811381858347e+00 0 0 1.131043e+01 1.373126e+00 1.656366e+00 3.395546e+00 1.687152e+01 6.374925e+00 1.128415e+00 1.163364e+01 1.093687e+00 
268 2681  2.970937563550861693e+00 0 0 1.130898e+01 1.370492e+00 1.653375e+00 3.385113e+00 1.688097e+01 6.369551e+00 1.130780e+00 1.165952e+01 1.079992e+00 
269 2691  2.974625145373433810e+00 0 0 1.133604e+01 1.370954e+00 1.656295e+00 3.404731e+00 1.690303e+01 6.357733e+00 1.135544e+00 1.157158e+01 1.061484e+00 
270 2701  2.973015325557073929e+00 0 0 1.131076e+01 1.369744e+00 1.652418e+00 3.391344e+00 1.686288e+01 6.383602e+00 1.124356e+00 1.158924e+01 1.069596e+00 
271 2711  2.971695580139103399e+00 0 0 1.131868e+01 1.372044e+00 1.653194e+00 3.391496e+00 1.687390e+01 6.390378e+00 1.126694e+00 1.162430e+01 1.083944e+00 
272 2721  2.969502269755497359e+00 0 0 1.132453e+01 1.370825e+00 1.657458e+00 3.398510e+00 1.690084e+01 6.372022e+00 1.117291e+00 1.156917e+01 1.057400e+00 
273 2731  2.970166741504093544e+00 0 0 1.132012e+01 1.370965e+00 1.656890e+00 3.394429e+00 1.689181e+01 6.381051e+00 1.122112e+00 1.160484e+01 1.063184e+00 
274 2741  2.970750836604821199e+00 0 0 1.130842e+01 1.367061e+00 1.653190e+00 3.389833e+00 1.688590e+01 6.381385e+00 1.117250e+00 1.162011e+01 1.061437e+00 
275 2751  2.970200016980629520e+00 0 0 1.130533e+01 1.369378e+00 1.656292e+00 3.388560e+00 1.688545e+01 6.372392e+00 1.119647e+00 1.161729e+01 1.061074e+00 
276 2761  2.969985483746274024e+00 0 0 1.130145e+01 1.369625e+00 1.651918e+00 3.383725e+00 1.686762e+01 6.383702e+00 1.125515e+00 1.162233e+01 1.070673e+00 
277 2771  2.971908546867259915e+00 0 0 1.130828e+01 1.372458e+00 1.655752e+00 3.394501e+00 1.688078e+01 6.381681e+00 1.117598e+00 1.159515e+01 1.072961e+00 
278 2781  2.978083754458370702e+00 0 0 1.130337e+01 1.368216e+00 1.653692e+00 3.389789e+00 1.688674e+01 6.371662e+00 1.122120e+00 1.162387e+01 1.061472e+00 
279 2791  2.970245922750224032e+00 0 0 1.131020e+01 1.368613e+00 1.654738e+00 3.386845e+00 1.689625e+01 6.372316e+00 1.117130e+00 1.161793e+01 1.059069e+00 
280 2801  2.982320659810286934e+00 0 0 1.129797e+01 1.368841e+00 1.653499e+00 3.383843e+00 1.686880e+01 6.374730e+00 1.128683e+00 1.164163e+01 1.070494e+00 
281 2811  2.970042733771318222e+00 0 0 1.130088e+01 1.367931e+00 1.651770e+00 3.384274e+00 1.687590e+01 6.385424e+00 1.129239e+00 1.166595e+01 1.073326e+00 
282 2821  2.975072865534908129e+00 0 0 1.129124e+01 1.367896e+00 1.651587e+00 3.383630e+00 1.686838e+01 6.373055e+00 1.131038e+00 1.166501e+01 1.078645e+00 
283 2831  2.970961988567847545e+00 0 0 1.130037e+01 1.368157e+00 1.650422e+00 3.384900e+00 1.686491e+01 6.381120e+00 1.133510e+00 1.166673e+01 1.082797e+00 
284 2841  2.974700865874244204e+00 0 0 1.129411e+01 1.368459e+00 1.654071e+00 3.384251e+00 1.687226e+01 6.368762e+00 1.121025e+00 1.162694e+01 1.067073e+00 
285 2851  2.970167137098263410e+00 0 0 1.130144e+01 1.368617e+00 1.651072e+00 3.383964e+00 1.687213e+01 6.372091e+00 1.131650e+00 1.164266e+01 1.073835e+00 
286 2861  2.969522486085185431e+00 0 0 1.129188e+01 1.367882e+00 1.649945e+00 3.384490e+00 1.686608e+01 6.370542e+00 1.136005e+00 1.166549e+01 1.082571e+00 
287 2871  2.980559495454573771e+00 0 0 1.130294e+01 1.368023e+00 1.650885e+00 3.388541e+00 1.687551e+01 6.373182e+00 1.132936e+00 1.164765e+01 1.077458e+00 
288 2881  2.971156209915280400e+00 0 0 1.130222e+01 1.368206e+00 1.652495e+00 3.389223e+00 1.687390e+01 6.368635e+00 1.130151e+00 1.162481e+01 1.071283e+00 
289 2891  2.971234835050404310e+00 0 0 1.129569e+01 1.367934e+00 1.651631e+00 3.382615e+00 1.686126e+01 6.366109e+00 1.133350e+00 1.163966e+01 1.074036e+00 
290 2901  2.969760792031698404e+00 0 0 1.130014e+01 1.368659e+00 1.652086e+00 3.384806e+00 1.685865e+01 6.368810e+00 1.130500e+00 1.162329e+01 1.076681e+00 
291 2911  2.970168785384107224e+00 0 0 1.129445e+01 1.367283e+00 1.653246e+00 3.387197e+00 1.686650e+01 6.361399e+00 1.126322e+00 1.160246e+01 1.065007e+00 
292 2921  2.970675592181541536e+00 0 0 1.130153e+01 1.368252e+00 1.654088e+00 3.384669e+00 1.687222e+01 6.365115e+00 1.122950e+00 1.159530e+01 1.058425e+00 
293 2931  2.982660903769712046e+00 0 0 1.129763e+01 1.367877e+00 1.654597e+00 3.387885e+00 1.687783e+01 6.354550e+00 1.122668e+00 1.158976e+01 1.057782e+00 
294 2941  2.972750512494169328e+00 0 0 1.129252e+01 1.367414e+00 1.653541e+00 3.384594e+00 1.687242e+01 6.360341e+00 1.125907e+00 1.162211e+01 1.064788e+00 
295 2951  2.972734019588735510e+00 0 0 1.129314e+01 1.367391e+00 1.652408e+00 3.385018e+00 1.685910e+01 6.360647e+00 1.131565e+00 1.163313e+01 1.075591e+00 
296 2961  2.970370906943817779e+00 0 0 1.129146e+01 1.367132e+00 1.654743e+00 3.387226e+00 1.686926e+01 6.356441e+00 1.121890e+00 1.159476e+01 1.059512e+00 
297 2971  2.969976267576566187e+00 0 0 1.129130e+01 1.367636e+00 1.652483e+00 3.382579e+00 1.686567e+01 6.365930e+00 1.124502e+00 1.161702e+01 1.064612e+00 
298 2981  2.972380909026027140e+00 0 0 1.129130e+01 1.367349e+00 1.650896e+00 3.382144e+00 1.686731e+01 6.370534e+00 1.129264e+00 1.163528e+01 1.067418e+00 
299 2991  2.969733889850897590e+00 0 0 1.129193e+01 1.368019e+00 1.653535e+00 3.384508e+00 1.687336e+01 6.356466e+00 1.120123e+00 1.158734e+01 1.056339e+00 
300 3001  2.971520470752682552e+00 0 0 1.128882e+01 1.366950e+00 1.651751e+00 3.382407e+00 1.687590e+01 6.361450e+00 1.124382e+00 1.161022e+01 1.056792e+00 
301 3011  2.970112392496957021e+00 0 0 1.128548e+01 1.367217e+00 1.654529e+00 3.382357e+00 1.686999e+01 6.356208e+00 1.116762e+00 1.159080e+01 1.053906e+00 
302 3021  2.971327975030317869e+00 0 0 1.128942e+01 1.367125e+00 1.654138e+00 3.381601e+00 1.686874e+01 6.356542e+00 1.122927e+00 1.160671e+01 1.056459e+00 
303 3031  2.970018781657263851e+00 0 0 1.129006e+01 1.367147e+00 1.653499e+00 3.385998e+00 1.686808e+01 6.355141e+00 1.122032e+00 1.159472e+01 1.062091e+00 
304 3041  2.969830936218453399e+00 0 0 1.129098e+01 1.367994e+00 1.653135e+00 3.384352e+00 1.686627e+01 6.361205e+00 1.124488e+00 1.160727e+01 1.064391e+00 
305 3051  2.970325879825873372e+00 0 0 1.129465e+01 1.367831e+00 1.653724e+00 3.384727e+00 1.686706e+01 6.362335e+00 1.122140e+00 1.159183e+01 1.058850e+00 
306 3061  2.971422411482025350e+00 0 0 1.129520e+01 1.368180e+00 1.652951e+00 3.383927e+00 1.686976e+01 6.366307e+00 1.121675e+00 1.160210e+01 1.062166e+00 
307 3071  2.973006271520657329e+00 0 0 1.129598e+01 1.368033e+00 1.653087e+00 3.384842e+00 1.687221e+01 6.364194e+00 1.124454e+00 1.160429e+01 1.059934e+00 
308 3081  2.969953290247711930e+00 0 0 1.129844e+01 1.368897e+00 1.652842e+00 3.386419e+00 1.686719e+01 6.367620e+00 1.124830e+00 1.159863e+01 1.065494e+00 
309 3091  2.969605497283359430e+00 0 0 1.129361e+01 1.368724e+00 1.653404e+00 3.385745e+00 1.686092e+01 6.363761e+00 1.123417e+00 1.159863e+01 1.068817e+00 
310 3101  2.971256293589662700e+00 0 0 1.129907e+01 1.369114e+00 1.654338e+00 3.386753e+00 1.686583e+01 6.360836e+00 1.120833e+00 1.157894e+01 1.063410e+00 
311 3111  2.970188966505432848e+00 0 0 1.129754e+01 1.368392e+00 1.654465e+00 3.385289e+00 1.686722e+01 6.365318e+00 1.116903e+00 1.158170e+01 1.059367e+00 
312 3121  2.970755871659454428e+00 0 0 1.129939e+01 1.368654e+00 1.653402e+00 3.387441e+00 1.687543e+01 6.368067e+00 1.119579e+00 1.158768e+01 1.058459e+00 
313 3131  2.972254828087655287e+00 0 0 1.130277e+01 1.369249e+00 1.652707e+00 3.387558e+00 1.686952e+01 6.370939e+00 1.125697e+00 1.160123e+01 1.066983e+00 
314 3141  2.969998238011465119e+00 0 0 1.130249e+01 1.369763e+00 1.652520e+00 3.386821e+00 1.686640e+01 6.378783e+00 1.124789e+00 1.160777e+01 1.068138e+00 
315 3151  2.969541178169667006e+00 0 0 1.130363e+01 1.370025e+00 1.652587e+00 3.387836e+00 1.687129e+01 6.375697e+00 1.125900e+00 1.160568e+01 1.069289e+00 
316 3161  2.969773148359262205e+00 0 0 1.130297e+01 1.369522e+00 1.651776e+00 3.384828e+00 1.686216e+01 6.377329e+00 1.127212e+00 1.161532e+01 1.072263e+00 
317 3171  2.971563547209190137e+00 0 0 1.129978e+01 1.369337e+00 1.652947e+00 3.383597e+00 1.686877e+01 6.371359e+00 1.122639e+00 1.160010e+01 1.062272e+00 
318 3181  2.970741692950914725e+00 0 0 1.129593e+01 1.369364e+00 1.654638e+00 3.385165e+00 1.686376e+01 6.361716e+00 1.120740e+00 1.157955e+01 1.060580e+00 
319 3191  2.970456249908270951e+00 0 0 1.129847e+01 1.369334e+00 1.654744e+00 3.384977e+00 1.686778e+01 6.364662e+00 1.120144e+00 1.157968e+01 1.057768e+00 
320 3201  2.969492390793343262e+00 0 0 1.129668e+01 1.369007e+00 1.653777e+00 3.387574e+00 1.686686e+01 6.367944e+00 1.120383e+00 1.159012e+01 1.065635e+00 
321 3211  2.969529464662572504e+00 0 0 1.129460e+01 1.368649e+00 1.653784e+00 3.384216e+00 1.686631e+01 6.363420e+00 1.121317e+00 1.159254e+01 1.062121e+00 
322 3221  2.970764398573768172e+00 0 0 1.130338e+01 1.369959e+00 1.654242e+00 3.386616e+00 1.686432e+01 6.370792e+00 1.121505e+00 1.158151e+01 1.063173e+00 
323 3231  2.969546811085460813e+00 0 0 1.130126e+01 1.369562e+00 1.653096e+00 3.385204e+00 1.686944e+01 6.375887e+00 1.120124e+00 1.159836e+01 1.063985e+00 
324 3241  2.969779691141204214e+00 0 0 1.130186e+01 1.369763e+00 1.652454e+00 3.385432e+00 1.686973e+01 6.375826e+00 1.123815e+00 1.160064e+01 1.065399e+00 
325 3251  2.970291618386887933e+00 0 0 1.129997e+01 1.369630e+00 1.651952e+00 3.383703e+00 1.686777e+01 6.375342e+00 1.123928e+00 1.160686e+01 1.066735e+00 
326 3261  2.970486145306697079e+00 0 0 1.129526e+01 1.369470e+00 1.652070e+00 3.383931e+00 1.685914e+01 6.372667e+00 1.126683e+00 1.161014e+01 1.070945e+00 
327 3271  2.970768612940052122e+00 0 0 1.129782e+01 1.369250e+00 1.652932e+00 3.385197e+00 1.686678e+01 6.368822e+00 1.124025e+00 1.159062e+01 1.062608e+00 
328 3281  2.969747757665873955e+00 0 0 1.129819e+01 1.369453e+00 1.651986e+00 3.383578e+00 1.686643e+01 6.373277e+00 1.124717e+00 1.160415e+01 1.065520e+00 
329 3291  2.969799466186979320e+00 0 0 1.129744e+01 1.368954e+00 1.653055e+00 3.385587e+00 1.686790e+01 6.367425e+00 1.124186e+00 1.159553e+01 1.063045e+00 
330 3301  2.969696732113773940e+00 0 0 1.130104e+01 1.369934e+00 1.652550e+00 3.384144e+00 1.686998e+01 6.375868e+00 1.124289e+00 1.160230e+01 1.063519e+00 
331 3311  2.971617054108601774e+00 0 0 1.130035e+01 1.369940e+00 1.652130e+00 3.384578e+00 1.686953e+01 6.375565e+00 1.126193e+00 1.160784e+01 1.066408e+00 
332 3321  2.969292572189287327e+00 0 0 1.129667e+01 1.369248e+00 1.652661e+00 3.383633e+00 1.686907e+01 6.371346e+00 1.125066e+00 1.160534e+01 1.062434e+00 
333 3331  2.969679350154671216e+00 0 0 1.129761e+01 1.369491e+00 1.653081e+00 3.386180e+00 1.687059e+01 6.369155e+00 1.124451e+00 1.159629e+01 1.062611e+00 
334 3341  2.970843414687047712e+00 0 0 1.129785e+01 1.369348e+00 1.653230e+00 3.385454e+00 1.687168e+01 6.367507e+00 1.124154e+00 1.159504e+01 1.061243e+00 
335 3351  2.970647655894375738e+00 0 0 1.129872e+01 1.369708e+00 1.653053e+00 3.385437e+00 1.687154e+01 6.369481e+00 1.124395e+00 1.159449e+01 1.061506e+00 
336 3361  2.970157679527146932e+00 0 0 1.129840e+01 1.369732e+00 1.652808e+00 3.386428e+00 1.687202e+01 6.371446e+00 1.124859e+00 1.160278e+01 1.064765e+00 
337 3371  2.969767785561058471e+00 0 0 1.129964e+01 1.369355e+00 1.652545e+00 3.385515e+00 1.687254e+01 6.372707e+00 1.125452e+00 1.160845e+01 1.064178e+00 
338 3381  2.971090917936310749e+00 0 0 1.129791e+01 1.369196e+00 1.652907e+00 3.385610e+00 1.687215e+01 6.368646e+00 1.123825e+00 1.159805e+01 1.061785e+00 
339 3391  2.970382789404528268e+00 0 0 1.129656e+01 1.369078e+00 1.653728e+00 3.385553e+00 1.686970e+01 6.362620e+00 1.123060e+00 1.159089e+01 1.061915e+00 
340 3401  2.978824903375014710e+00 0 0 1.129758e+01 1.369090e+00 1.653528e+00 3.385244e+00 1.687055e+01 6.364620e+00 1.123255e+00 1.159210e+01 1.060809e+00 
341 3411  2.970856574309562514e+00 0 0 1.129692e+01 1.369308e+00 1.653815e+00 3.385234e+00 1.686901e+01 6.363415e+00 1.122576e+00 1.158955e+01 1.061301e+00 
342 3421  2.970937548468816303e+00 0 0 1.129817e+01 1.369447e+00 1.653771e+00 3.385175e+00 1.686978e+01 6.366339e+00 1.123562e+00 1.159350e+01 1.060969e+00 
343 3431  2.975317522710529072e+00 0 0 1.130043e+01 1.369721e+00 1.652715e+00 3.385280e+00 1.687067e+01 6.371833e+00 1.124847e+00 1.160041e+01 1.063841e+00 
344 3441  2.970079569514889162e+00 0 0 1.130117e+01 1.369954e+00 1.652978e+00 3.384619e+00 1.687049e+01 6.372198e+00 1.125982e+00 1.160278e+01 1.062988e+00 
345 3451  2.969997731459165013e+00 0 0 1.130087e+01 1.369746e+00 1.652951e+00 3.384866e+00 1.687069e+01 6.371009e+00 1.125184e+00 1.160062e+01 1.063345e+00 
346 3461  2.972548901986806769e+00 0 0 1.130128e+01 1.369887e+00 1.652927e+00 3.384734e+00 1.686914e+01 6.372665e+00 1.124561e+00 1.160222e+01 1.064422e+00 
347 3471  2.970408621984455877e+00 0 0 1.129995e+01 1.369807e+00 1.653029e+00 3.385185e+00 1.686779e+01 6.371581e+00 1.125366e+00 1.160258e+01 1.064736e+00 
348 3481  2.970659633150707801e+00 0 0 1.130162e+01 1.370277e+00 1.653135e+00 3.385503e+00 1.687036e+01 6.371596e+00 1.125220e+00 1.159710e+01 1.063614e+00 
349 3491  2.969812050619047739e+00 0 0 1.130268e+01 1.370398e+00 1.652172e+00 3.384248e+00 1.687096e+01 6.376883e+00 1.126699e+00 1.160854e+01 1.065238e+00 
350 3501  2.970633916296681054e+00 0 0 1.130087e+01 1.370406e+00 1.652533e+00 3.383992e+00 1.686641e+01 6.374162e+00 1.126357e+00 1.160327e+01 1.066259e+00 
351 3511  2.983013231085024586e+00 0 0 1.130129e+01 1.370569e+00 1.652522e+00 3.385567e+00 1.686805e+01 6.376068e+00 1.126409e+00 1.160073e+01 1.065080e+00 
352 3521  2.978288846074996776e+00 0 0 1.130231e+01 1.370470e+00 1.652561e+00 3.385331e+00 1.687118e+01 6.376352e+00 1.126319e+00 1.160243e+01 1.063625e+00 
353 3531  2.977084096543266778e+00 0 0 1.129965e+01 1.370242e+00 1.652373e+00 3.384218e+00 1.687027e+01 6.374262e+00 1.127418e+00 1.160834e+01 1.064085e+00 
354 3541  2.970236877331662750e+00 0 0 1.129659e+01 1.369511e+00 1.653075e+00 3.385346e+00 1.686721e+01 6.368900e+00 1.125695e+00 1.159882e+01 1.062906e+00 
355 3551  2.970008170642869594e+00 0 0 1.129838e+01 1.369923e+00 1.653186e+00 3.385145e+00 1.686696e+01 6.370811e+00 1.125427e+00 1.159256e+01 1.061166e+00 
356 3561  2.971573160673526726e+00 0 0 1.130033e+01 1.369796e+00 1.652917e+00 3.385866e+00 1.686968e+01 6.372443e+00 1.126449e+00 1.159767e+01 1.061404e+00 
357 3571  2.970857058945997498e+00 0 0 1.129427e+01 1.368886e+00 1.653362e+00 3.384889e+00 1.686887e+01 6.365487e+00 1.125060e+00 1.160070e+01 1.061192e+00 
358 3581  2.969826495925001364e+00 0 0 1.129811e+01 1.369808e+00 1.653801e+00 3.386601e+00 1.687075e+01 6.368590e+00 1.123777e+00 1.159062e+01 1.060336e+00 
359 3591  2.970310425191518444e+00 0 0 1.129569e+01 1.369627e+00 1.653007e+00 3.385710e+00 1.686858e+01 6.370520e+00 1.124273e+00 1.159749e+01 1.062632e+00 
360 3601  2.969958109273043156e+00 0 0 1.129524e+01 1.369645e+00 1.652856e+00 3.385185e+00 1.686866e+01 6.371825e+00 1.125847e+00 1.160670e+01 1.063518e+00 
361 3611  2.970648366790241024e+00 0 0 1.129636e+01 1.369901e+00 1.652876e+00 3.384593e+00 1.686602e+01 6.373090e+00 1.125271e+00 1.160292e+01 1.063652e+00 
362 3621  2.969757093565761341e+00 0 0 1.129513e+01 1.369832e+00 1.652933e+00 3.384423e+00 1.686868e+01 6.371464e+00 1.124878e+00 1.160280e+01 1.062493e+00 
363 3631  2.971738541015532586e+00 0 0 1.129944e+01 1.370222e+00 1.652770e+00 3.385227e+00 1.686801e+01 6.376903e+00 1.124343e+00 1.160279e+01 1.064533e+00 
364 3641  2.972242855914986936e+00 0 0 1.129457e+01 1.369822e+00 1.652778e+00 3.384483e+00 1.686564e+01 6.374560e+00 1.123780e+00 1.160095e+01 1.062958e+00 
365 3651  2.970637544966910681e+00 0 0 1.129766e+01 1.370288e+00 1.651947e+00 3.383757e+00 1.686354e+01 6.381394e+00 1.126491e+00 1.161315e+01 1.067193e+00 
366 3661  2.975578762962042934e+00 0 0 1.129486e+01 1.370211e+00 1.652684e+00 3.383853e+00 1.686341e+01 6.377071e+00 1.123810e+00 1.159985e+01 1.063288e+00 
367 3671  2.969765464127458454e+00 0 0 1.129785e+01 1.370379e+00 1.653584e+00 3.385291e+00 1.686391e+01 6.375398e+00 1.121759e+00 1.158946e+01 1.062504e+00 
368 3681  2.969483399625008957e+00 0 0 1.129523e+01 1.370395e+00 1.653593e+00 3.383661e+00 1.686063e+01 6.375921e+00 1.120966e+00 1.159209e+01 1.063058e+00 
369 3691  2.970246617398445199e+00 0 0 1.129549e+01 1.369990e+00 1.653132e+00 3.385102e+00 1.686246e+01 6.373752e+00 1.123436e+00 1.159554e+01 1.064052e+00 
370 3701  2.970239385121874243e+00 0 0 1.129745e+01 1.370540e+00 1.652571e+00 3.385021e+00 1.686092e+01 6.381538e+00 1.122598e+00 1.159658e+01 1.066056e+00 
371 3711  2.970577325788142264e+00 0 0 1.129299e+01 1.369516e+00 1.653436e+00 3.386359e+00 1.686307e+01 6.370199e+00 1.122287e+00 1.159034e+01 1.063010e+00 
372 3721  2.969768973588243099e+00 0 0 1.129338e+01 1.369673e+00 1.653364e+00 3.386005e+00 1.686385e+01 6.370470e+00 1.123119e+00 1.159286e+01 1.063247e+00 
373 3731  2.969800136773022015e+00 0 0 1.129315e+01 1.369819e+00 1.653856e+00 3.386519e+00 1.686338e+01 6.368016e+00 1.122425e+00 1.158520e+01 1.062019e+00 
374 3741  2.969685005419148371e+00 0 0 1.129281e+01 1.369760e+00 1.654311e+00 3.387089e+00 1.686178e+01 6.368044e+00 1.120650e+00 1.157813e+01 1.060744e+00 
375 3751  2.970545624010158647e+00 0 0 1.129408e+01 1.369884e+00 1.653681e+00 3.386937e+00 1.686221e+01 6.372877e+00 1.121327e+00 1.158724e+01 1.063085e+00 
376 3761  2.969489028092988647e+00 0 0 1.129440e+01 1.369964e+00 1.653543e+00 3.387055e+00 1.686280e+01 6.371775e+00 1.122393e+00 1.158621e+01 1.063139e+00 
377 3771  2.969393384914769118e+00 0 0 1.129375e+01 1.370175e+00 1.654265e+00 3.387307e+00 1.685991e+01 6.368761e+00 1.120873e+00 1.157717e+01 1.062981e+00 
378 3781  2.971588505082464415e+00 0 0 1.129412e+01 1.370282e+00 1.653551e+00 3.386124e+00 1.686200e+01 6.374924e+00 1.121658e+00 1.158935e+01 1.063336e+00 
379 3791  2.970055701582642982e+00 0 0 1.129505e+01 1.370166e+00 1.653639e+00 3.386934e+00 1.686225e+01 6.371589e+00 1.122448e+00 1.158591e+01 1.063945e+00 
380 3801  2.969608926630942225e+00 0 0 1.129524e+01 1.370052e+00 1.653981e+00 3.386517e+00 1.686239e+01 6.370902e+00 1.121155e+00 1.158207e+01 1.062158e+00 
381 3811  2.970409174617149262e+00 0 0 1.129393e+01 1.370006e+00 1.653849e+00 3.386867e+00 1.686160e+01 6.370346e+00 1.121733e+00 1.158321e+01 1.063061e+00 
382 3821  2.969248748739839794e+00 0 0 1.129403e+01 1.369977e+00 1.653983e+00 3.385959e+00 1.686047e+01 6.370271e+00 1.121101e+00 1.158325e+01 1.062939e+00 
383 3831  2.968811795530517550e+00 0 0 1.129412e+01 1.369825e+00 1.654258e+00 3.386670e+00 1.686021e+01 6.369011e+00 1.120577e+00 1.157981e+01 1.062636e+00 
384 3841  2.971288346157867188e+00 0 0 1.129413e+01 1.369617e+00 1.654088e+00 3.386511e+00 1.686104e+01 6.369455e+00 1.120874e+00 1.158321e+01 1.062689e+00 
385 3851  2.969501542623026236e+00 0 0 1.129472e+01 1.369818e+00 1.653932e+00 3.386430e+00 1.686249e+01 6.370673e+00 1.121391e+00 1.158561e+01 1.062384e+00 
386 3861  2.969273329536706196e+00 0 0 1.129522e+01 1.369738e+00 1.653902e+00 3.385797e+00 1.686030e+01 6.370680e+00 1.121962e+00 1.158880e+01 1.064010e+00 
387 3871  2.970045333806957899e+00 0 0 1.129333e+01 1.369469e+00 1.653772e+00 3.386108e+00 1.685838e+01 6.368740e+00 1.122265e+00 1.158786e+01 1.065004e+00 
388 3881  2.968887421038215013e+00 0 0 1.129358e+01 1.369339e+00 1.653840e+00 3.385591e+00 1.686080e+01 6.368029e+00 1.122205e+00 1.158947e+01 1.063166e+00 
389 3891  2.970214528111065011e+00 0 0 1.129219e+01 1.369114e+00 1.653816e+00 3.385161e+00 1.685905e+01 6.366426e+00 1.122550e+00 1.158973e+01 1.063179e+00 
390 3901  2.969568839095797497e+00 0 0 1.129064e+01 1.369040e+00 1.653956e+00 3.385990e+00 1.686088e+01 6.365566e+00 1.122666e+00 1.159144e+01 1.063079e+00 
391 3911  2.969706852882546766e+00 0 0 1.129371e+01 1.369796e+00 1.653957e+00 3.386277e+00 1.685970e+01 6.369368e+00 1.121805e+00 1.158377e+01 1.063388e+00 
392 3921  2.969590597850851221e+00 0 0 1.129372e+01 1.369874e+00 1.653823e+00 3.385447e+00 1.685712e+01 6.369624e+00 1.122448e+00 1.158770e+01 1.065560e+00 
393 3931  2.969361172902568402e+00 0 0 1.128875e+01 1.369274e+00 1.654431e+00 3.385330e+00 1.685261e+01 6.363770e+00 1.121308e+00 1.158151e+01 1.064551e+00 
394 3941  2.974684767426954757e+00 0 0 1.128771e+01 1.369271e+00 1.654147e+00 3.385586e+00 1.685270e+01 6.365034e+00 1.121478e+00 1.158358e+01 1.064846e+00 
395 3951  2.969220295453429692e+00 0 0 1.129062e+01 1.369670e+00 1.654005e+00 3.385717e+00 1.685426e+01 6.366891e+00 1.121970e+00 1.158240e+01 1.065205e+00 
396 3961  2.970227168411360807e+00 0 0 1.129112e+01 1.369591e+00 1.653987e+00 3.385337e+00 1.685426e+01 6.366699e+00 1.122432e+00 1.158449e+01 1.064943e+00 
397 3971  2.970155237972003537e+00 0 0 1.129431e+01 1.369881e+00 1.653658e+00 3.385768e+00 1.685742e+01 6.370228e+00 1.122572e+00 1.158659e+01 1.065648e+00 
398 3981  2.969797808072138778e+00 0 0 1.129107e+01 1.369453e+00 1.653432e+00 3.385072e+00 1.685599e+01 6.369513e+00 1.122897e+00 1.158990e+01 1.064764e+00 
399 3991  2.982174160487412795e+00 0 0 1.128956e+01 1.369456e+00 1.653386e+00 3.385547e+00 1.685560e+01 6.369281e+00 1.123549e+00 1.159046e+01 1.065026e+00 
400 4001  2.969857389384104263e+00 0 0 1.129159e+01 1.369988e+00 1.653349e+00 3.385413e+00 1.685566e+01 6.372915e+00 1.122376e+00 1.158819e+01 1.065572e+00 
401 4011  2.969400415447991382e+00 0 0 1.129092e+01 1.370116e+00 1.652912e+00 3.384302e+00 1.685593e+01 6.373873e+00 1.123792e+00 1.159341e+01 1.065383e+00 
402 4021  2.968603510394485223e+00 0 0 1.128842e+01 1.369663e+00 1.653587e+00 3.385283e+00 1.685541e+01 6.369876e+00 1.122187e+00 1.158692e+01 1.063743e+00 
403 4031  2.969411893575983896e+00 0 0 1.129244e+01 1.370028e+00 1.652848e+00 3.385050e+00 1.685775e+01 6.373998e+00 1.124388e+00 1.159724e+01 1.066894e+00 
404 4041  2.969765779127082173e+00 0 0 1.129266e+01 1.370050e+00 1.653064e+00 3.385099e+00 1.685629e+01 6.373281e+00 1.124278e+00 1.159367e+01 1.066769e+00 
405 4051  2.969751415225479807e+00 0 0 1.129223e+01 1.370088e+00 1.652838e+00 3.384926e+00 1.685607e+01 6.375186e+00 1.123945e+00 1.159525e+01 1.066813e+00 
406 4061  2.969892692564320313e+00 0 0 1.129398e+01 1.370268e+00 1.653139e+00 3.385376e+00 1.685744e+01 6.374695e+00 1.123608e+00 1.159248e+01 1.066511e+00 
407 4071  2.969710023676480848e+00 0 0 1.129221e+01 1.370255e+00 1.652901e+00 3.384985e+00 1.685589e+01 6.375332e+00 1.123764e+00 1.159306e+01 1.066671e+00 
408 4081  2.969572135234217480e+00 0 0 1.129271e+01 1.370177e+00 1.653418e+00 3.385250e+00 1.685649e+01 6.372132e+00 1.123091e+00 1.158802e+01 1.065591e+00 
409 4091  2.970318831614005006e+00 0 0 1.129231e+01 1.370293e+00 1.653267e+00 3.385492e+00 1.685601e+01 6.374424e+00 1.122751e+00 1.158775e+01 1.065878e+00 
410 4101  2.969773893489823902e+00 0 0 1.129195e+01 1.370121e+00 1.653196e+00 3.386031e+00 1.685647e+01 6.373325e+00 1.123053e+00 1.158740e+01 1.065683e+00 
411 4111  2.969928117705747272e+00 0 0 1.129136e+01 1.369939e+00 1.653583e+00 3.385977e+00 1.685492e+01 6.371380e+00 1.122533e+00 1.158550e+01 1.065624e+00 
412 4121  2.969751139843373355e+00 0 0 1.129121e+01 1.370004e+00 1.653566e+00 3.386101e+00 1.685633e+01 6.370816e+00 1.122834e+00 1.158553e+01 1.064980e+00 
413 4131  2.969431905064991106e+00 0 0 1.129080e+01 1.370148e+00 1.653471e+00 3.386108e+00 1.685582e+01 6.372174e+00 1.122930e+00 1.158643e+01 1.065356e+00 
414 4141  2.970182942195377152e+00 0 0 1.128886e+01 1.369724e+00 1.653508e+00 3.386147e+00 1.685629e+01 6.369241e+00 1.122954e+00 1.158510e+01 1.063780e+00 
415 4151  2.969532310568384403e+00 0 0 1.128917e+01 1.369925e+00 1.653707e+00 3.386397e+00 1.685641e+01 6.370357e+00 1.122045e+00 1.158367e+01 1.063788e+00 
416 4161  2.969626588884228369e+00 0 0 1.128954e+01 1.369855e+00 1.653809e+00 3.386907e+00 1.685634e+01 6.368525e+00 1.122618e+00 1.158183e+01 1.064083e+00 
417 4171  2.969355713883566672e+00 0 0 1.129058e+01 1.370121e+00 1.653769e+00 3.386908e+00 1.685722e+01 6.370194e+00 1.122276e+00 1.158053e+01 1.063764e+00 
418 4181  2.969859994617343180e+00 0 0 1.128935e+01 1.370080e+00 1.653759e+00 3.387186e+00 1.685712e+01 6.369597e+00 1.122116e+00 1.157916e+01 1.063380e+00 
419 4191  2.968579859766554918e+00 0 0 1.129122e+01 1.370052e+00 1.653721e+00 3.387490e+00 1.685724e+01 6.370789e+00 1.122717e+00 1.158234e+01 1.064699e+00 
420 4201  2.971150934414127587e+00 0 0 1.128902e+01 1.369881e+00 1.654023e+00 3.387822e+00 1.685810e+01 6.368134e+00 1.121652e+00 1.157838e+01 1.062550e+00 
421 4211  2.969769960841232237e+00 0 0 1.128948e+01 1.369899e+00 1.653984e+00 3.387934e+00 1.685738e+01 6.367861e+00 1.121437e+00 1.157559e+01 1.063207e+00 
422 4221  2.970000269078876709e+00 0 0 1.129061e+01 1.370242e+00 1.653959e+00 3.387936e+00 1.685787e+01 6.370499e+00 1.120991e+00 1.157504e+01 1.062984e+00 
423 4231  2.971876628934547515e+00 0 0 1.129130e+01 1.370213e+00 1.653866e+00 3.388678e+00 1.685791e+01 6.371792e+00 1.121205e+00 1.157592e+01 1.064062e+00 
424 4241  2.970098314153154284e+00 0 0 1.129345e+01 1.370490e+00 1.654012e+00 3.388756e+00 1.685989e+01 6.371603e+00 1.120907e+00 1.157357e+01 1.063821e+00 
425 4251  2.971931533875586950e+00 0 0 1.129019e+01 1.370164e+00 1.654162e+00 3.388498e+00 1.686026e+01 6.368585e+00 1.120141e+00 1.157270e+01 1.062252e+00 
426 4261  2.969778004097376467e+00 0 0 1.129060e+01 1.370392e+00 1.654483e+00 3.388600e+00 1.685913e+01 6.369611e+00 1.118958e+00 1.156663e+01 1.060958e+00 
427 4271  2.969485050347560051e+00 0 0 1.129028e+01 1.370101e+00 1.654684e+00 3.388408e+00 1.685854e+01 6.367877e+00 1.118373e+00 1.156613e+01 1.060728e+00 
428 4281  2.975526137051987874e+00 0 0 1.129230e+01 1.370051e+00 1.654129e+00 3.387972e+00 1.686110e+01 6.370838e+00 1.120156e+00 1.157536e+01 1.061106e+00 
429 4291  2.969414858338162766e+00 0 0 1.129449e+01 1.370900e+00 1.654234e+00 3.389347e+00 1.686470e+01 6.373794e+00 1.118953e+00 1.156694e+01 1.059931e+00 
430 4301  2.974651292214771203e+00 0 0 1.129143e+01 1.370519e+00 1.654292e+00 3.389400e+00 1.686415e+01 6.370228e+00 1.119566e+00 1.156887e+01 1.059853e+00 
431 4311  2.969675413682498988e+00 0 0 1.129003e+01 1.370146e+00 1.654344e+00 3.389084e+00 1.686255e+01 6.368278e+00 1.119597e+00 1.156757e+01 1.059126e+00 
432 4321  2.969127778094187597e+00 0 0 1.129063e+01 1.370001e+00 1.654165e+00 3.388374e+00 1.686023e+01 6.369866e+00 1.120341e+00 1.157347e+01 1.060965e+00 
433 4331  2.969861862022766807e+00 0 0 1.129225e+01 1.370411e+00 1.654509e+00 3.388725e+00 1.686127e+01 6.370757e+00 1.118924e+00 1.156871e+01 1.060368e+00 
434 4341  2.969691822479703092e+00 0 0 1.129122e+01 1.370017e+00 1.653903e+00 3.387367e+00 1.685748e+01 6.371554e+00 1.121033e+00 1.157893e+01 1.063085e+00 
435 4351  2.972815750952751301e+00 0 0 1.129197e+01 1.370123e+00 1.653886e+00 3.387141e+00 1.685868e+01 6.371596e+00 1.121538e+00 1.158009e+01 1.062810e+00 
436 4361  2.970263526192069570e+00 0 0 1.129301e+01 1.370342e+00 1.654420e+00 3.388409e+00 1.686071e+01 6.370734e+00 1.119795e+00 1.157154e+01 1.061287e+00 
437 4371  2.970282530985284719e+00 0 0 1.129309e+01 1.370305e+00 1.654477e+00 3.388628e+00 1.686163e+01 6.370539e+00 1.119634e+00 1.157035e+01 1.060389e+00 
438 4381  2.969580087517305067e+00 0 0 1.129256e+01 1.369993e+00 1.654264e+00 3.387573e+00 1.685897e+01 6.370227e+00 1.120895e+00 1.157711e+01 1.062290e+00 
439 4391  2.970263116595710073e+00 0 0 1.129246e+01 1.370178e+00 1.654532e+00 3.387926e+00 1.685883e+01 6.369861e+00 1.120224e+00 1.157210e+01 1.061499e+00 
440 4401  2.969401268842735586e+00 0 0 1.129212e+01 1.370199e+00 1.654169e+00 3.387000e+00 1.685687e+01 6.370630e+00 1.121739e+00 1.157810e+01 1.063346e+00 
441 4411  2.970310930704567642e+00 0 0 1.129243e+01 1.370297e+00 1.654922e+00 3.389509e+00 1.686152e+01 6.366410e+00 1.119917e+00 1.156315e+01 1.059775e+00 
442 4421  2.970715558369505516e+00 0 0 1.129085e+01 1.370436e+00 1.653748e+00 3.386803e+00 1.685739e+01 6.370556e+00 1.122909e+00 1.157844e+01 1.063171e+00 
443 4431  2.968537218612819828e+00 0 0 1.129135e+01 1.370336e+00 1.654339e+00 3.388231e+00 1.686062e+01 6.369251e+00 1.121245e+00 1.157109e+01 1.060082e+00 
444 4441  2.970415633005869527e+00 0 0 1.129226e+01 1.370605e+00 1.653407e+00 3.387755e+00 1.686359e+01 6.373142e+00 1.123584e+00 1.158075e+01 1.061124e+00 
445 4451  2.972071008614542098e+00 0 0 1.129435e+01 1.371264e+00 1.652959e+00 3.388729e+00 1.686618e+01 6.376432e+00 1.124682e+00 1.158297e+01 1.063027e+00 
446 4461  2.970209947764519409e+00 0 0 1.129584e+01 1.371214e+00 1.653699e+00 3.388263e+00 1.686165e+01 6.376721e+00 1.122973e+00 1.157918e+01 1.063660e+00 
447 4471  2.970454353353594090e+00 0 0 1.129695e+01 1.371141e+00 1.653754e+00 3.387052e+00 1.686134e+01 6.375418e+00 1.122905e+00 1.158082e+01 1.064244e+00 
448 4481  2.970626300651204588e+00 0 0 1.129508e+01 1.371074e+00 1.652581e+00 3.385699e+00 1.685934e+01 6.376952e+00 1.127309e+00 1.159720e+01 1.067617e+00 
449 4491  2.970632474049123672e+00 0 0 1.129269e+01 1.370797e+00 1.654163e+00 3.388013e+00 1.686190e+01 6.369617e+00 1.123239e+00 1.157789e+01 1.062276e+00 
450 4501  2.970538031583663585e+00 0 0 1.129040e+01 1.370627e+00 1.653662e+00 3.388123e+00 1.686232e+01 6.368350e+00 1.125748e+00 1.158221e+01 1.062434e+00 
451 4511  2.970913942980986988e+00 0 0 1.129149e+01 1.371664e+00 1.652784e+00 3.387668e+00 1.686308e+01 6.375683e+00 1.126709e+00 1.158483e+01 1.063952e+00 
452 4521  2.970397602723779507e+00 0 0 1.129606e+01 1.372001e+00 1.653377e+00 3.388276e+00 1.686607e+01 6.377390e+00 1.123979e+00 1.157531e+01 1.061838e+00 
453 4531  2.969653543523524508e+00 0 0 1.129194e+01 1.371216e+00 1.651869e+00 3.385875e+00 1.685766e+01 6.380504e+00 1.128994e+00 1.160354e+01 1.069423e+00 
454 4541  2.970748207209180869e+00 0 0 1.129106e+01 1.371562e+00 1.651340e+00 3.384609e+00 1.685850e+01 6.381613e+00 1.130366e+00 1.161353e+01 1.071413e+00 
455 4551  2.983353568019628810e+00 0 0 1.129144e+01 1.371107e+00 1.652001e+00 3.384590e+00 1.685652e+01 6.377204e+00 1.128910e+00 1.160432e+01 1.069601e+00 
456 4561  2.970569315095651586e+00 0 0 1.129362e+01 1.370883e+00 1.652799e+00 3.387953e+00 1.686541e+01 6.373604e+00 1.127061e+00 1.159438e+01 1.065563e+00 
457 4571  2.970625798008621476e+00 0 0 1.129191e+01 1.371095e+00 1.651026e+00 3.383348e+00 1.685361e+01 6.381538e+00 1.132901e+00 1.162354e+01 1.074829e+00 
458 4581  2.969987172401188591e+00 0 0 1.129287e+01 1.371378e+00 1.651596e+00 3.385080e+00 1.686109e+01 6.379884e+00 1.130808e+00 1.160991e+01 1.068845e+00 
459 4591  2.970300864539678898e+00 0 0 1.129435e+01 1.371123e+00 1.650301e+00 3.382265e+00 1.686070e+01 6.384365e+00 1.133413e+00 1.162685e+01 1.070522e+00 
460 4601  2.970817759630007604e+00 0 0 1.129303e+01 1.371399e+00 1.651689e+00 3.386981e+00 1.686196e+01 6.380421e+00 1.129551e+00 1.160161e+01 1.067933e+00 
461 4611  2.975469191582176709e+00 0 0 1.129225e+01 1.370906e+00 1.651233e+00 3.385151e+00 1.686169e+01 6.381624e+00 1.129818e+00 1.161243e+01 1.068098e+00 
462 4621  2.970030849296561470e+00 0 0 1.129288e+01 1.370813e+00 1.650852e+00 3.385658e+00 1.686046e+01 6.383392e+00 1.131093e+00 1.161775e+01 1.070910e+00 
463 4631  2.975309531138751407e+00 0 0 1.129449e+01 1.371415e+00 1.651136e+00 3.387675e+00 1.687172e+01 6.381795e+00 1.129743e+00 1.160553e+01 1.064871e+00 
464 4641  2.970687523854081746e+00 0 0 1.129158e+01 1.370668e+00 1.651497e+00 3.385805e+00 1.686498e+01 6.375773e+00 1.129911e+00 1.160620e+01 1.066126e+00 
465 4651  2.970839420431667932e+00 0 0 1.128952e+01 1.370737e+00 1.652594e+00 3.387459e+00 1.686422e+01 6.370563e+00 1.127495e+00 1.158783e+01 1.062952e+00 
466 4661  2.972149088567474617e+00 0 0 1.129856e+01 1.371860e+00 1.652073e+00 3.386934e+00 1.686615e+01 6.382545e+00 1.126730e+00 1.159372e+01 1.066484e+00 
467 4671  2.970062915965060224e+00 0 0 1.129417e+01 1.371197e+00 1.651692e+00 3.386868e+00 1.686459e+01 6.379825e+00 1.128905e+00 1.160178e+01 1.067149e+00 
468 4681  2.975948347344132827e+00 0 0 1.129523e+01 1.371350e+00 1.651676e+00 3.386834e+00 1.686855e+01 6.380391e+00 1.128724e+00 1.160141e+01 1.065207e+00 
469 4691  2.969230467906659676e+00 0 0 1.129364e+01 1.371053e+00 1.651829e+00 3.386577e+00 1.686680e+01 6.377810e+00 1.129391e+00 1.160338e+01 1.065659e+00 
470 4701  2.972787340550782087e+00 0 0 1.129321e+01 1.371097e+00 1.652234e+00 3.387358e+00 1.687088e+01 6.374978e+00 1.128014e+00 1.159574e+01 1.062471e+00 
471 4711  2.970754509921271325e+00 0 0 1.129143e+01 1.371060e+00 1.651652e+00 3.386448e+00 1.686814e+01 6.376943e+00 1.129289e+00 1.160110e+01 1.063819e+00 
472 4721  2.969565052926425253e+00 0 0 1.129468e+01 1.371350e+00 1.651228e+00 3.386128e+00 1.686798e+01 6.380945e+00 1.129646e+00 1.160843e+01 1.067517e+00 
473 4731  2.969927712510333162e+00 0 0 1.129252e+01 1.370949e+00 1.650611e+00 3.385255e+00 1.686738e+01 6.380017e+00 1.132103e+00 1.161787e+01 1.068144e+00 
474 4741  2.971037330129582266e+00 0 0 1.129180e+01 1.370804e+00 1.650022e+00 3.383859e+00 1.686294e+01 6.381529e+00 1.134376e+00 1.162792e+01 1.071597e+00 
475 4751  2.970843301631246103e+00 0 0 1.129081e+01 1.370923e+00 1.650238e+00 3.383637e+00 1.686202e+01 6.381392e+00 1.133018e+00 1.162371e+01 1.071084e+00 
476 4761  2.970542520605158998e+00 0 0 1.128683e+01 1.370480e+00 1.650843e+00 3.385336e+00 1.686921e+01 6.374682e+00 1.132022e+00 1.161371e+01 1.063968e+00 
477 4771  2.971062046155740877e+00 0 0 1.128684e+01 1.370287e+00 1.650111e+00 3.382982e+00 1.686265e+01 6.377682e+00 1.135385e+00 1.163183e+01 1.069419e+00 
478 4781  2.970810443603691287e+00 0 0 1.128331e+01 1.370365e+00 1.649311e+00 3.383602e+00 1.686523e+01 6.377304e+00 1.137483e+00 1.163469e+01 1.068695e+00 
479 4791  2.971477866736195850e+00 0 0 1.128601e+01 1.370400e+00 1.650503e+00 3.385736e+00 1.686783e+01 6.374508e+00 1.133481e+00 1.161553e+01 1.065092e+00 
480 4801  2.971040225492073361e+00 0 0 1.128091e+01 1.370474e+00 1.649813e+00 3.383146e+00 1.686391e+01 6.374678e+00 1.136515e+00 1.163045e+01 1.067687e+00 
481 4811  2.970494850323624370e+00 0 0 1.128751e+01 1.371051e+00 1.649616e+00 3.383370e+00 1.686498e+01 6.379518e+00 1.137624e+00 1.163567e+01 1.070792e+00 
482 4821  2.970713279893812064e+00 0 0 1.128496e+01 1.370760e+00 1.650519e+00 3.386431e+00 1.686822e+01 6.375689e+00 1.133580e+00 1.161367e+01 1.064652e+00 
483 4831  2.972597841687107945e+00 0 0 1.128432e+01 1.370397e+00 1.649590e+00 3.386929e+00 1.687151e+01 6.373595e+00 1.136995e+00 1.162257e+01 1.066418e+00 
