%  columns="iteration, evaluation, sigma, max axis length, min axis length, all principal axes lengths (sorted square roots of eigenvalues of C)" (startseed=212235, 2015/08/6 15:54:24.36)
1 11 1.568334e+01 1.004714e+00 4.946133e-02 4.946133e-02 5.435221e-02 2.311496e-01 3.354743e-01 3.420277e-01 4.434564e-01 4.477787e-01 9.591912e-01 1.004714e+00 
2 21 1.553356e+01 1.008374e+00 5.048712e-02 5.048712e-02 5.429699e-02 2.275120e-01 3.308188e-01 3.434403e-01 4.365135e-01 4.396560e-01 9.435585e-01 1.008374e+00 
3 31 1.447905e+01 9.940582e-01 5.128279e-02 5.128279e-02 5.479738e-02 2.302855e-01 3.284852e-01 3.415294e-01 4.313718e-01 4.343648e-01 9.249285e-01 9.940582e-01 
4 41 1.480339e+01 1.026001e+00 5.052263e-02 5.052263e-02 5.419491e-02 2.301659e-01 3.258983e-01 3.478281e-01 4.240344e-01 4.263643e-01 9.461548e-01 1.026001e+00 
5 51 1.478263e+01 1.024814e+00 5.024737e-02 5.024737e-02 5.332268e-02 2.301061e-01 3.263692e-01 3.452885e-01 4.283894e-01 4.375261e-01 9.438154e-01 1.024814e+00 
6 61 1.495165e+01 1.040406e+00 5.011564e-02 5.011564e-02 5.269018e-02 2.333307e-01 3.231150e-01 3.397778e-01 4.213712e-01 4.383347e-01 9.442032e-01 1.040406e+00 
7 71 1.599764e+01 1.074510e+00 4.962833e-02 4.962833e-02 5.314331e-02 2.302056e-01 3.285972e-01 3.366732e-01 4.139248e-01 4.463177e-01 9.448500e-01 1.074510e+00 
8 81 1.766951e+01 1.132464e+00 5.148346e-02 5.148346e-02 5.236977e-02 2.264776e-01 3.237485e-01 3.307754e-01 4.265694e-01 4.396888e-01 9.510705e-01 1.132464e+00 
9 91 2.021995e+01 1.209993e+00 5.141043e-02 5.141043e-02 5.256994e-02 2.227826e-01 3.178104e-01 3.259947e-01 4.282848e-01 4.396533e-01 9.580496e-01 1.209993e+00 
10 101 2.014100e+01 1.239680e+00 5.061622e-02 5.061622e-02 5.215223e-02 2.193384e-01 3.113363e-01 3.199073e-01 4.282954e-01 4.356955e-01 9.456709e-01 1.239680e+00 
11 111 1.891996e+01 1.227273e+00 5.011739e-02 5.011739e-02 5.178559e-02 2.179208e-01 3.152021e-01 3.180413e-01 4.265702e-01 4.332765e-01 9.303652e-01 1.227273e+00 
12 121 1.851747e+01 1.229717e+00 4.914249e-02 4.914249e-02 5.186235e-02 2.160601e-01 3.102247e-01 3.216524e-01 4.227409e-01 4.396707e-01 9.643286e-01 1.229717e+00 
13 131 1.942269e+01 1.214038e+00 4.891924e-02 4.891924e-02 5.432746e-02 2.126726e-01 3.049079e-01 3.152687e-01 4.183173e-01 4.354914e-01 9.994344e-01 1.214038e+00 
14 141 2.018634e+01 1.200028e+00 4.960148e-02 4.960148e-02 5.476313e-02 2.122852e-01 3.023334e-01 3.123031e-01 4.168951e-01 4.392750e-01 9.939274e-01 1.200028e+00 
15 151 2.201716e+01 1.213699e+00 5.005086e-02 5.005086e-02 5.641963e-02 2.131087e-01 3.001352e-01 3.076905e-01 4.114916e-01 4.387566e-01 9.829727e-01 1.213699e+00 
16 161 2.208279e+01 1.196216e+00 4.975761e-02 4.975761e-02 6.015263e-02 2.116935e-01 2.968332e-01 3.062503e-01 4.048541e-01 4.494047e-01 9.698867e-01 1.196216e+00 
17 171 2.136452e+01 1.217297e+00 4.914980e-02 4.914980e-02 6.242590e-02 2.095336e-01 2.951780e-01 3.039041e-01 3.982474e-01 4.471904e-01 9.541904e-01 1.217297e+00 
18 181 2.059849e+01 1.218849e+00 4.969188e-02 4.969188e-02 6.402227e-02 2.081708e-01 2.927808e-01 3.017764e-01 3.996448e-01 4.432821e-01 9.411895e-01 1.218849e+00 
19 191 2.058906e+01 1.206678e+00 4.895024e-02 4.895024e-02 6.490784e-02 2.051390e-01 2.897369e-01 2.991101e-01 3.918126e-01 4.366884e-01 9.385968e-01 1.206678e+00 
20 201 2.069634e+01 1.186365e+00 4.846781e-02 4.846781e-02 6.508819e-02 2.033645e-01 2.867917e-01 3.146333e-01 4.037412e-01 4.297487e-01 9.341668e-01 1.186365e+00 
21 211 2.069424e+01 1.173194e+00 4.756692e-02 4.756692e-02 6.437713e-02 1.993784e-01 2.840210e-01 3.189243e-01 3.979282e-01 4.382009e-01 9.228050e-01 1.173194e+00 
22 221 1.918096e+01 1.156802e+00 4.699713e-02 4.699713e-02 6.323076e-02 2.027126e-01 2.797835e-01 3.200590e-01 3.916561e-01 4.394488e-01 9.105367e-01 1.156802e+00 
23 231 1.714644e+01 1.149028e+00 4.616236e-02 4.616236e-02 6.381869e-02 2.000560e-01 2.744113e-01 3.179858e-01 3.844804e-01 4.379041e-01 8.951290e-01 1.149028e+00 
24 241 1.607266e+01 1.173975e+00 4.566677e-02 4.566677e-02 6.361819e-02 1.966537e-01 2.686430e-01 3.162423e-01 3.771486e-01 4.312676e-01 8.891321e-01 1.173975e+00 
25 251 1.608307e+01 1.196708e+00 4.497938e-02 4.497938e-02 6.377751e-02 2.018432e-01 2.631287e-01 3.124310e-01 3.705815e-01 4.236257e-01 9.004460e-01 1.196708e+00 
26 261 1.588063e+01 1.175584e+00 4.473542e-02 4.473542e-02 6.374945e-02 1.999525e-01 2.576976e-01 3.157937e-01 3.676209e-01 4.263909e-01 9.028376e-01 1.175584e+00 
27 271 1.468284e+01 1.154481e+00 4.422236e-02 4.422236e-02 6.266506e-02 1.982229e-01 2.525051e-01 3.144030e-01 3.626144e-01 4.199115e-01 9.072488e-01 1.154481e+00 
28 281 1.333332e+01 1.135369e+00 4.344369e-02 4.344369e-02 6.201140e-02 1.957534e-01 2.474665e-01 3.125520e-01 3.601970e-01 4.122481e-01 8.992804e-01 1.135369e+00 
29 291 1.168785e+01 1.119882e+00 4.324598e-02 4.324598e-02 6.138435e-02 1.936352e-01 2.424955e-01 3.081017e-01 3.538705e-01 4.056711e-01 8.927235e-01 1.119882e+00 
30 301 1.099499e+01 1.116707e+00 4.248628e-02 4.248628e-02 6.419033e-02 1.909222e-01 2.375909e-01 3.056461e-01 3.488158e-01 4.017759e-01 8.900057e-01 1.116707e+00 
31 311 1.036277e+01 1.117581e+00 4.177594e-02 4.177594e-02 6.467458e-02 1.885087e-01 2.332144e-01 3.069823e-01 3.490451e-01 3.986077e-01 8.876747e-01 1.117581e+00 
32 321 9.995132e+00 1.131954e+00 4.155467e-02 4.155467e-02 6.388323e-02 1.951028e-01 2.300535e-01 3.037708e-01 3.481754e-01 3.980602e-01 8.720973e-01 1.131954e+00 
33 331 9.334725e+00 1.113257e+00 4.269326e-02 4.269326e-02 6.335756e-02 1.925136e-01 2.257679e-01 3.043992e-01 3.433575e-01 3.932130e-01 8.605592e-01 1.113257e+00 
34 341 9.531179e+00 1.095658e+00 4.248608e-02 4.248608e-02 6.425245e-02 1.909562e-01 2.210863e-01 3.149942e-01 3.397060e-01 3.858054e-01 8.515319e-01 1.095658e+00 
35 351 9.056658e+00 1.077082e+00 4.178383e-02 4.178383e-02 6.326173e-02 1.911187e-01 2.165693e-01 3.165469e-01 3.450347e-01 3.789254e-01 8.529747e-01 1.077082e+00 
36 361 9.406994e+00 1.064194e+00 4.160849e-02 4.160849e-02 6.222751e-02 1.883817e-01 2.129647e-01 3.277945e-01 3.455901e-01 3.782007e-01 8.935108e-01 1.064194e+00 
37 371 9.586657e+00 1.047630e+00 4.097570e-02 4.097570e-02 6.109767e-02 1.904267e-01 2.100733e-01 3.228356e-01 3.405144e-01 3.906074e-01 8.956962e-01 1.047630e+00 
38 381 9.544578e+00 1.030295e+00 4.027650e-02 4.027650e-02 6.013029e-02 1.869433e-01 2.056418e-01 3.279236e-01 3.372147e-01 3.963967e-01 8.937269e-01 1.030295e+00 
39 391 9.436322e+00 1.024249e+00 3.956332e-02 3.956332e-02 5.900633e-02 1.831947e-01 2.023115e-01 3.225464e-01 3.361047e-01 4.085719e-01 8.795843e-01 1.024249e+00 
40 401 9.974225e+00 1.027562e+00 3.923809e-02 3.923809e-02 5.787928e-02 1.797911e-01 1.984490e-01 3.183520e-01 3.377159e-01 4.413474e-01 8.659956e-01 1.027562e+00 
41 411 9.382974e+00 1.009464e+00 3.861014e-02 3.861014e-02 5.802632e-02 1.795508e-01 1.955977e-01 3.147995e-01 3.335488e-01 4.541382e-01 8.515757e-01 1.009464e+00 
42 421 8.447177e+00 9.927898e-01 3.802393e-02 3.802393e-02 5.703035e-02 1.768909e-01 1.917302e-01 3.110787e-01 3.307882e-01 4.507251e-01 8.441127e-01 9.927898e-01 
43 431 7.916499e+00 9.810028e-01 3.781615e-02 3.781615e-02 5.691270e-02 1.739697e-01 1.884087e-01 3.086844e-01 3.379493e-01 4.434266e-01 8.324113e-01 9.810028e-01 
44 441 7.547626e+00 9.719150e-01 3.818689e-02 3.818689e-02 5.667562e-02 1.711289e-01 1.853285e-01 3.037571e-01 3.343081e-01 4.376149e-01 8.660784e-01 9.719150e-01 
45 451 6.796781e+00 9.624188e-01 3.773713e-02 3.773713e-02 5.590397e-02 1.692365e-01 1.817359e-01 2.976879e-01 3.367678e-01 4.321342e-01 8.695830e-01 9.624188e-01 
46 461 6.516212e+00 9.476473e-01 3.751727e-02 3.751727e-02 5.505611e-02 1.694650e-01 1.787527e-01 2.999501e-01 3.398779e-01 4.275286e-01 8.575796e-01 9.476473e-01 
47 471 6.750339e+00 9.381210e-01 3.868262e-02 3.868262e-02 5.441585e-02 1.667630e-01 1.760397e-01 2.981843e-01 3.477452e-01 4.321063e-01 8.505451e-01 9.381210e-01 
48 481 7.189746e+00 9.249848e-01 4.001532e-02 4.001532e-02 5.503093e-02 1.635692e-01 1.738996e-01 2.922591e-01 3.535289e-01 4.279878e-01 8.368821e-01 9.249848e-01 
49 491 7.231070e+00 9.332902e-01 4.130533e-02 4.130533e-02 5.431755e-02 1.622090e-01 1.706996e-01 2.896835e-01 3.498051e-01 4.251260e-01 8.320505e-01 9.332902e-01 
50 501 7.200860e+00 9.387622e-01 4.146026e-02 4.146026e-02 5.370881e-02 1.597945e-01 1.681618e-01 2.880956e-01 3.471502e-01 4.175754e-01 8.227738e-01 9.387622e-01 
51 511 7.022864e+00 9.457103e-01 4.160067e-02 4.160067e-02 5.384927e-02 1.580922e-01 1.651588e-01 2.848345e-01 3.491615e-01 4.100795e-01 8.122166e-01 9.457103e-01 
52 521 6.694740e+00 9.486059e-01 4.148952e-02 4.148952e-02 5.369745e-02 1.563905e-01 1.621933e-01 2.859092e-01 3.434164e-01 4.055324e-01 8.001928e-01 9.486059e-01 
53 531 6.697025e+00 9.790078e-01 4.239436e-02 4.239436e-02 5.301260e-02 1.545188e-01 1.603777e-01 2.820643e-01 3.380612e-01 4.124526e-01 7.886901e-01 9.790078e-01 
54 541 6.362758e+00 9.752552e-01 4.255221e-02 4.255221e-02 5.207787e-02 1.515810e-01 1.576247e-01 2.803082e-01 3.323794e-01 4.067778e-01 7.957719e-01 9.752552e-01 
55 551 5.726114e+00 9.739518e-01 4.183535e-02 4.183535e-02 5.142983e-02 1.485933e-01 1.563049e-01 2.761038e-01 3.278278e-01 4.016012e-01 7.844794e-01 9.739518e-01 
56 561 5.259747e+00 9.789553e-01 4.100525e-02 4.100525e-02 5.092621e-02 1.458492e-01 1.543940e-01 2.834333e-01 3.244069e-01 3.960457e-01 7.704011e-01 9.789553e-01 
57 571 5.287934e+00 1.008955e+00 4.070903e-02 4.070903e-02 5.075062e-02 1.431478e-01 1.519284e-01 2.846409e-01 3.219918e-01 3.894804e-01 7.693554e-01 1.008955e+00 
58 581 5.034751e+00 1.044105e+00 4.024131e-02 4.024131e-02 5.035851e-02 1.404281e-01 1.495931e-01 2.815462e-01 3.217311e-01 3.840929e-01 7.585257e-01 1.044105e+00 
59 591 4.538842e+00 1.051898e+00 4.069793e-02 4.069793e-02 4.942966e-02 1.377513e-01 1.482125e-01 2.799069e-01 3.283562e-01 3.781916e-01 7.468402e-01 1.051898e+00 
60 601 3.912111e+00 1.032343e+00 4.064564e-02 4.064564e-02 4.857771e-02 1.355115e-01 1.462892e-01 2.771833e-01 3.244266e-01 3.718047e-01 7.338655e-01 1.032343e+00 
61 611 3.583540e+00 1.022310e+00 4.075390e-02 4.075390e-02 4.865409e-02 1.333337e-01 1.449645e-01 2.776488e-01 3.217220e-01 3.649346e-01 7.283791e-01 1.022310e+00 
62 621 3.482438e+00 1.019487e+00 4.116882e-02 4.116882e-02 4.804739e-02 1.311686e-01 1.449944e-01 2.724386e-01 3.241801e-01 3.646287e-01 7.223875e-01 1.019487e+00 
63 631 3.444271e+00 1.031359e+00 4.098216e-02 4.098216e-02 4.743843e-02 1.294507e-01 1.426138e-01 2.682285e-01 3.188329e-01 3.644977e-01 7.157074e-01 1.031359e+00 
64 641 3.556757e+00 1.040159e+00 4.108455e-02 4.108455e-02 4.735915e-02 1.277007e-01 1.409920e-01 2.650192e-01 3.334537e-01 3.629926e-01 7.204094e-01 1.040159e+00 
65 651 3.606646e+00 1.028785e+00 4.098875e-02 4.098875e-02 4.678043e-02 1.270556e-01 1.422905e-01 2.618808e-01 3.347160e-01 3.612574e-01 7.195157e-01 1.028785e+00 
66 661 3.596331e+00 1.043361e+00 4.208091e-02 4.208091e-02 4.669685e-02 1.248792e-01 1.402337e-01 2.567082e-01 3.360392e-01 3.563850e-01 7.145737e-01 1.043361e+00 
67 671 3.605364e+00 1.064377e+00 4.222669e-02 4.222669e-02 4.588164e-02 1.229350e-01 1.381778e-01 2.558827e-01 3.319259e-01 3.519641e-01 7.202691e-01 1.064377e+00 
68 681 3.231565e+00 1.054579e+00 4.195333e-02 4.195333e-02 4.512459e-02 1.210410e-01 1.420506e-01 2.540195e-01 3.272708e-01 3.447351e-01 7.155733e-01 1.054579e+00 
69 691 3.115148e+00 1.064852e+00 4.149369e-02 4.149369e-02 4.546908e-02 1.199348e-01 1.397638e-01 2.566760e-01 3.267486e-01 3.438549e-01 7.091314e-01 1.064852e+00 
70 701 3.306341e+00 1.098927e+00 4.108217e-02 4.108217e-02 4.487519e-02 1.185661e-01 1.369386e-01 2.620405e-01 3.286611e-01 3.496669e-01 6.973690e-01 1.098927e+00 
71 711 3.119166e+00 1.087767e+00 4.192921e-02 4.192921e-02 4.408848e-02 1.182591e-01 1.346580e-01 2.633269e-01 3.278205e-01 3.452483e-01 6.868864e-01 1.087767e+00 
72 721 2.771888e+00 1.076221e+00 4.180657e-02 4.180657e-02 4.344642e-02 1.169596e-01 1.327027e-01 2.627313e-01 3.250647e-01 3.406246e-01 6.944301e-01 1.076221e+00 
73 731 2.687481e+00 1.083862e+00 4.171248e-02 4.171248e-02 4.418699e-02 1.149157e-01 1.302580e-01 2.628875e-01 3.209873e-01 3.387850e-01 7.073490e-01 1.083862e+00 
74 741 2.450230e+00 1.087550e+00 4.101178e-02 4.101178e-02 4.371440e-02 1.127450e-01 1.291105e-01 2.631974e-01 3.183884e-01 3.369647e-01 6.997263e-01 1.087550e+00 
75 751 2.324052e+00 1.098308e+00 4.021756e-02 4.021756e-02 4.369765e-02 1.112868e-01 1.312058e-01 2.606228e-01 3.137383e-01 3.455160e-01 6.921000e-01 1.098308e+00 
76 761 2.121835e+00 1.092290e+00 3.988853e-02 3.988853e-02 4.397339e-02 1.095539e-01 1.293108e-01 2.567029e-01 3.091239e-01 3.397429e-01 6.809483e-01 1.092290e+00 
77 771 2.044144e+00 1.094702e+00 3.951564e-02 3.951564e-02 4.336111e-02 1.076645e-01 1.303721e-01 2.548444e-01 3.030109e-01 3.467912e-01 6.716839e-01 1.094702e+00 
78 781 2.129639e+00 1.085600e+00 3.906010e-02 3.906010e-02 4.284845e-02 1.058372e-01 1.374252e-01 2.533354e-01 3.006344e-01 3.520070e-01 6.596855e-01 1.085600e+00 
79 791 1.996961e+00 1.074981e+00 3.839358e-02 3.839358e-02 4.229390e-02 1.044295e-01 1.373957e-01 2.540489e-01 2.958995e-01 3.483522e-01 6.512803e-01 1.074981e+00 
80 801 2.016306e+00 1.067201e+00 3.886459e-02 3.886459e-02 4.156530e-02 1.025715e-01 1.422226e-01 2.523396e-01 2.927912e-01 3.429942e-01 6.565598e-01 1.067201e+00 
81 811 1.774586e+00 1.064009e+00 3.824161e-02 3.824161e-02 4.078830e-02 1.007792e-01 1.427152e-01 2.477710e-01 2.923427e-01 3.439255e-01 6.460911e-01 1.064009e+00 
82 821 1.638075e+00 1.064348e+00 3.767548e-02 3.767548e-02 4.019475e-02 9.898592e-02 1.412506e-01 2.501008e-01 2.883641e-01 3.394054e-01 6.367214e-01 1.064348e+00 
83 831 1.577695e+00 1.048224e+00 3.763381e-02 3.763381e-02 4.106217e-02 9.730611e-02 1.397255e-01 2.471281e-01 2.829789e-01 3.331571e-01 6.457488e-01 1.048224e+00 
84 841 1.463291e+00 1.028803e+00 3.755577e-02 3.755577e-02 4.099652e-02 9.540544e-02 1.374284e-01 2.426726e-01 2.814972e-01 3.269011e-01 6.410398e-01 1.028803e+00 
85 851 1.321772e+00 1.022048e+00 3.708683e-02 3.708683e-02 4.059437e-02 9.436886e-02 1.345816e-01 2.379292e-01 2.793664e-01 3.236988e-01 6.349008e-01 1.022048e+00 
86 861 1.406703e+00 1.011099e+00 3.660569e-02 3.660569e-02 4.032752e-02 9.566475e-02 1.372969e-01 2.434327e-01 2.831276e-01 3.349938e-01 6.401002e-01 1.011099e+00 
87 871 1.381838e+00 1.019349e+00 3.622892e-02 3.622892e-02 4.063567e-02 9.386566e-02 1.377528e-01 2.393826e-01 2.786221e-01 3.387723e-01 6.297448e-01 1.019349e+00 
88 881 1.350936e+00 1.034273e+00 3.587262e-02 3.587262e-02 4.065425e-02 9.210654e-02 1.374940e-01 2.363005e-01 2.746998e-01 3.374590e-01 6.407120e-01 1.034273e+00 
89 891 1.262728e+00 1.025897e+00 3.535585e-02 3.535585e-02 4.002632e-02 9.046687e-02 1.364449e-01 2.337502e-01 2.721367e-01 3.439305e-01 6.299354e-01 1.025897e+00 
90 901 1.217025e+00 1.037264e+00 3.475480e-02 3.475480e-02 3.954766e-02 9.143792e-02 1.361249e-01 2.317231e-01 2.694392e-01 3.387146e-01 6.320523e-01 1.037264e+00 
91 911 1.164954e+00 1.019696e+00 3.437271e-02 3.437271e-02 3.990051e-02 9.140357e-02 1.345380e-01 2.277085e-01 2.690974e-01 3.348664e-01 6.333711e-01 1.019696e+00 
92 921 1.134212e+00 1.000324e+00 3.377298e-02 3.377298e-02 4.003251e-02 9.049014e-02 1.333148e-01 2.316550e-01 2.645498e-01 3.360977e-01 6.227851e-01 1.000324e+00 
93 931 1.075601e+00 9.841541e-01 3.353375e-02 3.353375e-02 3.960586e-02 9.019757e-02 1.323902e-01 2.327310e-01 2.605923e-01 3.325329e-01 6.186013e-01 9.841541e-01 
94 941 1.042300e+00 9.682692e-01 3.378296e-02 3.378296e-02 3.946949e-02 9.083107e-02 1.301241e-01 2.292694e-01 2.558215e-01 3.365912e-01 6.193351e-01 9.682692e-01 
95 951 9.862981e-01 9.487994e-01 3.361547e-02 3.361547e-02 3.914631e-02 8.950627e-02 1.301119e-01 2.271910e-01 2.568761e-01 3.349604e-01 6.153751e-01 9.487994e-01 
96 961 9.523828e-01 9.502912e-01 3.317492e-02 3.317492e-02 3.848277e-02 8.860869e-02 1.334860e-01 2.259428e-01 2.536146e-01 3.367947e-01 6.169844e-01 9.502912e-01 
97 971 9.011810e-01 9.495771e-01 3.280411e-02 3.280411e-02 3.958289e-02 8.743364e-02 1.323064e-01 2.226086e-01 2.496467e-01 3.320707e-01 6.078616e-01 9.495771e-01 
98 981 8.504101e-01 9.355280e-01 3.230889e-02 3.230889e-02 4.002697e-02 8.584500e-02 1.359071e-01 2.194291e-01 2.483456e-01 3.270067e-01 5.989598e-01 9.355280e-01 
99 991 7.872279e-01 9.253658e-01 3.317365e-02 3.317365e-02 4.000160e-02 8.409533e-02 1.341421e-01 2.159519e-01 2.440482e-01 3.256300e-01 5.966966e-01 9.253658e-01 
100 1001 8.286132e-01 9.124570e-01 3.376441e-02 3.376441e-02 3.986046e-02 8.357528e-02 1.323209e-01 2.236023e-01 2.445776e-01 3.208175e-01 5.996859e-01 9.124570e-01 
101 1011 8.528501e-01 8.955593e-01 3.489982e-02 3.489982e-02 3.954431e-02 8.210923e-02 1.302758e-01 2.217067e-01 2.420649e-01 3.166914e-01 5.965478e-01 8.955593e-01 
102 1021 8.226098e-01 9.136798e-01 3.467808e-02 3.467808e-02 3.959498e-02 8.073651e-02 1.278814e-01 2.177592e-01 2.452916e-01 3.180469e-01 5.898203e-01 9.136798e-01 
103 1031 8.745677e-01 9.386678e-01 3.438246e-02 3.438246e-02 4.067735e-02 7.992115e-02 1.259701e-01 2.137302e-01 2.416804e-01 3.247799e-01 5.948253e-01 9.386678e-01 
104 1041 9.253245e-01 9.324462e-01 3.448831e-02 3.448831e-02 4.014357e-02 7.871337e-02 1.281095e-01 2.116148e-01 2.387530e-01 3.372307e-01 5.963890e-01 9.324462e-01 
105 1051 1.015256e+00 9.246619e-01 3.408139e-02 3.408139e-02 4.021846e-02 7.749321e-02 1.258150e-01 2.090035e-01 2.351554e-01 3.562302e-01 6.067968e-01 9.246619e-01 
106 1061 9.924411e-01 9.310387e-01 3.349866e-02 3.349866e-02 3.961206e-02 7.634332e-02 1.252860e-01 2.053819e-01 2.312469e-01 3.601415e-01 6.043073e-01 9.310387e-01 
107 1071 9.706380e-01 9.189827e-01 3.327981e-02 3.327981e-02 3.888091e-02 7.594856e-02 1.270904e-01 2.017227e-01 2.369748e-01 3.572944e-01 5.966885e-01 9.189827e-01 
108 1081 8.690065e-01 9.204161e-01 3.276060e-02 3.276060e-02 3.964820e-02 7.517555e-02 1.253842e-01 1.993603e-01 2.332815e-01 3.578316e-01 5.907546e-01 9.204161e-01 
109 1091 7.760642e-01 9.036551e-01 3.216973e-02 3.216973e-02 3.932657e-02 7.374941e-02 1.242121e-01 1.956515e-01 2.305291e-01 3.671862e-01 5.876145e-01 9.036551e-01 
110 1101 7.597313e-01 9.097851e-01 3.189068e-02 3.189068e-02 3.961593e-02 7.353428e-02 1.256558e-01 1.917269e-01 2.287259e-01 3.675503e-01 5.803719e-01 9.097851e-01 
111 1111 7.788357e-01 9.198052e-01 3.198530e-02 3.198530e-02 3.893620e-02 7.244126e-02 1.257074e-01 1.883580e-01 2.391757e-01 3.611668e-01 5.764362e-01 9.198052e-01 
112 1121 7.995368e-01 9.079704e-01 3.214127e-02 3.214127e-02 3.887418e-02 7.134581e-02 1.304496e-01 1.858221e-01 2.434385e-01 3.569075e-01 5.839647e-01 9.079704e-01 
113 1131 7.492331e-01 9.141753e-01 3.183312e-02 3.183312e-02 3.822299e-02 7.045598e-02 1.295760e-01 1.830203e-01 2.419642e-01 3.511628e-01 5.787223e-01 9.141753e-01 
114 1141 6.988264e-01 8.983127e-01 3.141276e-02 3.141276e-02 3.801224e-02 6.950361e-02 1.295295e-01 1.796887e-01 2.374683e-01 3.462377e-01 5.952804e-01 8.983127e-01 
115 1151 6.474006e-01 8.815980e-01 3.098060e-02 3.098060e-02 3.817206e-02 6.884774e-02 1.273114e-01 1.763516e-01 2.340019e-01 3.419523e-01 5.944348e-01 8.815980e-01 
116 1161 6.416529e-01 8.831348e-01 3.086309e-02 3.086309e-02 3.863056e-02 6.787535e-02 1.266895e-01 1.756066e-01 2.335305e-01 3.426637e-01 5.942834e-01 8.831348e-01 
117 1171 6.752503e-01 8.771708e-01 3.045326e-02 3.045326e-02 3.900242e-02 6.695064e-02 1.246390e-01 1.742850e-01 2.422898e-01 3.415675e-01 5.943789e-01 8.771708e-01 
118 1181 6.813965e-01 8.798233e-01 3.017917e-02 3.017917e-02 3.906242e-02 6.606096e-02 1.240743e-01 1.717735e-01 2.401916e-01 3.463715e-01 6.063325e-01 8.798233e-01 
119 1191 7.322721e-01 8.661504e-01 2.968592e-02 2.968592e-02 3.860157e-02 6.482695e-02 1.220503e-01 1.691145e-01 2.375981e-01 3.688930e-01 6.344838e-01 8.661504e-01 
120 1201 7.316521e-01 8.597991e-01 2.945369e-02 2.945369e-02 3.812841e-02 6.452768e-02 1.197758e-01 1.675866e-01 2.352082e-01 3.650577e-01 6.564621e-01 8.597991e-01 
121 1211 7.309541e-01 8.462858e-01 2.943717e-02 2.943717e-02 3.774410e-02 6.388319e-02 1.176065e-01 1.701205e-01 2.320913e-01 3.779423e-01 6.629580e-01 8.462858e-01 
122 1221 6.901604e-01 8.406351e-01 2.892191e-02 2.892191e-02 3.759665e-02 6.272319e-02 1.164776e-01 1.676768e-01 2.278815e-01 3.899049e-01 6.680257e-01 8.406351e-01 
123 1231 6.500854e-01 8.335169e-01 2.938456e-02 2.938456e-02 3.776073e-02 6.175334e-02 1.166463e-01 1.666889e-01 2.241478e-01 3.878900e-01 6.610283e-01 8.335169e-01 
124 1241 5.931262e-01 8.303025e-01 2.914843e-02 2.914843e-02 3.719461e-02 6.091118e-02 1.149013e-01 1.638814e-01 2.199533e-01 3.881281e-01 6.542374e-01 8.303025e-01 
125 1251 5.609658e-01 8.139528e-01 2.889294e-02 2.889294e-02 3.715826e-02 5.988603e-02 1.127815e-01 1.612246e-01 2.235247e-01 3.833621e-01 6.582838e-01 8.139528e-01 
126 1261 5.526077e-01 8.055131e-01 2.869012e-02 2.869012e-02 3.667857e-02 5.951513e-02 1.119840e-01 1.613354e-01 2.235660e-01 3.931351e-01 6.541754e-01 8.055131e-01 
127 1271 5.591895e-01 7.923237e-01 2.851597e-02 2.851597e-02 3.674178e-02 5.860933e-02 1.102375e-01 1.602924e-01 2.212733e-01 4.176919e-01 6.442129e-01 7.923237e-01 
128 1281 6.387354e-01 7.796988e-01 2.841443e-02 2.841443e-02 3.623328e-02 5.807173e-02 1.101863e-01 1.589134e-01 2.206659e-01 4.422044e-01 6.928352e-01 7.796988e-01 
129 1291 6.118411e-01 7.682821e-01 2.849693e-02 2.849693e-02 3.624889e-02 5.700937e-02 1.087452e-01 1.562284e-01 2.186859e-01 4.467707e-01 7.042560e-01 7.682821e-01 
130 1301 6.211222e-01 7.780521e-01 2.835453e-02 2.835453e-02 3.674829e-02 5.612804e-02 1.068443e-01 1.534540e-01 2.201222e-01 4.436894e-01 6.962471e-01 7.780521e-01 
131 1311 6.288611e-01 7.682664e-01 2.787126e-02 2.787126e-02 3.730573e-02 5.600495e-02 1.067247e-01 1.525183e-01 2.192915e-01 4.465830e-01 6.881627e-01 7.682664e-01 
132 1321 6.209545e-01 7.602940e-01 2.752075e-02 2.752075e-02 3.847673e-02 5.534646e-02 1.065730e-01 1.513411e-01 2.206603e-01 4.405468e-01 6.767213e-01 7.602940e-01 
133 1331 6.100453e-01 7.510116e-01 2.726581e-02 2.726581e-02 3.812897e-02 5.569917e-02 1.054091e-01 1.506988e-01 2.234687e-01 4.329495e-01 6.683736e-01 7.510116e-01 
134 1341 5.800880e-01 7.414214e-01 2.682861e-02 2.682861e-02 3.744555e-02 5.526390e-02 1.068395e-01 1.495949e-01 2.229423e-01 4.349438e-01 6.594298e-01 7.414214e-01 
135 1351 6.231958e-01 7.525893e-01 2.769527e-02 2.769527e-02 3.753293e-02 5.458005e-02 1.089571e-01 1.506555e-01 2.222984e-01 4.354760e-01 6.496027e-01 7.525893e-01 
136 1361 6.007057e-01 7.483011e-01 2.738933e-02 2.738933e-02 3.704833e-02 5.356481e-02 1.076912e-01 1.502227e-01 2.205285e-01 4.345323e-01 6.407326e-01 7.483011e-01 
137 1371 5.687324e-01 7.429276e-01 2.714278e-02 2.714278e-02 3.636547e-02 5.265973e-02 1.082310e-01 1.482399e-01 2.175150e-01 4.313107e-01 6.297574e-01 7.429276e-01 
138 1381 5.697166e-01 7.352829e-01 2.719294e-02 2.719294e-02 3.582776e-02 5.170211e-02 1.074479e-01 1.459234e-01 2.192633e-01 4.385860e-01 6.349888e-01 7.352829e-01 
139 1391 5.469285e-01 7.289484e-01 2.715700e-02 2.715700e-02 3.543228e-02 5.074175e-02 1.085989e-01 1.437565e-01 2.155966e-01 4.441087e-01 6.246712e-01 7.289484e-01 
140 1401 5.612630e-01 7.170332e-01 2.806346e-02 2.806346e-02 3.534424e-02 5.026236e-02 1.109826e-01 1.426495e-01 2.124159e-01 4.386598e-01 6.198163e-01 7.170332e-01 
141 1411 6.209837e-01 7.220055e-01 2.826551e-02 2.826551e-02 3.522070e-02 4.965704e-02 1.107799e-01 1.444772e-01 2.161069e-01 4.371515e-01 6.126195e-01 7.220055e-01 
142 1421 6.283943e-01 7.206783e-01 2.800017e-02 2.800017e-02 3.483817e-02 4.911073e-02 1.096170e-01 1.431718e-01 2.226748e-01 4.297921e-01 6.101041e-01 7.206783e-01 
143 1431 6.129857e-01 7.117814e-01 2.746226e-02 2.746226e-02 3.504317e-02 4.837812e-02 1.097566e-01 1.413236e-01 2.244633e-01 4.236421e-01 6.054439e-01 7.117814e-01 
144 1441 5.852760e-01 7.069950e-01 2.710480e-02 2.710480e-02 3.490352e-02 4.778411e-02 1.080306e-01 1.419017e-01 2.230499e-01 4.209713e-01 5.979752e-01 7.069950e-01 
145 1451 5.522765e-01 6.959388e-01 2.663446e-02 2.663446e-02 3.425075e-02 4.727254e-02 1.075145e-01 1.413979e-01 2.244436e-01 4.193549e-01 5.972436e-01 6.959388e-01 
146 1461 5.140417e-01 6.944394e-01 2.620471e-02 2.620471e-02 3.364138e-02 4.639836e-02 1.066045e-01 1.387741e-01 2.261975e-01 4.222127e-01 5.880284e-01 6.944394e-01 
147 1471 4.525940e-01 6.870238e-01 2.585595e-02 2.585595e-02 3.335908e-02 4.562900e-02 1.053528e-01 1.376547e-01 2.241100e-01 4.210896e-01 5.866905e-01 6.870238e-01 
148 1481 4.049380e-01 6.790237e-01 2.608200e-02 2.608200e-02 3.292764e-02 4.507601e-02 1.040014e-01 1.356887e-01 2.198509e-01 4.155628e-01 5.754827e-01 6.790237e-01 
149 1491 3.744143e-01 6.712190e-01 2.592675e-02 2.592675e-02 3.283936e-02 4.421010e-02 1.024043e-01 1.354974e-01 2.160735e-01 4.091261e-01 5.818738e-01 6.712190e-01 
150 1501 3.437141e-01 6.639085e-01 2.587532e-02 2.587532e-02 3.238548e-02 4.348409e-02 1.006231e-01 1.354751e-01 2.171563e-01 4.073148e-01 5.758922e-01 6.639085e-01 
151 1511 3.105492e-01 6.530754e-01 2.568558e-02 2.568558e-02 3.205021e-02 4.302168e-02 9.907432e-02 1.361970e-01 2.158232e-01 4.043179e-01 5.663437e-01 6.530754e-01 
152 1521 2.788050e-01 6.411927e-01 2.538878e-02 2.538878e-02 3.153585e-02 4.223430e-02 9.707254e-02 1.344603e-01 2.189586e-01 3.981200e-01 5.555637e-01 6.411927e-01 
153 1531 2.682924e-01 6.363287e-01 2.521096e-02 2.521096e-02 3.143117e-02 4.184794e-02 9.687247e-02 1.336744e-01 2.161430e-01 3.936472e-01 5.736918e-01 6.363287e-01 
154 1541 2.538979e-01 6.433423e-01 2.524761e-02 2.524761e-02 3.085355e-02 4.117480e-02 9.574390e-02 1.315610e-01 2.139411e-01 4.095817e-01 5.744894e-01 6.433423e-01 
155 1551 2.371443e-01 6.345866e-01 2.508335e-02 2.508335e-02 3.025324e-02 4.049174e-02 9.403487e-02 1.291532e-01 2.171550e-01 4.051235e-01 5.845627e-01 6.345866e-01 
156 1561 2.173407e-01 6.400094e-01 2.485339e-02 2.485339e-02 2.984192e-02 3.985272e-02 9.411301e-02 1.276138e-01 2.163783e-01 4.009271e-01 5.803793e-01 6.400094e-01 
157 1571 2.017951e-01 6.422815e-01 2.458610e-02 2.458610e-02 2.929359e-02 3.915717e-02 9.360478e-02 1.255078e-01 2.164142e-01 3.937555e-01 5.731661e-01 6.422815e-01 
158 1581 2.146896e-01 6.716109e-01 2.434935e-02 2.434935e-02 2.891468e-02 3.842812e-02 9.461248e-02 1.239239e-01 2.166062e-01 3.885550e-01 5.873368e-01 6.716109e-01 
159 1591 2.203156e-01 7.006777e-01 2.411910e-02 2.411910e-02 2.875995e-02 3.765376e-02 9.650488e-02 1.296271e-01 2.139961e-01 3.821370e-01 5.942581e-01 7.006777e-01 
160 1601 2.315413e-01 7.226149e-01 2.383307e-02 2.383307e-02 2.830922e-02 3.693903e-02 9.511723e-02 1.281866e-01 2.167256e-01 4.093656e-01 5.851917e-01 7.226149e-01 
161 1611 2.324239e-01 7.319869e-01 2.343353e-02 2.343353e-02 2.793778e-02 3.629986e-02 9.636010e-02 1.275025e-01 2.138219e-01 4.103178e-01 5.740345e-01 7.319869e-01 
162 1621 2.385704e-01 7.472573e-01 2.371190e-02 2.371190e-02 2.852199e-02 3.568388e-02 9.514708e-02 1.266248e-01 2.113939e-01 4.090372e-01 5.632350e-01 7.472573e-01 
163 1631 2.291366e-01 7.484256e-01 2.386117e-02 2.386117e-02 2.821289e-02 3.507884e-02 9.407006e-02 1.243295e-01 2.094645e-01 4.058789e-01 5.604036e-01 7.484256e-01 
164 1641 2.235770e-01 7.455655e-01 2.387032e-02 2.387032e-02 2.861224e-02 3.451817e-02 9.308156e-02 1.219264e-01 2.065774e-01 3.980906e-01 5.630425e-01 7.455655e-01 
165 1651 2.316001e-01 7.851691e-01 2.342562e-02 2.342562e-02 2.903755e-02 3.409830e-02 9.222342e-02 1.211776e-01 2.056016e-01 3.960905e-01 5.599047e-01 7.851691e-01 
166 1661 2.277367e-01 7.815192e-01 2.348089e-02 2.348089e-02 2.928900e-02 3.355131e-02 9.124002e-02 1.214217e-01 2.025928e-01 3.890252e-01 5.599151e-01 7.815192e-01 
167 1671 2.247757e-01 7.727427e-01 2.311854e-02 2.311854e-02 2.885301e-02 3.318798e-02 9.030261e-02 1.240729e-01 2.005980e-01 3.848148e-01 5.510808e-01 7.727427e-01 
168 1681 2.292759e-01 7.690692e-01 2.335244e-02 2.335244e-02 2.934381e-02 3.270761e-02 8.915543e-02 1.263060e-01 1.976355e-01 3.849808e-01 5.493904e-01 7.690692e-01 
169 1691 2.188985e-01 7.685046e-01 2.299660e-02 2.299660e-02 2.891079e-02 3.212808e-02 8.838034e-02 1.255226e-01 1.985005e-01 3.882528e-01 5.429569e-01 7.685046e-01 
170 1701 2.029560e-01 7.535180e-01 2.261824e-02 2.261824e-02 2.859063e-02 3.172779e-02 8.777393e-02 1.230595e-01 1.957634e-01 3.870003e-01 5.591403e-01 7.535180e-01 
171 1711 2.007063e-01 7.485832e-01 2.221716e-02 2.221716e-02 2.838173e-02 3.126197e-02 8.654653e-02 1.213924e-01 1.991104e-01 3.834795e-01 5.692119e-01 7.485832e-01 
172 1721 1.895464e-01 7.345086e-01 2.182642e-02 2.182642e-02 2.801111e-02 3.077914e-02 8.539477e-02 1.199732e-01 1.977649e-01 3.928994e-01 5.642557e-01 7.345086e-01 
173 1731 1.848297e-01 7.307255e-01 2.165799e-02 2.165799e-02 2.788020e-02 3.047465e-02 8.482256e-02 1.179616e-01 1.938902e-01 3.973019e-01 5.629568e-01 7.307255e-01 
174 1741 1.719787e-01 7.261012e-01 2.142038e-02 2.142038e-02 2.740081e-02 3.001379e-02 8.352103e-02 1.176248e-01 1.946644e-01 3.993828e-01 5.601487e-01 7.261012e-01 
175 1751 1.590843e-01 7.169572e-01 2.158969e-02 2.158969e-02 2.701073e-02 2.992796e-02 8.234377e-02 1.165816e-01 1.922955e-01 3.954688e-01 5.561773e-01 7.169572e-01 
176 1761 1.547067e-01 7.099448e-01 2.144795e-02 2.144795e-02 2.745843e-02 3.006748e-02 8.210791e-02 1.151664e-01 1.920230e-01 3.876116e-01 5.479585e-01 7.099448e-01 
177 1771 1.522121e-01 7.008146e-01 2.107594e-02 2.107594e-02 2.762148e-02 3.028058e-02 8.123397e-02 1.144255e-01 1.892631e-01 3.836547e-01 5.488147e-01 7.008146e-01 
178 1781 1.599782e-01 6.935552e-01 2.164982e-02 2.164982e-02 2.788184e-02 3.045013e-02 8.043325e-02 1.137102e-01 1.880870e-01 3.768337e-01 5.545807e-01 6.935552e-01 
179 1791 1.594336e-01 6.863957e-01 2.193309e-02 2.193309e-02 2.772986e-02 3.035917e-02 7.911359e-02 1.121609e-01 1.880405e-01 3.715498e-01 5.477784e-01 6.863957e-01 
180 1801 1.713724e-01 6.864360e-01 2.166529e-02 2.166529e-02 2.722479e-02 3.116505e-02 7.936966e-02 1.175073e-01 1.853955e-01 3.707389e-01 5.485921e-01 6.864360e-01 
181 1811 1.940697e-01 6.802681e-01 2.173377e-02 2.173377e-02 2.670214e-02 3.219072e-02 7.862247e-02 1.171983e-01 1.824855e-01 3.891087e-01 5.640556e-01 6.802681e-01 
182 1821 1.959978e-01 6.703336e-01 2.146350e-02 2.146350e-02 2.616781e-02 3.206163e-02 7.820121e-02 1.175305e-01 1.816029e-01 3.984265e-01 5.624250e-01 6.703336e-01 
183 1831 2.173325e-01 6.670530e-01 2.140350e-02 2.140350e-02 2.603365e-02 3.250597e-02 7.892828e-02 1.177524e-01 1.820833e-01 4.076153e-01 5.759897e-01 6.670530e-01 
184 1841 2.331241e-01 6.613845e-01 2.167850e-02 2.167850e-02 2.582544e-02 3.272138e-02 7.798796e-02 1.173938e-01 1.899154e-01 4.114368e-01 5.703936e-01 6.613845e-01 
185 1851 2.179604e-01 6.492355e-01 2.129507e-02 2.129507e-02 2.529681e-02 3.223267e-02 7.772640e-02 1.156472e-01 1.886033e-01 4.289948e-01 5.596447e-01 6.492355e-01 
186 1861 1.927650e-01 6.393069e-01 2.087134e-02 2.087134e-02 2.490288e-02 3.193470e-02 7.669682e-02 1.138640e-01 1.863307e-01 4.283771e-01 5.555484e-01 6.393069e-01 
187 1871 1.735652e-01 6.349856e-01 2.050157e-02 2.050157e-02 2.441550e-02 3.199831e-02 7.523538e-02 1.119314e-01 1.847620e-01 4.290920e-01 5.445743e-01 6.349856e-01 
188 1881 1.723909e-01 6.305563e-01 2.035605e-02 2.035605e-02 2.399494e-02 3.213132e-02 7.385762e-02 1.133420e-01 1.874175e-01 4.234773e-01 5.461258e-01 6.305563e-01 
189 1891 1.652362e-01 6.241847e-01 2.005823e-02 2.005823e-02 2.365009e-02 3.295669e-02 7.301449e-02 1.114233e-01 1.856021e-01 4.196294e-01 5.375751e-01 6.241847e-01 
190 1901 1.506234e-01 6.202855e-01 1.965754e-02 1.965754e-02 2.324543e-02 3.283855e-02 7.321396e-02 1.104275e-01 1.825853e-01 4.135550e-01 5.282639e-01 6.202855e-01 
191 1911 1.523201e-01 6.245535e-01 1.944348e-02 1.944348e-02 2.280468e-02 3.266834e-02 7.201332e-02 1.087671e-01 1.853535e-01 4.251272e-01 5.313128e-01 6.245535e-01 
192 1921 1.591406e-01 6.460210e-01 1.927718e-02 1.927718e-02 2.310765e-02 3.224468e-02 7.149437e-02 1.124677e-01 1.892180e-01 4.207437e-01 5.312785e-01 6.460210e-01 
193 1931 1.567239e-01 6.423854e-01 1.937961e-02 1.937961e-02 2.286556e-02 3.217665e-02 7.104567e-02 1.135201e-01 1.877806e-01 4.140572e-01 5.238452e-01 6.423854e-01 
194 1941 1.428558e-01 6.472059e-01 1.908425e-02 1.908425e-02 2.279870e-02 3.165761e-02 7.061811e-02 1.121594e-01 1.857144e-01 4.069633e-01 5.192885e-01 6.472059e-01 
195 1951 1.386365e-01 6.593312e-01 1.876305e-02 1.876305e-02 2.262512e-02 3.115330e-02 7.049801e-02 1.099165e-01 1.854629e-01 4.013969e-01 5.224643e-01 6.593312e-01 
196 1961 1.537712e-01 6.872586e-01 1.855305e-02 1.855305e-02 2.256898e-02 3.081539e-02 7.354085e-02 1.105734e-01 1.838277e-01 4.016039e-01 5.185695e-01 6.872586e-01 
197 1971 1.657940e-01 6.822083e-01 1.831425e-02 1.831425e-02 2.227698e-02 3.046862e-02 7.394309e-02 1.118742e-01 1.844115e-01 4.102478e-01 5.139334e-01 6.822083e-01 
198 1981 1.609543e-01 6.801269e-01 1.830090e-02 1.830090e-02 2.191432e-02 2.994324e-02 7.322471e-02 1.101542e-01 1.820697e-01 4.128494e-01 5.105632e-01 6.801269e-01 
199 1991 1.528282e-01 6.689147e-01 1.800229e-02 1.800229e-02 2.161929e-02 2.972496e-02 7.241044e-02 1.089289e-01 1.832025e-01 4.231357e-01 5.064916e-01 6.689147e-01 
200 2001 1.550089e-01 6.647602e-01 1.774516e-02 1.774516e-02 2.147101e-02 2.957603e-02 7.104023e-02 1.111065e-01 1.851721e-01 4.259033e-01 4.994631e-01 6.647602e-01 
201 2011 1.533818e-01 6.579558e-01 1.762264e-02 1.762264e-02 2.141629e-02 2.914904e-02 7.102842e-02 1.095026e-01 1.863006e-01 4.215442e-01 5.039451e-01 6.579558e-01 
202 2021 1.416629e-01 6.572908e-01 1.734025e-02 1.734025e-02 2.166005e-02 2.865625e-02 7.000975e-02 1.095045e-01 1.842501e-01 4.146997e-01 5.031267e-01 6.572908e-01 
203 2031 1.487455e-01 6.634300e-01 1.701138e-02 1.701138e-02 2.188456e-02 2.847804e-02 6.958712e-02 1.074547e-01 1.849427e-01 4.306106e-01 4.934831e-01 6.634300e-01 
204 2041 1.407072e-01 6.635246e-01 1.670864e-02 1.670864e-02 2.193056e-02 2.829660e-02 6.872125e-02 1.056849e-01 1.831665e-01 4.276455e-01 5.043728e-01 6.635246e-01 
205 2051 1.486664e-01 7.041060e-01 1.644651e-02 1.644651e-02 2.204798e-02 2.785891e-02 6.844686e-02 1.036871e-01 1.832158e-01 4.346695e-01 4.983608e-01 7.041060e-01 
206 2061 1.416698e-01 7.014618e-01 1.616911e-02 1.616911e-02 2.165728e-02 2.752636e-02 6.782122e-02 1.030268e-01 1.830944e-01 4.304938e-01 4.986301e-01 7.014618e-01 
207 2071 1.367698e-01 7.154047e-01 1.586036e-02 1.586036e-02 2.150304e-02 2.726574e-02 6.689494e-02 1.037204e-01 1.809332e-01 4.268012e-01 4.906630e-01 7.154047e-01 
208 2081 1.382331e-01 7.185681e-01 1.577917e-02 1.577917e-02 2.118024e-02 2.814479e-02 6.577168e-02 1.030891e-01 1.819631e-01 4.259237e-01 4.837486e-01 7.185681e-01 
209 2091 1.245942e-01 7.075421e-01 1.547078e-02 1.547078e-02 2.075649e-02 2.789775e-02 6.457495e-02 1.016316e-01 1.804226e-01 4.217739e-01 4.766182e-01 7.075421e-01 
210 2101 1.259194e-01 7.100771e-01 1.519960e-02 1.519960e-02 2.093184e-02 2.772897e-02 6.385290e-02 1.006759e-01 1.827499e-01 4.193989e-01 4.702674e-01 7.100771e-01 
211 2111 1.258759e-01 7.016952e-01 1.500638e-02 1.500638e-02 2.130018e-02 2.769798e-02 6.299302e-02 9.918468e-02 1.799710e-01 4.126531e-01 4.712764e-01 7.016952e-01 
212 2121 1.265853e-01 6.994844e-01 1.473796e-02 1.473796e-02 2.104759e-02 2.817201e-02 6.230975e-02 9.872325e-02 1.768778e-01 4.129347e-01 4.675134e-01 6.994844e-01 
213 2131 1.183591e-01 6.875565e-01 1.447223e-02 1.447223e-02 2.094985e-02 2.780421e-02 6.162433e-02 9.768312e-02 1.755105e-01 4.102709e-01 4.603916e-01 6.875565e-01 
214 2141 1.284141e-01 7.070311e-01 1.428532e-02 1.428532e-02 2.120845e-02 2.730233e-02 6.174945e-02 9.626823e-02 1.738692e-01 4.438062e-01 4.546819e-01 7.070311e-01 
215 2151 1.355872e-01 7.217062e-01 1.422682e-02 1.422682e-02 2.140348e-02 2.727881e-02 6.106414e-02 9.502566e-02 1.727875e-01 4.470255e-01 4.591801e-01 7.217062e-01 
216 2161 1.385265e-01 7.181249e-01 1.399562e-02 1.399562e-02 2.124840e-02 2.767815e-02 6.133495e-02 9.408901e-02 1.722537e-01 4.414994e-01 4.618930e-01 7.181249e-01 
217 2171 1.417291e-01 7.235097e-01 1.380216e-02 1.380216e-02 2.088306e-02 2.765856e-02 6.123308e-02 9.285854e-02 1.694231e-01 4.340681e-01 4.737336e-01 7.235097e-01 
218 2181 1.471846e-01 7.217206e-01 1.366182e-02 1.366182e-02 2.063016e-02 2.869748e-02 6.003545e-02 9.414984e-02 1.692472e-01 4.308544e-01 4.711739e-01 7.217206e-01 
219 2191 1.421756e-01 7.214041e-01 1.342706e-02 1.342706e-02 2.033632e-02 2.875637e-02 5.902632e-02 9.661782e-02 1.659063e-01 4.243683e-01 4.700388e-01 7.214041e-01 
220 2201 1.279280e-01 7.111913e-01 1.325822e-02 1.325822e-02 2.022599e-02 2.856797e-02 5.835710e-02 9.532510e-02 1.640077e-01 4.223874e-01 4.662516e-01 7.111913e-01 
221 2211 1.236567e-01 6.994371e-01 1.299946e-02 1.299946e-02 1.984217e-02 2.842808e-02 5.770024e-02 9.412100e-02 1.612749e-01 4.303490e-01 4.688747e-01 6.994371e-01 
222 2221 1.160153e-01 6.884826e-01 1.284061e-02 1.284061e-02 1.967713e-02 2.808094e-02 5.722830e-02 9.327469e-02 1.621159e-01 4.250470e-01 4.779531e-01 6.884826e-01 
223 2231 1.116306e-01 6.861933e-01 1.265906e-02 1.265906e-02 1.947835e-02 2.782491e-02 5.772120e-02 9.282991e-02 1.602775e-01 4.210698e-01 4.821563e-01 6.861933e-01 
224 2241 1.076957e-01 6.773057e-01 1.245164e-02 1.245164e-02 1.913564e-02 2.739178e-02 5.683537e-02 9.138527e-02 1.640980e-01 4.168588e-01 4.867075e-01 6.773057e-01 
225 2251 1.043706e-01 6.738908e-01 1.256857e-02 1.256857e-02 1.875149e-02 2.685257e-02 5.578908e-02 8.960817e-02 1.644019e-01 4.211801e-01 4.867541e-01 6.738908e-01 
226 2261 9.575327e-02 6.679229e-01 1.238834e-02 1.238834e-02 1.847032e-02 2.653109e-02 5.484412e-02 8.818470e-02 1.616097e-01 4.313894e-01 4.899099e-01 6.679229e-01 
227 2271 8.876540e-02 6.601163e-01 1.223330e-02 1.223330e-02 1.812935e-02 2.607684e-02 5.471527e-02 8.766954e-02 1.615132e-01 4.301681e-01 4.837627e-01 6.601163e-01 
228 2281 8.403199e-02 6.531098e-01 1.202340e-02 1.202340e-02 1.787523e-02 2.624438e-02 5.379344e-02 9.059568e-02 1.595367e-01 4.263923e-01 4.743366e-01 6.531098e-01 
229 2291 8.853695e-02 6.412373e-01 1.180790e-02 1.180790e-02 1.766621e-02 2.644289e-02 5.315825e-02 9.584919e-02 1.589418e-01 4.193804e-01 4.673477e-01 6.412373e-01 
230 2301 9.792845e-02 6.464100e-01 1.168068e-02 1.168068e-02 1.767899e-02 2.610835e-02 5.259556e-02 9.755116e-02 1.603468e-01 4.273516e-01 4.582535e-01 6.464100e-01 
231 2311 1.072847e-01 6.392698e-01 1.168965e-02 1.168965e-02 1.760587e-02 2.584212e-02 5.174107e-02 9.811173e-02 1.627207e-01 4.356635e-01 4.574909e-01 6.392698e-01 
232 2321 1.203121e-01 6.375572e-01 1.146843e-02 1.146843e-02 1.771540e-02 2.679553e-02 5.100011e-02 9.774074e-02 1.621268e-01 4.491966e-01 4.625066e-01 6.375572e-01 
233 2331 1.305171e-01 6.293240e-01 1.131174e-02 1.131174e-02 1.762607e-02 2.707098e-02 5.047443e-02 9.663393e-02 1.603651e-01 4.467945e-01 4.848511e-01 6.293240e-01 
234 2341 1.270602e-01 6.259765e-01 1.124163e-02 1.124163e-02 1.736980e-02 2.702334e-02 4.982806e-02 9.643187e-02 1.575465e-01 4.400002e-01 4.841462e-01 6.259765e-01 
235 2351 1.177467e-01 6.195069e-01 1.105034e-02 1.105034e-02 1.711659e-02 2.679653e-02 4.893067e-02 9.752440e-02 1.576449e-01 4.352567e-01 4.790187e-01 6.195069e-01 
236 2361 1.117283e-01 6.153530e-01 1.084372e-02 1.084372e-02 1.678931e-02 2.727612e-02 4.809483e-02 9.621630e-02 1.573954e-01 4.290135e-01 4.730623e-01 6.153530e-01 
237 2371 1.178051e-01 6.188187e-01 1.069236e-02 1.069236e-02 1.649902e-02 2.721130e-02 4.827052e-02 9.665619e-02 1.576557e-01 4.320546e-01 5.016584e-01 6.188187e-01 
238 2381 1.146740e-01 6.179168e-01 1.050575e-02 1.050575e-02 1.656142e-02 2.677667e-02 4.823631e-02 9.499422e-02 1.552857e-01 4.315186e-01 4.984773e-01 6.179168e-01 
239 2391 1.148667e-01 6.170035e-01 1.030096e-02 1.030096e-02 1.637837e-02 2.667944e-02 4.746133e-02 9.689158e-02 1.571553e-01 4.244592e-01 4.924144e-01 6.170035e-01 
240 2401 1.196978e-01 6.263989e-01 1.012571e-02 1.012571e-02 1.626128e-02 2.722111e-02 4.704820e-02 9.609858e-02 1.586278e-01 4.169590e-01 4.949798e-01 6.263989e-01 
241 2411 1.211806e-01 6.243287e-01 9.924124e-03 9.924124e-03 1.606124e-02 2.783231e-02 4.679447e-02 9.579954e-02 1.577639e-01 4.102255e-01 4.977265e-01 6.243287e-01 
242 2421 1.181407e-01 6.227752e-01 9.767465e-03 9.767465e-03 1.618965e-02 2.777733e-02 4.629465e-02 9.553556e-02 1.575155e-01 4.038831e-01 4.904641e-01 6.227752e-01 
243 2431 1.140061e-01 6.213820e-01 9.594700e-03 9.594700e-03 1.606399e-02 2.763358e-02 4.554024e-02 9.631950e-02 1.598209e-01 4.035468e-01 4.904385e-01 6.213820e-01 
244 2441 1.112111e-01 6.330387e-01 9.446934e-03 9.446934e-03 1.579223e-02 2.744114e-02 4.629519e-02 9.513074e-02 1.581497e-01 3.960556e-01 4.832217e-01 6.330387e-01 
245 2451 1.105353e-01 6.287992e-01 9.401473e-03 9.401473e-03 1.559419e-02 2.853777e-02 4.561986e-02 9.415262e-02 1.577966e-01 3.949499e-01 4.792742e-01 6.287992e-01 
246 2461 1.003685e-01 6.183507e-01 9.454638e-03 9.454638e-03 1.538429e-02 2.874830e-02 4.545326e-02 9.225713e-02 1.570175e-01 3.885793e-01 4.715923e-01 6.183507e-01 
247 2471 9.926884e-02 6.283509e-01 9.278114e-03 9.278114e-03 1.557137e-02 2.830622e-02 4.508060e-02 9.094773e-02 1.552748e-01 3.823545e-01 4.799344e-01 6.283509e-01 
248 2481 9.142080e-02 6.240746e-01 9.206134e-03 9.206134e-03 1.606765e-02 2.867337e-02 4.447629e-02 9.087918e-02 1.549921e-01 3.798214e-01 4.737302e-01 6.240746e-01 
249 2491 9.366542e-02 6.479836e-01 9.140261e-03 9.140261e-03 1.598266e-02 2.976913e-02 4.380734e-02 9.016560e-02 1.524509e-01 3.837451e-01 4.670375e-01 6.479836e-01 
250 2501 1.053937e-01 6.839486e-01 9.167229e-03 9.167229e-03 1.586088e-02 3.109845e-02 4.371882e-02 9.030615e-02 1.500070e-01 3.790092e-01 4.598393e-01 6.839486e-01 
251 2511 1.216360e-01 7.354210e-01 9.063713e-03 9.063713e-03 1.560139e-02 3.166029e-02 4.324362e-02 9.066385e-02 1.476956e-01 3.780839e-01 4.591761e-01 7.354210e-01 
252 2521 1.159782e-01 7.351807e-01 8.911189e-03 8.911189e-03 1.535054e-02 3.174561e-02 4.292474e-02 8.898162e-02 1.455903e-01 3.737488e-01 4.538284e-01 7.351807e-01 
253 2531 1.182115e-01 7.481007e-01 8.836719e-03 8.836719e-03 1.567603e-02 3.145743e-02 4.325205e-02 8.860357e-02 1.440126e-01 3.683573e-01 4.451790e-01 7.481007e-01 
254 2541 1.139078e-01 7.450665e-01 8.771899e-03 8.771899e-03 1.540967e-02 3.100308e-02 4.361214e-02 8.783748e-02 1.425092e-01 3.819839e-01 4.400957e-01 7.450665e-01 
255 2551 1.119114e-01 7.338564e-01 8.696212e-03 8.696212e-03 1.523040e-02 3.068864e-02 4.357307e-02 8.951883e-02 1.406472e-01 3.805599e-01 4.413313e-01 7.338564e-01 
256 2561 1.104215e-01 7.238794e-01 8.556095e-03 8.556095e-03 1.502292e-02 3.088567e-02 4.299977e-02 8.858324e-02 1.393741e-01 3.891469e-01 4.393068e-01 7.238794e-01 
257 2571 1.172669e-01 7.574681e-01 8.496566e-03 8.496566e-03 1.500395e-02 3.072120e-02 4.275897e-02 9.466468e-02 1.397341e-01 3.854297e-01 4.425445e-01 7.574681e-01 
258 2581 1.234514e-01 7.580935e-01 8.440229e-03 8.440229e-03 1.505259e-02 3.045872e-02 4.306999e-02 9.507690e-02 1.386660e-01 3.888067e-01 4.356589e-01 7.580935e-01 
259 2591 1.144423e-01 7.667381e-01 8.340426e-03 8.340426e-03 1.481324e-02 3.013001e-02 4.296532e-02 9.372328e-02 1.388591e-01 3.831133e-01 4.439047e-01 7.667381e-01 
260 2601 1.077513e-01 7.597132e-01 8.266253e-03 8.266253e-03 1.484059e-02 3.027158e-02 4.228410e-02 9.290987e-02 1.409389e-01 3.815058e-01 4.400321e-01 7.597132e-01 
261 2611 9.635831e-02 7.486599e-01 8.167321e-03 8.167321e-03 1.469649e-02 2.987605e-02 4.208675e-02 9.170650e-02 1.397788e-01 3.785885e-01 4.332901e-01 7.486599e-01 
262 2621 8.690026e-02 7.415951e-01 8.034345e-03 8.034345e-03 1.450810e-02 2.962636e-02 4.181321e-02 9.089000e-02 1.381651e-01 3.737000e-01 4.251950e-01 7.415951e-01 
263 2631 7.844776e-02 7.303495e-01 7.875037e-03 7.875037e-03 1.443848e-02 2.923429e-02 4.109874e-02 8.968208e-02 1.358738e-01 3.698540e-01 4.274175e-01 7.303495e-01 
264 2641 7.465825e-02 7.516249e-01 7.766816e-03 7.766816e-03 1.421828e-02 2.905333e-02 4.099688e-02 9.000537e-02 1.359797e-01 3.643781e-01 4.247260e-01 7.516249e-01 
265 2651 7.194315e-02 7.666560e-01 7.696434e-03 7.696434e-03 1.404220e-02 2.932094e-02 4.028248e-02 8.888963e-02 1.363920e-01 3.595719e-01 4.199706e-01 7.666560e-01 
266 2661 6.681545e-02 7.583385e-01 7.717771e-03 7.717771e-03 1.380937e-02 2.892098e-02 3.951509e-02 8.884950e-02 1.362374e-01 3.546301e-01 4.191782e-01 7.583385e-01 
267 2671 6.895247e-02 7.454814e-01 7.579253e-03 7.579253e-03 1.358547e-02 2.900063e-02 4.029863e-02 8.751689e-02 1.337904e-01 3.542051e-01 4.382365e-01 7.454814e-01 
268 2681 6.695460e-02 7.434427e-01 7.538434e-03 7.538434e-03 1.353768e-02 2.903947e-02 4.025506e-02 8.767572e-02 1.319113e-01 3.532231e-01 4.370217e-01 7.434427e-01 
269 2691 6.873828e-02 7.384531e-01 7.426428e-03 7.426428e-03 1.339339e-02 2.854923e-02 4.103448e-02 8.853635e-02 1.331624e-01 3.641305e-01 4.397715e-01 7.384531e-01 
270 2701 7.509528e-02 7.784411e-01 7.514915e-03 7.514915e-03 1.320669e-02 2.839395e-02 4.160479e-02 8.740011e-02 1.315338e-01 3.631748e-01 4.340682e-01 7.784411e-01 
271 2711 8.607063e-02 8.196275e-01 7.503134e-03 7.503134e-03 1.308989e-02 2.861305e-02 4.108422e-02 8.920364e-02 1.324345e-01 3.629793e-01 4.415793e-01 8.196275e-01 
272 2721 8.763551e-02 8.210322e-01 7.486943e-03 7.486943e-03 1.283800e-02 2.828221e-02 4.117879e-02 9.064094e-02 1.303009e-01 3.636214e-01 4.442465e-01 8.210322e-01 
273 2731 9.467834e-02 8.478392e-01 7.383328e-03 7.383328e-03 1.276291e-02 2.794577e-02 4.301315e-02 9.066959e-02 1.291891e-01 3.622720e-01 4.533281e-01 8.478392e-01 
274 2741 9.723062e-02 8.685244e-01 7.319314e-03 7.319314e-03 1.273695e-02 2.836286e-02 4.296651e-02 8.928965e-02 1.269373e-01 3.652227e-01 4.498333e-01 8.685244e-01 
275 2751 1.005043e-01 9.141820e-01 7.233516e-03 7.233516e-03 1.257875e-02 2.840241e-02 4.347126e-02 8.864302e-02 1.245731e-01 3.603032e-01 4.436182e-01 9.141820e-01 
276 2761 9.734445e-02 9.140789e-01 7.203284e-03 7.203284e-03 1.271377e-02 2.806553e-02 4.339095e-02 8.910308e-02 1.229942e-01 3.580023e-01 4.388660e-01 9.140789e-01 
277 2771 1.044629e-01 9.459689e-01 7.217747e-03 7.217747e-03 1.275414e-02 2.795905e-02 4.352080e-02 8.785231e-02 1.228357e-01 3.577089e-01 4.396058e-01 9.459689e-01 
278 2781 9.997503e-02 9.596762e-01 7.110943e-03 7.110943e-03 1.260314e-02 2.757786e-02 4.285549e-02 8.663402e-02 1.212115e-01 3.540299e-01 4.314654e-01 9.596762e-01 
279 2791 9.054215e-02 9.452898e-01 7.097396e-03 7.097396e-03 1.242912e-02 2.719856e-02 4.271746e-02 8.516421e-02 1.194721e-01 3.505412e-01 4.249742e-01 9.452898e-01 
280 2801 8.277276e-02 9.308001e-01 7.013828e-03 7.013828e-03 1.242873e-02 2.679607e-02 4.268641e-02 8.428138e-02 1.176737e-01 3.501444e-01 4.199671e-01 9.308001e-01 
281 2811 7.741368e-02 9.248086e-01 6.897876e-03 6.897876e-03 1.222762e-02 2.654956e-02 4.187480e-02 8.325002e-02 1.158641e-01 3.575213e-01 4.222347e-01 9.248086e-01 
282 2821 7.561624e-02 9.233190e-01 6.981960e-03 6.981960e-03 1.212565e-02 2.625698e-02 4.162632e-02 8.295530e-02 1.142015e-01 3.586297e-01 4.349179e-01 9.233190e-01 
283 2831 7.318499e-02 9.221165e-01 6.877730e-03 6.877730e-03 1.201788e-02 2.617590e-02 4.089372e-02 8.354212e-02 1.156796e-01 3.712986e-01 4.310271e-01 9.221165e-01 
284 2841 7.292311e-02 9.336421e-01 6.827870e-03 6.827870e-03 1.184841e-02 2.734390e-02 4.033696e-02 8.258185e-02 1.160048e-01 3.683156e-01 4.318650e-01 9.336421e-01 
285 2851 7.216319e-02 9.313337e-01 6.720877e-03 6.720877e-03 1.175219e-02 2.713404e-02 3.988377e-02 8.245063e-02 1.170145e-01 3.616190e-01 4.293623e-01 9.313337e-01 
286 2861 7.220506e-02 9.666283e-01 6.796620e-03 6.796620e-03 1.153237e-02 2.705446e-02 3.931932e-02 8.222399e-02 1.155833e-01 3.569995e-01 4.243113e-01 9.666283e-01 
287 2871 7.226439e-02 1.031539e+00 6.692996e-03 6.692996e-03 1.130209e-02 2.650719e-02 3.915819e-02 8.115019e-02 1.139443e-01 3.537884e-01 4.227097e-01 1.031539e+00 
288 2881 6.814497e-02 1.035120e+00 6.668461e-03 6.668461e-03 1.117076e-02 2.618969e-02 3.867880e-02 8.053180e-02 1.149531e-01 3.607914e-01 4.155872e-01 1.035120e+00 
289 2891 6.362711e-02 1.027403e+00 6.567584e-03 6.567584e-03 1.132885e-02 2.610114e-02 3.915635e-02 8.056537e-02 1.160340e-01 3.566334e-01 4.112129e-01 1.027403e+00 
290 2901 6.019189e-02 1.021225e+00 6.464072e-03 6.464072e-03 1.118670e-02 2.598119e-02 3.856454e-02 7.940614e-02 1.146798e-01 3.569511e-01 4.068175e-01 1.021225e+00 
291 2911 6.018610e-02 1.037906e+00 6.355372e-03 6.355372e-03 1.112791e-02 2.623243e-02 3.855853e-02 7.905023e-02 1.137770e-01 3.512431e-01 4.022651e-01 1.037906e+00 
292 2921 6.170629e-02 1.044048e+00 6.248223e-03 6.248223e-03 1.097869e-02 2.614808e-02 3.840336e-02 7.821692e-02 1.148954e-01 3.544945e-01 4.116683e-01 1.044048e+00 
293 2931 5.919670e-02 1.070980e+00 6.203045e-03 6.203045e-03 1.087038e-02 2.583852e-02 3.806495e-02 7.776033e-02 1.130684e-01 3.499600e-01 4.144328e-01 1.070980e+00 
294 2941 5.643224e-02 1.087696e+00 6.101745e-03 6.101745e-03 1.082515e-02 2.599164e-02 3.749313e-02 7.745113e-02 1.118001e-01 3.442339e-01 4.202895e-01 1.087696e+00 
295 2951 5.597651e-02 1.105473e+00 6.173654e-03 6.173654e-03 1.066066e-02 2.571829e-02 3.691506e-02 7.721038e-02 1.110540e-01 3.432549e-01 4.234798e-01 1.105473e+00 
296 2961 5.355483e-02 1.093638e+00 6.111991e-03 6.111991e-03 1.051475e-02 2.557033e-02 3.641516e-02 7.635702e-02 1.107758e-01 3.402400e-01 4.264567e-01 1.093638e+00 
297 2971 5.443619e-02 1.082008e+00 6.081327e-03 6.081327e-03 1.046204e-02 2.570144e-02 3.619694e-02 7.838689e-02 1.088954e-01 3.348035e-01 4.218049e-01 1.082008e+00 
298 2981 6.179190e-02 1.097751e+00 6.270394e-03 6.270394e-03 1.027215e-02 2.572393e-02 3.689840e-02 8.033360e-02 1.072673e-01 3.374879e-01 4.165570e-01 1.097751e+00 
299 2991 6.859719e-02 1.138748e+00 6.289096e-03 6.289096e-03 1.014996e-02 2.648388e-02 3.620229e-02 8.006954e-02 1.061853e-01 3.419094e-01 4.165121e-01 1.138748e+00 
300 3001 7.346238e-02 1.164000e+00 6.240132e-03 6.240132e-03 9.954122e-03 2.667488e-02 3.551810e-02 8.035992e-02 1.043344e-01 3.390940e-01 4.123038e-01 1.164000e+00 
301 3011 7.903414e-02 1.269059e+00 6.172809e-03 6.172809e-03 9.876321e-03 2.631233e-02 3.512991e-02 7.909237e-02 1.035229e-01 3.389341e-01 4.079482e-01 1.269059e+00 
302 3021 7.594738e-02 1.270961e+00 6.085445e-03 6.085445e-03 9.752872e-03 2.663352e-02 3.481579e-02 7.817818e-02 1.025629e-01 3.336781e-01 4.016154e-01 1.270961e+00 
303 3031 7.414592e-02 1.320291e+00 5.991248e-03 5.991248e-03 9.630615e-03 2.661054e-02 3.433457e-02 7.760347e-02 1.015354e-01 3.345501e-01 3.967879e-01 1.320291e+00 
304 3041 7.659302e-02 1.363120e+00 5.974763e-03 5.974763e-03 9.456519e-03 2.625817e-02 3.373967e-02 7.730603e-02 1.025898e-01 3.343876e-01 3.925774e-01 1.363120e+00 
305 3051 8.205175e-02 1.408637e+00 5.986194e-03 5.986194e-03 9.669600e-03 2.590119e-02 3.380835e-02 7.646866e-02 1.015203e-01 3.298951e-01 3.915070e-01 1.408637e+00 
306 3061 8.426817e-02 1.491282e+00 5.989932e-03 5.989932e-03 9.559808e-03 2.553737e-02 3.425511e-02 7.664849e-02 1.000585e-01 3.239767e-01 3.968420e-01 1.491282e+00 
307 3071 8.326428e-02 1.510899e+00 5.981585e-03 5.981585e-03 9.428642e-03 2.540159e-02 3.377375e-02 7.529812e-02 1.038108e-01 3.187018e-01 3.922084e-01 1.510899e+00 
308 3081 8.784361e-02 1.616576e+00 5.927691e-03 5.927691e-03 9.296785e-03 2.561198e-02 3.348145e-02 7.374854e-02 1.025004e-01 3.258457e-01 3.923879e-01 1.616576e+00 
309 3091 9.716690e-02 1.707381e+00 5.835174e-03 5.835174e-03 9.288021e-03 2.699153e-02 3.325587e-02 7.435210e-02 1.005943e-01 3.231306e-01 3.890418e-01 1.707381e+00 
310 3101 1.080966e-01 1.764589e+00 5.739658e-03 5.739658e-03 9.193057e-03 2.661213e-02 3.467196e-02 7.425346e-02 9.926686e-02 3.321112e-01 3.962429e-01 1.764589e+00 
311 3111 1.096572e-01 1.785276e+00 5.770136e-03 5.770136e-03 9.232234e-03 2.627744e-02 3.433838e-02 7.370492e-02 9.799470e-02 3.292774e-01 3.909475e-01 1.785276e+00 
312 3121 1.158071e-01 1.821207e+00 5.794063e-03 5.794063e-03 9.158687e-03 2.633896e-02 3.384220e-02 7.530972e-02 9.953673e-02 3.265972e-01 3.943260e-01 1.821207e+00 
313 3131 1.307030e-01 1.892261e+00 5.873978e-03 5.873978e-03 9.109665e-03 2.636786e-02 3.335300e-02 7.753020e-02 9.803336e-02 3.279487e-01 3.981718e-01 1.892261e+00 
314 3141 1.467133e-01 1.992333e+00 5.845026e-03 5.845026e-03 9.034110e-03 2.703871e-02 3.321827e-02 7.668730e-02 9.660734e-02 3.241125e-01 3.925107e-01 1.992333e+00 
315 3151 1.747793e-01 2.032048e+00 5.784966e-03 5.784966e-03 9.002710e-03 2.690999e-02 3.286704e-02 7.697482e-02 9.745362e-02 3.216132e-01 4.036219e-01 2.032048e+00 
316 3161 2.092658e-01 2.038904e+00 5.757668e-03 5.757668e-03 9.053056e-03 2.665721e-02 3.248428e-02 7.745944e-02 9.641242e-02 3.198790e-01 4.035483e-01 2.038904e+00 
317 3171 2.541171e-01 2.064168e+00 5.701636e-03 5.701636e-03 8.980580e-03 2.651504e-02 3.216979e-02 7.724110e-02 9.574122e-02 3.166009e-01 3.985155e-01 2.064168e+00 
318 3181 3.087605e-01 2.105127e+00 5.651317e-03 5.651317e-03 8.855936e-03 2.626337e-02 3.170082e-02 7.612029e-02 9.754485e-02 3.142522e-01 3.950932e-01 2.105127e+00 
319 3191 3.730153e-01 2.109561e+00 5.577978e-03 5.577978e-03 8.743900e-03 2.595827e-02 3.134712e-02 7.517332e-02 9.618533e-02 3.128845e-01 4.100732e-01 2.109561e+00 
320 3201 5.153527e-01 2.112952e+00 5.703363e-03 5.703363e-03 8.807327e-03 2.573539e-02 3.092679e-02 7.459074e-02 9.550945e-02 3.139017e-01 4.080611e-01 2.112952e+00 
321 3211 6.491752e-01 2.111560e+00 5.631988e-03 5.631988e-03 8.861005e-03 2.549860e-02 3.071077e-02 7.392401e-02 9.610853e-02 3.113471e-01 4.030410e-01 2.111560e+00 
322 3221 7.586233e-01 2.096376e+00 5.546572e-03 5.546572e-03 8.756186e-03 2.569740e-02 3.041143e-02 7.399807e-02 9.478002e-02 3.091145e-01 4.019298e-01 2.096376e+00 
323 3231 7.651226e-01 2.059368e+00 5.471195e-03 5.471195e-03 8.951180e-03 2.524706e-02 2.994469e-02 7.739187e-02 9.391428e-02 3.123197e-01 4.014097e-01 2.059368e+00 
324 3241 8.549401e-01 2.069235e+00 5.455183e-03 5.455183e-03 9.604942e-03 2.486203e-02 2.949432e-02 7.682655e-02 9.296000e-02 3.087383e-01 3.981615e-01 2.069235e+00 
325 3251 9.588416e-01 2.173752e+00 5.360374e-03 5.360374e-03 9.511104e-03 2.460448e-02 2.901718e-02 7.577524e-02 9.368021e-02 3.085472e-01 3.927911e-01 2.173752e+00 
326 3261 1.047880e+00 2.199797e+00 5.255048e-03 5.255048e-03 9.319456e-03 2.443309e-02 2.861721e-02 7.521584e-02 9.538744e-02 3.107160e-01 3.878507e-01 2.199797e+00 
327 3271 1.230070e+00 2.204592e+00 5.216002e-03 5.216002e-03 9.327637e-03 2.416628e-02 2.864879e-02 7.626833e-02 9.519559e-02 3.152662e-01 3.886969e-01 2.204592e+00 
328 3281 1.392277e+00 2.198354e+00 5.180663e-03 5.180663e-03 9.306410e-03 2.377320e-02 2.861788e-02 7.537855e-02 9.349971e-02 3.189522e-01 3.865039e-01 2.198354e+00 
329 3291 1.427107e+00 2.172323e+00 5.101622e-03 5.101622e-03 9.135963e-03 2.331066e-02 2.840485e-02 7.696576e-02 9.269715e-02 3.154808e-01 3.849825e-01 2.172323e+00 
330 3301 1.352320e+00 2.132405e+00 5.087952e-03 5.087952e-03 9.240393e-03 2.307517e-02 2.789496e-02 7.613057e-02 9.111821e-02 3.122026e-01 3.787307e-01 2.132405e+00 
331 3311 1.319022e+00 2.131873e+00 5.126351e-03 5.126351e-03 9.239978e-03 2.263666e-02 2.772863e-02 7.620550e-02 9.004001e-02 3.070129e-01 3.717307e-01 2.131873e+00 
332 3321 1.251804e+00 2.099590e+00 5.030527e-03 5.030527e-03 9.142596e-03 2.223260e-02 2.744616e-02 7.525944e-02 8.986505e-02 3.105168e-01 3.675552e-01 2.099590e+00 
333 3331 1.222317e+00 2.057832e+00 4.964351e-03 4.964351e-03 9.141037e-03 2.179468e-02 2.715895e-02 7.704305e-02 8.918496e-02 3.099133e-01 3.618614e-01 2.057832e+00 
334 3341 1.211721e+00 2.029797e+00 4.868042e-03 4.868042e-03 9.118798e-03 2.242560e-02 2.726113e-02 7.618399e-02 8.937603e-02 3.059509e-01 3.614063e-01 2.029797e+00 
335 3351 1.219054e+00 2.007747e+00 4.795095e-03 4.795095e-03 9.006628e-03 2.215777e-02 2.701845e-02 8.004129e-02 8.763507e-02 3.039613e-01 3.641367e-01 2.007747e+00 
336 3361 1.156201e+00 1.966540e+00 4.750591e-03 4.750591e-03 8.927086e-03 2.259432e-02 2.649239e-02 7.940214e-02 8.802855e-02 3.041618e-01 3.623848e-01 1.966540e+00 
337 3371 1.151222e+00 1.931177e+00 4.670714e-03 4.670714e-03 8.913095e-03 2.237417e-02 2.610112e-02 7.967654e-02 8.746791e-02 3.005396e-01 3.711592e-01 1.931177e+00 
338 3381 1.017333e+00 1.893934e+00 4.583005e-03 4.583005e-03 8.890565e-03 2.213577e-02 2.571577e-02 7.886697e-02 8.628502e-02 2.949995e-01 3.670781e-01 1.893934e+00 
339 3391 9.323377e-01 1.858820e+00 4.523587e-03 4.523587e-03 8.803746e-03 2.208484e-02 2.544081e-02 7.821466e-02 8.923820e-02 2.952210e-01 3.626204e-01 1.858820e+00 
340 3401 8.879238e-01 1.826492e+00 4.450481e-03 4.450481e-03 8.695008e-03 2.194343e-02 2.499926e-02 7.839520e-02 8.839800e-02 2.905447e-01 3.644787e-01 1.826492e+00 
341 3411 8.217010e-01 1.804385e+00 4.405079e-03 4.405079e-03 8.545625e-03 2.192667e-02 2.469569e-02 7.744436e-02 8.682199e-02 2.852750e-01 3.682916e-01 1.804385e+00 
342 3421 7.781986e-01 1.771770e+00 4.341567e-03 4.341567e-03 8.617783e-03 2.160428e-02 2.482823e-02 7.619618e-02 8.601894e-02 2.839170e-01 3.624654e-01 1.771770e+00 
343 3431 7.394104e-01 1.737338e+00 4.275137e-03 4.275137e-03 8.630468e-03 2.145231e-02 2.450278e-02 7.584053e-02 8.807192e-02 2.792530e-01 3.603462e-01 1.737338e+00 
344 3441 7.216491e-01 1.707365e+00 4.188033e-03 4.188033e-03 8.921328e-03 2.109927e-02 2.419284e-02 7.496227e-02 8.997271e-02 2.821489e-01 3.550184e-01 1.707365e+00 
345 3451 7.147605e-01 1.689777e+00 4.179739e-03 4.179739e-03 9.084391e-03 2.113556e-02 2.419002e-02 7.420417e-02 9.018484e-02 2.774843e-01 3.508151e-01 1.689777e+00 
346 3461 6.311355e-01 1.664497e+00 4.202605e-03 4.202605e-03 9.032780e-03 2.074925e-02 2.378346e-02 7.360611e-02 8.862587e-02 2.746736e-01 3.457114e-01 1.664497e+00 
347 3471 5.980390e-01 1.633280e+00 4.142058e-03 4.142058e-03 8.963256e-03 2.036842e-02 2.350540e-02 7.298072e-02 9.127438e-02 2.718750e-01 3.401834e-01 1.633280e+00 
348 3481 5.725676e-01 1.614934e+00 4.070382e-03 4.070382e-03 8.880206e-03 2.017542e-02 2.308643e-02 7.274789e-02 9.201961e-02 2.693719e-01 3.346850e-01 1.614934e+00 
349 3491 5.788220e-01 1.593723e+00 3.998147e-03 3.998147e-03 8.712958e-03 2.002747e-02 2.302242e-02 7.271153e-02 9.409901e-02 2.688823e-01 3.373287e-01 1.593723e+00 
350 3501 6.431171e-01 1.580176e+00 3.958768e-03 3.958768e-03 8.560260e-03 2.015363e-02 2.301494e-02 7.600569e-02 9.753600e-02 2.695381e-01 3.403776e-01 1.580176e+00 
351 3511 6.792759e-01 1.566040e+00 3.911478e-03 3.911478e-03 8.396006e-03 1.996111e-02 2.259603e-02 7.495384e-02 9.851953e-02 2.655669e-01 3.473918e-01 1.566040e+00 
352 3521 7.114183e-01 1.544704e+00 3.849209e-03 3.849209e-03 8.328865e-03 1.981167e-02 2.218828e-02 7.520989e-02 9.789206e-02 2.634107e-01 3.680578e-01 1.544704e+00 
353 3531 7.600533e-01 1.524937e+00 3.791761e-03 3.791761e-03 8.250249e-03 1.967859e-02 2.207892e-02 7.457909e-02 9.645123e-02 2.588782e-01 3.969631e-01 1.524937e+00 
354 3541 8.965042e-01 1.508507e+00 3.774552e-03 3.774552e-03 8.216132e-03 1.957191e-02 2.194746e-02 7.382990e-02 1.005294e-01 2.575472e-01 4.104308e-01 1.508507e+00 
355 3551 1.038006e+00 1.487235e+00 3.730434e-03 3.730434e-03 8.207947e-03 1.934504e-02 2.154219e-02 7.406709e-02 1.021081e-01 2.677536e-01 4.083808e-01 1.487235e+00 
356 3561 1.054296e+00 1.457708e+00 3.683127e-03 3.683127e-03 8.215455e-03 1.899791e-02 2.192806e-02 7.521783e-02 1.018447e-01 2.660219e-01 4.101852e-01 1.457708e+00 
357 3571 1.053848e+00 1.427811e+00 3.624866e-03 3.624866e-03 8.063346e-03 1.890057e-02 2.255499e-02 7.499171e-02 1.017955e-01 2.641148e-01 4.094450e-01 1.427811e+00 
358 3581 9.916341e-01 1.403704e+00 3.554441e-03 3.554441e-03 7.938863e-03 1.866333e-02 2.283952e-02 7.413784e-02 1.004181e-01 2.601194e-01 4.031159e-01 1.403704e+00 
359 3591 9.218436e-01 1.379525e+00 3.495786e-03 3.495786e-03 7.882218e-03 1.848711e-02 2.284911e-02 7.334564e-02 1.011478e-01 2.605523e-01 3.955216e-01 1.379525e+00 
360 3601 8.815972e-01 1.352907e+00 3.440810e-03 3.440810e-03 8.016869e-03 1.843583e-02 2.279507e-02 7.239378e-02 1.001444e-01 2.577363e-01 3.880736e-01 1.352907e+00 
361 3611 9.303125e-01 1.324581e+00 3.442028e-03 3.442028e-03 7.914358e-03 1.854331e-02 2.337585e-02 7.143927e-02 9.902865e-02 2.602743e-01 3.841952e-01 1.324581e+00 
362 3621 8.768450e-01 1.319162e+00 3.385991e-03 3.385991e-03 7.795365e-03 1.829177e-02 2.338329e-02 7.032308e-02 9.830552e-02 2.576026e-01 3.818684e-01 1.319162e+00 
363 3631 7.872800e-01 1.312440e+00 3.332877e-03 3.332877e-03 7.652786e-03 1.803604e-02 2.338923e-02 7.037751e-02 9.790301e-02 2.579908e-01 3.801670e-01 1.312440e+00 
364 3641 7.578475e-01 1.290245e+00 3.274873e-03 3.274873e-03 7.678367e-03 1.778309e-02 2.336610e-02 7.095616e-02 9.687218e-02 2.541276e-01 3.796868e-01 1.290245e+00 
365 3651 7.652012e-01 1.274879e+00 3.220990e-03 3.220990e-03 7.767581e-03 1.752282e-02 2.391967e-02 7.129619e-02 9.561704e-02 2.519164e-01 3.869532e-01 1.274879e+00 
366 3661 8.312628e-01 1.264111e+00 3.185264e-03 3.185264e-03 7.717010e-03 1.751261e-02 2.384953e-02 7.113809e-02 9.495858e-02 2.468362e-01 4.245825e-01 1.264111e+00 
367 3671 8.405565e-01 1.254951e+00 3.176744e-03 3.176744e-03 7.571335e-03 1.764403e-02 2.344218e-02 7.120287e-02 9.479962e-02 2.436601e-01 4.282422e-01 1.254951e+00 
368 3681 8.029259e-01 1.234018e+00 3.145607e-03 3.145607e-03 7.622767e-03 1.757942e-02 2.320254e-02 7.331483e-02 9.314758e-02 2.404110e-01 4.258358e-01 1.234018e+00 
369 3691 7.215468e-01 1.213804e+00 3.084703e-03 3.084703e-03 7.519258e-03 1.748611e-02 2.296658e-02 7.244393e-02 9.247211e-02 2.385821e-01 4.219906e-01 1.213804e+00 
370 3701 6.898683e-01 1.196900e+00 3.075857e-03 3.075857e-03 7.517250e-03 1.741410e-02 2.274830e-02 7.214072e-02 9.065051e-02 2.367002e-01 4.202941e-01 1.196900e+00 
371 3711 6.899880e-01 1.182246e+00 3.021549e-03 3.021549e-03 7.479353e-03 1.725886e-02 2.407544e-02 7.181676e-02 8.945904e-02 2.326811e-01 4.163990e-01 1.182246e+00 
372 3721 7.299269e-01 1.180065e+00 3.035533e-03 3.035533e-03 7.397745e-03 1.698370e-02 2.470043e-02 7.204942e-02 8.875971e-02 2.295850e-01 4.274236e-01 1.180065e+00 
373 3731 7.947720e-01 1.160723e+00 3.075732e-03 3.075732e-03 7.581613e-03 1.676734e-02 2.527698e-02 7.078713e-02 8.751942e-02 2.253096e-01 4.392275e-01 1.160723e+00 
