%  columns="iteration, evaluation, void, void, void, xmean" (startseed=209437, 2015/08/6 10:53:2.38)
0 1 0 0 0 1.000000e+00 1.000000e+00 1.000000e+00 1.000000e+00 1.000000e+00 1.000000e+00 1.000000e+00 1.000000e+00 1.000000e+00 
1 11 0 0 0 -1.438841e+00 -6.262353e-03 3.107670e-01 2.937078e+00 -1.002203e+00 -5.511281e+00 -6.765224e+00 -1.151301e+01 3.413253e+00 
2 21 0 0 0 -2.324892e+00 -1.614289e-01 3.575237e-01 3.772924e+00 -2.121332e+00 -3.826700e-01 2.212788e-01 -7.425910e+00 1.288719e+01 
3 31 0 0 0 -2.692303e+00 7.988015e-01 6.518446e-01 -1.168474e+00 3.259937e+00 -1.969657e+00 1.173384e+00 5.557081e+00 1.169286e+01 
4 41 0 0 0 6.912061e-01 6.876984e-01 1.386030e+00 -3.986820e-01 9.025118e+00 4.341382e+00 1.314160e+01 1.372442e+01 1.886157e+01 
5 51 0 0 0 2.545309e-01 1.378417e+00 1.694829e+00 6.892022e-01 1.207899e+01 1.502844e+00 2.024200e+01 7.357962e+00 1.914112e+01 
6 61 0 0 0 -7.742083e-01 1.725571e+00 2.622292e+00 2.726798e+00 1.599434e+01 7.365513e+00 1.640813e+01 1.279679e+01 2.063216e+01 
7 71 0 0 0 -5.326342e-01 2.192350e+00 2.208030e+00 2.769572e+00 1.876640e+01 9.273852e+00 1.639173e+01 1.043098e+01 1.970666e+01 
8 81 0 0 0 6.564297e+00 2.745744e+00 2.238155e+00 4.393230e+00 2.000080e+01 1.017177e+01 2.500842e+01 2.244730e+01 1.935647e+01 
9 91 0 0 0 6.850441e+00 1.793392e+00 1.710686e+00 1.858740e+00 1.707964e+01 1.043238e+01 3.593695e+01 2.021038e+01 2.050753e+01 
10 101 0 0 0 1.082548e+01 1.474384e+00 1.805262e+00 3.229039e+00 1.173238e+01 9.630485e+00 4.083705e+01 1.866327e+01 2.293670e+01 
11 111 0 0 0 1.090230e+01 1.457583e+00 2.205628e+00 6.804570e+00 1.124372e+01 1.110905e+01 3.982902e+01 2.646928e+00 1.828784e+01 
12 121 0 0 0 1.043266e+01 1.676687e+00 1.858254e+00 6.837243e+00 1.302953e+01 1.444550e+01 2.962233e+01 6.645647e+00 1.621634e+01 
13 131 0 0 0 1.222416e+01 1.968267e+00 1.819774e+00 6.085364e+00 1.091691e+01 1.519667e+01 3.544895e+01 1.465220e+01 1.815896e+01 
14 141 0 0 0 1.228510e+01 1.421105e+00 1.387167e+00 3.923144e+00 4.858983e+00 1.407044e+01 2.231017e+01 1.322885e+01 1.537329e+01 
15 151 0 0 0 1.073838e+01 1.916559e+00 1.251526e+00 6.465857e+00 7.050322e+00 2.100324e+01 3.522137e+01 2.347537e+01 1.750564e+01 
16 161 0 0 0 1.160604e+01 1.107681e+00 7.944403e-01 5.941606e+00 2.664263e+00 2.112894e+01 2.792728e+01 1.447685e+01 1.858020e+01 
17 171 0 0 0 1.329951e+01 1.841362e+00 7.501077e-01 6.474138e+00 4.816405e+00 2.130925e+01 2.829146e+01 8.882974e+00 1.944607e+01 
18 181 0 0 0 1.687758e+01 1.423650e+00 1.020877e+00 7.591528e+00 6.663289e+00 1.777268e+01 2.070136e+01 7.950121e+00 1.989112e+01 
19 191 0 0 0 1.709455e+01 9.039530e-01 6.181491e-01 7.038425e+00 8.564661e+00 1.823278e+01 1.718976e+01 1.676749e+01 1.954998e+01 
20 201 0 0 0 1.653964e+01 5.925481e-01 6.455864e-01 6.980361e+00 1.019989e+01 1.631612e+01 2.105537e+01 1.450552e+01 1.764513e+01 
21 211 0 0 0 1.373380e+01 5.731328e-01 7.075965e-01 5.353797e+00 5.461418e+00 1.528911e+01 1.822142e+01 1.732968e+01 1.710075e+01 
22 221 0 0 0 1.448478e+01 9.256226e-01 6.768362e-01 4.640723e+00 4.778415e+00 1.390614e+01 1.707631e+01 9.346790e+00 1.523219e+01 
23 231 0 0 0 1.394786e+01 1.107405e+00 6.793734e-01 3.820562e+00 4.880294e+00 1.605033e+01 2.206734e+01 1.072861e+01 1.796728e+01 
24 241 0 0 0 1.445975e+01 1.262509e+00 2.700244e-01 4.098660e+00 4.327724e+00 1.930663e+01 1.663766e+01 1.363269e+01 1.867259e+01 
25 251 0 0 0 1.484670e+01 1.386373e+00 1.838402e-01 5.638315e+00 4.664366e+00 2.073172e+01 2.263988e+01 1.097734e+01 1.911018e+01 
26 261 0 0 0 1.629657e+01 1.586048e+00 3.164069e-01 4.688714e+00 3.828537e+00 2.088474e+01 2.210523e+01 1.116134e+01 1.708379e+01 
27 271 0 0 0 1.440912e+01 1.344762e+00 1.854476e-01 5.188274e+00 4.348537e+00 1.999482e+01 2.690993e+01 1.080824e+01 1.561911e+01 
28 281 0 0 0 1.487145e+01 1.342886e+00 2.654496e-01 5.467835e+00 7.276567e+00 2.039528e+01 2.356389e+01 2.101996e+01 1.498127e+01 
29 291 0 0 0 1.469120e+01 1.164144e+00 1.974958e-01 4.972571e+00 4.916543e+00 1.960151e+01 2.673777e+01 1.941404e+01 1.515682e+01 
30 301 0 0 0 1.285892e+01 1.126831e+00 4.096226e-01 4.360103e+00 3.093416e+00 1.798069e+01 2.783851e+01 1.860367e+01 1.312158e+01 
31 311 0 0 0 1.293877e+01 1.113769e+00 4.188906e-01 4.622162e+00 2.748959e+00 1.637941e+01 2.770215e+01 1.711299e+01 1.432448e+01 
32 321 0 0 0 1.288025e+01 1.272866e+00 5.606961e-01 4.906908e+00 2.798607e+00 1.449513e+01 3.208230e+01 1.753438e+01 1.254951e+01 
33 331 0 0 0 1.501524e+01 1.317501e+00 4.557373e-01 5.714629e+00 3.228012e+00 1.568597e+01 3.363083e+01 1.881258e+01 1.168352e+01 
34 341 0 0 0 1.486727e+01 1.274207e+00 2.962763e-01 6.640332e+00 3.483821e+00 1.593015e+01 3.176288e+01 1.834901e+01 1.184815e+01 
35 351 0 0 0 1.580485e+01 1.350795e+00 2.869995e-01 7.316031e+00 3.515799e+00 1.672916e+01 3.315824e+01 2.068885e+01 1.323770e+01 
36 361 0 0 0 1.467116e+01 1.531729e+00 4.783483e-01 8.523064e+00 3.418564e+00 1.618739e+01 3.388433e+01 1.888942e+01 1.311414e+01 
37 371 0 0 0 1.563117e+01 1.492687e+00 5.292304e-01 8.397504e+00 2.870301e+00 1.858659e+01 3.901744e+01 2.195120e+01 1.234552e+01 
38 381 0 0 0 1.480175e+01 1.637864e+00 2.680441e-01 8.709108e+00 3.332984e+00 1.856851e+01 4.372290e+01 2.498896e+01 1.246271e+01 
39 391 0 0 0 1.523090e+01 1.997257e+00 1.701632e-01 8.167157e+00 4.206389e+00 1.972744e+01 4.614310e+01 2.441593e+01 1.203023e+01 
40 401 0 0 0 1.544890e+01 2.242846e+00 1.971582e-01 8.292082e+00 4.131259e+00 2.003037e+01 3.888566e+01 2.491604e+01 1.197396e+01 
41 411 0 0 0 1.495090e+01 2.360018e+00 4.251165e-01 8.166748e+00 3.572923e+00 1.813556e+01 4.225566e+01 2.331736e+01 1.026507e+01 
42 421 0 0 0 1.660030e+01 2.496379e+00 2.861847e-01 7.899199e+00 4.570891e+00 1.616665e+01 4.056903e+01 2.466946e+01 1.054995e+01 
43 431 0 0 0 1.784955e+01 2.326784e+00 2.768522e-01 6.639926e+00 5.764401e+00 1.445564e+01 3.284353e+01 2.219936e+01 9.843246e+00 
44 441 0 0 0 1.751568e+01 2.412707e+00 6.079824e-01 7.300434e+00 6.059950e+00 1.270256e+01 3.565997e+01 2.479492e+01 9.255818e+00 
45 451 0 0 0 1.646140e+01 2.296392e+00 6.598430e-01 7.412586e+00 4.015846e+00 1.254915e+01 3.840289e+01 2.357689e+01 7.746880e+00 
46 461 0 0 0 1.757305e+01 2.342701e+00 7.113015e-01 6.645512e+00 5.584629e+00 1.455260e+01 3.375009e+01 2.575994e+01 6.967792e+00 
47 471 0 0 0 1.767359e+01 2.469009e+00 6.825461e-01 7.585976e+00 6.118210e+00 1.557119e+01 3.386013e+01 2.608098e+01 6.025799e+00 
48 481 0 0 0 1.680862e+01 2.385813e+00 7.636791e-01 6.535202e+00 5.634107e+00 1.469025e+01 3.235116e+01 2.423550e+01 6.224615e+00 
49 491 0 0 0 1.760634e+01 2.304243e+00 8.852655e-01 5.742769e+00 6.226672e+00 1.454375e+01 2.806626e+01 2.763923e+01 5.951965e+00 
50 501 0 0 0 1.720633e+01 2.384971e+00 9.628029e-01 4.949554e+00 5.995250e+00 1.458620e+01 2.609438e+01 2.773728e+01 5.674080e+00 
51 511 0 0 0 1.735833e+01 2.435436e+00 7.519699e-01 5.619387e+00 6.105233e+00 1.572072e+01 2.796179e+01 2.540581e+01 6.615755e+00 
52 521 0 0 0 1.647267e+01 2.352964e+00 8.540928e-01 4.768842e+00 5.120365e+00 1.507757e+01 2.605877e+01 2.439125e+01 6.763917e+00 
53 531 0 0 0 1.566210e+01 2.431042e+00 8.344289e-01 5.193935e+00 5.760872e+00 1.402358e+01 2.744350e+01 2.751592e+01 5.796346e+00 
54 541 0 0 0 1.566263e+01 2.642405e+00 8.398607e-01 6.132206e+00 6.129880e+00 1.472222e+01 2.890431e+01 2.949976e+01 5.630721e+00 
55 551 0 0 0 1.491407e+01 2.617720e+00 8.580498e-01 5.945160e+00 6.322474e+00 1.327049e+01 2.824351e+01 2.695984e+01 5.500088e+00 
56 561 0 0 0 1.525321e+01 2.621464e+00 9.314428e-01 5.455780e+00 6.166993e+00 1.273987e+01 2.922827e+01 2.740500e+01 5.697501e+00 
57 571 0 0 0 1.485696e+01 2.708384e+00 9.124327e-01 5.458355e+00 6.213464e+00 1.281810e+01 2.799499e+01 2.584145e+01 5.325439e+00 
58 581 0 0 0 1.454472e+01 2.743262e+00 8.795153e-01 5.293366e+00 5.904095e+00 1.197892e+01 2.800962e+01 2.522940e+01 5.180175e+00 
59 591 0 0 0 1.459577e+01 2.719105e+00 9.780717e-01 5.073135e+00 5.516081e+00 1.226654e+01 2.707772e+01 2.352779e+01 5.300274e+00 
60 601 0 0 0 1.437581e+01 2.634103e+00 9.259230e-01 5.261922e+00 5.047633e+00 1.300375e+01 2.728680e+01 2.342708e+01 6.103659e+00 
61 611 0 0 0 1.407248e+01 2.676903e+00 9.471038e-01 5.643944e+00 5.171835e+00 1.305054e+01 2.793244e+01 2.404596e+01 6.171231e+00 
62 621 0 0 0 1.423072e+01 2.659417e+00 9.028853e-01 6.014552e+00 5.399692e+00 1.253088e+01 2.795810e+01 2.351296e+01 5.841881e+00 
63 631 0 0 0 1.453718e+01 2.696514e+00 9.038380e-01 6.961896e+00 5.583541e+00 1.316469e+01 2.819770e+01 2.381592e+01 6.230930e+00 
64 641 0 0 0 1.482498e+01 2.692365e+00 8.814913e-01 6.998207e+00 5.578931e+00 1.276283e+01 2.754425e+01 2.336190e+01 6.671682e+00 
65 651 0 0 0 1.479208e+01 2.667797e+00 8.868415e-01 7.432549e+00 5.908482e+00 1.317813e+01 2.690022e+01 2.380676e+01 6.649895e+00 
66 661 0 0 0 1.471733e+01 2.629876e+00 7.907610e-01 7.329293e+00 6.210780e+00 1.313908e+01 2.577295e+01 2.322891e+01 6.623632e+00 
67 671 0 0 0 1.391253e+01 2.547153e+00 7.892039e-01 7.331597e+00 6.020520e+00 1.426675e+01 2.413976e+01 2.269118e+01 6.886465e+00 
68 681 0 0 0 1.419419e+01 2.397029e+00 6.403503e-01 7.585685e+00 6.106039e+00 1.466882e+01 2.371339e+01 2.155227e+01 7.249136e+00 
69 691 0 0 0 1.351349e+01 2.350274e+00 7.228228e-01 7.245723e+00 6.353053e+00 1.467801e+01 2.127793e+01 2.174979e+01 7.166474e+00 
70 701 0 0 0 1.400187e+01 2.444054e+00 8.160264e-01 6.715832e+00 6.103754e+00 1.374045e+01 2.242742e+01 2.060454e+01 6.733454e+00 
71 711 0 0 0 1.347302e+01 2.208191e+00 8.040121e-01 6.739490e+00 6.341126e+00 1.401848e+01 1.806261e+01 2.142037e+01 7.438495e+00 
72 721 0 0 0 1.271930e+01 2.175765e+00 8.530475e-01 6.753487e+00 6.230553e+00 1.425688e+01 1.772608e+01 2.133933e+01 7.262810e+00 
73 731 0 0 0 1.229313e+01 2.061018e+00 9.876210e-01 6.288683e+00 6.345022e+00 1.367797e+01 1.706620e+01 2.175997e+01 6.787915e+00 
74 741 0 0 0 1.229782e+01 2.001480e+00 8.770195e-01 5.748296e+00 7.344587e+00 1.311365e+01 1.405784e+01 2.155473e+01 6.596362e+00 
75 751 0 0 0 1.288341e+01 2.035041e+00 9.356495e-01 5.889364e+00 7.834211e+00 1.260204e+01 1.411564e+01 2.114997e+01 6.525016e+00 
76 761 0 0 0 1.322257e+01 2.122207e+00 1.088247e+00 6.887135e+00 8.423963e+00 1.277474e+01 1.307174e+01 2.059619e+01 6.318729e+00 
77 771 0 0 0 1.288560e+01 2.218382e+00 1.113189e+00 5.618839e+00 8.383740e+00 1.103101e+01 1.209660e+01 2.099895e+01 6.483804e+00 
78 781 0 0 0 1.267129e+01 2.025807e+00 1.041109e+00 5.051164e+00 8.423519e+00 1.131374e+01 1.105991e+01 2.016936e+01 6.104538e+00 
79 791 0 0 0 1.257031e+01 2.000988e+00 1.017898e+00 5.722113e+00 8.128079e+00 1.206660e+01 1.110030e+01 1.834017e+01 6.649628e+00 
80 801 0 0 0 1.222814e+01 1.994582e+00 9.631373e-01 5.822851e+00 7.822364e+00 1.240707e+01 1.053454e+01 1.667623e+01 6.917443e+00 
81 811 0 0 0 1.177253e+01 1.926139e+00 8.584342e-01 5.368827e+00 7.141038e+00 1.280901e+01 1.005814e+01 1.535172e+01 7.005592e+00 
82 821 0 0 0 1.199162e+01 1.933694e+00 9.104037e-01 5.081576e+00 7.270704e+00 1.153921e+01 1.006321e+01 1.427031e+01 6.855986e+00 
83 831 0 0 0 1.246750e+01 1.893132e+00 1.023277e+00 4.290026e+00 7.906852e+00 1.016930e+01 8.131151e+00 1.410029e+01 6.437085e+00 
84 841 0 0 0 1.173984e+01 1.733748e+00 1.088636e+00 3.997591e+00 7.951200e+00 1.071290e+01 5.696286e+00 1.265677e+01 6.756593e+00 
85 851 0 0 0 1.200273e+01 1.823159e+00 1.077404e+00 3.728937e+00 7.959611e+00 8.906314e+00 5.414008e+00 9.369627e+00 6.782575e+00 
86 861 0 0 0 1.174626e+01 1.878015e+00 1.081046e+00 3.837917e+00 8.135844e+00 9.186229e+00 6.294389e+00 1.148863e+01 5.845262e+00 
87 871 0 0 0 1.144854e+01 1.849536e+00 9.719419e-01 4.561144e+00 7.480686e+00 1.066132e+01 6.409904e+00 1.018498e+01 6.681590e+00 
88 881 0 0 0 1.178158e+01 1.718282e+00 1.054463e+00 4.624769e+00 7.446151e+00 1.204041e+01 7.274941e+00 1.319350e+01 6.901752e+00 
89 891 0 0 0 1.206002e+01 1.725172e+00 1.132969e+00 4.248247e+00 7.373085e+00 1.188657e+01 6.396677e+00 1.204613e+01 6.768077e+00 
90 901 0 0 0 1.154786e+01 1.609085e+00 1.182640e+00 4.110651e+00 7.580773e+00 1.167365e+01 4.223906e+00 1.008951e+01 7.060645e+00 
91 911 0 0 0 1.161337e+01 1.632725e+00 1.300089e+00 4.013804e+00 7.615393e+00 1.069186e+01 3.946262e+00 9.927861e+00 6.707284e+00 
92 921 0 0 0 1.203201e+01 1.672644e+00 1.214924e+00 4.062531e+00 8.048549e+00 1.044554e+01 4.666605e+00 1.047687e+01 6.395890e+00 
93 931 0 0 0 1.151223e+01 1.708257e+00 1.201443e+00 4.149372e+00 8.387711e+00 1.021165e+01 4.248939e+00 9.511169e+00 6.145992e+00 
94 941 0 0 0 1.118642e+01 1.641037e+00 1.120975e+00 4.075192e+00 8.468810e+00 1.097045e+01 4.009946e+00 1.011481e+01 6.425341e+00 
95 951 0 0 0 1.052695e+01 1.558870e+00 1.080638e+00 4.547819e+00 8.503771e+00 1.201970e+01 3.702778e+00 1.058196e+01 7.438946e+00 
96 961 0 0 0 1.069381e+01 1.558078e+00 1.034891e+00 4.213056e+00 7.935560e+00 1.137838e+01 3.668466e+00 1.046417e+01 7.598853e+00 
97 971 0 0 0 1.109466e+01 1.692297e+00 1.073206e+00 3.765704e+00 8.937373e+00 1.082952e+01 3.462306e+00 1.048686e+01 7.115864e+00 
98 981 0 0 0 1.142760e+01 1.853415e+00 1.105374e+00 3.648638e+00 8.507703e+00 9.883378e+00 3.734794e+00 9.050929e+00 6.917620e+00 
99 991 0 0 0 1.192263e+01 1.942744e+00 1.142003e+00 3.985869e+00 8.624034e+00 1.063183e+01 4.272862e+00 9.399844e+00 6.780937e+00 
100 1001 0 0 0 1.229816e+01 1.980111e+00 1.349729e+00 3.644713e+00 8.306318e+00 1.010800e+01 4.064540e+00 9.959879e+00 6.669122e+00 
101 1011 0 0 0 1.265581e+01 1.997430e+00 1.361135e+00 3.827242e+00 8.127191e+00 1.007035e+01 3.406521e+00 7.939878e+00 6.533985e+00 
102 1021 0 0 0 1.356293e+01 2.262292e+00 1.331422e+00 4.116861e+00 7.958631e+00 9.448936e+00 4.775691e+00 6.696392e+00 5.844973e+00 
103 1031 0 0 0 1.318028e+01 2.103641e+00 1.232200e+00 3.401869e+00 7.986385e+00 9.730146e+00 3.794031e+00 7.144379e+00 6.928777e+00 
104 1041 0 0 0 1.271277e+01 2.046900e+00 1.335403e+00 3.311931e+00 7.609261e+00 1.050211e+01 2.683657e+00 6.700451e+00 7.239520e+00 
105 1051 0 0 0 1.311597e+01 2.167059e+00 1.473569e+00 3.122527e+00 7.683735e+00 9.845638e+00 2.648571e+00 5.821929e+00 6.209476e+00 
106 1061 0 0 0 1.302322e+01 2.178309e+00 1.373899e+00 3.500699e+00 8.269844e+00 1.013338e+01 2.337037e+00 5.492342e+00 6.253388e+00 
107 1071 0 0 0 1.263634e+01 2.176798e+00 1.298746e+00 3.447072e+00 8.248139e+00 1.030297e+01 3.139728e+00 6.516404e+00 6.416192e+00 
108 1081 0 0 0 1.205879e+01 2.144017e+00 1.370702e+00 3.482087e+00 7.670782e+00 1.066623e+01 2.811559e+00 6.929451e+00 6.506687e+00 
109 1091 0 0 0 1.295284e+01 2.313943e+00 1.422072e+00 3.353677e+00 8.022247e+00 9.440428e+00 3.175880e+00 6.061191e+00 5.895509e+00 
110 1101 0 0 0 1.313387e+01 2.385273e+00 1.458382e+00 3.369523e+00 8.151100e+00 9.990395e+00 3.327349e+00 6.343562e+00 5.546399e+00 
111 1111 0 0 0 1.351573e+01 2.327478e+00 1.452837e+00 3.945673e+00 8.358986e+00 1.046411e+01 2.727403e+00 5.337258e+00 5.608180e+00 
112 1121 0 0 0 1.389684e+01 2.361839e+00 1.384684e+00 4.234931e+00 8.390838e+00 1.068019e+01 3.700101e+00 5.794236e+00 5.411328e+00 
113 1131 0 0 0 1.344229e+01 2.291862e+00 1.383282e+00 3.828592e+00 8.285760e+00 1.096270e+01 3.603063e+00 7.008075e+00 5.687372e+00 
114 1141 0 0 0 1.349291e+01 2.286608e+00 1.361066e+00 3.990508e+00 8.419595e+00 1.078901e+01 3.019629e+00 5.890293e+00 5.974098e+00 
115 1151 0 0 0 1.366955e+01 2.348064e+00 1.389385e+00 4.494671e+00 8.471445e+00 1.098529e+01 3.012582e+00 5.711841e+00 6.463230e+00 
116 1161 0 0 0 1.361802e+01 2.292409e+00 1.331300e+00 4.772722e+00 8.693807e+00 1.084177e+01 2.985526e+00 5.635790e+00 6.687394e+00 
117 1171 0 0 0 1.373604e+01 2.249564e+00 1.244163e+00 4.997798e+00 8.483989e+00 1.130512e+01 2.763062e+00 4.977702e+00 7.327161e+00 
118 1181 0 0 0 1.408059e+01 2.329061e+00 1.277123e+00 4.989578e+00 8.640099e+00 1.182885e+01 2.715926e+00 5.209210e+00 7.341606e+00 
119 1191 0 0 0 1.423502e+01 2.378199e+00 1.273152e+00 5.414722e+00 8.886801e+00 1.146296e+01 3.058137e+00 5.268433e+00 7.481903e+00 
120 1201 0 0 0 1.378030e+01 2.403622e+00 1.284227e+00 5.181997e+00 8.596935e+00 1.108443e+01 3.438370e+00 6.150169e+00 8.019020e+00 
121 1211 0 0 0 1.362614e+01 2.293717e+00 1.211267e+00 5.450876e+00 8.810164e+00 1.163873e+01 2.193185e+00 4.983458e+00 8.480224e+00 
122 1221 0 0 0 1.341210e+01 2.308538e+00 1.150020e+00 5.572134e+00 8.409984e+00 1.184189e+01 3.578674e+00 6.374248e+00 9.031976e+00 
123 1231 0 0 0 1.426337e+01 2.443724e+00 1.229578e+00 5.540314e+00 8.437731e+00 1.169063e+01 3.515691e+00 5.868514e+00 8.911739e+00 
124 1241 0 0 0 1.413451e+01 2.499623e+00 1.246675e+00 5.665320e+00 8.612344e+00 1.197118e+01 3.764776e+00 6.838226e+00 9.127393e+00 
125 1251 0 0 0 1.396787e+01 2.393002e+00 1.221583e+00 5.587171e+00 8.541521e+00 1.186227e+01 3.606168e+00 6.940056e+00 9.137387e+00 
126 1261 0 0 0 1.400040e+01 2.402737e+00 1.224093e+00 5.575113e+00 8.646057e+00 1.214810e+01 3.396476e+00 6.289240e+00 9.096232e+00 
127 1271 0 0 0 1.421306e+01 2.430920e+00 1.257498e+00 5.297372e+00 8.831876e+00 1.187825e+01 3.419367e+00 6.578396e+00 8.462169e+00 
128 1281 0 0 0 1.440250e+01 2.531435e+00 1.310170e+00 5.180700e+00 9.121288e+00 1.157784e+01 3.712788e+00 6.737326e+00 8.030490e+00 
129 1291 0 0 0 1.478037e+01 2.591998e+00 1.385904e+00 4.998297e+00 9.423322e+00 1.090694e+01 3.087410e+00 6.065734e+00 7.442141e+00 
130 1301 0 0 0 1.419900e+01 2.461479e+00 1.306902e+00 5.229965e+00 9.350478e+00 1.196541e+01 2.464125e+00 5.694638e+00 7.922527e+00 
131 1311 0 0 0 1.424989e+01 2.487719e+00 1.324078e+00 5.464534e+00 9.417479e+00 1.168247e+01 2.913412e+00 6.289340e+00 8.233328e+00 
132 1321 0 0 0 1.409460e+01 2.501823e+00 1.326826e+00 5.448392e+00 9.191622e+00 1.191652e+01 2.884402e+00 6.330771e+00 8.455244e+00 
133 1331 0 0 0 1.418898e+01 2.518184e+00 1.333613e+00 5.505935e+00 9.323493e+00 1.190204e+01 2.957144e+00 6.361906e+00 8.604468e+00 
134 1341 0 0 0 1.405683e+01 2.465610e+00 1.321022e+00 5.278558e+00 9.013822e+00 1.196868e+01 2.885604e+00 6.386897e+00 8.680845e+00 
135 1351 0 0 0 1.377612e+01 2.469675e+00 1.330254e+00 5.189194e+00 8.760866e+00 1.231797e+01 2.972289e+00 6.446375e+00 8.576029e+00 
136 1361 0 0 0 1.380103e+01 2.494212e+00 1.368944e+00 5.018048e+00 9.085394e+00 1.169871e+01 2.762618e+00 6.154279e+00 8.019423e+00 
137 1371 0 0 0 1.400939e+01 2.515308e+00 1.394447e+00 4.697625e+00 9.077107e+00 1.144925e+01 2.766967e+00 6.116950e+00 7.656006e+00 
138 1381 0 0 0 1.389501e+01 2.506905e+00 1.400304e+00 4.736464e+00 9.013537e+00 1.173533e+01 2.882342e+00 6.689527e+00 7.909387e+00 
139 1391 0 0 0 1.371268e+01 2.456923e+00 1.378776e+00 4.694787e+00 8.906842e+00 1.192327e+01 2.947557e+00 7.130629e+00 8.200273e+00 
140 1401 0 0 0 1.341845e+01 2.438362e+00 1.387560e+00 4.450504e+00 8.879756e+00 1.175308e+01 2.783691e+00 7.004195e+00 7.985161e+00 
141 1411 0 0 0 1.362381e+01 2.433750e+00 1.380427e+00 4.453393e+00 8.845470e+00 1.174010e+01 2.583274e+00 6.368432e+00 7.880519e+00 
142 1421 0 0 0 1.369006e+01 2.453019e+00 1.403097e+00 4.356393e+00 8.860824e+00 1.176508e+01 2.714934e+00 6.720765e+00 7.879316e+00 
143 1431 0 0 0 1.371971e+01 2.447107e+00 1.423153e+00 4.398501e+00 8.826425e+00 1.176283e+01 2.693284e+00 6.737007e+00 7.900584e+00 
144 1441 0 0 0 1.372263e+01 2.433310e+00 1.449716e+00 4.179317e+00 8.797883e+00 1.171508e+01 2.623785e+00 6.927695e+00 7.747038e+00 
145 1451 0 0 0 1.384937e+01 2.419018e+00 1.434396e+00 4.336412e+00 8.734763e+00 1.189178e+01 2.671678e+00 6.655420e+00 7.937218e+00 
146 1461 0 0 0 1.372991e+01 2.393856e+00 1.435928e+00 4.541346e+00 8.657141e+00 1.199708e+01 2.648820e+00 6.587007e+00 8.062981e+00 
147 1471 0 0 0 1.384347e+01 2.386524e+00 1.451842e+00 4.581021e+00 8.609569e+00 1.186667e+01 2.558562e+00 6.288519e+00 8.131791e+00 
148 1481 0 0 0 1.366840e+01 2.373682e+00 1.427626e+00 4.635683e+00 8.719178e+00 1.189060e+01 2.514831e+00 6.462371e+00 8.109541e+00 
149 1491 0 0 0 1.391017e+01 2.400227e+00 1.453689e+00 4.547068e+00 8.833429e+00 1.166047e+01 2.517991e+00 6.142104e+00 7.636723e+00 
150 1501 0 0 0 1.375626e+01 2.372790e+00 1.428623e+00 4.639376e+00 8.785376e+00 1.181006e+01 2.676311e+00 6.418138e+00 7.825533e+00 
151 1511 0 0 0 1.386042e+01 2.416294e+00 1.469672e+00 4.657398e+00 8.898490e+00 1.174783e+01 2.696381e+00 6.506529e+00 7.603639e+00 
152 1521 0 0 0 1.365653e+01 2.404189e+00 1.458657e+00 4.540162e+00 8.844104e+00 1.190142e+01 2.619847e+00 6.482655e+00 7.602837e+00 
153 1531 0 0 0 1.363439e+01 2.403393e+00 1.463750e+00 4.707041e+00 8.952802e+00 1.185930e+01 2.667234e+00 6.549909e+00 7.590079e+00 
154 1541 0 0 0 1.363664e+01 2.384959e+00 1.463083e+00 4.700007e+00 9.073299e+00 1.182852e+01 2.455427e+00 6.319197e+00 7.627818e+00 
155 1551 0 0 0 1.363534e+01 2.404682e+00 1.488855e+00 4.582773e+00 8.987023e+00 1.163866e+01 2.407972e+00 6.175301e+00 7.539824e+00 
156 1561 0 0 0 1.376621e+01 2.433977e+00 1.505413e+00 4.564412e+00 8.989732e+00 1.144967e+01 2.463845e+00 6.102706e+00 7.367680e+00 
157 1571 0 0 0 1.373115e+01 2.422246e+00 1.477008e+00 4.700491e+00 8.886046e+00 1.148747e+01 2.532674e+00 6.003639e+00 7.512503e+00 
158 1581 0 0 0 1.375162e+01 2.413505e+00 1.495368e+00 4.628463e+00 8.939310e+00 1.140846e+01 2.467890e+00 5.963654e+00 7.396164e+00 
159 1591 0 0 0 1.386306e+01 2.429782e+00 1.508262e+00 4.500123e+00 8.936888e+00 1.126576e+01 2.580785e+00 6.153647e+00 7.222052e+00 
160 1601 0 0 0 1.387799e+01 2.458322e+00 1.533207e+00 4.444512e+00 9.024229e+00 1.108539e+01 2.582545e+00 6.219331e+00 6.949790e+00 
161 1611 0 0 0 1.391922e+01 2.446531e+00 1.522186e+00 4.439875e+00 9.026566e+00 1.135217e+01 2.447548e+00 6.007904e+00 6.847886e+00 
162 1621 0 0 0 1.397124e+01 2.453507e+00 1.532535e+00 4.363524e+00 9.075110e+00 1.126084e+01 2.530039e+00 6.180650e+00 6.751843e+00 
163 1631 0 0 0 1.398560e+01 2.441410e+00 1.527965e+00 4.343046e+00 9.159708e+00 1.125059e+01 2.512508e+00 6.112907e+00 6.595793e+00 
164 1641 0 0 0 1.389058e+01 2.440216e+00 1.546474e+00 4.233431e+00 9.286511e+00 1.110809e+01 2.416085e+00 6.144824e+00 6.372898e+00 
165 1651 0 0 0 1.407060e+01 2.482633e+00 1.586141e+00 4.106629e+00 9.393457e+00 1.065922e+01 2.581606e+00 6.223739e+00 6.019718e+00 
166 1661 0 0 0 1.404397e+01 2.474985e+00 1.572857e+00 3.951070e+00 9.454957e+00 1.044239e+01 2.349522e+00 6.058273e+00 5.931166e+00 
167 1671 0 0 0 1.398641e+01 2.495846e+00 1.578161e+00 3.927179e+00 9.490556e+00 1.054219e+01 2.358661e+00 6.099911e+00 5.887830e+00 
168 1681 0 0 0 1.396724e+01 2.473492e+00 1.566600e+00 3.780694e+00 9.589016e+00 1.052972e+01 2.272444e+00 6.032884e+00 5.351013e+00 
169 1691 0 0 0 1.390980e+01 2.457389e+00 1.560678e+00 3.765752e+00 9.553481e+00 1.067679e+01 2.269312e+00 6.114214e+00 5.413959e+00 
170 1701 0 0 0 1.396762e+01 2.484909e+00 1.597210e+00 3.529819e+00 9.791921e+00 1.021467e+01 2.158640e+00 5.970218e+00 4.729660e+00 
171 1711 0 0 0 1.424641e+01 2.543850e+00 1.652735e+00 3.348463e+00 9.914839e+00 9.718666e+00 2.211986e+00 5.844078e+00 4.213854e+00 
172 1721 0 0 0 1.449126e+01 2.576866e+00 1.685155e+00 2.962645e+00 1.005341e+01 8.994626e+00 2.107665e+00 5.521195e+00 3.450126e+00 
173 1731 0 0 0 1.433484e+01 2.584739e+00 1.705312e+00 2.685717e+00 1.032311e+01 8.725978e+00 2.186938e+00 5.924999e+00 2.752575e+00 
174 1741 0 0 0 1.405016e+01 2.583703e+00 1.702939e+00 2.575786e+00 1.046689e+01 8.740101e+00 2.208243e+00 6.407728e+00 2.793600e+00 
175 1751 0 0 0 1.395118e+01 2.584184e+00 1.694943e+00 2.401206e+00 1.060062e+01 8.505332e+00 2.353244e+00 6.654649e+00 2.377591e+00 
176 1761 0 0 0 1.359313e+01 2.567175e+00 1.706627e+00 2.325519e+00 1.097532e+01 8.657593e+00 1.705802e+00 6.275571e+00 1.880572e+00 
177 1771 0 0 0 1.350916e+01 2.560590e+00 1.685051e+00 2.960019e+00 1.084640e+01 9.286271e+00 1.875526e+00 6.096717e+00 2.587312e+00 
178 1781 0 0 0 1.348078e+01 2.573881e+00 1.693092e+00 2.814168e+00 1.072726e+01 9.115159e+00 1.881590e+00 5.939351e+00 2.632278e+00 
179 1791 0 0 0 1.350720e+01 2.574512e+00 1.711459e+00 2.950559e+00 1.089343e+01 9.067700e+00 2.053593e+00 6.301421e+00 2.745684e+00 
180 1801 0 0 0 1.347880e+01 2.609483e+00 1.732320e+00 2.980121e+00 1.126640e+01 8.831436e+00 1.992455e+00 6.108570e+00 2.203594e+00 
181 1811 0 0 0 1.286922e+01 2.585357e+00 1.705115e+00 2.797409e+00 1.127409e+01 9.048781e+00 1.960152e+00 6.932216e+00 2.452709e+00 
182 1821 0 0 0 1.287467e+01 2.604707e+00 1.759099e+00 2.367381e+00 1.136828e+01 8.488796e+00 1.764223e+00 6.935229e+00 1.895571e+00 
183 1831 0 0 0 1.287839e+01 2.618394e+00 1.762083e+00 2.362329e+00 1.151679e+01 8.604589e+00 1.990108e+00 6.954323e+00 1.665041e+00 
184 1841 0 0 0 1.287442e+01 2.612068e+00 1.764381e+00 2.411168e+00 1.161572e+01 8.292970e+00 2.354629e+00 7.728653e+00 1.833852e+00 
185 1851 0 0 0 1.292498e+01 2.605769e+00 1.770366e+00 2.396534e+00 1.148602e+01 8.129902e+00 2.339512e+00 7.834882e+00 1.995274e+00 
186 1861 0 0 0 1.270282e+01 2.594627e+00 1.763227e+00 2.394163e+00 1.154589e+01 8.434659e+00 2.442082e+00 8.330212e+00 1.997901e+00 
187 1871 0 0 0 1.284792e+01 2.540912e+00 1.742212e+00 2.203632e+00 1.140408e+01 8.333855e+00 2.153994e+00 8.235233e+00 2.025141e+00 
188 1881 0 0 0 1.263292e+01 2.553549e+00 1.749113e+00 2.079992e+00 1.140631e+01 8.267583e+00 1.928019e+00 8.254583e+00 1.984192e+00 
189 1891 0 0 0 1.251330e+01 2.499661e+00 1.727593e+00 2.160041e+00 1.128250e+01 8.254136e+00 1.722536e+00 7.884107e+00 2.414936e+00 
190 1901 0 0 0 1.234107e+01 2.486029e+00 1.739813e+00 2.309682e+00 1.137169e+01 8.366504e+00 1.573085e+00 7.650273e+00 2.285390e+00 
191 1911 0 0 0 1.256790e+01 2.499339e+00 1.727997e+00 2.164411e+00 1.146118e+01 8.419059e+00 1.408182e+00 7.464883e+00 1.863783e+00 
192 1921 0 0 0 1.248432e+01 2.491554e+00 1.737859e+00 2.164164e+00 1.144459e+01 8.420305e+00 1.515870e+00 7.530053e+00 1.845310e+00 
193 1931 0 0 0 1.232915e+01 2.484703e+00 1.713845e+00 2.335392e+00 1.154313e+01 8.232117e+00 1.585773e+00 7.245186e+00 1.838471e+00 
194 1941 0 0 0 1.216345e+01 2.465017e+00 1.718406e+00 2.238264e+00 1.155849e+01 8.200711e+00 1.510952e+00 7.526257e+00 1.929864e+00 
195 1951 0 0 0 1.227110e+01 2.449554e+00 1.714126e+00 2.058350e+00 1.142571e+01 8.193256e+00 1.510990e+00 7.700554e+00 1.763523e+00 
196 1961 0 0 0 1.212364e+01 2.452788e+00 1.714483e+00 2.077939e+00 1.153068e+01 8.233898e+00 1.563649e+00 7.833652e+00 1.591122e+00 
197 1971 0 0 0 1.219330e+01 2.473752e+00 1.732997e+00 2.204921e+00 1.159980e+01 8.385425e+00 1.607318e+00 7.573303e+00 1.569651e+00 
198 1981 0 0 0 1.205123e+01 2.451729e+00 1.740155e+00 1.989230e+00 1.188747e+01 8.179112e+00 1.401895e+00 7.749341e+00 1.128572e+00 
199 1991 0 0 0 1.205455e+01 2.453425e+00 1.739355e+00 2.005485e+00 1.181091e+01 8.104729e+00 1.498553e+00 7.482908e+00 9.914388e-01 
200 2001 0 0 0 1.217529e+01 2.445876e+00 1.726918e+00 2.163373e+00 1.164097e+01 8.357836e+00 1.583852e+00 7.452564e+00 1.306320e+00 
201 2011 0 0 0 1.231608e+01 2.441169e+00 1.737054e+00 2.081873e+00 1.155985e+01 8.363722e+00 1.561185e+00 7.317180e+00 1.194846e+00 
202 2021 0 0 0 1.229125e+01 2.442373e+00 1.739043e+00 2.091707e+00 1.156827e+01 8.252319e+00 1.361543e+00 7.317327e+00 1.414698e+00 
203 2031 0 0 0 1.233546e+01 2.463350e+00 1.744667e+00 2.076669e+00 1.162780e+01 8.111912e+00 1.339561e+00 7.163017e+00 1.351413e+00 
204 2041 0 0 0 1.230041e+01 2.456157e+00 1.741775e+00 2.053995e+00 1.174405e+01 8.118143e+00 1.348210e+00 7.343099e+00 1.276347e+00 
205 2051 0 0 0 1.226322e+01 2.441517e+00 1.719011e+00 2.083764e+00 1.170191e+01 8.178733e+00 1.366073e+00 7.383569e+00 1.407060e+00 
206 2061 0 0 0 1.231997e+01 2.442738e+00 1.726591e+00 2.005364e+00 1.167741e+01 8.097342e+00 1.277505e+00 7.264380e+00 1.251904e+00 
207 2071 0 0 0 1.238816e+01 2.445990e+00 1.735646e+00 1.889319e+00 1.169787e+01 7.938877e+00 1.196422e+00 7.213259e+00 1.076303e+00 
208 2081 0 0 0 1.230101e+01 2.439915e+00 1.712405e+00 1.956207e+00 1.175348e+01 8.034712e+00 1.278189e+00 7.340658e+00 1.192357e+00 
209 2091 0 0 0 1.228106e+01 2.452928e+00 1.724655e+00 1.954799e+00 1.185611e+01 7.970601e+00 1.310549e+00 7.449572e+00 1.178533e+00 
210 2101 0 0 0 1.224909e+01 2.439076e+00 1.718186e+00 2.004288e+00 1.189307e+01 8.005252e+00 1.217354e+00 7.351001e+00 1.229712e+00 
211 2111 0 0 0 1.219749e+01 2.438982e+00 1.704548e+00 2.082620e+00 1.188069e+01 8.094961e+00 1.256367e+00 7.511013e+00 1.468163e+00 
212 2121 0 0 0 1.221637e+01 2.457635e+00 1.713562e+00 1.978944e+00 1.196430e+01 7.776650e+00 1.343259e+00 7.590505e+00 1.298687e+00 
213 2131 0 0 0 1.220483e+01 2.457001e+00 1.714593e+00 2.043963e+00 1.190867e+01 7.897783e+00 1.374306e+00 7.475204e+00 1.306902e+00 
214 2141 0 0 0 1.217828e+01 2.451804e+00 1.706607e+00 2.059195e+00 1.189047e+01 8.014391e+00 1.349598e+00 7.434265e+00 1.295871e+00 
215 2151 0 0 0 1.215482e+01 2.456824e+00 1.707153e+00 2.009257e+00 1.190666e+01 7.935486e+00 1.288824e+00 7.377104e+00 1.204757e+00 
216 2161 0 0 0 1.217556e+01 2.446940e+00 1.698209e+00 2.043084e+00 1.181507e+01 8.048891e+00 1.316547e+00 7.368331e+00 1.291394e+00 
217 2171 0 0 0 1.215048e+01 2.460439e+00 1.699347e+00 2.060559e+00 1.176976e+01 8.062487e+00 1.329303e+00 7.269655e+00 1.324954e+00 
218 2181 0 0 0 1.211119e+01 2.480874e+00 1.702331e+00 2.046566e+00 1.185909e+01 8.004604e+00 1.468140e+00 7.461886e+00 1.258577e+00 
219 2191 0 0 0 1.218972e+01 2.474149e+00 1.701125e+00 2.100261e+00 1.183255e+01 8.130111e+00 1.479461e+00 7.496536e+00 1.382696e+00 
220 2201 0 0 0 1.219216e+01 2.461895e+00 1.705754e+00 2.053703e+00 1.180406e+01 8.118385e+00 1.443879e+00 7.503611e+00 1.304010e+00 
221 2211 0 0 0 1.229340e+01 2.468505e+00 1.713120e+00 2.023336e+00 1.178181e+01 8.057651e+00 1.477196e+00 7.499578e+00 1.258200e+00 
222 2221 0 0 0 1.221382e+01 2.448854e+00 1.703197e+00 2.073197e+00 1.172485e+01 8.171077e+00 1.406817e+00 7.462053e+00 1.398259e+00 
223 2231 0 0 0 1.223400e+01 2.465444e+00 1.706840e+00 2.121565e+00 1.172208e+01 8.166670e+00 1.434192e+00 7.432298e+00 1.477940e+00 
224 2241 0 0 0 1.224237e+01 2.471078e+00 1.711367e+00 2.080307e+00 1.176855e+01 8.119351e+00 1.445426e+00 7.452725e+00 1.369456e+00 
225 2251 0 0 0 1.225144e+01 2.472058e+00 1.708193e+00 2.034953e+00 1.182873e+01 8.063535e+00 1.437836e+00 7.477596e+00 1.292033e+00 
226 2261 0 0 0 1.223131e+01 2.474562e+00 1.713933e+00 2.001346e+00 1.185142e+01 8.022089e+00 1.385794e+00 7.449356e+00 1.211243e+00 
227 2271 0 0 0 1.221811e+01 2.465358e+00 1.706604e+00 1.984911e+00 1.186470e+01 8.047708e+00 1.350294e+00 7.442170e+00 1.187923e+00 
228 2281 0 0 0 1.225981e+01 2.469438e+00 1.706807e+00 1.977980e+00 1.185187e+01 8.013176e+00 1.328428e+00 7.412929e+00 1.219215e+00 
229 2291 0 0 0 1.222018e+01 2.462220e+00 1.701403e+00 1.983661e+00 1.181910e+01 8.007838e+00 1.317068e+00 7.418753e+00 1.253768e+00 
230 2301 0 0 0 1.219501e+01 2.465508e+00 1.707553e+00 1.973228e+00 1.187011e+01 7.988522e+00 1.274983e+00 7.411034e+00 1.197243e+00 
231 2311 0 0 0 1.221941e+01 2.466769e+00 1.706082e+00 1.943573e+00 1.187798e+01 7.950499e+00 1.272697e+00 7.423930e+00 1.170671e+00 
232 2321 0 0 0 1.218657e+01 2.460153e+00 1.700962e+00 1.932781e+00 1.188463e+01 7.918523e+00 1.255868e+00 7.437089e+00 1.166828e+00 
233 2331 0 0 0 1.215014e+01 2.454050e+00 1.697929e+00 1.938704e+00 1.188034e+01 7.951946e+00 1.233256e+00 7.412924e+00 1.155416e+00 
234 2341 0 0 0 1.214023e+01 2.447595e+00 1.692788e+00 1.931953e+00 1.189766e+01 7.954482e+00 1.215362e+00 7.444209e+00 1.153013e+00 
235 2351 0 0 0 1.212473e+01 2.447944e+00 1.691054e+00 1.911648e+00 1.190009e+01 7.944640e+00 1.200174e+00 7.446928e+00 1.129375e+00 
236 2361 0 0 0 1.211936e+01 2.447528e+00 1.686582e+00 1.917333e+00 1.189914e+01 7.944648e+00 1.196477e+00 7.460131e+00 1.149112e+00 
237 2371 0 0 0 1.209457e+01 2.451596e+00 1.687526e+00 1.935338e+00 1.190067e+01 7.932938e+00 1.215625e+00 7.445992e+00 1.174927e+00 
238 2381 0 0 0 1.212049e+01 2.452984e+00 1.693590e+00 1.911182e+00 1.192229e+01 7.876642e+00 1.224676e+00 7.489357e+00 1.142478e+00 
239 2391 0 0 0 1.206674e+01 2.450156e+00 1.685955e+00 1.925612e+00 1.196240e+01 7.861728e+00 1.228569e+00 7.574167e+00 1.203086e+00 
240 2401 0 0 0 1.207622e+01 2.440766e+00 1.683305e+00 1.886225e+00 1.194137e+01 7.856735e+00 1.167679e+00 7.546488e+00 1.152556e+00 
241 2411 0 0 0 1.209780e+01 2.434131e+00 1.680157e+00 1.883614e+00 1.189552e+01 7.865683e+00 1.156614e+00 7.533733e+00 1.184982e+00 
242 2421 0 0 0 1.209328e+01 2.442162e+00 1.683303e+00 1.898974e+00 1.190699e+01 7.811927e+00 1.185937e+00 7.522886e+00 1.196493e+00 
243 2431 0 0 0 1.212585e+01 2.452967e+00 1.690109e+00 1.911828e+00 1.190984e+01 7.840729e+00 1.166143e+00 7.412704e+00 1.169587e+00 
244 2441 0 0 0 1.209463e+01 2.449062e+00 1.687280e+00 1.891711e+00 1.196632e+01 7.841096e+00 1.158592e+00 7.493700e+00 1.126061e+00 
245 2451 0 0 0 1.208890e+01 2.447057e+00 1.685358e+00 1.912669e+00 1.195472e+01 7.839444e+00 1.164423e+00 7.483619e+00 1.171815e+00 
246 2461 0 0 0 1.207029e+01 2.445953e+00 1.687173e+00 1.871972e+00 1.196465e+01 7.785222e+00 1.143281e+00 7.472595e+00 1.091300e+00 
247 2471 0 0 0 1.208544e+01 2.447214e+00 1.687290e+00 1.877835e+00 1.195110e+01 7.790711e+00 1.167457e+00 7.473541e+00 1.105010e+00 
248 2481 0 0 0 1.210578e+01 2.451848e+00 1.692566e+00 1.873033e+00 1.195117e+01 7.767867e+00 1.113498e+00 7.392494e+00 1.086692e+00 
249 2491 0 0 0 1.212941e+01 2.452244e+00 1.692740e+00 1.877235e+00 1.193298e+01 7.767337e+00 1.097952e+00 7.358634e+00 1.115735e+00 
250 2501 0 0 0 1.211952e+01 2.448059e+00 1.690712e+00 1.867888e+00 1.193576e+01 7.756488e+00 1.085033e+00 7.371754e+00 1.111807e+00 
251 2511 0 0 0 1.211099e+01 2.446944e+00 1.690291e+00 1.892704e+00 1.192698e+01 7.811946e+00 1.102400e+00 7.374812e+00 1.134713e+00 
252 2521 0 0 0 1.210206e+01 2.448016e+00 1.691153e+00 1.888083e+00 1.195197e+01 7.813859e+00 1.106301e+00 7.390068e+00 1.107055e+00 
253 2531 0 0 0 1.209017e+01 2.448214e+00 1.689948e+00 1.883695e+00 1.195386e+01 7.820410e+00 1.100684e+00 7.407480e+00 1.107729e+00 
254 2541 0 0 0 1.209531e+01 2.448084e+00 1.687704e+00 1.858474e+00 1.197642e+01 7.784679e+00 1.077317e+00 7.417947e+00 1.075709e+00 
255 2551 0 0 0 1.210252e+01 2.446476e+00 1.684824e+00 1.868186e+00 1.195419e+01 7.792575e+00 1.064419e+00 7.375917e+00 1.094232e+00 
256 2561 0 0 0 1.212910e+01 2.449776e+00 1.688463e+00 1.879405e+00 1.194291e+01 7.777135e+00 1.067209e+00 7.315597e+00 1.105661e+00 
257 2571 0 0 0 1.212854e+01 2.449924e+00 1.686995e+00 1.869256e+00 1.193542e+01 7.762165e+00 1.079187e+00 7.334617e+00 1.100761e+00 
258 2581 0 0 0 1.211701e+01 2.449502e+00 1.686356e+00 1.848505e+00 1.194145e+01 7.711292e+00 1.048580e+00 7.314126e+00 1.079839e+00 
259 2591 0 0 0 1.213474e+01 2.450752e+00 1.688000e+00 1.862359e+00 1.194283e+01 7.739661e+00 1.076294e+00 7.329361e+00 1.082851e+00 
260 2601 0 0 0 1.214458e+01 2.448579e+00 1.685916e+00 1.853869e+00 1.193813e+01 7.719658e+00 1.073389e+00 7.338758e+00 1.094336e+00 
261 2611 0 0 0 1.211793e+01 2.447138e+00 1.685643e+00 1.872602e+00 1.194326e+01 7.752492e+00 1.082883e+00 7.346724e+00 1.107385e+00 
262 2621 0 0 0 1.210875e+01 2.445555e+00 1.685703e+00 1.870587e+00 1.195059e+01 7.743619e+00 1.069837e+00 7.338690e+00 1.100032e+00 
263 2631 0 0 0 1.209790e+01 2.443200e+00 1.685540e+00 1.866927e+00 1.195473e+01 7.751391e+00 1.060602e+00 7.344507e+00 1.092140e+00 
264 2641 0 0 0 1.211211e+01 2.445430e+00 1.685600e+00 1.877347e+00 1.194432e+01 7.752449e+00 1.083098e+00 7.339896e+00 1.107162e+00 
265 2651 0 0 0 1.210495e+01 2.444637e+00 1.684587e+00 1.858197e+00 1.195600e+01 7.731097e+00 1.073250e+00 7.355534e+00 1.078876e+00 
266 2661 0 0 0 1.210200e+01 2.445332e+00 1.686249e+00 1.860941e+00 1.195927e+01 7.732117e+00 1.076299e+00 7.357691e+00 1.077294e+00 
267 2671 0 0 0 1.210729e+01 2.444674e+00 1.686740e+00 1.858130e+00 1.196202e+01 7.723552e+00 1.068121e+00 7.342771e+00 1.066570e+00 
268 2681 0 0 0 1.211649e+01 2.445017e+00 1.687088e+00 1.852135e+00 1.195498e+01 7.711084e+00 1.062999e+00 7.324717e+00 1.059145e+00 
269 2691 0 0 0 1.212236e+01 2.444960e+00 1.687223e+00 1.853948e+00 1.194218e+01 7.706853e+00 1.065221e+00 7.316532e+00 1.072484e+00 
270 2701 0 0 0 1.212322e+01 2.445426e+00 1.686851e+00 1.859364e+00 1.194449e+01 7.710450e+00 1.072985e+00 7.327167e+00 1.083094e+00 
271 2711 0 0 0 1.211440e+01 2.444744e+00 1.686770e+00 1.854856e+00 1.194883e+01 7.715502e+00 1.063994e+00 7.334823e+00 1.076579e+00 
272 2721 0 0 0 1.211256e+01 2.445259e+00 1.686408e+00 1.857280e+00 1.195365e+01 7.711710e+00 1.065130e+00 7.342415e+00 1.082604e+00 
273 2731 0 0 0 1.211536e+01 2.445694e+00 1.686830e+00 1.858797e+00 1.194979e+01 7.712795e+00 1.065598e+00 7.327930e+00 1.077002e+00 
274 2741 0 0 0 1.210898e+01 2.445083e+00 1.687299e+00 1.856445e+00 1.195097e+01 7.714270e+00 1.059828e+00 7.326733e+00 1.072403e+00 
275 2751 0 0 0 1.211044e+01 2.444088e+00 1.686882e+00 1.856204e+00 1.195476e+01 7.714950e+00 1.054127e+00 7.327384e+00 1.073061e+00 
276 2761 0 0 0 1.211753e+01 2.444980e+00 1.687925e+00 1.854125e+00 1.194833e+01 7.705857e+00 1.049919e+00 7.310624e+00 1.069772e+00 
277 2771 0 0 0 1.212040e+01 2.444677e+00 1.688517e+00 1.852130e+00 1.194764e+01 7.708636e+00 1.048744e+00 7.307250e+00 1.065348e+00 
278 2781 0 0 0 1.212157e+01 2.445949e+00 1.688519e+00 1.858292e+00 1.194778e+01 7.712710e+00 1.057616e+00 7.316344e+00 1.075843e+00 
279 2791 0 0 0 1.212156e+01 2.445872e+00 1.688269e+00 1.856554e+00 1.194923e+01 7.710382e+00 1.054975e+00 7.312339e+00 1.071227e+00 
280 2801 0 0 0 1.211794e+01 2.445669e+00 1.687898e+00 1.857121e+00 1.195349e+01 7.711817e+00 1.055749e+00 7.319638e+00 1.071219e+00 
281 2811 0 0 0 1.211107e+01 2.444200e+00 1.686699e+00 1.857404e+00 1.195375e+01 7.716534e+00 1.054355e+00 7.325652e+00 1.074193e+00 
282 2821 0 0 0 1.211312e+01 2.444851e+00 1.687146e+00 1.857077e+00 1.195278e+01 7.714880e+00 1.055823e+00 7.324235e+00 1.074196e+00 
283 2831 0 0 0 1.211061e+01 2.444249e+00 1.686637e+00 1.851879e+00 1.195686e+01 7.708714e+00 1.052364e+00 7.329864e+00 1.068227e+00 
284 2841 0 0 0 1.210563e+01 2.443433e+00 1.685765e+00 1.851091e+00 1.195934e+01 7.709996e+00 1.049393e+00 7.333454e+00 1.068023e+00 
285 2851 0 0 0 1.210815e+01 2.444110e+00 1.686356e+00 1.852318e+00 1.195711e+01 7.711895e+00 1.049104e+00 7.328084e+00 1.070111e+00 
286 2861 0 0 0 1.210728e+01 2.443886e+00 1.686359e+00 1.850434e+00 1.195757e+01 7.708358e+00 1.047058e+00 7.325973e+00 1.066485e+00 
287 2871 0 0 0 1.210846e+01 2.444488e+00 1.686425e+00 1.852348e+00 1.195739e+01 7.710513e+00 1.050970e+00 7.329234e+00 1.069941e+00 
288 2881 0 0 0 1.210885e+01 2.444255e+00 1.686306e+00 1.849683e+00 1.195697e+01 7.707416e+00 1.048810e+00 7.330815e+00 1.069745e+00 
289 2891 0 0 0 1.210922e+01 2.444372e+00 1.685875e+00 1.849757e+00 1.195573e+01 7.708850e+00 1.051487e+00 7.335014e+00 1.072308e+00 
290 2901 0 0 0 1.210963e+01 2.444684e+00 1.686268e+00 1.851473e+00 1.195451e+01 7.708857e+00 1.053158e+00 7.331919e+00 1.073833e+00 
291 2911 0 0 0 1.210868e+01 2.444360e+00 1.686101e+00 1.852747e+00 1.195600e+01 7.710749e+00 1.052512e+00 7.330634e+00 1.073228e+00 
292 2921 0 0 0 1.210553e+01 2.444245e+00 1.685772e+00 1.854661e+00 1.195694e+01 7.714509e+00 1.054908e+00 7.333246e+00 1.074221e+00 
293 2931 0 0 0 1.210322e+01 2.444067e+00 1.685517e+00 1.854026e+00 1.195688e+01 7.714246e+00 1.056095e+00 7.335089e+00 1.073913e+00 
294 2941 0 0 0 1.210220e+01 2.444069e+00 1.685213e+00 1.857579e+00 1.195737e+01 7.718139e+00 1.059626e+00 7.335000e+00 1.076328e+00 
295 2951 0 0 0 1.210774e+01 2.444397e+00 1.685977e+00 1.856984e+00 1.195258e+01 7.714889e+00 1.057228e+00 7.327931e+00 1.078114e+00 
296 2961 0 0 0 1.210659e+01 2.444232e+00 1.685489e+00 1.856277e+00 1.195336e+01 7.715355e+00 1.060173e+00 7.334676e+00 1.079150e+00 
297 2971 0 0 0 1.210484e+01 2.443767e+00 1.685170e+00 1.856767e+00 1.195229e+01 7.719302e+00 1.061737e+00 7.337991e+00 1.082452e+00 
298 2981 0 0 0 1.210761e+01 2.443437e+00 1.684834e+00 1.856466e+00 1.195001e+01 7.716432e+00 1.061275e+00 7.336414e+00 1.084856e+00 
299 2991 0 0 0 1.210679e+01 2.443496e+00 1.684678e+00 1.855045e+00 1.194985e+01 7.715165e+00 1.060287e+00 7.342153e+00 1.087060e+00 
300 3001 0 0 0 1.210797e+01 2.443771e+00 1.684928e+00 1.854808e+00 1.194777e+01 7.713561e+00 1.059156e+00 7.334617e+00 1.085326e+00 
301 3011 0 0 0 1.210946e+01 2.443852e+00 1.685010e+00 1.854094e+00 1.194810e+01 7.711562e+00 1.057265e+00 7.331185e+00 1.083729e+00 
302 3021 0 0 0 1.210939e+01 2.443751e+00 1.685059e+00 1.856151e+00 1.194776e+01 7.715373e+00 1.059587e+00 7.329470e+00 1.083062e+00 
303 3031 0 0 0 1.210816e+01 2.444268e+00 1.685314e+00 1.858851e+00 1.194762e+01 7.718022e+00 1.061982e+00 7.326165e+00 1.082616e+00 
304 3041 0 0 0 1.210662e+01 2.444429e+00 1.685547e+00 1.861688e+00 1.194930e+01 7.723490e+00 1.061385e+00 7.321242e+00 1.080846e+00 
305 3051 0 0 0 1.210637e+01 2.444258e+00 1.685330e+00 1.860125e+00 1.194777e+01 7.721081e+00 1.060099e+00 7.321951e+00 1.081302e+00 
306 3061 0 0 0 1.210523e+01 2.443750e+00 1.684883e+00 1.857550e+00 1.194702e+01 7.718105e+00 1.057151e+00 7.323326e+00 1.079415e+00 
307 3071 0 0 0 1.210468e+01 2.443968e+00 1.684978e+00 1.858793e+00 1.194800e+01 7.722249e+00 1.056847e+00 7.322958e+00 1.079572e+00 
308 3081 0 0 0 1.210491e+01 2.444713e+00 1.685567e+00 1.860580e+00 1.194724e+01 7.722699e+00 1.059198e+00 7.318862e+00 1.079863e+00 
309 3091 0 0 0 1.210391e+01 2.444046e+00 1.684835e+00 1.860525e+00 1.194418e+01 7.722172e+00 1.061679e+00 7.321055e+00 1.083915e+00 
310 3101 0 0 0 1.210477e+01 2.444413e+00 1.685368e+00 1.859452e+00 1.194736e+01 7.720173e+00 1.060693e+00 7.319152e+00 1.076255e+00 
311 3111 0 0 0 1.210188e+01 2.444254e+00 1.684822e+00 1.861031e+00 1.194785e+01 7.723891e+00 1.063267e+00 7.321553e+00 1.076436e+00 
312 3121 0 0 0 1.210141e+01 2.444297e+00 1.684782e+00 1.862281e+00 1.194923e+01 7.725165e+00 1.063937e+00 7.320858e+00 1.076546e+00 
313 3131 0 0 0 1.210108e+01 2.443943e+00 1.684352e+00 1.862169e+00 1.194914e+01 7.724735e+00 1.066623e+00 7.327867e+00 1.081764e+00 
314 3141 0 0 0 1.210116e+01 2.443744e+00 1.684180e+00 1.861002e+00 1.194969e+01 7.726440e+00 1.066132e+00 7.328191e+00 1.077707e+00 
315 3151 0 0 0 1.210253e+01 2.443931e+00 1.684686e+00 1.861040e+00 1.194817e+01 7.727016e+00 1.064171e+00 7.320572e+00 1.074223e+00 
316 3161 0 0 0 1.210173e+01 2.443708e+00 1.684438e+00 1.861073e+00 1.194971e+01 7.727088e+00 1.067146e+00 7.326544e+00 1.075501e+00 
317 3171 0 0 0 1.210000e+01 2.443292e+00 1.684092e+00 1.861427e+00 1.195059e+01 7.728627e+00 1.068826e+00 7.332183e+00 1.077577e+00 
318 3181 0 0 0 1.209840e+01 2.442733e+00 1.683939e+00 1.858616e+00 1.195131e+01 7.722526e+00 1.065910e+00 7.334042e+00 1.076595e+00 
319 3191 0 0 0 1.209832e+01 2.443141e+00 1.684454e+00 1.860350e+00 1.194987e+01 7.724708e+00 1.067524e+00 7.330056e+00 1.076274e+00 
320 3201 0 0 0 1.209891e+01 2.442860e+00 1.684445e+00 1.860100e+00 1.195058e+01 7.724692e+00 1.069077e+00 7.332270e+00 1.074345e+00 
321 3211 0 0 0 1.209961e+01 2.442618e+00 1.684637e+00 1.861264e+00 1.194914e+01 7.727981e+00 1.068433e+00 7.330299e+00 1.075070e+00 
322 3221 0 0 0 1.209801e+01 2.442657e+00 1.684519e+00 1.864015e+00 1.194726e+01 7.734740e+00 1.069716e+00 7.327257e+00 1.077433e+00 
323 3231 0 0 0 1.209742e+01 2.442466e+00 1.684792e+00 1.862023e+00 1.194862e+01 7.733093e+00 1.068788e+00 7.329222e+00 1.074718e+00 
324 3241 0 0 0 1.209465e+01 2.441841e+00 1.684120e+00 1.859780e+00 1.194968e+01 7.727389e+00 1.066217e+00 7.334905e+00 1.077056e+00 
325 3251 0 0 0 1.209340e+01 2.441975e+00 1.684150e+00 1.862433e+00 1.195082e+01 7.729709e+00 1.069255e+00 7.333515e+00 1.077438e+00 
326 3261 0 0 0 1.209521e+01 2.441687e+00 1.683643e+00 1.863059e+00 1.194853e+01 7.729889e+00 1.072675e+00 7.335005e+00 1.081667e+00 
327 3271 0 0 0 1.209615e+01 2.441939e+00 1.683492e+00 1.865021e+00 1.194659e+01 7.734390e+00 1.074996e+00 7.337214e+00 1.086527e+00 
328 3281 0 0 0 1.209708e+01 2.442339e+00 1.683728e+00 1.864928e+00 1.194681e+01 7.733935e+00 1.075473e+00 7.338367e+00 1.087143e+00 
329 3291 0 0 0 1.209873e+01 2.442731e+00 1.684159e+00 1.863926e+00 1.194609e+01 7.732351e+00 1.073463e+00 7.333315e+00 1.084168e+00 
330 3301 0 0 0 1.209990e+01 2.442973e+00 1.684424e+00 1.864157e+00 1.194602e+01 7.731918e+00 1.073195e+00 7.330717e+00 1.083720e+00 
331 3311 0 0 0 1.209741e+01 2.442985e+00 1.684345e+00 1.864025e+00 1.194787e+01 7.732029e+00 1.071813e+00 7.332309e+00 1.083589e+00 
332 3321 0 0 0 1.209597e+01 2.442815e+00 1.683911e+00 1.864340e+00 1.194808e+01 7.732121e+00 1.072922e+00 7.336556e+00 1.086233e+00 
333 3331 0 0 0 1.209379e+01 2.442506e+00 1.683438e+00 1.865323e+00 1.194882e+01 7.734025e+00 1.072843e+00 7.339642e+00 1.089491e+00 
334 3341 0 0 0 1.209350e+01 2.442926e+00 1.683405e+00 1.866405e+00 1.194805e+01 7.736325e+00 1.073489e+00 7.337392e+00 1.090268e+00 
335 3351 0 0 0 1.209121e+01 2.442773e+00 1.683409e+00 1.866697e+00 1.194959e+01 7.734415e+00 1.072531e+00 7.337239e+00 1.089013e+00 
336 3361 0 0 0 1.208967e+01 2.442411e+00 1.683512e+00 1.866816e+00 1.195035e+01 7.733485e+00 1.071022e+00 7.336218e+00 1.087784e+00 
337 3371 0 0 0 1.209179e+01 2.442076e+00 1.683318e+00 1.866465e+00 1.194864e+01 7.733794e+00 1.070602e+00 7.335069e+00 1.088060e+00 
338 3381 0 0 0 1.209141e+01 2.442362e+00 1.683490e+00 1.867526e+00 1.194963e+01 7.734309e+00 1.072665e+00 7.333064e+00 1.086044e+00 
339 3391 0 0 0 1.209331e+01 2.442701e+00 1.683619e+00 1.868327e+00 1.194747e+01 7.737322e+00 1.073641e+00 7.329511e+00 1.085994e+00 
340 3401 0 0 0 1.209449e+01 2.442784e+00 1.683811e+00 1.869119e+00 1.194652e+01 7.737678e+00 1.075210e+00 7.326801e+00 1.084877e+00 
341 3411 0 0 0 1.209337e+01 2.442654e+00 1.683522e+00 1.871495e+00 1.194650e+01 7.740268e+00 1.075453e+00 7.325595e+00 1.086665e+00 
342 3421 0 0 0 1.209509e+01 2.442747e+00 1.683386e+00 1.872457e+00 1.194634e+01 7.740489e+00 1.076822e+00 7.326920e+00 1.088473e+00 
343 3431 0 0 0 1.209464e+01 2.442473e+00 1.682994e+00 1.870751e+00 1.194545e+01 7.736754e+00 1.075003e+00 7.328052e+00 1.090294e+00 
344 3441 0 0 0 1.209701e+01 2.442576e+00 1.682925e+00 1.872065e+00 1.194201e+01 7.742582e+00 1.077490e+00 7.326635e+00 1.092516e+00 
345 3451 0 0 0 1.209432e+01 2.442850e+00 1.682665e+00 1.871017e+00 1.194375e+01 7.737995e+00 1.074858e+00 7.325006e+00 1.092116e+00 
346 3461 0 0 0 1.209730e+01 2.443201e+00 1.682717e+00 1.872331e+00 1.194153e+01 7.740110e+00 1.076927e+00 7.325938e+00 1.096354e+00 
347 3471 0 0 0 1.209974e+01 2.443322e+00 1.682596e+00 1.874571e+00 1.193820e+01 7.742322e+00 1.079177e+00 7.321311e+00 1.098627e+00 
348 3481 0 0 0 1.209510e+01 2.442797e+00 1.682566e+00 1.871608e+00 1.194161e+01 7.739130e+00 1.077771e+00 7.325142e+00 1.093802e+00 
349 3491 0 0 0 1.209819e+01 2.442560e+00 1.682331e+00 1.871850e+00 1.193943e+01 7.740234e+00 1.080223e+00 7.326364e+00 1.095203e+00 
350 3501 0 0 0 1.209594e+01 2.442416e+00 1.682378e+00 1.870651e+00 1.194026e+01 7.740902e+00 1.075618e+00 7.323609e+00 1.091844e+00 
351 3511 0 0 0 1.209663e+01 2.442498e+00 1.682608e+00 1.869679e+00 1.193843e+01 7.741047e+00 1.077423e+00 7.322285e+00 1.089958e+00 
352 3521 0 0 0 1.209731e+01 2.442459e+00 1.683370e+00 1.866188e+00 1.194004e+01 7.733434e+00 1.074206e+00 7.325013e+00 1.088156e+00 
353 3531 0 0 0 1.209440e+01 2.442653e+00 1.683870e+00 1.865379e+00 1.194408e+01 7.732150e+00 1.072447e+00 7.324041e+00 1.082300e+00 
354 3541 0 0 0 1.209459e+01 2.442716e+00 1.684048e+00 1.867555e+00 1.194414e+01 7.731650e+00 1.075405e+00 7.325269e+00 1.083925e+00 
355 3551 0 0 0 1.209369e+01 2.442648e+00 1.684255e+00 1.867225e+00 1.194645e+01 7.731439e+00 1.074076e+00 7.323683e+00 1.079823e+00 
356 3561 0 0 0 1.209521e+01 2.443394e+00 1.684432e+00 1.869578e+00 1.194467e+01 7.735604e+00 1.076879e+00 7.324287e+00 1.084136e+00 
357 3571 0 0 0 1.209288e+01 2.443464e+00 1.684134e+00 1.873283e+00 1.194492e+01 7.741930e+00 1.079222e+00 7.322640e+00 1.085432e+00 
358 3581 0 0 0 1.209507e+01 2.443837e+00 1.685139e+00 1.873918e+00 1.194360e+01 7.742904e+00 1.078236e+00 7.316348e+00 1.082649e+00 
359 3591 0 0 0 1.209481e+01 2.443918e+00 1.685437e+00 1.873113e+00 1.194231e+01 7.741071e+00 1.078941e+00 7.315795e+00 1.081785e+00 
360 3601 0 0 0 1.209684e+01 2.443620e+00 1.685599e+00 1.873223e+00 1.194307e+01 7.739423e+00 1.078862e+00 7.319522e+00 1.085085e+00 
361 3611 0 0 0 1.209367e+01 2.442784e+00 1.684922e+00 1.868539e+00 1.194528e+01 7.732881e+00 1.076030e+00 7.327857e+00 1.083386e+00 
362 3621 0 0 0 1.209368e+01 2.442970e+00 1.685698e+00 1.868572e+00 1.194660e+01 7.730399e+00 1.077841e+00 7.329615e+00 1.081287e+00 
363 3631 0 0 0 1.209749e+01 2.443151e+00 1.685883e+00 1.868837e+00 1.194443e+01 7.731520e+00 1.079764e+00 7.324937e+00 1.080482e+00 
364 3641 0 0 0 1.210087e+01 2.443543e+00 1.686532e+00 1.866379e+00 1.194354e+01 7.729411e+00 1.077641e+00 7.323518e+00 1.079487e+00 
365 3651 0 0 0 1.209980e+01 2.443379e+00 1.686686e+00 1.865864e+00 1.194543e+01 7.728672e+00 1.077237e+00 7.329235e+00 1.080430e+00 
366 3661 0 0 0 1.210241e+01 2.443385e+00 1.686775e+00 1.866473e+00 1.194379e+01 7.729216e+00 1.080923e+00 7.333386e+00 1.083722e+00 
367 3671 0 0 0 1.210451e+01 2.443903e+00 1.686826e+00 1.869900e+00 1.194164e+01 7.734311e+00 1.085473e+00 7.328352e+00 1.085260e+00 
368 3681 0 0 0 1.210160e+01 2.443178e+00 1.686377e+00 1.867463e+00 1.194407e+01 7.729897e+00 1.084731e+00 7.337850e+00 1.086362e+00 
369 3691 0 0 0 1.210190e+01 2.442865e+00 1.687077e+00 1.865927e+00 1.194377e+01 7.725059e+00 1.084251e+00 7.338764e+00 1.084994e+00 
370 3701 0 0 0 1.209978e+01 2.443394e+00 1.687675e+00 1.867822e+00 1.194659e+01 7.724957e+00 1.085660e+00 7.339498e+00 1.083415e+00 
371 3711 0 0 0 1.210013e+01 2.443760e+00 1.687264e+00 1.870029e+00 1.194562e+01 7.727671e+00 1.086639e+00 7.336662e+00 1.085184e+00 
372 3721 0 0 0 1.209755e+01 2.443249e+00 1.687582e+00 1.867669e+00 1.194695e+01 7.722726e+00 1.084510e+00 7.338491e+00 1.081316e+00 
373 3731 0 0 0 1.209605e+01 2.443690e+00 1.687916e+00 1.866872e+00 1.195028e+01 7.717120e+00 1.081081e+00 7.336049e+00 1.077592e+00 
374 3741 0 0 0 1.209165e+01 2.443618e+00 1.687929e+00 1.864894e+00 1.195352e+01 7.712705e+00 1.079358e+00 7.338903e+00 1.073955e+00 
375 3751 0 0 0 1.209512e+01 2.443190e+00 1.686718e+00 1.864065e+00 1.195062e+01 7.714379e+00 1.081758e+00 7.343983e+00 1.079304e+00 
376 3761 0 0 0 1.209670e+01 2.443492e+00 1.686316e+00 1.867229e+00 1.194884e+01 7.720819e+00 1.085221e+00 7.338577e+00 1.078473e+00 
377 3771 0 0 0 1.209672e+01 2.443865e+00 1.687373e+00 1.871624e+00 1.194904e+01 7.726025e+00 1.090838e+00 7.336899e+00 1.077750e+00 
378 3781 0 0 0 1.210359e+01 2.444041e+00 1.688198e+00 1.874882e+00 1.194343e+01 7.731560e+00 1.095823e+00 7.332915e+00 1.083041e+00 
379 3791 0 0 0 1.210105e+01 2.444027e+00 1.688639e+00 1.873515e+00 1.194697e+01 7.731813e+00 1.092271e+00 7.332585e+00 1.077889e+00 
380 3801 0 0 0 1.210598e+01 2.444361e+00 1.688668e+00 1.872629e+00 1.194486e+01 7.732486e+00 1.094160e+00 7.333922e+00 1.079751e+00 
381 3811 0 0 0 1.210835e+01 2.445145e+00 1.689732e+00 1.873270e+00 1.194532e+01 7.729875e+00 1.093217e+00 7.326831e+00 1.075734e+00 
382 3821 0 0 0 1.211009e+01 2.445078e+00 1.690172e+00 1.871701e+00 1.194339e+01 7.724783e+00 1.090627e+00 7.324448e+00 1.076645e+00 
383 3831 0 0 0 1.210756e+01 2.445088e+00 1.689563e+00 1.872795e+00 1.194355e+01 7.723657e+00 1.090882e+00 7.325866e+00 1.079456e+00 
384 3841 0 0 0 1.210874e+01 2.444971e+00 1.689116e+00 1.868926e+00 1.194292e+01 7.719852e+00 1.090505e+00 7.329947e+00 1.079658e+00 
385 3851 0 0 0 1.210891e+01 2.445003e+00 1.688094e+00 1.871675e+00 1.194247e+01 7.726744e+00 1.092175e+00 7.328950e+00 1.081859e+00 
386 3861 0 0 0 1.210824e+01 2.444500e+00 1.688134e+00 1.870221e+00 1.194047e+01 7.726032e+00 1.090786e+00 7.327012e+00 1.079553e+00 
387 3871 0 0 0 1.210977e+01 2.444734e+00 1.688202e+00 1.871000e+00 1.193967e+01 7.727675e+00 1.091610e+00 7.325179e+00 1.080714e+00 
388 3881 0 0 0 1.210653e+01 2.444161e+00 1.687965e+00 1.869698e+00 1.194111e+01 7.726539e+00 1.089555e+00 7.324809e+00 1.077132e+00 
389 3891 0 0 0 1.210596e+01 2.444085e+00 1.688806e+00 1.868234e+00 1.194338e+01 7.725242e+00 1.088142e+00 7.323682e+00 1.071385e+00 
390 3901 0 0 0 1.210497e+01 2.443672e+00 1.689321e+00 1.867406e+00 1.194388e+01 7.725355e+00 1.086237e+00 7.323334e+00 1.068467e+00 
391 3911 0 0 0 1.210346e+01 2.443659e+00 1.688864e+00 1.866110e+00 1.194529e+01 7.725703e+00 1.085584e+00 7.325942e+00 1.067003e+00 
392 3921 0 0 0 1.210585e+01 2.443596e+00 1.688669e+00 1.866667e+00 1.194367e+01 7.727588e+00 1.087512e+00 7.326107e+00 1.068678e+00 
393 3931 0 0 0 1.210105e+01 2.443310e+00 1.688313e+00 1.867374e+00 1.194507e+01 7.728722e+00 1.088124e+00 7.327060e+00 1.066602e+00 
394 3941 0 0 0 1.210356e+01 2.443626e+00 1.687608e+00 1.867406e+00 1.194375e+01 7.731332e+00 1.086565e+00 7.325223e+00 1.069839e+00 
395 3951 0 0 0 1.210716e+01 2.444405e+00 1.688379e+00 1.870274e+00 1.194205e+01 7.734923e+00 1.087765e+00 7.321282e+00 1.073016e+00 
396 3961 0 0 0 1.210597e+01 2.444863e+00 1.688154e+00 1.871586e+00 1.194231e+01 7.735451e+00 1.088135e+00 7.318784e+00 1.074310e+00 
397 3971 0 0 0 1.210633e+01 2.445216e+00 1.688950e+00 1.870917e+00 1.194426e+01 7.731864e+00 1.085046e+00 7.317343e+00 1.072338e+00 
398 3981 0 0 0 1.210601e+01 2.445812e+00 1.689025e+00 1.870533e+00 1.194548e+01 7.728454e+00 1.083940e+00 7.318545e+00 1.074228e+00 
399 3991 0 0 0 1.211066e+01 2.446572e+00 1.689406e+00 1.871357e+00 1.194344e+01 7.729473e+00 1.084950e+00 7.314790e+00 1.076275e+00 
400 4001 0 0 0 1.211169e+01 2.445960e+00 1.689057e+00 1.867992e+00 1.194410e+01 7.723388e+00 1.083323e+00 7.318255e+00 1.075605e+00 
401 4011 0 0 0 1.211119e+01 2.446490e+00 1.688847e+00 1.866379e+00 1.194479e+01 7.722467e+00 1.081289e+00 7.319067e+00 1.076000e+00 
402 4021 0 0 0 1.212000e+01 2.446983e+00 1.689614e+00 1.867693e+00 1.193872e+01 7.724335e+00 1.086026e+00 7.317948e+00 1.081985e+00 
403 4031 0 0 0 1.212163e+01 2.447322e+00 1.689733e+00 1.866438e+00 1.193902e+01 7.719672e+00 1.086209e+00 7.322927e+00 1.086657e+00 
404 4041 0 0 0 1.212052e+01 2.446386e+00 1.689505e+00 1.867082e+00 1.193960e+01 7.720581e+00 1.089933e+00 7.329235e+00 1.085684e+00 
405 4051 0 0 0 1.211785e+01 2.445136e+00 1.689315e+00 1.866589e+00 1.193695e+01 7.724044e+00 1.090224e+00 7.331023e+00 1.085255e+00 
406 4061 0 0 0 1.211930e+01 2.445314e+00 1.690119e+00 1.864205e+00 1.193869e+01 7.717713e+00 1.088630e+00 7.330522e+00 1.080355e+00 
407 4071 0 0 0 1.211709e+01 2.445737e+00 1.690108e+00 1.865740e+00 1.194176e+01 7.720664e+00 1.087359e+00 7.327908e+00 1.078565e+00 
408 4081 0 0 0 1.211673e+01 2.445888e+00 1.690238e+00 1.864990e+00 1.194252e+01 7.718721e+00 1.087630e+00 7.330844e+00 1.079485e+00 
409 4091 0 0 0 1.211975e+01 2.445976e+00 1.690045e+00 1.866970e+00 1.193981e+01 7.723360e+00 1.087992e+00 7.326253e+00 1.081812e+00 
410 4101 0 0 0 1.211628e+01 2.445216e+00 1.689882e+00 1.866316e+00 1.194079e+01 7.722673e+00 1.087921e+00 7.326369e+00 1.077398e+00 
411 4111 0 0 0 1.211729e+01 2.445425e+00 1.690083e+00 1.866587e+00 1.194020e+01 7.722696e+00 1.087387e+00 7.325877e+00 1.078422e+00 
412 4121 0 0 0 1.211678e+01 2.444931e+00 1.689534e+00 1.866255e+00 1.193872e+01 7.724638e+00 1.087139e+00 7.327580e+00 1.080186e+00 
413 4131 0 0 0 1.211768e+01 2.445668e+00 1.689665e+00 1.866445e+00 1.193919e+01 7.722329e+00 1.087395e+00 7.327812e+00 1.082661e+00 
414 4141 0 0 0 1.211880e+01 2.445985e+00 1.689842e+00 1.865030e+00 1.193978e+01 7.718624e+00 1.086472e+00 7.329376e+00 1.083188e+00 
415 4151 0 0 0 1.211779e+01 2.446091e+00 1.690044e+00 1.864590e+00 1.194113e+01 7.716733e+00 1.085315e+00 7.330703e+00 1.083051e+00 
416 4161 0 0 0 1.211665e+01 2.445875e+00 1.689793e+00 1.865864e+00 1.194051e+01 7.721276e+00 1.085668e+00 7.328150e+00 1.082071e+00 
417 4171 0 0 0 1.211573e+01 2.445661e+00 1.689672e+00 1.864645e+00 1.194091e+01 7.720346e+00 1.083505e+00 7.326871e+00 1.080212e+00 
418 4181 0 0 0 1.211483e+01 2.445393e+00 1.689858e+00 1.864494e+00 1.194074e+01 7.720768e+00 1.084890e+00 7.327926e+00 1.078810e+00 
419 4191 0 0 0 1.211598e+01 2.445640e+00 1.689743e+00 1.863548e+00 1.194009e+01 7.719766e+00 1.082463e+00 7.326134e+00 1.080161e+00 
420 4201 0 0 0 1.211589e+01 2.445232e+00 1.689162e+00 1.862621e+00 1.193846e+01 7.720945e+00 1.081372e+00 7.326446e+00 1.081528e+00 
421 4211 0 0 0 1.211740e+01 2.445803e+00 1.689018e+00 1.865000e+00 1.193715e+01 7.723230e+00 1.084061e+00 7.325488e+00 1.085209e+00 
422 4221 0 0 0 1.211532e+01 2.446002e+00 1.689116e+00 1.865186e+00 1.193887e+01 7.721743e+00 1.083204e+00 7.326243e+00 1.085460e+00 
423 4231 0 0 0 1.211802e+01 2.446263e+00 1.688976e+00 1.864553e+00 1.193825e+01 7.719813e+00 1.083092e+00 7.326453e+00 1.087169e+00 
424 4241 0 0 0 1.211587e+01 2.445760e+00 1.688767e+00 1.862636e+00 1.193959e+01 7.716951e+00 1.081328e+00 7.329832e+00 1.086212e+00 
425 4251 0 0 0 1.211373e+01 2.445861e+00 1.689050e+00 1.862494e+00 1.194217e+01 7.713524e+00 1.079911e+00 7.329903e+00 1.084432e+00 
426 4261 0 0 0 1.211378e+01 2.445946e+00 1.689140e+00 1.863837e+00 1.194238e+01 7.715339e+00 1.081601e+00 7.329798e+00 1.084251e+00 
427 4271 0 0 0 1.211242e+01 2.445865e+00 1.689222e+00 1.864043e+00 1.194234e+01 7.715472e+00 1.080476e+00 7.326418e+00 1.082277e+00 
428 4281 0 0 0 1.211161e+01 2.445710e+00 1.688678e+00 1.864322e+00 1.194196e+01 7.715648e+00 1.080551e+00 7.326883e+00 1.083876e+00 
429 4291 0 0 0 1.211174e+01 2.445858e+00 1.688600e+00 1.864882e+00 1.194203e+01 7.716753e+00 1.079948e+00 7.325696e+00 1.084551e+00 
430 4301 0 0 0 1.211038e+01 2.445383e+00 1.688422e+00 1.865069e+00 1.194248e+01 7.718408e+00 1.082014e+00 7.327898e+00 1.082592e+00 
431 4311 0 0 0 1.210822e+01 2.445052e+00 1.688224e+00 1.865226e+00 1.194349e+01 7.718474e+00 1.082295e+00 7.329299e+00 1.081633e+00 
432 4321 0 0 0 1.210951e+01 2.445061e+00 1.688338e+00 1.863142e+00 1.194312e+01 7.717191e+00 1.081092e+00 7.329843e+00 1.080446e+00 
433 4331 0 0 0 1.211013e+01 2.444788e+00 1.688032e+00 1.862885e+00 1.194202e+01 7.718367e+00 1.082843e+00 7.331798e+00 1.081103e+00 
434 4341 0 0 0 1.210887e+01 2.444525e+00 1.687719e+00 1.861690e+00 1.194184e+01 7.718886e+00 1.082105e+00 7.332351e+00 1.080039e+00 
435 4351 0 0 0 1.210878e+01 2.444624e+00 1.688017e+00 1.860153e+00 1.194379e+01 7.714487e+00 1.080908e+00 7.334910e+00 1.078760e+00 
436 4361 0 0 0 1.211078e+01 2.444471e+00 1.688128e+00 1.860156e+00 1.194142e+01 7.717263e+00 1.082840e+00 7.335626e+00 1.080074e+00 
437 4371 0 0 0 1.211004e+01 2.444107e+00 1.687513e+00 1.859559e+00 1.194050e+01 7.720390e+00 1.082333e+00 7.335397e+00 1.080073e+00 
438 4381 0 0 0 1.210952e+01 2.443614e+00 1.687700e+00 1.859389e+00 1.194041e+01 7.719610e+00 1.082551e+00 7.335345e+00 1.078083e+00 
439 4391 0 0 0 1.210982e+01 2.443811e+00 1.688031e+00 1.857556e+00 1.194185e+01 7.715524e+00 1.080447e+00 7.336394e+00 1.076764e+00 
440 4401 0 0 0 1.210928e+01 2.443709e+00 1.688100e+00 1.855797e+00 1.194300e+01 7.714220e+00 1.079458e+00 7.338995e+00 1.074887e+00 
441 4411 0 0 0 1.211392e+01 2.444325e+00 1.688937e+00 1.857489e+00 1.194150e+01 7.713662e+00 1.082114e+00 7.337650e+00 1.077397e+00 
442 4421 0 0 0 1.211705e+01 2.444470e+00 1.689219e+00 1.855678e+00 1.194047e+01 7.710171e+00 1.081199e+00 7.339116e+00 1.078906e+00 
443 4431 0 0 0 1.211930e+01 2.443868e+00 1.688787e+00 1.855315e+00 1.193656e+01 7.713918e+00 1.083622e+00 7.338912e+00 1.079713e+00 
444 4441 0 0 0 1.212022e+01 2.444433e+00 1.688780e+00 1.856270e+00 1.193560e+01 7.715620e+00 1.083677e+00 7.338405e+00 1.083157e+00 
445 4451 0 0 0 1.212423e+01 2.444076e+00 1.688851e+00 1.855612e+00 1.193173e+01 7.717177e+00 1.083715e+00 7.337083e+00 1.085286e+00 
446 4461 0 0 0 1.212395e+01 2.443937e+00 1.688516e+00 1.856498e+00 1.192998e+01 7.719738e+00 1.085892e+00 7.338913e+00 1.088132e+00 
447 4471 0 0 0 1.212368e+01 2.443423e+00 1.688076e+00 1.858931e+00 1.192801e+01 7.724740e+00 1.088946e+00 7.339528e+00 1.090204e+00 
448 4481 0 0 0 1.211921e+01 2.443014e+00 1.687653e+00 1.859414e+00 1.192866e+01 7.728454e+00 1.088850e+00 7.337765e+00 1.086575e+00 
449 4491 0 0 0 1.212315e+01 2.443238e+00 1.688255e+00 1.862493e+00 1.192535e+01 7.735362e+00 1.092922e+00 7.336121e+00 1.089224e+00 
450 4501 0 0 0 1.212559e+01 2.444093e+00 1.688868e+00 1.868291e+00 1.192333e+01 7.744194e+00 1.097582e+00 7.332281e+00 1.092971e+00 
451 4511 0 0 0 1.212648e+01 2.445232e+00 1.690333e+00 1.869786e+00 1.192452e+01 7.742326e+00 1.093733e+00 7.321514e+00 1.089392e+00 
452 4521 0 0 0 1.211880e+01 2.444621e+00 1.689404e+00 1.866695e+00 1.193073e+01 7.735881e+00 1.089814e+00 7.325072e+00 1.083793e+00 
453 4531 0 0 0 1.211328e+01 2.443678e+00 1.689125e+00 1.865755e+00 1.193433e+01 7.736662e+00 1.085182e+00 7.323204e+00 1.077054e+00 
454 4541 0 0 0 1.211855e+01 2.444720e+00 1.689561e+00 1.870349e+00 1.192978e+01 7.744749e+00 1.088092e+00 7.315017e+00 1.081661e+00 
455 4551 0 0 0 1.211881e+01 2.445124e+00 1.689071e+00 1.871771e+00 1.192774e+01 7.748441e+00 1.089161e+00 7.310110e+00 1.082192e+00 
456 4561 0 0 0 1.211986e+01 2.445339e+00 1.688818e+00 1.874298e+00 1.192721e+01 7.747702e+00 1.090781e+00 7.311293e+00 1.087897e+00 
457 4571 0 0 0 1.211625e+01 2.445818e+00 1.689406e+00 1.876034e+00 1.193084e+01 7.743446e+00 1.089505e+00 7.309482e+00 1.086806e+00 
458 4581 0 0 0 1.211533e+01 2.446362e+00 1.689410e+00 1.875391e+00 1.193367e+01 7.742888e+00 1.087387e+00 7.310581e+00 1.085830e+00 
459 4591 0 0 0 1.212148e+01 2.446870e+00 1.689522e+00 1.868677e+00 1.193420e+01 7.729931e+00 1.082004e+00 7.317501e+00 1.089744e+00 
460 4601 0 0 0 1.212530e+01 2.447337e+00 1.689645e+00 1.867548e+00 1.193115e+01 7.730137e+00 1.081357e+00 7.314206e+00 1.091618e+00 
461 4611 0 0 0 1.212405e+01 2.448257e+00 1.689984e+00 1.872328e+00 1.193281e+01 7.734254e+00 1.083433e+00 7.315545e+00 1.096858e+00 
462 4621 0 0 0 1.212891e+01 2.448065e+00 1.690536e+00 1.868547e+00 1.193172e+01 7.729030e+00 1.081688e+00 7.317395e+00 1.096223e+00 
463 4631 0 0 0 1.212941e+01 2.447757e+00 1.690842e+00 1.866106e+00 1.193416e+01 7.726924e+00 1.081636e+00 7.321914e+00 1.092069e+00 
464 4641 0 0 0 1.213514e+01 2.448493e+00 1.691721e+00 1.868145e+00 1.193115e+01 7.730410e+00 1.083732e+00 7.315063e+00 1.092554e+00 
465 4651 0 0 0 1.213147e+01 2.449417e+00 1.692068e+00 1.870194e+00 1.193620e+01 7.730047e+00 1.084165e+00 7.317897e+00 1.092413e+00 
466 4661 0 0 0 1.213232e+01 2.450705e+00 1.693266e+00 1.869566e+00 1.194106e+01 7.720303e+00 1.080474e+00 7.316475e+00 1.091757e+00 
467 4671 0 0 0 1.212562e+01 2.450370e+00 1.692929e+00 1.871837e+00 1.194310e+01 7.727156e+00 1.080977e+00 7.314202e+00 1.088750e+00 
468 4681 0 0 0 1.211957e+01 2.451053e+00 1.693360e+00 1.873950e+00 1.194967e+01 7.724958e+00 1.077975e+00 7.311041e+00 1.084028e+00 
469 4691 0 0 0 1.211776e+01 2.450357e+00 1.693182e+00 1.876332e+00 1.194736e+01 7.729687e+00 1.076686e+00 7.304808e+00 1.083228e+00 
470 4701 0 0 0 1.211990e+01 2.451180e+00 1.693076e+00 1.882755e+00 1.194359e+01 7.739881e+00 1.078465e+00 7.291138e+00 1.085754e+00 
471 4711 0 0 0 1.212245e+01 2.449642e+00 1.693535e+00 1.878331e+00 1.194442e+01 7.736179e+00 1.079937e+00 7.302299e+00 1.082737e+00 
472 4721 0 0 0 1.211825e+01 2.449323e+00 1.692711e+00 1.879591e+00 1.194430e+01 7.743698e+00 1.081362e+00 7.301805e+00 1.082805e+00 
473 4731 0 0 0 1.212205e+01 2.450552e+00 1.693595e+00 1.880396e+00 1.194292e+01 7.742149e+00 1.079090e+00 7.298236e+00 1.087969e+00 
474 4741 0 0 0 1.212615e+01 2.451555e+00 1.694159e+00 1.881366e+00 1.194253e+01 7.743592e+00 1.078418e+00 7.293152e+00 1.089749e+00 
475 4751 0 0 0 1.213069e+01 2.452730e+00 1.693969e+00 1.881532e+00 1.194218e+01 7.742525e+00 1.074798e+00 7.286789e+00 1.092008e+00 
476 4761 0 0 0 1.212882e+01 2.451018e+00 1.693348e+00 1.872649e+00 1.194309e+01 7.732120e+00 1.068970e+00 7.291665e+00 1.083995e+00 
477 4771 0 0 0 1.212439e+01 2.449229e+00 1.692044e+00 1.871380e+00 1.193939e+01 7.739836e+00 1.070508e+00 7.293095e+00 1.080617e+00 
478 4781 0 0 0 1.212748e+01 2.450025e+00 1.692714e+00 1.869434e+00 1.194000e+01 7.735503e+00 1.072164e+00 7.299328e+00 1.082221e+00 
479 4791 0 0 0 1.212346e+01 2.449008e+00 1.691683e+00 1.874942e+00 1.193643e+01 7.747013e+00 1.080514e+00 7.303544e+00 1.087205e+00 
480 4801 0 0 0 1.212571e+01 2.448174e+00 1.691383e+00 1.878218e+00 1.193037e+01 7.755990e+00 1.083157e+00 7.296191e+00 1.088616e+00 
481 4811 0 0 0 1.212573e+01 2.447791e+00 1.690947e+00 1.881293e+00 1.192483e+01 7.765230e+00 1.085540e+00 7.288606e+00 1.089407e+00 
482 4821 0 0 0 1.212859e+01 2.447291e+00 1.691142e+00 1.882278e+00 1.192024e+01 7.772339e+00 1.083561e+00 7.280188e+00 1.089490e+00 
483 4831 0 0 0 1.213386e+01 2.448907e+00 1.692370e+00 1.889297e+00 1.191867e+01 7.780629e+00 1.088526e+00 7.279776e+00 1.097993e+00 
484 4841 0 0 0 1.213972e+01 2.449768e+00 1.692093e+00 1.889127e+00 1.191575e+01 7.782410e+00 1.084761e+00 7.274377e+00 1.102074e+00 
485 4851 0 0 0 1.213580e+01 2.449115e+00 1.691717e+00 1.892432e+00 1.191535e+01 7.786855e+00 1.090191e+00 7.275642e+00 1.100990e+00 
486 4861 0 0 0 1.214142e+01 2.448519e+00 1.692358e+00 1.893073e+00 1.191064e+01 7.788725e+00 1.097190e+00 7.278899e+00 1.102241e+00 
487 4871 0 0 0 1.213539e+01 2.448432e+00 1.692760e+00 1.889937e+00 1.191938e+01 7.781563e+00 1.093677e+00 7.284146e+00 1.093511e+00 
488 4881 0 0 0 1.213786e+01 2.448119e+00 1.692581e+00 1.895423e+00 1.191120e+01 7.791556e+00 1.099320e+00 7.275897e+00 1.098101e+00 
489 4891 0 0 0 1.213413e+01 2.447049e+00 1.691687e+00 1.888095e+00 1.191415e+01 7.783607e+00 1.095397e+00 7.283657e+00 1.092331e+00 
490 4901 0 0 0 1.212605e+01 2.446479e+00 1.690890e+00 1.886789e+00 1.191864e+01 7.780984e+00 1.096248e+00 7.285508e+00 1.084285e+00 
491 4911 0 0 0 1.212509e+01 2.446649e+00 1.691394e+00 1.883995e+00 1.192085e+01 7.773105e+00 1.095479e+00 7.286761e+00 1.079830e+00 
492 4921 0 0 0 1.213007e+01 2.445997e+00 1.690910e+00 1.883586e+00 1.191241e+01 7.774773e+00 1.098539e+00 7.286582e+00 1.087629e+00 
493 4931 0 0 0 1.212899e+01 2.445708e+00 1.690680e+00 1.874699e+00 1.191558e+01 7.757376e+00 1.093949e+00 7.295670e+00 1.084009e+00 
494 4941 0 0 0 1.212752e+01 2.444126e+00 1.690231e+00 1.869160e+00 1.191441e+01 7.752630e+00 1.094070e+00 7.302201e+00 1.080060e+00 
495 4951 0 0 0 1.212386e+01 2.445359e+00 1.690517e+00 1.878751e+00 1.191599e+01 7.758186e+00 1.093812e+00 7.287025e+00 1.082447e+00 
496 4961 0 0 0 1.212659e+01 2.446761e+00 1.691372e+00 1.885440e+00 1.191273e+01 7.763560e+00 1.094944e+00 7.273332e+00 1.086338e+00 
497 4971 0 0 0 1.212544e+01 2.448063e+00 1.691382e+00 1.891882e+00 1.191188e+01 7.774227e+00 1.091604e+00 7.252424e+00 1.084115e+00 
498 4981 0 0 0 1.212256e+01 2.446842e+00 1.690085e+00 1.882536e+00 1.191396e+01 7.757280e+00 1.085914e+00 7.261005e+00 1.080344e+00 
499 4991 0 0 0 1.211536e+01 2.445218e+00 1.689448e+00 1.872451e+00 1.191620e+01 7.747589e+00 1.077039e+00 7.260369e+00 1.067326e+00 
500 5001 0 0 0 1.212358e+01 2.445856e+00 1.690113e+00 1.873189e+00 1.191272e+01 7.738508e+00 1.079785e+00 7.259774e+00 1.076708e+00 
501 5011 0 0 0 1.211335e+01 2.445348e+00 1.689636e+00 1.871602e+00 1.192091e+01 7.726517e+00 1.072958e+00 7.252518e+00 1.065629e+00 
502 5021 0 0 0 1.211818e+01 2.447158e+00 1.689918e+00 1.875261e+00 1.192016e+01 7.727427e+00 1.077396e+00 7.265188e+00 1.082788e+00 
503 5031 0 0 0 1.210693e+01 2.445258e+00 1.688734e+00 1.864643e+00 1.192979e+01 7.701324e+00 1.067699e+00 7.265109e+00 1.064884e+00 
504 5041 0 0 0 1.210980e+01 2.444710e+00 1.690232e+00 1.866349e+00 1.192738e+01 7.704282e+00 1.072854e+00 7.267155e+00 1.062873e+00 
505 5051 0 0 0 1.211346e+01 2.443979e+00 1.690085e+00 1.865681e+00 1.192106e+01 7.714764e+00 1.083827e+00 7.275895e+00 1.064516e+00 
506 5061 0 0 0 1.210485e+01 2.442497e+00 1.688268e+00 1.869728e+00 1.191513e+01 7.721064e+00 1.088932e+00 7.263930e+00 1.061815e+00 
507 5071 0 0 0 1.210892e+01 2.441845e+00 1.688372e+00 1.883511e+00 1.190485e+01 7.761398e+00 1.104831e+00 7.262118e+00 1.069059e+00 
508 5081 0 0 0 1.210212e+01 2.439403e+00 1.687129e+00 1.892677e+00 1.189884e+01 7.787430e+00 1.117877e+00 7.259342e+00 1.066224e+00 
509 5091 0 0 0 1.210473e+01 2.436800e+00 1.684156e+00 1.886395e+00 1.189404e+01 7.788074e+00 1.120795e+00 7.278621e+00 1.073993e+00 
510 5101 0 0 0 1.210082e+01 2.436855e+00 1.682870e+00 1.893134e+00 1.189218e+01 7.801885e+00 1.118759e+00 7.268854e+00 1.079640e+00 
511 5111 0 0 0 1.209725e+01 2.435090e+00 1.680382e+00 1.899428e+00 1.189109e+01 7.827066e+00 1.126340e+00 7.279002e+00 1.084285e+00 
512 5121 0 0 0 1.210529e+01 2.435993e+00 1.681895e+00 1.905818e+00 1.188549e+01 7.846275e+00 1.133224e+00 7.272236e+00 1.085151e+00 
