%  columns="iteration, evaluation, void, void, void, xmean" (startseed=212452, 2015/08/6 11:57:27.53)
0 1 0 0 0 1.000000e+00 1.000000e+00 1.000000e+00 1.000000e+00 1.000000e+00 1.000000e+00 1.000000e+00 1.000000e+00 1.000000e+00 
1 11 0 0 0 1.469588e+00 9.627041e-01 1.212384e-01 1.349633e+00 2.790442e+00 3.556450e+00 -6.714572e+00 7.500914e-01 4.801567e-01 
2 21 0 0 0 3.594545e+00 1.446764e+00 -1.214500e-01 3.743723e+00 4.220218e+00 1.075807e+01 -4.015654e+00 -8.124811e+00 1.809122e+00 
3 31 0 0 0 6.314598e+00 4.837564e-01 5.417043e-01 1.228700e+00 3.338474e+00 5.478487e+00 -8.828867e-03 -2.947787e+00 1.684346e+00 
4 41 0 0 0 6.527974e+00 1.080887e+00 3.124293e-01 4.640648e-01 2.476141e+00 6.745296e+00 1.309783e-01 4.523473e+00 4.986718e+00 
5 51 0 0 0 9.992551e+00 7.436963e-01 4.303764e-01 -2.338616e-02 7.651493e-01 3.890979e+00 -2.027388e+00 -2.600603e+00 3.836504e+00 
6 61 0 0 0 9.438216e+00 1.005536e+00 1.716587e-01 2.860680e+00 2.850528e+00 3.319531e+00 -3.938626e-01 -6.935096e+00 6.846266e+00 
7 71 0 0 0 6.136513e+00 7.910143e-01 -1.753731e-01 2.781934e+00 3.052515e+00 3.593736e+00 -3.377336e+00 -4.537710e+00 7.935453e+00 
8 81 0 0 0 9.259510e+00 7.310276e-01 -3.520419e-01 1.653943e+00 2.604260e+00 1.026583e+00 -3.235675e+00 -1.059203e+01 6.766195e+00 
9 91 0 0 0 9.690516e+00 8.684089e-01 -4.390901e-01 1.910093e+00 1.298881e+00 3.581139e+00 -1.134003e-01 -8.999601e+00 2.324950e+00 
10 101 0 0 0 1.061081e+01 5.606363e-01 -1.981114e-01 -1.181257e-01 2.032101e+00 5.182536e+00 -1.426383e+00 -4.366830e+00 2.960376e+00 
11 111 0 0 0 1.077939e+01 8.777481e-01 -3.033718e-01 1.920558e+00 1.109580e+00 4.228497e+00 -8.852892e+00 -5.639534e+00 1.707567e+00 
12 121 0 0 0 1.220731e+01 8.355899e-01 -2.660966e-01 4.102755e-01 1.487133e+00 2.882568e+00 -9.181169e+00 -6.258644e+00 2.989902e+00 
13 131 0 0 0 1.310323e+01 9.698654e-01 -9.606530e-02 3.415094e-01 1.699750e+00 2.595095e+00 -5.997015e+00 -6.168489e+00 2.786890e+00 
14 141 0 0 0 1.308912e+01 7.157860e-01 -1.265489e-01 -3.511511e-02 -4.984937e-01 3.152381e+00 -6.606069e+00 -8.668956e+00 2.461835e+00 
15 151 0 0 0 1.122951e+01 8.841794e-01 -2.793941e-01 1.172286e+00 -1.372714e-01 1.210068e+00 -2.034909e+00 -1.104308e+01 2.206400e+00 
16 161 0 0 0 1.186197e+01 8.584118e-01 -5.416839e-01 1.416699e+00 -7.374534e-01 1.186079e+00 3.603987e+00 -1.274059e+01 4.410575e+00 
17 171 0 0 0 1.267892e+01 5.708160e-01 -5.303450e-01 1.397203e+00 -1.124137e+00 6.411511e-01 7.411925e+00 -1.572313e+01 4.439803e+00 
18 181 0 0 0 1.140938e+01 8.159734e-01 -4.910276e-01 1.489557e+00 -2.272081e+00 1.941092e+00 4.878862e+00 -1.572130e+01 3.336183e+00 
19 191 0 0 0 1.073500e+01 6.700342e-01 -5.834450e-01 1.240585e+00 -2.811755e+00 1.658799e+00 4.856979e+00 -1.741195e+01 2.604539e+00 
20 201 0 0 0 1.145978e+01 4.066532e-01 -7.704781e-01 1.031260e+00 -3.009729e+00 3.001260e+00 3.694546e+00 -2.086383e+01 2.228893e+00 
21 211 0 0 0 1.198559e+01 4.616814e-01 -8.683099e-01 1.032264e+00 -3.118508e+00 2.650014e+00 5.838561e+00 -2.416249e+01 2.461516e+00 
22 221 0 0 0 1.178729e+01 4.168563e-01 -8.215404e-01 1.962353e+00 -2.940555e+00 2.861232e+00 5.174284e+00 -2.061868e+01 2.252257e+00 
23 231 0 0 0 1.092467e+01 5.109116e-01 -8.877842e-01 2.503811e+00 -3.324558e+00 2.589659e+00 3.159071e+00 -2.008003e+01 2.863180e+00 
24 241 0 0 0 1.164246e+01 5.100294e-01 -1.042423e+00 2.565261e+00 -3.671911e+00 3.240077e+00 4.254091e+00 -1.997213e+01 1.420276e+00 
25 251 0 0 0 1.202562e+01 4.803590e-01 -9.257339e-01 2.507255e+00 -3.158957e+00 3.756519e+00 3.811933e+00 -2.175057e+01 2.417095e+00 
26 261 0 0 0 1.263370e+01 4.727271e-01 -8.187125e-01 2.793308e+00 -1.986408e+00 4.582251e+00 3.047456e+00 -2.149939e+01 3.473021e+00 
27 271 0 0 0 1.307116e+01 4.562181e-01 -6.568649e-01 2.420671e+00 -1.989006e+00 5.196185e+00 3.085978e+00 -2.029023e+01 2.898454e+00 
28 281 0 0 0 1.341860e+01 5.281653e-01 -7.848410e-01 2.273780e+00 -2.170525e+00 4.961683e+00 2.983564e+00 -2.035596e+01 3.744016e+00 
29 291 0 0 0 1.329555e+01 5.448841e-01 -8.144171e-01 2.515805e+00 -2.523438e+00 6.465183e+00 2.823886e+00 -1.956701e+01 3.994992e+00 
30 301 0 0 0 1.323566e+01 6.298344e-01 -9.186173e-01 2.801046e+00 -2.762163e+00 4.726271e+00 2.981270e+00 -1.738337e+01 3.074002e+00 
31 311 0 0 0 1.333498e+01 6.424427e-01 -9.350669e-01 2.803151e+00 -2.736253e+00 3.884219e+00 4.225634e+00 -1.955492e+01 2.796067e+00 
32 321 0 0 0 1.388407e+01 6.969491e-01 -9.272637e-01 2.775747e+00 -2.254703e+00 3.879033e+00 2.776260e+00 -2.079276e+01 2.736533e+00 
33 331 0 0 0 1.441675e+01 6.150512e-01 -8.776921e-01 2.806628e+00 -1.584513e+00 4.394458e+00 3.683213e+00 -2.307548e+01 2.687624e+00 
34 341 0 0 0 1.386828e+01 5.995891e-01 -9.067215e-01 3.186188e+00 -1.626562e+00 4.067595e+00 4.242798e+00 -2.503644e+01 1.921204e+00 
35 351 0 0 0 1.343783e+01 5.072043e-01 -9.213562e-01 2.957937e+00 -1.921362e+00 3.491834e+00 4.602455e+00 -2.381351e+01 1.860764e+00 
36 361 0 0 0 1.292028e+01 5.525062e-01 -8.935175e-01 3.223347e+00 -2.206078e+00 3.652022e+00 3.135848e+00 -2.055645e+01 2.458912e+00 
37 371 0 0 0 1.330730e+01 6.019816e-01 -8.444847e-01 3.333629e+00 -2.263984e+00 3.544156e+00 4.053168e+00 -2.244037e+01 1.906830e+00 
38 381 0 0 0 1.371699e+01 5.948331e-01 -8.357984e-01 3.320021e+00 -2.310847e+00 2.975586e+00 3.804967e+00 -2.226934e+01 1.909161e+00 
39 391 0 0 0 1.419941e+01 6.452310e-01 -8.235716e-01 3.610204e+00 -1.711726e+00 3.429166e+00 3.717191e+00 -2.337376e+01 2.615120e+00 
40 401 0 0 0 1.349742e+01 6.400476e-01 -8.803471e-01 4.016832e+00 -2.388203e+00 2.524340e+00 3.130051e+00 -2.419989e+01 2.710146e+00 
41 411 0 0 0 1.345689e+01 6.291229e-01 -8.401308e-01 3.929490e+00 -2.218135e+00 2.732755e+00 2.440515e+00 -2.419924e+01 2.906814e+00 
42 421 0 0 0 1.321398e+01 5.594377e-01 -8.241509e-01 3.865507e+00 -2.319643e+00 2.383370e+00 2.643571e+00 -2.380328e+01 2.992070e+00 
43 431 0 0 0 1.403244e+01 4.942663e-01 -8.763915e-01 3.891353e+00 -2.740615e+00 2.282795e+00 2.705402e+00 -2.339760e+01 3.291962e+00 
44 441 0 0 0 1.370660e+01 4.961567e-01 -8.756007e-01 4.033014e+00 -2.480120e+00 1.414337e+00 2.544653e+00 -2.416713e+01 3.448843e+00 
45 451 0 0 0 1.395715e+01 4.745327e-01 -8.539429e-01 3.673004e+00 -2.325691e+00 1.476930e+00 2.844999e+00 -2.401776e+01 2.947731e+00 
46 461 0 0 0 1.352845e+01 4.783627e-01 -8.863840e-01 3.619777e+00 -2.058770e+00 1.783082e+00 2.919671e+00 -2.391738e+01 2.875218e+00 
47 471 0 0 0 1.327368e+01 4.833074e-01 -8.323429e-01 3.721031e+00 -2.146105e+00 1.177196e+00 2.532281e+00 -2.380584e+01 3.115210e+00 
48 481 0 0 0 1.335385e+01 5.329011e-01 -7.938201e-01 3.581739e+00 -1.829669e+00 1.348377e+00 2.350223e+00 -2.286063e+01 3.448625e+00 
49 491 0 0 0 1.334461e+01 5.093019e-01 -8.378619e-01 3.934707e+00 -2.154268e+00 1.292758e+00 2.197996e+00 -2.403859e+01 3.698288e+00 
50 501 0 0 0 1.340430e+01 5.064726e-01 -8.781981e-01 4.138406e+00 -2.262367e+00 2.841535e-01 2.151769e+00 -2.402437e+01 3.931927e+00 
51 511 0 0 0 1.355057e+01 5.235223e-01 -8.584043e-01 4.108408e+00 -2.084160e+00 4.271705e-01 2.433265e+00 -2.349557e+01 4.018350e+00 
52 521 0 0 0 1.324913e+01 5.459208e-01 -8.329029e-01 4.268722e+00 -2.237296e+00 -3.842190e-01 2.260137e+00 -2.304603e+01 4.142771e+00 
53 531 0 0 0 1.318825e+01 5.037375e-01 -8.429569e-01 3.978496e+00 -2.485164e+00 -3.324513e-01 2.083097e+00 -2.209027e+01 4.186553e+00 
54 541 0 0 0 1.291892e+01 5.070367e-01 -8.342585e-01 4.006161e+00 -2.693962e+00 1.762519e-01 2.027919e+00 -2.108128e+01 3.870247e+00 
55 551 0 0 0 1.344931e+01 5.347852e-01 -8.844502e-01 4.161108e+00 -2.982797e+00 1.293245e-01 2.034848e+00 -2.196566e+01 3.944360e+00 
56 561 0 0 0 1.358712e+01 5.227976e-01 -9.080228e-01 4.125795e+00 -3.206727e+00 1.364087e-01 2.362642e+00 -2.239754e+01 3.449229e+00 
57 571 0 0 0 1.368136e+01 5.367559e-01 -9.030369e-01 3.921868e+00 -3.441528e+00 2.454263e-01 2.441227e+00 -2.272672e+01 3.265668e+00 
58 581 0 0 0 1.394328e+01 5.327727e-01 -8.956221e-01 3.712464e+00 -3.552137e+00 1.006846e+00 2.577298e+00 -2.199444e+01 3.128780e+00 
59 591 0 0 0 1.398135e+01 4.921101e-01 -9.577445e-01 3.737702e+00 -3.763685e+00 8.668885e-01 2.330310e+00 -2.246859e+01 3.494558e+00 
60 601 0 0 0 1.426112e+01 5.122461e-01 -9.799559e-01 3.897214e+00 -3.927140e+00 4.335777e-01 2.652122e+00 -2.342262e+01 3.507185e+00 
61 611 0 0 0 1.397266e+01 4.805290e-01 -9.854214e-01 3.744513e+00 -3.879881e+00 -1.317226e-01 2.573300e+00 -2.293869e+01 3.363709e+00 
62 621 0 0 0 1.397746e+01 5.300699e-01 -9.859632e-01 4.028319e+00 -3.393455e+00 -2.405812e-01 2.625218e+00 -2.354184e+01 3.340721e+00 
63 631 0 0 0 1.388889e+01 5.259660e-01 -1.027911e+00 4.066445e+00 -3.642915e+00 -1.837858e-01 2.483513e+00 -2.392201e+01 3.374121e+00 
64 641 0 0 0 1.400275e+01 5.179238e-01 -1.071337e+00 3.954612e+00 -3.884100e+00 1.157180e-01 2.452910e+00 -2.243471e+01 3.473699e+00 
65 651 0 0 0 1.408212e+01 5.318700e-01 -1.071783e+00 4.043213e+00 -3.946549e+00 5.496943e-02 2.510945e+00 -2.236946e+01 3.493693e+00 
66 661 0 0 0 1.422343e+01 5.591491e-01 -1.047666e+00 4.092511e+00 -3.648397e+00 -1.808949e-01 2.628000e+00 -2.269829e+01 3.424457e+00 
67 671 0 0 0 1.447039e+01 5.672087e-01 -1.022566e+00 3.988920e+00 -3.569381e+00 2.448665e-01 2.434295e+00 -2.206125e+01 3.739787e+00 
68 681 0 0 0 1.467107e+01 5.590429e-01 -1.035121e+00 3.954263e+00 -3.657811e+00 4.292170e-01 2.377755e+00 -2.247244e+01 3.946898e+00 
69 691 0 0 0 1.458795e+01 5.425019e-01 -1.013875e+00 3.799829e+00 -3.332004e+00 5.421859e-01 2.365979e+00 -2.184319e+01 4.088759e+00 
70 701 0 0 0 1.432087e+01 5.348430e-01 -1.032588e+00 3.924778e+00 -3.479239e+00 3.367672e-01 2.317032e+00 -2.151126e+01 3.808440e+00 
71 711 0 0 0 1.416483e+01 5.618741e-01 -1.039049e+00 3.991460e+00 -3.503064e+00 4.351632e-01 2.386776e+00 -2.050223e+01 3.850672e+00 
72 721 0 0 0 1.430136e+01 5.612987e-01 -1.048042e+00 3.907672e+00 -3.683238e+00 4.904773e-01 2.463025e+00 -2.019364e+01 3.731694e+00 
73 731 0 0 0 1.454633e+01 5.209280e-01 -1.029292e+00 3.792577e+00 -3.901532e+00 7.788509e-01 2.569612e+00 -1.956950e+01 3.576998e+00 
74 741 0 0 0 1.422884e+01 4.999745e-01 -1.056906e+00 3.803292e+00 -4.160024e+00 3.571216e-01 2.488922e+00 -1.833404e+01 3.567589e+00 
75 751 0 0 0 1.423214e+01 5.045361e-01 -1.102731e+00 3.830470e+00 -4.395730e+00 9.726207e-02 2.475696e+00 -1.748052e+01 3.863056e+00 
76 761 0 0 0 1.417499e+01 4.568117e-01 -1.103622e+00 3.564525e+00 -4.564731e+00 7.925764e-02 2.326580e+00 -1.771070e+01 3.902791e+00 
77 771 0 0 0 1.413951e+01 4.470940e-01 -1.114320e+00 3.525997e+00 -4.445385e+00 3.584261e-01 2.381856e+00 -1.765342e+01 3.784413e+00 
78 781 0 0 0 1.421783e+01 4.627644e-01 -1.097641e+00 3.639863e+00 -4.471529e+00 4.336798e-01 2.466352e+00 -1.781125e+01 3.609810e+00 
79 791 0 0 0 1.442974e+01 4.827939e-01 -1.063026e+00 3.607993e+00 -4.397445e+00 9.210442e-01 2.569639e+00 -1.843655e+01 3.668427e+00 
80 801 0 0 0 1.430479e+01 4.418774e-01 -1.088929e+00 3.478903e+00 -4.739436e+00 7.210207e-01 2.473040e+00 -1.795783e+01 3.761741e+00 
81 811 0 0 0 1.426794e+01 4.301005e-01 -1.095089e+00 3.421192e+00 -4.909444e+00 8.535949e-01 2.268811e+00 -1.715717e+01 3.964844e+00 
82 821 0 0 0 1.419066e+01 4.029558e-01 -1.099566e+00 3.484140e+00 -4.829833e+00 1.303357e+00 2.281074e+00 -1.658520e+01 3.924539e+00 
83 831 0 0 0 1.404001e+01 4.091360e-01 -1.078337e+00 3.552318e+00 -4.761381e+00 9.689641e-01 2.309583e+00 -1.671984e+01 3.890964e+00 
84 841 0 0 0 1.408819e+01 4.110895e-01 -1.051190e+00 3.507667e+00 -4.452487e+00 9.264378e-01 2.230386e+00 -1.695847e+01 4.014594e+00 
85 851 0 0 0 1.417229e+01 4.364504e-01 -1.049601e+00 3.597354e+00 -4.293381e+00 7.970390e-01 2.434168e+00 -1.608409e+01 4.010756e+00 
86 861 0 0 0 1.407392e+01 4.286467e-01 -1.049298e+00 3.612805e+00 -4.098877e+00 7.569568e-01 2.245158e+00 -1.572581e+01 3.944697e+00 
87 871 0 0 0 1.399516e+01 4.526957e-01 -1.039230e+00 3.735732e+00 -3.838575e+00 3.149268e-01 2.425825e+00 -1.660941e+01 3.564533e+00 
88 881 0 0 0 1.372625e+01 4.405513e-01 -1.034631e+00 3.825389e+00 -3.674794e+00 1.693417e-01 2.547829e+00 -1.543138e+01 3.313315e+00 
89 891 0 0 0 1.356093e+01 4.648052e-01 -1.066175e+00 3.884418e+00 -3.968213e+00 -2.979029e-02 2.495998e+00 -1.545585e+01 3.284588e+00 
90 901 0 0 0 1.333592e+01 4.606549e-01 -1.054400e+00 4.127187e+00 -3.865087e+00 -1.307297e-01 2.464949e+00 -1.530552e+01 3.214617e+00 
91 911 0 0 0 1.320964e+01 4.973704e-01 -1.060186e+00 4.262617e+00 -3.998552e+00 -2.353394e-01 2.423254e+00 -1.409007e+01 3.249285e+00 
92 921 0 0 0 1.325157e+01 5.219483e-01 -1.104242e+00 4.293691e+00 -4.092658e+00 -3.601613e-01 2.517650e+00 -1.402148e+01 3.029584e+00 
93 931 0 0 0 1.311505e+01 5.359446e-01 -1.107322e+00 4.312931e+00 -4.112136e+00 -4.483008e-01 2.474351e+00 -1.355337e+01 3.230243e+00 
94 941 0 0 0 1.329836e+01 5.364198e-01 -1.126192e+00 4.359218e+00 -4.244917e+00 -5.338082e-01 2.319799e+00 -1.305419e+01 3.409006e+00 
95 951 0 0 0 1.284933e+01 5.123660e-01 -1.079835e+00 4.355388e+00 -3.690973e+00 -8.202649e-01 2.206335e+00 -1.361610e+01 3.460654e+00 
96 961 0 0 0 1.274121e+01 4.931984e-01 -1.066977e+00 4.257231e+00 -3.589950e+00 -8.422002e-01 2.386777e+00 -1.281532e+01 3.120843e+00 
97 971 0 0 0 1.240015e+01 5.233674e-01 -1.042936e+00 4.542335e+00 -3.219643e+00 -8.104711e-01 2.383211e+00 -1.318005e+01 2.860702e+00 
98 981 0 0 0 1.246587e+01 5.373365e-01 -1.010440e+00 4.633757e+00 -2.805012e+00 -4.761565e-01 2.677177e+00 -1.198578e+01 2.439060e+00 
99 991 0 0 0 1.236273e+01 5.778611e-01 -9.891688e-01 4.757509e+00 -2.649594e+00 -8.139449e-01 2.857776e+00 -1.113824e+01 2.192181e+00 
100 1001 0 0 0 1.209515e+01 6.233817e-01 -9.716375e-01 4.920359e+00 -2.431768e+00 -1.107014e+00 2.912770e+00 -1.166974e+01 2.085247e+00 
101 1011 0 0 0 1.214423e+01 6.059755e-01 -9.714958e-01 4.659646e+00 -2.336895e+00 -1.210065e+00 2.841286e+00 -1.248535e+01 2.273188e+00 
102 1021 0 0 0 1.231143e+01 5.605516e-01 -1.014592e+00 4.625533e+00 -2.645804e+00 -1.193567e+00 2.801707e+00 -1.230305e+01 2.382188e+00 
103 1031 0 0 0 1.228785e+01 5.354557e-01 -1.034383e+00 4.670391e+00 -2.687883e+00 -1.230278e+00 2.466197e+00 -1.276933e+01 2.622663e+00 
104 1041 0 0 0 1.229588e+01 5.573183e-01 -1.010066e+00 4.631166e+00 -2.382317e+00 -1.409914e+00 2.733970e+00 -1.335345e+01 2.275932e+00 
105 1051 0 0 0 1.218842e+01 5.455972e-01 -9.833142e-01 4.560141e+00 -2.184365e+00 -1.297733e+00 2.687622e+00 -1.309282e+01 2.316968e+00 
106 1061 0 0 0 1.227748e+01 5.233483e-01 -9.779447e-01 4.503758e+00 -2.182196e+00 -1.265114e+00 2.629087e+00 -1.340799e+01 2.528510e+00 
107 1071 0 0 0 1.220735e+01 4.900927e-01 -9.904590e-01 4.476404e+00 -2.265333e+00 -1.395388e+00 2.562715e+00 -1.294595e+01 2.500174e+00 
108 1081 0 0 0 1.211804e+01 5.408489e-01 -9.376420e-01 4.666839e+00 -1.612060e+00 -1.516199e+00 2.721512e+00 -1.310452e+01 2.256398e+00 
109 1091 0 0 0 1.222157e+01 5.332880e-01 -9.287999e-01 4.564848e+00 -1.772645e+00 -1.747405e+00 2.580342e+00 -1.343692e+01 2.523620e+00 
110 1101 0 0 0 1.216284e+01 5.469139e-01 -9.196901e-01 4.491848e+00 -1.649069e+00 -2.096389e+00 2.498626e+00 -1.450120e+01 2.512397e+00 
111 1111 0 0 0 1.192812e+01 5.533053e-01 -8.792045e-01 4.482718e+00 -1.335433e+00 -2.192538e+00 2.421134e+00 -1.492840e+01 2.610140e+00 
112 1121 0 0 0 1.182881e+01 5.926310e-01 -8.601650e-01 4.721767e+00 -1.083826e+00 -2.427211e+00 2.313172e+00 -1.435787e+01 2.624244e+00 
113 1131 0 0 0 1.176661e+01 6.143328e-01 -8.272356e-01 4.829938e+00 -8.089395e-01 -2.343360e+00 2.400553e+00 -1.493715e+01 2.579961e+00 
114 1141 0 0 0 1.167508e+01 6.108852e-01 -8.200955e-01 4.860566e+00 -7.434758e-01 -2.197493e+00 2.546681e+00 -1.321485e+01 2.266173e+00 
115 1151 0 0 0 1.176453e+01 6.275811e-01 -8.649489e-01 4.763122e+00 -9.123050e-01 -2.003117e+00 2.445883e+00 -1.279133e+01 2.411838e+00 
116 1161 0 0 0 1.178789e+01 6.441186e-01 -8.333499e-01 4.884996e+00 -7.417416e-01 -2.033685e+00 2.548773e+00 -1.306181e+01 2.373428e+00 
117 1171 0 0 0 1.166726e+01 6.486811e-01 -8.211572e-01 4.893086e+00 -6.878443e-01 -1.762900e+00 2.588353e+00 -1.254359e+01 2.316798e+00 
118 1181 0 0 0 1.140086e+01 6.776143e-01 -8.195937e-01 5.027310e+00 -3.297286e-01 -2.005204e+00 2.224748e+00 -1.271499e+01 2.546833e+00 
119 1191 0 0 0 1.152048e+01 6.542008e-01 -8.406361e-01 5.076628e+00 -6.045070e-01 -2.049458e+00 2.106439e+00 -1.214985e+01 2.776965e+00 
120 1201 0 0 0 1.136534e+01 6.299104e-01 -8.222255e-01 5.054268e+00 -5.088077e-01 -1.924561e+00 2.222060e+00 -1.075658e+01 2.697908e+00 
121 1211 0 0 0 1.143593e+01 6.020250e-01 -8.250310e-01 4.959439e+00 -4.043953e-01 -1.901276e+00 2.231972e+00 -1.134578e+01 2.685751e+00 
122 1221 0 0 0 1.117018e+01 5.868997e-01 -8.316609e-01 5.068523e+00 -4.244140e-01 -2.267342e+00 2.086702e+00 -1.076951e+01 2.698894e+00 
123 1231 0 0 0 1.119229e+01 5.678109e-01 -7.998536e-01 5.006831e+00 -3.392089e-01 -2.271271e+00 2.216403e+00 -1.130887e+01 2.524632e+00 
124 1241 0 0 0 1.103463e+01 5.810413e-01 -8.154064e-01 5.147491e+00 -3.046945e-01 -2.060899e+00 2.435478e+00 -1.143572e+01 2.099426e+00 
125 1251 0 0 0 1.087601e+01 5.818127e-01 -8.080777e-01 5.145868e+00 -2.707725e-01 -2.384977e+00 2.211216e+00 -1.131358e+01 2.237118e+00 
126 1261 0 0 0 1.101366e+01 5.912709e-01 -8.062543e-01 5.054839e+00 -2.663722e-01 -2.009873e+00 2.480372e+00 -1.150599e+01 2.029684e+00 
127 1271 0 0 0 1.103112e+01 5.771206e-01 -8.084239e-01 5.033027e+00 -3.269494e-01 -1.844121e+00 2.414004e+00 -1.171931e+01 2.164580e+00 
128 1281 0 0 0 1.110864e+01 5.686421e-01 -8.195926e-01 5.076375e+00 -3.991755e-01 -2.132935e+00 2.248709e+00 -1.224198e+01 2.409262e+00 
129 1291 0 0 0 1.092824e+01 5.730841e-01 -8.076633e-01 5.229112e+00 -2.304578e-01 -2.407624e+00 2.222695e+00 -1.203913e+01 2.266181e+00 
130 1301 0 0 0 1.064643e+01 5.916494e-01 -7.831915e-01 5.276916e+00 -1.383415e-01 -2.588469e+00 2.185045e+00 -1.175192e+01 2.228425e+00 
131 1311 0 0 0 1.070033e+01 5.788436e-01 -7.919178e-01 5.226830e+00 -3.047591e-01 -2.393769e+00 2.205917e+00 -1.149282e+01 2.271828e+00 
132 1321 0 0 0 1.073536e+01 5.818694e-01 -7.929501e-01 5.184576e+00 -3.569951e-01 -2.294759e+00 2.305215e+00 -1.141967e+01 2.135952e+00 
133 1331 0 0 0 1.081031e+01 5.532605e-01 -8.189495e-01 5.110693e+00 -6.044764e-01 -2.156727e+00 2.256915e+00 -1.055628e+01 2.210934e+00 
134 1341 0 0 0 1.076235e+01 5.701084e-01 -8.226207e-01 5.195460e+00 -4.778924e-01 -2.362566e+00 2.234662e+00 -9.745210e+00 2.236855e+00 
135 1351 0 0 0 1.062238e+01 5.604635e-01 -8.221777e-01 5.221423e+00 -4.852324e-01 -2.565127e+00 2.073325e+00 -8.992874e+00 2.289947e+00 
136 1361 0 0 0 1.048241e+01 5.758989e-01 -8.076998e-01 5.322157e+00 -3.480237e-01 -2.450986e+00 2.128339e+00 -8.447835e+00 2.147272e+00 
137 1371 0 0 0 1.028597e+01 5.569834e-01 -7.892753e-01 5.384378e+00 -2.069298e-01 -2.430982e+00 2.274535e+00 -8.756576e+00 1.949947e+00 
138 1381 0 0 0 1.021495e+01 5.399221e-01 -7.809806e-01 5.338284e+00 -2.180183e-01 -2.364015e+00 2.245264e+00 -8.132749e+00 1.880627e+00 
139 1391 0 0 0 1.032739e+01 5.513105e-01 -7.711453e-01 5.261813e+00 -3.359158e-01 -2.159396e+00 2.239311e+00 -8.706651e+00 1.959647e+00 
140 1401 0 0 0 1.012157e+01 5.223794e-01 -7.642929e-01 5.354274e+00 -2.332458e-01 -2.306485e+00 2.161665e+00 -8.742596e+00 1.967260e+00 
141 1411 0 0 0 1.015415e+01 5.152903e-01 -7.668379e-01 5.253237e+00 -3.610960e-01 -2.253164e+00 2.190723e+00 -9.119642e+00 1.942182e+00 
142 1421 0 0 0 9.888444e+00 5.182000e-01 -7.513461e-01 5.428728e+00 -1.720571e-01 -2.683810e+00 2.120302e+00 -9.113530e+00 1.909665e+00 
143 1431 0 0 0 9.659429e+00 5.072476e-01 -7.652934e-01 5.463155e+00 -2.854383e-01 -3.004777e+00 1.960719e+00 -7.913714e+00 1.952796e+00 
144 1441 0 0 0 9.597918e+00 5.111107e-01 -7.576496e-01 5.353730e+00 -3.040519e-01 -2.555628e+00 2.044622e+00 -6.637644e+00 1.809946e+00 
145 1451 0 0 0 9.215458e+00 4.990198e-01 -7.396525e-01 5.417200e+00 -2.086702e-01 -2.645876e+00 2.017215e+00 -6.363237e+00 1.609745e+00 
146 1461 0 0 0 9.192187e+00 4.663943e-01 -7.340016e-01 5.280160e+00 -3.050882e-01 -2.615714e+00 1.910172e+00 -6.340468e+00 1.707748e+00 
147 1471 0 0 0 9.134159e+00 4.727623e-01 -7.287783e-01 5.288705e+00 -2.584523e-01 -2.593754e+00 1.906508e+00 -5.995589e+00 1.703217e+00 
148 1481 0 0 0 9.180158e+00 4.964571e-01 -7.666630e-01 5.235610e+00 -6.492443e-01 -2.507181e+00 1.868506e+00 -5.086801e+00 1.746358e+00 
149 1491 0 0 0 8.790648e+00 4.842176e-01 -7.263565e-01 5.237784e+00 -5.913869e-01 -2.531311e+00 1.791165e+00 -3.780613e+00 1.635622e+00 
150 1501 0 0 0 8.581624e+00 4.857967e-01 -7.034228e-01 5.405402e+00 -3.927135e-01 -2.791173e+00 1.878314e+00 -3.942243e+00 1.435306e+00 
151 1511 0 0 0 8.283567e+00 4.718612e-01 -6.813517e-01 5.451695e+00 -3.121388e-01 -2.862744e+00 1.704251e+00 -3.357965e+00 1.414523e+00 
152 1521 0 0 0 8.792733e+00 4.691561e-01 -6.969759e-01 5.426153e+00 -1.923814e-01 -2.923010e+00 1.694584e+00 -6.161647e+00 1.708239e+00 
153 1531 0 0 0 8.984617e+00 4.376453e-01 -6.770183e-01 5.334080e+00 -1.844486e-01 -2.568628e+00 1.815066e+00 -6.777058e+00 1.699955e+00 
154 1541 0 0 0 8.749123e+00 4.002736e-01 -6.659332e-01 5.163843e+00 -4.409275e-01 -2.313930e+00 1.732649e+00 -5.580624e+00 1.589327e+00 
155 1551 0 0 0 8.516906e+00 3.906118e-01 -6.857922e-01 5.270265e+00 -4.951461e-01 -2.688554e+00 1.705772e+00 -4.048715e+00 1.483589e+00 
156 1561 0 0 0 8.420511e+00 3.854210e-01 -6.871293e-01 5.243658e+00 -6.298159e-01 -2.633860e+00 1.776443e+00 -3.626075e+00 1.380524e+00 
157 1571 0 0 0 8.418502e+00 3.801206e-01 -6.865353e-01 5.234434e+00 -8.256234e-01 -2.335343e+00 1.724999e+00 -2.659199e+00 1.487643e+00 
158 1581 0 0 0 8.337144e+00 4.017525e-01 -6.787024e-01 5.236030e+00 -7.430893e-01 -2.345238e+00 1.779779e+00 -2.000423e+00 1.381490e+00 
159 1591 0 0 0 8.142202e+00 3.820530e-01 -6.711433e-01 5.267019e+00 -6.359692e-01 -2.618975e+00 1.805049e+00 -2.263744e+00 1.215141e+00 
160 1601 0 0 0 8.307290e+00 3.882499e-01 -6.821074e-01 5.203685e+00 -6.080828e-01 -2.287032e+00 1.737632e+00 -2.340842e+00 1.349213e+00 
161 1611 0 0 0 8.246813e+00 3.925824e-01 -6.745348e-01 5.250520e+00 -5.350242e-01 -2.340221e+00 1.712990e+00 -2.063803e+00 1.307828e+00 
162 1621 0 0 0 8.291715e+00 3.916411e-01 -6.858872e-01 5.215477e+00 -6.629648e-01 -2.163980e+00 1.693568e+00 -2.105027e+00 1.387152e+00 
163 1631 0 0 0 8.267193e+00 3.892288e-01 -6.725653e-01 5.181619e+00 -6.153708e-01 -2.145137e+00 1.713324e+00 -1.909840e+00 1.355742e+00 
164 1641 0 0 0 8.235473e+00 3.918391e-01 -6.575815e-01 5.174398e+00 -5.789193e-01 -2.096646e+00 1.655536e+00 -1.832907e+00 1.404039e+00 
165 1651 0 0 0 8.099228e+00 4.008488e-01 -6.454838e-01 5.239851e+00 -5.894846e-01 -2.195043e+00 1.634938e+00 -1.547428e+00 1.336701e+00 
166 1661 0 0 0 8.119560e+00 4.041246e-01 -6.357191e-01 5.240450e+00 -5.807541e-01 -2.274917e+00 1.562999e+00 -1.920976e+00 1.396458e+00 
167 1671 0 0 0 7.911529e+00 3.913603e-01 -6.203113e-01 5.213856e+00 -5.814876e-01 -2.273862e+00 1.487805e+00 -1.499578e+00 1.371569e+00 
168 1681 0 0 0 7.819445e+00 3.990183e-01 -6.084912e-01 5.216780e+00 -5.744901e-01 -2.220225e+00 1.465204e+00 -1.514348e+00 1.297799e+00 
169 1691 0 0 0 7.766022e+00 3.953353e-01 -5.967124e-01 5.245844e+00 -5.270676e-01 -2.163287e+00 1.488397e+00 -1.395943e+00 1.257820e+00 
170 1701 0 0 0 7.673764e+00 3.814906e-01 -6.030058e-01 5.248792e+00 -5.584402e-01 -2.106280e+00 1.404155e+00 -6.706271e-01 1.281304e+00 
171 1711 0 0 0 7.571588e+00 3.804236e-01 -5.812820e-01 5.225454e+00 -4.573350e-01 -2.067103e+00 1.357468e+00 -5.014606e-01 1.211381e+00 
172 1721 0 0 0 7.538640e+00 3.886502e-01 -5.765474e-01 5.275323e+00 -4.001631e-01 -2.151514e+00 1.382785e+00 -1.090366e+00 1.178038e+00 
173 1731 0 0 0 7.502255e+00 3.712154e-01 -5.671646e-01 5.249457e+00 -4.350512e-01 -2.213594e+00 1.315947e+00 -1.246198e+00 1.229613e+00 
174 1741 0 0 0 7.495037e+00 3.748724e-01 -5.641843e-01 5.247557e+00 -4.978648e-01 -2.225292e+00 1.287215e+00 -4.570580e-01 1.223395e+00 
175 1751 0 0 0 7.458368e+00 3.651938e-01 -5.592591e-01 5.197805e+00 -4.785883e-01 -2.161051e+00 1.285168e+00 -4.910022e-01 1.220078e+00 
176 1761 0 0 0 7.389870e+00 3.636235e-01 -5.418846e-01 5.211434e+00 -3.326733e-01 -2.172620e+00 1.297598e+00 -7.921151e-01 1.150643e+00 
177 1771 0 0 0 7.277378e+00 3.618762e-01 -5.295830e-01 5.211679e+00 -2.556699e-01 -2.250246e+00 1.245942e+00 -9.472013e-01 1.121755e+00 
178 1781 0 0 0 7.219436e+00 3.698889e-01 -5.298735e-01 5.182949e+00 -2.693674e-01 -2.257624e+00 1.198208e+00 -9.309154e-01 1.137650e+00 
179 1791 0 0 0 7.305055e+00 3.684040e-01 -5.271247e-01 5.143359e+00 -2.880543e-01 -2.219051e+00 1.249047e+00 -1.514867e+00 1.133919e+00 
180 1801 0 0 0 7.209620e+00 3.636690e-01 -5.229989e-01 5.159688e+00 -3.038516e-01 -2.264777e+00 1.260472e+00 -1.234138e+00 1.073002e+00 
181 1811 0 0 0 7.139498e+00 3.536155e-01 -5.095285e-01 5.112085e+00 -3.202818e-01 -2.264094e+00 1.210567e+00 -1.208628e+00 1.065589e+00 
182 1821 0 0 0 7.041206e+00 3.429730e-01 -4.940948e-01 5.058166e+00 -3.042909e-01 -2.186992e+00 1.173185e+00 -6.976073e-01 1.034297e+00 
183 1831 0 0 0 7.070547e+00 3.487039e-01 -4.878682e-01 5.056794e+00 -2.864482e-01 -2.152371e+00 1.186582e+00 -1.469111e+00 1.024484e+00 
184 1841 0 0 0 7.004470e+00 3.342444e-01 -4.806295e-01 5.040441e+00 -3.385856e-01 -2.126468e+00 1.178623e+00 -1.472929e+00 9.831473e-01 
185 1851 0 0 0 6.975791e+00 3.285556e-01 -4.700687e-01 4.981840e+00 -3.854085e-01 -2.019059e+00 1.130426e+00 -1.468440e+00 1.007940e+00 
186 1861 0 0 0 6.947684e+00 3.301820e-01 -4.721414e-01 4.997708e+00 -4.061740e-01 -1.955591e+00 1.165508e+00 -9.403135e-01 9.707027e-01 
187 1871 0 0 0 7.032075e+00 3.211024e-01 -4.790045e-01 4.977329e+00 -4.795090e-01 -1.864296e+00 1.191039e+00 -1.472218e+00 1.007077e+00 
188 1881 0 0 0 7.033858e+00 3.161514e-01 -4.707724e-01 4.950143e+00 -4.872011e-01 -1.858601e+00 1.213892e+00 -1.525841e+00 9.813463e-01 
189 1891 0 0 0 7.033013e+00 3.268102e-01 -4.606983e-01 4.912717e+00 -4.929006e-01 -1.771373e+00 1.201105e+00 -1.538770e+00 9.796958e-01 
190 1901 0 0 0 6.927248e+00 3.296185e-01 -4.441354e-01 4.924494e+00 -3.923523e-01 -1.751806e+00 1.106212e+00 -1.290031e+00 9.934147e-01 
191 1911 0 0 0 6.901269e+00 3.321387e-01 -4.315074e-01 4.896222e+00 -3.366888e-01 -1.762222e+00 1.058528e+00 -1.190717e+00 1.023400e+00 
192 1921 0 0 0 6.872137e+00 3.276113e-01 -4.329915e-01 4.909751e+00 -3.023608e-01 -1.808991e+00 1.058633e+00 -8.313706e-01 9.922337e-01 
193 1931 0 0 0 6.755304e+00 3.308976e-01 -4.160055e-01 4.924788e+00 -2.127001e-01 -1.856662e+00 1.010203e+00 -6.389612e-01 9.482859e-01 
194 1941 0 0 0 6.687982e+00 3.231840e-01 -4.025979e-01 4.875789e+00 -2.519778e-01 -1.758041e+00 9.971436e-01 -3.572721e-01 9.253454e-01 
195 1951 0 0 0 6.716709e+00 3.209176e-01 -3.924751e-01 4.839617e+00 -2.264183e-01 -1.729159e+00 1.001492e+00 -5.519871e-01 9.384769e-01 
196 1961 0 0 0 6.768421e+00 3.215082e-01 -3.804289e-01 4.772445e+00 -3.115832e-01 -1.558713e+00 9.978531e-01 -7.759416e-01 9.700989e-01 
197 1971 0 0 0 6.861563e+00 3.383287e-01 -3.709965e-01 4.753507e+00 -1.294630e-01 -1.536499e+00 1.027820e+00 -1.130687e+00 1.006226e+00 
198 1981 0 0 0 6.828438e+00 3.380128e-01 -3.547199e-01 4.721155e+00 -1.440819e-01 -1.436741e+00 1.065303e+00 -1.046625e+00 9.630046e-01 
199 1991 0 0 0 6.760880e+00 3.341429e-01 -3.244576e-01 4.672661e+00 -1.099214e-01 -1.211516e+00 1.068291e+00 -7.721692e-01 9.230170e-01 
200 2001 0 0 0 6.740176e+00 3.436877e-01 -3.228887e-01 4.700191e+00 -9.518195e-02 -1.214709e+00 1.017414e+00 -1.470500e+00 9.413511e-01 
201 2011 0 0 0 6.781089e+00 3.376769e-01 -3.324968e-01 4.682649e+00 -7.977654e-02 -1.128760e+00 1.018346e+00 -2.062013e+00 9.609388e-01 
202 2021 0 0 0 6.648976e+00 3.435141e-01 -3.155743e-01 4.656439e+00 -9.618755e-02 -1.049549e+00 9.913181e-01 -1.132584e+00 8.939957e-01 
203 2031 0 0 0 6.663352e+00 3.574845e-01 -3.256901e-01 4.609710e+00 -1.320058e-01 -9.405218e-01 8.968862e-01 -9.681394e-01 9.619971e-01 
204 2041 0 0 0 6.646740e+00 3.491133e-01 -3.204123e-01 4.565882e+00 -2.925139e-01 -8.772168e-01 8.791062e-01 -7.580596e-01 9.650994e-01 
205 2051 0 0 0 6.702207e+00 3.479525e-01 -3.345973e-01 4.620321e+00 -2.301306e-01 -8.951667e-01 8.738264e-01 -1.298507e+00 1.015751e+00 
206 2061 0 0 0 6.531024e+00 3.470010e-01 -3.181002e-01 4.639898e+00 -2.143947e-01 -8.639366e-01 7.838724e-01 -1.209477e+00 9.771537e-01 
207 2071 0 0 0 6.591380e+00 3.523664e-01 -3.063392e-01 4.606017e+00 -2.701091e-01 -7.148654e-01 8.497775e-01 -1.546913e+00 9.448059e-01 
208 2081 0 0 0 6.581780e+00 3.571021e-01 -2.873992e-01 4.604985e+00 -3.104615e-01 -5.292153e-01 8.208780e-01 -1.755145e+00 9.527755e-01 
209 2091 0 0 0 6.460046e+00 3.643524e-01 -2.745145e-01 4.626988e+00 -2.309521e-01 -5.938367e-01 8.469889e-01 -1.977366e+00 8.621379e-01 
210 2101 0 0 0 6.586170e+00 3.569442e-01 -2.961579e-01 4.602028e+00 -2.259591e-01 -5.642904e-01 8.959172e-01 -2.025021e+00 9.192887e-01 
211 2111 0 0 0 6.630149e+00 3.468895e-01 -2.914382e-01 4.572797e+00 -3.115870e-01 -4.408921e-01 9.238189e-01 -2.152803e+00 9.282039e-01 
212 2121 0 0 0 6.549690e+00 3.455963e-01 -2.979483e-01 4.581729e+00 -4.254212e-01 -4.287354e-01 9.036104e-01 -1.762047e+00 8.731452e-01 
213 2131 0 0 0 6.513605e+00 3.422748e-01 -2.812726e-01 4.591360e+00 -4.944342e-01 -2.837113e-01 9.026429e-01 -1.885066e+00 8.457202e-01 
214 2141 0 0 0 6.572263e+00 3.506198e-01 -2.691361e-01 4.598511e+00 -4.632930e-01 -5.950297e-02 9.566383e-01 -1.738160e+00 8.579579e-01 
215 2151 0 0 0 6.674067e+00 3.618398e-01 -2.688202e-01 4.620452e+00 -4.008006e-01 -4.478334e-02 9.860830e-01 -1.586454e+00 8.847764e-01 
216 2161 0 0 0 6.689364e+00 3.439887e-01 -2.843979e-01 4.646284e+00 -4.740307e-01 -3.936226e-02 1.046639e+00 -1.193491e+00 8.680245e-01 
217 2171 0 0 0 6.829253e+00 3.508754e-01 -2.909383e-01 4.574533e+00 -4.687775e-01 7.086324e-02 1.089263e+00 -1.398240e+00 9.236839e-01 
218 2181 0 0 0 6.919347e+00 3.591936e-01 -2.974711e-01 4.548308e+00 -5.334592e-01 6.057496e-02 1.151150e+00 -1.793475e+00 9.506795e-01 
219 2191 0 0 0 6.914216e+00 3.817333e-01 -2.795095e-01 4.577788e+00 -3.339346e-01 -3.026842e-02 1.130541e+00 -2.333864e+00 9.617018e-01 
220 2201 0 0 0 7.070453e+00 3.862610e-01 -2.650960e-01 4.516371e+00 -3.626073e-01 2.847858e-01 1.209595e+00 -2.285754e+00 1.005318e+00 
221 2211 0 0 0 7.041990e+00 3.829903e-01 -2.429775e-01 4.473128e+00 -3.401051e-01 3.746168e-01 1.161912e+00 -2.306847e+00 1.016424e+00 
222 2221 0 0 0 7.010693e+00 3.769201e-01 -2.386657e-01 4.452417e+00 -4.844633e-01 4.714309e-01 1.201924e+00 -2.059235e+00 9.635796e-01 
223 2231 0 0 0 6.962732e+00 3.743285e-01 -2.363813e-01 4.397384e+00 -4.085404e-01 4.423672e-01 1.143623e+00 -1.913195e+00 9.831308e-01 
224 2241 0 0 0 6.784928e+00 3.680780e-01 -2.250757e-01 4.406150e+00 -3.358081e-01 2.248385e-01 1.073797e+00 -1.380465e+00 9.155751e-01 
225 2251 0 0 0 6.865781e+00 3.651768e-01 -2.057607e-01 4.303139e+00 -2.558926e-01 5.725765e-01 1.064809e+00 -1.393834e+00 9.561609e-01 
226 2261 0 0 0 6.892784e+00 3.635086e-01 -1.912593e-01 4.229852e+00 -3.049250e-01 7.590990e-01 1.092070e+00 -1.335718e+00 9.629711e-01 
227 2271 0 0 0 6.999367e+00 3.786917e-01 -1.905247e-01 4.273576e+00 -1.531310e-01 7.910025e-01 1.149045e+00 -9.418008e-01 9.879175e-01 
228 2281 0 0 0 6.934239e+00 3.734893e-01 -1.922395e-01 4.305802e+00 -1.792851e-01 7.168671e-01 1.107370e+00 -8.922813e-01 9.816221e-01 
229 2291 0 0 0 6.749296e+00 3.668371e-01 -1.702611e-01 4.339050e+00 -1.570552e-01 6.454469e-01 1.036936e+00 -6.334582e-01 9.109078e-01 
230 2301 0 0 0 6.745021e+00 3.635554e-01 -1.697731e-01 4.384846e+00 -1.169979e-01 6.880604e-01 1.064885e+00 -9.950427e-01 8.778317e-01 
231 2311 0 0 0 6.914025e+00 3.695031e-01 -1.651212e-01 4.327160e+00 -1.151209e-01 7.866991e-01 1.135890e+00 -1.393153e+00 9.394189e-01 
232 2321 0 0 0 7.043710e+00 3.911378e-01 -1.767184e-01 4.322055e+00 -7.135033e-02 7.428746e-01 1.164572e+00 -1.034483e+00 1.014026e+00 
233 2331 0 0 0 7.145395e+00 4.031632e-01 -1.690150e-01 4.260081e+00 -1.098426e-01 9.627724e-01 1.186089e+00 -6.460249e-01 1.058480e+00 
234 2341 0 0 0 6.993839e+00 3.823084e-01 -1.591105e-01 4.271593e+00 -1.076411e-01 9.732989e-01 1.122190e+00 -7.645889e-01 1.011752e+00 
235 2351 0 0 0 7.028480e+00 3.772689e-01 -1.554974e-01 4.255794e+00 -8.482820e-02 1.176770e+00 1.160500e+00 -5.723151e-01 1.004215e+00 
236 2361 0 0 0 6.952716e+00 3.772962e-01 -1.649084e-01 4.278774e+00 -1.485683e-01 1.026428e+00 1.133560e+00 -9.284448e-01 9.761793e-01 
237 2371 0 0 0 6.890418e+00 3.712947e-01 -1.468060e-01 4.241426e+00 -1.579709e-01 1.159309e+00 1.092753e+00 -6.806474e-01 9.578917e-01 
238 2381 0 0 0 6.858328e+00 3.797757e-01 -1.348571e-01 4.178595e+00 -1.570116e-01 1.165057e+00 1.064761e+00 -5.750528e-01 9.509694e-01 
239 2391 0 0 0 6.844101e+00 3.798495e-01 -1.264464e-01 4.145746e+00 -1.728204e-01 1.210458e+00 1.046372e+00 -9.426398e-01 9.565227e-01 
240 2401 0 0 0 6.780714e+00 3.754229e-01 -1.286200e-01 4.146584e+00 -1.722756e-01 1.200411e+00 1.027757e+00 -3.970693e-01 9.290868e-01 
241 2411 0 0 0 6.863815e+00 3.788980e-01 -1.307971e-01 4.108735e+00 -1.967422e-01 1.317012e+00 1.064022e+00 -7.225715e-01 9.525901e-01 
242 2421 0 0 0 6.883287e+00 3.757118e-01 -1.372687e-01 4.135598e+00 -1.368815e-01 1.285181e+00 1.078489e+00 -7.320798e-01 9.577764e-01 
243 2431 0 0 0 6.846918e+00 3.796153e-01 -1.232701e-01 4.113475e+00 -8.775007e-02 1.314228e+00 1.045843e+00 -4.367597e-01 9.468095e-01 
244 2441 0 0 0 6.784999e+00 3.750402e-01 -1.153509e-01 4.083998e+00 -1.243554e-01 1.325767e+00 1.030159e+00 -3.797741e-01 9.195532e-01 
245 2451 0 0 0 6.835648e+00 3.739604e-01 -1.131409e-01 4.048340e+00 -1.097873e-01 1.331368e+00 1.059727e+00 -6.607063e-01 9.388576e-01 
246 2461 0 0 0 6.787755e+00 3.726574e-01 -9.223273e-02 3.967646e+00 -8.616231e-02 1.499473e+00 1.041709e+00 -4.681895e-01 9.141987e-01 
247 2471 0 0 0 6.787049e+00 3.745336e-01 -8.496662e-02 3.949357e+00 -4.838380e-02 1.481817e+00 1.038819e+00 -4.826387e-01 9.206865e-01 
248 2481 0 0 0 6.859559e+00 3.724448e-01 -7.474570e-02 3.862275e+00 -9.149882e-02 1.684612e+00 1.062120e+00 -3.617563e-01 9.484383e-01 
249 2491 0 0 0 6.884193e+00 3.725707e-01 -8.233029e-02 3.877371e+00 -1.205147e-01 1.551648e+00 1.076080e+00 -5.967248e-01 9.570513e-01 
250 2501 0 0 0 6.967921e+00 3.772204e-01 -6.893263e-02 3.864220e+00 -1.140677e-01 1.885047e+00 1.109613e+00 -6.005011e-01 9.835867e-01 
251 2511 0 0 0 6.946845e+00 3.764109e-01 -5.381870e-02 3.836118e+00 -9.866272e-02 1.928126e+00 1.107091e+00 -6.415248e-01 9.658486e-01 
252 2521 0 0 0 6.917210e+00 3.782085e-01 -4.305330e-02 3.779951e+00 -1.158676e-01 2.010081e+00 1.090923e+00 -6.390109e-01 9.648554e-01 
253 2531 0 0 0 6.881745e+00 3.748676e-01 -2.938772e-02 3.774784e+00 -7.357048e-02 2.137227e+00 1.061207e+00 -4.998764e-01 9.580313e-01 
254 2541 0 0 0 6.943258e+00 3.762564e-01 -2.568111e-02 3.757433e+00 -1.300985e-01 2.225881e+00 1.086359e+00 -2.995440e-01 9.817088e-01 
255 2551 0 0 0 7.083661e+00 3.846791e-01 -2.641043e-02 3.695822e+00 -9.698382e-02 2.304772e+00 1.145205e+00 -2.641880e-01 1.026981e+00 
256 2561 0 0 0 7.199153e+00 3.870069e-01 -2.150076e-02 3.693336e+00 -6.254985e-02 2.482795e+00 1.194302e+00 -2.535209e-01 1.069540e+00 
257 2571 0 0 0 7.280059e+00 3.866931e-01 -3.005093e-02 3.665417e+00 -7.456647e-02 2.472997e+00 1.219202e+00 -8.324616e-01 1.099852e+00 
258 2581 0 0 0 7.221771e+00 3.796218e-01 -3.086696e-02 3.633978e+00 -1.642117e-01 2.431869e+00 1.222585e+00 -1.018526e+00 1.055024e+00 
259 2591 0 0 0 7.186316e+00 3.830048e-01 -3.106168e-02 3.653910e+00 -1.797309e-01 2.405707e+00 1.220239e+00 -4.978266e-01 1.037937e+00 
260 2601 0 0 0 7.185838e+00 3.694960e-01 -2.778521e-02 3.669330e+00 -2.045887e-01 2.510058e+00 1.219530e+00 -9.319909e-01 1.033731e+00 
261 2611 0 0 0 7.215258e+00 3.796052e-01 -2.382292e-02 3.650624e+00 -1.846785e-01 2.548780e+00 1.218492e+00 -7.778497e-01 1.059305e+00 
262 2621 0 0 0 7.109853e+00 3.834641e-01 -2.437900e-02 3.681440e+00 -1.935428e-01 2.424131e+00 1.180411e+00 -7.675847e-01 1.017825e+00 
263 2631 0 0 0 7.143980e+00 3.856290e-01 -2.943996e-02 3.680412e+00 -1.614709e-01 2.296416e+00 1.195148e+00 -5.012897e-01 1.034027e+00 
264 2641 0 0 0 7.165729e+00 3.816907e-01 -2.640648e-02 3.632044e+00 -1.731198e-01 2.406934e+00 1.207778e+00 -3.098756e-01 1.034250e+00 
265 2651 0 0 0 7.167873e+00 3.808377e-01 -2.603483e-02 3.617192e+00 -1.605010e-01 2.457146e+00 1.207333e+00 -1.314148e-01 1.038318e+00 
266 2661 0 0 0 7.059790e+00 3.770617e-01 -2.256599e-02 3.623249e+00 -1.636912e-01 2.439176e+00 1.151026e+00 -2.649185e-01 1.010555e+00 
267 2671 0 0 0 7.090823e+00 3.768243e-01 -2.315275e-02 3.640994e+00 -1.437649e-01 2.426630e+00 1.162921e+00 -5.271741e-01 1.026272e+00 
268 2681 0 0 0 7.178803e+00 3.779568e-01 -2.122805e-02 3.607844e+00 -1.334574e-01 2.527380e+00 1.199831e+00 -5.537616e-01 1.048877e+00 
269 2691 0 0 0 7.118832e+00 3.778824e-01 -2.066562e-02 3.618737e+00 -1.373904e-01 2.468665e+00 1.177705e+00 -2.682633e-01 1.022954e+00 
270 2701 0 0 0 7.134307e+00 3.856117e-01 -1.323504e-02 3.590547e+00 -8.631612e-02 2.496248e+00 1.177579e+00 -1.368079e-01 1.035572e+00 
271 2711 0 0 0 7.115979e+00 3.799647e-01 -1.288471e-02 3.607553e+00 -9.599797e-02 2.529939e+00 1.173147e+00 -3.109096e-01 1.028925e+00 
272 2721 0 0 0 7.122902e+00 3.804137e-01 -2.161374e-02 3.634864e+00 -8.735714e-02 2.427602e+00 1.181202e+00 -3.069544e-01 1.028308e+00 
273 2731 0 0 0 7.144664e+00 3.777382e-01 -1.618165e-02 3.607064e+00 -7.859491e-02 2.492788e+00 1.185480e+00 -3.254310e-01 1.037765e+00 
274 2741 0 0 0 7.095085e+00 3.728536e-01 -1.558131e-02 3.598268e+00 -7.722320e-02 2.427268e+00 1.163074e+00 -2.039138e-01 1.019353e+00 
275 2751 0 0 0 7.090297e+00 3.719917e-01 -1.830819e-02 3.591008e+00 -8.717065e-02 2.384620e+00 1.172819e+00 -1.831204e-01 1.011190e+00 
276 2761 0 0 0 7.082885e+00 3.716390e-01 -2.033082e-02 3.610834e+00 -3.893882e-02 2.281996e+00 1.175323e+00 -1.186765e-01 1.007005e+00 
277 2771 0 0 0 7.053083e+00 3.709871e-01 -1.612018e-02 3.579422e+00 -5.770830e-02 2.318861e+00 1.148388e+00 -2.447322e-01 1.006178e+00 
278 2781 0 0 0 7.037913e+00 3.688310e-01 -1.220311e-02 3.582373e+00 -2.030896e-02 2.351443e+00 1.130190e+00 -1.648359e-01 1.007463e+00 
279 2791 0 0 0 7.040011e+00 3.709309e-01 -6.539741e-03 3.573485e+00 -1.725737e-02 2.411368e+00 1.133154e+00 -3.057694e-01 1.006982e+00 
280 2801 0 0 0 7.029162e+00 3.690752e-01 -3.714056e-03 3.578474e+00 -1.266410e-02 2.404697e+00 1.134061e+00 -3.932386e-01 9.989061e-01 
281 2811 0 0 0 6.973131e+00 3.669408e-01 -7.805509e-03 3.603528e+00 -2.210437e-02 2.316992e+00 1.114968e+00 -4.302886e-01 9.752381e-01 
282 2821 0 0 0 7.006449e+00 3.698947e-01 -5.486237e-03 3.611423e+00 -7.133545e-04 2.379495e+00 1.125895e+00 -5.460763e-01 9.899667e-01 
283 2831 0 0 0 6.986858e+00 3.687346e-01 -6.770492e-03 3.627682e+00 -2.026026e-02 2.378431e+00 1.122150e+00 -4.004802e-01 9.771041e-01 
284 2841 0 0 0 7.038979e+00 3.717470e-01 -1.855039e-02 3.664251e+00 -1.153864e-02 2.299708e+00 1.152831e+00 -3.546396e-01 9.914144e-01 
285 2851 0 0 0 7.039313e+00 3.730492e-01 -2.120299e-02 3.672157e+00 -1.935997e-02 2.322434e+00 1.150363e+00 -2.256688e-01 9.926841e-01 
286 2861 0 0 0 7.036520e+00 3.757658e-01 -2.073190e-02 3.672834e+00 -7.963501e-03 2.305568e+00 1.148317e+00 -2.530621e-01 9.943517e-01 
287 2871 0 0 0 7.018502e+00 3.744362e-01 -2.222366e-02 3.676527e+00 -3.881392e-02 2.300358e+00 1.140018e+00 -2.914741e-01 9.876863e-01 
288 2881 0 0 0 7.034353e+00 3.766257e-01 -2.478080e-02 3.684306e+00 -3.935131e-02 2.304991e+00 1.149073e+00 -4.317181e-01 9.945373e-01 
289 2891 0 0 0 7.051661e+00 3.760697e-01 -2.132437e-02 3.658539e+00 -4.426715e-02 2.345370e+00 1.156018e+00 -4.117967e-01 9.987999e-01 
290 2901 0 0 0 7.077959e+00 3.781696e-01 -1.831080e-02 3.640220e+00 -4.133658e-02 2.379385e+00 1.167708e+00 -4.285833e-01 1.008700e+00 
291 2911 0 0 0 7.064240e+00 3.753177e-01 -1.727222e-02 3.634128e+00 -4.198134e-02 2.336933e+00 1.165711e+00 -4.180238e-01 1.001988e+00 
292 2921 0 0 0 7.073943e+00 3.749590e-01 -1.750911e-02 3.625152e+00 -3.722232e-02 2.368261e+00 1.160813e+00 -3.996864e-01 1.011888e+00 
293 2931 0 0 0 7.057576e+00 3.725378e-01 -1.404483e-02 3.619418e+00 -1.826044e-02 2.370334e+00 1.152672e+00 -4.000448e-01 1.004747e+00 
294 2941 0 0 0 7.087391e+00 3.710677e-01 -9.452763e-03 3.590032e+00 -2.067176e-02 2.445614e+00 1.158545e+00 -4.262687e-01 1.019609e+00 
295 2951 0 0 0 7.086584e+00 3.709736e-01 -1.528384e-02 3.607827e+00 -2.923753e-02 2.398192e+00 1.164010e+00 -3.557358e-01 1.014894e+00 
296 2961 0 0 0 7.072828e+00 3.724273e-01 -1.223418e-02 3.600554e+00 -3.134416e-02 2.414470e+00 1.160033e+00 -2.986760e-01 1.009761e+00 
297 2971 0 0 0 7.073427e+00 3.714072e-01 -9.735163e-03 3.596195e+00 -3.090727e-02 2.435105e+00 1.159870e+00 -2.252451e-01 1.009533e+00 
298 2981 0 0 0 7.111563e+00 3.727372e-01 -1.203829e-02 3.586504e+00 -3.147215e-02 2.433982e+00 1.181258e+00 -2.328312e-01 1.020232e+00 
299 2991 0 0 0 7.102833e+00 3.731297e-01 -8.802309e-03 3.590185e+00 -9.154142e-03 2.430564e+00 1.180937e+00 -2.749520e-01 1.014558e+00 
300 3001 0 0 0 7.099705e+00 3.720016e-01 -8.194402e-03 3.586854e+00 -2.374113e-03 2.422589e+00 1.181223e+00 -2.276489e-01 1.012661e+00 
301 3011 0 0 0 7.094812e+00 3.706483e-01 -1.180782e-02 3.601977e+00 -1.944265e-02 2.420463e+00 1.179706e+00 -2.208249e-01 1.008945e+00 
302 3021 0 0 0 7.084300e+00 3.740689e-01 -1.177172e-02 3.603779e+00 -2.387544e-02 2.402063e+00 1.173746e+00 -2.997439e-01 1.008039e+00 
303 3031 0 0 0 7.090753e+00 3.743605e-01 -7.713968e-03 3.589000e+00 -2.158307e-02 2.447860e+00 1.175264e+00 -3.274369e-01 1.011762e+00 
304 3041 0 0 0 7.075994e+00 3.747339e-01 -7.243004e-03 3.588417e+00 -2.697363e-02 2.430955e+00 1.171207e+00 -3.789500e-01 1.005091e+00 
305 3051 0 0 0 7.091121e+00 3.777662e-01 -8.324873e-03 3.594852e+00 -2.463830e-02 2.432542e+00 1.180549e+00 -4.011799e-01 1.008571e+00 
306 3061 0 0 0 7.104577e+00 3.785835e-01 -1.260968e-02 3.611413e+00 -3.985332e-02 2.424918e+00 1.187078e+00 -4.395628e-01 1.010979e+00 
307 3071 0 0 0 7.082550e+00 3.787444e-01 -1.393241e-02 3.619497e+00 -4.435660e-02 2.397864e+00 1.179285e+00 -4.476694e-01 1.002243e+00 
308 3081 0 0 0 7.096725e+00 3.814019e-01 -1.532315e-02 3.617419e+00 -5.281815e-02 2.421681e+00 1.180532e+00 -4.833805e-01 1.011071e+00 
309 3091 0 0 0 7.051805e+00 3.784229e-01 -1.648879e-02 3.634408e+00 -4.181741e-02 2.347097e+00 1.167075e+00 -5.038848e-01 9.914459e-01 
310 3101 0 0 0 7.041115e+00 3.753908e-01 -1.512732e-02 3.625372e+00 -4.441578e-02 2.345387e+00 1.159352e+00 -5.175915e-01 9.897580e-01 
311 3111 0 0 0 7.038082e+00 3.769605e-01 -1.243206e-02 3.622348e+00 -3.091002e-02 2.352105e+00 1.157659e+00 -5.253099e-01 9.885678e-01 
312 3121 0 0 0 7.052235e+00 3.779803e-01 -1.541357e-02 3.628235e+00 -3.481740e-02 2.337140e+00 1.165247e+00 -4.414115e-01 9.929355e-01 
313 3131 0 0 0 7.064599e+00 3.792376e-01 -9.568845e-03 3.606440e+00 -2.603825e-02 2.382624e+00 1.164134e+00 -4.718641e-01 1.001625e+00 
314 3141 0 0 0 7.065765e+00 3.799963e-01 -1.137793e-02 3.614069e+00 -2.950426e-02 2.370302e+00 1.170199e+00 -3.918325e-01 9.982063e-01 
315 3151 0 0 0 7.071751e+00 3.794234e-01 -1.445223e-02 3.621377e+00 -3.860876e-02 2.358578e+00 1.172027e+00 -4.218111e-01 1.000818e+00 
316 3161 0 0 0 7.062937e+00 3.807087e-01 -1.209281e-02 3.613474e+00 -4.068480e-02 2.370619e+00 1.165425e+00 -4.594905e-01 9.993359e-01 
317 3171 0 0 0 7.070961e+00 3.825343e-01 -1.329452e-02 3.619062e+00 -3.556124e-02 2.355615e+00 1.167537e+00 -4.820436e-01 1.004501e+00 
318 3181 0 0 0 7.068850e+00 3.814060e-01 -1.388138e-02 3.623902e+00 -5.032030e-02 2.363348e+00 1.169671e+00 -4.744347e-01 1.001061e+00 
319 3191 0 0 0 7.066926e+00 3.835854e-01 -1.645060e-02 3.636074e+00 -4.303893e-02 2.333283e+00 1.168160e+00 -4.944088e-01 1.002423e+00 
320 3201 0 0 0 7.072003e+00 3.844328e-01 -1.950785e-02 3.650998e+00 -4.684297e-02 2.323719e+00 1.170331e+00 -5.037025e-01 1.004096e+00 
321 3211 0 0 0 7.081883e+00 3.845068e-01 -2.026124e-02 3.650563e+00 -4.913289e-02 2.330354e+00 1.173349e+00 -4.733703e-01 1.007597e+00 
322 3221 0 0 0 7.075538e+00 3.820240e-01 -1.933668e-02 3.645211e+00 -4.979464e-02 2.341866e+00 1.168764e+00 -4.209749e-01 1.006296e+00 
323 3231 0 0 0 7.085857e+00 3.819777e-01 -1.795144e-02 3.641575e+00 -5.380118e-02 2.366384e+00 1.173656e+00 -4.141545e-01 1.008363e+00 
324 3241 0 0 0 7.090186e+00 3.817077e-01 -1.518427e-02 3.628332e+00 -5.897966e-02 2.402691e+00 1.171692e+00 -3.892717e-01 1.013162e+00 
325 3251 0 0 0 7.090900e+00 3.831936e-01 -1.541624e-02 3.633614e+00 -6.321849e-02 2.409012e+00 1.173112e+00 -3.909367e-01 1.012376e+00 
326 3261 0 0 0 7.091895e+00 3.818032e-01 -1.423287e-02 3.625057e+00 -7.180030e-02 2.433579e+00 1.172532e+00 -3.811307e-01 1.014342e+00 
327 3271 0 0 0 7.077761e+00 3.813328e-01 -1.412532e-02 3.627080e+00 -7.091713e-02 2.407453e+00 1.161362e+00 -3.390491e-01 1.012461e+00 
328 3281 0 0 0 7.091899e+00 3.817483e-01 -1.450582e-02 3.619111e+00 -6.130449e-02 2.420131e+00 1.169110e+00 -3.163146e-01 1.017823e+00 
329 3291 0 0 0 7.095438e+00 3.815933e-01 -1.432045e-02 3.612060e+00 -4.653482e-02 2.406757e+00 1.170007e+00 -2.791358e-01 1.020545e+00 
330 3301 0 0 0 7.097651e+00 3.820643e-01 -1.480903e-02 3.616393e+00 -5.423053e-02 2.416640e+00 1.173708e+00 -3.654148e-01 1.018453e+00 
331 3311 0 0 0 7.094503e+00 3.811641e-01 -1.624497e-02 3.620250e+00 -5.348202e-02 2.372355e+00 1.175255e+00 -3.620438e-01 1.014556e+00 
332 3321 0 0 0 7.102391e+00 3.806284e-01 -1.895105e-02 3.622462e+00 -7.138453e-02 2.386150e+00 1.179203e+00 -3.664704e-01 1.017094e+00 
333 3331 0 0 0 7.089565e+00 3.807782e-01 -2.008089e-02 3.632515e+00 -8.031390e-02 2.373584e+00 1.173259e+00 -3.414621e-01 1.011845e+00 
334 3341 0 0 0 7.084793e+00 3.830275e-01 -1.886362e-02 3.630471e+00 -7.309093e-02 2.357935e+00 1.172253e+00 -3.652510e-01 1.009603e+00 
335 3351 0 0 0 7.078823e+00 3.811468e-01 -1.377578e-02 3.607063e+00 -6.704259e-02 2.391306e+00 1.168025e+00 -3.358219e-01 1.008576e+00 
336 3361 0 0 0 7.073795e+00 3.813131e-01 -1.283172e-02 3.599796e+00 -6.025045e-02 2.388124e+00 1.165379e+00 -3.225818e-01 1.007096e+00 
337 3371 0 0 0 7.083580e+00 3.830065e-01 -1.236608e-02 3.603277e+00 -5.878450e-02 2.396414e+00 1.166948e+00 -3.306968e-01 1.012596e+00 
338 3381 0 0 0 7.093606e+00 3.811692e-01 -1.256508e-02 3.600873e+00 -6.948484e-02 2.421583e+00 1.167580e+00 -3.016723e-01 1.017956e+00 
339 3391 0 0 0 7.094558e+00 3.801764e-01 -1.267448e-02 3.605086e+00 -6.592111e-02 2.428003e+00 1.165404e+00 -2.758588e-01 1.019661e+00 
340 3401 0 0 0 7.096710e+00 3.816945e-01 -1.389699e-02 3.608078e+00 -6.653143e-02 2.402307e+00 1.170950e+00 -3.174369e-01 1.017817e+00 
341 3411 0 0 0 7.103759e+00 3.808056e-01 -1.463973e-02 3.610756e+00 -6.259455e-02 2.396567e+00 1.173947e+00 -2.947079e-01 1.020217e+00 
342 3421 0 0 0 7.109663e+00 3.799673e-01 -1.310150e-02 3.604755e+00 -6.598621e-02 2.427329e+00 1.174505e+00 -2.708740e-01 1.023528e+00 
343 3431 0 0 0 7.113366e+00 3.789486e-01 -1.097459e-02 3.594370e+00 -6.744813e-02 2.456610e+00 1.176477e+00 -1.865296e-01 1.023820e+00 
344 3441 0 0 0 7.104207e+00 3.795051e-01 -1.013152e-02 3.594392e+00 -6.311962e-02 2.439519e+00 1.174278e+00 -1.586316e-01 1.020365e+00 
345 3451 0 0 0 7.107175e+00 3.789525e-01 -6.953102e-03 3.583267e+00 -6.193479e-02 2.469880e+00 1.174321e+00 -1.241508e-01 1.021734e+00 
346 3461 0 0 0 7.107715e+00 3.792224e-01 -8.662832e-03 3.593019e+00 -6.136977e-02 2.459908e+00 1.171704e+00 -1.169363e-01 1.024817e+00 
347 3471 0 0 0 7.098745e+00 3.779409e-01 -1.018228e-02 3.601966e+00 -7.133318e-02 2.457284e+00 1.169209e+00 -1.298285e-01 1.020487e+00 
348 3481 0 0 0 7.097155e+00 3.774266e-01 -9.498383e-03 3.602042e+00 -6.396959e-02 2.454325e+00 1.168995e+00 -1.305532e-01 1.019937e+00 
349 3491 0 0 0 7.093198e+00 3.789332e-01 -1.106554e-02 3.615923e+00 -6.524016e-02 2.433470e+00 1.166146e+00 -1.288355e-01 1.018900e+00 
350 3501 0 0 0 7.093830e+00 3.783762e-01 -8.085921e-03 3.605226e+00 -5.467863e-02 2.445431e+00 1.169879e+00 -1.104351e-01 1.017039e+00 
351 3511 0 0 0 7.088446e+00 3.777468e-01 -6.924438e-03 3.605522e+00 -5.483840e-02 2.455039e+00 1.166388e+00 -9.874766e-02 1.015801e+00 
352 3521 0 0 0 7.095635e+00 3.772197e-01 -5.107867e-03 3.598552e+00 -5.603474e-02 2.478035e+00 1.166755e+00 -7.334464e-02 1.020217e+00 
353 3531 0 0 0 7.089482e+00 3.774352e-01 -5.046431e-03 3.600901e+00 -6.009042e-02 2.471480e+00 1.164879e+00 -7.279305e-02 1.017585e+00 
354 3541 0 0 0 7.090852e+00 3.766926e-01 -5.715125e-03 3.601151e+00 -6.918578e-02 2.474775e+00 1.163741e+00 -8.271486e-02 1.018889e+00 
355 3551 0 0 0 7.093924e+00 3.758985e-01 -4.648009e-03 3.601510e+00 -7.195347e-02 2.498894e+00 1.161976e+00 -7.636617e-02 1.022109e+00 
356 3561 0 0 0 7.086940e+00 3.758690e-01 -4.695928e-03 3.599978e+00 -7.110356e-02 2.485870e+00 1.161058e+00 -1.145489e-01 1.018099e+00 
357 3571 0 0 0 7.087064e+00 3.764614e-01 -5.284735e-03 3.603426e+00 -7.678853e-02 2.477968e+00 1.162842e+00 -8.281840e-02 1.016732e+00 
358 3581 0 0 0 7.091573e+00 3.765304e-01 -5.727662e-03 3.606454e+00 -8.755633e-02 2.492493e+00 1.163536e+00 -7.574515e-02 1.018853e+00 
359 3591 0 0 0 7.076097e+00 3.769985e-01 -6.532803e-03 3.616667e+00 -9.662464e-02 2.467213e+00 1.157218e+00 -1.215691e-01 1.013662e+00 
360 3601 0 0 0 7.078925e+00 3.779200e-01 -7.230731e-03 3.619109e+00 -9.833498e-02 2.459730e+00 1.161895e+00 -1.383552e-01 1.011584e+00 
361 3611 0 0 0 7.082021e+00 3.784388e-01 -5.580412e-03 3.615290e+00 -9.521016e-02 2.465794e+00 1.166339e+00 -1.261696e-01 1.009123e+00 
362 3621 0 0 0 7.077858e+00 3.795167e-01 -8.215817e-03 3.625400e+00 -9.664347e-02 2.442896e+00 1.166071e+00 -1.716297e-01 1.007013e+00 
363 3631 0 0 0 7.081253e+00 3.780623e-01 -8.593725e-03 3.625511e+00 -9.714485e-02 2.443668e+00 1.169757e+00 -1.365875e-01 1.007061e+00 
364 3641 0 0 0 7.085095e+00 3.791268e-01 -7.730914e-03 3.619082e+00 -1.012254e-01 2.459646e+00 1.168571e+00 -1.172004e-01 1.010458e+00 
365 3651 0 0 0 7.097721e+00 3.773925e-01 -4.995473e-03 3.605481e+00 -1.007112e-01 2.491686e+00 1.172772e+00 -8.448092e-02 1.014881e+00 
366 3661 0 0 0 7.099561e+00 3.771698e-01 -7.378243e-03 3.612848e+00 -9.906006e-02 2.470586e+00 1.172833e+00 -9.758964e-02 1.016497e+00 
367 3671 0 0 0 7.093493e+00 3.783844e-01 -8.856763e-03 3.616461e+00 -9.253183e-02 2.443632e+00 1.169697e+00 -1.298744e-01 1.016014e+00 
368 3681 0 0 0 7.094281e+00 3.782191e-01 -9.185256e-03 3.612997e+00 -9.233447e-02 2.437935e+00 1.168414e+00 -1.333927e-01 1.016977e+00 
369 3691 0 0 0 7.085723e+00 3.781012e-01 -1.013271e-02 3.620616e+00 -9.021000e-02 2.416980e+00 1.169243e+00 -1.922739e-01 1.011212e+00 
370 3701 0 0 0 7.087826e+00 3.788520e-01 -1.100494e-02 3.622662e+00 -8.166663e-02 2.398603e+00 1.169229e+00 -2.366844e-01 1.012492e+00 
371 3711 0 0 0 7.073654e+00 3.780508e-01 -1.167747e-02 3.628050e+00 -7.932773e-02 2.383679e+00 1.161015e+00 -2.118671e-01 1.009969e+00 
372 3721 0 0 0 7.084649e+00 3.788353e-01 -9.538668e-03 3.622495e+00 -7.409553e-02 2.413209e+00 1.164357e+00 -1.596368e-01 1.015005e+00 
373 3731 0 0 0 7.063861e+00 3.789724e-01 -1.042729e-02 3.627214e+00 -6.752343e-02 2.371162e+00 1.156823e+00 -2.260023e-01 1.007339e+00 
374 3741 0 0 0 7.070391e+00 3.787171e-01 -7.316628e-03 3.612866e+00 -6.490845e-02 2.404695e+00 1.156732e+00 -1.602516e-01 1.011377e+00 
375 3751 0 0 0 7.074824e+00 3.786420e-01 -6.928723e-03 3.609186e+00 -6.483176e-02 2.411202e+00 1.157601e+00 -1.580731e-01 1.013607e+00 
376 3761 0 0 0 7.070809e+00 3.803737e-01 -8.192796e-03 3.612022e+00 -5.334834e-02 2.390669e+00 1.153191e+00 -1.945481e-01 1.014120e+00 
377 3771 0 0 0 7.080601e+00 3.828036e-01 -1.031168e-02 3.618993e+00 -5.673669e-02 2.375485e+00 1.157865e+00 -2.530200e-01 1.017027e+00 
378 3781 0 0 0 7.080230e+00 3.844002e-01 -1.054573e-02 3.615476e+00 -4.362838e-02 2.360864e+00 1.155578e+00 -2.641951e-01 1.018610e+00 
379 3791 0 0 0 7.076646e+00 3.841744e-01 -1.176083e-02 3.621880e+00 -3.493804e-02 2.338963e+00 1.154210e+00 -2.767197e-01 1.017669e+00 
380 3801 0 0 0 7.065811e+00 3.865932e-01 -1.112402e-02 3.623760e+00 -1.136432e-02 2.308671e+00 1.144998e+00 -3.196045e-01 1.019206e+00 
381 3811 0 0 0 7.056027e+00 3.869077e-01 -1.283376e-02 3.631453e+00 -8.739740e-03 2.281405e+00 1.139374e+00 -3.269131e-01 1.017041e+00 
382 3821 0 0 0 7.061046e+00 3.868306e-01 -1.318859e-02 3.635975e+00 -8.175748e-03 2.281892e+00 1.145782e+00 -2.966177e-01 1.014245e+00 
383 3831 0 0 0 7.051567e+00 3.888919e-01 -1.447980e-02 3.638935e+00 6.497405e-03 2.254757e+00 1.139389e+00 -3.003546e-01 1.014110e+00 
384 3841 0 0 0 7.067903e+00 3.866002e-01 -1.388484e-02 3.629804e+00 -2.118965e-02 2.294659e+00 1.150540e+00 -2.869009e-01 1.015165e+00 
385 3851 0 0 0 7.077940e+00 3.834837e-01 -1.085487e-02 3.616336e+00 -2.735274e-02 2.342268e+00 1.157790e+00 -1.836517e-01 1.016000e+00 
386 3861 0 0 0 7.075478e+00 3.817789e-01 -1.236419e-02 3.630813e+00 -4.557205e-02 2.329669e+00 1.161940e+00 -1.698998e-01 1.011751e+00 
387 3871 0 0 0 7.077858e+00 3.814827e-01 -9.892408e-03 3.629150e+00 -3.959451e-02 2.355126e+00 1.163198e+00 -1.354338e-01 1.011891e+00 
388 3881 0 0 0 7.077149e+00 3.836218e-01 -8.389483e-03 3.618840e+00 -3.176194e-02 2.345955e+00 1.162279e+00 -1.241673e-01 1.011092e+00 
389 3891 0 0 0 7.080477e+00 3.818931e-01 -1.032837e-02 3.629018e+00 -4.201021e-02 2.338823e+00 1.163769e+00 -1.165288e-01 1.012155e+00 
390 3901 0 0 0 7.093699e+00 3.813707e-01 -5.401920e-03 3.606446e+00 -5.253044e-02 2.413055e+00 1.163512e+00 -6.058402e-02 1.019168e+00 
391 3911 0 0 0 7.087458e+00 3.814277e-01 -6.186092e-03 3.608804e+00 -3.613727e-02 2.391907e+00 1.161759e+00 -1.633858e-01 1.016960e+00 
392 3921 0 0 0 7.072030e+00 3.818364e-01 -8.697752e-03 3.621078e+00 -2.301679e-02 2.350132e+00 1.152575e+00 -2.038369e-01 1.014731e+00 
393 3931 0 0 0 7.072853e+00 3.832770e-01 -8.453923e-03 3.627259e+00 -3.010931e-02 2.364692e+00 1.154481e+00 -2.275145e-01 1.014185e+00 
394 3941 0 0 0 7.061567e+00 3.824248e-01 -8.052130e-03 3.624712e+00 -2.746554e-02 2.358341e+00 1.150390e+00 -2.383234e-01 1.010047e+00 
395 3951 0 0 0 7.048685e+00 3.817791e-01 -8.450156e-03 3.633850e+00 -1.477210e-02 2.326987e+00 1.149126e+00 -2.709215e-01 1.003074e+00 
396 3961 0 0 0 7.043950e+00 3.812004e-01 -7.032841e-03 3.631858e+00 -8.302266e-04 2.334580e+00 1.147192e+00 -3.182114e-01 1.001311e+00 
397 3971 0 0 0 7.032926e+00 3.795385e-01 -6.583412e-03 3.631609e+00 -8.637818e-03 2.331833e+00 1.144665e+00 -2.509334e-01 9.952642e-01 
398 3981 0 0 0 7.045604e+00 3.804135e-01 -4.511080e-03 3.621594e+00 -2.569652e-02 2.376595e+00 1.146832e+00 -2.136447e-01 9.998823e-01 
399 3991 0 0 0 7.056486e+00 3.811778e-01 -5.928089e-03 3.620288e+00 -3.256065e-02 2.380731e+00 1.150159e+00 -1.746011e-01 1.003511e+00 
400 4001 0 0 0 7.041926e+00 3.805134e-01 -4.955921e-03 3.626067e+00 -2.394396e-02 2.379927e+00 1.145976e+00 -1.976802e-01 9.971563e-01 
401 4011 0 0 0 7.064597e+00 3.796454e-01 -6.287090e-03 3.619863e+00 -4.413078e-02 2.388462e+00 1.158419e+00 -2.068886e-01 1.003358e+00 
402 4021 0 0 0 7.066999e+00 3.803264e-01 -6.963439e-03 3.623330e+00 -3.304079e-02 2.377801e+00 1.158866e+00 -2.412202e-01 1.005237e+00 
403 4031 0 0 0 7.077859e+00 3.818667e-01 -6.706954e-03 3.619763e+00 -3.223653e-02 2.387245e+00 1.164495e+00 -2.174130e-01 1.008010e+00 
404 4041 0 0 0 7.077732e+00 3.819370e-01 -5.858233e-03 3.612695e+00 -2.185232e-02 2.381175e+00 1.164942e+00 -1.632678e-01 1.007731e+00 
405 4051 0 0 0 7.075271e+00 3.810648e-01 -3.895516e-03 3.606712e+00 -2.397155e-02 2.407620e+00 1.162777e+00 -1.722180e-01 1.007720e+00 
406 4061 0 0 0 7.080962e+00 3.813265e-01 -4.442032e-03 3.602251e+00 -2.151650e-02 2.394005e+00 1.163068e+00 -1.194668e-01 1.011401e+00 
407 4071 0 0 0 7.064578e+00 3.807595e-01 -5.368346e-03 3.607219e+00 -1.994557e-02 2.370361e+00 1.155993e+00 -1.962939e-01 1.006727e+00 
408 4081 0 0 0 7.070707e+00 3.795560e-01 -3.577072e-04 3.589594e+00 -1.941920e-02 2.416624e+00 1.159468e+00 -1.226783e-01 1.007649e+00 
409 4091 0 0 0 7.066907e+00 3.782785e-01 -1.409035e-03 3.593885e+00 -2.575644e-02 2.423100e+00 1.156270e+00 -1.447710e-01 1.006950e+00 
410 4101 0 0 0 7.056414e+00 3.780594e-01 -2.949195e-03 3.602139e+00 -2.396440e-02 2.395679e+00 1.153574e+00 -1.753143e-01 1.003352e+00 
411 4111 0 0 0 7.054287e+00 3.777759e-01 -1.961145e-03 3.602106e+00 -2.304325e-02 2.404186e+00 1.153405e+00 -1.739920e-01 1.001619e+00 
412 4121 0 0 0 7.048642e+00 3.788651e-01 -2.461725e-03 3.605574e+00 -1.905273e-02 2.386874e+00 1.153920e+00 -1.959065e-01 9.979404e-01 
413 4131 0 0 0 7.055115e+00 3.800844e-01 -2.098657e-03 3.600631e+00 -1.632309e-02 2.381460e+00 1.156496e+00 -1.618833e-01 9.998107e-01 
414 4141 0 0 0 7.052459e+00 3.800516e-01 -1.563614e-03 3.597580e+00 -1.029822e-02 2.371186e+00 1.154767e+00 -1.539339e-01 9.996054e-01 
415 4151 0 0 0 7.059238e+00 3.805985e-01 -7.737759e-04 3.594369e+00 -1.123125e-02 2.392877e+00 1.156120e+00 -1.540257e-01 1.002661e+00 
416 4161 0 0 0 7.066362e+00 3.817617e-01 -8.817052e-04 3.589247e+00 -1.278358e-02 2.399064e+00 1.157902e+00 -1.295249e-01 1.005917e+00 
417 4171 0 0 0 7.069639e+00 3.838004e-01 -2.059278e-03 3.592599e+00 -3.694273e-04 2.376277e+00 1.156919e+00 -1.519219e-01 1.009311e+00 
418 4181 0 0 0 7.066806e+00 3.858267e-01 -4.121876e-03 3.598704e+00 1.055781e-02 2.342251e+00 1.155471e+00 -1.972365e-01 1.008846e+00 
419 4191 0 0 0 7.056816e+00 3.842641e-01 -2.680059e-03 3.595663e+00 1.195604e-02 2.342123e+00 1.153587e+00 -1.833999e-01 1.003246e+00 
420 4201 0 0 0 7.063621e+00 3.830053e-01 -1.220327e-03 3.588590e+00 6.831456e-03 2.364299e+00 1.157739e+00 -1.771952e-01 1.004782e+00 
421 4211 0 0 0 7.067132e+00 3.832901e-01 -2.183689e-03 3.588902e+00 6.273423e-03 2.353534e+00 1.159204e+00 -1.655969e-01 1.006423e+00 
422 4221 0 0 0 7.056505e+00 3.819672e-01 -2.735354e-04 3.587396e+00 4.539036e-03 2.365756e+00 1.156002e+00 -1.666987e-01 1.001750e+00 
423 4231 0 0 0 7.059120e+00 3.812922e-01 -1.188965e-03 3.587954e+00 5.223469e-03 2.358877e+00 1.158109e+00 -1.666778e-01 1.002162e+00 
424 4241 0 0 0 7.061769e+00 3.807446e-01 -2.340118e-03 3.590309e+00 2.156724e-03 2.355189e+00 1.159657e+00 -1.979087e-01 1.002910e+00 
425 4251 0 0 0 7.066077e+00 3.798336e-01 -1.069285e-03 3.584625e+00 -4.708644e-04 2.373556e+00 1.162793e+00 -1.774459e-01 1.003129e+00 
426 4261 0 0 0 7.070632e+00 3.795548e-01 -4.984446e-04 3.584759e+00 -6.553329e-03 2.391174e+00 1.163320e+00 -1.744906e-01 1.005591e+00 
427 4271 0 0 0 7.078260e+00 3.804465e-01 -1.063352e-03 3.587279e+00 -7.079828e-03 2.395968e+00 1.163985e+00 -1.533165e-01 1.009882e+00 
428 4281 0 0 0 7.084506e+00 3.804058e-01 -1.488243e-03 3.584293e+00 -1.241116e-02 2.403082e+00 1.165604e+00 -1.407274e-01 1.012778e+00 
429 4291 0 0 0 7.093283e+00 3.808177e-01 -2.233795e-03 3.586033e+00 -1.569870e-02 2.407776e+00 1.168453e+00 -1.227402e-01 1.016110e+00 
430 4301 0 0 0 7.085174e+00 3.823445e-01 -4.431404e-03 3.594972e+00 -7.972950e-03 2.375681e+00 1.163146e+00 -1.620035e-01 1.014987e+00 
431 4311 0 0 0 7.079176e+00 3.809865e-01 -3.423134e-03 3.593283e+00 -7.838479e-03 2.380807e+00 1.162741e+00 -1.677386e-01 1.011754e+00 
432 4321 0 0 0 7.080552e+00 3.809668e-01 -2.949641e-03 3.594647e+00 -1.201527e-02 2.394061e+00 1.163767e+00 -1.557719e-01 1.011501e+00 
433 4331 0 0 0 7.079989e+00 3.797161e-01 -1.603369e-03 3.589055e+00 -1.224376e-02 2.401932e+00 1.165103e+00 -1.375728e-01 1.010402e+00 
434 4341 0 0 0 7.068450e+00 3.796024e-01 -1.715031e-03 3.592536e+00 -1.105160e-02 2.390219e+00 1.161103e+00 -1.553316e-01 1.005931e+00 
435 4351 0 0 0 7.065901e+00 3.802680e-01 -2.379401e-03 3.598508e+00 -5.848718e-03 2.380132e+00 1.159577e+00 -1.767001e-01 1.005683e+00 
436 4361 0 0 0 7.063868e+00 3.809381e-01 -3.280150e-03 3.602724e+00 -3.133253e-03 2.369937e+00 1.157652e+00 -2.102284e-01 1.006186e+00 
437 4371 0 0 0 7.060199e+00 3.823264e-01 -4.255760e-03 3.606106e+00 1.997099e-03 2.350830e+00 1.155869e+00 -2.138420e-01 1.005347e+00 
438 4381 0 0 0 7.055645e+00 3.824642e-01 -4.638634e-03 3.610653e+00 -1.321623e-03 2.347951e+00 1.154538e+00 -2.360438e-01 1.003200e+00 
439 4391 0 0 0 7.056209e+00 3.825316e-01 -3.781790e-03 3.610393e+00 -2.041279e-03 2.354079e+00 1.155384e+00 -2.297768e-01 1.002587e+00 
440 4401 0 0 0 7.059787e+00 3.825214e-01 -3.459124e-03 3.609649e+00 -7.749365e-03 2.360961e+00 1.158682e+00 -2.281065e-01 1.002327e+00 
441 4411 0 0 0 7.063222e+00 3.828637e-01 -2.714553e-03 3.607242e+00 -3.148564e-03 2.364317e+00 1.160346e+00 -2.223944e-01 1.003189e+00 
442 4421 0 0 0 7.065772e+00 3.829507e-01 -2.192311e-03 3.604566e+00 -1.485454e-03 2.369981e+00 1.159468e+00 -2.262060e-01 1.005626e+00 
443 4431 0 0 0 7.067476e+00 3.826975e-01 -2.537492e-03 3.605868e+00 6.316266e-06 2.372988e+00 1.159058e+00 -2.406663e-01 1.007112e+00 
444 4441 0 0 0 7.069320e+00 3.837636e-01 -2.466124e-03 3.602856e+00 -6.510237e-03 2.375395e+00 1.158865e+00 -2.188368e-01 1.007867e+00 
445 4451 0 0 0 7.075640e+00 3.819002e-01 -9.979657e-04 3.591980e+00 -1.498053e-02 2.395123e+00 1.162623e+00 -1.936258e-01 1.008662e+00 
446 4461 0 0 0 7.079098e+00 3.829280e-01 -2.136301e-03 3.595261e+00 -1.388485e-02 2.391681e+00 1.161234e+00 -1.920341e-01 1.011930e+00 
447 4471 0 0 0 7.078561e+00 3.821332e-01 -9.196480e-04 3.594361e+00 -1.280416e-02 2.400441e+00 1.162571e+00 -1.866831e-01 1.010313e+00 
448 4481 0 0 0 7.083428e+00 3.799799e-01 6.261657e-04 3.586504e+00 -1.612450e-02 2.422259e+00 1.164394e+00 -1.554952e-01 1.011761e+00 
449 4491 0 0 0 7.080602e+00 3.806231e-01 6.340192e-06 3.590179e+00 -1.218696e-02 2.415811e+00 1.160428e+00 -1.793943e-01 1.012879e+00 
450 4501 0 0 0 7.081555e+00 3.811260e-01 -6.022817e-04 3.592263e+00 -1.102143e-02 2.411645e+00 1.157739e+00 -1.636265e-01 1.015369e+00 
451 4511 0 0 0 7.087353e+00 3.814164e-01 3.915398e-04 3.587706e+00 -1.484359e-02 2.424322e+00 1.160502e+00 -1.324997e-01 1.016807e+00 
452 4521 0 0 0 7.085569e+00 3.816666e-01 9.617902e-05 3.587634e+00 -1.198264e-02 2.419637e+00 1.160447e+00 -1.548117e-01 1.016084e+00 
453 4531 0 0 0 7.092952e+00 3.811544e-01 5.414380e-05 3.582291e+00 -1.400852e-02 2.423718e+00 1.163802e+00 -1.219157e-01 1.018085e+00 
454 4541 0 0 0 7.092776e+00 3.811741e-01 -7.753234e-04 3.583151e+00 -7.876507e-03 2.407659e+00 1.163025e+00 -1.344336e-01 1.018745e+00 
455 4551 0 0 0 7.091310e+00 3.798999e-01 3.763132e-04 3.579378e+00 -7.148460e-03 2.414096e+00 1.163664e+00 -1.111944e-01 1.017551e+00 
456 4561 0 0 0 7.095963e+00 3.799867e-01 9.700747e-04 3.577975e+00 -6.433216e-03 2.425637e+00 1.163788e+00 -8.976857e-02 1.020389e+00 
457 4571 0 0 0 7.082413e+00 3.797447e-01 7.743411e-05 3.588438e+00 -1.931265e-03 2.402530e+00 1.159906e+00 -1.382943e-01 1.015100e+00 
458 4581 0 0 0 7.085447e+00 3.804046e-01 -6.445933e-04 3.587576e+00 -2.072446e-03 2.395315e+00 1.160125e+00 -1.495743e-01 1.016911e+00 
459 4591 0 0 0 7.082953e+00 3.794618e-01 -1.213361e-03 3.588412e+00 -7.228077e-03 2.397422e+00 1.158196e+00 -1.577269e-01 1.016580e+00 
460 4601 0 0 0 7.091862e+00 3.794424e-01 -1.734910e-03 3.586295e+00 -1.528075e-02 2.411941e+00 1.160177e+00 -1.427146e-01 1.020523e+00 
461 4611 0 0 0 7.093530e+00 3.803889e-01 -3.047578e-03 3.590351e+00 -1.175694e-02 2.392429e+00 1.160701e+00 -1.448212e-01 1.021393e+00 
462 4621 0 0 0 7.093750e+00 3.805228e-01 -3.587318e-03 3.589669e+00 -8.976539e-03 2.386421e+00 1.158465e+00 -1.649491e-01 1.022975e+00 
463 4631 0 0 0 7.094961e+00 3.804418e-01 -2.909651e-03 3.586691e+00 -1.392885e-02 2.399745e+00 1.157483e+00 -1.632581e-01 1.023905e+00 
464 4641 0 0 0 7.101877e+00 3.812175e-01 -3.035835e-03 3.583064e+00 -1.460525e-02 2.405312e+00 1.159576e+00 -1.377720e-01 1.026408e+00 
465 4651 0 0 0 7.101173e+00 3.813076e-01 -1.621717e-03 3.582622e+00 -1.780586e-02 2.412857e+00 1.163817e+00 -1.036238e-01 1.022842e+00 
466 4661 0 0 0 7.109253e+00 3.807146e-01 -1.119826e-03 3.579183e+00 -2.338229e-02 2.425273e+00 1.168573e+00 -8.509102e-02 1.024235e+00 
467 4671 0 0 0 7.108669e+00 3.809198e-01 -1.982075e-03 3.579214e+00 -1.909311e-02 2.409687e+00 1.167986e+00 -1.003800e-01 1.024779e+00 
468 4681 0 0 0 7.111607e+00 3.818125e-01 -2.607478e-03 3.581537e+00 -1.788664e-02 2.405349e+00 1.168580e+00 -9.796719e-02 1.026268e+00 
469 4691 0 0 0 7.111466e+00 3.818139e-01 -3.415846e-03 3.586246e+00 -1.620312e-02 2.391997e+00 1.171433e+00 -9.784065e-02 1.024395e+00 
470 4701 0 0 0 7.108328e+00 3.818498e-01 -2.998440e-03 3.583968e+00 -1.330312e-02 2.387790e+00 1.169431e+00 -1.011237e-01 1.023634e+00 
471 4711 0 0 0 7.107286e+00 3.802500e-01 -1.764864e-03 3.578813e+00 -1.522305e-02 2.398857e+00 1.169104e+00 -1.096068e-01 1.023188e+00 
472 4721 0 0 0 7.111013e+00 3.815804e-01 -3.404500e-03 3.584259e+00 -1.426250e-02 2.382485e+00 1.171271e+00 -1.062477e-01 1.024577e+00 
473 4731 0 0 0 7.112185e+00 3.814643e-01 -1.709661e-03 3.580554e+00 -9.728339e-03 2.389680e+00 1.173125e+00 -7.152935e-02 1.024073e+00 
474 4741 0 0 0 7.118611e+00 3.819492e-01 -1.562226e-03 3.576930e+00 -1.176173e-02 2.397133e+00 1.176681e+00 -6.412339e-02 1.025208e+00 
475 4751 0 0 0 7.115008e+00 3.823910e-01 -1.631098e-03 3.575991e+00 -6.554561e-03 2.386016e+00 1.174418e+00 -8.827479e-02 1.024977e+00 
476 4761 0 0 0 7.116446e+00 3.820031e-01 -1.610576e-03 3.575582e+00 -8.361296e-03 2.391461e+00 1.174861e+00 -9.248041e-02 1.025764e+00 
477 4771 0 0 0 7.110427e+00 3.822658e-01 -2.095561e-03 3.579884e+00 -5.437926e-03 2.375589e+00 1.175695e+00 -1.178588e-01 1.021668e+00 
478 4781 0 0 0 7.109141e+00 3.820571e-01 -1.441180e-03 3.580016e+00 -7.702744e-03 2.384926e+00 1.177823e+00 -1.203619e-01 1.019107e+00 
479 4791 0 0 0 7.112623e+00 3.829450e-01 -2.230744e-03 3.580125e+00 -6.769711e-03 2.373817e+00 1.177298e+00 -1.030773e-01 1.021541e+00 
480 4801 0 0 0 7.108773e+00 3.830379e-01 -2.043666e-03 3.582138e+00 -1.059092e-02 2.379498e+00 1.175031e+00 -1.001104e-01 1.020376e+00 
481 4811 0 0 0 7.100274e+00 3.835792e-01 -2.624029e-03 3.590038e+00 -1.523472e-02 2.376037e+00 1.171983e+00 -1.339473e-01 1.016888e+00 
482 4821 0 0 0 7.104444e+00 3.838282e-01 -2.569703e-03 3.591175e+00 -2.135074e-02 2.389353e+00 1.174001e+00 -1.212417e-01 1.017399e+00 
483 4831 0 0 0 7.101270e+00 3.837953e-01 -2.331736e-03 3.593603e+00 -1.805104e-02 2.387780e+00 1.174111e+00 -1.332031e-01 1.015471e+00 
484 4841 0 0 0 7.100932e+00 3.825954e-01 -2.075766e-03 3.591177e+00 -1.752656e-02 2.387676e+00 1.172596e+00 -1.211283e-01 1.016689e+00 
485 4851 0 0 0 7.104491e+00 3.813054e-01 -1.381900e-03 3.586149e+00 -1.517661e-02 2.395672e+00 1.172034e+00 -1.005638e-01 1.019512e+00 
486 4861 0 0 0 7.102875e+00 3.812813e-01 -8.717140e-04 3.586103e+00 -1.927063e-02 2.401428e+00 1.173042e+00 -9.317308e-02 1.017667e+00 
487 4871 0 0 0 7.106595e+00 3.815467e-01 -5.510985e-04 3.587839e+00 -2.235016e-02 2.403436e+00 1.175705e+00 -7.613316e-02 1.018260e+00 
488 4881 0 0 0 7.108575e+00 3.828566e-01 -8.769088e-04 3.591503e+00 -2.494393e-02 2.408847e+00 1.176544e+00 -8.476514e-02 1.018512e+00 
489 4891 0 0 0 7.103622e+00 3.829707e-01 -1.473373e-03 3.594690e+00 -2.273019e-02 2.394727e+00 1.173099e+00 -1.094671e-01 1.017857e+00 
490 4901 0 0 0 7.097224e+00 3.835809e-01 -1.953182e-03 3.599378e+00 -2.158973e-02 2.378322e+00 1.172825e+00 -1.069207e-01 1.014280e+00 
491 4911 0 0 0 7.096387e+00 3.829804e-01 -2.852990e-03 3.600198e+00 -1.612903e-02 2.364502e+00 1.171989e+00 -1.255595e-01 1.015185e+00 
492 4921 0 0 0 7.093019e+00 3.820002e-01 -1.942687e-03 3.594524e+00 -1.270080e-02 2.366412e+00 1.170047e+00 -1.124457e-01 1.014200e+00 
493 4931 0 0 0 7.089569e+00 3.825301e-01 -2.564622e-03 3.596993e+00 -1.182897e-02 2.365624e+00 1.166764e+00 -1.380494e-01 1.014346e+00 
494 4941 0 0 0 7.087047e+00 3.824874e-01 -2.964490e-03 3.599062e+00 -1.089908e-02 2.360865e+00 1.164237e+00 -1.438310e-01 1.014742e+00 
495 4951 0 0 0 7.082489e+00 3.818833e-01 -2.717252e-03 3.600863e+00 -6.044545e-03 2.355800e+00 1.161337e+00 -1.496264e-01 1.014360e+00 
496 4961 0 0 0 7.088598e+00 3.819273e-01 -2.430118e-03 3.598024e+00 -6.183497e-03 2.361974e+00 1.163161e+00 -1.334816e-01 1.016754e+00 
497 4971 0 0 0 7.081420e+00 3.823970e-01 -3.295523e-03 3.606569e+00 -7.500564e-03 2.348972e+00 1.162983e+00 -1.599361e-01 1.012573e+00 
498 4981 0 0 0 7.081200e+00 3.827284e-01 -4.400213e-03 3.608749e+00 -1.136995e-02 2.347134e+00 1.161149e+00 -1.642431e-01 1.013715e+00 
499 4991 0 0 0 7.086792e+00 3.830627e-01 -3.538750e-03 3.603528e+00 -1.145294e-02 2.357837e+00 1.163562e+00 -1.374787e-01 1.015382e+00 
500 5001 0 0 0 7.089032e+00 3.830287e-01 -3.984892e-03 3.605389e+00 -7.307953e-03 2.346416e+00 1.166025e+00 -1.395839e-01 1.015377e+00 
501 5011 0 0 0 7.087445e+00 3.830680e-01 -3.774477e-03 3.605956e+00 -6.583175e-03 2.346442e+00 1.166229e+00 -1.478501e-01 1.014233e+00 
502 5021 0 0 0 7.090506e+00 3.829122e-01 -3.733450e-03 3.605052e+00 -1.292900e-02 2.355583e+00 1.167373e+00 -1.351959e-01 1.014921e+00 
503 5031 0 0 0 7.092856e+00 3.830809e-01 -3.189470e-03 3.603416e+00 -1.609369e-02 2.361912e+00 1.170174e+00 -1.260459e-01 1.014311e+00 
504 5041 0 0 0 7.091072e+00 3.834953e-01 -3.502682e-03 3.606002e+00 -1.655807e-02 2.360879e+00 1.170314e+00 -1.331829e-01 1.013021e+00 
505 5051 0 0 0 7.091480e+00 3.829691e-01 -2.743640e-03 3.604211e+00 -1.698402e-02 2.369916e+00 1.170624e+00 -1.144593e-01 1.013025e+00 
506 5061 0 0 0 7.091354e+00 3.820031e-01 -2.242679e-03 3.602812e+00 -1.956241e-02 2.378396e+00 1.170443e+00 -1.053894e-01 1.013020e+00 
507 5071 0 0 0 7.092899e+00 3.818609e-01 -2.640327e-03 3.604199e+00 -2.109237e-02 2.379581e+00 1.169964e+00 -9.768828e-02 1.014222e+00 
508 5081 0 0 0 7.093081e+00 3.819265e-01 -2.916382e-03 3.605499e+00 -2.041395e-02 2.376893e+00 1.170454e+00 -1.132080e-01 1.014087e+00 
509 5091 0 0 0 7.091635e+00 3.819759e-01 -2.942838e-03 3.605389e+00 -2.059031e-02 2.375095e+00 1.171162e+00 -1.181776e-01 1.012764e+00 
510 5101 0 0 0 7.091829e+00 3.819446e-01 -3.222243e-03 3.606003e+00 -1.999412e-02 2.371765e+00 1.171165e+00 -1.260211e-01 1.012982e+00 
511 5111 0 0 0 7.095707e+00 3.818073e-01 -3.037071e-03 3.604462e+00 -2.136850e-02 2.375305e+00 1.174047e+00 -1.168338e-01 1.013371e+00 
512 5121 0 0 0 7.093208e+00 3.818979e-01 -2.733408e-03 3.606238e+00 -1.990328e-02 2.376589e+00 1.172160e+00 -1.221669e-01 1.013008e+00 
513 5131 0 0 0 7.093040e+00 3.818977e-01 -2.857037e-03 3.605794e+00 -2.262561e-02 2.377567e+00 1.172779e+00 -1.280096e-01 1.012364e+00 
514 5141 0 0 0 7.091411e+00 3.816871e-01 -2.548404e-03 3.605692e+00 -2.235338e-02 2.377503e+00 1.172981e+00 -1.382784e-01 1.011156e+00 
515 5151 0 0 0 7.091512e+00 3.817520e-01 -2.768243e-03 3.608630e+00 -2.360550e-02 2.379541e+00 1.172895e+00 -1.467020e-01 1.011305e+00 
516 5161 0 0 0 7.090057e+00 3.819608e-01 -2.629958e-03 3.609822e+00 -2.088589e-02 2.375039e+00 1.172942e+00 -1.497787e-01 1.010492e+00 
517 5171 0 0 0 7.087319e+00 3.813877e-01 -2.070850e-03 3.608241e+00 -2.007421e-02 2.377577e+00 1.172235e+00 -1.538723e-01 1.009272e+00 
518 5181 0 0 0 7.088793e+00 3.812688e-01 -2.241179e-03 3.605798e+00 -1.603805e-02 2.371728e+00 1.171849e+00 -1.514737e-01 1.010561e+00 
519 5191 0 0 0 7.086788e+00 3.813305e-01 -2.140075e-03 3.605206e+00 -1.383765e-02 2.368411e+00 1.170327e+00 -1.454531e-01 1.010393e+00 
520 5201 0 0 0 7.089968e+00 3.814824e-01 -2.033606e-03 3.605403e+00 -1.330311e-02 2.370002e+00 1.173449e+00 -1.430558e-01 1.010326e+00 
521 5211 0 0 0 7.089327e+00 3.818457e-01 -1.857831e-03 3.605156e+00 -1.113556e-02 2.364440e+00 1.175476e+00 -1.585210e-01 1.008572e+00 
522 5221 0 0 0 7.093267e+00 3.818794e-01 -1.792383e-03 3.601241e+00 -1.108967e-02 2.369909e+00 1.175633e+00 -1.375179e-01 1.010818e+00 
523 5231 0 0 0 7.094538e+00 3.820852e-01 -2.052896e-03 3.602574e+00 -9.078525e-03 2.367901e+00 1.174788e+00 -1.365765e-01 1.012177e+00 
524 5241 0 0 0 7.090951e+00 3.816372e-01 -1.987246e-03 3.602753e+00 -1.064484e-02 2.366580e+00 1.174287e+00 -1.352546e-01 1.010134e+00 
525 5251 0 0 0 7.093082e+00 3.820394e-01 -1.788274e-03 3.601380e+00 -1.126164e-02 2.372068e+00 1.174957e+00 -1.301336e-01 1.010843e+00 
526 5261 0 0 0 7.092148e+00 3.824750e-01 -2.014185e-03 3.600146e+00 -1.166531e-02 2.371702e+00 1.172471e+00 -1.226414e-01 1.011894e+00 
527 5271 0 0 0 7.091349e+00 3.820795e-01 -1.903962e-03 3.599133e+00 -1.294889e-02 2.377725e+00 1.169357e+00 -1.166843e-01 1.013518e+00 
528 5281 0 0 0 7.090549e+00 3.824558e-01 -2.648911e-03 3.602011e+00 -1.202179e-02 2.369187e+00 1.169814e+00 -1.237498e-01 1.012923e+00 
529 5291 0 0 0 7.092141e+00 3.815305e-01 -1.896647e-03 3.599430e+00 -1.335094e-02 2.383909e+00 1.169978e+00 -1.136432e-01 1.013712e+00 
530 5301 0 0 0 7.094748e+00 3.813156e-01 -1.502745e-03 3.596735e+00 -1.285623e-02 2.390148e+00 1.170416e+00 -1.066710e-01 1.014956e+00 
531 5311 0 0 0 7.096659e+00 3.813730e-01 -1.103393e-03 3.593525e+00 -1.483631e-02 2.396330e+00 1.170381e+00 -9.430377e-02 1.015802e+00 
532 5321 0 0 0 7.096616e+00 3.811668e-01 -1.257367e-03 3.594651e+00 -1.323873e-02 2.392266e+00 1.170296e+00 -8.810844e-02 1.016012e+00 
533 5331 0 0 0 7.094382e+00 3.813757e-01 -1.677835e-03 3.597524e+00 -1.405766e-02 2.388094e+00 1.170536e+00 -1.034182e-01 1.014426e+00 
534 5341 0 0 0 7.093731e+00 3.813784e-01 -1.572036e-03 3.597127e+00 -1.607973e-02 2.388653e+00 1.171738e+00 -1.000907e-01 1.013106e+00 
535 5351 0 0 0 7.094367e+00 3.813828e-01 -1.561281e-03 3.597291e+00 -1.706005e-02 2.389988e+00 1.172986e+00 -9.658685e-02 1.012497e+00 
536 5361 0 0 0 7.096395e+00 3.814448e-01 -8.149659e-04 3.593526e+00 -1.451621e-02 2.391963e+00 1.174604e+00 -8.777827e-02 1.012682e+00 
537 5371 0 0 0 7.096043e+00 3.817594e-01 -4.672299e-04 3.592345e+00 -1.277631e-02 2.389133e+00 1.175933e+00 -8.869829e-02 1.011564e+00 
538 5381 0 0 0 7.096664e+00 3.816228e-01 3.817791e-05 3.588304e+00 -9.141696e-03 2.387141e+00 1.176523e+00 -8.165604e-02 1.011699e+00 
539 5391 0 0 0 7.097868e+00 3.816028e-01 -4.559594e-06 3.585312e+00 -6.747661e-03 2.386457e+00 1.176209e+00 -7.391618e-02 1.012669e+00 
540 5401 0 0 0 7.099038e+00 3.815985e-01 -8.695803e-05 3.586165e+00 -7.531194e-03 2.391404e+00 1.175746e+00 -7.039094e-02 1.013739e+00 
541 5411 0 0 0 7.095328e+00 3.805029e-01 9.303440e-04 3.581849e+00 -6.916394e-03 2.399995e+00 1.171771e+00 -5.302209e-02 1.014094e+00 
542 5421 0 0 0 7.092619e+00 3.799688e-01 6.736108e-04 3.583131e+00 -4.838408e-03 2.394732e+00 1.171898e+00 -7.058373e-02 1.012705e+00 
543 5431 0 0 0 7.098186e+00 3.798935e-01 1.202875e-03 3.579013e+00 -5.067772e-03 2.404195e+00 1.173563e+00 -4.515813e-02 1.014899e+00 
544 5441 0 0 0 7.095414e+00 3.798562e-01 4.968266e-04 3.580608e+00 1.325347e-03 2.387442e+00 1.172669e+00 -6.768056e-02 1.014393e+00 
545 5451 0 0 0 7.098094e+00 3.801060e-01 1.046088e-04 3.583248e+00 -5.055459e-03 2.394789e+00 1.171761e+00 -4.882568e-02 1.016529e+00 
546 5461 0 0 0 7.097536e+00 3.802751e-01 -7.672625e-04 3.587262e+00 -6.896521e-03 2.390075e+00 1.170731e+00 -4.795285e-02 1.016982e+00 
547 5471 0 0 0 7.100998e+00 3.803083e-01 -5.206305e-04 3.586034e+00 -1.074169e-02 2.403618e+00 1.171540e+00 -3.656376e-02 1.018279e+00 
548 5481 0 0 0 7.103522e+00 3.799954e-01 -2.367816e-04 3.584132e+00 -1.092027e-02 2.404705e+00 1.173302e+00 -1.585338e-02 1.018661e+00 
549 5491 0 0 0 7.101607e+00 3.801413e-01 -2.438891e-04 3.583073e+00 -1.281328e-02 2.405976e+00 1.171712e+00 -1.525889e-02 1.018242e+00 
550 5501 0 0 0 7.099086e+00 3.811936e-01 -1.660236e-04 3.584591e+00 -9.507159e-03 2.394802e+00 1.173793e+00 -4.021503e-02 1.015297e+00 
