%  columns=["iteration, evaluation, sigma, void, void, stds==sigma*sqrt(diag(C))" (startseed=210551, 2015/08/6 17:27:32.53)
1 11 1.644569e+01 0 0 5.645000e+00 8.729326e-01 8.299223e-01 3.760421e+00 5.606754e+00 7.707038e+00 1.629740e+01 1.623659e+01 7.270580e+00 
2 21 1.652248e+01 0 0 5.765795e+00 8.642180e-01 8.220250e-01 3.720434e+00 5.561835e+00 7.731881e+00 1.609553e+01 1.606363e+01 7.655774e+00 
3 31 1.493583e+01 0 0 5.169555e+00 7.708474e-01 7.320637e-01 3.320796e+00 4.930502e+00 6.921192e+00 1.451873e+01 1.430294e+01 6.875123e+00 
4 41 1.369616e+01 0 0 4.686891e+00 6.955244e-01 6.620111e-01 3.000887e+00 4.461174e+00 6.288862e+00 1.311289e+01 1.310466e+01 6.255699e+00 
5 51 1.260630e+01 0 0 4.276257e+00 6.338622e-01 5.996068e-01 2.718757e+00 4.131990e+00 5.815029e+00 1.200624e+01 1.196072e+01 5.662654e+00 
6 61 1.232125e+01 0 0 4.360635e+00 6.211312e-01 5.870648e-01 2.677418e+00 3.974859e+00 5.605345e+00 1.168403e+01 1.166219e+01 5.455966e+00 
7 71 1.442434e+01 0 0 5.168072e+00 7.223628e-01 6.901750e-01 3.124697e+00 4.730587e+00 6.481596e+00 1.364260e+01 1.415592e+01 6.530857e+00 
8 81 1.613011e+01 0 0 5.962907e+00 8.003423e-01 7.584652e-01 3.460935e+00 5.207344e+00 7.172925e+00 1.534595e+01 1.629396e+01 7.193713e+00 
9 91 1.811427e+01 0 0 6.594111e+00 9.167784e-01 8.387852e-01 3.896963e+00 5.936371e+00 7.977323e+00 1.718111e+01 1.871146e+01 8.011342e+00 
10 101 1.926218e+01 0 0 6.948258e+00 9.726388e-01 8.807866e-01 4.488350e+00 6.283555e+00 8.397227e+00 1.852353e+01 1.999258e+01 8.381986e+00 
11 111 1.944429e+01 0 0 6.955666e+00 9.746859e-01 9.053993e-01 4.619296e+00 6.328222e+00 8.802973e+00 1.874851e+01 1.990753e+01 8.362042e+00 
12 121 1.821211e+01 0 0 6.405255e+00 8.984714e-01 8.315372e-01 4.330541e+00 5.981888e+00 8.121154e+00 1.740287e+01 1.837108e+01 7.811564e+00 
13 131 1.714492e+01 0 0 5.928244e+00 8.325436e-01 7.803995e-01 4.117096e+00 5.532738e+00 7.519026e+00 1.608134e+01 1.729347e+01 7.277455e+00 
14 141 1.626239e+01 0 0 5.518859e+00 7.773980e-01 7.368970e-01 3.870366e+00 5.194663e+00 6.994664e+00 1.503679e+01 1.654539e+01 6.775700e+00 
15 151 1.658503e+01 0 0 5.572410e+00 8.176028e-01 7.575299e-01 3.988094e+00 5.344485e+00 7.029829e+00 1.541560e+01 1.709611e+01 6.843496e+00 
16 161 1.680237e+01 0 0 5.629933e+00 8.166517e-01 7.918541e-01 4.035927e+00 5.388577e+00 7.233965e+00 1.547429e+01 1.719628e+01 6.825675e+00 
17 171 1.655638e+01 0 0 5.457869e+00 8.323382e-01 7.824519e-01 3.904866e+00 5.222264e+00 7.196278e+00 1.496507e+01 1.676572e+01 6.589973e+00 
18 181 1.604044e+01 0 0 5.214437e+00 8.026172e-01 7.672273e-01 3.749220e+00 5.018421e+00 6.953177e+00 1.424112e+01 1.592496e+01 6.299404e+00 
19 191 1.517291e+01 0 0 4.930415e+00 7.624266e-01 7.251585e-01 3.528331e+00 4.686658e+00 6.503057e+00 1.322381e+01 1.502968e+01 5.897239e+00 
20 201 1.308799e+01 0 0 4.181800e+00 6.568276e-01 6.247605e-01 3.009080e+00 3.971974e+00 5.521211e+00 1.132848e+01 1.275628e+01 5.058721e+00 
21 211 1.253969e+01 0 0 3.946864e+00 6.334147e-01 6.035659e-01 2.861266e+00 3.763474e+00 5.201554e+00 1.080040e+01 1.207516e+01 4.794545e+00 
22 221 1.113570e+01 0 0 3.450375e+00 5.538005e-01 5.326626e-01 2.497392e+00 3.304413e+00 4.540531e+00 9.442261e+00 1.062686e+01 4.204968e+00 
23 231 1.003852e+01 0 0 3.059479e+00 4.985777e-01 4.706412e-01 2.257530e+00 2.942287e+00 4.104820e+00 8.389531e+00 9.605398e+00 3.725969e+00 
24 241 9.081083e+00 0 0 2.753713e+00 4.466031e-01 4.180323e-01 2.022172e+00 2.625184e+00 3.678682e+00 7.456410e+00 8.596302e+00 3.337661e+00 
25 251 8.065464e+00 0 0 2.429842e+00 3.958980e-01 3.667733e-01 1.776644e+00 2.295383e+00 3.224737e+00 6.493886e+00 7.489779e+00 2.917244e+00 
26 261 8.180371e+00 0 0 2.475943e+00 4.023961e-01 3.712524e-01 1.829685e+00 2.387870e+00 3.283135e+00 6.512658e+00 7.468471e+00 2.934150e+00 
27 271 8.141334e+00 0 0 2.538753e+00 3.960803e-01 3.644313e-01 1.840660e+00 2.405334e+00 3.238818e+00 6.359406e+00 7.335343e+00 2.872478e+00 
28 281 8.314678e+00 0 0 2.635873e+00 4.124490e-01 3.713691e-01 1.889651e+00 2.462745e+00 3.384079e+00 6.392266e+00 7.501181e+00 2.878316e+00 
29 291 7.981449e+00 0 0 2.526418e+00 3.910557e-01 3.607041e-01 1.788346e+00 2.325631e+00 3.200499e+00 6.012304e+00 7.143627e+00 2.743906e+00 
30 301 7.993950e+00 0 0 2.491872e+00 3.915458e-01 3.684952e-01 1.758422e+00 2.289735e+00 3.180729e+00 5.935893e+00 7.156464e+00 2.739337e+00 
31 311 7.953495e+00 0 0 2.498964e+00 3.945883e-01 3.709720e-01 1.716651e+00 2.247534e+00 3.159091e+00 5.878996e+00 7.069191e+00 2.702638e+00 
32 321 8.103734e+00 0 0 2.525647e+00 4.034706e-01 3.753303e-01 1.792906e+00 2.276408e+00 3.337375e+00 5.926049e+00 7.122511e+00 2.735742e+00 
33 331 7.389353e+00 0 0 2.275726e+00 3.644525e-01 3.370963e-01 1.676356e+00 2.074223e+00 3.047315e+00 5.307736e+00 6.421413e+00 2.472745e+00 
34 341 7.544848e+00 0 0 2.303380e+00 3.872753e-01 3.424977e-01 1.696416e+00 2.090857e+00 3.064036e+00 5.397335e+00 6.578620e+00 2.696381e+00 
35 351 7.763930e+00 0 0 2.337718e+00 4.157363e-01 3.491489e-01 1.739746e+00 2.119867e+00 3.150325e+00 5.514894e+00 6.668240e+00 2.852595e+00 
36 361 8.224021e+00 0 0 2.483307e+00 4.401438e-01 3.736197e-01 1.821681e+00 2.211595e+00 3.289556e+00 5.749842e+00 7.121897e+00 3.297886e+00 
37 371 7.545453e+00 0 0 2.239148e+00 3.964635e-01 3.411835e-01 1.655736e+00 2.023375e+00 2.958076e+00 5.184242e+00 6.455402e+00 3.013508e+00 
38 381 6.817139e+00 0 0 1.998366e+00 3.522955e-01 3.031144e-01 1.480021e+00 1.807345e+00 2.629779e+00 4.609285e+00 5.733078e+00 2.740680e+00 
39 391 7.475142e+00 0 0 2.280812e+00 3.810806e-01 3.360120e-01 1.613981e+00 2.010222e+00 3.031549e+00 5.298723e+00 6.189665e+00 3.070846e+00 
40 401 7.910574e+00 0 0 2.521140e+00 3.968394e-01 3.539430e-01 1.679166e+00 2.100799e+00 3.274324e+00 5.604692e+00 6.463904e+00 3.184700e+00 
41 411 8.109619e+00 0 0 2.677388e+00 4.043861e-01 3.582802e-01 1.713980e+00 2.124072e+00 3.339312e+00 5.745918e+00 6.527951e+00 3.327365e+00 
42 421 8.949658e+00 0 0 3.120120e+00 4.474986e-01 4.211422e-01 1.872526e+00 2.354588e+00 3.721487e+00 6.330417e+00 7.110461e+00 3.631649e+00 
43 431 9.774327e+00 0 0 3.432903e+00 4.922700e-01 4.920177e-01 2.037024e+00 2.549483e+00 4.204663e+00 6.929427e+00 7.648503e+00 3.962937e+00 
44 441 1.018591e+01 0 0 3.576691e+00 5.047719e-01 5.269916e-01 2.099915e+00 2.732289e+00 4.408283e+00 7.256344e+00 7.927947e+00 4.163695e+00 
45 451 1.015188e+01 0 0 3.654970e+00 4.970627e-01 5.290714e-01 2.104146e+00 2.680071e+00 4.394464e+00 7.131581e+00 7.833943e+00 4.118799e+00 
46 461 1.002833e+01 0 0 3.639547e+00 4.880047e-01 5.254645e-01 2.063940e+00 2.621215e+00 4.324938e+00 6.980502e+00 8.262240e+00 4.000472e+00 
47 471 9.486603e+00 0 0 3.428320e+00 4.627024e-01 4.945218e-01 1.939560e+00 2.443381e+00 4.030170e+00 6.589570e+00 7.886512e+00 3.716916e+00 
48 481 9.033175e+00 0 0 3.355368e+00 4.423060e-01 4.641688e-01 1.825036e+00 2.285634e+00 3.901505e+00 6.314513e+00 7.438890e+00 3.515719e+00 
49 491 9.738002e+00 0 0 3.809923e+00 4.872402e-01 4.903086e-01 1.940601e+00 2.456716e+00 4.137081e+00 6.773423e+00 8.213867e+00 3.731887e+00 
50 501 1.031087e+01 0 0 4.013938e+00 5.291870e-01 5.169492e-01 2.050886e+00 2.653518e+00 4.314182e+00 7.055447e+00 8.730581e+00 4.059081e+00 
51 511 1.028067e+01 0 0 3.967431e+00 5.265046e-01 5.100157e-01 2.085782e+00 2.692732e+00 4.247411e+00 6.983277e+00 8.605316e+00 3.997469e+00 
52 521 9.981106e+00 0 0 3.821735e+00 5.059657e-01 4.955767e-01 1.995327e+00 2.601472e+00 4.052928e+00 6.677962e+00 8.378382e+00 3.856248e+00 
53 531 9.095420e+00 0 0 3.414223e+00 4.562010e-01 4.512733e-01 1.792860e+00 2.384127e+00 3.645585e+00 5.985815e+00 7.534707e+00 3.524954e+00 
54 541 8.839032e+00 0 0 3.316004e+00 4.373726e-01 4.330748e-01 1.773100e+00 2.321143e+00 3.485563e+00 5.837733e+00 7.432062e+00 3.459378e+00 
55 551 8.307561e+00 0 0 3.098575e+00 4.068958e-01 4.032619e-01 1.642458e+00 2.153296e+00 3.230671e+00 5.425658e+00 7.098748e+00 3.215076e+00 
56 561 7.877833e+00 0 0 2.914882e+00 3.793330e-01 3.796032e-01 1.565088e+00 2.025271e+00 3.023865e+00 5.059672e+00 6.838037e+00 3.007496e+00 
57 571 7.628682e+00 0 0 2.773002e+00 3.620632e-01 3.713066e-01 1.501320e+00 1.942556e+00 2.909536e+00 4.813613e+00 6.647804e+00 2.874670e+00 
58 581 7.889580e+00 0 0 3.085128e+00 3.681936e-01 3.895364e-01 1.543850e+00 1.974667e+00 3.015411e+00 4.906239e+00 6.918663e+00 3.031998e+00 
59 591 8.030457e+00 0 0 3.141816e+00 3.678910e-01 3.892393e-01 1.572749e+00 1.999749e+00 3.030041e+00 4.925649e+00 7.024526e+00 3.086035e+00 
60 601 7.632308e+00 0 0 3.007544e+00 3.489901e-01 3.709619e-01 1.472831e+00 1.882966e+00 2.839949e+00 4.591771e+00 6.548013e+00 2.931491e+00 
61 611 6.619416e+00 0 0 2.587203e+00 2.993612e-01 3.162988e-01 1.258360e+00 1.602035e+00 2.462397e+00 3.925036e+00 5.579716e+00 2.503124e+00 
62 621 5.832131e+00 0 0 2.236204e+00 2.614957e-01 2.787164e-01 1.094065e+00 1.392693e+00 2.140189e+00 3.428886e+00 4.837256e+00 2.171040e+00 
63 631 5.894615e+00 0 0 2.281500e+00 2.606182e-01 2.797206e-01 1.147680e+00 1.474093e+00 2.135611e+00 3.499246e+00 4.825602e+00 2.175694e+00 
64 641 5.717161e+00 0 0 2.198306e+00 2.484451e-01 2.716815e-01 1.123258e+00 1.409941e+00 2.059651e+00 3.359456e+00 4.617415e+00 2.104637e+00 
65 651 5.425275e+00 0 0 2.065451e+00 2.330841e-01 2.576844e-01 1.060355e+00 1.338956e+00 1.924960e+00 3.145592e+00 4.397022e+00 1.985875e+00 
66 661 5.732800e+00 0 0 2.202247e+00 2.456319e-01 2.742303e-01 1.119505e+00 1.520292e+00 2.091247e+00 3.343818e+00 4.685106e+00 2.081045e+00 
67 671 6.464321e+00 0 0 2.452643e+00 2.834625e-01 3.255320e-01 1.262200e+00 1.712237e+00 2.413558e+00 3.785147e+00 5.258199e+00 2.314608e+00 
68 681 6.678765e+00 0 0 2.486240e+00 2.902949e-01 3.438184e-01 1.285592e+00 1.742982e+00 2.475262e+00 3.887550e+00 5.445166e+00 2.383163e+00 
69 691 6.183598e+00 0 0 2.264919e+00 2.725819e-01 3.150056e-01 1.178301e+00 1.621704e+00 2.251241e+00 3.548089e+00 5.012388e+00 2.175404e+00 
70 701 6.338272e+00 0 0 2.333550e+00 2.774949e-01 3.211805e-01 1.201188e+00 1.631773e+00 2.372693e+00 3.588316e+00 5.212740e+00 2.187270e+00 
71 711 6.492478e+00 0 0 2.354683e+00 2.831163e-01 3.364991e-01 1.209846e+00 1.653605e+00 2.470033e+00 3.632477e+00 5.238220e+00 2.229427e+00 
72 721 6.555667e+00 0 0 2.332037e+00 2.857548e-01 3.363754e-01 1.202933e+00 1.671805e+00 2.482555e+00 3.633418e+00 5.280496e+00 2.244977e+00 
73 731 6.316106e+00 0 0 2.219241e+00 2.757456e-01 3.249740e-01 1.140380e+00 1.591049e+00 2.376933e+00 3.455733e+00 5.063404e+00 2.137152e+00 
74 741 6.752963e+00 0 0 2.500663e+00 2.951234e-01 3.431657e-01 1.198152e+00 1.734514e+00 2.505392e+00 3.646204e+00 5.372767e+00 2.242987e+00 
75 751 7.059671e+00 0 0 2.644072e+00 3.197629e-01 3.544931e-01 1.240427e+00 1.850865e+00 2.594693e+00 3.753436e+00 5.910476e+00 2.352742e+00 
76 761 6.571368e+00 0 0 2.435070e+00 3.011285e-01 3.272458e-01 1.140503e+00 1.696814e+00 2.377245e+00 3.460115e+00 5.652900e+00 2.183736e+00 
77 771 5.868484e+00 0 0 2.138956e+00 2.643654e-01 2.903217e-01 1.020672e+00 1.517357e+00 2.092349e+00 3.071601e+00 5.030175e+00 1.932540e+00 
78 781 5.068830e+00 0 0 1.820279e+00 2.244022e-01 2.479446e-01 8.657694e-01 1.302619e+00 1.789446e+00 2.617074e+00 4.275017e+00 1.649603e+00 
79 791 4.911621e+00 0 0 1.769278e+00 2.160876e-01 2.465040e-01 8.252951e-01 1.267234e+00 1.712504e+00 2.528430e+00 4.068032e+00 1.573823e+00 
80 801 5.115118e+00 0 0 1.814819e+00 2.215814e-01 2.599868e-01 8.484107e-01 1.361652e+00 1.758743e+00 2.583849e+00 4.199746e+00 1.625452e+00 
81 811 4.944302e+00 0 0 1.732853e+00 2.118596e-01 2.510304e-01 8.055145e-01 1.306984e+00 1.668554e+00 2.468034e+00 4.055223e+00 1.588060e+00 
82 821 5.052667e+00 0 0 1.789562e+00 2.133789e-01 2.560321e-01 8.321315e-01 1.358327e+00 1.766824e+00 2.607287e+00 4.099067e+00 1.593457e+00 
83 831 5.113413e+00 0 0 1.893569e+00 2.131983e-01 2.572673e-01 8.413778e-01 1.384036e+00 1.772574e+00 2.658179e+00 4.109088e+00 1.602107e+00 
84 841 5.160830e+00 0 0 1.896900e+00 2.187991e-01 2.704797e-01 8.463013e-01 1.381659e+00 1.780159e+00 2.674174e+00 4.107888e+00 1.595176e+00 
85 851 5.246992e+00 0 0 1.915192e+00 2.198995e-01 2.765014e-01 8.613400e-01 1.388778e+00 1.782219e+00 2.689273e+00 4.145389e+00 1.683525e+00 
86 861 5.668360e+00 0 0 2.253093e+00 2.347919e-01 2.959657e-01 9.233011e-01 1.477567e+00 1.892354e+00 2.895931e+00 4.488516e+00 1.834413e+00 
87 871 5.547491e+00 0 0 2.264144e+00 2.278143e-01 2.883717e-01 8.978610e-01 1.422669e+00 1.827033e+00 2.802682e+00 4.393696e+00 1.813969e+00 
88 881 5.267808e+00 0 0 2.173727e+00 2.136144e-01 2.701086e-01 8.484811e-01 1.343842e+00 1.714299e+00 2.615022e+00 4.119945e+00 1.708879e+00 
89 891 5.110786e+00 0 0 2.101496e+00 2.064763e-01 2.583327e-01 8.304350e-01 1.289634e+00 1.647663e+00 2.488170e+00 3.974509e+00 1.643258e+00 
90 901 4.815630e+00 0 0 1.961995e+00 1.957061e-01 2.406678e-01 7.922495e-01 1.196803e+00 1.567626e+00 2.341567e+00 3.741508e+00 1.552327e+00 
91 911 4.765949e+00 0 0 1.929250e+00 1.948748e-01 2.367409e-01 7.869063e-01 1.167510e+00 1.556784e+00 2.291252e+00 3.641776e+00 1.546968e+00 
92 921 4.546222e+00 0 0 1.824965e+00 1.825020e-01 2.218694e-01 7.439902e-01 1.103256e+00 1.497454e+00 2.156706e+00 3.679878e+00 1.456839e+00 
93 931 4.562915e+00 0 0 1.817456e+00 1.853693e-01 2.204859e-01 7.361712e-01 1.091244e+00 1.497976e+00 2.126283e+00 3.720436e+00 1.447323e+00 
94 941 4.569903e+00 0 0 1.835806e+00 1.918115e-01 2.166031e-01 7.558226e-01 1.098827e+00 1.493877e+00 2.093608e+00 3.721855e+00 1.423775e+00 
95 951 4.708457e+00 0 0 1.931649e+00 1.961647e-01 2.197487e-01 7.759291e-01 1.112757e+00 1.545069e+00 2.115191e+00 3.783643e+00 1.448865e+00 
96 961 4.286714e+00 0 0 1.769080e+00 1.767909e-01 1.966130e-01 7.000783e-01 9.969234e-01 1.388957e+00 1.895339e+00 3.373274e+00 1.303241e+00 
97 971 4.040214e+00 0 0 1.653765e+00 1.704609e-01 1.829739e-01 6.660446e-01 9.252519e-01 1.291290e+00 1.752541e+00 3.144758e+00 1.232414e+00 
98 981 4.027092e+00 0 0 1.654830e+00 1.681556e-01 1.873985e-01 6.784554e-01 9.155752e-01 1.275114e+00 1.719159e+00 3.117185e+00 1.222985e+00 
99 991 4.053400e+00 0 0 1.647842e+00 1.723303e-01 1.927798e-01 6.836396e-01 9.095479e-01 1.265774e+00 1.712678e+00 3.210865e+00 1.224499e+00 
100 1001 4.026499e+00 0 0 1.608442e+00 1.691962e-01 1.944588e-01 6.738461e-01 8.945107e-01 1.242175e+00 1.668455e+00 3.237625e+00 1.209851e+00 
101 1011 4.274402e+00 0 0 1.725159e+00 1.789058e-01 2.062480e-01 7.053127e-01 9.370193e-01 1.292399e+00 1.734514e+00 3.502476e+00 1.307390e+00 
102 1021 4.532815e+00 0 0 1.803709e+00 1.870038e-01 2.173291e-01 7.558219e-01 9.957650e-01 1.376857e+00 1.814350e+00 3.676841e+00 1.429288e+00 
103 1031 4.469637e+00 0 0 1.768639e+00 1.807828e-01 2.115422e-01 7.394518e-01 9.666220e-01 1.334644e+00 1.757000e+00 3.628027e+00 1.419796e+00 
104 1041 4.463821e+00 0 0 1.767966e+00 1.778968e-01 2.104505e-01 7.280567e-01 9.542615e-01 1.352341e+00 1.718706e+00 3.587006e+00 1.406950e+00 
105 1051 4.267396e+00 0 0 1.698479e+00 1.679624e-01 2.016720e-01 6.935766e-01 9.001493e-01 1.304270e+00 1.617424e+00 3.385455e+00 1.343673e+00 
106 1061 4.238549e+00 0 0 1.749505e+00 1.654615e-01 1.978272e-01 6.754563e-01 9.042478e-01 1.289377e+00 1.576235e+00 3.310499e+00 1.311696e+00 
107 1071 4.426111e+00 0 0 1.804127e+00 1.698716e-01 2.175032e-01 6.931709e-01 9.658294e-01 1.330389e+00 1.613487e+00 3.480514e+00 1.345959e+00 
108 1081 4.419301e+00 0 0 1.775712e+00 1.819017e-01 2.174766e-01 6.928773e-01 9.680420e-01 1.322271e+00 1.592652e+00 3.460896e+00 1.317814e+00 
109 1091 4.248642e+00 0 0 1.706801e+00 1.730052e-01 2.053125e-01 6.634993e-01 9.447243e-01 1.256927e+00 1.509473e+00 3.322066e+00 1.251258e+00 
110 1101 4.483900e+00 0 0 1.770773e+00 1.806338e-01 2.148671e-01 7.341182e-01 9.887530e-01 1.387124e+00 1.588845e+00 3.503398e+00 1.377037e+00 
111 1111 4.189614e+00 0 0 1.626821e+00 1.674851e-01 1.987826e-01 6.797560e-01 9.137351e-01 1.284463e+00 1.461361e+00 3.233104e+00 1.281685e+00 
112 1121 3.974563e+00 0 0 1.536476e+00 1.582669e-01 1.899558e-01 6.338687e-01 8.522955e-01 1.202132e+00 1.359907e+00 3.046138e+00 1.199372e+00 
113 1131 3.942450e+00 0 0 1.609528e+00 1.569099e-01 1.875221e-01 6.243388e-01 8.498205e-01 1.179992e+00 1.324251e+00 3.041380e+00 1.194242e+00 
114 1141 3.814054e+00 0 0 1.573872e+00 1.493462e-01 1.808450e-01 6.002405e-01 8.080361e-01 1.127280e+00 1.256465e+00 2.901472e+00 1.146422e+00 
115 1151 3.771943e+00 0 0 1.547825e+00 1.490366e-01 1.837854e-01 5.866992e-01 7.857110e-01 1.093985e+00 1.217778e+00 2.853824e+00 1.134508e+00 
116 1161 3.803625e+00 0 0 1.620852e+00 1.509364e-01 1.837221e-01 5.938373e-01 8.039678e-01 1.082995e+00 1.206469e+00 2.884551e+00 1.166869e+00 
117 1171 3.431450e+00 0 0 1.456990e+00 1.353312e-01 1.638299e-01 5.267132e-01 7.264875e-01 9.629656e-01 1.068587e+00 2.577494e+00 1.040087e+00 
118 1181 3.215217e+00 0 0 1.358718e+00 1.269212e-01 1.558346e-01 4.951821e-01 6.823538e-01 8.873983e-01 9.827384e-01 2.420949e+00 9.695431e-01 
119 1191 3.196701e+00 0 0 1.325692e+00 1.239499e-01 1.603384e-01 4.882354e-01 6.696523e-01 8.679643e-01 9.605885e-01 2.381262e+00 9.680368e-01 
120 1201 2.858345e+00 0 0 1.167600e+00 1.123595e-01 1.445006e-01 4.352407e-01 5.924963e-01 7.663507e-01 8.479124e-01 2.124067e+00 8.635749e-01 
121 1211 2.519546e+00 0 0 1.019049e+00 9.816107e-02 1.254143e-01 3.822823e-01 5.231417e-01 6.660720e-01 7.380008e-01 1.835626e+00 7.613513e-01 
122 1221 2.550353e+00 0 0 1.016211e+00 9.893422e-02 1.336002e-01 3.875241e-01 5.395689e-01 6.683638e-01 7.366525e-01 1.924073e+00 7.928881e-01 
123 1231 2.486789e+00 0 0 9.783098e-01 9.533769e-02 1.291643e-01 3.704119e-01 5.215423e-01 6.526201e-01 7.056377e-01 1.858345e+00 7.745997e-01 
124 1241 2.492802e+00 0 0 9.618548e-01 9.569733e-02 1.286992e-01 3.665142e-01 5.207356e-01 6.488676e-01 7.059765e-01 1.935901e+00 7.705828e-01 
125 1251 2.367885e+00 0 0 9.064477e-01 9.147582e-02 1.203716e-01 3.426089e-01 4.930678e-01 6.104624e-01 6.580220e-01 1.820586e+00 7.282576e-01 
126 1261 2.305571e+00 0 0 8.718009e-01 8.876142e-02 1.158934e-01 3.281311e-01 4.719164e-01 5.996661e-01 6.335820e-01 1.753220e+00 6.970033e-01 
127 1271 2.228098e+00 0 0 8.411434e-01 8.509955e-02 1.130676e-01 3.156991e-01 4.503093e-01 5.718507e-01 5.997668e-01 1.721929e+00 6.805112e-01 
128 1281 2.146259e+00 0 0 8.105097e-01 8.140675e-02 1.101287e-01 3.043990e-01 4.262661e-01 5.414243e-01 5.681915e-01 1.668705e+00 6.693308e-01 
129 1291 2.156643e+00 0 0 8.011154e-01 8.380949e-02 1.112408e-01 3.033411e-01 4.202912e-01 5.531002e-01 5.650986e-01 1.681115e+00 6.829190e-01 
130 1301 2.153033e+00 0 0 8.049528e-01 8.245123e-02 1.109581e-01 3.061074e-01 4.124913e-01 5.571386e-01 5.536725e-01 1.659936e+00 6.745556e-01 
131 1311 2.062319e+00 0 0 7.765465e-01 7.761891e-02 1.082621e-01 2.886620e-01 3.922821e-01 5.260564e-01 5.193673e-01 1.589047e+00 6.416500e-01 
132 1321 2.038716e+00 0 0 7.627250e-01 7.761335e-02 1.070502e-01 2.801243e-01 3.949611e-01 5.124803e-01 5.032681e-01 1.578359e+00 6.276327e-01 
133 1331 1.929304e+00 0 0 7.224509e-01 7.406063e-02 9.962590e-02 2.684483e-01 3.714871e-01 4.798975e-01 4.721591e-01 1.473454e+00 5.897745e-01 
134 1341 1.934661e+00 0 0 7.326265e-01 7.329909e-02 1.006479e-01 2.653666e-01 3.781216e-01 4.886768e-01 4.658362e-01 1.448034e+00 5.840979e-01 
135 1351 1.926741e+00 0 0 7.482655e-01 7.239856e-02 9.836057e-02 2.597044e-01 3.769861e-01 4.923947e-01 4.549599e-01 1.421839e+00 5.793126e-01 
136 1361 1.859699e+00 0 0 7.457584e-01 6.952329e-02 9.445481e-02 2.469890e-01 3.612731e-01 4.689955e-01 4.312557e-01 1.378654e+00 5.835762e-01 
137 1371 1.974881e+00 0 0 8.001365e-01 7.476240e-02 9.873296e-02 2.580317e-01 3.947692e-01 4.975461e-01 4.505644e-01 1.502195e+00 6.115224e-01 
138 1381 2.056457e+00 0 0 8.308770e-01 7.774415e-02 1.018703e-01 2.737210e-01 4.052478e-01 5.103039e-01 4.615405e-01 1.551165e+00 6.288380e-01 
139 1391 2.058699e+00 0 0 8.165779e-01 7.686592e-02 1.015807e-01 2.736143e-01 4.000343e-01 5.089824e-01 4.531778e-01 1.533628e+00 6.249794e-01 
140 1401 1.901909e+00 0 0 7.415941e-01 6.967332e-02 9.225972e-02 2.493001e-01 3.648467e-01 4.713526e-01 4.113861e-01 1.412971e+00 5.701797e-01 
141 1411 1.824816e+00 0 0 7.066105e-01 6.660237e-02 8.919673e-02 2.356737e-01 3.439454e-01 4.488473e-01 3.876996e-01 1.344076e+00 5.417112e-01 
142 1421 1.790375e+00 0 0 6.822847e-01 6.415260e-02 8.660832e-02 2.310490e-01 3.349965e-01 4.337490e-01 3.738827e-01 1.306346e+00 5.398006e-01 
143 1431 1.784979e+00 0 0 6.735527e-01 6.478351e-02 8.570486e-02 2.304759e-01 3.359437e-01 4.291561e-01 3.672726e-01 1.291739e+00 5.310800e-01 
144 1441 1.751982e+00 0 0 6.555269e-01 6.257886e-02 8.278788e-02 2.284239e-01 3.257370e-01 4.161114e-01 3.555228e-01 1.254042e+00 5.183856e-01 
145 1451 1.715533e+00 0 0 6.386323e-01 6.227520e-02 8.051018e-02 2.249896e-01 3.140704e-01 4.013139e-01 3.422125e-01 1.216185e+00 5.036706e-01 
146 1461 1.741931e+00 0 0 6.394103e-01 6.256265e-02 8.040195e-02 2.308802e-01 3.135489e-01 4.056303e-01 3.414725e-01 1.245262e+00 5.033234e-01 
147 1471 1.640665e+00 0 0 5.931416e-01 5.792656e-02 7.589709e-02 2.149536e-01 2.970619e-01 3.892731e-01 3.163818e-01 1.171964e+00 4.662297e-01 
148 1481 1.536039e+00 0 0 5.531429e-01 5.321143e-02 6.978116e-02 2.012737e-01 2.761349e-01 3.685087e-01 2.917708e-01 1.078779e+00 4.317830e-01 
149 1491 1.402202e+00 0 0 4.999198e-01 4.793988e-02 6.419738e-02 1.824178e-01 2.487075e-01 3.325460e-01 2.622079e-01 9.679598e-01 3.943104e-01 
150 1501 1.277790e+00 0 0 4.579187e-01 4.297857e-02 5.767419e-02 1.645558e-01 2.230093e-01 2.997215e-01 2.353543e-01 8.826460e-01 3.552016e-01 
151 1511 1.336573e+00 0 0 5.185147e-01 4.416869e-02 5.985912e-02 1.715131e-01 2.439154e-01 3.150188e-01 2.411010e-01 9.075632e-01 3.653481e-01 
152 1521 1.245160e+00 0 0 4.833643e-01 4.088077e-02 5.523707e-02 1.572061e-01 2.259606e-01 2.890509e-01 2.204988e-01 8.353836e-01 3.365848e-01 
153 1531 1.185002e+00 0 0 4.529352e-01 3.893085e-02 5.199312e-02 1.467050e-01 2.136573e-01 2.725480e-01 2.059542e-01 7.816315e-01 3.186113e-01 
154 1541 1.100383e+00 0 0 4.170535e-01 3.589322e-02 4.868803e-02 1.369401e-01 1.956430e-01 2.499437e-01 1.889010e-01 7.373210e-01 2.910085e-01 
155 1551 1.025475e+00 0 0 3.858558e-01 3.356012e-02 4.536364e-02 1.266478e-01 1.810258e-01 2.298865e-01 1.743234e-01 6.860028e-01 2.679007e-01 
156 1561 1.038874e+00 0 0 4.230007e-01 3.386594e-02 4.507632e-02 1.265477e-01 1.962083e-01 2.285726e-01 1.769569e-01 6.926218e-01 2.685040e-01 
157 1571 1.024093e+00 0 0 4.137303e-01 3.276346e-02 4.365547e-02 1.231383e-01 1.943966e-01 2.220995e-01 1.722145e-01 6.820512e-01 2.634294e-01 
158 1581 9.537461e-01 0 0 3.834241e-01 3.054390e-02 4.075776e-02 1.135859e-01 1.789917e-01 2.125796e-01 1.589469e-01 6.253797e-01 2.446366e-01 
159 1591 9.419724e-01 0 0 3.787148e-01 2.995893e-02 4.012854e-02 1.113554e-01 1.802071e-01 2.069096e-01 1.544353e-01 6.220108e-01 2.472774e-01 
160 1601 9.163569e-01 0 0 3.631536e-01 2.899142e-02 3.910189e-02 1.081870e-01 1.731008e-01 2.016001e-01 1.490941e-01 6.327580e-01 2.399137e-01 
161 1611 8.259841e-01 0 0 3.253339e-01 2.569680e-02 3.562593e-02 9.589639e-02 1.551339e-01 1.787267e-01 1.326800e-01 5.796819e-01 2.132200e-01 
162 1621 7.615305e-01 0 0 2.990135e-01 2.322461e-02 3.246065e-02 8.735805e-02 1.419424e-01 1.625353e-01 1.223944e-01 5.284843e-01 1.935279e-01 
163 1631 6.902067e-01 0 0 2.684087e-01 2.075931e-02 2.966544e-02 7.779092e-02 1.286643e-01 1.462113e-01 1.093059e-01 4.706419e-01 1.727843e-01 
164 1641 6.981596e-01 0 0 2.667988e-01 2.077029e-02 2.984920e-02 7.897577e-02 1.307102e-01 1.468418e-01 1.088308e-01 4.987479e-01 1.765227e-01 
165 1651 6.812714e-01 0 0 2.571491e-01 1.993744e-02 2.875402e-02 7.606823e-02 1.277208e-01 1.407527e-01 1.042016e-01 4.824111e-01 1.742062e-01 
166 1661 7.679334e-01 0 0 2.868480e-01 2.293503e-02 3.262324e-02 8.572585e-02 1.453042e-01 1.573680e-01 1.160631e-01 5.418309e-01 2.017336e-01 
167 1671 8.023138e-01 0 0 2.946285e-01 2.366620e-02 3.395676e-02 9.077932e-02 1.538308e-01 1.623089e-01 1.205140e-01 5.725617e-01 2.119168e-01 
168 1681 7.561835e-01 0 0 2.740561e-01 2.205114e-02 3.167784e-02 8.402826e-02 1.432707e-01 1.502729e-01 1.118368e-01 5.353118e-01 2.036071e-01 
169 1691 7.335368e-01 0 0 2.614322e-01 2.100449e-02 3.144416e-02 8.246555e-02 1.371674e-01 1.485976e-01 1.075511e-01 5.198790e-01 1.941861e-01 
170 1701 6.636388e-01 0 0 2.323568e-01 1.869793e-02 2.848906e-02 7.481280e-02 1.220248e-01 1.355562e-01 9.677405e-02 4.635008e-01 1.726179e-01 
171 1711 5.906317e-01 0 0 2.070940e-01 1.651707e-02 2.513750e-02 6.552544e-02 1.079863e-01 1.185039e-01 8.529307e-02 4.061886e-01 1.508675e-01 
172 1721 5.912225e-01 0 0 2.037523e-01 1.644654e-02 2.580558e-02 6.554780e-02 1.084549e-01 1.177457e-01 8.416719e-02 4.009909e-01 1.511492e-01 
173 1731 5.908881e-01 0 0 2.027666e-01 1.633724e-02 2.602958e-02 6.529725e-02 1.095628e-01 1.156185e-01 8.389247e-02 3.962704e-01 1.512201e-01 
174 1741 5.711497e-01 0 0 2.006623e-01 1.599079e-02 2.488071e-02 6.245195e-02 1.090695e-01 1.105910e-01 7.981696e-02 3.772100e-01 1.488554e-01 
175 1751 5.615592e-01 0 0 1.977797e-01 1.685377e-02 2.407964e-02 6.096842e-02 1.071994e-01 1.078396e-01 7.728908e-02 3.644359e-01 1.450723e-01 
176 1761 5.297558e-01 0 0 1.850347e-01 1.578841e-02 2.242141e-02 5.805157e-02 1.003924e-01 1.015184e-01 7.197439e-02 3.390334e-01 1.373492e-01 
177 1771 5.144044e-01 0 0 1.791152e-01 1.548924e-02 2.144027e-02 5.723936e-02 9.673974e-02 9.975944e-02 6.964430e-02 3.283434e-01 1.324658e-01 
178 1781 5.181248e-01 0 0 1.780574e-01 1.578374e-02 2.152827e-02 5.788335e-02 9.681413e-02 1.011038e-01 7.156208e-02 3.301929e-01 1.310482e-01 
179 1791 5.226600e-01 0 0 1.774863e-01 1.580791e-02 2.129026e-02 6.050909e-02 9.668016e-02 1.022617e-01 7.334870e-02 3.379262e-01 1.308989e-01 
180 1801 5.383647e-01 0 0 1.814873e-01 1.637181e-02 2.211874e-02 6.179258e-02 1.006928e-01 1.038739e-01 7.595560e-02 3.633128e-01 1.332612e-01 
181 1811 5.484503e-01 0 0 1.862495e-01 1.666397e-02 2.226770e-02 6.230498e-02 1.035814e-01 1.041972e-01 7.781487e-02 3.817111e-01 1.346038e-01 
182 1821 5.831731e-01 0 0 1.951419e-01 1.755884e-02 2.331241e-02 6.845257e-02 1.091890e-01 1.110788e-01 8.280139e-02 4.156169e-01 1.442447e-01 
183 1831 5.462470e-01 0 0 1.801381e-01 1.616930e-02 2.199154e-02 6.418593e-02 1.010903e-01 1.053655e-01 7.723526e-02 3.886926e-01 1.344677e-01 
184 1841 5.124138e-01 0 0 1.714608e-01 1.487832e-02 2.067408e-02 5.946851e-02 9.401345e-02 9.726862e-02 7.136124e-02 3.600999e-01 1.260297e-01 
185 1851 5.250347e-01 0 0 1.725914e-01 1.508143e-02 2.101597e-02 6.141388e-02 9.649226e-02 9.815921e-02 7.214737e-02 3.720101e-01 1.281152e-01 
186 1861 4.971252e-01 0 0 1.633277e-01 1.422944e-02 1.975142e-02 5.743811e-02 9.097875e-02 9.151473e-02 6.705892e-02 3.556981e-01 1.210031e-01 
187 1871 4.924399e-01 0 0 1.590022e-01 1.431390e-02 1.929631e-02 5.628589e-02 8.956481e-02 8.956679e-02 6.515394e-02 3.461394e-01 1.202711e-01 
188 1881 4.774992e-01 0 0 1.559856e-01 1.401651e-02 1.840768e-02 5.503650e-02 8.529930e-02 8.511158e-02 6.293500e-02 3.364396e-01 1.151193e-01 
189 1891 4.729243e-01 0 0 1.561949e-01 1.399335e-02 1.799724e-02 5.421083e-02 8.393367e-02 8.324142e-02 6.110924e-02 3.288747e-01 1.123037e-01 
190 1901 4.652774e-01 0 0 1.575407e-01 1.379516e-02 1.750840e-02 5.419007e-02 8.297803e-02 8.080568e-02 6.138061e-02 3.196151e-01 1.097341e-01 
191 1911 5.012717e-01 0 0 1.779040e-01 1.610169e-02 1.850595e-02 5.760992e-02 9.512140e-02 8.552953e-02 6.530600e-02 3.460694e-01 1.176221e-01 
192 1921 4.939325e-01 0 0 1.748239e-01 1.595715e-02 1.852342e-02 5.591344e-02 9.359692e-02 8.275801e-02 6.341999e-02 3.378408e-01 1.145306e-01 
193 1931 4.811631e-01 0 0 1.686251e-01 1.528328e-02 1.773249e-02 5.488148e-02 9.037258e-02 7.978398e-02 6.115989e-02 3.239700e-01 1.129374e-01 
194 1941 4.892818e-01 0 0 1.693933e-01 1.529573e-02 1.770552e-02 5.660739e-02 9.162646e-02 8.191631e-02 6.555165e-02 3.268882e-01 1.201684e-01 
195 1951 4.914195e-01 0 0 1.684701e-01 1.561166e-02 1.748962e-02 5.616305e-02 9.336878e-02 8.136304e-02 6.557460e-02 3.284737e-01 1.213908e-01 
196 1961 5.184082e-01 0 0 1.783714e-01 1.618137e-02 1.892243e-02 5.968693e-02 1.034683e-01 8.733591e-02 6.883405e-02 3.394776e-01 1.284488e-01 
197 1971 5.140989e-01 0 0 1.776803e-01 1.586369e-02 1.851483e-02 5.999975e-02 1.071459e-01 8.554769e-02 6.817702e-02 3.387146e-01 1.283147e-01 
198 1981 4.792608e-01 0 0 1.627719e-01 1.467444e-02 1.708592e-02 5.772319e-02 9.925109e-02 7.841597e-02 6.460224e-02 3.195821e-01 1.186512e-01 
199 1991 4.293318e-01 0 0 1.432632e-01 1.293579e-02 1.504862e-02 5.099169e-02 8.858157e-02 6.993131e-02 5.730229e-02 2.823088e-01 1.050039e-01 
200 2001 4.475068e-01 0 0 1.506394e-01 1.359391e-02 1.562414e-02 5.573611e-02 9.867429e-02 7.361405e-02 6.234145e-02 2.904849e-01 1.164564e-01 
201 2011 4.509577e-01 0 0 1.541186e-01 1.353355e-02 1.603871e-02 5.589718e-02 9.862185e-02 7.703057e-02 6.335752e-02 3.070156e-01 1.181093e-01 
202 2021 4.990189e-01 0 0 1.674943e-01 1.489651e-02 1.802065e-02 6.104425e-02 1.076974e-01 9.398908e-02 7.056381e-02 3.421583e-01 1.297367e-01 
203 2031 4.900377e-01 0 0 1.634105e-01 1.453113e-02 1.742194e-02 6.056330e-02 1.042685e-01 9.273422e-02 6.877404e-02 3.323452e-01 1.251429e-01 
204 2041 4.851106e-01 0 0 1.630159e-01 1.436987e-02 1.739631e-02 5.960592e-02 1.018520e-01 9.023819e-02 6.702610e-02 3.241756e-01 1.237263e-01 
205 2051 4.747418e-01 0 0 1.618179e-01 1.388071e-02 1.724798e-02 5.778002e-02 1.001988e-01 8.679711e-02 6.454127e-02 3.151339e-01 1.215750e-01 
206 2061 4.721340e-01 0 0 1.637097e-01 1.362483e-02 1.689037e-02 5.848090e-02 1.013106e-01 8.749668e-02 6.368737e-02 3.092914e-01 1.204938e-01 
207 2071 4.922405e-01 0 0 1.695988e-01 1.438693e-02 1.786625e-02 6.133125e-02 1.050183e-01 9.382912e-02 6.524399e-02 3.231375e-01 1.247577e-01 
208 2081 5.081563e-01 0 0 1.773656e-01 1.480232e-02 1.851299e-02 6.329354e-02 1.133801e-01 1.000527e-01 6.666274e-02 3.273994e-01 1.294074e-01 
209 2091 5.159691e-01 0 0 1.772080e-01 1.487510e-02 1.867280e-02 6.337203e-02 1.157441e-01 1.028984e-01 6.668545e-02 3.286930e-01 1.300023e-01 
210 2101 5.425928e-01 0 0 1.857437e-01 1.563446e-02 1.954421e-02 6.538528e-02 1.256473e-01 1.074613e-01 6.955899e-02 3.460070e-01 1.339999e-01 
211 2111 5.406920e-01 0 0 1.931238e-01 1.591892e-02 1.928270e-02 6.489996e-02 1.307753e-01 1.054719e-01 6.911933e-02 3.395659e-01 1.352171e-01 
212 2121 5.177155e-01 0 0 1.844931e-01 1.506041e-02 1.833116e-02 6.164159e-02 1.251247e-01 1.008341e-01 6.555981e-02 3.196503e-01 1.284374e-01 
213 2131 4.920676e-01 0 0 1.733812e-01 1.402330e-02 1.740248e-02 5.795209e-02 1.184420e-01 9.463307e-02 6.114794e-02 3.068031e-01 1.201097e-01 
214 2141 4.854991e-01 0 0 1.756233e-01 1.370137e-02 1.748498e-02 5.640262e-02 1.154151e-01 9.240609e-02 5.925469e-02 3.053766e-01 1.162939e-01 
215 2151 4.316156e-01 0 0 1.568656e-01 1.227741e-02 1.555109e-02 4.969046e-02 1.047519e-01 8.070932e-02 5.217902e-02 2.679542e-01 1.025710e-01 
216 2161 4.134666e-01 0 0 1.495161e-01 1.161399e-02 1.489995e-02 4.688240e-02 9.864728e-02 7.610036e-02 4.960232e-02 2.585824e-01 9.813314e-02 
217 2171 4.235635e-01 0 0 1.531630e-01 1.176499e-02 1.545253e-02 4.781500e-02 1.019119e-01 7.856903e-02 5.022191e-02 2.777559e-01 9.967215e-02 
218 2181 4.721993e-01 0 0 1.677439e-01 1.347034e-02 1.735854e-02 5.264564e-02 1.115181e-01 8.885034e-02 5.521243e-02 3.248497e-01 1.100401e-01 
219 2191 4.870785e-01 0 0 1.710375e-01 1.387365e-02 1.772637e-02 5.418597e-02 1.140766e-01 9.070710e-02 5.676847e-02 3.358475e-01 1.125359e-01 
220 2201 4.843548e-01 0 0 1.672076e-01 1.374330e-02 1.747331e-02 5.308847e-02 1.117437e-01 8.871121e-02 5.626748e-02 3.291997e-01 1.099389e-01 
221 2211 4.744160e-01 0 0 1.626297e-01 1.359558e-02 1.716746e-02 5.209441e-02 1.094125e-01 8.786970e-02 5.530171e-02 3.231831e-01 1.067223e-01 
222 2221 4.716179e-01 0 0 1.588309e-01 1.345482e-02 1.677994e-02 5.163625e-02 1.081072e-01 8.737821e-02 5.445924e-02 3.211714e-01 1.060052e-01 
223 2231 4.867466e-01 0 0 1.651279e-01 1.390219e-02 1.704908e-02 5.420482e-02 1.148184e-01 9.348271e-02 5.786923e-02 3.266587e-01 1.081357e-01 
224 2241 4.820119e-01 0 0 1.627863e-01 1.363931e-02 1.699909e-02 5.282633e-02 1.123798e-01 9.246144e-02 5.639451e-02 3.238290e-01 1.057704e-01 
225 2251 4.475530e-01 0 0 1.508963e-01 1.261941e-02 1.579504e-02 4.990378e-02 1.030413e-01 8.479809e-02 5.202531e-02 2.955717e-01 9.655345e-02 
226 2261 4.554202e-01 0 0 1.547951e-01 1.274879e-02 1.670511e-02 5.108381e-02 1.060925e-01 8.517906e-02 5.246244e-02 3.049977e-01 9.621073e-02 
227 2271 4.482617e-01 0 0 1.531876e-01 1.278659e-02 1.639200e-02 4.989479e-02 1.025499e-01 8.240680e-02 5.084842e-02 2.966728e-01 9.401270e-02 
228 2281 4.245475e-01 0 0 1.439212e-01 1.199860e-02 1.546749e-02 4.794667e-02 9.557358e-02 7.673831e-02 4.780739e-02 2.842000e-01 8.738800e-02 
229 2291 4.242538e-01 0 0 1.419736e-01 1.178720e-02 1.556710e-02 4.795694e-02 9.731580e-02 7.669211e-02 4.810155e-02 2.799164e-01 8.565348e-02 
230 2301 3.997299e-01 0 0 1.317784e-01 1.088034e-02 1.478748e-02 4.471665e-02 9.109399e-02 7.077823e-02 4.485424e-02 2.607168e-01 7.907905e-02 
231 2311 3.696699e-01 0 0 1.221197e-01 9.923407e-03 1.376219e-02 4.070746e-02 8.447974e-02 6.581252e-02 4.061470e-02 2.418518e-01 7.228135e-02 
232 2321 3.881215e-01 0 0 1.334408e-01 1.024109e-02 1.422610e-02 4.391587e-02 8.763016e-02 6.794393e-02 4.609903e-02 2.509063e-01 7.522952e-02 
233 2331 4.051061e-01 0 0 1.397979e-01 1.070045e-02 1.455379e-02 4.624695e-02 9.253317e-02 7.190444e-02 4.889286e-02 2.596770e-01 7.794357e-02 
234 2341 3.897551e-01 0 0 1.334732e-01 1.021092e-02 1.374188e-02 4.457752e-02 8.872187e-02 6.959449e-02 4.695597e-02 2.459355e-01 7.469307e-02 
235 2351 4.029288e-01 0 0 1.370759e-01 1.108644e-02 1.431720e-02 4.731376e-02 9.047963e-02 7.194338e-02 4.818798e-02 2.514756e-01 7.655832e-02 
236 2361 3.769614e-01 0 0 1.260896e-01 1.027086e-02 1.326293e-02 4.382130e-02 8.499019e-02 6.653637e-02 4.482764e-02 2.330908e-01 7.239893e-02 
237 2371 3.628327e-01 0 0 1.195231e-01 9.903672e-03 1.289392e-02 4.172666e-02 8.040303e-02 6.445626e-02 4.263920e-02 2.316647e-01 6.894544e-02 
238 2381 3.573870e-01 0 0 1.207073e-01 9.803235e-03 1.273967e-02 4.074355e-02 7.791601e-02 6.264182e-02 4.143221e-02 2.294311e-01 6.843649e-02 
239 2391 3.549676e-01 0 0 1.207436e-01 9.849661e-03 1.270789e-02 4.077664e-02 7.715636e-02 6.230321e-02 4.063612e-02 2.333323e-01 6.705837e-02 
240 2401 3.346477e-01 0 0 1.145043e-01 9.222523e-03 1.179382e-02 3.778826e-02 7.270023e-02 6.032389e-02 3.828537e-02 2.168191e-01 6.310745e-02 
241 2411 3.259637e-01 0 0 1.108323e-01 8.940386e-03 1.130640e-02 3.725698e-02 7.010632e-02 5.865427e-02 3.746340e-02 2.096824e-01 6.156861e-02 
242 2421 3.037462e-01 0 0 1.025444e-01 8.392512e-03 1.051088e-02 3.427942e-02 6.453201e-02 5.405750e-02 3.453968e-02 1.932679e-01 5.692481e-02 
243 2431 2.804223e-01 0 0 9.300412e-02 7.643534e-03 9.769647e-03 3.108720e-02 5.937627e-02 4.949578e-02 3.138046e-02 1.777483e-01 5.222348e-02 
244 2441 2.892878e-01 0 0 9.473167e-02 7.801450e-03 1.011127e-02 3.284028e-02 6.095756e-02 5.046345e-02 3.183525e-02 1.932801e-01 5.362882e-02 
245 2451 3.111702e-01 0 0 1.029779e-01 8.236429e-03 1.077744e-02 3.477114e-02 6.464875e-02 5.471881e-02 3.356690e-02 2.096071e-01 5.721832e-02 
246 2461 2.942527e-01 0 0 9.653941e-02 7.847099e-03 1.002589e-02 3.252578e-02 6.021762e-02 5.176532e-02 3.129279e-02 1.964123e-01 5.331250e-02 
247 2471 2.898264e-01 0 0 9.334451e-02 7.855691e-03 9.739537e-03 3.142985e-02 5.847695e-02 5.011228e-02 3.021578e-02 1.905598e-01 5.200219e-02 
248 2481 2.798260e-01 0 0 8.976146e-02 7.550177e-03 9.289276e-03 3.090197e-02 5.580209e-02 4.937331e-02 2.901372e-02 1.813182e-01 5.021793e-02 
249 2491 2.708837e-01 0 0 8.647127e-02 7.201304e-03 8.870229e-03 2.954595e-02 5.295508e-02 4.728677e-02 2.779079e-02 1.732081e-01 4.842199e-02 
250 2501 2.802532e-01 0 0 8.887121e-02 7.383174e-03 9.636946e-03 3.016026e-02 5.474503e-02 4.831032e-02 2.842207e-02 1.905261e-01 5.156225e-02 
251 2511 2.871515e-01 0 0 9.008104e-02 7.569213e-03 9.857497e-03 3.046398e-02 5.591152e-02 5.039478e-02 2.903046e-02 1.972861e-01 5.350861e-02 
252 2521 2.937511e-01 0 0 9.066901e-02 7.629189e-03 9.936355e-03 3.196903e-02 5.688389e-02 5.098578e-02 3.002514e-02 2.006722e-01 5.439946e-02 
253 2531 3.102242e-01 0 0 9.547230e-02 7.999718e-03 1.063272e-02 3.330741e-02 6.125048e-02 5.304963e-02 3.114939e-02 2.087794e-01 5.761606e-02 
254 2541 2.896667e-01 0 0 9.008168e-02 7.326833e-03 9.948547e-03 3.085065e-02 5.883245e-02 4.930161e-02 2.878322e-02 1.918681e-01 5.315911e-02 
255 2551 2.984067e-01 0 0 9.144687e-02 7.498712e-03 1.012903e-02 3.215023e-02 6.124993e-02 5.018315e-02 2.917038e-02 1.966877e-01 5.620388e-02 
256 2561 2.832098e-01 0 0 8.538155e-02 7.003364e-03 9.453150e-03 3.074047e-02 5.763627e-02 4.696842e-02 2.756138e-02 1.848226e-01 5.268144e-02 
257 2571 2.764489e-01 0 0 8.212966e-02 6.783958e-03 9.142859e-03 2.979187e-02 5.571181e-02 4.550233e-02 2.655688e-02 1.841766e-01 5.043632e-02 
258 2581 2.685605e-01 0 0 7.857739e-02 6.468693e-03 8.839214e-03 2.891227e-02 5.388380e-02 4.362081e-02 2.554767e-02 1.758575e-01 4.850963e-02 
259 2591 2.737568e-01 0 0 7.996933e-02 6.528544e-03 8.970491e-03 2.962043e-02 5.617971e-02 4.434822e-02 2.611907e-02 1.778765e-01 4.975980e-02 
260 2601 2.846815e-01 0 0 8.474447e-02 6.696586e-03 9.395807e-03 3.036982e-02 6.067804e-02 4.610661e-02 2.678402e-02 1.824727e-01 5.511861e-02 
261 2611 2.654699e-01 0 0 7.842037e-02 6.171247e-03 8.663535e-03 2.792566e-02 5.649420e-02 4.308110e-02 2.486440e-02 1.677722e-01 5.174054e-02 
262 2621 2.537643e-01 0 0 7.515819e-02 5.821885e-03 8.150872e-03 2.649853e-02 5.358425e-02 4.094960e-02 2.405673e-02 1.592893e-01 4.912749e-02 
263 2631 2.424589e-01 0 0 7.102969e-02 5.457084e-03 7.684722e-03 2.576022e-02 5.036888e-02 3.872569e-02 2.329098e-02 1.504017e-01 4.608028e-02 
264 2641 2.398778e-01 0 0 6.987840e-02 5.306719e-03 7.551726e-03 2.512411e-02 5.030680e-02 3.923552e-02 2.303745e-02 1.475210e-01 4.501722e-02 
265 2651 2.340111e-01 0 0 6.849309e-02 5.087079e-03 7.511144e-03 2.456046e-02 5.001922e-02 3.791160e-02 2.286195e-02 1.444243e-01 4.310741e-02 
266 2661 2.450420e-01 0 0 7.418658e-02 5.295314e-03 7.741004e-03 2.542625e-02 5.540200e-02 4.017831e-02 2.350416e-02 1.493163e-01 4.433089e-02 
267 2671 2.539240e-01 0 0 7.972330e-02 5.393476e-03 7.964375e-03 2.585378e-02 6.019912e-02 4.141950e-02 2.392743e-02 1.549403e-01 4.622561e-02 
268 2681 2.327912e-01 0 0 7.302645e-02 4.869546e-03 7.220988e-03 2.334439e-02 5.476217e-02 3.730365e-02 2.153770e-02 1.394804e-01 4.216822e-02 
269 2691 2.337540e-01 0 0 7.235086e-02 4.873138e-03 7.417048e-03 2.317386e-02 5.405344e-02 3.711962e-02 2.141755e-02 1.463164e-01 4.160712e-02 
270 2701 2.521397e-01 0 0 7.777733e-02 5.252355e-03 8.138846e-03 2.460047e-02 5.952641e-02 4.340451e-02 2.375234e-02 1.606821e-01 4.452305e-02 
271 2711 2.610093e-01 0 0 8.020891e-02 5.337206e-03 8.540962e-03 2.511610e-02 6.078382e-02 4.638303e-02 2.428396e-02 1.669881e-01 4.546545e-02 
272 2721 2.627496e-01 0 0 8.164660e-02 5.279644e-03 8.710774e-03 2.491294e-02 6.255297e-02 4.737265e-02 2.418660e-02 1.737408e-01 4.654370e-02 
273 2731 2.495122e-01 0 0 7.632149e-02 5.051476e-03 8.288871e-03 2.395787e-02 6.120500e-02 4.587952e-02 2.322780e-02 1.635764e-01 4.461580e-02 
274 2741 2.337515e-01 0 0 7.128931e-02 4.902916e-03 7.801077e-03 2.231843e-02 5.665562e-02 4.272629e-02 2.171401e-02 1.510586e-01 4.112512e-02 
275 2751 2.187221e-01 0 0 6.558770e-02 4.530166e-03 7.249087e-03 2.054792e-02 5.217694e-02 3.937629e-02 1.998266e-02 1.398242e-01 3.782101e-02 
276 2761 2.189057e-01 0 0 6.697259e-02 4.465821e-03 7.178543e-03 2.047254e-02 5.179748e-02 4.056891e-02 1.992181e-02 1.384625e-01 3.757440e-02 
277 2771 2.079563e-01 0 0 6.289517e-02 4.224295e-03 6.716314e-03 1.939048e-02 4.848306e-02 3.841464e-02 1.858876e-02 1.304592e-01 3.540347e-02 
278 2781 1.886633e-01 0 0 5.615507e-02 3.771700e-03 5.985737e-03 1.759784e-02 4.322438e-02 3.427941e-02 1.692190e-02 1.176706e-01 3.150811e-02 
279 2791 1.676818e-01 0 0 4.912903e-02 3.321632e-03 5.308422e-03 1.543302e-02 3.776410e-02 3.041492e-02 1.496475e-02 1.035628e-01 2.753337e-02 
280 2801 1.574773e-01 0 0 4.539035e-02 3.074705e-03 4.900803e-03 1.440966e-02 3.493416e-02 2.825083e-02 1.379990e-02 9.641106e-02 2.585848e-02 
281 2811 1.457496e-01 0 0 4.188820e-02 2.836264e-03 4.634788e-03 1.367686e-02 3.172430e-02 2.577455e-02 1.271157e-02 8.989867e-02 2.375980e-02 
282 2821 1.502033e-01 0 0 4.387575e-02 3.001513e-03 4.777518e-03 1.382830e-02 3.372717e-02 2.620904e-02 1.289456e-02 9.170043e-02 2.414574e-02 
283 2831 1.629264e-01 0 0 4.755572e-02 3.440328e-03 5.266682e-03 1.515119e-02 3.738350e-02 2.809990e-02 1.435653e-02 9.893661e-02 2.704407e-02 
284 2841 1.730422e-01 0 0 5.003120e-02 3.697956e-03 5.667039e-03 1.587666e-02 4.008914e-02 2.968266e-02 1.504819e-02 1.063805e-01 2.860871e-02 
285 2851 1.921682e-01 0 0 5.526900e-02 4.281225e-03 6.293778e-03 1.802283e-02 4.446002e-02 3.237377e-02 1.701654e-02 1.187781e-01 3.274532e-02 
286 2861 1.927769e-01 0 0 5.478000e-02 4.309740e-03 6.236862e-03 1.787221e-02 4.439920e-02 3.226969e-02 1.709161e-02 1.186039e-01 3.280407e-02 
287 2871 1.920830e-01 0 0 5.425274e-02 4.286862e-03 6.152876e-03 1.769574e-02 4.406066e-02 3.181001e-02 1.681806e-02 1.167955e-01 3.210539e-02 
288 2881 1.854148e-01 0 0 5.199044e-02 4.220447e-03 6.053762e-03 1.689078e-02 4.176611e-02 3.083174e-02 1.596078e-02 1.160417e-01 3.044280e-02 
289 2891 1.793252e-01 0 0 4.937734e-02 4.090558e-03 5.892423e-03 1.619727e-02 3.965340e-02 2.938543e-02 1.512812e-02 1.163013e-01 2.905226e-02 
290 2901 1.761867e-01 0 0 4.913093e-02 4.007006e-03 5.862517e-03 1.569264e-02 3.917688e-02 2.918634e-02 1.472175e-02 1.160572e-01 2.870482e-02 
291 2911 1.687424e-01 0 0 4.819870e-02 3.838625e-03 5.650344e-03 1.506751e-02 3.704165e-02 2.776193e-02 1.401791e-02 1.110589e-01 2.701870e-02 
292 2921 1.621251e-01 0 0 4.754015e-02 3.673178e-03 5.556063e-03 1.432527e-02 3.497541e-02 2.649920e-02 1.326153e-02 1.066280e-01 2.643651e-02 
293 2931 1.593266e-01 0 0 4.655193e-02 3.560152e-03 5.472960e-03 1.394414e-02 3.416517e-02 2.625943e-02 1.295972e-02 1.053616e-01 2.563982e-02 
294 2941 1.650344e-01 0 0 4.734851e-02 3.651408e-03 5.562714e-03 1.442980e-02 3.525589e-02 2.786500e-02 1.330265e-02 1.079071e-01 2.614295e-02 
295 2951 1.700989e-01 0 0 4.802379e-02 3.718480e-03 5.746868e-03 1.463443e-02 3.568981e-02 2.857149e-02 1.378982e-02 1.109808e-01 2.675373e-02 
296 2961 1.671742e-01 0 0 4.677855e-02 3.636852e-03 5.654732e-03 1.418537e-02 3.448758e-02 2.771211e-02 1.342899e-02 1.078486e-01 2.600820e-02 
297 2971 1.565261e-01 0 0 4.302405e-02 3.463926e-03 5.273642e-03 1.308214e-02 3.237007e-02 2.561559e-02 1.241058e-02 9.961877e-02 2.409261e-02 
298 2981 1.592826e-01 0 0 4.347113e-02 3.545375e-03 5.338448e-03 1.321500e-02 3.340918e-02 2.610644e-02 1.246778e-02 1.015401e-01 2.407778e-02 
299 2991 1.708433e-01 0 0 4.577962e-02 3.759022e-03 5.654394e-03 1.406363e-02 3.601214e-02 2.747321e-02 1.332267e-02 1.075871e-01 2.551076e-02 
300 3001 1.692672e-01 0 0 4.697553e-02 3.705904e-03 5.575740e-03 1.377378e-02 3.717372e-02 2.747413e-02 1.297207e-02 1.065221e-01 2.568814e-02 
301 3011 1.606982e-01 0 0 4.408302e-02 3.486139e-03 5.286010e-03 1.283596e-02 3.523192e-02 2.629541e-02 1.271005e-02 1.000111e-01 2.453390e-02 
302 3021 1.526308e-01 0 0 4.194553e-02 3.249043e-03 5.044010e-03 1.227083e-02 3.298640e-02 2.481118e-02 1.231016e-02 9.487117e-02 2.296964e-02 
303 3031 1.532273e-01 0 0 4.219613e-02 3.273274e-03 5.005910e-03 1.243364e-02 3.275853e-02 2.443442e-02 1.247742e-02 9.427073e-02 2.267768e-02 
304 3041 1.611675e-01 0 0 4.605279e-02 3.502261e-03 5.246233e-03 1.317606e-02 3.682418e-02 2.570972e-02 1.307555e-02 9.883412e-02 2.347295e-02 
305 3051 1.859431e-01 0 0 5.886905e-02 4.052078e-03 6.754649e-03 1.684535e-02 4.350278e-02 3.046985e-02 1.541250e-02 1.163908e-01 2.662917e-02 
306 3061 1.872242e-01 0 0 6.082229e-02 4.074815e-03 6.808091e-03 1.698909e-02 4.453521e-02 3.173834e-02 1.543996e-02 1.167009e-01 2.671684e-02 
307 3071 1.958602e-01 0 0 6.356494e-02 4.215670e-03 7.042258e-03 1.746189e-02 4.683239e-02 3.408677e-02 1.588244e-02 1.203788e-01 2.861785e-02 
308 3081 2.054158e-01 0 0 6.765330e-02 4.496353e-03 7.453269e-03 1.836924e-02 4.894660e-02 3.589012e-02 1.656032e-02 1.275444e-01 3.020576e-02 
309 3091 1.956155e-01 0 0 6.356688e-02 4.248210e-03 6.999880e-03 1.717638e-02 4.604140e-02 3.422869e-02 1.550289e-02 1.201858e-01 2.860555e-02 
310 3101 1.795819e-01 0 0 5.759484e-02 3.866436e-03 6.370039e-03 1.560006e-02 4.157387e-02 3.099050e-02 1.394106e-02 1.084900e-01 2.619136e-02 
311 3111 1.721836e-01 0 0 5.536325e-02 3.737609e-03 6.121920e-03 1.506965e-02 3.939000e-02 2.942969e-02 1.341016e-02 1.020792e-01 2.495515e-02 
312 3121 1.810885e-01 0 0 5.758059e-02 3.912411e-03 6.376455e-03 1.565240e-02 4.142247e-02 3.191209e-02 1.435563e-02 1.070866e-01 2.756428e-02 
313 3131 1.856683e-01 0 0 5.862449e-02 3.983386e-03 6.540775e-03 1.663604e-02 4.187500e-02 3.267291e-02 1.473581e-02 1.079665e-01 2.875374e-02 
314 3141 1.950393e-01 0 0 6.310188e-02 4.379592e-03 6.807178e-03 1.733339e-02 4.635932e-02 3.518399e-02 1.534198e-02 1.134005e-01 2.989841e-02 
315 3151 1.810498e-01 0 0 5.771700e-02 4.209305e-03 6.243458e-03 1.592955e-02 4.270253e-02 3.256215e-02 1.398143e-02 1.050508e-01 2.741485e-02 
316 3161 1.793124e-01 0 0 5.790403e-02 4.258793e-03 6.080674e-03 1.562962e-02 4.387043e-02 3.223351e-02 1.362409e-02 1.024871e-01 2.688198e-02 
317 3171 1.816407e-01 0 0 5.811600e-02 4.326317e-03 6.163109e-03 1.615911e-02 4.441430e-02 3.212974e-02 1.393079e-02 1.031800e-01 2.705427e-02 
318 3181 1.746903e-01 0 0 5.675139e-02 4.150189e-03 5.974784e-03 1.558539e-02 4.242949e-02 3.064839e-02 1.333933e-02 9.835968e-02 2.577202e-02 
319 3191 1.723723e-01 0 0 5.576760e-02 4.084971e-03 5.783695e-03 1.507651e-02 4.202150e-02 3.028334e-02 1.305799e-02 9.529743e-02 2.553231e-02 
320 3201 1.719885e-01 0 0 5.530924e-02 4.134624e-03 5.660521e-03 1.496245e-02 4.326216e-02 3.080007e-02 1.327947e-02 9.325506e-02 2.536347e-02 
321 3211 1.669503e-01 0 0 5.319669e-02 4.016385e-03 5.534471e-03 1.476268e-02 4.181001e-02 2.975293e-02 1.290907e-02 8.956907e-02 2.445243e-02 
322 3221 1.520164e-01 0 0 4.783383e-02 3.611338e-03 4.950349e-03 1.326088e-02 3.779416e-02 2.718116e-02 1.172902e-02 8.045063e-02 2.203247e-02 
323 3231 1.558472e-01 0 0 4.942239e-02 3.689019e-03 5.129136e-03 1.389035e-02 3.832493e-02 2.741393e-02 1.268487e-02 8.173787e-02 2.279881e-02 
324 3241 1.484202e-01 0 0 4.671726e-02 3.476084e-03 4.872001e-03 1.316567e-02 3.672852e-02 2.624753e-02 1.242359e-02 7.647082e-02 2.190684e-02 
325 3251 1.445273e-01 0 0 4.521173e-02 3.389346e-03 4.692086e-03 1.281810e-02 3.541984e-02 2.564101e-02 1.219492e-02 7.352566e-02 2.149329e-02 
326 3261 1.448175e-01 0 0 4.522393e-02 3.439702e-03 4.643832e-03 1.262298e-02 3.617665e-02 2.539542e-02 1.211176e-02 7.281817e-02 2.127064e-02 
327 3271 1.457355e-01 0 0 4.483336e-02 3.463126e-03 4.661729e-03 1.262364e-02 3.604514e-02 2.526591e-02 1.206672e-02 7.332867e-02 2.119004e-02 
328 3281 1.353832e-01 0 0 4.093945e-02 3.196012e-03 4.409787e-03 1.175124e-02 3.302780e-02 2.322852e-02 1.116773e-02 6.945770e-02 1.939422e-02 
329 3291 1.314365e-01 0 0 3.940754e-02 3.150037e-03 4.235489e-03 1.121597e-02 3.152166e-02 2.235555e-02 1.065009e-02 6.674995e-02 1.856815e-02 
330 3301 1.353457e-01 0 0 4.213880e-02 3.321543e-03 4.397589e-03 1.179390e-02 3.302473e-02 2.339410e-02 1.100466e-02 7.077083e-02 1.896758e-02 
331 3311 1.399774e-01 0 0 4.357403e-02 3.424115e-03 4.590911e-03 1.205295e-02 3.363385e-02 2.426304e-02 1.131494e-02 7.561789e-02 1.947791e-02 
332 3321 1.393180e-01 0 0 4.302920e-02 3.361373e-03 4.626360e-03 1.208240e-02 3.296753e-02 2.419240e-02 1.106209e-02 7.646101e-02 1.921416e-02 
333 3331 1.322857e-01 0 0 4.076753e-02 3.141317e-03 4.368707e-03 1.142061e-02 3.121359e-02 2.302935e-02 1.029584e-02 7.192815e-02 1.821712e-02 
334 3341 1.288739e-01 0 0 3.969465e-02 3.141131e-03 4.212983e-03 1.098489e-02 3.028465e-02 2.242005e-02 9.861534e-03 6.906135e-02 1.756627e-02 
335 3351 1.226114e-01 0 0 3.794663e-02 3.019232e-03 4.034039e-03 1.035643e-02 2.905585e-02 2.148268e-02 9.313342e-03 6.579009e-02 1.667528e-02 
336 3361 1.137441e-01 0 0 3.485035e-02 2.753709e-03 3.685900e-03 9.421309e-03 2.664718e-02 1.957927e-02 8.486519e-03 5.998976e-02 1.567701e-02 
337 3371 1.030948e-01 0 0 3.134417e-02 2.478760e-03 3.344058e-03 8.468809e-03 2.397158e-02 1.754328e-02 7.677179e-03 5.375646e-02 1.409440e-02 
338 3381 9.441681e-02 0 0 2.910674e-02 2.333529e-03 3.045259e-03 7.616496e-03 2.274479e-02 1.607082e-02 6.953237e-03 4.905705e-02 1.271765e-02 
339 3391 9.280671e-02 0 0 2.872776e-02 2.343198e-03 2.955936e-03 7.386633e-03 2.216628e-02 1.560826e-02 6.772123e-03 4.767288e-02 1.227104e-02 
340 3401 8.867201e-02 0 0 2.717811e-02 2.223597e-03 2.833869e-03 7.060650e-03 2.107186e-02 1.463566e-02 6.401021e-03 4.556995e-02 1.155117e-02 
341 3411 8.397251e-02 0 0 2.524509e-02 2.111483e-03 2.650727e-03 6.594016e-03 1.975756e-02 1.365797e-02 6.043328e-03 4.281282e-02 1.073976e-02 
342 3421 8.472576e-02 0 0 2.544464e-02 2.118821e-03 2.635284e-03 6.628533e-03 1.985904e-02 1.370371e-02 6.157263e-03 4.273723e-02 1.078293e-02 
343 3431 8.654212e-02 0 0 2.596274e-02 2.128953e-03 2.680218e-03 6.643759e-03 1.995739e-02 1.383386e-02 6.462521e-03 4.294174e-02 1.089159e-02 
344 3441 9.192732e-02 0 0 2.753511e-02 2.223415e-03 2.968902e-03 7.299998e-03 2.100863e-02 1.461142e-02 7.465896e-03 4.642256e-02 1.191261e-02 
345 3451 9.691948e-02 0 0 2.974928e-02 2.303792e-03 3.176318e-03 7.816904e-03 2.306367e-02 1.656622e-02 8.075069e-03 4.909396e-02 1.250355e-02 
346 3461 9.020036e-02 0 0 2.725388e-02 2.105497e-03 2.908388e-03 7.136165e-03 2.135296e-02 1.537288e-02 7.459751e-03 4.511081e-02 1.147629e-02 
347 3471 9.522874e-02 0 0 2.850055e-02 2.182130e-03 3.043729e-03 7.425790e-03 2.220658e-02 1.631123e-02 7.904623e-03 4.809185e-02 1.190166e-02 
348 3481 1.047172e-01 0 0 3.112181e-02 2.395251e-03 3.377068e-03 8.125871e-03 2.411608e-02 1.787728e-02 8.870949e-03 5.301749e-02 1.307520e-02 
349 3491 1.097374e-01 0 0 3.227109e-02 2.479614e-03 3.524217e-03 8.603999e-03 2.514228e-02 1.880515e-02 9.686914e-03 5.572305e-02 1.428156e-02 
350 3501 1.078972e-01 0 0 3.178937e-02 2.409608e-03 3.475203e-03 8.661149e-03 2.433823e-02 1.826375e-02 9.558203e-03 5.396669e-02 1.401475e-02 
351 3511 1.087297e-01 0 0 3.217922e-02 2.383616e-03 3.486220e-03 9.117915e-03 2.411658e-02 1.807527e-02 1.002281e-02 5.331299e-02 1.400393e-02 
352 3521 1.057763e-01 0 0 3.267572e-02 2.307690e-03 3.414192e-03 9.064127e-03 2.424111e-02 1.804691e-02 9.687459e-03 5.177091e-02 1.341156e-02 
353 3531 1.025234e-01 0 0 3.272627e-02 2.269667e-03 3.484642e-03 8.850702e-03 2.407239e-02 1.742393e-02 9.416451e-03 5.202156e-02 1.306873e-02 
354 3541 9.747473e-02 0 0 3.060573e-02 2.120381e-03 3.319512e-03 8.480964e-03 2.282334e-02 1.642674e-02 9.119785e-03 4.901961e-02 1.229745e-02 
355 3551 9.203935e-02 0 0 2.872915e-02 2.001111e-03 3.085782e-03 7.907755e-03 2.193130e-02 1.536930e-02 8.519501e-03 4.558339e-02 1.168738e-02 
356 3561 8.884987e-02 0 0 2.745436e-02 1.911889e-03 2.940582e-03 7.554064e-03 2.139118e-02 1.466248e-02 8.177971e-03 4.321663e-02 1.129338e-02 
357 3571 8.787161e-02 0 0 2.676617e-02 1.874688e-03 2.900690e-03 7.501925e-03 2.092421e-02 1.458377e-02 8.061109e-03 4.238068e-02 1.115637e-02 
358 3581 8.201453e-02 0 0 2.512301e-02 1.743207e-03 2.677012e-03 6.876642e-03 1.961138e-02 1.360915e-02 7.374755e-03 3.938859e-02 1.032250e-02 
359 3591 7.766888e-02 0 0 2.362062e-02 1.622869e-03 2.500155e-03 6.428501e-03 1.832667e-02 1.298108e-02 7.019466e-03 3.673849e-02 1.003974e-02 
360 3601 8.670847e-02 0 0 2.752782e-02 1.852473e-03 2.898745e-03 7.639764e-03 2.024733e-02 1.435227e-02 8.301349e-03 4.065872e-02 1.242361e-02 
361 3611 9.965876e-02 0 0 3.256058e-02 2.258602e-03 3.369103e-03 8.990242e-03 2.314370e-02 1.657890e-02 9.518363e-03 4.605393e-02 1.479176e-02 
362 3621 9.957309e-02 0 0 3.258738e-02 2.264394e-03 3.351190e-03 9.068152e-03 2.338720e-02 1.625847e-02 9.541068e-03 4.536079e-02 1.476898e-02 
363 3631 1.011275e-01 0 0 3.251311e-02 2.256886e-03 3.366245e-03 9.037238e-03 2.361785e-02 1.633717e-02 9.595699e-03 4.546057e-02 1.476943e-02 
364 3641 1.053528e-01 0 0 3.399404e-02 2.353165e-03 3.577656e-03 9.264123e-03 2.422074e-02 1.685467e-02 9.821637e-03 4.791979e-02 1.520970e-02 
365 3651 1.090716e-01 0 0 3.552552e-02 2.509011e-03 3.757056e-03 9.507951e-03 2.510092e-02 1.778411e-02 1.007880e-02 4.950875e-02 1.564310e-02 
366 3661 1.068258e-01 0 0 3.447846e-02 2.488290e-03 3.643013e-03 9.175546e-03 2.433656e-02 1.742943e-02 9.869124e-03 4.785361e-02 1.503158e-02 
367 3671 1.015010e-01 0 0 3.259225e-02 2.371482e-03 3.428253e-03 8.572118e-03 2.305208e-02 1.644318e-02 9.274492e-03 4.506514e-02 1.416823e-02 
368 3681 9.949733e-02 0 0 3.158899e-02 2.303490e-03 3.301977e-03 8.259644e-03 2.223754e-02 1.589706e-02 8.946664e-03 4.363421e-02 1.369448e-02 
369 3691 9.953179e-02 0 0 3.232417e-02 2.295345e-03 3.293558e-03 8.326030e-03 2.214047e-02 1.617707e-02 8.964217e-03 4.336075e-02 1.379804e-02 
370 3701 9.028349e-02 0 0 2.953220e-02 2.064185e-03 2.950191e-03 7.524577e-03 2.054193e-02 1.495259e-02 8.077182e-03 3.875946e-02 1.249524e-02 
371 3711 8.695459e-02 0 0 2.955510e-02 2.010285e-03 2.820486e-03 7.293670e-03 2.008995e-02 1.441906e-02 7.697509e-03 3.705969e-02 1.186871e-02 
372 3721 7.361117e-02 0 0 2.552671e-02 1.703358e-03 2.397633e-03 6.199945e-03 1.698182e-02 1.208074e-02 6.510197e-03 3.119806e-02 9.976309e-03 
373 3731 6.810241e-02 0 0 2.331042e-02 1.553834e-03 2.192367e-03 5.674813e-03 1.543904e-02 1.097690e-02 5.960525e-03 2.863195e-02 9.111101e-03 
374 3741 6.528860e-02 0 0 2.224908e-02 1.497897e-03 2.101295e-03 5.559026e-03 1.459017e-02 1.033425e-02 5.783476e-03 2.708962e-02 8.979086e-03 
375 3751 6.310435e-02 0 0 2.122332e-02 1.468457e-03 2.002336e-03 5.290242e-03 1.393404e-02 1.000142e-02 5.611424e-03 2.569223e-02 8.817043e-03 
376 3761 6.173205e-02 0 0 2.077942e-02 1.414609e-03 1.940389e-03 5.247885e-03 1.384364e-02 9.795644e-03 5.484189e-03 2.474230e-02 8.533102e-03 
377 3771 6.166015e-02 0 0 2.055190e-02 1.446900e-03 1.915210e-03 5.169258e-03 1.364961e-02 9.616356e-03 5.407088e-03 2.431865e-02 8.380972e-03 
378 3781 6.127072e-02 0 0 2.051414e-02 1.472621e-03 1.877042e-03 5.179590e-03 1.361125e-02 9.487793e-03 5.286191e-03 2.374343e-02 8.193828e-03 
379 3791 6.556353e-02 0 0 2.167932e-02 1.551292e-03 1.982464e-03 5.546196e-03 1.432677e-02 1.041735e-02 5.739177e-03 2.566224e-02 8.614322e-03 
380 3801 7.133151e-02 0 0 2.374135e-02 1.687295e-03 2.141992e-03 6.097156e-03 1.602094e-02 1.151275e-02 6.306757e-03 2.809375e-02 1.008028e-02 
381 3811 7.390301e-02 0 0 2.521052e-02 1.752570e-03 2.266004e-03 6.447632e-03 1.654334e-02 1.175962e-02 6.981570e-03 2.898274e-02 1.104478e-02 
382 3821 7.400691e-02 0 0 2.505133e-02 1.753253e-03 2.242822e-03 6.421548e-03 1.628474e-02 1.157581e-02 6.950889e-03 2.862922e-02 1.109177e-02 
383 3831 7.133071e-02 0 0 2.437651e-02 1.710467e-03 2.201809e-03 6.171720e-03 1.556928e-02 1.112672e-02 6.635691e-03 2.743542e-02 1.072691e-02 
384 3841 6.916007e-02 0 0 2.341374e-02 1.657547e-03 2.110375e-03 6.010599e-03 1.489679e-02 1.072914e-02 6.364485e-03 2.623143e-02 1.027464e-02 
385 3851 6.941015e-02 0 0 2.346176e-02 1.655918e-03 2.096551e-03 6.013761e-03 1.496512e-02 1.064425e-02 6.334819e-03 2.584867e-02 1.036308e-02 
386 3861 7.700344e-02 0 0 2.698080e-02 1.830604e-03 2.342917e-03 6.844346e-03 1.817404e-02 1.246027e-02 6.928549e-03 2.938775e-02 1.143876e-02 
387 3871 7.654544e-02 0 0 2.674045e-02 1.801842e-03 2.308026e-03 6.935639e-03 1.829625e-02 1.238703e-02 6.831469e-03 2.908662e-02 1.154668e-02 
388 3881 7.478587e-02 0 0 2.607630e-02 1.751553e-03 2.225097e-03 6.794398e-03 1.765109e-02 1.199989e-02 6.583205e-03 2.792030e-02 1.113538e-02 
389 3891 7.165242e-02 0 0 2.501955e-02 1.682908e-03 2.117138e-03 6.484218e-03 1.668854e-02 1.137861e-02 6.302814e-03 2.650327e-02 1.080252e-02 
390 3901 7.705009e-02 0 0 2.656256e-02 1.807002e-03 2.268295e-03 6.888070e-03 1.764402e-02 1.211025e-02 6.664836e-03 2.915652e-02 1.162066e-02 
391 3911 7.751043e-02 0 0 2.664519e-02 1.826941e-03 2.266784e-03 6.819760e-03 1.772310e-02 1.200814e-02 6.670873e-03 2.905293e-02 1.154748e-02 
392 3921 7.640474e-02 0 0 2.630155e-02 1.791477e-03 2.245464e-03 6.678630e-03 1.725790e-02 1.164773e-02 6.488256e-03 2.900284e-02 1.119997e-02 
393 3931 7.562697e-02 0 0 2.568030e-02 1.754606e-03 2.179535e-03 6.474552e-03 1.721890e-02 1.150344e-02 6.326188e-03 2.836069e-02 1.112443e-02 
394 3941 7.159460e-02 0 0 2.406417e-02 1.645921e-03 2.030787e-03 6.094589e-03 1.633898e-02 1.083654e-02 5.906475e-03 2.659240e-02 1.033152e-02 
395 3951 6.766477e-02 0 0 2.256703e-02 1.527989e-03 1.948597e-03 5.864601e-03 1.537602e-02 1.014239e-02 5.703718e-03 2.477423e-02 9.760291e-03 
396 3961 6.221579e-02 0 0 2.037758e-02 1.385250e-03 1.762833e-03 5.315338e-03 1.390261e-02 9.233391e-03 5.159251e-03 2.236383e-02 8.867043e-03 
397 3971 5.938320e-02 0 0 1.912062e-02 1.309546e-03 1.694569e-03 5.092189e-03 1.301270e-02 8.651429e-03 4.881835e-03 2.136659e-02 8.319587e-03 
398 3981 5.591839e-02 0 0 1.773322e-02 1.211845e-03 1.594227e-03 4.750513e-03 1.209186e-02 8.121509e-03 4.518082e-03 2.010624e-02 7.680778e-03 
399 3991 4.909219e-02 0 0 1.572650e-02 1.055901e-03 1.409246e-03 4.200811e-03 1.065250e-02 7.171790e-03 3.907253e-03 1.755265e-02 6.671558e-03 
400 4001 4.338975e-02 0 0 1.372851e-02 9.172186e-04 1.232176e-03 3.696775e-03 9.308822e-03 6.258053e-03 3.440885e-03 1.526073e-02 5.995262e-03 
401 4011 4.189903e-02 0 0 1.311998e-02 8.695718e-04 1.178744e-03 3.574892e-03 8.976677e-03 6.037584e-03 3.341526e-03 1.457872e-02 5.708512e-03 
402 4021 3.949373e-02 0 0 1.235835e-02 8.182894e-04 1.105060e-03 3.366320e-03 8.495996e-03 5.653106e-03 3.129679e-03 1.361844e-02 5.353306e-03 
403 4031 3.911901e-02 0 0 1.204070e-02 8.063483e-04 1.077421e-03 3.281714e-03 8.381195e-03 5.549445e-03 3.108729e-03 1.325596e-02 5.272877e-03 
404 4041 3.835388e-02 0 0 1.166046e-02 7.761713e-04 1.040034e-03 3.156582e-03 8.269444e-03 5.347623e-03 3.005363e-03 1.284961e-02 5.143257e-03 
405 4051 3.444368e-02 0 0 1.061677e-02 6.946211e-04 9.420033e-04 2.803203e-03 7.483342e-03 4.831909e-03 2.665890e-03 1.159741e-02 4.570166e-03 
406 4061 3.488908e-02 0 0 1.103764e-02 7.210726e-04 9.537807e-04 2.897163e-03 7.666919e-03 5.049104e-03 2.674566e-03 1.158054e-02 4.620571e-03 
407 4071 3.392741e-02 0 0 1.083965e-02 7.292998e-04 9.297541e-04 2.813823e-03 7.433504e-03 4.877032e-03 2.580834e-03 1.108022e-02 4.470467e-03 
408 4081 3.418483e-02 0 0 1.111231e-02 7.420644e-04 9.298022e-04 2.830976e-03 7.390070e-03 4.959507e-03 2.597658e-03 1.093785e-02 4.611101e-03 
409 4091 3.420048e-02 0 0 1.110806e-02 7.363169e-04 9.188910e-04 2.790095e-03 7.343552e-03 5.059564e-03 2.611887e-03 1.117672e-02 4.654860e-03 
410 4101 3.514529e-02 0 0 1.134963e-02 7.674470e-04 9.305383e-04 2.850042e-03 7.471177e-03 5.186331e-03 2.758827e-03 1.146248e-02 4.834108e-03 
411 4111 3.455236e-02 0 0 1.095052e-02 7.530954e-04 8.983052e-04 2.755180e-03 7.252327e-03 5.049213e-03 2.692964e-03 1.112436e-02 4.776401e-03 
412 4121 3.422697e-02 0 0 1.068555e-02 7.530775e-04 8.760721e-04 2.683432e-03 7.080725e-03 4.941351e-03 2.634119e-03 1.082065e-02 4.670470e-03 
413 4131 3.357705e-02 0 0 1.071934e-02 7.299204e-04 8.668725e-04 2.660586e-03 7.007548e-03 4.927717e-03 2.562300e-03 1.072265e-02 4.510467e-03 
414 4141 3.324071e-02 0 0 1.083895e-02 7.550599e-04 8.557454e-04 2.627328e-03 7.023533e-03 4.942186e-03 2.498042e-03 1.054441e-02 4.389483e-03 
415 4151 3.216301e-02 0 0 1.032870e-02 7.194859e-04 8.241775e-04 2.504720e-03 6.839520e-03 4.735441e-03 2.384908e-03 1.007841e-02 4.167469e-03 
416 4161 3.292359e-02 0 0 1.041705e-02 7.454292e-04 8.451944e-04 2.528562e-03 6.881332e-03 4.763073e-03 2.403421e-03 1.018041e-02 4.270170e-03 
417 4171 3.295695e-02 0 0 1.026921e-02 7.437708e-04 8.486147e-04 2.547546e-03 6.747481e-03 4.688416e-03 2.394318e-03 9.994891e-03 4.220525e-03 
418 4181 3.400662e-02 0 0 1.092992e-02 7.752026e-04 9.078017e-04 2.775775e-03 7.056533e-03 4.921523e-03 2.527629e-03 1.023510e-02 4.330420e-03 
419 4191 3.344780e-02 0 0 1.069022e-02 7.543905e-04 8.945508e-04 2.738828e-03 6.865406e-03 4.821490e-03 2.497505e-03 9.920301e-03 4.294096e-03 
420 4201 3.274483e-02 0 0 1.040035e-02 7.344719e-04 8.888371e-04 2.660810e-03 6.631587e-03 4.685695e-03 2.425906e-03 1.007082e-02 4.150203e-03 
421 4211 3.321759e-02 0 0 1.067407e-02 7.374794e-04 9.070657e-04 2.774873e-03 6.707904e-03 4.688928e-03 2.532374e-03 1.033852e-02 4.224903e-03 
422 4221 3.042515e-02 0 0 9.651161e-03 6.763475e-04 8.176992e-04 2.510926e-03 6.052432e-03 4.230485e-03 2.285049e-03 9.349560e-03 3.838365e-03 
423 4231 2.775337e-02 0 0 8.735182e-03 6.122575e-04 7.327854e-04 2.257076e-03 5.495375e-03 3.831099e-03 2.067481e-03 8.448119e-03 3.464329e-03 
424 4241 2.853344e-02 0 0 8.922730e-03 6.387696e-04 7.449080e-04 2.313239e-03 5.597144e-03 3.964811e-03 2.134739e-03 8.728386e-03 3.552121e-03 
425 4251 2.844993e-02 0 0 8.780415e-03 6.370993e-04 7.370986e-04 2.266107e-03 5.534683e-03 3.887204e-03 2.096647e-03 8.686319e-03 3.482571e-03 
426 4261 2.683897e-02 0 0 8.134843e-03 5.915129e-04 6.891178e-04 2.117953e-03 5.183499e-03 3.633250e-03 1.984551e-03 8.091741e-03 3.281490e-03 
427 4271 2.778304e-02 0 0 8.479261e-03 6.061927e-04 7.055133e-04 2.167084e-03 5.641191e-03 4.105282e-03 2.106905e-03 8.313822e-03 3.411997e-03 
428 4281 2.566625e-02 0 0 7.749027e-03 5.542150e-04 6.458563e-04 1.990264e-03 5.153811e-03 3.771795e-03 1.944388e-03 7.560215e-03 3.133671e-03 
429 4291 2.453824e-02 0 0 7.368658e-03 5.317337e-04 6.229977e-04 1.869893e-03 4.904290e-03 3.563187e-03 1.827951e-03 7.315131e-03 2.952182e-03 
430 4301 2.492615e-02 0 0 7.442500e-03 5.532877e-04 6.308744e-04 1.859389e-03 4.931689e-03 3.582232e-03 1.834853e-03 7.410920e-03 2.995768e-03 
431 4311 2.392062e-02 0 0 7.064530e-03 5.330012e-04 6.019326e-04 1.755401e-03 4.686841e-03 3.425906e-03 1.732445e-03 7.133857e-03 2.833128e-03 
432 4321 2.463327e-02 0 0 7.343402e-03 5.456773e-04 6.173014e-04 1.810828e-03 4.769866e-03 3.562796e-03 1.771094e-03 7.247850e-03 2.879836e-03 
433 4331 2.774163e-02 0 0 8.322836e-03 6.067393e-04 6.923479e-04 2.072106e-03 5.363374e-03 3.987073e-03 2.052602e-03 8.141746e-03 3.277035e-03 
434 4341 2.956978e-02 0 0 8.820422e-03 6.401765e-04 7.275489e-04 2.197954e-03 5.646407e-03 4.254688e-03 2.188830e-03 8.661939e-03 3.448050e-03 
435 4351 2.671310e-02 0 0 7.896943e-03 5.705455e-04 6.536479e-04 1.997036e-03 5.023762e-03 3.806092e-03 1.997083e-03 7.729991e-03 3.107923e-03 
436 4361 2.658233e-02 0 0 7.946027e-03 5.881810e-04 6.689438e-04 1.980002e-03 4.905302e-03 3.742439e-03 1.991079e-03 7.630050e-03 3.061169e-03 
437 4371 2.620835e-02 0 0 7.827384e-03 5.760375e-04 6.569472e-04 1.952442e-03 4.971350e-03 3.662794e-03 1.985426e-03 7.471096e-03 3.025265e-03 
438 4381 2.669840e-02 0 0 7.834814e-03 5.783902e-04 6.679642e-04 1.977066e-03 5.165866e-03 3.740564e-03 2.050668e-03 7.501707e-03 3.097946e-03 
439 4391 2.702622e-02 0 0 8.077040e-03 5.852148e-04 6.722931e-04 2.001891e-03 5.527268e-03 3.861447e-03 2.072832e-03 7.533730e-03 3.139913e-03 
440 4401 2.707584e-02 0 0 8.021153e-03 5.815180e-04 6.733473e-04 2.003256e-03 5.697524e-03 3.886615e-03 2.126331e-03 7.497205e-03 3.142369e-03 
441 4411 2.765884e-02 0 0 8.127921e-03 5.870370e-04 6.785888e-04 2.031271e-03 5.842923e-03 3.965176e-03 2.203777e-03 7.642110e-03 3.269305e-03 
442 4421 2.590547e-02 0 0 7.545473e-03 5.456562e-04 6.248223e-04 1.878398e-03 5.467242e-03 3.689057e-03 2.021627e-03 7.076505e-03 3.007712e-03 
443 4431 2.375449e-02 0 0 6.919472e-03 4.949682e-04 5.657069e-04 1.691046e-03 4.977510e-03 3.366085e-03 1.817281e-03 6.626578e-03 2.706398e-03 
444 4441 2.287603e-02 0 0 6.652699e-03 4.717501e-04 5.545898e-04 1.643368e-03 4.720113e-03 3.184459e-03 1.751013e-03 6.340929e-03 2.607795e-03 
445 4451 2.422210e-02 0 0 7.083242e-03 5.124617e-04 6.325925e-04 1.713566e-03 4.908447e-03 3.380684e-03 1.828936e-03 7.204976e-03 2.715842e-03 
446 4461 2.545037e-02 0 0 7.398666e-03 5.360743e-04 6.805914e-04 1.783892e-03 5.346031e-03 3.558000e-03 1.909646e-03 7.918235e-03 2.824728e-03 
447 4471 2.579962e-02 0 0 7.375358e-03 5.345753e-04 6.938331e-04 1.787456e-03 5.401837e-03 3.574388e-03 1.909154e-03 8.051672e-03 2.821965e-03 
448 4481 2.491259e-02 0 0 7.122459e-03 5.158652e-04 6.686012e-04 1.714030e-03 5.364771e-03 3.536151e-03 1.824769e-03 7.809585e-03 2.681419e-03 
449 4491 2.152338e-02 0 0 6.061199e-03 4.372512e-04 5.676617e-04 1.465412e-03 4.624534e-03 3.028535e-03 1.563992e-03 6.623280e-03 2.300274e-03 
450 4501 2.035548e-02 0 0 5.658860e-03 4.078400e-04 5.383112e-04 1.378858e-03 4.301103e-03 2.807970e-03 1.451811e-03 6.286051e-03 2.141437e-03 
451 4511 1.973739e-02 0 0 5.569991e-03 3.946495e-04 5.265336e-04 1.361025e-03 4.133435e-03 2.716452e-03 1.426215e-03 5.999855e-03 2.116298e-03 
452 4521 2.070570e-02 0 0 6.348351e-03 4.280748e-04 5.707079e-04 1.509299e-03 4.463225e-03 2.957962e-03 1.495330e-03 6.263060e-03 2.227079e-03 
453 4531 2.147720e-02 0 0 6.872596e-03 4.597947e-04 6.080630e-04 1.631152e-03 4.681723e-03 3.148435e-03 1.531081e-03 6.433828e-03 2.271840e-03 
454 4541 2.260952e-02 0 0 7.286670e-03 4.901462e-04 6.541610e-04 1.743351e-03 4.869247e-03 3.290536e-03 1.587318e-03 6.684057e-03 2.365789e-03 
455 4551 2.222313e-02 0 0 7.134175e-03 4.873870e-04 6.456232e-04 1.720617e-03 4.736362e-03 3.203034e-03 1.564836e-03 6.542221e-03 2.331457e-03 
456 4561 2.194107e-02 0 0 6.973919e-03 4.827524e-04 6.326002e-04 1.686027e-03 4.687414e-03 3.178034e-03 1.541606e-03 6.488557e-03 2.346524e-03 
457 4571 2.234662e-02 0 0 6.961268e-03 4.830195e-04 6.367736e-04 1.690962e-03 4.757776e-03 3.233292e-03 1.559282e-03 6.487204e-03 2.365838e-03 
458 4581 2.176019e-02 0 0 6.646248e-03 4.624644e-04 6.144428e-04 1.620095e-03 4.599695e-03 3.179994e-03 1.515813e-03 6.241934e-03 2.277681e-03 
459 4591 2.418038e-02 0 0 7.415430e-03 5.071899e-04 6.740893e-04 1.841044e-03 5.298767e-03 3.798623e-03 1.675203e-03 6.814855e-03 2.512992e-03 
460 4601 2.429066e-02 0 0 7.642188e-03 5.079040e-04 6.640279e-04 1.841041e-03 5.546195e-03 3.973674e-03 1.668142e-03 6.729600e-03 2.497570e-03 
461 4611 2.466875e-02 0 0 7.737978e-03 5.109567e-04 6.754462e-04 1.885424e-03 5.775552e-03 4.082021e-03 1.676693e-03 7.003239e-03 2.524813e-03 
462 4621 2.264871e-02 0 0 6.982399e-03 4.599123e-04 6.094261e-04 1.704711e-03 5.224796e-03 3.691097e-03 1.511646e-03 6.337816e-03 2.289336e-03 
463 4631 2.265139e-02 0 0 6.949056e-03 4.586697e-04 6.140884e-04 1.689331e-03 5.237099e-03 3.711709e-03 1.489487e-03 6.453118e-03 2.270996e-03 
464 4641 2.018454e-02 0 0 6.174708e-03 4.063327e-04 5.441960e-04 1.494914e-03 4.618607e-03 3.272697e-03 1.319356e-03 5.676541e-03 2.012593e-03 
465 4651 2.005829e-02 0 0 6.147074e-03 4.069695e-04 5.512575e-04 1.466776e-03 4.517340e-03 3.197661e-03 1.344496e-03 5.716956e-03 2.057742e-03 
466 4661 1.837008e-02 0 0 5.590593e-03 3.703247e-04 5.013227e-04 1.326341e-03 4.073600e-03 2.902976e-03 1.212070e-03 5.178844e-03 1.875666e-03 
467 4671 1.803797e-02 0 0 5.459289e-03 3.605234e-04 4.867493e-04 1.285031e-03 3.952850e-03 2.814785e-03 1.168664e-03 5.138296e-03 1.809494e-03 
468 4681 1.697512e-02 0 0 5.042034e-03 3.334405e-04 4.528081e-04 1.194493e-03 3.671181e-03 2.603360e-03 1.086150e-03 4.958593e-03 1.677831e-03 
469 4691 1.559454e-02 0 0 4.601522e-03 3.032391e-04 4.134855e-04 1.092533e-03 3.448656e-03 2.415308e-03 9.951953e-04 4.658915e-03 1.529193e-03 
470 4701 1.510968e-02 0 0 4.409340e-03 2.965008e-04 4.047821e-04 1.039708e-03 3.329580e-03 2.321176e-03 9.674494e-04 4.579644e-03 1.458771e-03 
471 4711 1.383966e-02 0 0 4.170901e-03 2.784721e-04 3.718475e-04 9.641530e-04 3.125395e-03 2.215907e-03 8.803011e-04 4.126038e-03 1.350205e-03 
472 4721 1.253660e-02 0 0 3.724895e-03 2.496533e-04 3.409324e-04 8.607579e-04 2.827207e-03 1.979219e-03 7.907677e-04 3.744528e-03 1.203649e-03 
473 4731 1.218046e-02 0 0 3.654549e-03 2.424447e-04 3.264685e-04 8.541643e-04 2.768976e-03 1.920418e-03 7.649598e-04 3.575406e-03 1.158816e-03 
474 4741 1.097133e-02 0 0 3.264868e-03 2.161226e-04 2.898314e-04 7.590349e-04 2.478011e-03 1.713803e-03 6.761955e-04 3.182624e-03 1.028741e-03 
475 4751 1.053755e-02 0 0 3.123597e-03 2.075033e-04 2.833647e-04 7.377571e-04 2.349977e-03 1.627316e-03 6.498484e-04 3.157240e-03 1.001378e-03 
476 4761 9.999191e-03 0 0 2.924335e-03 1.932533e-04 2.660502e-04 6.921826e-04 2.263975e-03 1.570323e-03 6.217055e-04 2.955395e-03 9.574945e-04 
477 4771 9.932711e-03 0 0 2.879508e-03 1.925470e-04 2.664565e-04 6.845767e-04 2.238483e-03 1.537189e-03 6.191168e-04 2.966860e-03 9.574194e-04 
478 4781 1.072834e-02 0 0 3.064337e-03 2.064495e-04 2.840693e-04 7.379575e-04 2.403635e-03 1.643169e-03 6.707832e-04 3.275935e-03 1.031735e-03 
479 4791 1.280531e-02 0 0 3.714528e-03 2.479138e-04 3.359263e-04 9.093341e-04 2.883367e-03 1.987901e-03 7.988993e-04 3.908346e-03 1.228093e-03 
480 4801 1.424118e-02 0 0 4.050726e-03 2.713621e-04 3.667904e-04 1.007845e-03 3.171669e-03 2.185036e-03 8.802281e-04 4.272926e-03 1.369696e-03 
481 4811 1.570789e-02 0 0 4.485608e-03 2.956087e-04 3.995331e-04 1.103955e-03 3.483772e-03 2.398666e-03 9.551559e-04 4.650631e-03 1.486240e-03 
482 4821 1.663969e-02 0 0 4.809053e-03 3.180930e-04 4.359061e-04 1.207670e-03 3.642022e-03 2.495511e-03 1.046038e-03 4.835589e-03 1.629344e-03 
483 4831 1.973529e-02 0 0 5.815927e-03 3.899416e-04 5.337088e-04 1.476369e-03 4.283423e-03 2.925090e-03 1.270229e-03 5.671703e-03 1.972181e-03 
484 4841 2.047749e-02 0 0 6.010346e-03 3.996183e-04 5.480993e-04 1.549184e-03 4.544353e-03 3.101254e-03 1.303044e-03 6.029997e-03 2.020684e-03 
485 4851 2.060733e-02 0 0 5.987639e-03 3.959157e-04 5.409047e-04 1.549601e-03 4.530581e-03 3.090684e-03 1.294687e-03 5.966313e-03 2.022828e-03 
486 4861 2.123820e-02 0 0 6.135993e-03 4.083918e-04 5.679567e-04 1.692586e-03 4.612067e-03 3.161284e-03 1.398393e-03 6.163890e-03 2.145071e-03 
487 4871 2.074705e-02 0 0 6.012659e-03 3.965523e-04 5.489558e-04 1.652933e-03 4.589876e-03 3.173783e-03 1.364820e-03 5.982976e-03 2.089572e-03 
488 4881 1.854954e-02 0 0 5.307133e-03 3.520403e-04 4.830425e-04 1.454289e-03 4.042399e-03 2.797056e-03 1.205159e-03 5.320036e-03 1.844385e-03 
489 4891 1.668031e-02 0 0 4.729995e-03 3.158966e-04 4.343781e-04 1.283174e-03 3.612776e-03 2.490853e-03 1.072339e-03 4.776001e-03 1.648221e-03 
490 4901 1.747407e-02 0 0 5.167968e-03 3.365564e-04 4.701633e-04 1.384227e-03 4.037421e-03 2.719239e-03 1.114459e-03 5.182628e-03 1.710333e-03 
491 4911 1.606211e-02 0 0 4.738233e-03 3.119714e-04 4.305148e-04 1.259971e-03 3.747234e-03 2.523131e-03 1.011461e-03 4.722541e-03 1.565037e-03 
492 4921 1.577037e-02 0 0 4.615823e-03 3.048287e-04 4.211705e-04 1.233469e-03 3.627079e-03 2.462174e-03 9.930255e-04 4.610458e-03 1.536186e-03 
493 4931 1.463468e-02 0 0 4.243213e-03 2.822752e-04 3.869024e-04 1.131766e-03 3.302367e-03 2.239601e-03 9.247417e-04 4.208104e-03 1.431733e-03 
494 4941 1.403058e-02 0 0 4.036874e-03 2.773122e-04 3.833752e-04 1.082988e-03 3.109900e-03 2.114940e-03 8.940384e-04 4.051770e-03 1.387559e-03 
495 4951 1.503560e-02 0 0 4.347084e-03 3.014955e-04 4.313336e-04 1.144860e-03 3.344462e-03 2.317693e-03 9.931222e-04 4.436685e-03 1.533616e-03 
496 4961 1.617347e-02 0 0 4.886259e-03 3.302339e-04 4.643282e-04 1.234852e-03 3.769987e-03 2.663296e-03 1.065430e-03 4.742987e-03 1.646705e-03 
497 4971 1.669365e-02 0 0 4.968633e-03 3.354311e-04 4.719486e-04 1.251255e-03 3.844918e-03 2.751344e-03 1.109647e-03 4.861130e-03 1.715578e-03 
498 4981 1.762970e-02 0 0 5.217404e-03 3.501621e-04 4.895448e-04 1.319338e-03 4.033268e-03 2.912855e-03 1.185857e-03 5.105406e-03 1.802300e-03 
499 4991 1.811766e-02 0 0 5.284956e-03 3.559707e-04 5.022767e-04 1.344430e-03 4.211384e-03 3.016473e-03 1.207466e-03 5.434314e-03 1.855378e-03 
500 5001 1.836952e-02 0 0 5.274737e-03 3.572242e-04 5.019038e-04 1.337510e-03 4.215858e-03 3.004594e-03 1.205040e-03 5.495506e-03 1.852182e-03 
501 5011 1.894635e-02 0 0 5.385528e-03 3.615914e-04 5.110504e-04 1.387959e-03 4.334717e-03 3.110751e-03 1.220552e-03 5.729015e-03 1.880862e-03 
502 5021 1.875243e-02 0 0 5.299847e-03 3.562317e-04 5.167449e-04 1.359195e-03 4.293829e-03 3.067934e-03 1.198486e-03 5.734390e-03 1.857500e-03 
503 5031 1.896508e-02 0 0 5.422124e-03 3.576111e-04 5.138683e-04 1.358355e-03 4.420217e-03 3.143782e-03 1.206279e-03 5.792690e-03 1.870936e-03 
504 5041 2.037425e-02 0 0 5.843415e-03 3.781894e-04 5.481998e-04 1.455569e-03 4.998668e-03 3.540083e-03 1.309563e-03 6.130301e-03 2.053634e-03 
505 5051 2.252748e-02 0 0 6.641211e-03 4.103553e-04 5.974565e-04 1.660975e-03 5.758608e-03 4.148141e-03 1.425447e-03 6.683493e-03 2.239242e-03 
506 5061 2.363593e-02 0 0 6.954888e-03 4.261767e-04 6.214776e-04 1.728107e-03 6.033267e-03 4.403885e-03 1.506096e-03 7.081531e-03 2.388778e-03 
507 5071 2.412172e-02 0 0 7.181366e-03 4.273826e-04 6.244272e-04 1.828346e-03 6.322595e-03 4.694783e-03 1.517150e-03 7.108931e-03 2.408021e-03 
508 5081 2.437500e-02 0 0 7.307225e-03 4.265807e-04 6.207114e-04 1.859460e-03 6.463986e-03 4.852107e-03 1.514114e-03 7.043866e-03 2.409276e-03 
509 5091 2.555845e-02 0 0 7.632712e-03 4.389038e-04 6.374965e-04 1.959729e-03 6.788985e-03 5.219378e-03 1.580874e-03 7.259210e-03 2.543579e-03 
510 5101 2.387262e-02 0 0 7.062988e-03 4.019823e-04 5.854456e-04 1.830138e-03 6.309093e-03 4.881967e-03 1.458164e-03 6.751531e-03 2.362563e-03 
511 5111 2.273848e-02 0 0 6.633938e-03 3.777137e-04 5.573081e-04 1.722708e-03 5.947773e-03 4.596212e-03 1.408844e-03 6.323422e-03 2.244807e-03 
512 5121 2.152911e-02 0 0 6.351312e-03 3.592216e-04 5.266129e-04 1.619437e-03 5.625511e-03 4.330144e-03 1.346285e-03 5.982846e-03 2.130368e-03 
513 5131 2.048202e-02 0 0 5.943321e-03 3.432332e-04 4.956126e-04 1.518763e-03 5.275308e-03 4.052833e-03 1.269496e-03 5.656200e-03 2.009743e-03 
514 5141 1.970188e-02 0 0 5.635004e-03 3.250773e-04 4.685647e-04 1.445773e-03 4.999218e-03 3.830942e-03 1.200083e-03 5.369993e-03 1.902740e-03 
515 5151 2.033369e-02 0 0 5.823528e-03 3.328175e-04 4.793851e-04 1.515480e-03 5.106599e-03 3.959914e-03 1.223073e-03 5.484106e-03 1.949962e-03 
516 5161 2.294539e-02 0 0 6.605845e-03 3.718081e-04 5.372296e-04 1.816962e-03 5.768668e-03 4.465625e-03 1.455716e-03 6.314251e-03 2.315383e-03 
517 5171 2.702447e-02 0 0 7.789435e-03 4.364058e-04 6.343494e-04 2.145401e-03 6.709375e-03 5.209731e-03 1.729262e-03 7.399569e-03 2.750623e-03 
518 5181 2.655490e-02 0 0 7.553162e-03 4.230931e-04 6.160664e-04 2.086157e-03 6.567063e-03 5.088297e-03 1.681459e-03 7.186135e-03 2.680462e-03 
519 5191 2.660450e-02 0 0 7.442576e-03 4.216951e-04 6.082988e-04 2.113688e-03 6.496093e-03 5.032419e-03 1.686048e-03 7.191059e-03 2.658268e-03 
520 5201 2.694909e-02 0 0 7.550577e-03 4.316683e-04 6.186579e-04 2.147981e-03 6.477810e-03 5.040413e-03 1.698859e-03 7.401370e-03 2.682331e-03 
521 5211 2.763098e-02 0 0 7.643633e-03 4.370337e-04 6.365792e-04 2.238178e-03 6.564891e-03 5.105309e-03 1.757724e-03 7.524836e-03 2.728274e-03 
522 5221 2.703907e-02 0 0 7.385983e-03 4.220402e-04 6.166612e-04 2.202106e-03 6.309002e-03 4.920757e-03 1.724661e-03 7.283018e-03 2.649767e-03 
523 5231 2.660389e-02 0 0 7.173919e-03 4.140958e-04 6.029355e-04 2.183550e-03 6.245234e-03 4.907202e-03 1.669597e-03 7.184455e-03 2.592721e-03 
524 5241 2.694877e-02 0 0 7.250251e-03 4.400392e-04 6.307783e-04 2.204880e-03 6.299169e-03 4.943757e-03 1.705579e-03 7.333537e-03 2.645507e-03 
525 5251 2.927964e-02 0 0 8.183982e-03 4.971287e-04 7.043190e-04 2.486211e-03 6.783703e-03 5.324827e-03 1.963638e-03 7.919271e-03 2.892484e-03 
526 5261 3.091720e-02 0 0 8.607772e-03 5.243668e-04 7.323657e-04 2.592696e-03 7.185869e-03 5.639806e-03 2.155827e-03 8.395329e-03 3.109248e-03 
527 5271 3.127603e-02 0 0 8.560833e-03 5.225923e-04 7.274461e-04 2.593335e-03 7.171173e-03 5.613175e-03 2.173569e-03 8.430819e-03 3.128440e-03 
528 5281 3.171500e-02 0 0 8.800441e-03 5.219791e-04 7.328903e-04 2.736933e-03 7.303279e-03 5.729372e-03 2.216505e-03 8.448500e-03 3.141898e-03 
529 5291 3.242930e-02 0 0 9.340602e-03 5.734357e-04 7.864290e-04 2.841080e-03 7.480419e-03 5.829319e-03 2.242960e-03 8.608342e-03 3.242125e-03 
530 5301 3.191167e-02 0 0 9.286121e-03 5.651867e-04 7.767091e-04 2.841903e-03 7.430409e-03 5.805840e-03 2.219986e-03 8.442316e-03 3.223903e-03 
531 5311 2.831221e-02 0 0 8.221253e-03 4.932548e-04 6.817795e-04 2.550114e-03 6.530771e-03 5.133275e-03 1.948748e-03 7.351714e-03 2.809681e-03 
532 5321 2.610177e-02 0 0 7.450178e-03 4.479647e-04 6.196471e-04 2.305690e-03 5.948356e-03 4.654770e-03 1.766584e-03 6.666305e-03 2.552596e-03 
533 5331 2.463252e-02 0 0 6.969654e-03 4.178655e-04 5.753694e-04 2.164439e-03 5.528816e-03 4.328034e-03 1.662229e-03 6.259543e-03 2.385511e-03 
534 5341 2.287765e-02 0 0 6.425205e-03 3.828462e-04 5.244509e-04 2.013323e-03 5.177563e-03 4.041249e-03 1.514992e-03 5.781345e-03 2.176340e-03 
535 5351 2.300435e-02 0 0 6.465066e-03 3.786697e-04 5.205973e-04 1.999192e-03 5.250706e-03 4.096901e-03 1.499258e-03 5.747160e-03 2.154409e-03 
536 5361 2.173722e-02 0 0 6.123471e-03 3.630989e-04 5.009287e-04 1.867684e-03 4.907585e-03 3.844644e-03 1.409720e-03 5.443243e-03 2.054413e-03 
537 5371 2.193116e-02 0 0 6.160386e-03 3.632931e-04 5.106816e-04 1.884821e-03 4.868870e-03 3.816266e-03 1.443489e-03 5.517345e-03 2.078730e-03 
538 5381 2.303642e-02 0 0 6.472523e-03 3.758520e-04 5.345613e-04 1.957070e-03 5.120638e-03 4.002838e-03 1.492413e-03 5.739359e-03 2.151437e-03 
539 5391 2.273173e-02 0 0 6.503677e-03 3.796384e-04 5.370619e-04 1.939478e-03 4.998409e-03 3.908963e-03 1.512289e-03 5.566612e-03 2.149153e-03 
540 5401 2.276896e-02 0 0 6.587984e-03 3.890697e-04 5.368611e-04 1.927282e-03 4.984024e-03 3.872054e-03 1.510539e-03 5.463373e-03 2.126455e-03 
541 5411 2.074158e-02 0 0 6.031767e-03 3.607578e-04 4.847736e-04 1.762387e-03 4.595879e-03 3.562232e-03 1.356446e-03 4.899681e-03 1.928331e-03 
542 5421 1.894515e-02 0 0 5.578906e-03 3.347428e-04 4.449949e-04 1.617869e-03 4.188525e-03 3.239285e-03 1.233017e-03 4.411737e-03 1.752864e-03 
543 5431 1.852984e-02 0 0 5.495639e-03 3.248997e-04 4.324364e-04 1.625723e-03 4.125881e-03 3.197054e-03 1.213304e-03 4.329744e-03 1.731100e-03 
544 5441 1.782178e-02 0 0 5.276868e-03 3.100010e-04 4.115564e-04 1.561008e-03 3.923359e-03 3.047384e-03 1.159992e-03 4.123481e-03 1.647247e-03 
545 5451 1.904759e-02 0 0 5.822749e-03 3.525040e-04 4.658840e-04 1.708045e-03 4.156588e-03 3.204712e-03 1.331250e-03 4.337990e-03 1.952475e-03 
546 5461 2.072536e-02 0 0 6.317276e-03 3.801774e-04 5.109736e-04 1.888434e-03 4.463415e-03 3.438334e-03 1.492840e-03 4.778916e-03 2.246537e-03 
547 5471 2.096817e-02 0 0 6.386972e-03 3.905338e-04 5.192957e-04 1.881255e-03 4.435899e-03 3.416548e-03 1.492671e-03 4.936219e-03 2.258688e-03 
548 5481 2.254595e-02 0 0 6.800937e-03 4.139696e-04 5.508038e-04 2.056790e-03 4.761543e-03 3.673339e-03 1.607828e-03 5.318661e-03 2.473832e-03 
549 5491 2.377279e-02 0 0 7.033220e-03 4.353777e-04 5.744717e-04 2.144364e-03 4.941367e-03 3.830113e-03 1.668745e-03 5.746138e-03 2.589586e-03 
550 5501 2.445415e-02 0 0 7.106002e-03 4.395386e-04 5.812088e-04 2.196533e-03 5.035024e-03 3.885637e-03 1.696147e-03 5.907390e-03 2.660485e-03 
551 5511 2.629279e-02 0 0 7.514443e-03 4.644208e-04 6.150138e-04 2.330576e-03 5.322450e-03 4.136475e-03 1.790816e-03 6.303188e-03 2.841013e-03 
552 5521 2.714060e-02 0 0 7.623730e-03 4.727926e-04 6.272391e-04 2.359774e-03 5.420225e-03 4.190972e-03 1.819684e-03 6.688132e-03 2.909623e-03 
553 5531 2.595000e-02 0 0 7.240685e-03 4.447057e-04 5.899384e-04 2.251234e-03 5.177844e-03 4.036965e-03 1.717245e-03 6.415140e-03 2.738689e-03 
554 5541 2.334748e-02 0 0 6.412715e-03 3.934509e-04 5.232081e-04 1.989181e-03 4.599937e-03 3.579906e-03 1.516599e-03 5.737380e-03 2.420617e-03 
555 5551 2.342603e-02 0 0 6.738088e-03 4.187216e-04 5.513890e-04 2.002864e-03 4.636757e-03 3.572876e-03 1.553678e-03 5.742700e-03 2.506946e-03 
556 5561 2.509663e-02 0 0 7.293517e-03 4.500484e-04 5.959269e-04 2.131313e-03 4.946520e-03 3.832158e-03 1.653959e-03 6.071254e-03 2.743827e-03 
557 5571 2.660109e-02 0 0 7.664820e-03 4.817127e-04 6.245217e-04 2.224189e-03 5.163014e-03 4.004571e-03 1.751639e-03 6.345710e-03 2.964223e-03 
558 5581 2.713687e-02 0 0 7.720568e-03 4.878588e-04 6.512010e-04 2.311432e-03 5.185956e-03 4.042209e-03 1.840532e-03 6.388472e-03 3.121148e-03 
559 5591 2.576553e-02 0 0 7.241742e-03 4.621989e-04 6.171620e-04 2.166023e-03 4.871979e-03 3.815982e-03 1.731938e-03 6.140049e-03 2.938287e-03 
560 5601 2.497322e-02 0 0 7.346032e-03 4.562365e-04 6.104008e-04 2.140227e-03 4.854017e-03 3.755841e-03 1.702589e-03 5.908767e-03 2.931490e-03 
561 5611 2.338652e-02 0 0 6.848761e-03 4.217202e-04 5.643593e-04 2.003688e-03 4.536721e-03 3.525135e-03 1.576595e-03 5.458004e-03 2.706454e-03 
562 5621 2.288565e-02 0 0 6.663304e-03 4.058611e-04 5.465910e-04 1.961372e-03 4.515715e-03 3.503547e-03 1.546514e-03 5.336632e-03 2.663328e-03 
563 5631 2.094643e-02 0 0 6.023936e-03 3.665513e-04 4.956679e-04 1.768907e-03 4.068915e-03 3.157426e-03 1.418304e-03 4.824492e-03 2.422730e-03 
564 5641 2.006546e-02 0 0 5.712760e-03 3.484849e-04 4.674877e-04 1.674147e-03 3.895382e-03 3.004471e-03 1.347522e-03 4.558611e-03 2.284958e-03 
565 5651 2.025218e-02 0 0 5.694572e-03 3.458217e-04 4.636531e-04 1.667156e-03 4.047115e-03 3.037515e-03 1.335149e-03 4.585573e-03 2.263954e-03 
566 5661 2.124494e-02 0 0 6.031926e-03 3.593948e-04 4.860058e-04 1.789858e-03 4.450189e-03 3.276600e-03 1.397487e-03 4.945966e-03 2.391367e-03 
567 5671 1.987400e-02 0 0 5.611607e-03 3.347687e-04 4.532228e-04 1.671014e-03 4.143270e-03 3.057742e-03 1.292937e-03 4.568883e-03 2.225004e-03 
568 5681 1.933023e-02 0 0 5.514097e-03 3.236516e-04 4.374426e-04 1.633821e-03 4.065515e-03 2.990160e-03 1.258524e-03 4.393644e-03 2.171081e-03 
569 5691 1.989546e-02 0 0 5.633570e-03 3.288095e-04 4.454590e-04 1.716176e-03 4.171659e-03 3.069806e-03 1.334635e-03 4.633755e-03 2.290263e-03 
570 5701 2.032309e-02 0 0 5.732974e-03 3.292819e-04 4.493461e-04 1.799964e-03 4.228577e-03 3.133178e-03 1.402726e-03 4.771734e-03 2.369279e-03 
571 5711 2.089768e-02 0 0 5.826969e-03 3.327896e-04 4.621561e-04 1.871791e-03 4.276974e-03 3.170079e-03 1.494701e-03 4.869998e-03 2.473672e-03 
572 5721 2.174705e-02 0 0 6.146337e-03 3.455573e-04 4.785066e-04 1.965908e-03 4.798183e-03 3.582563e-03 1.563354e-03 5.067052e-03 2.549934e-03 
573 5731 2.251224e-02 0 0 6.476384e-03 3.520884e-04 4.880124e-04 2.034422e-03 5.180942e-03 3.900930e-03 1.609488e-03 5.178155e-03 2.616544e-03 
574 5741 2.468324e-02 0 0 7.109619e-03 3.818233e-04 5.327227e-04 2.211167e-03 6.008114e-03 4.429185e-03 1.760050e-03 5.659106e-03 2.865784e-03 
575 5751 2.493343e-02 0 0 7.262097e-03 3.850687e-04 5.300670e-04 2.243335e-03 6.264522e-03 4.558348e-03 1.759030e-03 5.787302e-03 2.847652e-03 
576 5761 2.572798e-02 0 0 7.444502e-03 4.109583e-04 5.492328e-04 2.283235e-03 6.405196e-03 4.631198e-03 1.785595e-03 6.120695e-03 2.902395e-03 
577 5771 2.675056e-02 0 0 7.873177e-03 4.579002e-04 6.068718e-04 2.353370e-03 6.553195e-03 4.723373e-03 1.868791e-03 6.402171e-03 3.051225e-03 
578 5781 2.971004e-02 0 0 8.975912e-03 5.558645e-04 7.517654e-04 2.612680e-03 7.163438e-03 5.185207e-03 2.166148e-03 7.335256e-03 3.489915e-03 
579 5791 3.013049e-02 0 0 9.340445e-03 5.782406e-04 7.762001e-04 2.717573e-03 7.381632e-03 5.278017e-03 2.240744e-03 7.456635e-03 3.580752e-03 
580 5801 3.328647e-02 0 0 1.043306e-02 6.765315e-04 8.688996e-04 3.003980e-03 8.117179e-03 5.744124e-03 2.486251e-03 8.111431e-03 4.051706e-03 
581 5811 3.385051e-02 0 0 1.062724e-02 7.041722e-04 8.911587e-04 3.009277e-03 8.217221e-03 5.767829e-03 2.538060e-03 8.158616e-03 4.131781e-03 
582 5821 3.186515e-02 0 0 9.977203e-03 6.674866e-04 8.403910e-04 2.815684e-03 7.710600e-03 5.359592e-03 2.398796e-03 7.678676e-03 3.903722e-03 
583 5831 2.885132e-02 0 0 8.873871e-03 5.961510e-04 7.505936e-04 2.505380e-03 6.882560e-03 4.768191e-03 2.137952e-03 6.954095e-03 3.477773e-03 
584 5841 2.774732e-02 0 0 8.401860e-03 5.668286e-04 7.081280e-04 2.368891e-03 6.592804e-03 4.592265e-03 2.036261e-03 6.604684e-03 3.295981e-03 
585 5851 2.815882e-02 0 0 8.388844e-03 5.648083e-04 7.092744e-04 2.360879e-03 6.680700e-03 4.658329e-03 2.082309e-03 6.599646e-03 3.366969e-03 
586 5861 2.688189e-02 0 0 7.885674e-03 5.300803e-04 6.705898e-04 2.222259e-03 6.286877e-03 4.385587e-03 1.972058e-03 6.347539e-03 3.186686e-03 
587 5871 2.556943e-02 0 0 7.415314e-03 5.029281e-04 6.459125e-04 2.088087e-03 5.884670e-03 4.111603e-03 1.888569e-03 6.013061e-03 3.064823e-03 
588 5881 2.474355e-02 0 0 7.147582e-03 4.859606e-04 6.240398e-04 1.996855e-03 5.712805e-03 3.972869e-03 1.820626e-03 5.768692e-03 2.951647e-03 
