%  columns="iteration, evaluation, sigma, max axis length, min axis length, all principal axes lengths (sorted square roots of eigenvalues of C)" (startseed=206617, 2015/08/6 14:17:6.18)
1 11 1.646646e+01 1.016740e+00 4.932194e-02 4.932194e-02 5.282778e-02 2.422451e-01 3.386426e-01 3.437732e-01 4.405899e-01 4.414240e-01 9.613556e-01 1.016740e+00 
2 21 1.453485e+01 1.015445e+00 4.856900e-02 4.856900e-02 5.208122e-02 2.405785e-01 3.365564e-01 3.391650e-01 4.335376e-01 4.346357e-01 9.477788e-01 1.015445e+00 
3 31 1.318943e+01 9.956686e-01 4.770845e-02 4.770845e-02 5.175653e-02 2.385084e-01 3.321364e-01 3.334711e-01 4.258238e-01 4.329481e-01 9.420844e-01 9.956686e-01 
4 41 1.221394e+01 9.797908e-01 4.722191e-02 4.722191e-02 5.205082e-02 2.351947e-01 3.264902e-01 3.299478e-01 4.193391e-01 4.260647e-01 9.355487e-01 9.797908e-01 
5 51 1.093169e+01 9.645716e-01 4.686406e-02 4.686406e-02 5.177547e-02 2.307852e-01 3.209083e-01 3.252472e-01 4.141097e-01 4.196801e-01 9.233342e-01 9.645716e-01 
6 61 1.020255e+01 9.529680e-01 4.653696e-02 4.653696e-02 5.098292e-02 2.270942e-01 3.178444e-01 3.294017e-01 4.060128e-01 4.157937e-01 9.059063e-01 9.529680e-01 
7 71 9.780229e+00 1.002794e+00 4.569391e-02 4.569391e-02 5.021405e-02 2.240971e-01 3.210623e-01 3.254433e-01 3.985920e-01 4.119596e-01 8.945817e-01 1.002794e+00 
8 81 1.003317e+01 1.108636e+00 4.513134e-02 4.513134e-02 4.928879e-02 2.202833e-01 3.158802e-01 3.214801e-01 3.928944e-01 4.103042e-01 8.769381e-01 1.108636e+00 
9 91 9.842218e+00 1.113009e+00 4.480413e-02 4.480413e-02 4.900300e-02 2.277444e-01 3.144960e-01 3.176977e-01 3.856442e-01 4.033783e-01 8.738141e-01 1.113009e+00 
10 101 9.703076e+00 1.092101e+00 4.420432e-02 4.420432e-02 4.990082e-02 2.269248e-01 3.103708e-01 3.332454e-01 3.810022e-01 3.967318e-01 8.612867e-01 1.092101e+00 
11 111 9.116858e+00 1.079097e+00 4.337750e-02 4.337750e-02 4.891935e-02 2.228927e-01 3.053040e-01 3.317789e-01 3.767415e-01 3.910380e-01 8.720265e-01 1.079097e+00 
12 121 9.148085e+00 1.095352e+00 4.294814e-02 4.294814e-02 4.820725e-02 2.207742e-01 3.011064e-01 3.348379e-01 3.730243e-01 3.925797e-01 8.852757e-01 1.095352e+00 
13 131 8.934109e+00 1.097303e+00 4.270570e-02 4.270570e-02 4.782367e-02 2.176163e-01 2.973963e-01 3.368821e-01 3.688978e-01 3.875422e-01 8.822124e-01 1.097303e+00 
14 141 8.947002e+00 1.092509e+00 4.195040e-02 4.195040e-02 4.754344e-02 2.169506e-01 2.925693e-01 3.328561e-01 3.627466e-01 3.922090e-01 8.918834e-01 1.092509e+00 
15 151 8.065029e+00 1.093081e+00 4.154576e-02 4.154576e-02 4.706768e-02 2.150377e-01 2.877015e-01 3.277770e-01 3.567992e-01 3.872968e-01 8.845121e-01 1.093081e+00 
16 161 6.910389e+00 1.088437e+00 4.092812e-02 4.092812e-02 4.626982e-02 2.118475e-01 2.829126e-01 3.292598e-01 3.541635e-01 3.884343e-01 8.690033e-01 1.088437e+00 
17 171 6.721342e+00 1.091606e+00 4.085281e-02 4.085281e-02 4.556536e-02 2.083321e-01 2.778321e-01 3.306395e-01 3.533714e-01 3.868720e-01 8.561995e-01 1.091606e+00 
18 181 6.102164e+00 1.073402e+00 4.028676e-02 4.028676e-02 4.490844e-02 2.068436e-01 2.734512e-01 3.266831e-01 3.485918e-01 3.871251e-01 8.455394e-01 1.073402e+00 
19 191 5.582627e+00 1.062293e+00 3.962018e-02 3.962018e-02 4.498534e-02 2.050102e-01 2.679523e-01 3.228825e-01 3.459700e-01 3.801427e-01 8.415855e-01 1.062293e+00 
20 201 6.305286e+00 1.066336e+00 3.998253e-02 3.998253e-02 4.464204e-02 2.072936e-01 2.628060e-01 3.217995e-01 3.509646e-01 4.130203e-01 8.368809e-01 1.066336e+00 
21 211 6.873111e+00 1.053882e+00 4.058838e-02 4.058838e-02 4.430498e-02 2.057164e-01 2.598811e-01 3.180625e-01 3.453613e-01 4.352360e-01 8.251897e-01 1.053882e+00 
22 221 7.072139e+00 1.058556e+00 4.014663e-02 4.014663e-02 4.372304e-02 2.033988e-01 2.552358e-01 3.160066e-01 3.519876e-01 4.457455e-01 8.109885e-01 1.058556e+00 
23 231 7.220596e+00 1.069659e+00 3.972450e-02 3.972450e-02 4.356921e-02 2.020669e-01 2.552538e-01 3.179872e-01 3.492442e-01 4.443160e-01 7.980401e-01 1.069659e+00 
24 241 7.222987e+00 1.059344e+00 3.934275e-02 3.934275e-02 4.339213e-02 1.995156e-01 2.547749e-01 3.140612e-01 3.520763e-01 4.397958e-01 7.957409e-01 1.059344e+00 
25 251 7.405762e+00 1.041431e+00 3.887043e-02 3.887043e-02 4.278757e-02 1.987865e-01 2.613712e-01 3.199647e-01 3.528604e-01 4.367532e-01 7.947995e-01 1.041431e+00 
26 261 7.588146e+00 1.033417e+00 3.817816e-02 3.817816e-02 4.221562e-02 1.959640e-01 2.634247e-01 3.193670e-01 3.548494e-01 4.379632e-01 7.820271e-01 1.033417e+00 
27 271 9.066621e+00 1.023584e+00 3.777304e-02 3.777304e-02 4.285914e-02 1.936011e-01 2.770219e-01 3.226018e-01 3.648111e-01 4.374986e-01 7.724119e-01 1.023584e+00 
28 281 9.615316e+00 1.017326e+00 3.733986e-02 3.733986e-02 4.228776e-02 1.925616e-01 2.721352e-01 3.185044e-01 3.668994e-01 4.399594e-01 7.605611e-01 1.017326e+00 
29 291 1.028976e+01 1.007916e+00 3.691313e-02 3.691313e-02 4.145985e-02 1.901210e-01 2.678808e-01 3.179070e-01 3.674094e-01 4.555116e-01 7.495534e-01 1.007916e+00 
30 301 1.020128e+01 9.893542e-01 3.641617e-02 3.641617e-02 4.099572e-02 1.870442e-01 2.664136e-01 3.216590e-01 3.657703e-01 4.536369e-01 7.449981e-01 9.893542e-01 
31 311 9.650364e+00 9.777494e-01 3.575819e-02 3.575819e-02 4.180933e-02 1.845842e-01 2.648054e-01 3.169575e-01 3.672154e-01 4.535280e-01 7.472368e-01 9.777494e-01 
32 321 9.100222e+00 9.632244e-01 3.525888e-02 3.525888e-02 4.169777e-02 1.832095e-01 2.629299e-01 3.118534e-01 3.752054e-01 4.459537e-01 7.356803e-01 9.632244e-01 
33 331 9.373468e+00 9.491850e-01 3.466808e-02 3.466808e-02 4.237821e-02 1.818379e-01 2.821332e-01 3.081910e-01 3.704968e-01 4.406026e-01 7.284244e-01 9.491850e-01 
34 341 1.030517e+01 9.456451e-01 3.421424e-02 3.421424e-02 4.373089e-02 1.798669e-01 2.953439e-01 3.063850e-01 3.654337e-01 4.338228e-01 7.175449e-01 9.456451e-01 
35 351 1.090854e+01 9.970389e-01 3.381165e-02 3.381165e-02 4.352141e-02 1.778192e-01 2.941067e-01 3.040223e-01 3.617882e-01 4.411838e-01 7.093679e-01 9.970389e-01 
36 361 1.035847e+01 1.001343e+00 3.325325e-02 3.325325e-02 4.370890e-02 1.752011e-01 2.895263e-01 3.023246e-01 3.550347e-01 4.399883e-01 6.979129e-01 1.001343e+00 
37 371 1.022884e+01 9.866530e-01 3.283471e-02 3.283471e-02 4.582798e-02 1.737702e-01 2.853719e-01 2.979602e-01 3.563381e-01 4.345918e-01 6.866847e-01 9.866530e-01 
38 381 1.054952e+01 9.765456e-01 3.253577e-02 3.253577e-02 4.832130e-02 1.720552e-01 2.816693e-01 2.975773e-01 3.530183e-01 4.258291e-01 6.744202e-01 9.765456e-01 
39 391 1.076817e+01 9.695110e-01 3.207380e-02 3.207380e-02 4.859636e-02 1.765138e-01 2.814459e-01 2.972338e-01 3.569372e-01 4.177047e-01 6.676019e-01 9.695110e-01 
40 401 1.036470e+01 9.556586e-01 3.190783e-02 3.190783e-02 4.820543e-02 1.745286e-01 2.801141e-01 3.005990e-01 3.512572e-01 4.098679e-01 6.561315e-01 9.556586e-01 
41 411 9.322213e+00 9.467949e-01 3.150796e-02 3.150796e-02 4.859887e-02 1.730174e-01 2.757547e-01 2.966694e-01 3.458684e-01 4.040105e-01 6.579469e-01 9.467949e-01 
42 421 8.615367e+00 9.291263e-01 3.108591e-02 3.108591e-02 4.801464e-02 1.702788e-01 2.726449e-01 2.938677e-01 3.460153e-01 4.027569e-01 6.570779e-01 9.291263e-01 
43 431 8.483931e+00 9.427847e-01 3.075144e-02 3.075144e-02 4.794750e-02 1.687276e-01 2.741241e-01 2.892140e-01 3.447874e-01 4.031569e-01 6.501296e-01 9.427847e-01 
44 441 8.063983e+00 9.321638e-01 3.032884e-02 3.032884e-02 4.732904e-02 1.659371e-01 2.704165e-01 2.847158e-01 3.395417e-01 4.125080e-01 6.467750e-01 9.321638e-01 
45 451 7.381384e+00 9.135239e-01 3.055951e-02 3.055951e-02 4.690067e-02 1.640535e-01 2.690578e-01 2.798202e-01 3.343196e-01 4.081120e-01 6.375745e-01 9.135239e-01 
46 461 7.206275e+00 8.966702e-01 3.133992e-02 3.133992e-02 4.789060e-02 1.631804e-01 2.652222e-01 2.777346e-01 3.334435e-01 4.047769e-01 6.368212e-01 8.966702e-01 
47 471 7.192504e+00 9.039027e-01 3.119616e-02 3.119616e-02 4.720506e-02 1.611807e-01 2.644250e-01 2.738493e-01 3.393298e-01 4.012441e-01 6.324273e-01 9.039027e-01 
48 481 6.896854e+00 8.892679e-01 3.066859e-02 3.066859e-02 4.666405e-02 1.664813e-01 2.604930e-01 2.682025e-01 3.340912e-01 3.977007e-01 6.217329e-01 8.892679e-01 
49 491 6.334179e+00 8.738434e-01 3.054832e-02 3.054832e-02 4.697178e-02 1.655147e-01 2.554958e-01 2.662566e-01 3.315285e-01 3.898766e-01 6.130229e-01 8.738434e-01 
50 501 6.347037e+00 8.655133e-01 3.077703e-02 3.077703e-02 4.733697e-02 1.630251e-01 2.520727e-01 2.670325e-01 3.299508e-01 4.035464e-01 6.151650e-01 8.655133e-01 
51 511 5.881761e+00 8.495975e-01 3.030770e-02 3.030770e-02 4.677880e-02 1.611059e-01 2.478800e-01 2.628310e-01 3.267238e-01 3.986936e-01 6.173099e-01 8.495975e-01 
52 521 5.702536e+00 8.380784e-01 2.996691e-02 2.996691e-02 4.587352e-02 1.607544e-01 2.438420e-01 2.612537e-01 3.357386e-01 4.061179e-01 6.116084e-01 8.380784e-01 
53 531 5.727066e+00 8.280081e-01 2.955450e-02 2.955450e-02 4.558417e-02 1.605573e-01 2.401520e-01 2.578024e-01 3.504649e-01 4.050312e-01 6.036778e-01 8.280081e-01 
54 541 5.554605e+00 8.305212e-01 2.950005e-02 2.950005e-02 4.641112e-02 1.594068e-01 2.371611e-01 2.558815e-01 3.462457e-01 3.978753e-01 5.990564e-01 8.305212e-01 
55 551 5.312766e+00 8.345668e-01 2.931181e-02 2.931181e-02 4.636559e-02 1.575594e-01 2.381059e-01 2.578590e-01 3.432445e-01 3.907152e-01 5.895935e-01 8.345668e-01 
56 561 5.080876e+00 8.398309e-01 2.897643e-02 2.897643e-02 4.652858e-02 1.567091e-01 2.345330e-01 2.561070e-01 3.384645e-01 3.863113e-01 5.833923e-01 8.398309e-01 
57 571 4.941978e+00 8.316932e-01 2.862740e-02 2.862740e-02 4.623273e-02 1.544955e-01 2.341311e-01 2.534544e-01 3.414047e-01 3.823870e-01 5.751028e-01 8.316932e-01 
58 581 5.117937e+00 8.260080e-01 2.822022e-02 2.822022e-02 4.563319e-02 1.555126e-01 2.388486e-01 2.503119e-01 3.367853e-01 3.787657e-01 5.808133e-01 8.260080e-01 
59 591 5.490675e+00 8.301308e-01 2.795571e-02 2.795571e-02 4.525900e-02 1.541288e-01 2.415275e-01 2.507599e-01 3.328671e-01 3.764283e-01 5.761665e-01 8.301308e-01 
60 601 5.109261e+00 8.262535e-01 2.781197e-02 2.781197e-02 4.486273e-02 1.522165e-01 2.383507e-01 2.512545e-01 3.317469e-01 3.734694e-01 5.761122e-01 8.262535e-01 
61 611 4.368194e+00 8.145660e-01 2.737562e-02 2.737562e-02 4.407582e-02 1.508307e-01 2.351974e-01 2.508122e-01 3.272411e-01 3.689266e-01 5.686727e-01 8.145660e-01 
62 621 4.105805e+00 8.102584e-01 2.808779e-02 2.808779e-02 4.333692e-02 1.487587e-01 2.326982e-01 2.469521e-01 3.295198e-01 3.655582e-01 5.602560e-01 8.102584e-01 
63 631 3.706531e+00 7.946921e-01 2.776068e-02 2.776068e-02 4.277612e-02 1.459989e-01 2.283030e-01 2.452622e-01 3.236287e-01 3.701103e-01 5.509604e-01 7.946921e-01 
64 641 3.394633e+00 7.853408e-01 2.794667e-02 2.794667e-02 4.294802e-02 1.468298e-01 2.248872e-01 2.450635e-01 3.187927e-01 3.685777e-01 5.493215e-01 7.853408e-01 
65 651 3.236678e+00 7.711807e-01 2.743536e-02 2.743536e-02 4.274833e-02 1.450375e-01 2.213174e-01 2.431873e-01 3.185392e-01 3.613134e-01 5.591205e-01 7.711807e-01 
66 661 3.615482e+00 7.583648e-01 2.710820e-02 2.710820e-02 4.257835e-02 1.424101e-01 2.216038e-01 2.527772e-01 3.160427e-01 3.620246e-01 6.053949e-01 7.583648e-01 
67 671 3.799000e+00 7.470658e-01 2.689868e-02 2.689868e-02 4.239947e-02 1.421894e-01 2.182520e-01 2.535003e-01 3.112540e-01 3.571771e-01 6.283527e-01 7.470658e-01 
68 681 3.888238e+00 7.329071e-01 2.644899e-02 2.644899e-02 4.232381e-02 1.442890e-01 2.180045e-01 2.494041e-01 3.058048e-01 3.580329e-01 6.323395e-01 7.329071e-01 
69 691 3.959497e+00 7.263057e-01 2.610599e-02 2.610599e-02 4.171690e-02 1.424153e-01 2.218416e-01 2.557403e-01 3.157168e-01 3.677745e-01 6.237966e-01 7.263057e-01 
70 701 3.867971e+00 7.132512e-01 2.564508e-02 2.564508e-02 4.134118e-02 1.436095e-01 2.205154e-01 2.531030e-01 3.115490e-01 3.758591e-01 6.139872e-01 7.132512e-01 
71 711 3.681362e+00 7.089711e-01 2.559965e-02 2.559965e-02 4.142917e-02 1.450790e-01 2.168467e-01 2.490641e-01 3.059682e-01 3.733368e-01 6.070587e-01 7.089711e-01 
72 721 3.739264e+00 6.971631e-01 2.515682e-02 2.515682e-02 4.180736e-02 1.445892e-01 2.145717e-01 2.456124e-01 3.116049e-01 3.841478e-01 5.958986e-01 6.971631e-01 
73 731 4.017325e+00 6.955932e-01 2.621089e-02 2.621089e-02 4.175308e-02 1.446407e-01 2.137192e-01 2.441527e-01 3.118426e-01 3.830081e-01 5.882961e-01 6.955932e-01 
74 741 4.093124e+00 6.890181e-01 2.611525e-02 2.611525e-02 4.144617e-02 1.434248e-01 2.098229e-01 2.444156e-01 3.224656e-01 3.865431e-01 5.803596e-01 6.890181e-01 
75 751 4.205365e+00 6.896963e-01 2.566002e-02 2.566002e-02 4.253969e-02 1.407409e-01 2.072037e-01 2.423310e-01 3.272783e-01 3.851149e-01 5.844605e-01 6.896963e-01 
76 761 4.046061e+00 6.876204e-01 2.581089e-02 2.581089e-02 4.234026e-02 1.410220e-01 2.073027e-01 2.406163e-01 3.244415e-01 3.806755e-01 5.749573e-01 6.876204e-01 
77 771 3.935854e+00 6.794576e-01 2.546670e-02 2.546670e-02 4.224826e-02 1.387838e-01 2.085829e-01 2.446902e-01 3.223451e-01 3.756725e-01 5.706355e-01 6.794576e-01 
78 781 4.054918e+00 6.706119e-01 2.611296e-02 2.611296e-02 4.170201e-02 1.360070e-01 2.183903e-01 2.484547e-01 3.193515e-01 3.773159e-01 5.624199e-01 6.706119e-01 
79 791 4.185747e+00 6.581503e-01 2.644964e-02 2.644964e-02 4.133563e-02 1.343484e-01 2.254394e-01 2.467172e-01 3.218232e-01 3.798083e-01 5.542151e-01 6.581503e-01 
80 801 4.528060e+00 6.542765e-01 2.641519e-02 2.641519e-02 4.107343e-02 1.326785e-01 2.278620e-01 2.590511e-01 3.226239e-01 3.767754e-01 5.439325e-01 6.542765e-01 
81 811 4.374598e+00 6.462669e-01 2.614328e-02 2.614328e-02 4.087280e-02 1.326549e-01 2.235464e-01 2.577349e-01 3.185092e-01 3.793919e-01 5.385491e-01 6.462669e-01 
82 821 4.107558e+00 6.359707e-01 2.571281e-02 2.571281e-02 4.042047e-02 1.347528e-01 2.202075e-01 2.543195e-01 3.151752e-01 3.825566e-01 5.325397e-01 6.359707e-01 
83 831 4.075517e+00 6.283829e-01 2.578657e-02 2.578657e-02 3.975336e-02 1.331355e-01 2.192765e-01 2.517379e-01 3.091929e-01 4.011447e-01 5.223081e-01 6.283829e-01 
84 841 3.938317e+00 6.165825e-01 2.560078e-02 2.560078e-02 3.925308e-02 1.314044e-01 2.183700e-01 2.534822e-01 3.047898e-01 4.129429e-01 5.254363e-01 6.165825e-01 
85 851 3.785665e+00 6.131099e-01 2.522407e-02 2.522407e-02 3.877556e-02 1.362627e-01 2.189049e-01 2.498117e-01 2.984238e-01 4.175701e-01 5.200117e-01 6.131099e-01 
86 861 3.744292e+00 6.387037e-01 2.475884e-02 2.475884e-02 3.838010e-02 1.350628e-01 2.161186e-01 2.539918e-01 2.943375e-01 4.124602e-01 5.203471e-01 6.387037e-01 
87 871 3.274523e+00 6.354374e-01 2.442133e-02 2.442133e-02 3.817357e-02 1.327737e-01 2.130888e-01 2.514704e-01 2.920330e-01 4.058126e-01 5.198996e-01 6.354374e-01 
88 881 3.234484e+00 6.295667e-01 2.413319e-02 2.413319e-02 3.791730e-02 1.324494e-01 2.183136e-01 2.501284e-01 2.955608e-01 4.047872e-01 5.127274e-01 6.295667e-01 
89 891 3.087648e+00 6.240034e-01 2.419484e-02 2.419484e-02 3.788217e-02 1.325114e-01 2.153655e-01 2.551882e-01 2.907079e-01 3.972835e-01 5.075754e-01 6.240034e-01 
90 901 3.053234e+00 6.154097e-01 2.378634e-02 2.378634e-02 3.821316e-02 1.311383e-01 2.115493e-01 2.603926e-01 2.909115e-01 3.915577e-01 5.079178e-01 6.154097e-01 
91 911 2.840370e+00 6.074907e-01 2.391681e-02 2.391681e-02 3.867234e-02 1.317741e-01 2.086772e-01 2.577428e-01 2.887180e-01 3.845177e-01 5.005129e-01 6.074907e-01 
92 921 2.428006e+00 5.949709e-01 2.372599e-02 2.372599e-02 3.802872e-02 1.305512e-01 2.076772e-01 2.558146e-01 2.838243e-01 3.800486e-01 4.929094e-01 5.949709e-01 
93 931 2.199534e+00 5.949428e-01 2.332880e-02 2.332880e-02 3.821652e-02 1.296355e-01 2.103709e-01 2.537803e-01 2.807290e-01 3.747456e-01 4.843757e-01 5.949428e-01 
94 941 2.275618e+00 6.045081e-01 2.347487e-02 2.347487e-02 3.754530e-02 1.293740e-01 2.098748e-01 2.498726e-01 2.758065e-01 3.893739e-01 4.760459e-01 6.045081e-01 
95 951 2.179768e+00 6.018160e-01 2.315839e-02 2.315839e-02 3.884562e-02 1.304001e-01 2.071909e-01 2.452297e-01 2.742045e-01 3.857100e-01 4.664533e-01 6.018160e-01 
96 961 2.338203e+00 5.936959e-01 2.300067e-02 2.300067e-02 3.955143e-02 1.400420e-01 2.080376e-01 2.405200e-01 2.735269e-01 3.790583e-01 4.582676e-01 5.936959e-01 
97 971 2.489214e+00 5.832404e-01 2.255319e-02 2.255319e-02 4.023674e-02 1.413239e-01 2.119805e-01 2.364321e-01 2.783432e-01 3.728571e-01 4.543949e-01 5.832404e-01 
98 981 2.430163e+00 5.719759e-01 2.211314e-02 2.211314e-02 4.096090e-02 1.399420e-01 2.091127e-01 2.339701e-01 2.734313e-01 3.655073e-01 4.470872e-01 5.719759e-01 
99 991 2.460382e+00 5.759856e-01 2.193613e-02 2.193613e-02 4.241505e-02 1.389639e-01 2.053377e-01 2.344517e-01 2.678259e-01 3.601477e-01 4.379781e-01 5.759856e-01 
100 1001 2.549609e+00 5.660610e-01 2.157453e-02 2.157453e-02 4.252043e-02 1.377220e-01 2.055696e-01 2.371588e-01 2.727732e-01 3.749602e-01 4.339238e-01 5.660610e-01 
101 1011 2.619168e+00 5.598733e-01 2.136126e-02 2.136126e-02 4.280206e-02 1.399183e-01 2.037421e-01 2.352961e-01 2.858156e-01 3.769417e-01 4.318263e-01 5.598733e-01 
102 1021 2.926555e+00 5.514698e-01 2.139916e-02 2.139916e-02 4.222314e-02 1.468135e-01 2.028760e-01 2.325777e-01 3.055004e-01 3.728449e-01 4.280266e-01 5.514698e-01 
103 1031 3.549135e+00 5.432191e-01 2.132630e-02 2.132630e-02 4.180296e-02 1.487764e-01 2.023101e-01 2.309803e-01 3.223331e-01 3.711338e-01 4.221237e-01 5.432191e-01 
104 1041 4.126582e+00 5.335334e-01 2.126252e-02 2.126252e-02 4.178768e-02 1.503861e-01 1.991841e-01 2.281694e-01 3.246741e-01 3.740485e-01 4.176248e-01 5.335334e-01 
105 1051 3.963408e+00 5.351665e-01 2.104000e-02 2.104000e-02 4.160074e-02 1.489259e-01 1.961955e-01 2.245153e-01 3.198454e-01 3.685059e-01 4.111582e-01 5.351665e-01 
106 1061 3.893374e+00 5.259613e-01 2.078601e-02 2.078601e-02 4.220409e-02 1.468253e-01 1.928538e-01 2.234064e-01 3.193943e-01 3.623511e-01 4.105263e-01 5.259613e-01 
107 1071 3.670307e+00 5.216979e-01 2.055898e-02 2.055898e-02 4.155273e-02 1.461414e-01 1.898038e-01 2.216004e-01 3.253661e-01 3.593015e-01 4.028366e-01 5.216979e-01 
108 1081 3.249820e+00 5.179730e-01 2.030941e-02 2.030941e-02 4.094787e-02 1.459287e-01 1.873512e-01 2.213624e-01 3.264046e-01 3.600269e-01 3.974320e-01 5.179730e-01 
109 1091 3.200987e+00 5.381829e-01 2.031649e-02 2.031649e-02 4.171029e-02 1.438861e-01 1.838067e-01 2.293516e-01 3.240816e-01 3.545226e-01 3.905488e-01 5.381829e-01 
110 1101 2.925356e+00 5.359043e-01 1.990212e-02 1.990212e-02 4.181719e-02 1.422475e-01 1.822929e-01 2.256493e-01 3.219198e-01 3.510646e-01 3.852728e-01 5.359043e-01 
111 1111 2.946805e+00 5.278463e-01 2.051944e-02 2.051944e-02 4.158474e-02 1.404051e-01 1.882708e-01 2.282956e-01 3.203605e-01 3.469353e-01 3.800565e-01 5.278463e-01 
112 1121 3.108925e+00 5.348522e-01 2.045168e-02 2.045168e-02 4.117145e-02 1.391770e-01 1.892964e-01 2.315767e-01 3.159569e-01 3.540404e-01 3.883508e-01 5.348522e-01 
113 1131 3.298342e+00 5.260144e-01 2.042169e-02 2.042169e-02 4.058040e-02 1.368165e-01 1.868041e-01 2.303675e-01 3.253953e-01 3.473710e-01 4.070545e-01 5.260144e-01 
114 1141 3.309704e+00 5.182250e-01 2.046310e-02 2.046310e-02 4.004712e-02 1.368537e-01 1.839129e-01 2.314200e-01 3.297024e-01 3.441750e-01 4.075625e-01 5.182250e-01 
115 1151 3.269118e+00 5.126903e-01 2.005365e-02 2.005365e-02 3.987031e-02 1.367941e-01 1.806402e-01 2.275640e-01 3.243069e-01 3.419257e-01 4.127175e-01 5.126903e-01 
116 1161 3.001225e+00 5.095045e-01 1.982628e-02 1.982628e-02 3.947662e-02 1.351131e-01 1.808393e-01 2.240788e-01 3.193274e-01 3.368560e-01 4.177667e-01 5.095045e-01 
117 1171 2.849064e+00 5.133325e-01 1.955139e-02 1.955139e-02 3.943581e-02 1.340924e-01 1.777285e-01 2.240020e-01 3.131382e-01 3.335753e-01 4.189790e-01 5.133325e-01 
118 1181 2.589705e+00 5.068182e-01 1.916423e-02 1.916423e-02 3.980017e-02 1.322161e-01 1.768258e-01 2.251469e-01 3.104688e-01 3.283592e-01 4.228452e-01 5.068182e-01 
119 1191 2.694254e+00 5.147292e-01 1.891151e-02 1.891151e-02 4.032420e-02 1.343418e-01 1.748781e-01 2.220677e-01 3.116008e-01 3.309384e-01 4.220322e-01 5.147292e-01 
120 1201 2.834647e+00 5.223557e-01 1.878699e-02 1.878699e-02 3.983520e-02 1.335236e-01 1.728275e-01 2.279964e-01 3.060706e-01 3.264764e-01 4.275685e-01 5.223557e-01 
121 1211 2.979885e+00 5.261600e-01 1.850817e-02 1.850817e-02 3.955678e-02 1.350042e-01 1.712013e-01 2.242914e-01 3.021230e-01 3.232083e-01 4.338901e-01 5.261600e-01 
122 1221 3.209802e+00 5.339392e-01 1.813373e-02 1.813373e-02 4.012081e-02 1.332318e-01 1.707509e-01 2.225438e-01 3.129982e-01 3.287255e-01 4.321903e-01 5.339392e-01 
123 1231 3.109720e+00 5.463828e-01 1.805780e-02 1.805780e-02 4.011297e-02 1.326203e-01 1.701707e-01 2.214426e-01 3.126601e-01 3.292120e-01 4.252009e-01 5.463828e-01 
124 1241 2.814364e+00 5.388154e-01 1.781503e-02 1.781503e-02 3.972961e-02 1.300811e-01 1.676947e-01 2.209187e-01 3.074573e-01 3.262170e-01 4.200739e-01 5.388154e-01 
125 1251 2.569068e+00 5.394216e-01 1.765594e-02 1.765594e-02 3.910527e-02 1.289376e-01 1.656057e-01 2.185945e-01 3.045584e-01 3.258805e-01 4.195152e-01 5.394216e-01 
126 1261 2.454063e+00 5.323431e-01 1.747744e-02 1.747744e-02 3.879088e-02 1.276286e-01 1.626044e-01 2.152054e-01 2.994617e-01 3.210596e-01 4.344746e-01 5.323431e-01 
127 1271 2.272599e+00 5.248069e-01 1.742677e-02 1.742677e-02 3.839723e-02 1.254367e-01 1.599796e-01 2.133028e-01 2.962883e-01 3.197058e-01 4.315024e-01 5.248069e-01 
128 1281 2.151886e+00 5.168697e-01 1.758065e-02 1.758065e-02 3.804365e-02 1.248593e-01 1.577406e-01 2.092553e-01 2.902511e-01 3.177901e-01 4.250200e-01 5.168697e-01 
129 1291 1.918203e+00 5.085778e-01 1.751868e-02 1.751868e-02 3.753309e-02 1.235863e-01 1.555016e-01 2.077357e-01 2.859202e-01 3.144023e-01 4.172610e-01 5.085778e-01 
130 1301 2.114264e+00 5.078656e-01 1.740535e-02 1.740535e-02 3.739337e-02 1.266321e-01 1.622010e-01 2.174473e-01 2.821246e-01 3.120233e-01 4.292844e-01 5.078656e-01 
131 1311 2.053520e+00 5.143483e-01 1.720257e-02 1.720257e-02 3.706155e-02 1.263801e-01 1.603107e-01 2.178408e-01 2.778991e-01 3.106853e-01 4.268313e-01 5.143483e-01 
132 1321 1.920163e+00 5.105729e-01 1.686637e-02 1.686637e-02 3.684234e-02 1.253913e-01 1.582254e-01 2.158268e-01 2.780104e-01 3.095364e-01 4.211447e-01 5.105729e-01 
133 1331 1.776960e+00 5.094431e-01 1.673578e-02 1.673578e-02 3.649084e-02 1.232377e-01 1.557843e-01 2.143294e-01 2.741679e-01 3.053561e-01 4.130734e-01 5.094431e-01 
134 1341 1.707740e+00 5.139145e-01 1.643373e-02 1.643373e-02 3.628883e-02 1.216692e-01 1.553450e-01 2.134288e-01 2.759350e-01 3.098066e-01 4.081308e-01 5.139145e-01 
135 1351 1.865288e+00 5.351362e-01 1.620204e-02 1.620204e-02 3.590886e-02 1.192173e-01 1.526189e-01 2.107153e-01 2.720775e-01 3.198393e-01 4.159316e-01 5.351362e-01 
136 1361 1.920839e+00 5.395878e-01 1.596819e-02 1.596819e-02 3.551771e-02 1.171386e-01 1.514304e-01 2.103345e-01 2.705003e-01 3.176684e-01 4.169376e-01 5.395878e-01 
137 1371 1.881914e+00 5.348836e-01 1.576314e-02 1.576314e-02 3.558838e-02 1.159306e-01 1.493449e-01 2.090252e-01 2.703325e-01 3.129613e-01 4.168725e-01 5.348836e-01 
138 1381 1.818086e+00 5.507635e-01 1.547273e-02 1.547273e-02 3.532770e-02 1.138519e-01 1.479839e-01 2.048158e-01 2.679687e-01 3.125822e-01 4.109452e-01 5.507635e-01 
139 1391 1.763348e+00 5.494095e-01 1.525904e-02 1.525904e-02 3.546934e-02 1.120932e-01 1.523443e-01 2.011329e-01 2.657427e-01 3.112925e-01 4.064531e-01 5.494095e-01 
140 1401 1.678827e+00 5.444123e-01 1.516739e-02 1.516739e-02 3.609721e-02 1.102299e-01 1.513212e-01 1.977823e-01 2.612599e-01 3.074909e-01 4.069355e-01 5.444123e-01 
141 1411 1.441942e+00 5.410222e-01 1.505642e-02 1.505642e-02 3.566434e-02 1.090607e-01 1.490920e-01 1.939717e-01 2.586114e-01 3.022036e-01 4.017507e-01 5.410222e-01 
142 1421 1.327788e+00 5.496470e-01 1.490174e-02 1.490174e-02 3.508314e-02 1.071757e-01 1.466296e-01 1.970669e-01 2.563750e-01 2.969086e-01 3.966349e-01 5.496470e-01 
143 1431 1.251461e+00 5.407125e-01 1.481377e-02 1.481377e-02 3.514389e-02 1.052810e-01 1.448691e-01 1.948162e-01 2.522365e-01 2.947270e-01 4.152824e-01 5.407125e-01 
144 1441 1.217497e+00 5.634651e-01 1.473085e-02 1.473085e-02 3.516796e-02 1.041025e-01 1.423932e-01 1.910084e-01 2.509608e-01 2.909886e-01 4.090143e-01 5.634651e-01 
145 1451 1.165902e+00 5.718941e-01 1.448584e-02 1.448584e-02 3.468690e-02 1.025826e-01 1.396569e-01 1.893352e-01 2.469577e-01 2.888736e-01 4.115441e-01 5.718941e-01 
146 1461 1.047571e+00 5.719495e-01 1.447772e-02 1.447772e-02 3.409317e-02 1.007198e-01 1.431924e-01 1.853784e-01 2.441385e-01 2.853466e-01 4.070575e-01 5.719495e-01 
147 1471 9.308866e-01 5.683180e-01 1.447202e-02 1.447202e-02 3.354309e-02 9.895686e-02 1.418332e-01 1.820854e-01 2.404801e-01 2.804083e-01 4.033913e-01 5.683180e-01 
148 1481 9.145128e-01 5.607072e-01 1.442121e-02 1.442121e-02 3.457691e-02 9.699188e-02 1.450896e-01 1.795473e-01 2.361743e-01 2.815073e-01 3.964791e-01 5.607072e-01 
149 1491 9.308332e-01 5.685163e-01 1.416461e-02 1.416461e-02 3.475889e-02 9.535200e-02 1.430663e-01 1.859914e-01 2.350758e-01 2.777402e-01 3.929163e-01 5.685163e-01 
150 1501 9.360961e-01 5.966176e-01 1.398394e-02 1.398394e-02 3.464198e-02 9.399946e-02 1.407242e-01 1.832557e-01 2.319658e-01 2.752000e-01 3.954984e-01 5.966176e-01 
151 1511 8.856552e-01 6.023899e-01 1.382021e-02 1.382021e-02 3.447605e-02 9.221697e-02 1.387049e-01 1.798419e-01 2.282253e-01 2.707131e-01 3.905134e-01 6.023899e-01 
152 1521 8.924630e-01 6.111282e-01 1.417859e-02 1.417859e-02 3.388465e-02 9.237754e-02 1.416848e-01 1.762811e-01 2.245504e-01 2.663966e-01 3.850993e-01 6.111282e-01 
153 1531 9.655256e-01 6.104738e-01 1.482362e-02 1.482362e-02 3.371911e-02 9.126915e-02 1.431799e-01 1.784716e-01 2.204754e-01 2.617617e-01 3.882591e-01 6.104738e-01 
154 1541 9.750723e-01 6.030651e-01 1.491182e-02 1.491182e-02 3.321353e-02 8.948143e-02 1.442834e-01 1.766641e-01 2.202644e-01 2.569812e-01 3.821641e-01 6.030651e-01 
155 1551 1.041530e+00 5.984751e-01 1.489282e-02 1.489282e-02 3.456521e-02 8.803050e-02 1.423332e-01 1.790410e-01 2.163019e-01 2.623469e-01 3.836459e-01 5.984751e-01 
156 1561 1.133824e+00 6.258714e-01 1.490160e-02 1.490160e-02 3.482609e-02 8.621687e-02 1.411294e-01 1.795611e-01 2.136688e-01 2.599809e-01 3.817339e-01 6.258714e-01 
157 1571 1.130053e+00 6.401168e-01 1.487362e-02 1.487362e-02 3.437705e-02 8.456897e-02 1.398673e-01 1.785020e-01 2.111298e-01 2.556597e-01 3.753684e-01 6.401168e-01 
158 1581 1.180835e+00 6.841226e-01 1.485190e-02 1.485190e-02 3.386255e-02 8.304220e-02 1.382483e-01 1.750318e-01 2.085930e-01 2.512229e-01 3.739263e-01 6.841226e-01 
159 1591 1.160250e+00 7.049039e-01 1.462323e-02 1.462323e-02 3.339172e-02 8.185231e-02 1.364726e-01 1.732091e-01 2.109291e-01 2.491198e-01 3.700752e-01 7.049039e-01 
160 1601 1.116287e+00 7.141625e-01 1.437059e-02 1.437059e-02 3.314189e-02 8.038874e-02 1.345452e-01 1.704364e-01 2.090328e-01 2.498414e-01 3.658425e-01 7.141625e-01 
161 1611 1.194562e+00 7.361084e-01 1.433348e-02 1.433348e-02 3.263685e-02 7.909668e-02 1.407796e-01 1.698241e-01 2.051383e-01 2.492422e-01 3.660511e-01 7.361084e-01 
162 1621 1.366138e+00 8.287569e-01 1.414989e-02 1.414989e-02 3.232230e-02 7.880540e-02 1.435744e-01 1.679409e-01 2.024903e-01 2.565790e-01 3.611451e-01 8.287569e-01 
163 1631 1.484882e+00 8.776209e-01 1.402913e-02 1.402913e-02 3.189353e-02 7.830535e-02 1.421149e-01 1.652845e-01 1.996641e-01 2.533128e-01 3.549583e-01 8.776209e-01 
164 1641 1.711947e+00 9.311039e-01 1.385515e-02 1.385515e-02 3.434999e-02 7.721421e-02 1.402354e-01 1.621050e-01 1.959770e-01 2.539434e-01 3.524937e-01 9.311039e-01 
165 1651 1.943842e+00 9.729249e-01 1.367522e-02 1.367522e-02 3.478787e-02 7.705747e-02 1.394200e-01 1.600680e-01 1.954216e-01 2.527469e-01 3.493572e-01 9.729249e-01 
166 1661 1.949843e+00 9.735939e-01 1.344357e-02 1.344357e-02 3.444542e-02 7.594399e-02 1.370930e-01 1.588772e-01 1.957498e-01 2.511652e-01 3.461053e-01 9.735939e-01 
167 1671 1.940850e+00 9.680787e-01 1.344336e-02 1.344336e-02 3.413635e-02 7.462335e-02 1.352425e-01 1.588681e-01 1.963757e-01 2.497777e-01 3.464040e-01 9.680787e-01 
168 1681 1.849720e+00 9.639120e-01 1.358322e-02 1.358322e-02 3.410607e-02 7.403997e-02 1.340288e-01 1.580526e-01 1.984704e-01 2.489730e-01 3.426839e-01 9.639120e-01 
169 1691 1.673591e+00 9.511723e-01 1.363945e-02 1.363945e-02 3.417235e-02 7.308610e-02 1.325246e-01 1.569763e-01 1.954554e-01 2.484873e-01 3.423257e-01 9.511723e-01 
170 1701 1.674255e+00 9.478006e-01 1.360168e-02 1.360168e-02 3.390908e-02 7.186833e-02 1.305589e-01 1.557138e-01 1.956660e-01 2.489977e-01 3.468661e-01 9.478006e-01 
171 1711 1.668577e+00 9.397367e-01 1.340791e-02 1.340791e-02 3.334257e-02 7.195843e-02 1.300825e-01 1.547992e-01 1.963747e-01 2.471305e-01 3.488093e-01 9.397367e-01 
172 1721 1.733771e+00 9.254406e-01 1.325966e-02 1.325966e-02 3.280836e-02 7.176859e-02 1.306649e-01 1.547551e-01 1.999011e-01 2.427535e-01 3.690174e-01 9.254406e-01 
173 1731 1.574013e+00 9.066185e-01 1.305321e-02 1.305321e-02 3.252915e-02 7.053184e-02 1.295436e-01 1.535276e-01 1.964556e-01 2.386476e-01 3.685786e-01 9.066185e-01 
174 1741 1.443305e+00 8.907502e-01 1.300639e-02 1.300639e-02 3.220064e-02 6.942511e-02 1.274011e-01 1.518249e-01 1.933178e-01 2.417758e-01 3.619166e-01 8.907502e-01 
175 1751 1.353145e+00 8.782471e-01 1.278902e-02 1.278902e-02 3.215448e-02 6.818070e-02 1.250825e-01 1.549921e-01 1.948832e-01 2.459610e-01 3.617438e-01 8.782471e-01 
176 1761 1.256457e+00 8.858335e-01 1.280268e-02 1.280268e-02 3.158709e-02 6.680452e-02 1.241224e-01 1.551699e-01 1.912084e-01 2.445387e-01 3.554603e-01 8.858335e-01 
177 1771 1.250044e+00 8.903747e-01 1.302012e-02 1.302012e-02 3.155561e-02 6.647569e-02 1.226330e-01 1.529394e-01 1.882700e-01 2.447198e-01 3.503987e-01 8.903747e-01 
178 1781 1.276229e+00 8.933630e-01 1.301186e-02 1.301186e-02 3.250703e-02 6.553790e-02 1.225128e-01 1.545782e-01 1.877467e-01 2.406139e-01 3.473008e-01 8.933630e-01 
179 1791 1.251956e+00 8.865648e-01 1.287915e-02 1.287915e-02 3.242511e-02 6.555270e-02 1.219581e-01 1.536780e-01 1.850561e-01 2.389009e-01 3.508823e-01 8.865648e-01 
180 1801 1.162235e+00 8.790507e-01 1.278253e-02 1.278253e-02 3.204600e-02 6.485066e-02 1.204503e-01 1.516150e-01 1.852882e-01 2.376527e-01 3.465160e-01 8.790507e-01 
181 1811 1.226232e+00 8.669983e-01 1.293338e-02 1.293338e-02 3.194095e-02 6.457886e-02 1.242905e-01 1.503629e-01 1.831898e-01 2.492578e-01 3.400392e-01 8.669983e-01 
182 1821 1.322608e+00 8.596144e-01 1.301706e-02 1.301706e-02 3.147429e-02 6.336036e-02 1.252337e-01 1.529666e-01 1.818482e-01 2.532048e-01 3.359219e-01 8.596144e-01 
183 1831 1.569719e+00 8.584863e-01 1.300789e-02 1.300789e-02 3.116155e-02 6.270945e-02 1.252138e-01 1.519237e-01 1.815281e-01 2.601860e-01 3.351997e-01 8.584863e-01 
184 1841 1.664820e+00 8.456409e-01 1.337987e-02 1.337987e-02 3.214626e-02 6.219042e-02 1.227884e-01 1.497766e-01 1.807991e-01 2.560959e-01 3.319871e-01 8.456409e-01 
185 1851 1.621023e+00 8.542812e-01 1.337175e-02 1.337175e-02 3.253852e-02 6.197424e-02 1.204690e-01 1.490207e-01 1.916483e-01 2.535178e-01 3.280168e-01 8.542812e-01 
186 1861 1.470724e+00 8.409717e-01 1.314521e-02 1.314521e-02 3.218464e-02 6.084894e-02 1.185114e-01 1.476443e-01 1.904132e-01 2.519149e-01 3.220686e-01 8.409717e-01 
187 1871 1.371486e+00 8.270000e-01 1.315145e-02 1.315145e-02 3.159557e-02 5.984093e-02 1.168976e-01 1.455054e-01 1.889948e-01 2.550616e-01 3.213966e-01 8.270000e-01 
188 1881 1.427126e+00 8.168773e-01 1.297723e-02 1.297723e-02 3.262068e-02 5.873697e-02 1.147356e-01 1.447438e-01 1.854763e-01 2.634558e-01 3.178656e-01 8.168773e-01 
189 1891 1.391153e+00 8.087584e-01 1.280848e-02 1.280848e-02 3.221523e-02 5.780129e-02 1.144548e-01 1.435775e-01 1.828801e-01 2.631820e-01 3.133228e-01 8.087584e-01 
190 1901 1.360854e+00 7.963763e-01 1.273869e-02 1.273869e-02 3.278783e-02 5.780868e-02 1.130240e-01 1.443617e-01 1.840820e-01 2.690431e-01 3.109697e-01 7.963763e-01 
191 1911 1.333829e+00 7.969762e-01 1.282349e-02 1.282349e-02 3.250158e-02 5.712645e-02 1.123966e-01 1.478638e-01 1.815419e-01 2.655028e-01 3.072515e-01 7.969762e-01 
192 1921 1.277828e+00 7.859768e-01 1.271430e-02 1.271430e-02 3.233348e-02 5.686571e-02 1.134241e-01 1.474701e-01 1.794942e-01 2.619976e-01 3.017198e-01 7.859768e-01 
193 1931 1.310463e+00 7.875960e-01 1.297650e-02 1.297650e-02 3.191851e-02 5.601170e-02 1.138456e-01 1.451143e-01 1.779390e-01 2.609486e-01 3.102971e-01 7.875960e-01 
194 1941 1.390662e+00 8.001029e-01 1.344084e-02 1.344084e-02 3.163111e-02 5.576858e-02 1.130354e-01 1.430288e-01 1.750314e-01 2.595614e-01 3.065789e-01 8.001029e-01 
195 1951 1.390021e+00 7.886945e-01 1.360529e-02 1.360529e-02 3.134198e-02 5.512053e-02 1.111091e-01 1.405797e-01 1.735673e-01 2.576080e-01 3.077027e-01 7.886945e-01 
196 1961 1.282800e+00 7.724479e-01 1.347018e-02 1.347018e-02 3.077979e-02 5.431781e-02 1.099549e-01 1.411222e-01 1.706896e-01 2.535016e-01 3.065443e-01 7.724479e-01 
197 1971 1.253660e+00 7.658626e-01 1.338535e-02 1.338535e-02 3.046048e-02 5.451953e-02 1.083366e-01 1.403100e-01 1.711158e-01 2.545642e-01 3.032337e-01 7.658626e-01 
198 1981 1.156533e+00 7.511098e-01 1.361354e-02 1.361354e-02 3.034319e-02 5.353565e-02 1.081489e-01 1.378891e-01 1.683523e-01 2.514340e-01 2.976551e-01 7.511098e-01 
199 1991 1.111143e+00 7.429808e-01 1.358035e-02 1.358035e-02 3.022140e-02 5.361964e-02 1.075251e-01 1.367048e-01 1.668907e-01 2.476787e-01 2.963197e-01 7.429808e-01 
200 2001 1.105433e+00 7.427028e-01 1.366594e-02 1.366594e-02 2.983625e-02 5.353905e-02 1.055791e-01 1.381015e-01 1.689514e-01 2.471381e-01 2.928987e-01 7.427028e-01 
201 2011 9.673038e-01 7.493087e-01 1.357682e-02 1.357682e-02 2.931397e-02 5.313241e-02 1.040939e-01 1.358514e-01 1.692681e-01 2.419533e-01 2.895650e-01 7.493087e-01 
202 2021 8.597846e-01 7.644434e-01 1.345425e-02 1.345425e-02 2.900758e-02 5.248278e-02 1.032074e-01 1.377185e-01 1.664246e-01 2.380999e-01 2.873993e-01 7.644434e-01 
203 2031 8.090576e-01 7.647237e-01 1.333201e-02 1.333201e-02 2.923861e-02 5.140703e-02 1.013487e-01 1.385784e-01 1.632729e-01 2.339022e-01 2.833992e-01 7.647237e-01 
204 2041 8.007169e-01 7.514567e-01 1.318649e-02 1.318649e-02 2.947084e-02 5.155310e-02 9.940020e-02 1.403002e-01 1.605259e-01 2.314852e-01 2.879543e-01 7.514567e-01 
205 2051 7.709857e-01 7.366116e-01 1.321662e-02 1.321662e-02 2.971979e-02 5.098204e-02 9.842335e-02 1.393579e-01 1.590137e-01 2.304958e-01 2.867005e-01 7.366116e-01 
206 2061 7.081568e-01 7.289716e-01 1.320053e-02 1.320053e-02 2.965541e-02 5.053429e-02 9.681762e-02 1.383348e-01 1.575615e-01 2.276087e-01 2.835853e-01 7.289716e-01 
207 2071 7.250733e-01 7.198776e-01 1.294517e-02 1.294517e-02 3.024920e-02 4.976816e-02 9.560435e-02 1.359859e-01 1.628570e-01 2.297895e-01 2.783218e-01 7.198776e-01 
208 2081 6.643454e-01 7.102574e-01 1.285457e-02 1.285457e-02 2.983843e-02 4.903540e-02 9.371256e-02 1.340394e-01 1.621498e-01 2.262064e-01 2.748436e-01 7.102574e-01 
209 2091 5.735304e-01 6.985367e-01 1.272206e-02 1.272206e-02 2.934791e-02 4.817334e-02 9.282380e-02 1.318419e-01 1.686523e-01 2.233407e-01 2.707193e-01 6.985367e-01 
210 2101 5.190061e-01 6.864356e-01 1.253533e-02 1.253533e-02 2.911068e-02 4.814852e-02 9.105644e-02 1.297069e-01 1.661892e-01 2.197908e-01 2.758022e-01 6.864356e-01 
211 2111 4.947018e-01 6.747060e-01 1.238311e-02 1.238311e-02 2.902949e-02 4.755992e-02 8.973330e-02 1.321716e-01 1.675030e-01 2.161896e-01 2.737277e-01 6.747060e-01 
212 2121 4.747598e-01 6.672051e-01 1.232423e-02 1.232423e-02 2.862542e-02 4.678199e-02 8.844478e-02 1.312677e-01 1.671803e-01 2.164046e-01 2.811554e-01 6.672051e-01 
213 2131 4.575080e-01 6.618446e-01 1.221927e-02 1.221927e-02 2.918847e-02 4.725938e-02 8.909288e-02 1.302695e-01 1.644449e-01 2.133919e-01 2.767365e-01 6.618446e-01 
214 2141 4.388505e-01 6.528740e-01 1.209598e-02 1.209598e-02 2.907088e-02 4.756528e-02 8.901753e-02 1.304503e-01 1.655466e-01 2.120162e-01 2.769406e-01 6.528740e-01 
215 2151 4.580807e-01 6.533821e-01 1.193162e-02 1.193162e-02 2.930973e-02 4.695865e-02 8.829009e-02 1.293776e-01 1.648809e-01 2.201331e-01 2.784785e-01 6.533821e-01 
216 2161 4.710394e-01 6.591678e-01 1.177734e-02 1.177734e-02 2.951556e-02 4.637217e-02 8.684599e-02 1.267984e-01 1.621663e-01 2.188667e-01 2.921002e-01 6.591678e-01 
217 2171 4.938276e-01 6.664306e-01 1.160396e-02 1.160396e-02 2.898533e-02 4.599293e-02 8.630264e-02 1.245975e-01 1.610132e-01 2.265258e-01 2.960656e-01 6.664306e-01 
218 2181 4.744421e-01 6.746526e-01 1.137095e-02 1.137095e-02 2.865885e-02 4.518867e-02 8.504075e-02 1.236848e-01 1.590044e-01 2.238343e-01 2.922815e-01 6.746526e-01 
219 2191 4.609845e-01 6.671067e-01 1.115092e-02 1.115092e-02 2.917086e-02 4.467104e-02 8.448464e-02 1.219643e-01 1.558640e-01 2.196049e-01 3.003015e-01 6.671067e-01 
220 2201 4.662372e-01 6.680332e-01 1.118750e-02 1.118750e-02 2.888199e-02 4.435852e-02 8.416430e-02 1.196133e-01 1.540847e-01 2.246236e-01 3.004552e-01 6.680332e-01 
221 2211 4.836585e-01 6.706753e-01 1.109961e-02 1.109961e-02 2.882018e-02 4.455827e-02 8.292345e-02 1.200659e-01 1.535278e-01 2.223609e-01 2.997188e-01 6.706753e-01 
222 2221 4.977742e-01 6.692961e-01 1.091057e-02 1.091057e-02 2.834135e-02 4.516361e-02 8.269801e-02 1.222060e-01 1.504719e-01 2.195446e-01 2.971497e-01 6.692961e-01 
223 2231 5.017812e-01 6.582947e-01 1.100480e-02 1.100480e-02 2.831124e-02 4.534884e-02 8.307909e-02 1.210416e-01 1.491978e-01 2.159042e-01 3.029652e-01 6.582947e-01 
224 2241 5.071075e-01 6.507276e-01 1.084756e-02 1.084756e-02 2.842129e-02 4.535541e-02 8.252817e-02 1.254803e-01 1.489853e-01 2.121869e-01 2.985048e-01 6.507276e-01 
225 2251 4.762768e-01 6.415341e-01 1.073146e-02 1.073146e-02 2.868960e-02 4.475374e-02 8.208942e-02 1.265439e-01 1.466324e-01 2.098145e-01 3.028298e-01 6.415341e-01 
226 2261 4.370191e-01 6.345465e-01 1.058126e-02 1.058126e-02 2.822653e-02 4.474196e-02 8.069998e-02 1.296815e-01 1.442823e-01 2.084482e-01 3.035881e-01 6.345465e-01 
227 2271 4.018736e-01 6.328532e-01 1.044217e-02 1.044217e-02 2.776559e-02 4.402061e-02 8.012653e-02 1.277050e-01 1.424419e-01 2.050801e-01 3.023851e-01 6.328532e-01 
228 2281 3.931193e-01 6.460223e-01 1.040646e-02 1.040646e-02 2.728447e-02 4.360911e-02 7.922563e-02 1.290638e-01 1.396962e-01 2.013449e-01 2.988448e-01 6.460223e-01 
229 2291 3.666239e-01 6.461680e-01 1.037901e-02 1.037901e-02 2.695630e-02 4.289436e-02 7.849746e-02 1.271326e-01 1.389260e-01 1.991926e-01 2.941698e-01 6.461680e-01 
230 2301 3.666502e-01 6.368019e-01 1.043736e-02 1.043736e-02 2.669482e-02 4.331864e-02 7.768469e-02 1.287071e-01 1.407268e-01 1.955580e-01 2.894429e-01 6.368019e-01 
231 2311 3.477284e-01 6.284410e-01 1.025346e-02 1.025346e-02 2.682013e-02 4.300749e-02 7.657727e-02 1.268073e-01 1.419180e-01 1.936017e-01 2.938025e-01 6.284410e-01 
232 2321 3.449639e-01 6.205987e-01 1.011451e-02 1.011451e-02 2.680506e-02 4.312299e-02 7.543869e-02 1.263161e-01 1.413941e-01 1.975894e-01 2.941538e-01 6.205987e-01 
233 2331 3.093083e-01 6.210201e-01 1.015742e-02 1.015742e-02 2.656690e-02 4.288273e-02 7.611034e-02 1.244627e-01 1.425693e-01 1.975682e-01 2.900199e-01 6.210201e-01 
234 2341 3.123254e-01 6.178139e-01 9.996222e-03 9.996222e-03 2.641270e-02 4.208646e-02 7.892742e-02 1.223875e-01 1.438995e-01 1.942709e-01 2.881447e-01 6.178139e-01 
235 2351 3.331129e-01 6.071127e-01 9.879182e-03 9.879182e-03 2.673504e-02 4.142505e-02 7.895739e-02 1.209317e-01 1.549676e-01 1.915011e-01 2.896510e-01 6.071127e-01 
236 2361 3.630054e-01 5.975137e-01 9.808846e-03 9.808846e-03 2.701899e-02 4.066386e-02 7.902613e-02 1.221301e-01 1.591935e-01 1.897727e-01 2.957002e-01 5.975137e-01 
237 2371 3.507786e-01 5.885940e-01 9.754144e-03 9.754144e-03 2.753643e-02 3.986142e-02 7.831064e-02 1.200333e-01 1.573037e-01 1.900445e-01 2.927035e-01 5.885940e-01 
238 2381 3.663209e-01 5.863091e-01 9.962721e-03 9.962721e-03 2.727777e-02 3.994727e-02 7.820273e-02 1.205963e-01 1.578562e-01 1.884951e-01 3.003842e-01 5.863091e-01 
239 2391 3.703875e-01 5.925844e-01 1.014728e-02 1.014728e-02 2.687739e-02 3.939820e-02 7.669128e-02 1.192313e-01 1.593124e-01 1.856946e-01 3.021154e-01 5.925844e-01 
240 2401 3.611252e-01 5.934382e-01 9.995871e-03 9.995871e-03 2.706822e-02 3.918656e-02 7.579480e-02 1.194300e-01 1.606299e-01 1.850397e-01 2.991550e-01 5.934382e-01 
241 2411 3.804262e-01 5.916000e-01 1.024565e-02 1.024565e-02 2.711318e-02 3.907572e-02 7.501170e-02 1.192586e-01 1.588520e-01 1.819473e-01 3.089446e-01 5.916000e-01 
242 2421 4.179481e-01 5.898669e-01 1.013472e-02 1.013472e-02 2.766278e-02 3.848016e-02 7.528413e-02 1.174122e-01 1.562625e-01 1.828988e-01 3.191219e-01 5.898669e-01 
243 2431 4.045282e-01 5.820692e-01 1.000998e-02 1.000998e-02 2.739370e-02 3.814891e-02 7.466492e-02 1.182422e-01 1.589034e-01 1.834700e-01 3.151612e-01 5.820692e-01 
244 2441 3.919601e-01 5.768577e-01 9.988014e-03 9.988014e-03 2.748423e-02 3.772577e-02 7.397610e-02 1.176394e-01 1.590194e-01 1.807415e-01 3.209358e-01 5.768577e-01 
245 2451 4.043155e-01 5.673434e-01 9.974947e-03 9.974947e-03 2.718044e-02 3.728757e-02 7.551684e-02 1.152623e-01 1.581366e-01 1.772861e-01 3.267998e-01 5.673434e-01 
246 2461 3.576220e-01 5.657168e-01 9.903625e-03 9.903625e-03 2.690936e-02 3.655863e-02 7.465485e-02 1.131758e-01 1.556800e-01 1.770343e-01 3.283820e-01 5.657168e-01 
247 2471 3.533333e-01 5.700742e-01 9.703491e-03 9.703491e-03 2.693078e-02 3.634436e-02 7.493504e-02 1.118169e-01 1.571433e-01 1.806064e-01 3.220320e-01 5.700742e-01 
248 2481 3.376487e-01 5.674215e-01 9.679803e-03 9.679803e-03 2.646662e-02 3.570895e-02 7.408448e-02 1.101380e-01 1.556160e-01 1.818806e-01 3.164768e-01 5.674215e-01 
249 2491 3.488578e-01 5.629810e-01 9.598365e-03 9.598365e-03 2.850033e-02 3.524340e-02 7.289995e-02 1.087538e-01 1.570843e-01 1.808423e-01 3.128184e-01 5.629810e-01 
250 2501 3.241075e-01 5.562065e-01 9.735098e-03 9.735098e-03 2.867185e-02 3.466414e-02 7.269945e-02 1.079442e-01 1.557758e-01 1.795341e-01 3.079348e-01 5.562065e-01 
251 2511 2.995911e-01 5.531044e-01 9.607363e-03 9.607363e-03 2.823265e-02 3.404051e-02 7.198009e-02 1.067038e-01 1.540953e-01 1.764552e-01 3.121509e-01 5.531044e-01 
252 2521 2.854853e-01 5.586121e-01 9.474609e-03 9.474609e-03 2.831697e-02 3.342920e-02 7.154197e-02 1.067933e-01 1.532029e-01 1.769532e-01 3.091657e-01 5.586121e-01 
253 2531 2.922982e-01 5.790081e-01 9.336285e-03 9.336285e-03 2.869279e-02 3.312072e-02 7.277440e-02 1.071249e-01 1.513491e-01 1.746384e-01 3.055228e-01 5.790081e-01 
254 2541 2.613131e-01 5.743867e-01 9.205420e-03 9.205420e-03 2.851081e-02 3.267708e-02 7.220185e-02 1.051807e-01 1.482550e-01 1.721771e-01 2.999973e-01 5.743867e-01 
255 2551 2.326944e-01 5.638448e-01 9.055668e-03 9.055668e-03 2.810135e-02 3.214418e-02 7.231858e-02 1.044584e-01 1.469750e-01 1.719873e-01 2.947996e-01 5.638448e-01 
256 2561 2.213036e-01 5.555521e-01 8.874472e-03 8.874472e-03 2.862056e-02 3.155485e-02 7.247797e-02 1.042488e-01 1.451760e-01 1.694628e-01 2.901105e-01 5.555521e-01 
257 2571 2.139503e-01 5.498294e-01 8.927949e-03 8.927949e-03 2.839352e-02 3.140276e-02 7.189716e-02 1.031864e-01 1.444713e-01 1.728661e-01 2.856550e-01 5.498294e-01 
258 2581 2.287246e-01 5.400861e-01 8.818584e-03 8.818584e-03 2.825049e-02 3.127982e-02 7.109700e-02 1.021524e-01 1.489499e-01 1.779624e-01 2.947413e-01 5.400861e-01 
259 2591 2.203105e-01 5.365312e-01 8.756084e-03 8.756084e-03 2.775963e-02 3.071135e-02 7.063416e-02 1.025313e-01 1.471621e-01 1.792121e-01 2.948362e-01 5.365312e-01 
260 2601 2.323173e-01 5.295381e-01 8.932443e-03 8.932443e-03 2.854760e-02 3.017344e-02 6.929117e-02 1.035184e-01 1.442840e-01 1.770446e-01 3.042763e-01 5.295381e-01 
261 2611 2.165655e-01 5.197513e-01 8.942580e-03 8.942580e-03 2.824624e-02 2.960020e-02 6.798316e-02 1.019380e-01 1.422178e-01 1.735728e-01 3.062336e-01 5.197513e-01 
262 2621 2.042962e-01 5.105687e-01 8.780343e-03 8.780343e-03 2.797413e-02 2.909412e-02 6.731735e-02 1.009462e-01 1.408815e-01 1.824673e-01 3.051413e-01 5.105687e-01 
263 2631 2.148662e-01 5.071596e-01 8.702996e-03 8.702996e-03 2.786777e-02 2.864468e-02 6.753624e-02 9.999877e-02 1.462063e-01 1.860473e-01 2.992797e-01 5.071596e-01 
264 2641 2.204557e-01 5.039172e-01 8.561198e-03 8.561198e-03 2.769453e-02 2.845824e-02 6.670075e-02 9.887172e-02 1.440297e-01 1.924011e-01 2.975526e-01 5.039172e-01 
265 2651 2.028925e-01 4.962024e-01 8.482291e-03 8.482291e-03 2.735079e-02 2.807977e-02 6.610134e-02 9.756654e-02 1.462332e-01 1.967071e-01 2.960559e-01 4.962024e-01 
266 2661 1.858977e-01 4.895812e-01 8.425257e-03 8.425257e-03 2.701619e-02 2.767825e-02 6.529388e-02 9.563579e-02 1.459760e-01 1.931112e-01 2.906562e-01 4.895812e-01 
267 2671 1.935383e-01 4.810159e-01 8.525182e-03 8.525182e-03 2.656187e-02 2.795165e-02 6.476541e-02 9.411960e-02 1.455354e-01 1.943378e-01 2.996282e-01 4.810159e-01 
268 2681 2.019733e-01 4.723029e-01 8.522151e-03 8.522151e-03 2.642488e-02 2.828237e-02 6.437636e-02 9.243964e-02 1.438070e-01 1.920746e-01 3.020817e-01 4.723029e-01 
269 2691 2.090161e-01 4.688039e-01 8.706783e-03 8.706783e-03 2.607166e-02 2.817274e-02 6.487630e-02 9.133962e-02 1.447510e-01 1.953213e-01 2.994386e-01 4.688039e-01 
270 2701 2.163260e-01 4.605969e-01 8.615230e-03 8.615230e-03 2.559608e-02 2.851050e-02 6.445714e-02 9.159416e-02 1.460441e-01 2.003035e-01 2.975252e-01 4.605969e-01 
271 2711 2.347779e-01 4.976972e-01 8.479759e-03 8.479759e-03 2.560876e-02 2.833209e-02 6.571041e-02 9.214101e-02 1.437943e-01 1.979333e-01 2.957540e-01 4.976972e-01 
272 2721 2.474491e-01 5.171053e-01 8.466227e-03 8.466227e-03 2.516558e-02 2.782426e-02 6.694328e-02 9.538069e-02 1.417425e-01 1.967536e-01 2.914701e-01 5.171053e-01 
273 2731 2.353789e-01 5.166878e-01 8.575588e-03 8.575588e-03 2.467556e-02 2.753989e-02 6.708008e-02 9.382758e-02 1.408336e-01 1.941325e-01 2.856398e-01 5.166878e-01 
274 2741 2.227442e-01 5.166996e-01 8.506165e-03 8.506165e-03 2.417074e-02 2.726649e-02 6.579662e-02 9.263971e-02 1.405108e-01 1.906224e-01 2.826315e-01 5.166996e-01 
275 2751 2.014915e-01 5.152752e-01 8.359907e-03 8.359907e-03 2.370580e-02 2.692661e-02 6.466099e-02 9.125197e-02 1.388274e-01 1.887155e-01 2.800922e-01 5.152752e-01 
276 2761 1.946288e-01 5.146564e-01 8.244381e-03 8.244381e-03 2.323275e-02 2.697852e-02 6.358098e-02 9.059893e-02 1.381747e-01 1.894863e-01 2.790646e-01 5.146564e-01 
277 2771 1.838998e-01 5.067269e-01 8.291971e-03 8.291971e-03 2.280800e-02 2.668950e-02 6.239001e-02 8.943334e-02 1.367821e-01 1.927524e-01 2.784374e-01 5.067269e-01 
278 2781 1.838929e-01 5.131667e-01 8.143482e-03 8.143482e-03 2.236983e-02 2.678020e-02 6.171036e-02 8.913675e-02 1.395135e-01 1.911931e-01 2.738728e-01 5.131667e-01 
279 2791 1.923557e-01 5.100612e-01 8.155946e-03 8.155946e-03 2.191940e-02 2.845861e-02 6.064526e-02 8.829966e-02 1.378521e-01 1.881568e-01 2.728220e-01 5.100612e-01 
280 2801 2.034257e-01 5.059385e-01 8.085717e-03 8.085717e-03 2.159480e-02 2.880671e-02 6.148435e-02 8.999845e-02 1.390092e-01 1.858421e-01 2.748995e-01 5.059385e-01 
281 2811 1.998550e-01 5.274069e-01 8.043688e-03 8.043688e-03 2.141774e-02 2.879581e-02 6.021297e-02 8.852086e-02 1.398013e-01 1.895556e-01 2.752204e-01 5.274069e-01 
282 2821 1.989060e-01 5.448874e-01 7.973927e-03 7.973927e-03 2.097051e-02 2.871964e-02 5.922067e-02 8.702298e-02 1.394983e-01 1.893273e-01 2.732874e-01 5.448874e-01 
283 2831 1.855763e-01 5.456963e-01 7.859002e-03 7.859002e-03 2.055076e-02 2.852010e-02 5.847506e-02 8.549359e-02 1.389844e-01 1.869604e-01 2.680703e-01 5.456963e-01 
284 2841 1.866073e-01 5.381188e-01 7.762164e-03 7.762164e-03 2.054436e-02 2.837197e-02 5.885725e-02 8.551064e-02 1.398122e-01 1.841349e-01 2.705078e-01 5.381188e-01 
285 2851 1.955328e-01 5.544070e-01 7.649208e-03 7.649208e-03 2.022538e-02 2.899877e-02 5.825722e-02 8.640657e-02 1.393784e-01 1.842678e-01 2.680334e-01 5.544070e-01 
286 2861 1.949128e-01 5.796241e-01 7.622964e-03 7.622964e-03 2.003106e-02 2.879856e-02 5.744722e-02 8.732368e-02 1.393064e-01 1.819352e-01 2.632345e-01 5.796241e-01 
287 2871 2.069956e-01 5.903213e-01 7.834598e-03 7.834598e-03 1.972771e-02 2.930725e-02 5.676287e-02 8.620214e-02 1.405242e-01 1.808148e-01 2.660667e-01 5.903213e-01 
288 2881 2.040489e-01 5.812620e-01 7.893249e-03 7.893249e-03 1.937570e-02 2.939400e-02 5.574842e-02 8.478583e-02 1.389018e-01 1.812031e-01 2.621701e-01 5.812620e-01 
289 2891 2.084036e-01 5.763934e-01 7.879010e-03 7.879010e-03 1.919093e-02 2.935289e-02 5.531935e-02 8.577961e-02 1.386535e-01 1.779163e-01 2.617620e-01 5.763934e-01 
290 2901 2.120079e-01 5.720723e-01 7.783834e-03 7.783834e-03 1.896051e-02 2.943769e-02 5.622418e-02 8.843648e-02 1.385671e-01 1.796018e-01 2.629649e-01 5.720723e-01 
291 2911 2.050022e-01 5.606570e-01 7.939251e-03 7.939251e-03 1.864615e-02 2.930153e-02 5.542820e-02 8.920927e-02 1.373704e-01 1.786927e-01 2.601348e-01 5.606570e-01 
292 2921 1.942182e-01 5.645083e-01 7.908410e-03 7.908410e-03 1.837887e-02 2.882845e-02 5.453355e-02 8.871770e-02 1.346797e-01 1.805383e-01 2.598042e-01 5.645083e-01 
293 2931 1.788994e-01 5.559052e-01 7.759948e-03 7.759948e-03 1.801942e-02 2.951395e-02 5.390213e-02 8.868189e-02 1.329961e-01 1.784920e-01 2.560502e-01 5.559052e-01 
294 2941 1.737266e-01 5.521223e-01 7.626068e-03 7.626068e-03 1.770908e-02 3.042093e-02 5.333280e-02 8.777527e-02 1.312807e-01 1.753520e-01 2.522837e-01 5.521223e-01 
295 2951 1.864173e-01 5.565997e-01 7.486792e-03 7.486792e-03 1.744202e-02 3.272378e-02 5.362329e-02 8.630988e-02 1.303616e-01 1.752763e-01 2.486951e-01 5.565997e-01 
296 2961 1.684833e-01 5.554430e-01 7.368445e-03 7.368445e-03 1.713610e-02 3.280097e-02 5.298025e-02 8.515088e-02 1.296090e-01 1.716758e-01 2.483584e-01 5.554430e-01 
297 2971 1.626804e-01 5.641072e-01 7.284446e-03 7.284446e-03 1.679926e-02 3.258358e-02 5.215839e-02 8.449285e-02 1.280929e-01 1.717795e-01 2.476616e-01 5.641072e-01 
298 2981 1.609258e-01 5.865269e-01 7.194261e-03 7.194261e-03 1.651917e-02 3.262141e-02 5.190837e-02 8.317203e-02 1.287153e-01 1.701154e-01 2.460599e-01 5.865269e-01 
299 2991 1.632740e-01 5.930385e-01 7.294408e-03 7.294408e-03 1.629744e-02 3.370036e-02 5.092818e-02 8.176862e-02 1.284873e-01 1.672495e-01 2.429450e-01 5.930385e-01 
300 3001 1.780256e-01 6.140735e-01 7.450903e-03 7.450903e-03 1.628827e-02 3.337690e-02 5.019238e-02 8.212202e-02 1.283703e-01 1.671525e-01 2.455809e-01 6.140735e-01 
301 3011 1.824314e-01 6.213873e-01 7.453693e-03 7.453693e-03 1.618953e-02 3.306675e-02 4.952594e-02 8.105010e-02 1.282015e-01 1.659452e-01 2.429444e-01 6.213873e-01 
302 3021 1.924800e-01 6.384459e-01 7.380121e-03 7.380121e-03 1.603767e-02 3.242078e-02 4.914476e-02 8.104117e-02 1.286643e-01 1.698115e-01 2.396725e-01 6.384459e-01 
303 3031 1.879188e-01 6.411907e-01 7.367805e-03 7.367805e-03 1.585547e-02 3.209481e-02 4.828495e-02 8.103108e-02 1.281044e-01 1.686007e-01 2.407801e-01 6.411907e-01 
304 3041 1.737751e-01 6.313271e-01 7.274096e-03 7.274096e-03 1.560850e-02 3.184986e-02 4.744070e-02 8.130665e-02 1.350628e-01 1.671590e-01 2.398944e-01 6.313271e-01 
305 3051 1.615730e-01 6.370978e-01 7.150645e-03 7.150645e-03 1.536856e-02 3.166085e-02 4.695184e-02 7.997531e-02 1.345484e-01 1.655377e-01 2.404388e-01 6.370978e-01 
306 3061 1.600203e-01 6.494818e-01 7.080276e-03 7.080276e-03 1.518107e-02 3.199369e-02 4.789209e-02 7.904379e-02 1.334462e-01 1.637362e-01 2.379369e-01 6.494818e-01 
307 3071 1.599700e-01 6.555475e-01 6.978011e-03 6.978011e-03 1.505962e-02 3.251362e-02 4.721430e-02 7.803540e-02 1.311620e-01 1.617743e-01 2.348071e-01 6.555475e-01 
308 3081 1.503710e-01 6.464482e-01 6.872814e-03 6.872814e-03 1.485184e-02 3.279316e-02 4.734622e-02 7.661917e-02 1.302256e-01 1.626884e-01 2.323706e-01 6.464482e-01 
309 3091 1.431604e-01 6.389508e-01 6.733198e-03 6.733198e-03 1.464287e-02 3.222706e-02 4.703015e-02 7.907351e-02 1.279953e-01 1.612853e-01 2.301299e-01 6.389508e-01 
310 3101 1.399610e-01 6.325937e-01 6.776462e-03 6.776462e-03 1.442957e-02 3.217896e-02 4.682740e-02 8.094673e-02 1.277244e-01 1.591338e-01 2.260616e-01 6.325937e-01 
311 3111 1.466156e-01 6.241984e-01 6.775166e-03 6.775166e-03 1.425924e-02 3.264751e-02 4.634561e-02 8.267813e-02 1.256817e-01 1.578917e-01 2.348122e-01 6.241984e-01 
312 3121 1.405539e-01 6.122162e-01 6.719108e-03 6.719108e-03 1.404859e-02 3.271154e-02 4.590331e-02 8.288299e-02 1.255025e-01 1.567433e-01 2.370423e-01 6.122162e-01 
313 3131 1.474463e-01 6.075668e-01 6.638507e-03 6.638507e-03 1.384274e-02 3.215838e-02 4.549677e-02 8.491924e-02 1.242436e-01 1.642932e-01 2.349760e-01 6.075668e-01 
314 3141 1.502370e-01 5.966728e-01 6.526273e-03 6.526273e-03 1.359385e-02 3.169136e-02 4.502144e-02 8.561769e-02 1.221474e-01 1.631778e-01 2.462027e-01 5.966728e-01 
315 3151 1.454505e-01 5.896957e-01 6.414552e-03 6.414552e-03 1.345231e-02 3.126851e-02 4.445315e-02 8.465098e-02 1.207592e-01 1.606857e-01 2.521875e-01 5.896957e-01 
316 3161 1.312817e-01 5.796594e-01 6.313905e-03 6.313905e-03 1.334515e-02 3.082029e-02 4.410864e-02 8.530653e-02 1.186111e-01 1.579926e-01 2.496727e-01 5.796594e-01 
317 3171 1.183479e-01 5.707141e-01 6.212193e-03 6.212193e-03 1.323797e-02 3.020472e-02 4.386613e-02 8.397884e-02 1.175165e-01 1.598560e-01 2.460149e-01 5.707141e-01 
318 3181 1.097608e-01 5.732248e-01 6.190823e-03 6.190823e-03 1.306482e-02 2.985429e-02 4.334785e-02 8.247160e-02 1.154914e-01 1.614869e-01 2.414753e-01 5.732248e-01 
319 3191 1.015618e-01 5.681099e-01 6.073300e-03 6.073300e-03 1.299557e-02 2.968603e-02 4.340798e-02 8.159957e-02 1.185765e-01 1.596498e-01 2.369909e-01 5.681099e-01 
320 3201 9.487579e-02 5.584093e-01 6.172881e-03 6.172881e-03 1.286290e-02 2.924509e-02 4.329802e-02 8.450650e-02 1.168127e-01 1.569780e-01 2.329201e-01 5.584093e-01 
321 3211 8.830716e-02 5.556102e-01 6.069625e-03 6.069625e-03 1.280288e-02 2.876948e-02 4.282108e-02 8.338305e-02 1.145522e-01 1.588887e-01 2.296057e-01 5.556102e-01 
322 3221 8.351626e-02 5.458985e-01 5.950136e-03 5.950136e-03 1.258272e-02 2.925362e-02 4.252732e-02 8.207490e-02 1.142329e-01 1.568814e-01 2.253243e-01 5.458985e-01 
323 3231 7.602877e-02 5.389191e-01 5.866672e-03 5.866672e-03 1.233962e-02 2.936180e-02 4.237736e-02 8.123718e-02 1.126383e-01 1.541297e-01 2.222469e-01 5.389191e-01 
324 3241 6.981508e-02 5.278562e-01 5.814365e-03 5.814365e-03 1.224659e-02 2.918377e-02 4.234091e-02 7.981282e-02 1.119763e-01 1.515296e-01 2.184115e-01 5.278562e-01 
325 3251 6.759191e-02 5.191457e-01 5.722226e-03 5.722226e-03 1.219426e-02 2.875509e-02 4.235363e-02 7.833322e-02 1.165339e-01 1.506284e-01 2.194110e-01 5.191457e-01 
326 3261 6.748674e-02 5.189638e-01 5.689176e-03 5.689176e-03 1.209460e-02 2.844655e-02 4.166716e-02 7.744406e-02 1.163502e-01 1.522231e-01 2.230279e-01 5.189638e-01 
327 3271 6.983087e-02 5.136975e-01 5.727564e-03 5.727564e-03 1.212193e-02 2.840152e-02 4.107017e-02 7.694465e-02 1.163978e-01 1.532170e-01 2.205371e-01 5.136975e-01 
328 3281 6.473697e-02 5.060656e-01 5.723104e-03 5.723104e-03 1.196410e-02 2.806644e-02 4.072453e-02 7.569516e-02 1.172188e-01 1.531033e-01 2.217016e-01 5.060656e-01 
329 3291 6.125814e-02 4.981500e-01 5.670919e-03 5.670919e-03 1.183067e-02 2.779901e-02 4.026050e-02 7.478522e-02 1.172984e-01 1.528527e-01 2.227437e-01 4.981500e-01 
330 3301 5.640148e-02 4.896441e-01 5.597823e-03 5.597823e-03 1.164786e-02 2.795574e-02 3.978576e-02 7.428056e-02 1.159400e-01 1.508281e-01 2.232817e-01 4.896441e-01 
331 3311 6.105201e-02 4.847153e-01 5.600507e-03 5.600507e-03 1.176846e-02 2.750087e-02 3.958502e-02 7.883985e-02 1.148541e-01 1.486317e-01 2.302029e-01 4.847153e-01 
332 3321 6.063005e-02 4.862367e-01 5.597624e-03 5.597624e-03 1.163496e-02 2.720469e-02 3.929982e-02 7.786222e-02 1.153309e-01 1.474844e-01 2.402474e-01 4.862367e-01 
333 3331 6.167046e-02 4.794719e-01 5.486004e-03 5.486004e-03 1.162830e-02 2.702424e-02 3.874540e-02 7.708098e-02 1.183248e-01 1.469634e-01 2.420273e-01 4.794719e-01 
334 3341 6.273240e-02 4.758781e-01 5.507658e-03 5.507658e-03 1.176916e-02 2.672648e-02 3.892336e-02 7.605989e-02 1.170484e-01 1.458927e-01 2.397831e-01 4.758781e-01 
335 3351 5.925689e-02 4.699152e-01 5.443535e-03 5.443535e-03 1.166535e-02 2.658913e-02 3.829104e-02 7.581941e-02 1.155679e-01 1.460928e-01 2.379318e-01 4.699152e-01 
336 3361 6.041804e-02 4.675790e-01 5.377093e-03 5.377093e-03 1.144808e-02 2.676571e-02 3.793820e-02 7.432746e-02 1.141335e-01 1.482794e-01 2.366663e-01 4.675790e-01 
337 3371 6.403232e-02 4.635811e-01 5.333254e-03 5.333254e-03 1.158490e-02 2.805294e-02 3.816728e-02 7.344509e-02 1.162888e-01 1.468764e-01 2.330349e-01 4.635811e-01 
338 3381 6.206970e-02 4.643544e-01 5.280033e-03 5.280033e-03 1.143422e-02 2.819258e-02 3.781207e-02 7.296841e-02 1.165105e-01 1.442642e-01 2.388236e-01 4.643544e-01 
339 3391 6.160451e-02 4.630776e-01 5.476066e-03 5.476066e-03 1.130314e-02 2.779704e-02 3.827037e-02 7.179704e-02 1.169948e-01 1.421484e-01 2.416491e-01 4.630776e-01 
340 3401 6.762226e-02 4.711779e-01 5.399360e-03 5.399360e-03 1.108350e-02 2.770775e-02 3.939420e-02 7.045939e-02 1.239314e-01 1.426616e-01 2.380881e-01 4.711779e-01 
341 3411 7.199613e-02 4.694539e-01 5.350507e-03 5.350507e-03 1.098708e-02 2.751963e-02 3.898268e-02 6.914909e-02 1.327400e-01 1.420137e-01 2.367347e-01 4.694539e-01 
342 3421 7.015948e-02 4.641869e-01 5.278108e-03 5.278108e-03 1.076453e-02 2.731841e-02 3.861644e-02 6.990761e-02 1.333874e-01 1.418546e-01 2.334068e-01 4.641869e-01 
343 3431 7.345673e-02 4.628002e-01 5.282689e-03 5.282689e-03 1.063390e-02 2.804124e-02 3.884228e-02 7.043425e-02 1.376217e-01 1.393358e-01 2.342106e-01 4.628002e-01 
344 3441 7.701639e-02 4.542341e-01 5.246968e-03 5.246968e-03 1.054467e-02 2.793838e-02 3.870197e-02 7.103970e-02 1.381855e-01 1.413049e-01 2.298714e-01 4.542341e-01 
345 3451 7.841520e-02 4.542029e-01 5.306870e-03 5.306870e-03 1.038008e-02 2.752110e-02 3.812427e-02 7.077783e-02 1.378980e-01 1.437188e-01 2.294387e-01 4.542029e-01 
346 3461 7.567744e-02 4.469333e-01 5.315330e-03 5.315330e-03 1.043386e-02 2.722042e-02 3.795057e-02 7.021345e-02 1.362202e-01 1.428544e-01 2.277650e-01 4.469333e-01 
347 3471 7.406511e-02 4.418395e-01 5.239020e-03 5.239020e-03 1.043670e-02 2.735289e-02 3.745891e-02 7.001464e-02 1.345367e-01 1.426274e-01 2.259090e-01 4.418395e-01 
348 3481 6.898146e-02 4.374685e-01 5.150053e-03 5.150053e-03 1.043116e-02 2.791151e-02 3.714604e-02 6.925811e-02 1.323283e-01 1.403444e-01 2.224187e-01 4.374685e-01 
349 3491 6.414811e-02 4.311507e-01 5.118079e-03 5.118079e-03 1.024563e-02 2.800790e-02 3.728655e-02 6.998117e-02 1.304776e-01 1.387836e-01 2.226157e-01 4.311507e-01 
350 3501 5.725340e-02 4.246418e-01 5.051661e-03 5.051661e-03 1.019027e-02 2.796147e-02 3.702406e-02 6.937348e-02 1.290267e-01 1.367482e-01 2.196891e-01 4.246418e-01 
351 3511 5.270792e-02 4.168439e-01 4.980040e-03 4.980040e-03 1.010709e-02 2.776378e-02 3.675019e-02 6.922978e-02 1.269675e-01 1.348613e-01 2.157867e-01 4.168439e-01 
352 3521 5.827603e-02 4.142492e-01 4.881439e-03 4.881439e-03 1.007738e-02 2.918630e-02 3.806625e-02 7.054736e-02 1.300313e-01 1.340393e-01 2.135772e-01 4.142492e-01 
353 3531 5.520621e-02 4.074405e-01 4.825491e-03 4.825491e-03 1.000566e-02 2.887644e-02 3.829380e-02 6.996041e-02 1.281855e-01 1.351099e-01 2.099422e-01 4.074405e-01 
354 3541 5.541485e-02 4.047234e-01 4.822251e-03 4.822251e-03 9.809380e-03 2.842892e-02 3.758190e-02 6.952599e-02 1.299423e-01 1.361094e-01 2.094695e-01 4.047234e-01 
355 3551 5.627189e-02 3.968051e-01 4.739975e-03 4.739975e-03 9.733630e-03 2.974926e-02 3.717429e-02 6.898241e-02 1.307626e-01 1.344788e-01 2.126957e-01 3.968051e-01 
356 3561 5.247008e-02 3.953657e-01 4.674186e-03 4.674186e-03 9.630697e-03 2.934770e-02 3.664070e-02 6.856909e-02 1.288665e-01 1.342918e-01 2.115289e-01 3.953657e-01 
357 3571 5.592703e-02 4.026366e-01 4.674697e-03 4.674697e-03 9.600236e-03 2.906652e-02 3.705113e-02 6.818171e-02 1.270365e-01 1.376707e-01 2.137203e-01 4.026366e-01 
358 3581 5.979578e-02 4.029167e-01 4.657545e-03 4.657545e-03 9.564674e-03 2.883104e-02 3.654029e-02 6.713453e-02 1.250843e-01 1.415193e-01 2.153884e-01 4.029167e-01 
359 3591 6.211828e-02 4.015338e-01 4.599300e-03 4.599300e-03 9.386251e-03 2.851688e-02 3.621841e-02 6.686803e-02 1.236190e-01 1.407119e-01 2.222777e-01 4.015338e-01 
360 3601 6.045875e-02 3.955126e-01 4.611690e-03 4.611690e-03 9.338178e-03 2.817337e-02 3.594615e-02 6.564141e-02 1.236631e-01 1.389826e-01 2.208731e-01 3.955126e-01 
361 3611 6.384910e-02 3.905616e-01 4.549656e-03 4.549656e-03 9.175788e-03 3.025133e-02 3.593566e-02 6.508313e-02 1.250133e-01 1.395582e-01 2.178660e-01 3.905616e-01 
362 3621 7.314840e-02 3.848531e-01 4.518785e-03 4.518785e-03 9.014094e-03 3.189703e-02 3.576253e-02 6.373897e-02 1.341483e-01 1.391818e-01 2.180020e-01 3.848531e-01 
363 3631 7.869384e-02 4.030259e-01 4.519614e-03 4.519614e-03 8.881853e-03 3.224132e-02 3.536783e-02 6.347984e-02 1.346200e-01 1.396031e-01 2.149705e-01 4.030259e-01 
364 3641 8.514548e-02 4.008382e-01 4.736807e-03 4.736807e-03 8.865231e-03 3.191551e-02 3.557051e-02 6.246192e-02 1.326117e-01 1.409308e-01 2.125681e-01 4.008382e-01 
365 3651 8.038276e-02 3.980991e-01 4.707860e-03 4.707860e-03 8.807635e-03 3.148310e-02 3.493040e-02 6.162135e-02 1.314741e-01 1.404982e-01 2.101890e-01 3.980991e-01 
366 3661 8.209097e-02 3.983535e-01 4.720763e-03 4.720763e-03 8.649471e-03 3.098499e-02 3.508238e-02 6.234921e-02 1.294182e-01 1.447046e-01 2.079410e-01 3.983535e-01 
367 3671 8.979761e-02 4.091627e-01 4.990026e-03 4.990026e-03 8.533045e-03 3.056526e-02 3.456368e-02 6.151849e-02 1.282665e-01 1.455793e-01 2.103966e-01 4.091627e-01 
368 3681 8.645046e-02 4.048844e-01 4.974737e-03 4.974737e-03 8.473830e-03 3.049845e-02 3.469639e-02 6.104668e-02 1.262593e-01 1.436520e-01 2.106528e-01 4.048844e-01 
369 3691 7.908020e-02 3.991996e-01 4.919052e-03 4.919052e-03 8.465901e-03 3.035612e-02 3.447067e-02 6.026613e-02 1.280181e-01 1.421019e-01 2.071401e-01 3.991996e-01 
370 3701 7.906560e-02 3.930574e-01 4.921287e-03 4.921287e-03 8.319161e-03 3.020331e-02 3.398726e-02 5.961252e-02 1.294616e-01 1.433127e-01 2.062123e-01 3.930574e-01 
371 3711 8.053867e-02 3.863764e-01 5.006967e-03 5.006967e-03 8.235756e-03 2.978906e-02 3.392274e-02 5.912136e-02 1.279209e-01 1.448296e-01 2.063205e-01 3.863764e-01 
372 3721 7.927629e-02 3.886102e-01 5.027436e-03 5.027436e-03 8.193097e-03 2.939274e-02 3.456077e-02 5.871169e-02 1.292475e-01 1.471394e-01 2.041841e-01 3.886102e-01 
373 3731 7.455530e-02 3.839124e-01 5.004891e-03 5.004891e-03 8.232140e-03 2.947247e-02 3.440568e-02 5.844357e-02 1.271186e-01 1.453159e-01 2.069907e-01 3.839124e-01 
374 3741 7.710303e-02 3.798786e-01 4.902432e-03 4.902432e-03 8.710352e-03 2.945435e-02 3.379698e-02 5.806230e-02 1.254560e-01 1.448923e-01 2.067634e-01 3.798786e-01 
375 3751 6.885772e-02 3.799274e-01 4.824082e-03 4.824082e-03 8.699263e-03 2.894437e-02 3.323834e-02 5.767476e-02 1.252090e-01 1.422791e-01 2.051338e-01 3.799274e-01 
376 3761 6.642696e-02 3.743252e-01 4.843392e-03 4.843392e-03 8.689394e-03 2.887212e-02 3.332248e-02 5.937942e-02 1.250186e-01 1.404413e-01 2.037460e-01 3.743252e-01 
377 3771 5.795680e-02 3.676159e-01 4.861059e-03 4.861059e-03 8.539608e-03 2.877470e-02 3.276354e-02 5.836945e-02 1.251621e-01 1.378606e-01 2.078649e-01 3.676159e-01 
378 3781 5.829806e-02 3.630374e-01 4.910048e-03 4.910048e-03 8.564851e-03 2.918646e-02 3.309889e-02 5.720010e-02 1.232893e-01 1.410934e-01 2.047236e-01 3.630374e-01 
379 3791 5.943743e-02 3.718755e-01 4.942185e-03 4.942185e-03 8.571175e-03 2.919180e-02 3.304751e-02 5.609095e-02 1.232849e-01 1.400289e-01 2.035228e-01 3.718755e-01 
380 3801 5.382057e-02 3.705082e-01 4.845752e-03 4.845752e-03 8.507004e-03 2.886619e-02 3.282166e-02 5.501620e-02 1.217254e-01 1.389514e-01 2.004164e-01 3.705082e-01 
381 3811 5.376363e-02 3.644894e-01 4.954795e-03 4.954795e-03 8.383665e-03 2.843021e-02 3.226430e-02 5.434829e-02 1.203854e-01 1.420194e-01 2.058784e-01 3.644894e-01 
382 3821 5.662967e-02 3.575558e-01 4.987427e-03 4.987427e-03 8.279775e-03 2.808296e-02 3.263054e-02 5.679820e-02 1.195405e-01 1.434292e-01 2.063451e-01 3.575558e-01 
383 3831 5.520176e-02 3.572678e-01 4.933409e-03 4.933409e-03 8.310791e-03 2.771918e-02 3.362326e-02 5.615452e-02 1.175883e-01 1.416909e-01 2.040799e-01 3.572678e-01 
384 3841 4.997595e-02 3.521853e-01 4.843286e-03 4.843286e-03 8.335249e-03 2.774900e-02 3.350401e-02 5.546641e-02 1.152711e-01 1.414821e-01 2.046456e-01 3.521853e-01 
385 3851 4.869712e-02 3.542055e-01 4.749648e-03 4.749648e-03 8.377529e-03 2.886172e-02 3.376032e-02 5.451886e-02 1.153714e-01 1.393617e-01 2.018697e-01 3.542055e-01 
386 3861 5.408273e-02 3.622308e-01 4.653821e-03 4.653821e-03 8.562102e-03 3.030827e-02 3.474934e-02 5.423863e-02 1.134207e-01 1.370549e-01 1.987150e-01 3.622308e-01 
387 3871 5.703626e-02 3.617957e-01 4.578059e-03 4.578059e-03 8.542441e-03 3.009255e-02 3.656479e-02 5.397376e-02 1.115662e-01 1.353502e-01 1.959194e-01 3.617957e-01 
388 3881 5.928875e-02 3.681516e-01 4.519472e-03 4.519472e-03 8.775897e-03 2.993666e-02 3.782100e-02 5.388143e-02 1.124707e-01 1.328979e-01 1.926741e-01 3.681516e-01 
389 3891 5.340393e-02 3.646681e-01 4.477411e-03 4.477411e-03 8.619408e-03 2.947359e-02 3.833057e-02 5.389432e-02 1.104676e-01 1.321571e-01 1.887143e-01 3.646681e-01 
390 3901 4.930044e-02 3.592940e-01 4.445335e-03 4.445335e-03 8.577145e-03 2.911502e-02 3.849660e-02 5.334960e-02 1.084301e-01 1.310732e-01 1.874566e-01 3.592940e-01 
391 3911 5.150260e-02 3.523544e-01 4.418973e-03 4.418973e-03 8.502617e-03 2.865994e-02 3.977846e-02 5.499289e-02 1.065230e-01 1.308601e-01 1.878191e-01 3.523544e-01 
392 3921 5.313942e-02 3.492917e-01 4.346858e-03 4.346858e-03 8.589719e-03 2.936453e-02 3.960547e-02 5.497775e-02 1.052422e-01 1.304969e-01 1.872823e-01 3.492917e-01 
393 3931 5.302761e-02 3.427046e-01 4.339247e-03 4.339247e-03 8.684179e-03 2.903828e-02 3.900797e-02 5.514051e-02 1.040124e-01 1.315832e-01 1.860014e-01 3.427046e-01 
394 3941 5.008470e-02 3.387083e-01 4.281898e-03 4.281898e-03 8.608039e-03 2.880850e-02 3.843914e-02 5.584580e-02 1.022829e-01 1.300170e-01 1.828050e-01 3.387083e-01 
395 3951 5.004387e-02 3.333062e-01 4.271874e-03 4.271874e-03 8.475167e-03 2.879520e-02 3.817066e-02 5.659436e-02 1.002613e-01 1.283407e-01 1.866411e-01 3.333062e-01 
396 3961 5.082068e-02 3.348740e-01 4.189819e-03 4.189819e-03 8.439155e-03 2.895275e-02 3.764532e-02 5.586010e-02 1.010377e-01 1.264173e-01 1.912548e-01 3.348740e-01 
397 3971 4.901600e-02 3.300712e-01 4.229914e-03 4.229914e-03 8.342549e-03 2.855768e-02 3.724570e-02 5.560639e-02 9.919821e-02 1.274061e-01 1.961869e-01 3.300712e-01 
398 3981 4.815204e-02 3.253388e-01 4.237639e-03 4.237639e-03 8.222530e-03 2.823995e-02 3.662570e-02 5.492739e-02 9.798769e-02 1.284014e-01 1.982400e-01 3.253388e-01 
399 3991 4.624671e-02 3.352169e-01 4.237113e-03 4.237113e-03 8.067742e-03 2.818724e-02 3.649531e-02 5.502217e-02 9.716072e-02 1.267469e-01 1.982244e-01 3.352169e-01 
400 4001 4.668888e-02 3.349389e-01 4.206730e-03 4.206730e-03 7.965264e-03 2.785089e-02 3.586381e-02 5.430256e-02 1.007387e-01 1.248567e-01 2.013806e-01 3.349389e-01 
401 4011 4.831393e-02 3.319605e-01 4.281745e-03 4.281745e-03 7.835652e-03 2.786074e-02 3.513132e-02 5.395502e-02 9.947310e-02 1.236057e-01 2.116500e-01 3.319605e-01 
402 4021 4.274965e-02 3.271195e-01 4.213932e-03 4.213932e-03 7.767184e-03 2.800290e-02 3.447155e-02 5.297799e-02 9.792364e-02 1.233182e-01 2.119554e-01 3.271195e-01 
403 4031 4.112530e-02 3.218793e-01 4.168964e-03 4.168964e-03 7.784203e-03 2.797280e-02 3.410287e-02 5.291621e-02 9.619685e-02 1.232724e-01 2.129225e-01 3.218793e-01 
404 4041 4.029858e-02 3.194644e-01 4.119928e-03 4.119928e-03 7.745998e-03 2.764043e-02 3.530475e-02 5.225046e-02 9.788091e-02 1.219303e-01 2.115463e-01 3.194644e-01 
405 4051 4.111182e-02 3.185795e-01 4.048268e-03 4.048268e-03 7.636207e-03 2.762163e-02 3.647276e-02 5.167352e-02 9.808795e-02 1.226016e-01 2.075955e-01 3.185795e-01 
406 4061 4.249503e-02 3.138492e-01 4.008711e-03 4.008711e-03 7.610212e-03 2.791842e-02 3.731756e-02 5.082572e-02 9.741219e-02 1.215090e-01 2.044596e-01 3.138492e-01 
407 4071 4.132175e-02 3.232620e-01 3.970490e-03 3.970490e-03 7.508003e-03 2.754497e-02 3.903269e-02 5.038185e-02 9.605599e-02 1.207744e-01 2.065894e-01 3.232620e-01 
408 4081 4.225035e-02 3.315905e-01 3.950434e-03 3.950434e-03 7.376780e-03 2.723345e-02 3.846327e-02 5.034576e-02 9.597355e-02 1.231697e-01 2.079402e-01 3.315905e-01 
409 4091 4.053268e-02 3.279562e-01 3.908967e-03 3.908967e-03 7.403411e-03 2.677037e-02 3.806400e-02 5.106624e-02 9.653233e-02 1.254808e-01 2.048027e-01 3.279562e-01 
410 4101 4.144583e-02 3.279710e-01 3.857402e-03 3.857402e-03 7.363893e-03 2.631339e-02 3.801846e-02 5.024325e-02 9.501695e-02 1.312776e-01 2.053241e-01 3.279710e-01 
411 4111 4.315412e-02 3.516556e-01 3.868914e-03 3.868914e-03 7.492812e-03 2.626490e-02 3.807218e-02 4.929795e-02 9.538518e-02 1.298638e-01 2.049134e-01 3.516556e-01 
412 4121 4.323243e-02 3.477461e-01 3.806652e-03 3.806652e-03 7.556151e-03 2.624229e-02 3.744977e-02 4.952419e-02 9.463464e-02 1.276273e-01 2.091048e-01 3.477461e-01 
413 4131 4.156702e-02 3.416094e-01 3.808990e-03 3.808990e-03 7.438990e-03 2.597912e-02 3.688922e-02 4.932967e-02 9.345332e-02 1.281545e-01 2.121906e-01 3.416094e-01 
414 4141 3.983965e-02 3.367875e-01 3.771772e-03 3.771772e-03 7.437587e-03 2.566655e-02 3.618470e-02 4.945900e-02 9.179634e-02 1.261493e-01 2.136971e-01 3.367875e-01 
415 4151 3.963091e-02 3.311786e-01 3.760735e-03 3.760735e-03 7.476309e-03 2.552716e-02 3.739235e-02 4.885806e-02 9.229944e-02 1.253745e-01 2.146924e-01 3.311786e-01 
416 4161 3.747103e-02 3.318354e-01 3.753861e-03 3.753861e-03 7.359033e-03 2.527805e-02 3.707434e-02 4.866769e-02 9.134493e-02 1.234493e-01 2.144550e-01 3.318354e-01 
417 4171 3.621475e-02 3.266171e-01 3.697669e-03 3.697669e-03 7.256539e-03 2.486119e-02 3.736479e-02 4.820512e-02 9.246576e-02 1.216740e-01 2.115507e-01 3.266171e-01 
418 4181 3.590813e-02 3.248135e-01 3.650085e-03 3.650085e-03 7.253349e-03 2.449585e-02 3.748257e-02 4.825460e-02 9.258931e-02 1.213784e-01 2.154571e-01 3.248135e-01 
419 4191 3.888955e-02 3.386312e-01 3.607840e-03 3.607840e-03 7.228943e-03 2.443583e-02 3.717459e-02 4.902987e-02 9.286300e-02 1.236907e-01 2.131378e-01 3.386312e-01 
420 4201 4.038329e-02 3.364815e-01 3.615148e-03 3.615148e-03 7.178507e-03 2.409226e-02 3.823032e-02 4.875560e-02 9.245889e-02 1.254519e-01 2.147246e-01 3.364815e-01 
421 4211 3.891771e-02 3.332558e-01 3.563966e-03 3.563966e-03 7.050208e-03 2.380074e-02 3.758844e-02 5.075457e-02 9.149997e-02 1.254436e-01 2.128296e-01 3.332558e-01 
422 4221 3.899435e-02 3.283175e-01 3.511065e-03 3.511065e-03 7.003433e-03 2.376948e-02 3.712948e-02 5.326461e-02 9.021789e-02 1.237915e-01 2.107905e-01 3.283175e-01 
423 4231 3.897538e-02 3.268358e-01 3.477314e-03 3.477314e-03 6.963627e-03 2.331982e-02 3.651409e-02 5.416124e-02 8.890604e-02 1.220293e-01 2.153850e-01 3.268358e-01 
424 4241 3.993819e-02 3.218355e-01 3.566969e-03 3.566969e-03 7.172912e-03 2.301330e-02 3.591378e-02 5.566234e-02 8.818264e-02 1.199226e-01 2.134906e-01 3.218355e-01 
425 4251 3.610289e-02 3.187727e-01 3.531239e-03 3.531239e-03 7.101158e-03 2.269677e-02 3.531627e-02 5.512109e-02 8.706084e-02 1.190306e-01 2.127736e-01 3.187727e-01 
426 4261 3.466893e-02 3.201354e-01 3.536828e-03 3.536828e-03 7.135718e-03 2.249228e-02 3.485328e-02 5.495312e-02 8.676658e-02 1.183942e-01 2.098756e-01 3.201354e-01 
427 4271 3.518890e-02 3.169192e-01 3.492188e-03 3.492188e-03 7.136663e-03 2.370823e-02 3.463914e-02 5.551315e-02 8.574481e-02 1.170843e-01 2.080331e-01 3.169192e-01 
428 4281 3.240809e-02 3.116620e-01 3.448453e-03 3.448453e-03 7.073647e-03 2.370968e-02 3.405539e-02 5.516075e-02 8.447599e-02 1.162799e-01 2.048290e-01 3.116620e-01 
429 4291 2.933127e-02 3.073395e-01 3.386932e-03 3.386932e-03 7.180843e-03 2.350033e-02 3.437320e-02 5.441234e-02 8.398081e-02 1.148550e-01 2.058137e-01 3.073395e-01 
430 4301 2.753818e-02 3.044961e-01 3.347590e-03 3.347590e-03 7.092067e-03 2.367306e-02 3.398034e-02 5.341062e-02 8.453697e-02 1.136350e-01 2.089546e-01 3.044961e-01 
431 4311 2.533208e-02 3.001774e-01 3.423404e-03 3.423404e-03 6.977286e-03 2.353579e-02 3.369473e-02 5.408238e-02 8.353172e-02 1.133125e-01 2.055876e-01 3.001774e-01 
432 4321 2.284992e-02 2.965352e-01 3.364935e-03 3.364935e-03 6.962365e-03 2.312364e-02 3.362171e-02 5.517627e-02 8.203425e-02 1.117316e-01 2.024743e-01 2.965352e-01 
433 4331 2.368378e-02 2.925406e-01 3.443067e-03 3.443067e-03 6.881135e-03 2.385804e-02 3.379092e-02 5.613965e-02 8.198459e-02 1.117127e-01 2.037677e-01 2.925406e-01 
434 4341 2.317393e-02 2.890159e-01 3.445963e-03 3.445963e-03 6.868602e-03 2.362401e-02 3.340499e-02 5.685965e-02 8.039784e-02 1.099581e-01 2.086592e-01 2.890159e-01 
435 4351 2.452032e-02 3.043236e-01 3.389292e-03 3.389292e-03 6.751555e-03 2.417483e-02 3.290848e-02 5.755556e-02 7.903618e-02 1.092116e-01 2.058908e-01 3.043236e-01 
436 4361 2.758522e-02 3.108538e-01 3.359657e-03 3.359657e-03 6.684661e-03 2.397388e-02 3.410349e-02 5.691072e-02 8.391635e-02 1.104371e-01 2.022484e-01 3.108538e-01 
437 4371 3.242232e-02 3.147944e-01 3.418397e-03 3.418397e-03 6.633653e-03 2.388152e-02 3.429385e-02 5.635469e-02 8.550337e-02 1.095455e-01 1.993235e-01 3.147944e-01 
438 4381 3.926181e-02 3.169928e-01 3.386397e-03 3.386397e-03 6.719904e-03 2.358768e-02 3.434150e-02 5.643393e-02 8.724800e-02 1.082336e-01 2.004497e-01 3.169928e-01 
439 4391 4.226146e-02 3.160450e-01 3.327655e-03 3.327655e-03 6.670950e-03 2.371359e-02 3.425298e-02 5.542269e-02 8.587861e-02 1.065684e-01 1.993920e-01 3.160450e-01 
440 4401 4.158896e-02 3.102708e-01 3.269488e-03 3.269488e-03 6.933160e-03 2.368567e-02 3.381551e-02 5.456388e-02 8.448200e-02 1.088682e-01 1.974875e-01 3.102708e-01 
441 4411 4.062918e-02 3.052788e-01 3.221755e-03 3.221755e-03 6.855771e-03 2.328507e-02 3.322668e-02 5.601385e-02 8.404752e-02 1.078233e-01 1.985196e-01 3.052788e-01 
442 4421 3.784887e-02 3.008060e-01 3.204543e-03 3.204543e-03 6.747500e-03 2.323392e-02 3.287933e-02 5.662853e-02 8.266226e-02 1.081132e-01 2.016528e-01 3.008060e-01 
443 4431 3.632353e-02 3.009627e-01 3.193854e-03 3.193854e-03 6.642995e-03 2.290297e-02 3.313104e-02 5.569851e-02 8.115146e-02 1.082381e-01 1.999564e-01 3.009627e-01 
444 4441 3.602605e-02 2.952684e-01 3.326855e-03 3.326855e-03 6.533352e-03 2.275374e-02 3.367090e-02 5.587347e-02 8.164166e-02 1.069027e-01 1.987268e-01 2.952684e-01 
445 4451 3.883427e-02 3.006798e-01 3.343082e-03 3.343082e-03 6.521789e-03 2.253890e-02 3.385794e-02 5.690580e-02 8.023454e-02 1.066686e-01 2.016073e-01 3.006798e-01 
446 4461 4.234484e-02 2.983970e-01 3.449726e-03 3.449726e-03 6.477728e-03 2.217953e-02 3.489460e-02 5.602220e-02 7.921223e-02 1.060113e-01 2.023721e-01 2.983970e-01 
447 4471 4.110003e-02 2.934940e-01 3.422984e-03 3.422984e-03 6.593759e-03 2.179826e-02 3.489181e-02 5.511604e-02 7.775650e-02 1.052709e-01 1.998766e-01 2.934940e-01 
448 4481 4.232402e-02 2.958011e-01 3.410937e-03 3.410937e-03 6.515372e-03 2.150222e-02 3.506095e-02 5.625980e-02 7.649389e-02 1.038911e-01 2.011157e-01 2.958011e-01 
449 4491 4.657620e-02 2.958165e-01 3.614534e-03 3.614534e-03 6.395655e-03 2.128996e-02 3.521218e-02 5.618226e-02 7.509516e-02 1.040094e-01 1.979898e-01 2.958165e-01 
450 4501 4.953853e-02 2.926842e-01 3.724870e-03 3.724870e-03 6.316380e-03 2.127108e-02 3.520997e-02 5.617964e-02 7.442317e-02 1.045580e-01 1.945170e-01 2.926842e-01 
451 4511 5.749184e-02 2.902199e-01 3.866796e-03 3.866796e-03 6.400163e-03 2.114952e-02 3.566041e-02 5.732953e-02 7.668257e-02 1.045668e-01 1.940037e-01 2.902199e-01 
452 4521 5.857341e-02 2.885277e-01 3.846964e-03 3.846964e-03 6.573980e-03 2.124692e-02 3.559824e-02 5.724192e-02 7.613694e-02 1.034706e-01 1.937514e-01 2.885277e-01 
453 4531 5.738310e-02 2.845101e-01 3.821806e-03 3.821806e-03 6.595743e-03 2.086283e-02 3.615916e-02 5.628372e-02 7.512398e-02 1.021641e-01 1.940190e-01 2.845101e-01 
454 4541 5.418194e-02 2.927193e-01 3.854306e-03 3.854306e-03 6.639456e-03 2.044870e-02 3.574728e-02 5.543837e-02 7.409075e-02 1.011679e-01 1.921290e-01 2.927193e-01 
455 4551 5.125452e-02 2.900938e-01 3.890272e-03 3.890272e-03 6.523675e-03 2.032964e-02 3.573686e-02 5.473525e-02 7.383994e-02 9.993025e-02 1.921817e-01 2.900938e-01 
456 4561 4.495606e-02 2.856342e-01 3.893235e-03 3.893235e-03 6.434800e-03 2.004917e-02 3.511267e-02 5.401995e-02 7.357302e-02 9.943146e-02 1.908216e-01 2.856342e-01 
457 4571 4.201060e-02 2.932402e-01 3.849271e-03 3.849271e-03 6.371228e-03 1.984980e-02 3.455166e-02 5.324114e-02 7.333889e-02 9.830072e-02 1.901963e-01 2.932402e-01 
458 4581 4.158700e-02 2.911293e-01 3.798145e-03 3.798145e-03 6.294678e-03 2.041219e-02 3.446130e-02 5.227282e-02 7.209264e-02 9.656240e-02 1.931179e-01 2.911293e-01 
459 4591 3.916324e-02 2.886871e-01 3.748610e-03 3.748610e-03 6.272721e-03 2.053459e-02 3.409505e-02 5.179245e-02 7.278667e-02 9.555869e-02 1.953856e-01 2.886871e-01 
460 4601 4.087221e-02 2.832146e-01 3.750860e-03 3.750860e-03 6.224718e-03 2.075851e-02 3.352592e-02 5.239958e-02 7.255814e-02 1.002299e-01 1.925468e-01 2.832146e-01 
461 4611 3.951373e-02 2.789170e-01 3.687646e-03 3.687646e-03 6.295789e-03 2.053436e-02 3.291190e-02 5.218038e-02 7.156177e-02 1.006980e-01 1.891228e-01 2.789170e-01 
462 4621 3.851265e-02 2.746333e-01 3.641620e-03 3.641620e-03 6.469913e-03 2.076620e-02 3.266779e-02 5.137879e-02 7.098013e-02 1.015476e-01 1.856668e-01 2.746333e-01 
463 4631 3.834027e-02 2.707735e-01 3.700037e-03 3.700037e-03 6.376838e-03 2.048926e-02 3.226538e-02 5.061182e-02 7.004182e-02 1.054892e-01 1.832226e-01 2.707735e-01 
464 4641 3.846926e-02 2.703049e-01 3.718965e-03 3.718965e-03 6.322363e-03 2.083647e-02 3.172055e-02 5.037110e-02 6.892903e-02 1.047458e-01 1.804939e-01 2.703049e-01 
465 4651 3.743427e-02 2.711233e-01 3.670843e-03 3.670843e-03 6.226143e-03 2.087849e-02 3.113286e-02 4.956893e-02 6.837000e-02 1.050537e-01 1.823244e-01 2.711233e-01 
466 4661 3.504265e-02 2.672826e-01 3.622293e-03 3.622293e-03 6.226712e-03 2.071663e-02 3.186329e-02 4.940546e-02 6.824877e-02 1.038405e-01 1.790614e-01 2.672826e-01 
467 4671 3.334969e-02 2.647525e-01 3.587515e-03 3.587515e-03 6.149565e-03 2.045376e-02 3.152920e-02 4.868812e-02 6.721184e-02 1.018826e-01 1.842834e-01 2.647525e-01 
468 4681 3.271535e-02 2.648362e-01 3.583700e-03 3.583700e-03 6.127589e-03 2.010247e-02 3.091341e-02 4.789355e-02 6.860322e-02 1.028752e-01 1.861996e-01 2.648362e-01 
469 4691 3.178013e-02 2.601975e-01 3.541608e-03 3.541608e-03 6.048798e-03 1.975133e-02 3.049709e-02 4.726084e-02 6.769048e-02 1.034720e-01 1.912380e-01 2.601975e-01 
470 4701 3.036870e-02 2.563950e-01 3.605802e-03 3.605802e-03 5.969914e-03 1.942925e-02 3.107189e-02 4.630380e-02 6.694340e-02 1.024521e-01 1.915599e-01 2.563950e-01 
471 4711 2.603277e-02 2.521226e-01 3.543125e-03 3.543125e-03 5.862096e-03 1.913477e-02 3.075126e-02 4.550757e-02 6.586952e-02 1.015890e-01 1.884461e-01 2.521226e-01 
472 4721 2.449831e-02 2.523678e-01 3.621733e-03 3.621733e-03 5.810054e-03 1.883122e-02 3.039564e-02 4.485867e-02 6.460819e-02 1.005957e-01 1.853423e-01 2.523678e-01 
473 4731 2.222642e-02 2.478648e-01 3.589070e-03 3.589070e-03 5.796787e-03 1.854428e-02 3.053016e-02 4.418353e-02 6.371142e-02 1.039543e-01 1.834303e-01 2.478648e-01 
474 4741 2.130972e-02 2.464543e-01 3.635526e-03 3.635526e-03 5.673938e-03 1.830119e-02 3.052726e-02 4.355763e-02 6.354987e-02 1.035390e-01 1.819466e-01 2.464543e-01 
475 4751 2.095812e-02 2.448958e-01 3.585254e-03 3.585254e-03 5.698767e-03 1.799214e-02 3.178306e-02 4.292987e-02 6.314722e-02 1.034255e-01 1.787955e-01 2.448958e-01 
476 4761 1.927226e-02 2.415408e-01 3.534433e-03 3.534433e-03 5.712639e-03 1.775888e-02 3.226358e-02 4.236777e-02 6.251681e-02 1.016783e-01 1.814206e-01 2.415408e-01 
477 4771 1.984074e-02 2.373394e-01 3.538058e-03 3.538058e-03 5.969358e-03 1.775038e-02 3.202432e-02 4.235951e-02 6.197810e-02 1.000606e-01 1.816591e-01 2.373394e-01 
478 4781 1.844997e-02 2.355496e-01 3.487809e-03 3.487809e-03 5.993965e-03 1.752333e-02 3.165037e-02 4.177489e-02 6.077038e-02 9.863714e-02 1.826948e-01 2.355496e-01 
479 4791 1.772384e-02 2.319850e-01 3.468602e-03 3.468602e-03 6.029861e-03 1.717940e-02 3.134557e-02 4.202590e-02 6.105197e-02 9.860418e-02 1.844818e-01 2.319850e-01 
480 4801 1.704136e-02 2.420855e-01 3.418857e-03 3.418857e-03 6.053877e-03 1.692790e-02 3.120389e-02 4.126279e-02 6.071310e-02 9.698175e-02 1.831632e-01 2.420855e-01 
481 4811 1.743734e-02 2.403552e-01 3.435614e-03 3.435614e-03 6.027538e-03 1.703160e-02 3.157769e-02 4.220158e-02 6.024855e-02 9.547091e-02 1.817342e-01 2.403552e-01 
482 4821 1.737064e-02 2.366580e-01 3.405373e-03 3.405373e-03 5.974328e-03 1.695809e-02 3.157146e-02 4.313250e-02 6.101855e-02 9.523568e-02 1.806252e-01 2.366580e-01 
483 4831 1.741458e-02 2.330824e-01 3.348319e-03 3.348319e-03 5.932771e-03 1.670121e-02 3.100250e-02 4.286613e-02 6.308395e-02 9.430697e-02 1.788143e-01 2.330824e-01 
484 4841 1.607343e-02 2.308255e-01 3.302068e-03 3.302068e-03 5.957789e-03 1.688415e-02 3.079329e-02 4.231239e-02 6.275648e-02 9.356023e-02 1.762572e-01 2.308255e-01 
485 4851 1.556366e-02 2.360328e-01 3.310810e-03 3.310810e-03 5.894463e-03 1.663619e-02 3.033627e-02 4.239795e-02 6.352418e-02 9.276354e-02 1.741205e-01 2.360328e-01 
486 4861 1.674600e-02 2.369410e-01 3.246872e-03 3.246872e-03 5.850782e-03 1.653860e-02 2.984439e-02 4.197842e-02 6.665992e-02 9.537222e-02 1.706290e-01 2.369410e-01 
487 4871 1.707128e-02 2.382464e-01 3.443765e-03 3.443765e-03 5.744634e-03 1.635066e-02 2.974214e-02 4.191027e-02 6.600233e-02 9.438806e-02 1.701819e-01 2.382464e-01 
488 4881 1.759933e-02 2.366106e-01 3.408011e-03 3.408011e-03 5.675640e-03 1.618915e-02 2.917055e-02 4.168460e-02 6.718819e-02 9.953254e-02 1.673479e-01 2.366106e-01 
489 4891 1.725131e-02 2.363085e-01 3.435827e-03 3.435827e-03 5.704765e-03 1.600245e-02 2.893523e-02 4.126654e-02 6.656036e-02 9.843264e-02 1.666321e-01 2.363085e-01 
490 4901 1.629838e-02 2.339692e-01 3.387491e-03 3.387491e-03 5.656698e-03 1.580367e-02 2.898758e-02 4.054870e-02 6.631555e-02 9.792132e-02 1.644254e-01 2.339692e-01 
491 4911 1.665060e-02 2.323497e-01 3.321138e-03 3.321138e-03 5.580849e-03 1.594439e-02 2.955442e-02 4.215151e-02 6.535269e-02 9.632929e-02 1.678194e-01 2.323497e-01 
492 4921 1.853195e-02 2.304026e-01 3.274954e-03 3.274954e-03 5.521355e-03 1.577283e-02 2.957278e-02 4.771559e-02 6.414727e-02 9.515573e-02 1.685542e-01 2.304026e-01 
493 4931 2.030122e-02 2.302313e-01 3.279235e-03 3.279235e-03 5.638363e-03 1.577150e-02 2.905218e-02 4.858020e-02 6.356528e-02 9.612250e-02 1.671297e-01 2.302313e-01 
494 4941 1.962518e-02 2.270268e-01 3.245788e-03 3.245788e-03 5.626885e-03 1.549362e-02 2.908034e-02 4.800882e-02 6.453243e-02 9.556346e-02 1.656997e-01 2.270268e-01 
495 4951 1.851823e-02 2.224788e-01 3.222504e-03 3.222504e-03 5.584403e-03 1.539706e-02 2.908187e-02 4.765567e-02 6.363900e-02 9.453782e-02 1.657259e-01 2.224788e-01 
496 4961 1.718776e-02 2.207039e-01 3.194910e-03 3.194910e-03 5.616077e-03 1.542504e-02 2.861040e-02 4.718243e-02 6.398199e-02 9.283650e-02 1.662212e-01 2.207039e-01 
497 4971 1.970697e-02 2.243066e-01 3.303080e-03 3.303080e-03 5.531408e-03 1.515489e-02 2.804003e-02 4.765939e-02 7.140959e-02 9.169664e-02 1.668734e-01 2.243066e-01 
498 4981 2.113199e-02 2.340853e-01 3.290684e-03 3.290684e-03 5.449231e-03 1.501460e-02 2.794115e-02 4.748952e-02 7.136554e-02 9.081514e-02 1.647132e-01 2.340853e-01 
499 4991 2.401667e-02 2.450718e-01 3.254796e-03 3.254796e-03 5.403365e-03 1.516523e-02 2.741688e-02 4.787199e-02 7.278313e-02 9.311386e-02 1.658873e-01 2.450718e-01 
500 5001 2.522806e-02 2.428452e-01 3.258814e-03 3.258814e-03 5.304386e-03 1.523305e-02 2.763947e-02 4.698302e-02 7.201488e-02 9.443782e-02 1.643902e-01 2.428452e-01 
501 5011 2.489267e-02 2.419427e-01 3.222061e-03 3.222061e-03 5.245524e-03 1.511010e-02 2.752773e-02 4.717410e-02 7.090419e-02 9.313840e-02 1.624179e-01 2.419427e-01 
502 5021 2.473027e-02 2.385052e-01 3.180876e-03 3.180876e-03 5.204206e-03 1.538796e-02 2.868217e-02 4.665238e-02 6.961137e-02 9.190166e-02 1.597494e-01 2.385052e-01 
503 5031 2.583399e-02 2.361529e-01 3.322769e-03 3.322769e-03 5.205366e-03 1.559067e-02 2.882933e-02 4.574989e-02 7.008592e-02 9.247218e-02 1.570510e-01 2.361529e-01 
504 5041 2.522483e-02 2.331710e-01 3.287079e-03 3.287079e-03 5.147945e-03 1.534874e-02 2.905800e-02 4.482228e-02 7.125954e-02 9.119116e-02 1.603137e-01 2.331710e-01 
505 5051 2.432010e-02 2.345305e-01 3.272612e-03 3.272612e-03 5.067616e-03 1.522700e-02 2.851722e-02 4.507962e-02 7.213878e-02 8.944812e-02 1.579936e-01 2.345305e-01 
506 5061 2.301721e-02 2.339910e-01 3.254795e-03 3.254795e-03 4.988298e-03 1.548410e-02 2.807770e-02 4.431541e-02 7.145351e-02 8.853641e-02 1.623260e-01 2.339910e-01 
507 5071 2.295674e-02 2.347862e-01 3.221160e-03 3.221160e-03 4.906156e-03 1.541849e-02 2.767632e-02 4.550235e-02 7.070784e-02 8.869355e-02 1.670991e-01 2.347862e-01 
508 5081 2.063503e-02 2.314524e-01 3.165944e-03 3.165944e-03 4.821929e-03 1.517541e-02 2.722304e-02 4.509163e-02 6.965894e-02 8.806090e-02 1.675071e-01 2.314524e-01 
509 5091 1.839692e-02 2.317956e-01 3.114597e-03 3.114597e-03 4.743169e-03 1.492573e-02 2.704802e-02 4.431986e-02 6.903034e-02 8.672440e-02 1.684893e-01 2.317956e-01 
510 5101 1.673245e-02 2.300780e-01 3.078275e-03 3.078275e-03 4.685965e-03 1.480543e-02 2.709282e-02 4.440307e-02 6.778442e-02 8.553276e-02 1.656233e-01 2.300780e-01 
511 5111 1.569719e-02 2.325873e-01 3.060729e-03 3.060729e-03 4.678831e-03 1.468064e-02 2.664186e-02 4.359370e-02 6.660688e-02 8.559966e-02 1.646428e-01 2.325873e-01 
512 5121 1.586186e-02 2.297208e-01 3.082823e-03 3.082823e-03 4.740577e-03 1.482941e-02 2.633494e-02 4.294155e-02 6.620444e-02 8.746163e-02 1.625285e-01 2.297208e-01 
513 5131 1.610341e-02 2.285980e-01 3.082623e-03 3.082623e-03 4.793733e-03 1.491737e-02 2.612303e-02 4.215834e-02 6.533294e-02 8.668981e-02 1.721963e-01 2.285980e-01 
514 5141 1.644225e-02 2.250756e-01 3.039800e-03 3.039800e-03 4.766276e-03 1.507586e-02 2.633748e-02 4.375963e-02 6.419349e-02 8.542000e-02 1.698310e-01 2.250756e-01 
515 5151 1.714944e-02 2.239744e-01 2.999062e-03 2.999062e-03 4.756216e-03 1.525032e-02 2.674197e-02 4.449925e-02 6.484699e-02 8.423236e-02 1.712312e-01 2.239744e-01 
516 5161 1.745327e-02 2.292533e-01 2.981240e-03 2.981240e-03 4.697499e-03 1.531146e-02 2.665148e-02 4.465280e-02 6.399237e-02 8.270187e-02 1.765069e-01 2.292533e-01 
517 5171 1.761175e-02 2.315414e-01 3.024422e-03 3.024422e-03 4.620095e-03 1.513762e-02 2.677871e-02 4.534526e-02 6.320625e-02 8.174766e-02 1.756148e-01 2.315414e-01 
518 5181 1.962100e-02 2.481072e-01 3.056835e-03 3.056835e-03 4.610635e-03 1.502791e-02 2.666685e-02 4.471618e-02 6.518096e-02 8.376525e-02 1.787448e-01 2.481072e-01 
519 5191 2.229602e-02 2.617137e-01 3.005752e-03 3.005752e-03 4.648695e-03 1.484208e-02 2.621989e-02 4.387959e-02 6.516691e-02 8.577662e-02 1.778456e-01 2.617137e-01 
520 5201 2.420501e-02 2.748053e-01 2.972356e-03 2.972356e-03 4.596722e-03 1.466532e-02 2.646974e-02 4.396353e-02 6.428576e-02 8.689983e-02 1.762110e-01 2.748053e-01 
521 5211 2.423200e-02 2.807892e-01 2.920351e-03 2.920351e-03 4.523311e-03 1.442262e-02 2.601631e-02 4.361313e-02 6.358420e-02 8.630766e-02 1.741539e-01 2.807892e-01 
522 5221 2.303768e-02 2.818302e-01 3.075621e-03 3.075621e-03 4.504580e-03 1.415080e-02 2.581091e-02 4.306894e-02 6.282580e-02 8.537203e-02 1.717195e-01 2.818302e-01 
523 5231 2.614636e-02 2.852634e-01 3.231066e-03 3.231066e-03 4.610295e-03 1.407409e-02 2.532926e-02 4.276398e-02 6.321911e-02 8.700955e-02 1.699403e-01 2.852634e-01 
524 5241 2.854969e-02 2.830036e-01 3.298616e-03 3.298616e-03 4.672845e-03 1.384269e-02 2.538696e-02 4.279776e-02 6.292735e-02 8.720458e-02 1.679570e-01 2.830036e-01 
525 5251 3.112613e-02 2.814443e-01 3.305412e-03 3.305412e-03 4.795569e-03 1.413144e-02 2.524353e-02 4.224243e-02 6.183860e-02 8.558295e-02 1.688354e-01 2.814443e-01 
526 5261 3.119544e-02 2.767344e-01 3.384029e-03 3.384029e-03 4.779445e-03 1.389828e-02 2.492609e-02 4.196127e-02 6.065682e-02 8.556696e-02 1.679494e-01 2.767344e-01 
527 5271 2.959693e-02 2.834488e-01 3.357752e-03 3.357752e-03 4.784189e-03 1.364682e-02 2.482459e-02 4.153860e-02 5.947179e-02 8.588492e-02 1.650873e-01 2.834488e-01 
528 5281 3.100611e-02 2.813158e-01 3.309439e-03 3.309439e-03 4.873090e-03 1.347456e-02 2.521855e-02 4.088292e-02 5.997615e-02 8.583441e-02 1.622295e-01 2.813158e-01 
529 5291 3.322796e-02 2.790991e-01 3.244539e-03 3.244539e-03 4.938387e-03 1.333767e-02 2.532275e-02 4.036037e-02 6.054600e-02 8.751471e-02 1.696023e-01 2.790991e-01 
530 5301 3.098382e-02 2.752179e-01 3.208722e-03 3.208722e-03 4.902042e-03 1.313479e-02 2.541716e-02 4.024482e-02 5.999250e-02 8.668706e-02 1.701717e-01 2.752179e-01 
531 5311 2.956501e-02 2.719708e-01 3.230847e-03 3.230847e-03 4.880818e-03 1.325880e-02 2.504573e-02 3.953409e-02 5.939808e-02 8.609431e-02 1.676917e-01 2.719708e-01 
532 5321 2.796746e-02 2.704776e-01 3.287906e-03 3.287906e-03 4.846949e-03 1.303402e-02 2.553600e-02 3.901022e-02 5.821914e-02 8.547249e-02 1.663596e-01 2.704776e-01 
533 5331 2.580287e-02 2.718361e-01 3.278511e-03 3.278511e-03 4.792855e-03 1.281611e-02 2.538820e-02 3.890116e-02 5.884511e-02 8.521701e-02 1.646248e-01 2.718361e-01 
534 5341 2.530752e-02 2.692260e-01 3.219628e-03 3.219628e-03 4.826047e-03 1.259430e-02 2.516004e-02 4.073360e-02 5.815414e-02 8.423363e-02 1.662544e-01 2.692260e-01 
535 5351 2.472550e-02 2.660939e-01 3.273169e-03 3.273169e-03 4.744144e-03 1.255274e-02 2.513910e-02 4.070712e-02 5.709517e-02 8.394702e-02 1.632558e-01 2.660939e-01 
536 5361 2.570721e-02 2.652957e-01 3.280836e-03 3.280836e-03 4.783201e-03 1.248961e-02 2.550316e-02 4.042086e-02 5.970440e-02 8.287098e-02 1.643641e-01 2.652957e-01 
537 5371 2.569694e-02 2.682446e-01 3.255885e-03 3.255885e-03 4.760280e-03 1.228863e-02 2.549925e-02 3.989415e-02 5.949258e-02 8.511075e-02 1.634516e-01 2.682446e-01 
538 5381 2.815178e-02 2.645253e-01 3.296403e-03 3.296403e-03 4.694833e-03 1.213354e-02 2.510563e-02 4.152016e-02 5.863235e-02 9.040094e-02 1.635472e-01 2.645253e-01 
539 5391 3.228044e-02 2.659702e-01 3.315511e-03 3.315511e-03 4.620101e-03 1.193954e-02 2.489135e-02 4.516155e-02 5.764167e-02 9.187773e-02 1.614405e-01 2.659702e-01 
540 5401 3.672691e-02 2.657683e-01 3.324593e-03 3.324593e-03 4.545069e-03 1.177446e-02 2.517730e-02 4.645163e-02 5.770489e-02 9.541365e-02 1.607362e-01 2.657683e-01 
541 5411 3.791844e-02 2.621618e-01 3.326406e-03 3.326406e-03 4.507000e-03 1.170692e-02 2.486923e-02 4.678381e-02 5.730495e-02 9.719430e-02 1.608069e-01 2.621618e-01 
542 5421 3.992681e-02 2.648232e-01 3.260259e-03 3.260259e-03 4.474201e-03 1.175000e-02 2.445788e-02 4.746486e-02 5.644020e-02 9.878995e-02 1.594355e-01 2.648232e-01 
543 5431 4.051770e-02 2.629413e-01 3.202074e-03 3.202074e-03 4.398418e-03 1.162955e-02 2.404871e-02 4.713257e-02 5.583801e-02 1.026273e-01 1.596423e-01 2.629413e-01 
544 5441 4.442239e-02 2.751860e-01 3.134593e-03 3.134593e-03 4.472632e-03 1.160569e-02 2.375297e-02 4.721501e-02 5.493771e-02 1.092978e-01 1.587598e-01 2.751860e-01 
545 5451 4.914832e-02 2.816245e-01 3.126079e-03 3.126079e-03 4.395342e-03 1.156755e-02 2.531034e-02 4.689580e-02 5.474294e-02 1.108048e-01 1.561511e-01 2.816245e-01 
546 5461 5.035905e-02 2.803898e-01 3.082460e-03 3.082460e-03 4.397966e-03 1.172896e-02 2.532960e-02 4.762543e-02 5.469471e-02 1.116234e-01 1.545102e-01 2.803898e-01 
547 5471 4.628150e-02 2.765417e-01 3.039605e-03 3.039605e-03 4.323544e-03 1.154964e-02 2.553715e-02 4.685092e-02 5.422198e-02 1.104096e-01 1.518458e-01 2.765417e-01 
548 5481 4.468505e-02 2.761518e-01 2.993804e-03 2.993804e-03 4.278903e-03 1.152064e-02 2.543106e-02 4.620876e-02 5.468378e-02 1.086044e-01 1.503661e-01 2.761518e-01 
549 5491 4.062770e-02 2.732595e-01 2.967126e-03 2.967126e-03 4.231805e-03 1.148788e-02 2.516212e-02 4.554814e-02 5.419362e-02 1.075735e-01 1.493540e-01 2.732595e-01 
550 5501 4.204276e-02 2.732538e-01 2.966078e-03 2.966078e-03 4.169633e-03 1.139336e-02 2.465129e-02 4.655538e-02 5.425828e-02 1.072922e-01 1.525803e-01 2.732538e-01 
551 5511 3.900600e-02 2.739042e-01 2.916315e-03 2.916315e-03 4.157144e-03 1.122486e-02 2.475451e-02 4.669451e-02 5.569152e-02 1.060428e-01 1.518425e-01 2.739042e-01 
552 5521 3.880083e-02 2.719664e-01 2.951019e-03 2.951019e-03 4.106556e-03 1.120935e-02 2.483987e-02 4.587612e-02 5.691524e-02 1.046546e-01 1.497517e-01 2.719664e-01 
553 5531 3.856717e-02 2.672243e-01 2.928980e-03 2.928980e-03 4.117246e-03 1.107173e-02 2.439419e-02 4.555539e-02 5.891211e-02 1.042467e-01 1.488221e-01 2.672243e-01 
554 5541 3.829241e-02 2.647093e-01 2.873379e-03 2.873379e-03 4.102657e-03 1.091954e-02 2.393674e-02 4.540013e-02 5.931066e-02 1.027846e-01 1.568511e-01 2.647093e-01 
555 5551 4.114684e-02 2.634570e-01 2.866910e-03 2.866910e-03 4.109603e-03 1.085631e-02 2.377214e-02 4.476140e-02 5.875280e-02 1.024590e-01 1.682952e-01 2.634570e-01 
556 5561 4.379203e-02 2.638446e-01 2.840577e-03 2.840577e-03 4.058409e-03 1.069260e-02 2.365749e-02 4.458223e-02 5.926948e-02 1.011412e-01 1.756117e-01 2.638446e-01 
557 5571 4.304140e-02 2.608232e-01 2.801643e-03 2.801643e-03 4.018481e-03 1.048240e-02 2.416875e-02 4.445131e-02 5.909448e-02 1.006497e-01 1.793292e-01 2.608232e-01 
558 5581 4.206365e-02 2.591711e-01 2.768336e-03 2.768336e-03 3.991887e-03 1.031055e-02 2.420724e-02 4.365665e-02 5.818031e-02 9.949599e-02 1.834809e-01 2.591711e-01 
559 5591 4.560484e-02 2.603904e-01 2.726903e-03 2.726903e-03 3.961554e-03 1.020489e-02 2.435994e-02 4.371057e-02 5.721451e-02 9.787781e-02 1.983513e-01 2.603904e-01 
560 5601 4.418181e-02 2.568430e-01 2.697759e-03 2.697759e-03 3.915627e-03 1.030498e-02 2.406507e-02 4.313211e-02 5.929802e-02 9.823114e-02 2.024206e-01 2.568430e-01 
561 5611 5.437797e-02 2.608712e-01 2.701530e-03 2.701530e-03 3.940641e-03 1.032002e-02 2.418609e-02 4.429981e-02 6.376336e-02 9.829947e-02 2.008517e-01 2.608712e-01 
562 5621 6.399178e-02 2.581351e-01 2.670993e-03 2.670993e-03 3.896142e-03 1.023728e-02 2.482710e-02 4.382813e-02 6.381405e-02 9.837108e-02 1.988397e-01 2.581351e-01 
563 5631 7.870106e-02 2.629508e-01 2.663436e-03 2.663436e-03 3.875888e-03 1.034763e-02 2.465989e-02 4.337879e-02 6.532501e-02 9.711606e-02 1.979756e-01 2.629508e-01 
564 5641 8.598408e-02 2.580718e-01 2.636017e-03 2.636017e-03 3.861017e-03 1.030129e-02 2.423713e-02 4.303891e-02 6.428809e-02 9.794853e-02 1.965508e-01 2.580718e-01 
565 5651 8.858926e-02 2.552331e-01 2.675801e-03 2.675801e-03 3.850192e-03 1.021028e-02 2.437614e-02 4.257331e-02 6.318706e-02 9.726346e-02 1.937051e-01 2.552331e-01 
566 5661 9.127103e-02 2.598485e-01 2.649361e-03 2.649361e-03 3.803297e-03 1.006149e-02 2.417441e-02 4.287260e-02 6.288711e-02 9.600428e-02 1.910624e-01 2.598485e-01 
567 5671 9.449256e-02 2.611201e-01 2.642389e-03 2.642389e-03 3.741553e-03 9.944691e-03 2.418276e-02 4.236894e-02 6.385480e-02 9.564680e-02 1.907380e-01 2.611201e-01 
568 5681 9.401760e-02 2.665695e-01 2.635795e-03 2.635795e-03 3.679862e-03 1.001471e-02 2.448764e-02 4.203355e-02 6.354511e-02 9.802597e-02 1.890188e-01 2.665695e-01 
569 5691 9.476870e-02 2.642315e-01 2.663786e-03 2.663786e-03 3.622944e-03 9.903194e-03 2.415158e-02 4.190986e-02 6.332093e-02 1.028093e-01 1.854038e-01 2.642315e-01 
570 5701 9.577264e-02 2.598214e-01 2.719010e-03 2.719010e-03 3.589213e-03 9.957329e-03 2.393655e-02 4.171285e-02 6.315991e-02 1.024246e-01 1.829176e-01 2.598214e-01 
571 5711 8.954057e-02 2.560504e-01 2.716286e-03 2.716286e-03 3.523334e-03 9.823734e-03 2.346984e-02 4.181014e-02 6.288398e-02 1.014185e-01 1.820727e-01 2.560504e-01 
572 5721 8.035850e-02 2.515724e-01 2.686896e-03 2.686896e-03 3.464437e-03 9.772375e-03 2.350540e-02 4.123073e-02 6.212880e-02 1.008366e-01 1.810029e-01 2.515724e-01 
573 5731 8.043249e-02 2.485619e-01 2.669593e-03 2.669593e-03 3.412233e-03 9.851367e-03 2.396443e-02 4.081861e-02 6.101164e-02 9.913065e-02 1.836919e-01 2.485619e-01 
574 5741 7.831827e-02 2.442810e-01 2.636269e-03 2.636269e-03 3.395827e-03 9.719138e-03 2.402829e-02 4.051845e-02 6.277012e-02 9.760049e-02 1.850955e-01 2.442810e-01 
575 5751 7.874991e-02 2.404961e-01 2.639622e-03 2.639622e-03 3.429653e-03 9.629248e-03 2.366508e-02 3.979590e-02 6.216287e-02 9.689647e-02 1.886419e-01 2.404961e-01 
576 5761 7.569428e-02 2.371335e-01 2.601827e-03 2.601827e-03 3.412308e-03 9.642064e-03 2.326869e-02 4.189902e-02 6.158917e-02 9.557656e-02 1.867706e-01 2.371335e-01 
577 5771 8.442416e-02 2.593506e-01 2.556194e-03 2.556194e-03 3.448626e-03 9.698531e-03 2.360803e-02 4.203249e-02 6.145490e-02 9.384122e-02 1.910895e-01 2.593506e-01 
578 5781 9.149907e-02 2.671015e-01 2.520578e-03 2.520578e-03 3.405742e-03 9.560229e-03 2.351823e-02 4.215603e-02 6.426397e-02 9.332530e-02 1.876874e-01 2.671015e-01 
579 5791 1.019340e-01 2.781940e-01 2.517560e-03 2.517560e-03 3.449871e-03 9.417756e-03 2.362885e-02 4.192550e-02 6.593987e-02 9.363975e-02 1.851558e-01 2.781940e-01 
580 5801 1.130833e-01 2.836389e-01 2.502027e-03 2.502027e-03 3.408581e-03 9.255932e-03 2.342008e-02 4.143611e-02 6.963161e-02 9.272067e-02 1.820928e-01 2.836389e-01 
581 5811 1.319710e-01 2.848445e-01 2.472866e-03 2.472866e-03 3.373201e-03 9.142776e-03 2.328868e-02 4.291720e-02 7.110379e-02 9.221800e-02 1.796414e-01 2.848445e-01 
582 5821 1.412617e-01 2.853739e-01 2.425559e-03 2.425559e-03 3.332448e-03 9.006071e-03 2.292604e-02 4.387308e-02 7.028147e-02 9.183296e-02 1.775702e-01 2.853739e-01 
583 5831 1.465683e-01 2.811483e-01 2.392394e-03 2.392394e-03 3.284659e-03 8.916795e-03 2.356330e-02 4.372526e-02 6.969585e-02 9.099357e-02 1.765167e-01 2.811483e-01 
584 5841 1.368115e-01 2.839544e-01 2.371450e-03 2.371450e-03 3.264900e-03 8.780414e-03 2.375039e-02 4.344436e-02 7.164020e-02 8.980644e-02 1.746225e-01 2.839544e-01 
585 5851 1.372166e-01 2.859543e-01 2.329547e-03 2.329547e-03 3.344543e-03 8.778473e-03 2.435860e-02 4.339917e-02 7.118501e-02 8.838424e-02 1.711470e-01 2.859543e-01 
586 5861 1.348526e-01 2.879940e-01 2.309587e-03 2.309587e-03 3.334912e-03 8.691136e-03 2.410768e-02 4.384066e-02 7.080674e-02 8.678495e-02 1.695492e-01 2.879940e-01 
587 5871 1.322533e-01 2.896568e-01 2.295481e-03 2.295481e-03 3.295635e-03 8.625975e-03 2.477350e-02 4.339138e-02 7.075499e-02 8.687813e-02 1.671457e-01 2.896568e-01 
588 5881 1.319327e-01 2.845429e-01 2.274119e-03 2.274119e-03 3.253112e-03 9.025678e-03 2.460134e-02 4.347355e-02 7.009062e-02 8.619606e-02 1.659347e-01 2.845429e-01 
589 5891 1.272412e-01 2.803425e-01 2.244100e-03 2.244100e-03 3.303803e-03 8.967693e-03 2.475105e-02 4.316847e-02 6.905059e-02 8.566776e-02 1.680618e-01 2.803425e-01 
590 5901 1.172374e-01 2.758628e-01 2.209379e-03 2.209379e-03 3.275152e-03 8.862088e-03 2.454909e-02 4.255965e-02 6.932901e-02 8.457794e-02 1.675359e-01 2.758628e-01 
591 5911 1.097548e-01 2.770880e-01 2.171460e-03 2.171460e-03 3.226456e-03 8.722856e-03 2.421076e-02 4.204499e-02 6.849709e-02 8.432019e-02 1.663215e-01 2.770880e-01 
592 5921 9.896204e-02 2.725852e-01 2.148155e-03 2.148155e-03 3.188737e-03 8.659673e-03 2.382406e-02 4.136674e-02 6.823210e-02 8.381954e-02 1.667641e-01 2.725852e-01 
593 5931 9.205659e-02 2.786078e-01 2.106418e-03 2.106418e-03 3.142339e-03 8.533954e-03 2.352777e-02 4.061205e-02 6.751551e-02 8.360726e-02 1.641145e-01 2.786078e-01 
