%  columns=["iteration, evaluation, sigma, void, void, stds==sigma*sqrt(diag(C))" (startseed=206293, 2015/09/2 19:7:10.94)
1 31 1.185998e+00 0 0 3.920457e-01 3.519226e-01 7.573439e-01 1.228800e+00 4.286570e-01 1.089220e+00 3.423769e-01 3.819453e-01 9.085225e-01 
2 61 1.079073e+00 0 0 3.478766e-01 3.182596e-01 6.929248e-01 1.124350e+00 3.898057e-01 9.567090e-01 3.017336e-01 3.394093e-01 7.912591e-01 
3 91 1.040013e+00 0 0 3.381802e-01 2.980204e-01 6.539449e-01 1.055537e+00 3.663517e-01 9.206596e-01 2.913255e-01 3.173893e-01 7.437928e-01 
4 121 1.012110e+00 0 0 3.261481e-01 2.895633e-01 6.378593e-01 9.879897e-01 3.435147e-01 8.822055e-01 2.780980e-01 3.050002e-01 7.081320e-01 
5 151 1.048430e+00 0 0 3.318763e-01 2.948758e-01 6.878100e-01 9.670800e-01 3.437498e-01 8.985289e-01 2.795928e-01 3.163056e-01 7.190667e-01 
6 181 1.091596e+00 0 0 3.704986e-01 3.041271e-01 7.100062e-01 9.548094e-01 3.610866e-01 9.474727e-01 2.897321e-01 3.261305e-01 7.244511e-01 
7 211 1.131812e+00 0 0 3.853476e-01 3.072131e-01 7.068631e-01 9.592680e-01 3.715095e-01 9.659482e-01 3.082234e-01 3.312769e-01 7.250745e-01 
8 241 1.070904e+00 0 0 3.534436e-01 2.881190e-01 6.476098e-01 8.759015e-01 3.423990e-01 9.274892e-01 2.834425e-01 3.131273e-01 6.797526e-01 
9 271 1.103305e+00 0 0 3.742709e-01 2.905999e-01 6.574330e-01 9.942290e-01 3.378409e-01 9.379020e-01 2.841060e-01 3.178379e-01 6.801969e-01 
10 301 1.085058e+00 0 0 3.568903e-01 2.878256e-01 6.249961e-01 9.835591e-01 3.161490e-01 9.081711e-01 2.692676e-01 3.024323e-01 6.589967e-01 
11 331 9.947022e-01 0 0 3.190996e-01 2.588372e-01 5.679888e-01 8.977784e-01 2.769703e-01 8.310967e-01 2.394554e-01 2.672598e-01 5.866143e-01 
12 361 9.014666e-01 0 0 2.768577e-01 2.307355e-01 5.266259e-01 7.702349e-01 2.444486e-01 7.583267e-01 2.079447e-01 2.379562e-01 5.219740e-01 
13 391 7.707719e-01 0 0 2.290672e-01 1.976850e-01 4.404859e-01 6.318914e-01 2.037112e-01 6.296971e-01 1.699119e-01 1.966713e-01 4.259673e-01 
14 421 6.925004e-01 0 0 1.999890e-01 1.740741e-01 3.854539e-01 5.492662e-01 1.784857e-01 5.410648e-01 1.495448e-01 1.740732e-01 3.756687e-01 
15 451 6.893602e-01 0 0 1.928265e-01 1.664670e-01 3.690477e-01 5.293636e-01 1.713895e-01 5.776002e-01 1.473003e-01 1.725924e-01 3.628269e-01 
16 481 6.386932e-01 0 0 1.779560e-01 1.544235e-01 3.276823e-01 4.886035e-01 1.557679e-01 5.533456e-01 1.396871e-01 1.580315e-01 3.292217e-01 
17 511 6.836260e-01 0 0 1.907577e-01 1.629519e-01 3.567743e-01 5.639287e-01 1.625430e-01 5.809398e-01 1.444138e-01 1.707223e-01 3.457061e-01 
18 541 6.825611e-01 0 0 1.870949e-01 1.587571e-01 3.764826e-01 5.571680e-01 1.557517e-01 5.879576e-01 1.412733e-01 1.663920e-01 3.369252e-01 
19 571 6.108131e-01 0 0 1.697131e-01 1.457302e-01 3.400056e-01 4.854609e-01 1.366168e-01 5.258473e-01 1.267248e-01 1.465543e-01 3.057700e-01 
20 601 5.920818e-01 0 0 1.640088e-01 1.364663e-01 3.266464e-01 4.702972e-01 1.338762e-01 5.278503e-01 1.219732e-01 1.403879e-01 2.928751e-01 
21 631 5.835776e-01 0 0 1.592955e-01 1.330938e-01 3.344688e-01 4.541204e-01 1.312053e-01 5.251065e-01 1.190164e-01 1.407575e-01 2.908306e-01 
22 661 5.504044e-01 0 0 1.452950e-01 1.265738e-01 3.126138e-01 4.155859e-01 1.193688e-01 4.782076e-01 1.106425e-01 1.306673e-01 2.684286e-01 
23 691 4.660373e-01 0 0 1.227820e-01 1.031243e-01 2.681027e-01 3.432602e-01 1.002320e-01 3.947283e-01 9.251932e-02 1.074061e-01 2.214923e-01 
24 721 4.183667e-01 0 0 1.070256e-01 9.582436e-02 2.329744e-01 2.998711e-01 8.816045e-02 3.451141e-01 8.037713e-02 9.113191e-02 1.983785e-01 
25 751 3.858991e-01 0 0 9.727405e-02 8.504146e-02 2.101813e-01 2.743116e-01 8.333412e-02 3.159518e-01 7.204028e-02 8.429856e-02 1.755194e-01 
26 781 3.822048e-01 0 0 9.815570e-02 8.195905e-02 2.033635e-01 2.634447e-01 8.125226e-02 3.070249e-01 7.210372e-02 8.068333e-02 1.845740e-01 
27 811 4.214491e-01 0 0 1.087216e-01 9.781045e-02 2.298900e-01 2.816213e-01 8.844930e-02 3.382976e-01 8.346052e-02 8.753045e-02 2.120890e-01 
28 841 3.908807e-01 0 0 1.012423e-01 8.826108e-02 2.134629e-01 2.673258e-01 7.932899e-02 3.109389e-01 7.893915e-02 8.096194e-02 1.953411e-01 
29 871 3.467278e-01 0 0 9.094247e-02 7.898591e-02 1.870315e-01 2.326633e-01 6.958654e-02 2.737052e-01 6.834243e-02 6.965998e-02 1.755712e-01 
30 901 3.376700e-01 0 0 8.612399e-02 7.629397e-02 1.840501e-01 2.327842e-01 6.775406e-02 2.587193e-01 6.431420e-02 6.753008e-02 1.659163e-01 
31 931 3.617213e-01 0 0 9.320657e-02 8.619421e-02 1.922731e-01 2.553594e-01 7.103340e-02 2.685427e-01 7.359390e-02 6.944932e-02 1.807544e-01 
32 961 3.333142e-01 0 0 8.396642e-02 7.696129e-02 1.785948e-01 2.294151e-01 6.279279e-02 2.395073e-01 6.734836e-02 6.197961e-02 1.630808e-01 
33 991 3.591753e-01 0 0 8.937070e-02 7.962635e-02 1.857932e-01 2.609544e-01 6.635572e-02 2.563436e-01 7.188689e-02 6.706396e-02 1.683627e-01 
34 1021 3.389065e-01 0 0 8.236021e-02 7.359868e-02 1.693211e-01 2.401743e-01 6.240855e-02 2.407796e-01 6.813568e-02 6.145356e-02 1.559690e-01 
35 1051 3.085263e-01 0 0 7.240492e-02 6.747917e-02 1.495026e-01 2.148706e-01 5.629572e-02 2.115708e-01 6.097215e-02 5.414893e-02 1.370756e-01 
36 1081 2.690257e-01 0 0 6.160461e-02 6.028302e-02 1.300034e-01 1.909208e-01 4.884843e-02 1.803966e-01 5.262639e-02 4.958939e-02 1.193105e-01 
37 1111 2.772829e-01 0 0 6.457375e-02 6.527336e-02 1.354845e-01 1.916081e-01 4.891840e-02 1.813056e-01 5.623699e-02 5.317291e-02 1.176955e-01 
38 1141 2.523050e-01 0 0 5.651812e-02 5.802630e-02 1.165442e-01 1.698338e-01 4.432007e-02 1.635398e-01 5.009785e-02 4.920272e-02 1.052961e-01 
39 1171 2.727566e-01 0 0 6.271193e-02 6.715348e-02 1.267118e-01 1.853230e-01 4.958042e-02 1.806660e-01 5.931773e-02 5.242718e-02 1.178447e-01 
40 1201 2.660323e-01 0 0 5.889914e-02 6.701364e-02 1.283570e-01 1.802678e-01 4.895807e-02 1.695532e-01 5.669572e-02 5.130902e-02 1.131421e-01 
41 1231 3.017346e-01 0 0 6.516811e-02 8.778021e-02 1.458450e-01 1.986756e-01 5.550069e-02 1.880062e-01 6.866243e-02 5.952671e-02 1.325718e-01 
42 1261 3.092511e-01 0 0 6.374335e-02 9.099418e-02 1.469675e-01 2.029370e-01 5.630036e-02 1.890572e-01 6.833853e-02 6.040998e-02 1.344328e-01 
43 1291 3.064206e-01 0 0 6.049700e-02 9.059331e-02 1.456698e-01 1.966292e-01 5.494710e-02 1.883489e-01 6.578351e-02 5.830692e-02 1.330459e-01 
44 1321 2.713025e-01 0 0 5.108540e-02 7.968167e-02 1.239952e-01 1.705300e-01 4.802103e-02 1.614773e-01 5.666346e-02 4.981180e-02 1.189136e-01 
45 1351 2.690466e-01 0 0 5.003600e-02 7.775956e-02 1.241555e-01 1.691969e-01 4.605874e-02 1.549829e-01 5.531785e-02 5.275562e-02 1.124098e-01 
46 1381 2.492666e-01 0 0 4.475702e-02 6.906296e-02 1.152604e-01 1.509260e-01 4.116894e-02 1.388464e-01 4.927227e-02 4.775847e-02 1.020280e-01 
47 1411 2.684310e-01 0 0 4.690042e-02 7.275659e-02 1.258935e-01 1.590163e-01 4.270305e-02 1.449516e-01 5.324143e-02 5.254520e-02 1.070641e-01 
48 1441 3.375633e-01 0 0 5.712829e-02 8.920913e-02 1.587477e-01 1.933228e-01 5.799728e-02 1.837746e-01 6.551405e-02 6.958684e-02 1.304042e-01 
49 1471 3.133743e-01 0 0 5.204039e-02 7.984629e-02 1.512627e-01 1.740609e-01 5.202411e-02 1.670722e-01 5.915273e-02 6.369114e-02 1.171475e-01 
50 1501 2.941789e-01 0 0 4.759877e-02 7.257324e-02 1.373307e-01 1.639524e-01 4.941792e-02 1.500048e-01 5.395679e-02 6.056846e-02 1.052766e-01 
51 1531 2.574187e-01 0 0 4.068842e-02 6.133460e-02 1.163766e-01 1.395130e-01 4.280637e-02 1.286984e-01 4.540508e-02 5.154348e-02 9.001056e-02 
52 1561 2.531243e-01 0 0 3.935483e-02 5.841647e-02 1.181016e-01 1.347697e-01 4.347596e-02 1.317841e-01 4.321573e-02 5.451817e-02 9.303220e-02 
53 1591 2.525947e-01 0 0 3.839282e-02 5.544937e-02 1.159703e-01 1.312905e-01 4.240387e-02 1.265204e-01 4.093805e-02 5.684250e-02 9.046110e-02 
54 1621 2.341094e-01 0 0 3.462197e-02 4.913697e-02 1.056824e-01 1.233684e-01 3.833719e-02 1.195592e-01 3.613786e-02 5.307935e-02 8.183783e-02 
55 1651 2.233712e-01 0 0 3.307332e-02 4.568655e-02 1.029137e-01 1.153849e-01 3.783568e-02 1.130957e-01 3.417183e-02 5.138661e-02 7.414543e-02 
56 1681 2.171401e-01 0 0 3.178033e-02 4.275381e-02 1.017622e-01 1.116468e-01 3.769073e-02 1.077081e-01 3.179465e-02 5.049766e-02 7.055777e-02 
57 1711 2.236266e-01 0 0 3.182073e-02 4.246989e-02 1.068523e-01 1.154627e-01 3.919408e-02 1.076538e-01 3.149243e-02 5.181411e-02 7.403357e-02 
58 1741 2.120677e-01 0 0 2.875268e-02 3.964077e-02 9.892947e-02 1.107358e-01 4.101609e-02 9.896929e-02 2.855574e-02 4.700906e-02 6.960216e-02 
59 1771 2.033178e-01 0 0 2.639400e-02 3.716389e-02 9.275271e-02 1.037969e-01 3.916300e-02 9.182612e-02 2.665701e-02 4.499541e-02 6.605564e-02 
60 1801 2.000227e-01 0 0 2.542249e-02 3.531596e-02 9.086009e-02 9.869607e-02 3.948043e-02 8.703243e-02 2.516413e-02 4.315037e-02 6.422099e-02 
61 1831 1.824748e-01 0 0 2.193119e-02 3.078485e-02 8.111342e-02 8.924222e-02 3.536786e-02 7.710437e-02 2.175128e-02 3.901885e-02 5.851553e-02 
62 1861 1.625749e-01 0 0 1.935928e-02 2.630799e-02 7.299838e-02 7.752417e-02 3.129430e-02 6.995283e-02 1.915290e-02 3.358554e-02 5.235157e-02 
63 1891 1.452736e-01 0 0 1.680530e-02 2.271833e-02 6.556931e-02 6.659579e-02 2.726930e-02 6.113695e-02 1.643559e-02 3.163333e-02 4.630628e-02 
64 1921 1.316641e-01 0 0 1.496235e-02 2.000108e-02 5.875191e-02 5.789363e-02 2.501038e-02 5.505199e-02 1.437708e-02 2.952443e-02 4.072400e-02 
65 1951 1.146154e-01 0 0 1.301395e-02 1.669579e-02 5.128934e-02 4.930531e-02 2.173261e-02 4.800231e-02 1.199599e-02 2.620024e-02 3.532679e-02 
66 1981 1.176889e-01 0 0 1.366881e-02 1.708458e-02 5.504513e-02 5.022400e-02 2.161997e-02 4.715953e-02 1.271606e-02 2.730563e-02 3.490085e-02 
67 2011 1.110462e-01 0 0 1.263891e-02 1.554895e-02 5.094770e-02 4.727124e-02 2.001823e-02 4.322911e-02 1.172052e-02 2.513598e-02 3.181068e-02 
68 2041 1.110179e-01 0 0 1.229464e-02 1.526989e-02 4.988495e-02 4.640469e-02 2.081121e-02 4.476305e-02 1.124506e-02 2.437309e-02 3.166889e-02 
69 2071 1.037592e-01 0 0 1.120236e-02 1.385973e-02 4.605869e-02 4.206908e-02 1.946172e-02 4.019042e-02 1.015856e-02 2.358545e-02 2.932911e-02 
70 2101 1.023270e-01 0 0 1.081458e-02 1.328076e-02 4.512922e-02 4.070123e-02 2.027796e-02 3.887806e-02 9.560361e-03 2.245692e-02 2.816517e-02 
71 2131 1.022354e-01 0 0 1.048087e-02 1.280307e-02 4.361013e-02 3.881703e-02 1.981587e-02 3.875192e-02 9.047698e-03 2.230347e-02 2.864960e-02 
72 2161 9.152226e-02 0 0 8.895630e-03 1.107853e-02 3.807484e-02 3.471763e-02 1.911839e-02 3.449794e-02 7.708524e-03 1.932487e-02 2.541979e-02 
73 2191 9.508692e-02 0 0 9.248227e-03 1.158464e-02 3.851226e-02 3.523424e-02 1.982347e-02 3.633952e-02 7.826796e-03 1.911129e-02 2.906407e-02 
74 2221 9.825712e-02 0 0 9.229844e-03 1.174622e-02 3.920963e-02 4.021974e-02 2.194386e-02 3.674123e-02 7.786042e-03 1.935364e-02 3.015307e-02 
75 2251 9.439347e-02 0 0 8.458232e-03 1.127044e-02 3.736920e-02 3.915808e-02 2.108372e-02 3.461885e-02 7.233829e-03 1.872705e-02 2.886254e-02 
76 2281 8.329306e-02 0 0 7.244312e-03 9.475138e-03 3.354238e-02 3.401228e-02 1.829788e-02 2.945821e-02 6.047782e-03 1.622692e-02 2.461340e-02 
77 2311 7.811047e-02 0 0 6.580749e-03 8.639350e-03 3.208975e-02 3.081613e-02 1.697598e-02 2.687007e-02 5.393234e-03 1.554680e-02 2.368038e-02 
78 2341 7.054050e-02 0 0 5.747916e-03 7.583466e-03 2.822476e-02 2.704637e-02 1.503953e-02 2.373854e-02 4.701375e-03 1.357267e-02 2.162366e-02 
79 2371 6.981302e-02 0 0 5.467525e-03 7.447821e-03 2.861337e-02 2.885863e-02 1.529868e-02 2.283338e-02 4.447325e-03 1.347151e-02 2.144233e-02 
80 2401 7.189710e-02 0 0 5.575252e-03 7.545682e-03 3.014699e-02 2.896179e-02 1.576138e-02 2.394408e-02 4.340302e-03 1.355869e-02 2.298738e-02 
81 2431 6.738655e-02 0 0 5.045188e-03 6.879603e-03 2.816079e-02 2.780953e-02 1.432984e-02 2.272766e-02 3.903476e-03 1.235261e-02 2.121357e-02 
82 2461 6.505378e-02 0 0 4.763163e-03 6.405795e-03 2.795586e-02 2.740082e-02 1.336499e-02 2.168177e-02 3.601061e-03 1.198244e-02 2.056653e-02 
83 2491 6.082108e-02 0 0 4.451647e-03 5.934579e-03 2.680214e-02 2.591257e-02 1.229018e-02 2.101956e-02 3.239365e-03 1.126317e-02 1.926861e-02 
84 2521 5.308963e-02 0 0 3.776735e-03 4.924584e-03 2.231813e-02 2.222269e-02 1.095331e-02 1.793895e-02 2.689855e-03 9.629340e-03 1.609762e-02 
85 2551 4.990497e-02 0 0 3.414080e-03 4.480221e-03 2.109841e-02 2.064733e-02 1.066945e-02 1.617050e-02 2.389577e-03 8.598323e-03 1.480479e-02 
86 2581 5.238521e-02 0 0 3.447152e-03 4.575660e-03 2.155233e-02 2.210527e-02 1.080789e-02 1.835715e-02 2.398015e-03 8.750730e-03 1.619442e-02 
87 2611 5.301595e-02 0 0 3.462613e-03 4.643651e-03 2.135634e-02 2.228791e-02 1.130472e-02 1.897739e-02 2.306092e-03 8.896936e-03 1.604236e-02 
88 2641 4.531887e-02 0 0 2.863125e-03 3.861200e-03 1.848120e-02 1.866109e-02 9.279746e-03 1.610984e-02 1.878328e-03 7.323641e-03 1.315862e-02 
89 2671 4.569791e-02 0 0 2.858448e-03 3.803287e-03 1.800616e-02 2.001421e-02 9.760510e-03 1.575762e-02 1.804042e-03 7.154188e-03 1.317921e-02 
90 2701 3.808878e-02 0 0 2.331539e-03 3.108295e-03 1.500432e-02 1.695182e-02 7.920640e-03 1.287239e-02 1.429909e-03 5.909449e-03 1.101631e-02 
91 2731 3.660223e-02 0 0 2.153586e-03 2.876708e-03 1.408645e-02 1.637475e-02 7.246605e-03 1.241984e-02 1.306036e-03 5.648245e-03 1.093962e-02 
92 2761 3.875161e-02 0 0 2.235480e-03 2.945750e-03 1.455564e-02 1.711864e-02 7.719715e-03 1.277502e-02 1.311755e-03 6.245105e-03 1.125033e-02 
93 2791 4.042910e-02 0 0 2.277032e-03 2.953575e-03 1.537046e-02 1.774252e-02 7.970988e-03 1.352148e-02 1.297104e-03 7.125134e-03 1.152740e-02 
94 2821 3.725226e-02 0 0 2.024747e-03 2.619299e-03 1.362415e-02 1.629417e-02 7.469661e-03 1.248771e-02 1.159110e-03 6.562053e-03 1.046731e-02 
95 2851 3.474251e-02 0 0 1.851707e-03 2.319990e-03 1.249575e-02 1.490913e-02 6.886710e-03 1.111871e-02 1.025955e-03 5.916414e-03 9.602541e-03 
96 2881 3.493846e-02 0 0 1.812882e-03 2.266609e-03 1.262729e-02 1.513832e-02 6.677040e-03 1.112094e-02 9.781363e-04 6.037097e-03 1.008554e-02 
97 2911 4.133108e-02 0 0 2.110024e-03 2.593315e-03 1.604167e-02 1.956047e-02 8.004753e-03 1.287270e-02 1.109446e-03 7.626663e-03 1.190186e-02 
98 2941 3.980102e-02 0 0 1.948241e-03 2.425601e-03 1.561134e-02 1.974035e-02 7.509121e-03 1.228562e-02 1.014477e-03 7.393527e-03 1.121955e-02 
99 2971 3.565552e-02 0 0 1.779946e-03 2.150925e-03 1.370419e-02 1.699416e-02 6.671098e-03 1.092268e-02 8.679658e-04 6.422509e-03 9.889535e-03 
100 3001 3.485026e-02 0 0 1.751837e-03 2.066826e-03 1.319414e-02 1.777205e-02 6.790497e-03 1.154615e-02 8.070758e-04 6.185021e-03 1.014220e-02 
101 3031 3.542114e-02 0 0 1.797777e-03 2.074375e-03 1.333060e-02 1.774436e-02 6.910367e-03 1.140271e-02 7.835323e-04 6.570514e-03 1.001236e-02 
102 3061 3.670312e-02 0 0 1.814163e-03 2.081600e-03 1.367727e-02 1.771653e-02 7.233806e-03 1.186694e-02 7.712671e-04 6.550880e-03 1.052475e-02 
103 3091 3.399758e-02 0 0 1.605970e-03 1.857086e-03 1.236173e-02 1.631408e-02 6.460720e-03 1.081783e-02 6.773439e-04 5.828210e-03 9.356070e-03 
104 3121 3.232085e-02 0 0 1.552329e-03 1.836351e-03 1.178044e-02 1.598997e-02 6.080703e-03 1.028965e-02 6.191031e-04 5.589482e-03 8.759701e-03 
105 3151 2.839977e-02 0 0 1.327841e-03 1.565798e-03 1.027766e-02 1.364548e-02 5.247335e-03 8.616636e-03 5.182202e-04 4.748779e-03 7.729183e-03 
106 3181 2.629954e-02 0 0 1.222217e-03 1.432963e-03 9.462845e-03 1.266622e-02 4.989463e-03 7.641404e-03 4.583680e-04 4.409566e-03 7.290353e-03 
107 3211 2.659918e-02 0 0 1.191143e-03 1.406024e-03 9.841574e-03 1.283829e-02 4.964868e-03 7.503559e-03 4.400239e-04 4.456908e-03 7.169068e-03 
108 3241 2.882807e-02 0 0 1.376005e-03 1.596635e-03 1.040922e-02 1.346457e-02 5.829062e-03 8.274940e-03 4.530896e-04 4.756998e-03 7.806316e-03 
109 3271 2.998355e-02 0 0 1.415976e-03 1.625194e-03 1.121470e-02 1.427345e-02 6.166187e-03 8.402780e-03 4.476168e-04 5.226526e-03 7.909727e-03 
110 3301 2.906870e-02 0 0 1.355470e-03 1.554832e-03 1.055953e-02 1.312713e-02 5.806294e-03 7.842968e-03 4.100950e-04 4.862920e-03 7.495738e-03 
111 3331 2.611445e-02 0 0 1.188784e-03 1.343114e-03 9.689513e-03 1.198692e-02 5.183144e-03 6.973865e-03 3.551811e-04 4.440365e-03 6.948429e-03 
112 3361 2.274063e-02 0 0 1.041735e-03 1.168742e-03 8.144565e-03 1.026316e-02 4.487396e-03 6.011476e-03 2.983682e-04 3.801565e-03 6.313622e-03 
113 3391 1.899955e-02 0 0 8.428757e-04 9.353429e-04 6.674383e-03 8.454363e-03 3.722082e-03 4.831559e-03 2.429420e-04 3.073445e-03 5.121705e-03 
114 3421 1.666341e-02 0 0 7.170866e-04 7.900398e-04 5.699175e-03 7.304694e-03 3.167221e-03 4.090090e-03 2.075023e-04 2.632228e-03 4.346160e-03 
115 3451 1.673256e-02 0 0 7.038979e-04 7.798533e-04 5.696095e-03 7.261484e-03 3.403794e-03 4.046018e-03 2.040580e-04 2.795505e-03 4.444781e-03 
116 3481 1.664165e-02 0 0 6.769967e-04 7.533250e-04 5.554428e-03 7.061264e-03 3.321362e-03 3.996936e-03 2.011673e-04 2.684806e-03 4.275826e-03 
117 3511 1.528164e-02 0 0 6.053007e-04 6.816552e-04 4.994959e-03 6.604384e-03 2.934750e-03 3.661532e-03 1.774639e-04 2.501985e-03 3.751268e-03 
118 3541 1.341987e-02 0 0 5.313153e-04 6.026599e-04 4.247505e-03 5.924339e-03 2.588863e-03 3.119713e-03 1.488112e-04 2.126371e-03 3.345369e-03 
119 3571 1.263343e-02 0 0 4.863683e-04 5.425888e-04 3.849961e-03 5.352941e-03 2.519317e-03 2.873328e-03 1.367829e-04 2.046874e-03 3.134890e-03 
120 3601 1.250929e-02 0 0 4.742098e-04 5.183901e-04 3.844002e-03 5.228590e-03 2.454653e-03 2.750436e-03 1.334743e-04 2.021355e-03 3.025918e-03 
121 3631 1.248934e-02 0 0 4.638660e-04 5.114027e-04 3.840519e-03 5.288397e-03 2.435137e-03 2.820281e-03 1.280718e-04 1.968892e-03 2.914445e-03 
122 3661 1.195002e-02 0 0 4.243762e-04 4.714380e-04 3.611230e-03 5.000790e-03 2.300137e-03 2.726814e-03 1.225816e-04 1.879193e-03 2.743511e-03 
123 3691 1.198682e-02 0 0 4.202824e-04 4.571521e-04 3.568193e-03 5.138158e-03 2.284165e-03 2.653355e-03 1.227267e-04 1.845578e-03 2.737630e-03 
124 3721 1.283055e-02 0 0 4.494512e-04 4.797851e-04 3.751940e-03 5.873613e-03 2.577331e-03 2.857822e-03 1.267062e-04 1.945313e-03 2.876770e-03 
125 3751 1.153388e-02 0 0 4.072372e-04 4.379326e-04 3.453350e-03 5.291105e-03 2.304400e-03 2.703171e-03 1.105413e-04 1.718449e-03 2.513124e-03 
126 3781 1.137200e-02 0 0 4.233285e-04 4.421342e-04 3.330930e-03 5.214326e-03 2.289056e-03 2.660562e-03 1.086961e-04 1.757565e-03 2.544422e-03 
127 3811 1.068753e-02 0 0 3.877629e-04 4.106270e-04 3.230404e-03 4.801684e-03 2.213284e-03 2.395732e-03 1.071694e-04 1.721764e-03 2.402725e-03 
128 3841 1.033732e-02 0 0 3.692383e-04 3.903337e-04 3.101008e-03 4.482254e-03 2.066070e-03 2.298817e-03 1.072221e-04 1.627565e-03 2.244146e-03 
129 3871 1.036719e-02 0 0 3.620329e-04 3.882246e-04 2.989488e-03 4.330548e-03 2.064741e-03 2.413383e-03 1.085396e-04 1.583965e-03 2.192055e-03 
130 3901 9.924208e-03 0 0 3.469131e-04 3.755466e-04 2.879933e-03 4.153259e-03 1.988710e-03 2.346802e-03 1.021622e-04 1.540440e-03 2.148005e-03 
131 3931 1.035252e-02 0 0 3.634428e-04 3.894481e-04 3.077373e-03 4.394309e-03 2.081288e-03 2.427657e-03 1.057074e-04 1.596273e-03 2.392820e-03 
132 3961 1.199189e-02 0 0 4.392809e-04 4.569739e-04 3.463961e-03 4.959185e-03 2.340007e-03 2.719517e-03 1.254007e-04 1.785359e-03 2.834790e-03 
133 3991 1.201744e-02 0 0 4.532842e-04 4.632574e-04 3.382218e-03 4.886665e-03 2.339660e-03 2.686425e-03 1.238680e-04 1.788909e-03 2.777683e-03 
134 4021 1.161819e-02 0 0 4.269732e-04 4.509394e-04 3.309394e-03 4.682899e-03 2.241509e-03 2.543906e-03 1.178725e-04 1.699407e-03 2.655752e-03 
135 4051 1.145613e-02 0 0 4.146153e-04 4.432523e-04 3.133658e-03 4.441672e-03 2.152020e-03 2.733399e-03 1.153603e-04 1.609733e-03 2.652369e-03 
136 4081 1.198337e-02 0 0 4.376098e-04 4.630854e-04 3.120363e-03 4.542429e-03 2.178083e-03 2.951389e-03 1.155231e-04 1.741729e-03 2.685035e-03 
137 4111 1.136943e-02 0 0 4.049972e-04 4.450713e-04 3.073577e-03 4.451001e-03 2.084038e-03 2.736615e-03 1.109841e-04 1.665356e-03 2.561157e-03 
138 4141 1.229642e-02 0 0 4.329267e-04 4.915744e-04 3.275355e-03 4.918771e-03 2.314087e-03 3.005025e-03 1.195606e-04 1.775968e-03 2.727406e-03 
139 4171 1.226633e-02 0 0 4.243317e-04 4.694786e-04 3.562639e-03 5.200594e-03 2.366765e-03 2.938836e-03 1.206212e-04 1.950925e-03 2.834820e-03 
140 4201 1.191887e-02 0 0 4.149599e-04 4.595728e-04 3.568050e-03 4.966588e-03 2.388213e-03 2.967280e-03 1.157711e-04 1.893449e-03 2.872094e-03 
141 4231 1.068874e-02 0 0 3.623638e-04 4.041476e-04 3.102857e-03 4.378149e-03 2.043428e-03 2.599350e-03 1.004800e-04 1.636080e-03 2.502547e-03 
142 4261 9.847363e-03 0 0 3.314350e-04 3.662672e-04 2.765485e-03 3.851459e-03 1.853326e-03 2.426914e-03 9.232198e-05 1.507233e-03 2.269364e-03 
143 4291 8.326665e-03 0 0 2.764073e-04 3.094455e-04 2.281472e-03 3.280217e-03 1.515853e-03 1.987333e-03 7.603028e-05 1.284515e-03 1.851005e-03 
144 4321 8.277640e-03 0 0 2.719677e-04 2.985503e-04 2.214822e-03 3.282577e-03 1.489844e-03 2.031854e-03 7.307423e-05 1.246437e-03 1.772942e-03 
145 4351 7.829186e-03 0 0 2.563436e-04 2.791597e-04 2.082490e-03 3.053735e-03 1.414039e-03 1.919765e-03 6.639161e-05 1.149754e-03 1.731606e-03 
146 4381 6.677291e-03 0 0 2.119446e-04 2.291563e-04 1.768407e-03 2.477550e-03 1.165535e-03 1.610349e-03 5.749449e-05 9.579691e-04 1.500187e-03 
147 4411 6.472034e-03 0 0 2.031440e-04 2.217404e-04 1.634760e-03 2.368303e-03 1.132826e-03 1.529346e-03 5.640730e-05 8.921360e-04 1.434942e-03 
148 4441 6.097418e-03 0 0 1.885863e-04 2.065447e-04 1.515474e-03 2.182043e-03 1.043250e-03 1.421239e-03 5.374444e-05 8.116757e-04 1.344782e-03 
149 4471 5.956050e-03 0 0 1.758793e-04 1.971872e-04 1.457782e-03 2.063850e-03 1.012414e-03 1.371243e-03 5.333675e-05 7.907508e-04 1.274636e-03 
150 4501 5.428661e-03 0 0 1.545102e-04 1.753747e-04 1.305475e-03 1.889182e-03 8.980232e-04 1.202439e-03 4.847005e-05 7.066789e-04 1.112327e-03 
151 4531 5.220994e-03 0 0 1.453289e-04 1.666765e-04 1.318185e-03 1.827121e-03 8.680720e-04 1.131501e-03 4.423362e-05 6.975894e-04 1.097309e-03 
152 4561 4.863599e-03 0 0 1.363137e-04 1.541930e-04 1.210508e-03 1.640732e-03 8.270442e-04 1.036435e-03 3.983719e-05 6.416326e-04 1.043047e-03 
153 4591 5.302317e-03 0 0 1.425070e-04 1.618184e-04 1.269909e-03 1.768591e-03 8.843655e-04 1.195155e-03 4.202132e-05 6.677986e-04 1.107948e-03 
154 4621 5.262571e-03 0 0 1.413749e-04 1.672698e-04 1.232735e-03 1.710579e-03 8.816771e-04 1.196256e-03 4.159045e-05 6.376513e-04 1.073410e-03 
155 4651 5.249029e-03 0 0 1.415122e-04 1.598566e-04 1.231719e-03 1.765387e-03 8.638593e-04 1.175480e-03 4.136257e-05 6.351962e-04 1.060741e-03 
156 4681 5.467316e-03 0 0 1.494232e-04 1.665639e-04 1.257747e-03 1.807991e-03 9.041097e-04 1.253892e-03 4.365149e-05 6.636641e-04 1.175298e-03 
157 4711 6.378905e-03 0 0 1.845219e-04 1.954718e-04 1.428356e-03 2.069328e-03 1.029912e-03 1.442303e-03 5.244151e-05 7.659912e-04 1.351197e-03 
158 4741 5.573948e-03 0 0 1.642808e-04 1.730540e-04 1.223676e-03 1.746050e-03 8.780210e-04 1.239524e-03 4.486659e-05 6.706336e-04 1.136782e-03 
159 4771 5.143826e-03 0 0 1.461203e-04 1.562129e-04 1.094420e-03 1.553177e-03 8.434737e-04 1.168631e-03 3.964962e-05 6.023860e-04 1.013675e-03 
160 4801 4.792677e-03 0 0 1.351913e-04 1.418568e-04 1.020140e-03 1.471412e-03 7.667688e-04 1.069187e-03 3.712810e-05 5.994402e-04 9.881696e-04 
161 4831 4.891896e-03 0 0 1.398216e-04 1.511365e-04 1.031142e-03 1.473265e-03 7.537884e-04 1.089560e-03 3.707697e-05 6.121590e-04 9.882253e-04 
162 4861 4.925869e-03 0 0 1.396017e-04 1.552843e-04 1.020997e-03 1.523971e-03 7.558009e-04 1.120759e-03 3.798809e-05 6.270924e-04 9.580746e-04 
163 4891 4.483472e-03 0 0 1.252653e-04 1.386239e-04 9.151376e-04 1.363442e-03 6.958516e-04 1.008498e-03 3.323168e-05 5.599879e-04 8.408283e-04 
164 4921 4.281279e-03 0 0 1.201665e-04 1.273605e-04 9.032096e-04 1.276614e-03 6.552721e-04 9.538489e-04 3.495677e-05 5.373041e-04 8.466941e-04 
165 4951 4.014552e-03 0 0 1.093980e-04 1.188170e-04 8.648507e-04 1.213371e-03 6.062069e-04 8.588702e-04 3.259532e-05 5.079313e-04 7.956319e-04 
166 4981 4.829776e-03 0 0 1.287182e-04 1.409939e-04 1.056840e-03 1.567966e-03 7.002316e-04 1.036671e-03 4.136857e-05 5.980951e-04 9.373783e-04 
167 5011 5.340856e-03 0 0 1.403648e-04 1.524706e-04 1.276772e-03 1.760244e-03 7.588628e-04 1.111761e-03 4.568227e-05 6.807130e-04 1.029452e-03 
168 5041 5.094175e-03 0 0 1.328337e-04 1.415304e-04 1.235013e-03 1.682291e-03 7.256809e-04 1.058906e-03 4.342324e-05 6.647789e-04 1.018237e-03 
169 5071 4.913864e-03 0 0 1.258206e-04 1.377971e-04 1.167187e-03 1.641533e-03 7.370138e-04 9.937129e-04 4.059257e-05 6.315769e-04 9.860905e-04 
170 5101 4.624208e-03 0 0 1.189893e-04 1.302315e-04 1.109694e-03 1.581634e-03 6.978499e-04 9.149783e-04 3.707063e-05 6.136902e-04 9.248128e-04 
171 5131 4.607094e-03 0 0 1.149338e-04 1.248714e-04 1.062539e-03 1.566572e-03 6.668757e-04 9.060174e-04 3.619475e-05 5.921164e-04 9.122095e-04 
172 5161 4.110587e-03 0 0 9.843855e-05 1.098671e-04 9.123080e-04 1.350297e-03 5.915053e-04 8.228644e-04 3.221830e-05 5.144079e-04 7.981160e-04 
173 5191 3.613915e-03 0 0 8.898911e-05 9.757876e-05 7.911460e-04 1.151011e-03 5.048195e-04 7.281891e-04 2.740823e-05 4.427918e-04 6.867815e-04 
174 5221 3.727616e-03 0 0 9.313591e-05 9.918043e-05 8.419158e-04 1.217094e-03 5.334439e-04 7.336741e-04 2.840490e-05 4.669473e-04 7.552865e-04 
175 5251 3.522488e-03 0 0 8.695088e-05 9.250524e-05 8.016478e-04 1.189458e-03 5.011133e-04 6.880804e-04 2.693285e-05 4.439911e-04 7.130026e-04 
176 5281 3.777733e-03 0 0 9.645039e-05 1.052679e-04 8.601078e-04 1.246135e-03 5.587597e-04 7.844740e-04 2.800008e-05 4.878648e-04 7.607407e-04 
177 5311 3.693857e-03 0 0 9.427737e-05 1.017485e-04 8.241637e-04 1.186739e-03 5.372057e-04 7.426430e-04 2.826227e-05 4.673872e-04 7.214267e-04 
178 5341 3.744604e-03 0 0 9.412557e-05 1.038089e-04 8.115067e-04 1.178647e-03 5.447692e-04 7.529359e-04 2.921525e-05 4.657038e-04 7.469392e-04 
179 5371 3.598300e-03 0 0 9.159227e-05 1.025259e-04 7.682634e-04 1.153425e-03 5.245333e-04 7.316527e-04 2.729271e-05 4.353586e-04 7.019447e-04 
180 5401 3.572273e-03 0 0 9.040062e-05 9.918644e-05 7.512929e-04 1.172937e-03 5.034009e-04 6.883313e-04 2.594397e-05 4.378555e-04 6.709416e-04 
181 5431 3.651316e-03 0 0 9.058511e-05 9.830540e-05 7.509720e-04 1.212747e-03 4.983469e-04 6.960457e-04 2.588369e-05 4.400428e-04 6.693853e-04 
182 5461 3.971887e-03 0 0 1.098081e-04 1.182898e-04 8.109148e-04 1.299574e-03 5.489663e-04 7.303064e-04 2.734979e-05 5.001858e-04 7.346094e-04 
183 5491 4.298486e-03 0 0 1.272558e-04 1.327972e-04 9.043654e-04 1.425356e-03 6.151486e-04 7.792888e-04 2.944753e-05 5.408676e-04 8.343592e-04 
184 5521 4.114532e-03 0 0 1.242149e-04 1.301196e-04 8.538408e-04 1.371066e-03 5.771487e-04 7.591312e-04 2.762347e-05 5.092161e-04 7.780388e-04 
185 5551 4.388113e-03 0 0 1.305021e-04 1.379470e-04 9.039691e-04 1.431926e-03 6.260500e-04 8.127664e-04 2.890337e-05 5.527265e-04 8.014979e-04 
186 5581 4.913877e-03 0 0 1.483187e-04 1.515643e-04 9.851558e-04 1.610629e-03 7.192929e-04 9.114019e-04 3.244499e-05 6.118150e-04 8.948321e-04 
187 5611 5.601493e-03 0 0 1.629753e-04 1.654141e-04 1.080802e-03 1.826554e-03 8.110253e-04 9.944274e-04 3.700781e-05 6.685333e-04 9.723704e-04 
188 5641 5.354627e-03 0 0 1.565505e-04 1.573536e-04 1.016930e-03 1.683085e-03 7.521936e-04 9.148214e-04 3.559068e-05 6.181902e-04 9.136275e-04 
189 5671 5.440669e-03 0 0 1.733272e-04 1.836753e-04 9.992107e-04 1.720938e-03 7.565491e-04 9.029867e-04 3.565940e-05 6.368378e-04 9.402328e-04 
190 5701 6.381510e-03 0 0 2.234737e-04 2.430746e-04 1.160169e-03 2.181625e-03 9.110415e-04 1.065972e-03 4.045741e-05 7.614177e-04 1.197318e-03 
191 5731 5.945502e-03 0 0 2.044088e-04 2.216057e-04 1.074603e-03 2.015020e-03 8.378248e-04 9.666958e-04 3.653561e-05 6.897024e-04 1.135563e-03 
192 5761 5.244024e-03 0 0 1.781079e-04 1.937858e-04 1.002645e-03 1.918734e-03 7.406224e-04 8.403887e-04 3.226086e-05 6.211870e-04 9.779511e-04 
193 5791 4.811855e-03 0 0 1.607119e-04 1.753453e-04 9.083143e-04 1.703255e-03 6.735017e-04 7.621195e-04 2.887743e-05 5.667977e-04 8.604216e-04 
194 5821 4.705970e-03 0 0 1.580788e-04 1.701809e-04 8.709648e-04 1.655044e-03 6.470094e-04 7.409113e-04 2.858084e-05 5.485126e-04 8.534720e-04 
195 5851 4.774034e-03 0 0 1.582616e-04 1.715163e-04 8.804772e-04 1.652002e-03 6.337109e-04 7.518732e-04 2.815232e-05 5.462925e-04 8.498141e-04 
196 5881 4.522435e-03 0 0 1.495030e-04 1.648278e-04 8.240917e-04 1.575472e-03 5.865847e-04 7.124840e-04 2.592119e-05 5.022214e-04 7.708861e-04 
197 5911 4.305053e-03 0 0 1.414342e-04 1.579132e-04 8.021682e-04 1.515436e-03 5.394859e-04 6.629234e-04 2.492884e-05 4.658060e-04 7.126023e-04 
198 5941 3.752937e-03 0 0 1.237654e-04 1.357208e-04 6.922269e-04 1.281448e-03 4.701584e-04 5.561709e-04 2.178193e-05 4.029287e-04 6.309535e-04 
199 5971 3.723151e-03 0 0 1.224486e-04 1.365675e-04 6.987810e-04 1.236312e-03 4.674621e-04 5.334332e-04 2.206285e-05 3.985003e-04 6.344171e-04 
200 6001 3.904236e-03 0 0 1.289953e-04 1.425794e-04 7.093230e-04 1.253809e-03 5.148191e-04 5.613361e-04 2.287389e-05 4.157211e-04 6.632638e-04 
201 6031 3.963432e-03 0 0 1.409264e-04 1.488828e-04 6.998463e-04 1.240377e-03 5.542335e-04 5.622132e-04 2.502380e-05 4.331096e-04 7.301732e-04 
202 6061 3.974185e-03 0 0 1.368466e-04 1.440651e-04 6.913876e-04 1.226324e-03 5.336832e-04 5.705009e-04 2.459443e-05 4.189750e-04 7.087285e-04 
203 6091 4.450234e-03 0 0 1.635784e-04 1.698463e-04 7.593634e-04 1.335337e-03 5.760604e-04 6.417070e-04 2.869960e-05 4.684325e-04 7.904040e-04 
204 6121 4.602750e-03 0 0 1.743479e-04 1.819061e-04 7.917614e-04 1.427382e-03 5.861276e-04 6.424112e-04 3.054934e-05 4.797201e-04 8.229892e-04 
205 6151 4.334274e-03 0 0 1.599432e-04 1.663412e-04 7.862941e-04 1.381248e-03 5.377690e-04 6.151298e-04 2.832987e-05 4.531525e-04 7.588295e-04 
206 6181 4.128530e-03 0 0 1.524003e-04 1.598898e-04 7.412709e-04 1.278066e-03 5.200516e-04 6.003358e-04 2.628572e-05 4.365531e-04 7.219876e-04 
207 6211 4.298304e-03 0 0 1.548891e-04 1.607631e-04 7.813974e-04 1.316365e-03 5.295009e-04 6.763351e-04 2.673110e-05 4.596213e-04 7.410087e-04 
208 6241 4.659749e-03 0 0 1.690322e-04 1.766723e-04 8.660895e-04 1.477505e-03 5.485888e-04 7.274687e-04 2.809831e-05 5.015563e-04 7.993773e-04 
209 6271 4.234373e-03 0 0 1.519990e-04 1.573882e-04 7.729080e-04 1.321221e-03 4.728730e-04 6.507865e-04 2.494931e-05 4.388125e-04 7.058609e-04 
210 6301 4.177220e-03 0 0 1.475533e-04 1.520072e-04 7.557389e-04 1.253640e-03 4.694817e-04 6.170207e-04 2.454787e-05 4.208835e-04 6.893740e-04 
211 6331 4.208231e-03 0 0 1.503866e-04 1.520483e-04 8.004164e-04 1.264794e-03 4.913962e-04 6.152453e-04 2.452794e-05 4.323916e-04 7.466955e-04 
212 6361 4.342349e-03 0 0 1.520162e-04 1.555539e-04 8.216853e-04 1.296097e-03 5.150504e-04 6.341374e-04 2.488582e-05 4.357526e-04 7.676803e-04 
213 6391 4.214067e-03 0 0 1.408546e-04 1.455091e-04 7.966415e-04 1.204028e-03 5.120113e-04 6.590813e-04 2.315155e-05 4.112891e-04 7.173439e-04 
214 6421 4.256665e-03 0 0 1.371109e-04 1.418035e-04 8.482408e-04 1.235949e-03 5.112286e-04 6.734789e-04 2.298173e-05 4.288303e-04 7.231974e-04 
215 6451 4.462770e-03 0 0 1.433707e-04 1.513979e-04 9.201051e-04 1.289792e-03 5.446702e-04 6.972350e-04 2.347067e-05 4.398909e-04 7.463460e-04 
216 6481 5.170279e-03 0 0 1.659200e-04 1.767245e-04 1.081522e-03 1.564916e-03 6.073149e-04 7.840916e-04 2.896595e-05 5.082154e-04 8.310262e-04 
217 6511 5.641566e-03 0 0 1.891139e-04 2.003215e-04 1.202768e-03 1.769995e-03 6.403320e-04 8.575195e-04 3.135597e-05 5.489148e-04 8.850108e-04 
218 6541 5.712186e-03 0 0 1.996282e-04 2.128182e-04 1.240469e-03 1.757774e-03 6.342037e-04 8.615210e-04 3.198408e-05 5.584151e-04 8.978678e-04 
219 6571 6.038467e-03 0 0 2.141139e-04 2.276444e-04 1.266141e-03 1.840727e-03 6.661286e-04 9.578142e-04 3.402714e-05 5.761859e-04 9.219571e-04 
220 6601 6.596070e-03 0 0 2.534916e-04 2.703761e-04 1.352030e-03 2.006744e-03 7.336064e-04 1.054925e-03 3.676009e-05 6.480649e-04 9.940073e-04 
221 6631 6.409356e-03 0 0 2.438244e-04 2.630356e-04 1.338759e-03 1.971862e-03 7.064090e-04 1.004860e-03 3.449653e-05 6.292721e-04 9.645749e-04 
222 6661 6.526677e-03 0 0 2.479630e-04 2.665335e-04 1.387272e-03 1.969339e-03 7.024451e-04 9.947266e-04 3.549547e-05 6.535315e-04 1.001479e-03 
223 6691 6.742742e-03 0 0 2.631222e-04 2.822177e-04 1.423485e-03 1.973800e-03 7.255519e-04 1.002209e-03 3.747478e-05 6.862682e-04 1.106209e-03 
224 6721 6.047597e-03 0 0 2.342441e-04 2.544602e-04 1.300509e-03 1.802996e-03 6.361860e-04 8.635235e-04 3.208318e-05 5.999100e-04 9.783956e-04 
225 6751 6.415362e-03 0 0 2.624658e-04 2.894846e-04 1.357021e-03 1.906412e-03 6.957072e-04 8.889088e-04 3.394733e-05 6.324666e-04 1.060589e-03 
226 6781 6.832568e-03 0 0 2.821062e-04 3.067970e-04 1.424957e-03 1.998344e-03 7.472815e-04 9.421247e-04 3.568231e-05 6.956922e-04 1.169860e-03 
227 6811 6.250748e-03 0 0 2.541544e-04 2.769527e-04 1.242179e-03 1.776496e-03 6.849405e-04 8.476492e-04 3.144802e-05 6.134328e-04 1.054616e-03 
228 6841 6.097645e-03 0 0 2.490371e-04 2.691532e-04 1.147332e-03 1.677137e-03 6.538172e-04 8.221361e-04 3.180245e-05 5.757359e-04 1.010506e-03 
229 6871 5.702460e-03 0 0 2.282350e-04 2.486990e-04 1.064884e-03 1.564211e-03 6.115685e-04 7.590817e-04 3.002255e-05 5.173798e-04 8.976881e-04 
230 6901 6.306780e-03 0 0 2.476512e-04 2.730688e-04 1.204383e-03 1.689485e-03 6.742203e-04 8.761566e-04 3.259782e-05 5.718429e-04 1.006031e-03 
231 6931 7.060363e-03 0 0 2.740044e-04 3.026911e-04 1.411643e-03 1.955605e-03 7.297077e-04 9.935713e-04 3.639075e-05 6.347408e-04 1.090068e-03 
232 6961 7.032670e-03 0 0 2.738011e-04 3.041451e-04 1.440746e-03 1.886277e-03 7.254662e-04 9.775967e-04 3.585406e-05 6.785818e-04 1.122247e-03 
233 6991 6.827858e-03 0 0 2.592589e-04 2.896634e-04 1.394117e-03 1.815024e-03 7.312973e-04 9.092828e-04 3.456693e-05 6.386778e-04 1.073101e-03 
234 7021 7.228757e-03 0 0 2.706811e-04 3.061562e-04 1.429824e-03 1.973510e-03 7.807145e-04 9.377753e-04 3.590714e-05 6.509266e-04 1.134023e-03 
235 7051 7.261290e-03 0 0 2.677288e-04 3.057406e-04 1.430916e-03 1.985065e-03 7.932481e-04 9.249457e-04 3.800308e-05 6.381415e-04 1.110343e-03 
236 7081 7.047399e-03 0 0 2.493700e-04 2.846652e-04 1.345138e-03 1.852984e-03 7.628031e-04 9.185940e-04 3.728070e-05 5.929757e-04 1.044370e-03 
237 7111 6.724738e-03 0 0 2.337292e-04 2.668381e-04 1.245418e-03 1.731934e-03 7.239223e-04 8.449867e-04 3.478896e-05 5.693394e-04 9.591128e-04 
238 7141 7.470977e-03 0 0 2.563023e-04 2.912184e-04 1.412063e-03 1.990822e-03 7.864877e-04 9.369410e-04 4.012369e-05 6.150311e-04 1.040894e-03 
239 7171 8.185840e-03 0 0 2.774445e-04 3.139390e-04 1.563468e-03 2.145530e-03 8.604553e-04 1.043475e-03 4.749971e-05 6.993629e-04 1.124892e-03 
240 7201 8.768149e-03 0 0 2.889445e-04 3.275155e-04 1.644975e-03 2.324240e-03 9.472337e-04 1.164356e-03 5.005937e-05 7.452113e-04 1.186458e-03 
241 7231 1.012579e-02 0 0 3.330521e-04 3.704494e-04 2.029728e-03 2.682038e-03 1.156099e-03 1.375275e-03 6.170966e-05 8.420198e-04 1.396770e-03 
242 7261 9.930550e-03 0 0 3.152750e-04 3.516914e-04 1.946427e-03 2.558488e-03 1.140112e-03 1.329373e-03 6.070038e-05 7.990115e-04 1.352694e-03 
243 7291 1.048498e-02 0 0 3.255524e-04 3.600868e-04 2.066882e-03 2.805351e-03 1.206130e-03 1.411141e-03 6.163417e-05 8.807413e-04 1.445676e-03 
244 7321 1.051208e-02 0 0 3.163321e-04 3.483577e-04 2.071607e-03 2.737671e-03 1.221551e-03 1.419171e-03 6.005342e-05 9.053120e-04 1.437414e-03 
245 7351 1.014322e-02 0 0 3.012266e-04 3.295914e-04 2.025000e-03 2.589885e-03 1.188869e-03 1.382123e-03 5.636307e-05 8.585283e-04 1.372787e-03 
246 7381 9.748863e-03 0 0 2.874688e-04 3.116107e-04 1.958217e-03 2.486479e-03 1.162924e-03 1.326052e-03 5.207699e-05 8.022216e-04 1.340932e-03 
247 7411 9.367606e-03 0 0 2.819416e-04 3.063655e-04 1.876397e-03 2.348433e-03 1.087016e-03 1.239324e-03 4.865289e-05 8.008492e-04 1.281030e-03 
248 7441 9.489607e-03 0 0 2.903040e-04 3.085757e-04 1.974046e-03 2.278331e-03 1.123242e-03 1.213847e-03 5.134866e-05 8.759018e-04 1.389123e-03 
249 7471 8.812682e-03 0 0 2.647251e-04 2.770259e-04 1.878649e-03 2.069461e-03 1.008647e-03 1.097812e-03 4.758540e-05 8.202662e-04 1.282310e-03 
250 7501 8.751684e-03 0 0 2.592970e-04 2.697595e-04 1.919322e-03 2.062016e-03 9.750159e-04 1.058477e-03 4.712918e-05 8.369993e-04 1.266540e-03 
251 7531 1.006930e-02 0 0 2.925430e-04 3.027484e-04 2.289488e-03 2.500967e-03 1.141526e-03 1.236401e-03 5.503915e-05 9.917834e-04 1.419068e-03 
252 7561 1.169452e-02 0 0 3.308582e-04 3.454959e-04 2.646318e-03 3.121017e-03 1.363112e-03 1.396963e-03 6.351336e-05 1.155047e-03 1.604161e-03 
253 7591 1.317618e-02 0 0 3.801218e-04 3.951474e-04 2.975822e-03 3.501162e-03 1.493848e-03 1.595678e-03 7.168191e-05 1.335406e-03 1.797398e-03 
254 7621 1.519723e-02 0 0 4.267669e-04 4.423828e-04 3.380247e-03 3.904036e-03 1.732048e-03 1.849655e-03 7.930660e-05 1.486804e-03 2.044617e-03 
255 7651 1.431964e-02 0 0 3.874137e-04 4.073118e-04 3.062703e-03 3.585179e-03 1.582503e-03 1.763628e-03 7.309021e-05 1.341124e-03 1.824163e-03 
256 7681 1.534867e-02 0 0 4.045520e-04 4.223985e-04 3.360391e-03 3.842213e-03 1.735836e-03 1.882895e-03 7.755100e-05 1.415146e-03 2.046717e-03 
257 7711 1.773099e-02 0 0 4.594323e-04 4.775250e-04 3.835426e-03 4.266714e-03 2.002671e-03 2.334806e-03 8.906328e-05 1.625203e-03 2.352519e-03 
258 7741 1.797899e-02 0 0 4.503839e-04 4.710796e-04 3.823648e-03 4.195992e-03 2.001508e-03 2.281613e-03 8.683937e-05 1.600271e-03 2.343236e-03 
259 7771 1.733673e-02 0 0 4.316888e-04 4.538056e-04 3.785523e-03 4.227519e-03 1.872327e-03 2.169237e-03 8.117959e-05 1.605246e-03 2.227193e-03 
260 7801 1.620179e-02 0 0 3.953812e-04 4.105334e-04 3.526954e-03 3.793720e-03 1.728169e-03 1.974176e-03 7.669519e-05 1.473145e-03 2.026097e-03 
261 7831 1.677479e-02 0 0 3.899475e-04 4.058384e-04 3.754873e-03 4.006683e-03 1.800856e-03 2.067845e-03 7.764725e-05 1.540857e-03 2.124978e-03 
262 7861 1.746107e-02 0 0 3.945158e-04 4.131219e-04 3.823272e-03 4.084375e-03 1.820349e-03 2.183510e-03 7.864273e-05 1.585212e-03 2.134520e-03 
263 7891 1.846849e-02 0 0 4.068307e-04 4.321392e-04 4.033525e-03 4.277049e-03 1.923853e-03 2.273119e-03 8.283974e-05 1.701696e-03 2.147854e-03 
264 7921 1.837505e-02 0 0 4.126313e-04 4.346624e-04 3.933906e-03 4.149936e-03 1.925166e-03 2.291313e-03 8.764630e-05 1.707826e-03 2.051572e-03 
265 7951 1.687106e-02 0 0 3.851285e-04 4.062295e-04 3.542385e-03 3.660212e-03 1.715615e-03 2.056854e-03 8.071768e-05 1.574278e-03 1.840232e-03 
266 7981 1.436670e-02 0 0 3.291905e-04 3.456036e-04 2.952029e-03 2.976025e-03 1.423879e-03 1.712626e-03 6.841378e-05 1.300470e-03 1.539323e-03 
267 8011 1.460927e-02 0 0 3.309154e-04 3.491006e-04 3.020925e-03 3.113609e-03 1.480068e-03 1.741722e-03 6.816090e-05 1.306704e-03 1.593519e-03 
268 8041 1.334572e-02 0 0 2.994364e-04 3.146028e-04 2.674323e-03 2.835156e-03 1.406635e-03 1.570864e-03 6.100696e-05 1.166180e-03 1.540985e-03 
269 8071 1.591947e-02 0 0 3.442576e-04 3.632059e-04 3.201877e-03 3.857101e-03 1.680181e-03 1.855798e-03 7.478556e-05 1.416183e-03 1.792479e-03 
270 8101 1.585152e-02 0 0 3.330610e-04 3.563231e-04 3.099418e-03 3.921068e-03 1.677271e-03 1.836356e-03 7.516625e-05 1.354963e-03 1.732683e-03 
271 8131 1.704403e-02 0 0 3.799790e-04 4.105759e-04 3.348937e-03 4.254897e-03 1.782009e-03 1.918604e-03 7.940163e-05 1.423921e-03 1.855308e-03 
272 8161 1.724668e-02 0 0 3.738682e-04 4.058454e-04 3.498471e-03 4.268277e-03 1.755666e-03 1.880096e-03 7.792308e-05 1.417927e-03 1.822471e-03 
273 8191 1.506666e-02 0 0 3.395484e-04 3.659304e-04 3.098781e-03 3.737252e-03 1.499394e-03 1.577535e-03 6.678996e-05 1.245024e-03 1.561432e-03 
274 8221 1.538611e-02 0 0 3.511989e-04 3.822846e-04 3.075918e-03 3.788863e-03 1.534251e-03 1.685266e-03 6.682730e-05 1.255217e-03 1.556355e-03 
275 8251 1.339892e-02 0 0 2.955818e-04 3.252128e-04 2.625106e-03 3.291729e-03 1.278277e-03 1.413108e-03 5.645182e-05 1.059012e-03 1.309854e-03 
276 8281 1.165192e-02 0 0 2.511178e-04 2.738769e-04 2.298487e-03 2.783013e-03 1.096185e-03 1.245678e-03 4.738302e-05 8.905713e-04 1.119594e-03 
277 8311 1.147362e-02 0 0 2.405346e-04 2.626528e-04 2.317229e-03 2.714238e-03 1.030569e-03 1.265254e-03 4.564216e-05 8.825680e-04 1.077741e-03 
