%  columns=["iteration, evaluation, sigma, void, void, stds==sigma*sqrt(diag(C))" (startseed=210696, 2015/09/3 6:41:32.96)
1 31 3.953795e+00 0 0 6.208486e-01 4.997376e-01 3.913288e+00 3.820731e-01 3.801189e-01 3.393837e-01 6.484530e-01 3.979462e+00 4.134448e-01 
2 61 3.982922e+00 0 0 6.160971e-01 5.008513e-01 3.776534e+00 4.066108e-01 3.903847e-01 3.342236e-01 6.339915e-01 3.894991e+00 4.136105e-01 
3 91 4.716500e+00 0 0 7.046368e-01 5.890734e-01 4.431996e+00 5.290519e-01 4.928042e-01 3.875442e-01 7.534313e-01 4.492556e+00 4.845944e-01 
4 121 4.601546e+00 0 0 6.669330e-01 5.605856e-01 4.413612e+00 5.075256e-01 4.668646e-01 3.634444e-01 7.465503e-01 4.366602e+00 4.591935e-01 
5 151 4.845853e+00 0 0 6.856950e-01 5.747615e-01 4.629127e+00 5.138558e-01 4.874356e-01 3.774987e-01 8.088377e-01 4.531251e+00 4.983568e-01 
6 181 5.863070e+00 0 0 8.057784e-01 7.054646e-01 5.952584e+00 6.024515e-01 5.750864e-01 4.451478e-01 1.050520e+00 5.725294e+00 6.099353e-01 
7 211 6.438805e+00 0 0 8.721388e-01 7.738873e-01 6.372307e+00 6.690572e-01 6.128729e-01 4.982099e-01 1.162828e+00 6.226122e+00 6.490633e-01 
8 241 6.121601e+00 0 0 8.228951e-01 7.279259e-01 5.973626e+00 6.204890e-01 5.725434e-01 4.592945e-01 1.087053e+00 5.906011e+00 6.213797e-01 
9 271 6.111547e+00 0 0 8.001557e-01 7.257571e-01 5.809141e+00 6.150858e-01 5.728359e-01 4.750124e-01 1.050849e+00 5.830720e+00 6.108440e-01 
10 301 5.330812e+00 0 0 6.704083e-01 6.098326e-01 4.902192e+00 5.198161e-01 4.809064e-01 4.182382e-01 9.016096e-01 4.935642e+00 5.176531e-01 
11 331 5.212281e+00 0 0 6.584211e-01 5.843710e-01 5.093139e+00 5.076295e-01 4.638749e-01 4.046419e-01 8.662386e-01 4.706239e+00 4.856622e-01 
12 361 5.369664e+00 0 0 6.838316e-01 5.985010e-01 5.490460e+00 5.177386e-01 4.599920e-01 4.117873e-01 8.561501e-01 4.772788e+00 4.876028e-01 
13 391 5.167336e+00 0 0 6.544289e-01 5.550820e-01 5.372249e+00 4.912334e-01 4.237020e-01 3.865773e-01 8.435097e-01 4.683700e+00 4.700751e-01 
14 421 4.498179e+00 0 0 5.477493e-01 4.686707e-01 4.547405e+00 4.117617e-01 3.589423e-01 3.303828e-01 7.203430e-01 3.933203e+00 3.919200e-01 
15 451 4.256116e+00 0 0 5.111771e-01 4.338802e-01 4.288178e+00 3.757044e-01 3.285731e-01 3.098609e-01 6.660116e-01 3.784568e+00 3.626285e-01 
16 481 4.151310e+00 0 0 5.181393e-01 4.099131e-01 4.140849e+00 3.599590e-01 3.116415e-01 2.897824e-01 6.396446e-01 3.531248e+00 3.550957e-01 
17 511 3.772810e+00 0 0 4.999065e-01 3.668792e-01 3.755109e+00 3.211864e-01 2.891456e-01 2.581471e-01 5.977954e-01 3.154227e+00 3.141169e-01 
18 541 3.384840e+00 0 0 4.280400e-01 3.185383e-01 3.418205e+00 2.785352e-01 2.547393e-01 2.363191e-01 5.220107e-01 2.719563e+00 2.736549e-01 
19 571 2.952905e+00 0 0 3.541880e-01 2.719275e-01 2.936521e+00 2.329575e-01 2.156910e-01 1.995001e-01 4.434222e-01 2.351230e+00 2.393356e-01 
20 601 3.058351e+00 0 0 3.592013e-01 2.769549e-01 3.172119e+00 2.340006e-01 2.144535e-01 2.063955e-01 4.477262e-01 2.476189e+00 2.535800e-01 
21 631 2.663310e+00 0 0 3.034353e-01 2.297027e-01 2.815670e+00 1.963444e-01 1.801048e-01 1.750473e-01 3.769261e-01 2.117918e+00 2.114821e-01 
22 661 2.642233e+00 0 0 3.033205e-01 2.176755e-01 2.738725e+00 2.013490e-01 1.787571e-01 1.661899e-01 3.579142e-01 2.075434e+00 2.080087e-01 
23 691 2.574548e+00 0 0 2.954037e-01 2.115003e-01 2.672021e+00 1.984334e-01 1.695160e-01 1.560027e-01 3.627329e-01 2.145085e+00 2.017280e-01 
24 721 2.527752e+00 0 0 2.965865e-01 2.038475e-01 2.588265e+00 1.913608e-01 1.615380e-01 1.540924e-01 3.435331e-01 2.079721e+00 1.993386e-01 
25 751 2.301337e+00 0 0 2.637650e-01 1.814281e-01 2.288759e+00 1.717598e-01 1.413433e-01 1.360750e-01 3.108312e-01 1.894536e+00 1.856653e-01 
26 781 2.062982e+00 0 0 2.264608e-01 1.651727e-01 2.051820e+00 1.565629e-01 1.218057e-01 1.165896e-01 2.761995e-01 1.741071e+00 1.637202e-01 
27 811 1.935048e+00 0 0 2.099710e-01 1.546936e-01 1.916065e+00 1.473055e-01 1.106161e-01 1.081292e-01 2.479492e-01 1.581647e+00 1.555627e-01 
28 841 1.624859e+00 0 0 1.707476e-01 1.304046e-01 1.581158e+00 1.301857e-01 9.373160e-02 9.690864e-02 2.006597e-01 1.309124e+00 1.274447e-01 
29 871 1.770855e+00 0 0 1.793698e-01 1.414943e-01 1.754903e+00 1.389032e-01 1.027049e-01 1.030974e-01 2.289698e-01 1.464261e+00 1.329386e-01 
30 901 1.713498e+00 0 0 1.831614e-01 1.349795e-01 1.739114e+00 1.388592e-01 1.018434e-01 9.653297e-02 2.255206e-01 1.414094e+00 1.285351e-01 
31 931 1.723367e+00 0 0 1.873613e-01 1.329752e-01 1.709607e+00 1.408518e-01 1.023490e-01 9.885584e-02 2.289078e-01 1.424884e+00 1.260827e-01 
32 961 1.912719e+00 0 0 2.018528e-01 1.481898e-01 1.830222e+00 1.622438e-01 1.127250e-01 1.074792e-01 2.583989e-01 1.560768e+00 1.421834e-01 
33 991 1.829780e+00 0 0 1.901853e-01 1.377732e-01 1.737408e+00 1.513959e-01 1.077227e-01 1.009803e-01 2.391248e-01 1.439266e+00 1.436339e-01 
34 1021 1.779867e+00 0 0 1.843115e-01 1.282469e-01 1.663046e+00 1.432453e-01 1.019944e-01 9.292253e-02 2.308734e-01 1.380246e+00 1.434575e-01 
35 1051 1.845311e+00 0 0 1.877207e-01 1.288407e-01 1.751060e+00 1.445153e-01 1.048751e-01 1.018975e-01 2.436426e-01 1.453095e+00 1.533228e-01 
36 1081 1.866067e+00 0 0 1.909265e-01 1.356478e-01 1.749619e+00 1.444131e-01 1.055500e-01 1.031346e-01 2.554419e-01 1.461964e+00 1.516415e-01 
37 1111 1.739976e+00 0 0 1.737217e-01 1.281581e-01 1.604957e+00 1.328669e-01 9.697588e-02 9.440949e-02 2.359643e-01 1.324315e+00 1.377334e-01 
38 1141 1.688959e+00 0 0 1.618624e-01 1.253607e-01 1.513901e+00 1.282678e-01 9.181636e-02 8.904937e-02 2.275430e-01 1.269795e+00 1.296983e-01 
39 1171 2.067678e+00 0 0 1.899326e-01 1.653995e-01 1.844879e+00 1.569468e-01 1.104843e-01 1.127382e-01 2.892618e-01 1.551323e+00 1.664028e-01 
40 1201 2.315151e+00 0 0 2.156737e-01 1.894081e-01 1.980199e+00 1.762245e-01 1.216239e-01 1.295905e-01 3.158335e-01 1.679366e+00 1.929474e-01 
41 1231 2.395801e+00 0 0 2.292971e-01 1.992980e-01 1.960200e+00 1.762727e-01 1.222838e-01 1.346276e-01 3.214879e-01 1.722442e+00 2.004610e-01 
42 1261 2.332751e+00 0 0 2.212366e-01 2.027552e-01 1.891382e+00 1.701494e-01 1.150818e-01 1.270972e-01 3.073300e-01 1.633724e+00 1.870653e-01 
43 1291 2.073216e+00 0 0 1.961238e-01 1.750833e-01 1.633987e+00 1.531391e-01 1.034690e-01 1.109974e-01 2.603798e-01 1.390571e+00 1.624218e-01 
44 1321 2.044326e+00 0 0 1.976726e-01 1.793102e-01 1.628417e+00 1.439320e-01 9.827321e-02 1.086727e-01 2.572437e-01 1.351990e+00 1.541961e-01 
45 1351 2.068238e+00 0 0 1.942097e-01 1.745265e-01 1.675515e+00 1.484643e-01 1.033170e-01 1.105796e-01 2.488267e-01 1.310775e+00 1.511146e-01 
46 1381 2.266134e+00 0 0 2.129665e-01 1.930311e-01 1.806836e+00 1.670085e-01 1.121094e-01 1.213713e-01 2.628269e-01 1.378659e+00 1.742508e-01 
47 1411 2.238346e+00 0 0 2.029691e-01 1.864412e-01 1.746214e+00 1.638260e-01 1.164205e-01 1.187666e-01 2.512948e-01 1.323793e+00 1.659447e-01 
48 1441 2.169467e+00 0 0 1.936244e-01 1.840606e-01 1.786328e+00 1.542106e-01 1.130312e-01 1.166705e-01 2.350422e-01 1.233102e+00 1.578111e-01 
49 1471 1.945661e+00 0 0 1.847918e-01 1.689349e-01 1.574785e+00 1.351135e-01 1.035767e-01 1.026635e-01 2.178124e-01 1.103505e+00 1.362366e-01 
50 1501 1.819145e+00 0 0 1.723377e-01 1.592297e-01 1.495528e+00 1.219901e-01 1.001797e-01 9.568526e-02 1.949662e-01 9.812021e-01 1.288157e-01 
51 1531 1.718612e+00 0 0 1.556454e-01 1.499777e-01 1.388690e+00 1.162208e-01 9.378237e-02 8.839054e-02 1.786940e-01 8.945250e-01 1.246285e-01 
52 1561 1.752540e+00 0 0 1.546518e-01 1.482141e-01 1.369679e+00 1.151929e-01 9.098354e-02 9.570672e-02 1.790697e-01 8.903657e-01 1.274952e-01 
53 1591 1.602733e+00 0 0 1.371105e-01 1.341004e-01 1.213808e+00 1.040192e-01 8.278670e-02 8.454620e-02 1.563675e-01 7.845724e-01 1.190872e-01 
54 1621 1.533857e+00 0 0 1.294833e-01 1.273563e-01 1.163378e+00 9.883539e-02 7.631985e-02 8.124394e-02 1.456005e-01 7.246713e-01 1.116551e-01 
55 1651 1.619562e+00 0 0 1.454265e-01 1.417719e-01 1.195415e+00 1.099789e-01 7.807929e-02 8.877875e-02 1.535946e-01 7.387562e-01 1.201136e-01 
56 1681 1.646523e+00 0 0 1.538765e-01 1.412326e-01 1.243723e+00 1.106063e-01 7.608278e-02 9.174520e-02 1.543985e-01 7.248654e-01 1.196697e-01 
57 1711 1.824614e+00 0 0 1.720763e-01 1.512053e-01 1.406583e+00 1.294070e-01 8.130729e-02 1.019753e-01 1.646542e-01 7.659301e-01 1.331338e-01 
58 1741 1.828760e+00 0 0 1.736728e-01 1.468760e-01 1.377628e+00 1.307388e-01 7.966091e-02 9.947362e-02 1.593581e-01 7.343056e-01 1.299597e-01 
59 1771 2.148867e+00 0 0 2.105963e-01 1.712535e-01 1.689949e+00 1.543981e-01 9.065747e-02 1.221720e-01 1.852505e-01 8.627215e-01 1.514831e-01 
60 1801 2.078433e+00 0 0 1.978857e-01 1.626324e-01 1.665550e+00 1.475967e-01 8.892515e-02 1.158224e-01 1.711137e-01 7.986896e-01 1.427100e-01 
61 1831 2.166826e+00 0 0 2.027241e-01 1.752689e-01 1.810670e+00 1.601491e-01 9.154819e-02 1.174073e-01 1.743725e-01 8.129117e-01 1.508547e-01 
62 1861 2.023394e+00 0 0 1.907807e-01 1.646887e-01 1.641961e+00 1.477464e-01 8.263690e-02 1.123722e-01 1.632779e-01 7.562323e-01 1.362076e-01 
63 1891 1.924721e+00 0 0 1.796142e-01 1.582606e-01 1.594537e+00 1.416193e-01 7.774304e-02 1.056956e-01 1.487706e-01 6.823739e-01 1.307274e-01 
64 1921 1.840077e+00 0 0 1.672227e-01 1.500482e-01 1.466308e+00 1.402945e-01 7.157876e-02 9.705510e-02 1.391048e-01 6.447954e-01 1.262058e-01 
65 1951 1.777321e+00 0 0 1.558418e-01 1.397719e-01 1.423979e+00 1.364263e-01 6.794104e-02 9.003619e-02 1.281753e-01 5.954124e-01 1.184591e-01 
66 1981 1.683900e+00 0 0 1.405609e-01 1.288185e-01 1.297084e+00 1.282055e-01 6.525992e-02 8.456891e-02 1.178372e-01 5.581588e-01 1.165065e-01 
67 2011 1.485407e+00 0 0 1.190127e-01 1.131381e-01 1.132279e+00 1.201922e-01 5.704205e-02 7.538013e-02 9.889887e-02 4.744577e-01 1.019017e-01 
68 2041 1.437501e+00 0 0 1.174172e-01 1.109736e-01 1.107289e+00 1.199488e-01 5.593705e-02 7.045629e-02 9.372550e-02 4.471264e-01 9.550052e-02 
69 2071 1.594970e+00 0 0 1.273877e-01 1.188902e-01 1.259638e+00 1.294510e-01 6.911001e-02 8.255004e-02 9.954103e-02 4.776448e-01 1.034928e-01 
70 2101 1.904002e+00 0 0 1.472825e-01 1.418851e-01 1.556415e+00 1.576769e-01 8.777520e-02 9.829442e-02 1.138842e-01 5.470069e-01 1.195298e-01 
71 2131 1.846292e+00 0 0 1.366422e-01 1.338323e-01 1.456872e+00 1.495168e-01 8.930909e-02 9.681826e-02 1.064388e-01 5.113727e-01 1.098246e-01 
72 2161 1.879680e+00 0 0 1.388201e-01 1.339752e-01 1.455539e+00 1.552161e-01 9.002593e-02 9.869954e-02 1.061038e-01 5.032698e-01 1.127910e-01 
73 2191 1.602467e+00 0 0 1.152408e-01 1.121394e-01 1.209328e+00 1.331557e-01 7.419993e-02 8.606572e-02 8.702363e-02 4.116417e-01 9.650437e-02 
74 2221 1.452944e+00 0 0 9.962389e-02 9.859614e-02 1.049835e+00 1.222422e-01 6.435698e-02 8.034220e-02 7.546916e-02 3.638041e-01 8.437594e-02 
75 2251 1.319447e+00 0 0 8.736359e-02 8.932244e-02 9.287930e-01 1.100843e-01 5.668127e-02 7.322986e-02 6.591381e-02 3.159169e-01 7.776127e-02 
76 2281 1.318778e+00 0 0 8.830392e-02 9.603131e-02 9.064148e-01 1.055998e-01 5.629563e-02 7.133585e-02 6.456097e-02 3.011240e-01 7.626554e-02 
77 2311 1.271591e+00 0 0 8.202978e-02 9.059640e-02 8.915365e-01 1.073543e-01 5.207103e-02 6.725345e-02 5.923562e-02 2.757736e-01 7.493797e-02 
78 2341 1.171491e+00 0 0 7.287872e-02 8.513095e-02 8.230096e-01 1.118393e-01 4.761595e-02 6.643456e-02 5.284174e-02 2.464900e-01 7.472686e-02 
79 2371 1.143015e+00 0 0 7.009280e-02 8.026905e-02 7.839215e-01 1.102617e-01 4.911242e-02 6.419702e-02 4.954661e-02 2.304253e-01 7.134488e-02 
80 2401 1.095177e+00 0 0 6.657771e-02 7.608428e-02 7.500177e-01 1.055209e-01 4.830400e-02 6.330555e-02 4.543986e-02 2.148223e-01 6.823155e-02 
81 2431 1.050976e+00 0 0 6.283296e-02 7.135818e-02 7.106403e-01 1.007918e-01 4.582514e-02 6.058173e-02 4.160397e-02 1.966323e-01 6.411271e-02 
82 2461 1.047307e+00 0 0 6.236304e-02 7.095814e-02 6.948862e-01 1.000469e-01 4.556922e-02 5.886507e-02 3.983704e-02 1.873204e-01 6.377193e-02 
83 2491 1.064368e+00 0 0 6.149882e-02 7.161987e-02 7.098960e-01 1.014705e-01 4.817464e-02 6.034341e-02 3.896668e-02 1.829642e-01 6.285579e-02 
84 2521 1.025872e+00 0 0 5.626176e-02 6.726060e-02 6.734259e-01 9.674224e-02 4.540414e-02 5.922999e-02 3.563406e-02 1.700815e-01 6.049348e-02 
85 2551 1.080504e+00 0 0 5.692774e-02 6.873947e-02 7.087143e-01 1.047713e-01 4.892909e-02 6.120992e-02 3.563779e-02 1.724664e-01 6.195626e-02 
86 2581 1.193456e+00 0 0 6.267913e-02 7.780951e-02 8.581505e-01 1.193245e-01 5.391629e-02 6.882873e-02 3.721805e-02 1.828718e-01 7.181561e-02 
87 2611 1.146431e+00 0 0 5.767816e-02 7.408672e-02 8.196376e-01 1.154517e-01 5.404045e-02 6.582313e-02 3.400082e-02 1.729838e-01 6.860466e-02 
88 2641 1.086678e+00 0 0 5.383506e-02 6.928451e-02 8.032561e-01 1.100097e-01 5.337342e-02 6.229533e-02 3.074070e-02 1.583582e-01 6.780661e-02 
89 2671 1.009904e+00 0 0 4.814130e-02 6.403061e-02 7.327613e-01 9.900410e-02 4.852709e-02 5.671644e-02 2.733598e-02 1.439790e-01 6.111792e-02 
90 2701 9.438659e-01 0 0 4.358446e-02 5.860218e-02 6.690619e-01 9.506106e-02 4.496762e-02 5.116443e-02 2.448941e-02 1.294132e-01 5.614198e-02 
91 2731 8.227194e-01 0 0 3.650685e-02 5.138549e-02 5.580577e-01 8.262838e-02 3.831737e-02 4.477783e-02 2.035232e-02 1.102250e-01 4.841466e-02 
92 2761 7.973169e-01 0 0 3.482862e-02 4.973729e-02 5.276888e-01 7.789662e-02 3.648202e-02 4.441556e-02 1.892368e-02 1.074694e-01 4.808001e-02 
93 2791 7.754502e-01 0 0 3.407464e-02 5.216700e-02 5.191169e-01 7.683829e-02 3.429617e-02 4.363867e-02 1.778974e-02 1.064012e-01 4.714728e-02 
94 2821 7.284468e-01 0 0 3.140860e-02 4.839924e-02 4.853739e-01 6.915683e-02 3.124411e-02 3.878752e-02 1.595066e-02 9.501933e-02 4.341867e-02 
95 2851 7.571452e-01 0 0 3.093080e-02 4.957122e-02 5.062683e-01 7.153005e-02 3.259251e-02 3.971187e-02 1.569880e-02 9.539806e-02 4.593258e-02 
96 2881 7.267729e-01 0 0 2.853135e-02 4.669016e-02 4.827122e-01 6.767525e-02 3.160269e-02 3.658462e-02 1.454351e-02 8.966350e-02 4.323211e-02 
97 2911 7.111175e-01 0 0 2.681144e-02 4.388694e-02 4.855265e-01 6.927481e-02 3.136903e-02 3.748585e-02 1.361417e-02 8.667008e-02 4.195497e-02 
98 2941 7.060808e-01 0 0 2.661519e-02 4.668025e-02 4.862255e-01 7.127648e-02 3.267418e-02 3.785240e-02 1.305074e-02 8.345790e-02 4.111948e-02 
99 2971 7.557601e-01 0 0 2.830707e-02 4.976611e-02 5.456915e-01 7.318979e-02 3.851796e-02 3.984839e-02 1.323729e-02 8.850306e-02 4.336303e-02 
100 3001 7.212130e-01 0 0 2.715726e-02 4.742795e-02 5.459839e-01 7.169804e-02 3.827033e-02 3.712067e-02 1.201849e-02 8.149099e-02 4.038149e-02 
101 3031 7.200673e-01 0 0 2.634626e-02 4.596319e-02 5.344764e-01 7.238683e-02 3.699949e-02 3.886850e-02 1.133241e-02 7.821301e-02 3.982196e-02 
102 3061 6.786082e-01 0 0 2.428989e-02 4.550526e-02 4.918081e-01 6.915089e-02 3.447595e-02 3.847792e-02 1.013907e-02 7.086080e-02 4.092601e-02 
103 3091 6.808254e-01 0 0 2.390554e-02 4.459169e-02 4.755931e-01 6.967580e-02 3.305620e-02 3.917954e-02 9.713122e-03 6.995227e-02 4.101356e-02 
104 3121 7.517141e-01 0 0 2.601438e-02 4.804324e-02 5.013747e-01 7.526192e-02 3.491819e-02 4.335412e-02 1.018885e-02 7.654352e-02 4.371659e-02 
105 3151 7.858907e-01 0 0 2.609575e-02 5.109980e-02 5.376379e-01 7.898581e-02 3.946664e-02 4.603306e-02 1.020452e-02 7.845456e-02 4.777713e-02 
106 3181 7.599782e-01 0 0 2.459199e-02 4.821535e-02 5.117297e-01 7.470362e-02 3.881206e-02 4.362058e-02 9.431962e-03 7.410813e-02 4.587801e-02 
107 3211 7.650347e-01 0 0 2.397032e-02 4.668252e-02 5.013169e-01 7.333860e-02 3.855871e-02 4.337505e-02 9.103598e-03 7.240681e-02 4.749157e-02 
108 3241 7.789092e-01 0 0 2.376703e-02 4.656951e-02 5.050563e-01 7.164946e-02 3.832718e-02 4.313338e-02 8.822576e-03 7.035859e-02 4.804478e-02 
109 3271 7.784916e-01 0 0 2.346727e-02 4.543228e-02 5.163736e-01 7.033800e-02 4.070706e-02 4.206030e-02 8.411704e-03 6.825657e-02 4.939074e-02 
110 3301 7.110649e-01 0 0 2.067288e-02 4.078510e-02 4.551652e-01 6.325707e-02 3.576106e-02 3.714471e-02 7.355976e-03 5.931779e-02 4.403380e-02 
111 3331 7.561351e-01 0 0 2.082146e-02 4.330455e-02 4.849856e-01 6.735533e-02 3.741294e-02 3.839269e-02 7.436381e-03 5.981038e-02 4.480417e-02 
112 3361 7.176311e-01 0 0 1.918922e-02 4.033771e-02 4.510893e-01 6.423832e-02 3.524324e-02 3.652726e-02 6.691877e-03 5.476310e-02 4.144431e-02 
113 3391 7.196338e-01 0 0 1.835788e-02 3.986512e-02 4.640375e-01 6.378448e-02 3.468117e-02 3.592138e-02 6.408326e-03 5.233264e-02 3.990465e-02 
114 3421 7.037144e-01 0 0 1.754689e-02 3.819346e-02 4.512164e-01 6.277420e-02 3.375246e-02 3.522140e-02 5.932653e-03 4.924114e-02 3.780103e-02 
115 3451 7.878726e-01 0 0 1.876615e-02 4.163106e-02 5.239563e-01 6.690414e-02 3.867923e-02 3.812224e-02 6.323431e-03 5.240352e-02 4.136481e-02 
116 3481 7.680547e-01 0 0 1.785068e-02 4.119731e-02 4.969558e-01 6.528338e-02 3.780366e-02 3.756944e-02 5.833043e-03 4.956639e-02 4.207601e-02 
117 3511 8.270828e-01 0 0 1.838255e-02 4.392263e-02 5.623692e-01 6.929588e-02 4.318615e-02 4.135021e-02 5.953885e-03 5.100399e-02 4.402134e-02 
118 3541 7.700701e-01 0 0 1.634992e-02 3.972068e-02 5.423090e-01 6.290038e-02 4.070643e-02 3.964424e-02 5.262391e-03 4.530001e-02 3.940677e-02 
119 3571 8.047095e-01 0 0 1.663279e-02 4.288972e-02 5.704353e-01 6.403116e-02 4.259853e-02 4.040983e-02 5.277534e-03 4.627599e-02 4.104428e-02 
120 3601 7.527585e-01 0 0 1.506653e-02 3.920430e-02 5.240330e-01 5.719208e-02 3.995752e-02 3.611027e-02 4.786345e-03 4.296683e-02 3.775400e-02 
121 3631 7.904983e-01 0 0 1.602887e-02 3.963470e-02 5.402131e-01 5.864758e-02 4.378801e-02 3.893042e-02 4.813711e-03 4.469722e-02 4.109089e-02 
122 3661 7.941831e-01 0 0 1.581566e-02 3.858058e-02 5.273600e-01 5.778263e-02 4.298460e-02 3.857386e-02 4.590909e-03 4.299217e-02 4.315318e-02 
123 3691 7.900953e-01 0 0 1.522494e-02 3.906408e-02 5.679376e-01 5.709083e-02 4.627984e-02 3.909816e-02 4.341187e-03 4.227668e-02 4.317878e-02 
124 3721 8.857214e-01 0 0 1.629107e-02 4.265004e-02 6.730013e-01 6.606000e-02 5.222137e-02 4.419766e-02 4.634786e-03 4.572702e-02 4.713326e-02 
125 3751 8.398712e-01 0 0 1.502906e-02 4.020960e-02 6.346104e-01 6.118987e-02 4.767162e-02 4.265845e-02 4.156381e-03 4.210038e-02 4.380149e-02 
126 3781 7.756577e-01 0 0 1.334745e-02 3.715400e-02 5.904584e-01 5.547374e-02 4.360820e-02 3.889045e-02 3.627055e-03 3.740924e-02 3.986976e-02 
127 3811 7.568786e-01 0 0 1.280570e-02 3.656468e-02 5.670245e-01 5.453500e-02 4.182016e-02 3.667063e-02 3.374415e-03 3.513862e-02 3.771066e-02 
128 3841 6.931446e-01 0 0 1.136983e-02 3.282780e-02 5.091467e-01 4.828947e-02 3.835185e-02 3.386636e-02 2.951139e-03 3.149819e-02 3.517393e-02 
129 3871 6.739825e-01 0 0 1.064477e-02 3.104030e-02 4.843452e-01 4.723683e-02 3.709204e-02 3.278610e-02 2.740347e-03 2.933501e-02 3.404588e-02 
130 3901 7.362156e-01 0 0 1.126021e-02 3.334464e-02 5.577068e-01 5.292657e-02 4.175609e-02 3.472755e-02 2.849853e-03 3.074567e-02 3.699015e-02 
131 3931 6.814432e-01 0 0 1.017885e-02 2.983654e-02 5.135760e-01 4.819961e-02 3.961969e-02 3.152127e-02 2.528275e-03 2.799028e-02 3.396084e-02 
132 3961 6.387068e-01 0 0 9.237506e-03 2.829128e-02 4.970117e-01 4.477912e-02 3.914600e-02 2.947088e-02 2.261310e-03 2.601219e-02 3.172237e-02 
133 3991 5.209187e-01 0 0 7.272185e-03 2.234135e-02 3.951056e-01 3.561619e-02 3.146557e-02 2.327219e-02 1.749825e-03 2.061301e-02 2.524957e-02 
134 4021 5.135285e-01 0 0 7.103481e-03 2.291833e-02 3.917163e-01 3.454442e-02 3.054987e-02 2.323415e-02 1.636204e-03 2.013958e-02 2.571700e-02 
135 4051 5.058270e-01 0 0 6.880314e-03 2.176715e-02 3.777890e-01 3.356341e-02 2.914175e-02 2.253419e-02 1.527272e-03 1.931360e-02 2.447797e-02 
136 4081 4.779908e-01 0 0 6.420016e-03 1.971997e-02 3.474716e-01 3.205934e-02 2.802241e-02 2.085491e-02 1.368703e-03 1.807363e-02 2.367219e-02 
137 4111 5.037063e-01 0 0 6.724971e-03 2.008086e-02 3.580351e-01 3.367524e-02 2.916147e-02 2.142432e-02 1.382658e-03 1.849474e-02 2.558726e-02 
138 4141 5.665566e-01 0 0 7.406354e-03 2.260341e-02 4.087018e-01 3.633210e-02 3.290628e-02 2.331795e-02 1.473451e-03 2.043490e-02 2.857757e-02 
139 4171 6.543369e-01 0 0 8.317190e-03 2.577238e-02 4.694188e-01 4.130501e-02 3.903491e-02 2.741217e-02 1.612845e-03 2.279051e-02 3.345707e-02 
140 4201 6.107748e-01 0 0 7.796441e-03 2.392922e-02 4.449008e-01 3.791684e-02 3.653487e-02 2.520329e-02 1.424980e-03 2.126557e-02 3.081437e-02 
141 4231 5.846441e-01 0 0 7.627874e-03 2.212351e-02 4.193302e-01 3.562844e-02 3.396123e-02 2.358802e-02 1.292091e-03 1.987500e-02 2.810045e-02 
142 4261 5.282760e-01 0 0 6.727837e-03 2.016935e-02 3.791011e-01 3.128799e-02 3.028070e-02 2.049209e-02 1.120345e-03 1.736341e-02 2.569935e-02 
143 4291 5.222394e-01 0 0 6.478228e-03 1.969950e-02 3.684868e-01 3.016838e-02 2.937522e-02 2.007750e-02 1.050540e-03 1.645528e-02 2.577509e-02 
144 4321 4.224652e-01 0 0 5.080565e-03 1.553147e-02 2.985198e-01 2.415128e-02 2.294269e-02 1.623988e-02 8.048054e-04 1.321054e-02 2.037273e-02 
145 4351 3.838934e-01 0 0 4.519807e-03 1.390086e-02 2.660187e-01 2.129755e-02 2.021367e-02 1.491485e-02 6.942312e-04 1.159702e-02 1.865369e-02 
146 4381 3.463402e-01 0 0 3.991837e-03 1.220864e-02 2.312217e-01 1.900088e-02 1.770039e-02 1.307868e-02 5.979132e-04 1.016533e-02 1.695654e-02 
147 4411 3.125644e-01 0 0 3.470628e-03 1.075258e-02 2.037815e-01 1.727889e-02 1.536316e-02 1.179597e-02 5.124335e-04 8.837651e-03 1.488550e-02 
148 4441 2.940591e-01 0 0 3.185249e-03 1.033783e-02 1.892134e-01 1.654222e-02 1.418816e-02 1.104664e-02 4.569193e-04 8.157414e-03 1.351752e-02 
149 4471 2.682431e-01 0 0 3.032689e-03 9.085437e-03 1.665766e-01 1.526829e-02 1.255157e-02 9.813960e-03 4.055061e-04 7.591333e-03 1.198065e-02 
150 4501 2.594909e-01 0 0 3.003459e-03 8.404327e-03 1.609067e-01 1.510333e-02 1.208133e-02 9.497819e-03 3.839358e-04 7.283243e-03 1.127621e-02 
151 4531 2.305370e-01 0 0 2.578550e-03 7.248131e-03 1.457570e-01 1.344181e-02 1.122628e-02 8.207364e-03 3.259385e-04 6.334391e-03 1.013827e-02 
152 4561 2.178680e-01 0 0 2.334920e-03 6.665508e-03 1.355053e-01 1.301820e-02 1.044799e-02 7.944282e-03 2.908288e-04 5.801514e-03 9.471807e-03 
153 4591 2.122161e-01 0 0 2.218713e-03 6.971926e-03 1.360709e-01 1.253306e-02 1.075454e-02 7.859761e-03 2.747361e-04 5.523137e-03 9.184935e-03 
154 4621 2.044869e-01 0 0 2.079314e-03 6.554560e-03 1.275870e-01 1.238737e-02 9.939280e-03 7.699725e-03 2.574399e-04 5.233264e-03 8.758559e-03 
155 4651 2.237466e-01 0 0 2.302854e-03 7.513820e-03 1.457639e-01 1.372386e-02 1.090528e-02 8.539553e-03 2.811610e-04 5.482991e-03 9.938350e-03 
156 4681 2.302623e-01 0 0 2.429417e-03 7.641154e-03 1.457645e-01 1.387605e-02 1.107620e-02 8.804610e-03 2.820621e-04 5.556352e-03 1.006334e-02 
157 4711 2.433857e-01 0 0 2.501482e-03 8.064095e-03 1.531889e-01 1.503838e-02 1.156743e-02 9.403170e-03 3.027445e-04 5.882854e-03 1.038934e-02 
158 4741 2.369723e-01 0 0 2.498341e-03 8.129328e-03 1.458292e-01 1.467596e-02 1.118525e-02 9.206092e-03 2.806738e-04 5.651671e-03 9.963721e-03 
159 4771 2.123104e-01 0 0 2.225352e-03 7.299920e-03 1.295091e-01 1.298518e-02 9.955731e-03 8.281260e-03 2.415596e-04 5.174842e-03 8.997930e-03 
160 4801 1.864684e-01 0 0 1.899950e-03 6.229628e-03 1.135907e-01 1.155970e-02 8.746947e-03 7.355938e-03 2.063683e-04 4.477912e-03 7.866174e-03 
161 4831 1.656548e-01 0 0 1.687012e-03 5.459149e-03 9.902951e-02 1.010259e-02 7.512605e-03 6.296535e-03 1.775125e-04 3.823678e-03 6.878360e-03 
162 4861 1.586019e-01 0 0 1.576390e-03 5.202124e-03 9.726528e-02 9.243253e-03 7.058158e-03 6.050089e-03 1.614655e-04 3.477383e-03 6.470262e-03 
163 4891 1.547943e-01 0 0 1.548656e-03 5.242444e-03 9.257835e-02 8.963736e-03 6.870299e-03 5.832715e-03 1.548965e-04 3.321914e-03 6.288662e-03 
164 4921 1.487980e-01 0 0 1.472896e-03 4.907836e-03 8.602186e-02 8.556634e-03 6.564217e-03 5.471387e-03 1.446548e-04 3.120627e-03 5.921790e-03 
165 4951 1.366919e-01 0 0 1.371395e-03 4.693648e-03 7.975403e-02 7.786756e-03 5.958879e-03 5.339238e-03 1.299855e-04 2.798895e-03 5.667713e-03 
166 4981 1.506014e-01 0 0 1.504167e-03 5.018887e-03 8.532914e-02 9.152389e-03 6.697526e-03 5.954691e-03 1.388065e-04 3.042716e-03 6.052005e-03 
167 5011 1.548803e-01 0 0 1.539644e-03 5.034584e-03 8.861298e-02 9.487857e-03 6.773976e-03 5.954869e-03 1.402106e-04 3.112695e-03 6.092031e-03 
168 5041 1.536510e-01 0 0 1.494433e-03 4.889138e-03 8.539251e-02 1.031163e-02 7.076776e-03 6.022227e-03 1.342843e-04 3.005743e-03 5.913349e-03 
169 5071 1.500099e-01 0 0 1.471691e-03 4.720590e-03 8.241983e-02 1.003817e-02 6.777121e-03 6.034480e-03 1.314948e-04 2.908234e-03 5.714974e-03 
170 5101 1.454234e-01 0 0 1.372542e-03 4.589547e-03 7.955549e-02 9.435853e-03 6.392811e-03 5.735243e-03 1.236548e-04 2.719337e-03 5.344719e-03 
171 5131 1.274385e-01 0 0 1.230885e-03 4.042348e-03 7.246328e-02 8.574565e-03 5.819234e-03 5.303731e-03 1.088003e-04 2.403844e-03 4.647371e-03 
172 5161 1.194840e-01 0 0 1.155440e-03 3.883890e-03 6.598221e-02 7.984511e-03 5.301269e-03 4.949140e-03 9.843167e-05 2.277885e-03 4.240566e-03 
173 5191 1.146747e-01 0 0 1.136064e-03 3.605351e-03 6.273486e-02 7.919776e-03 5.066362e-03 4.621291e-03 9.929855e-05 2.292789e-03 3.885432e-03 
174 5221 1.282501e-01 0 0 1.230208e-03 4.124581e-03 6.992283e-02 8.740117e-03 5.515475e-03 5.200680e-03 1.096719e-04 2.515447e-03 4.191173e-03 
175 5251 1.102858e-01 0 0 1.029665e-03 3.629535e-03 5.910150e-02 7.508923e-03 4.560819e-03 4.456013e-03 9.076996e-05 2.104232e-03 3.513269e-03 
176 5281 1.113917e-01 0 0 1.032599e-03 3.820535e-03 5.925385e-02 7.677105e-03 4.546077e-03 4.496312e-03 8.840994e-05 2.088385e-03 3.871160e-03 
177 5311 1.174709e-01 0 0 1.090764e-03 4.047597e-03 6.298814e-02 8.346263e-03 5.017153e-03 4.634744e-03 9.382628e-05 2.207581e-03 4.013657e-03 
178 5341 1.196818e-01 0 0 1.217935e-03 4.087345e-03 6.463905e-02 8.524675e-03 4.948138e-03 4.960349e-03 9.690870e-05 2.294875e-03 4.143114e-03 
179 5371 1.163576e-01 0 0 1.173498e-03 3.916593e-03 6.237271e-02 7.986477e-03 4.691494e-03 4.766424e-03 9.252358e-05 2.154853e-03 4.105546e-03 
180 5401 1.202284e-01 0 0 1.189698e-03 4.177008e-03 6.319337e-02 8.138562e-03 4.804710e-03 4.786705e-03 9.292730e-05 2.191267e-03 4.075484e-03 
181 5431 1.123581e-01 0 0 1.107181e-03 3.932268e-03 5.978774e-02 7.478587e-03 4.514267e-03 4.393779e-03 8.382077e-05 1.977029e-03 3.735348e-03 
182 5461 1.113083e-01 0 0 1.107266e-03 3.894554e-03 5.935242e-02 7.441664e-03 4.446530e-03 4.263439e-03 9.269961e-05 2.016079e-03 3.615676e-03 
183 5491 1.116109e-01 0 0 1.066233e-03 4.158599e-03 5.944363e-02 8.171780e-03 4.685023e-03 4.271628e-03 9.115189e-05 2.036093e-03 3.592742e-03 
184 5521 1.253379e-01 0 0 1.181248e-03 4.631519e-03 6.519156e-02 9.207260e-03 5.459679e-03 4.830562e-03 9.803771e-05 2.219459e-03 4.240262e-03 
185 5551 1.154924e-01 0 0 1.078049e-03 4.195160e-03 6.102770e-02 8.394343e-03 5.091532e-03 4.456004e-03 8.788929e-05 2.012608e-03 3.858184e-03 
186 5581 1.069441e-01 0 0 9.840371e-04 3.881949e-03 5.624270e-02 7.679741e-03 4.789516e-03 4.154969e-03 8.054492e-05 1.809445e-03 3.489183e-03 
187 5611 1.064758e-01 0 0 9.597474e-04 3.908769e-03 5.898486e-02 7.483453e-03 4.876956e-03 4.059915e-03 7.896496e-05 1.746645e-03 3.568363e-03 
188 5641 8.901267e-02 0 0 7.956260e-04 3.211028e-03 4.752394e-02 6.062388e-03 4.088728e-03 3.384297e-03 6.602804e-05 1.453950e-03 3.044547e-03 
189 5671 8.362410e-02 0 0 7.285820e-04 2.936181e-03 4.255652e-02 5.742124e-03 3.984147e-03 3.182835e-03 6.279289e-05 1.361010e-03 2.816443e-03 
190 5701 8.083111e-02 0 0 7.002999e-04 2.831058e-03 4.063614e-02 5.488642e-03 3.762346e-03 3.112579e-03 6.041074e-05 1.310469e-03 2.785853e-03 
191 5731 8.941995e-02 0 0 7.882478e-04 3.020325e-03 4.357034e-02 6.052269e-03 4.102174e-03 3.567029e-03 6.427310e-05 1.583010e-03 3.436270e-03 
192 5761 8.597683e-02 0 0 7.394113e-04 2.906138e-03 4.128614e-02 5.852829e-03 3.953060e-03 3.547250e-03 6.284005e-05 1.490472e-03 3.721724e-03 
193 5791 9.181288e-02 0 0 7.872783e-04 3.051842e-03 4.276333e-02 6.341739e-03 4.297379e-03 3.823571e-03 6.841536e-05 1.615738e-03 4.060923e-03 
194 5821 8.818238e-02 0 0 7.645926e-04 2.886034e-03 4.059602e-02 6.321868e-03 4.012409e-03 3.912651e-03 6.592532e-05 1.543239e-03 4.206739e-03 
195 5851 1.053686e-01 0 0 9.841185e-04 3.416883e-03 4.937411e-02 7.587906e-03 5.155871e-03 4.977634e-03 8.500994e-05 2.141472e-03 5.771356e-03 
196 5881 1.085576e-01 0 0 1.020406e-03 3.370562e-03 4.990201e-02 8.144213e-03 5.425209e-03 5.349783e-03 8.517804e-05 2.202845e-03 6.027327e-03 
197 5911 1.053633e-01 0 0 9.955642e-04 3.256688e-03 4.875026e-02 7.678875e-03 5.334416e-03 5.144979e-03 8.374152e-05 2.193348e-03 6.010551e-03 
198 5941 9.236087e-02 0 0 8.872438e-04 2.799268e-03 4.110520e-02 6.545393e-03 4.546324e-03 4.387299e-03 7.597908e-05 1.950347e-03 5.139529e-03 
199 5971 7.501277e-02 0 0 7.321662e-04 2.221451e-03 3.282919e-02 5.119754e-03 3.699614e-03 3.534136e-03 6.299577e-05 1.607359e-03 4.156169e-03 
200 6001 6.808095e-02 0 0 6.941601e-04 2.018494e-03 3.082259e-02 4.908686e-03 3.316101e-03 3.419201e-03 5.988777e-05 1.503151e-03 4.062373e-03 
201 6031 6.217892e-02 0 0 6.322295e-04 1.840562e-03 2.837571e-02 4.354838e-03 3.045386e-03 3.159657e-03 5.431978e-05 1.381226e-03 3.778689e-03 
202 6061 6.134048e-02 0 0 6.236478e-04 1.828753e-03 2.881582e-02 4.360092e-03 2.996284e-03 3.101930e-03 5.294453e-05 1.348083e-03 3.716931e-03 
203 6091 6.654982e-02 0 0 6.807518e-04 1.927582e-03 3.304257e-02 4.983616e-03 3.352536e-03 3.544436e-03 5.800965e-05 1.516312e-03 4.295946e-03 
204 6121 6.938899e-02 0 0 7.187652e-04 2.106552e-03 3.452949e-02 5.724693e-03 3.513119e-03 4.111121e-03 6.218680e-05 1.544636e-03 4.771701e-03 
205 6151 6.788411e-02 0 0 6.939288e-04 2.095460e-03 3.340505e-02 5.520768e-03 3.342840e-03 4.000209e-03 5.884230e-05 1.495840e-03 4.601271e-03 
206 6181 6.845638e-02 0 0 6.968838e-04 2.123360e-03 3.542617e-02 5.704216e-03 3.205566e-03 4.110541e-03 5.986325e-05 1.495657e-03 4.592362e-03 
207 6211 6.945472e-02 0 0 6.799365e-04 2.089096e-03 3.786634e-02 5.795065e-03 3.285023e-03 4.150314e-03 6.042276e-05 1.471741e-03 4.675872e-03 
208 6241 6.927179e-02 0 0 6.543287e-04 2.074671e-03 3.954732e-02 5.743759e-03 3.220919e-03 4.111087e-03 5.917982e-05 1.423317e-03 4.691545e-03 
209 6271 7.372917e-02 0 0 7.181811e-04 2.181798e-03 4.260409e-02 6.288660e-03 3.429025e-03 4.440877e-03 6.581708e-05 1.506789e-03 4.980476e-03 
210 6301 7.591687e-02 0 0 7.367371e-04 2.252699e-03 4.560323e-02 6.297057e-03 3.512710e-03 4.455828e-03 6.751120e-05 1.538516e-03 5.079794e-03 
211 6331 7.504239e-02 0 0 7.275448e-04 2.111983e-03 4.388195e-02 6.248846e-03 3.490498e-03 4.266041e-03 6.683178e-05 1.521151e-03 4.844244e-03 
212 6361 8.320445e-02 0 0 8.284927e-04 2.431576e-03 4.885653e-02 7.327572e-03 3.743195e-03 4.954429e-03 7.336398e-05 1.744323e-03 5.498996e-03 
213 6391 7.875765e-02 0 0 7.755703e-04 2.286638e-03 4.546123e-02 6.752728e-03 3.571041e-03 4.650745e-03 6.855809e-05 1.678102e-03 5.151164e-03 
214 6421 8.086324e-02 0 0 8.221544e-04 2.288967e-03 4.494995e-02 6.698330e-03 3.842775e-03 4.826546e-03 7.343617e-05 1.739766e-03 5.362481e-03 
215 6451 7.519615e-02 0 0 7.805360e-04 2.196134e-03 4.234651e-02 6.188883e-03 3.516182e-03 4.494497e-03 6.847679e-05 1.646576e-03 4.969254e-03 
216 6481 7.896154e-02 0 0 8.343327e-04 2.472474e-03 4.652920e-02 6.463144e-03 3.736972e-03 4.744725e-03 7.105841e-05 1.799997e-03 5.351264e-03 
217 6511 9.379974e-02 0 0 1.039451e-03 3.221883e-03 5.717852e-02 7.878150e-03 4.414402e-03 5.849667e-03 8.206336e-05 2.137696e-03 6.387005e-03 
218 6541 1.048554e-01 0 0 1.155725e-03 3.714872e-03 6.461600e-02 8.667047e-03 4.872906e-03 6.544295e-03 9.192377e-05 2.329228e-03 7.174518e-03 
219 6571 1.019691e-01 0 0 1.109909e-03 3.684715e-03 6.262690e-02 8.201552e-03 4.677147e-03 6.165602e-03 8.881941e-05 2.213603e-03 6.747966e-03 
220 6601 9.222041e-02 0 0 1.003304e-03 3.476715e-03 5.997552e-02 7.177625e-03 4.200370e-03 5.507919e-03 7.984623e-05 2.002692e-03 6.108159e-03 
221 6631 1.081366e-01 0 0 1.183649e-03 4.190888e-03 7.243060e-02 8.254281e-03 4.822155e-03 6.396174e-03 9.096219e-05 2.361758e-03 7.119974e-03 
222 6661 1.169429e-01 0 0 1.269282e-03 4.544219e-03 7.972617e-02 8.644288e-03 5.029739e-03 6.734303e-03 9.515985e-05 2.610630e-03 7.518386e-03 
223 6691 1.130537e-01 0 0 1.204929e-03 4.333752e-03 7.588273e-02 8.026925e-03 4.713937e-03 6.258425e-03 8.840316e-05 2.479339e-03 6.967354e-03 
224 6721 1.033643e-01 0 0 1.096753e-03 3.857351e-03 6.738020e-02 7.187700e-03 4.152580e-03 5.601935e-03 7.743759e-05 2.220125e-03 6.190614e-03 
225 6751 1.057946e-01 0 0 1.121432e-03 3.926350e-03 6.698004e-02 7.608821e-03 4.122876e-03 5.898294e-03 7.834094e-05 2.277830e-03 6.201207e-03 
226 6781 9.732706e-02 0 0 1.004804e-03 3.435323e-03 6.007619e-02 7.086218e-03 3.746804e-03 5.478593e-03 7.520694e-05 2.073081e-03 5.888534e-03 
227 6811 9.561407e-02 0 0 9.952229e-04 3.331763e-03 5.765468e-02 7.063567e-03 3.721921e-03 5.323236e-03 7.238909e-05 2.041709e-03 5.612320e-03 
228 6841 8.936181e-02 0 0 9.436001e-04 3.020667e-03 5.200108e-02 6.661996e-03 3.503956e-03 5.027854e-03 6.726406e-05 2.016964e-03 5.277740e-03 
229 6871 7.926099e-02 0 0 8.126203e-04 2.609078e-03 4.534438e-02 5.828646e-03 3.008383e-03 4.415014e-03 5.816088e-05 1.729623e-03 4.613999e-03 
230 6901 7.361424e-02 0 0 7.393355e-04 2.359249e-03 4.123203e-02 5.528448e-03 2.696056e-03 4.167934e-03 5.577001e-05 1.604598e-03 4.345503e-03 
231 6931 7.460009e-02 0 0 7.248100e-04 2.359724e-03 4.140202e-02 5.440640e-03 2.672226e-03 4.089362e-03 5.510822e-05 1.596151e-03 4.313571e-03 
232 6961 6.675230e-02 0 0 6.311531e-04 2.033584e-03 3.553581e-02 4.777604e-03 2.305913e-03 3.574337e-03 4.786934e-05 1.411592e-03 3.764960e-03 
233 6991 6.675923e-02 0 0 6.418327e-04 1.938231e-03 3.434717e-02 4.650576e-03 2.358343e-03 3.467807e-03 4.865743e-05 1.443959e-03 3.704036e-03 
234 7021 6.640794e-02 0 0 6.155454e-04 1.879105e-03 3.456618e-02 4.602051e-03 2.398211e-03 3.404006e-03 4.741766e-05 1.388143e-03 3.720201e-03 
235 7051 6.355373e-02 0 0 6.722444e-04 1.866212e-03 3.425701e-02 4.725283e-03 2.291779e-03 3.535316e-03 4.894020e-05 1.514479e-03 3.816050e-03 
236 7081 5.763631e-02 0 0 6.084457e-04 1.664895e-03 3.025054e-02 4.214760e-03 2.155256e-03 3.152506e-03 4.459688e-05 1.357792e-03 3.396402e-03 
237 7111 5.305984e-02 0 0 5.784799e-04 1.508491e-03 2.683076e-02 3.915816e-03 2.103620e-03 2.950613e-03 4.227369e-05 1.252582e-03 3.173399e-03 
238 7141 5.949583e-02 0 0 6.290779e-04 1.695369e-03 3.008537e-02 4.253705e-03 2.333110e-03 3.204446e-03 4.700758e-05 1.380225e-03 3.448020e-03 
239 7171 5.674869e-02 0 0 5.847548e-04 1.652361e-03 2.916425e-02 3.962735e-03 2.211010e-03 2.946141e-03 4.365033e-05 1.280119e-03 3.177553e-03 
240 7201 5.918399e-02 0 0 5.841999e-04 1.728028e-03 3.058037e-02 4.119955e-03 2.250553e-03 2.976949e-03 4.542304e-05 1.281618e-03 3.212583e-03 
241 7231 6.374671e-02 0 0 6.242324e-04 1.804901e-03 3.230927e-02 4.429384e-03 2.536909e-03 3.154597e-03 4.724540e-05 1.366145e-03 3.363557e-03 
242 7261 7.018999e-02 0 0 6.695810e-04 1.914262e-03 3.450716e-02 4.754410e-03 2.763096e-03 3.416075e-03 5.423454e-05 1.473520e-03 3.660732e-03 
243 7291 6.969183e-02 0 0 6.504726e-04 1.847753e-03 3.409204e-02 4.751119e-03 2.734128e-03 3.375569e-03 5.639165e-05 1.474284e-03 3.640073e-03 
244 7321 6.352613e-02 0 0 5.818087e-04 1.709958e-03 3.120360e-02 4.180641e-03 2.492853e-03 3.007301e-03 5.045646e-05 1.303295e-03 3.257814e-03 
245 7351 6.166748e-02 0 0 5.720937e-04 1.646009e-03 2.981186e-02 3.926137e-03 2.367414e-03 2.872061e-03 4.768822e-05 1.253020e-03 3.056218e-03 
246 7381 6.035069e-02 0 0 5.384148e-04 1.565138e-03 2.904669e-02 3.813990e-03 2.218241e-03 2.765325e-03 4.558984e-05 1.198901e-03 2.916935e-03 
247 7411 5.826434e-02 0 0 5.041121e-04 1.456023e-03 2.735241e-02 3.585007e-03 2.146433e-03 2.595332e-03 4.281986e-05 1.142306e-03 2.762699e-03 
248 7441 6.373908e-02 0 0 5.359670e-04 1.538879e-03 2.928271e-02 4.216987e-03 2.371577e-03 2.927771e-03 4.525179e-05 1.215216e-03 2.998708e-03 
249 7471 6.454313e-02 0 0 5.209009e-04 1.547782e-03 2.995420e-02 4.161342e-03 2.333971e-03 2.889735e-03 4.424159e-05 1.196163e-03 3.025216e-03 
250 7501 5.599112e-02 0 0 4.397465e-04 1.294845e-03 2.540595e-02 3.551001e-03 2.071673e-03 2.454950e-03 3.994298e-05 1.026394e-03 2.610321e-03 
251 7531 5.643091e-02 0 0 4.297231e-04 1.377658e-03 2.566255e-02 3.541236e-03 2.068893e-03 2.438598e-03 3.936992e-05 1.013219e-03 2.586531e-03 
252 7561 6.214221e-02 0 0 4.749623e-04 1.561679e-03 2.893499e-02 4.026456e-03 2.320213e-03 2.763823e-03 4.396061e-05 1.137213e-03 2.923385e-03 
253 7591 6.381715e-02 0 0 4.993941e-04 1.597724e-03 2.931369e-02 4.077100e-03 2.368271e-03 2.893112e-03 4.284616e-05 1.182626e-03 3.040408e-03 
254 7621 6.892631e-02 0 0 5.348744e-04 1.718958e-03 3.183830e-02 4.376012e-03 2.542008e-03 3.085082e-03 4.673197e-05 1.247963e-03 3.304051e-03 
255 7651 8.338320e-02 0 0 6.418946e-04 2.014043e-03 3.919708e-02 5.799883e-03 3.121459e-03 4.057708e-03 6.296598e-05 1.500694e-03 4.388898e-03 
256 7681 7.965632e-02 0 0 6.333603e-04 1.857890e-03 3.727974e-02 5.860829e-03 2.976047e-03 4.040681e-03 6.011027e-05 1.489531e-03 4.394837e-03 
257 7711 7.978167e-02 0 0 6.355944e-04 1.794309e-03 3.656291e-02 5.999834e-03 2.967021e-03 4.091030e-03 5.905528e-05 1.505476e-03 4.318737e-03 
258 7741 8.185147e-02 0 0 6.941195e-04 1.781352e-03 4.021452e-02 6.553956e-03 2.982503e-03 4.484058e-03 6.375579e-05 1.628348e-03 4.718605e-03 
259 7771 8.034991e-02 0 0 6.621392e-04 1.750870e-03 3.918225e-02 6.281271e-03 2.873870e-03 4.308619e-03 6.157166e-05 1.570831e-03 4.520536e-03 
260 7801 8.854655e-02 0 0 7.132821e-04 1.944830e-03 4.237980e-02 6.693574e-03 3.479790e-03 4.535688e-03 7.196983e-05 1.709202e-03 4.836634e-03 
261 7831 8.650241e-02 0 0 6.720282e-04 1.988491e-03 4.354761e-02 6.641358e-03 3.436929e-03 4.361697e-03 7.011918e-05 1.617190e-03 4.702055e-03 
262 7861 7.911283e-02 0 0 6.009310e-04 1.852616e-03 3.857579e-02 5.923450e-03 3.065711e-03 3.893011e-03 6.158724e-05 1.437784e-03 4.124216e-03 
263 7891 8.398801e-02 0 0 6.356528e-04 1.966423e-03 4.157007e-02 6.270378e-03 3.206755e-03 4.174354e-03 6.801927e-05 1.563309e-03 4.549029e-03 
264 7921 7.997685e-02 0 0 5.914676e-04 1.796772e-03 3.830706e-02 5.875871e-03 3.003887e-03 3.864455e-03 6.327941e-05 1.446906e-03 4.239319e-03 
265 7951 7.114720e-02 0 0 5.179024e-04 1.618523e-03 3.455162e-02 5.230668e-03 2.602466e-03 3.438886e-03 5.683662e-05 1.301116e-03 3.803508e-03 
266 7981 6.640527e-02 0 0 4.896516e-04 1.476795e-03 3.308606e-02 5.054389e-03 2.501699e-03 3.301843e-03 5.507310e-05 1.237669e-03 3.670145e-03 
267 8011 7.524155e-02 0 0 5.660815e-04 1.682973e-03 3.815782e-02 5.756061e-03 2.960787e-03 3.765239e-03 6.087602e-05 1.433440e-03 4.165745e-03 
268 8041 7.537833e-02 0 0 5.794684e-04 1.656618e-03 3.832411e-02 5.766492e-03 2.898456e-03 3.820612e-03 6.001386e-05 1.497199e-03 4.220129e-03 
269 8071 8.429973e-02 0 0 6.315017e-04 1.796383e-03 4.222399e-02 6.419823e-03 3.283606e-03 4.257280e-03 6.555884e-05 1.649102e-03 4.712071e-03 
270 8101 7.488068e-02 0 0 5.760732e-04 1.530887e-03 3.824417e-02 6.011703e-03 2.896385e-03 3.945520e-03 5.780760e-05 1.469689e-03 4.188521e-03 
271 8131 6.943263e-02 0 0 5.236024e-04 1.378253e-03 3.582926e-02 5.615676e-03 2.699077e-03 3.734996e-03 5.501628e-05 1.344964e-03 4.026451e-03 
272 8161 6.949048e-02 0 0 5.264675e-04 1.333023e-03 3.547810e-02 5.685353e-03 2.792368e-03 3.816860e-03 5.810103e-05 1.352929e-03 4.098314e-03 
273 8191 6.081768e-02 0 0 4.536414e-04 1.146481e-03 3.126506e-02 5.028058e-03 2.480441e-03 3.332317e-03 5.080408e-05 1.172674e-03 3.576845e-03 
274 8221 5.946442e-02 0 0 4.438373e-04 1.107919e-03 3.034182e-02 4.935480e-03 2.430430e-03 3.223734e-03 5.025869e-05 1.137862e-03 3.433852e-03 
275 8251 5.223619e-02 0 0 3.864773e-04 9.733237e-04 2.636357e-02 4.170231e-03 2.074913e-03 2.694660e-03 4.233884e-05 9.530082e-04 2.894039e-03 
276 8281 5.696570e-02 0 0 4.136356e-04 1.012903e-03 2.774656e-02 4.431301e-03 2.452461e-03 2.853243e-03 4.713093e-05 1.009272e-03 3.162063e-03 
277 8311 6.376533e-02 0 0 4.489499e-04 1.146094e-03 3.097224e-02 4.902627e-03 3.122943e-03 3.101133e-03 5.394158e-05 1.099716e-03 3.577627e-03 
278 8341 6.302496e-02 0 0 4.289263e-04 1.119531e-03 2.997910e-02 4.656512e-03 3.124226e-03 2.921352e-03 5.266391e-05 1.045110e-03 3.471180e-03 
279 8371 5.812217e-02 0 0 3.785380e-04 1.005013e-03 2.823407e-02 4.202524e-03 2.838704e-03 2.656921e-03 4.912019e-05 9.337987e-04 3.235015e-03 
280 8401 5.709010e-02 0 0 4.007826e-04 9.319888e-04 2.770228e-02 4.362400e-03 2.880636e-03 2.806132e-03 4.907178e-05 9.822367e-04 3.326353e-03 
281 8431 6.111916e-02 0 0 4.347599e-04 1.034900e-03 2.988321e-02 4.500588e-03 3.021020e-03 2.974075e-03 5.191495e-05 1.035894e-03 3.550959e-03 
282 8461 6.578856e-02 0 0 4.614431e-04 1.143295e-03 3.269826e-02 4.700944e-03 3.169005e-03 3.176494e-03 5.567249e-05 1.138963e-03 3.897783e-03 
283 8491 6.115554e-02 0 0 4.349763e-04 1.020390e-03 2.963037e-02 4.244484e-03 2.859598e-03 2.904070e-03 5.071169e-05 1.052782e-03 3.560991e-03 
284 8521 5.339826e-02 0 0 3.754796e-04 9.194523e-04 2.608561e-02 3.771793e-03 2.426645e-03 2.545102e-03 4.242276e-05 8.913023e-04 3.039848e-03 
285 8551 5.708567e-02 0 0 3.936854e-04 9.512837e-04 2.742627e-02 4.211092e-03 2.558366e-03 2.760523e-03 4.444974e-05 9.333587e-04 3.153779e-03 
286 8581 6.630946e-02 0 0 4.675486e-04 1.071356e-03 3.267296e-02 5.484061e-03 3.062118e-03 3.478117e-03 5.025802e-05 1.110985e-03 3.697499e-03 
287 8611 7.040427e-02 0 0 5.031112e-04 1.201647e-03 3.725231e-02 5.955312e-03 3.158644e-03 3.711920e-03 5.337785e-05 1.189564e-03 3.956671e-03 
288 8641 7.783742e-02 0 0 5.498275e-04 1.273740e-03 4.013575e-02 6.612075e-03 3.840593e-03 3.983723e-03 5.913251e-05 1.275693e-03 4.338342e-03 
289 8671 8.360105e-02 0 0 5.925058e-04 1.399343e-03 4.678605e-02 7.676786e-03 4.054144e-03 4.734079e-03 6.318370e-05 1.427989e-03 4.910511e-03 
290 8701 8.913639e-02 0 0 6.020670e-04 1.481034e-03 4.980603e-02 8.286434e-03 4.231098e-03 5.048306e-03 6.500403e-05 1.487778e-03 5.113601e-03 
291 8731 8.482589e-02 0 0 5.931398e-04 1.404795e-03 4.948621e-02 8.231033e-03 4.122360e-03 4.965293e-03 6.075043e-05 1.509214e-03 4.932145e-03 
292 8761 7.972005e-02 0 0 5.349376e-04 1.311570e-03 4.681937e-02 7.619731e-03 3.744630e-03 4.610372e-03 5.951155e-05 1.377918e-03 4.644227e-03 
293 8791 6.933475e-02 0 0 4.525365e-04 1.158457e-03 3.918477e-02 6.363877e-03 3.194244e-03 3.842189e-03 5.062084e-05 1.162552e-03 3.873279e-03 
294 8821 7.177541e-02 0 0 4.642736e-04 1.190674e-03 3.998079e-02 6.428489e-03 3.196173e-03 3.894746e-03 5.108760e-05 1.198476e-03 3.923452e-03 
295 8851 6.987629e-02 0 0 4.446354e-04 1.139658e-03 4.043463e-02 6.360974e-03 2.961169e-03 3.970879e-03 4.915070e-05 1.190249e-03 4.061146e-03 
296 8881 6.967903e-02 0 0 4.357683e-04 1.106131e-03 3.950066e-02 6.124104e-03 2.950382e-03 3.818671e-03 4.742140e-05 1.156231e-03 3.963934e-03 
297 8911 7.008980e-02 0 0 4.551267e-04 1.084891e-03 4.006747e-02 6.291094e-03 2.866503e-03 3.937018e-03 4.787109e-05 1.219652e-03 4.067965e-03 
298 8941 7.708027e-02 0 0 5.137939e-04 1.158755e-03 4.393784e-02 7.103566e-03 3.016212e-03 4.455109e-03 5.402404e-05 1.347268e-03 4.613011e-03 
299 8971 7.076492e-02 0 0 4.696064e-04 1.096614e-03 4.085910e-02 6.711221e-03 2.704614e-03 4.196856e-03 4.891714e-05 1.236299e-03 4.242582e-03 
300 9001 6.444278e-02 0 0 4.115724e-04 1.011055e-03 3.717756e-02 5.886883e-03 2.412683e-03 3.675699e-03 4.361790e-05 1.088575e-03 3.782036e-03 
301 9031 5.633461e-02 0 0 3.473811e-04 8.874650e-04 3.208631e-02 5.071939e-03 2.085985e-03 3.168715e-03 3.723787e-05 9.340062e-04 3.257181e-03 
302 9061 5.533376e-02 0 0 3.269629e-04 8.501109e-04 3.066461e-02 4.778263e-03 2.004191e-03 3.000047e-03 3.641627e-05 8.789792e-04 3.116891e-03 
303 9091 5.754971e-02 0 0 3.280850e-04 8.666203e-04 3.179852e-02 4.908509e-03 2.100530e-03 3.123012e-03 3.834714e-05 9.187413e-04 3.346345e-03 
304 9121 5.575843e-02 0 0 3.222167e-04 8.441729e-04 3.103861e-02 4.724646e-03 1.961440e-03 3.068418e-03 3.726932e-05 9.178386e-04 3.297444e-03 
305 9151 5.527522e-02 0 0 3.329526e-04 8.337361e-04 3.085032e-02 4.630767e-03 1.894163e-03 2.985582e-03 3.635729e-05 9.073104e-04 3.204150e-03 
306 9181 5.873471e-02 0 0 3.611098e-04 8.552581e-04 3.244539e-02 4.770026e-03 1.956060e-03 3.102321e-03 3.817940e-05 9.587297e-04 3.375878e-03 
307 9211 7.039819e-02 0 0 4.159434e-04 1.035605e-03 3.881125e-02 5.620711e-03 2.534538e-03 3.649762e-03 4.817412e-05 1.112372e-03 4.057805e-03 
308 9241 6.585614e-02 0 0 3.871805e-04 9.420526e-04 3.650868e-02 5.109096e-03 2.326225e-03 3.334058e-03 4.438898e-05 1.018912e-03 3.766745e-03 
309 9271 6.783194e-02 0 0 4.086368e-04 9.973939e-04 3.809808e-02 5.554444e-03 2.457311e-03 3.540752e-03 4.563742e-05 1.103884e-03 3.888459e-03 
310 9301 6.632204e-02 0 0 4.065057e-04 9.425531e-04 3.625025e-02 5.415154e-03 2.334224e-03 3.472987e-03 4.393089e-05 1.089429e-03 3.769420e-03 
311 9331 6.384831e-02 0 0 3.932754e-04 8.940133e-04 3.419836e-02 5.065063e-03 2.187781e-03 3.243309e-03 4.021986e-05 1.025347e-03 3.492415e-03 
312 9361 5.746042e-02 0 0 3.589112e-04 7.727569e-04 2.952839e-02 4.463637e-03 1.980643e-03 2.863367e-03 3.584440e-05 9.248713e-04 3.078871e-03 
313 9391 5.533969e-02 0 0 3.333210e-04 7.508330e-04 2.775600e-02 4.118938e-03 1.914341e-03 2.636734e-03 3.383328e-05 8.489924e-04 2.904640e-03 
314 9421 5.046895e-02 0 0 3.002375e-04 6.659742e-04 2.486712e-02 3.703591e-03 1.720646e-03 2.385289e-03 3.117305e-05 7.717281e-04 2.658142e-03 
315 9451 5.412349e-02 0 0 3.247759e-04 7.330683e-04 2.938549e-02 4.187525e-03 1.805450e-03 2.714967e-03 3.254833e-05 8.438433e-04 2.977733e-03 
316 9481 5.088437e-02 0 0 3.028387e-04 6.822176e-04 2.717787e-02 3.932777e-03 1.708798e-03 2.517426e-03 2.963144e-05 7.755310e-04 2.710625e-03 
317 9511 5.532966e-02 0 0 3.349503e-04 7.247071e-04 2.931726e-02 4.440207e-03 1.970931e-03 2.814849e-03 3.323614e-05 8.510532e-04 2.981682e-03 
318 9541 5.957571e-02 0 0 3.647845e-04 8.263978e-04 3.194535e-02 4.954654e-03 2.236567e-03 3.058670e-03 3.491249e-05 9.313709e-04 3.115435e-03 
319 9571 6.096315e-02 0 0 3.731378e-04 8.570471e-04 3.521234e-02 5.236076e-03 2.313251e-03 3.346830e-03 3.723131e-05 9.828576e-04 3.515600e-03 
320 9601 6.345569e-02 0 0 3.820669e-04 8.741771e-04 3.699904e-02 5.331381e-03 2.420488e-03 3.422562e-03 3.835559e-05 9.887053e-04 3.689784e-03 
321 9631 6.251235e-02 0 0 3.838691e-04 9.191128e-04 3.673710e-02 5.438037e-03 2.448810e-03 3.449721e-03 3.799493e-05 1.002091e-03 3.589284e-03 
322 9661 5.542553e-02 0 0 3.298941e-04 8.156638e-04 3.216492e-02 4.659532e-03 2.058694e-03 2.983413e-03 3.228578e-05 8.691334e-04 3.117286e-03 
323 9691 5.386574e-02 0 0 3.340395e-04 7.704242e-04 3.096591e-02 4.608212e-03 1.958998e-03 2.988120e-03 3.062696e-05 8.808583e-04 3.051134e-03 
324 9721 5.370706e-02 0 0 3.274414e-04 7.859803e-04 3.148895e-02 4.720290e-03 1.966332e-03 3.019821e-03 2.989348e-05 8.736213e-04 3.048973e-03 
325 9751 5.319559e-02 0 0 3.146750e-04 7.627623e-04 3.007168e-02 4.578691e-03 1.987975e-03 2.883771e-03 2.877533e-05 8.361027e-04 2.905565e-03 
326 9781 5.804989e-02 0 0 3.518387e-04 8.116375e-04 3.287871e-02 5.183260e-03 2.282769e-03 3.214358e-03 3.060525e-05 9.062817e-04 3.125975e-03 
327 9811 5.821900e-02 0 0 3.424840e-04 7.994835e-04 3.228672e-02 5.178321e-03 2.293909e-03 3.206735e-03 3.101902e-05 8.797904e-04 3.092377e-03 
328 9841 6.393740e-02 0 0 3.715196e-04 8.384159e-04 3.424224e-02 5.636916e-03 2.598121e-03 3.452103e-03 3.328284e-05 9.442034e-04 3.264914e-03 
329 9871 6.882825e-02 0 0 3.967063e-04 9.102478e-04 3.592892e-02 5.901758e-03 2.868110e-03 3.552039e-03 3.587860e-05 9.825439e-04 3.372321e-03 
330 9901 6.844124e-02 0 0 3.951079e-04 8.888793e-04 3.600074e-02 5.780874e-03 2.807320e-03 3.532616e-03 3.609122e-05 9.736541e-04 3.427504e-03 
331 9931 6.733950e-02 0 0 3.796295e-04 8.794217e-04 3.545576e-02 5.733886e-03 2.711240e-03 3.480382e-03 3.438896e-05 9.380730e-04 3.297936e-03 
332 9961 6.757122e-02 0 0 3.781011e-04 9.203525e-04 3.686056e-02 5.946365e-03 2.815048e-03 3.550240e-03 3.414560e-05 9.488913e-04 3.277026e-03 
333 9991 6.042475e-02 0 0 3.418400e-04 8.507950e-04 3.375219e-02 5.272057e-03 2.538895e-03 3.139358e-03 3.196775e-05 8.346612e-04 2.974478e-03 
334 10021 5.570108e-02 0 0 3.166267e-04 7.543313e-04 2.980523e-02 4.688603e-03 2.312238e-03 2.788074e-03 2.864441e-05 7.509142e-04 2.672327e-03 
335 10051 4.776452e-02 0 0 2.621806e-04 6.219785e-04 2.482437e-02 3.929516e-03 1.945747e-03 2.322230e-03 2.398183e-05 6.151165e-04 2.217963e-03 
336 10081 4.554015e-02 0 0 2.560804e-04 5.963869e-04 2.329397e-02 3.655090e-03 1.829265e-03 2.147663e-03 2.237363e-05 5.833440e-04 2.073070e-03 
337 10111 4.443098e-02 0 0 2.435571e-04 5.572437e-04 2.192038e-02 3.534121e-03 1.760813e-03 2.046869e-03 2.119815e-05 5.501682e-04 1.933399e-03 
338 10141 4.116460e-02 0 0 2.166826e-04 5.050804e-04 1.979091e-02 3.225940e-03 1.638245e-03 1.840105e-03 1.904441e-05 4.910623e-04 1.752411e-03 
339 10171 3.748433e-02 0 0 2.034898e-04 4.485286e-04 1.777680e-02 2.918583e-03 1.467417e-03 1.671230e-03 1.721765e-05 4.636348e-04 1.590233e-03 
340 10201 3.446871e-02 0 0 1.828966e-04 4.118034e-04 1.608580e-02 2.581538e-03 1.328030e-03 1.473556e-03 1.560547e-05 4.097803e-04 1.418935e-03 
341 10231 3.447757e-02 0 0 1.769596e-04 4.196783e-04 1.698397e-02 2.597126e-03 1.315059e-03 1.519353e-03 1.683633e-05 4.082325e-04 1.546707e-03 
342 10261 3.101731e-02 0 0 1.603135e-04 3.744106e-04 1.542250e-02 2.355228e-03 1.158699e-03 1.374363e-03 1.482878e-05 3.661379e-04 1.399982e-03 
343 10291 3.434110e-02 0 0 1.763925e-04 4.021863e-04 1.723149e-02 2.536869e-03 1.267031e-03 1.518839e-03 1.827857e-05 3.983244e-04 1.615110e-03 
344 10321 3.296308e-02 0 0 1.642793e-04 3.805360e-04 1.649090e-02 2.424474e-03 1.192586e-03 1.474458e-03 1.731092e-05 3.805310e-04 1.568269e-03 
345 10351 3.183622e-02 0 0 1.559118e-04 3.593368e-04 1.561479e-02 2.347493e-03 1.149305e-03 1.392876e-03 1.623085e-05 3.571231e-04 1.466230e-03 
346 10381 2.878947e-02 0 0 1.403721e-04 3.299161e-04 1.405724e-02 2.223854e-03 1.074407e-03 1.285425e-03 1.416802e-05 3.257881e-04 1.293326e-03 
347 10411 2.544945e-02 0 0 1.270897e-04 2.876141e-04 1.243627e-02 1.904615e-03 9.530786e-04 1.095596e-03 1.246535e-05 2.796561e-04 1.137512e-03 
348 10441 2.387475e-02 0 0 1.188976e-04 2.744518e-04 1.164369e-02 1.789269e-03 9.029403e-04 1.020164e-03 1.142509e-05 2.622557e-04 1.040893e-03 
349 10471 2.228218e-02 0 0 1.080954e-04 2.613797e-04 1.094071e-02 1.629663e-03 8.204282e-04 9.289857e-04 1.077395e-05 2.383926e-04 9.687685e-04 
350 10501 2.210569e-02 0 0 1.077310e-04 2.649002e-04 1.156098e-02 1.652982e-03 8.062858e-04 9.513306e-04 1.102415e-05 2.365987e-04 1.004116e-03 
351 10531 2.389434e-02 0 0 1.176126e-04 2.926340e-04 1.271281e-02 1.836676e-03 8.470666e-04 1.073373e-03 1.157818e-05 2.648802e-04 1.087517e-03 
352 10561 2.441222e-02 0 0 1.198498e-04 2.969150e-04 1.292719e-02 1.877092e-03 8.719777e-04 1.096198e-03 1.137411e-05 2.703829e-04 1.083990e-03 
353 10591 2.611336e-02 0 0 1.306373e-04 3.106605e-04 1.365780e-02 2.021727e-03 9.493545e-04 1.180071e-03 1.198601e-05 2.954385e-04 1.153786e-03 
354 10621 2.462721e-02 0 0 1.258748e-04 2.844155e-04 1.272123e-02 1.994736e-03 9.227768e-04 1.152876e-03 1.112348e-05 2.914091e-04 1.086560e-03 
355 10651 2.261851e-02 0 0 1.136369e-04 2.582132e-04 1.155215e-02 1.791093e-03 8.383036e-04 1.032415e-03 1.003083e-05 2.637453e-04 9.937163e-04 
356 10681 2.073469e-02 0 0 1.149443e-04 2.461938e-04 1.056150e-02 1.717299e-03 7.923606e-04 9.826299e-04 9.271317e-06 2.603827e-04 9.020305e-04 
357 10711 1.952131e-02 0 0 1.058573e-04 2.351014e-04 1.006020e-02 1.584521e-03 7.263869e-04 9.050780e-04 8.714831e-06 2.389280e-04 8.481459e-04 
358 10741 2.009956e-02 0 0 1.098601e-04 2.642401e-04 1.130752e-02 1.826912e-03 7.854287e-04 1.043899e-03 8.902015e-06 2.698084e-04 9.327234e-04 
359 10771 2.274849e-02 0 0 1.216495e-04 2.961647e-04 1.289771e-02 2.013906e-03 8.546397e-04 1.149888e-03 1.010609e-05 2.958764e-04 1.045390e-03 
360 10801 2.291890e-02 0 0 1.245983e-04 2.894496e-04 1.267773e-02 2.033747e-03 8.808284e-04 1.151635e-03 1.001901e-05 2.980964e-04 1.019830e-03 
361 10831 2.206264e-02 0 0 1.142311e-04 2.866418e-04 1.255363e-02 1.951347e-03 8.239537e-04 1.095521e-03 9.328736e-06 2.799611e-04 9.953197e-04 
362 10861 1.923918e-02 0 0 9.905639e-05 2.453401e-04 1.062567e-02 1.631684e-03 6.851746e-04 9.159049e-04 7.881498e-06 2.370568e-04 8.399567e-04 
363 10891 2.196037e-02 0 0 1.137763e-04 2.705039e-04 1.172688e-02 1.792230e-03 8.220931e-04 9.992958e-04 9.583099e-06 2.598634e-04 9.708288e-04 
364 10921 2.525698e-02 0 0 1.408228e-04 3.098389e-04 1.392129e-02 2.085685e-03 9.913822e-04 1.152571e-03 1.202046e-05 3.061613e-04 1.167501e-03 
365 10951 2.642423e-02 0 0 1.510998e-04 3.282378e-04 1.461407e-02 2.140402e-03 1.015532e-03 1.190254e-03 1.277047e-05 3.181141e-04 1.224815e-03 
366 10981 2.481368e-02 0 0 1.477174e-04 3.093488e-04 1.344991e-02 1.966434e-03 9.634784e-04 1.097552e-03 1.207353e-05 2.957660e-04 1.124954e-03 
367 11011 2.356140e-02 0 0 1.355258e-04 2.970784e-04 1.256827e-02 1.857521e-03 9.012467e-04 1.018754e-03 1.111878e-05 2.726085e-04 1.039015e-03 
368 11041 2.642878e-02 0 0 1.478294e-04 3.540702e-04 1.423955e-02 2.041834e-03 1.055645e-03 1.108497e-03 1.300983e-05 2.933372e-04 1.164409e-03 
369 11071 2.653795e-02 0 0 1.460787e-04 3.625276e-04 1.417175e-02 2.121017e-03 1.090693e-03 1.137336e-03 1.255515e-05 3.039354e-04 1.119532e-03 
370 11101 2.416326e-02 0 0 1.303532e-04 3.357745e-04 1.295833e-02 1.919703e-03 1.005669e-03 1.012052e-03 1.134279e-05 2.675780e-04 1.013565e-03 
371 11131 2.399216e-02 0 0 1.327044e-04 3.235901e-04 1.260895e-02 1.961640e-03 1.019382e-03 1.033848e-03 1.163211e-05 2.787308e-04 1.018115e-03 
372 11161 2.759381e-02 0 0 1.719184e-04 3.742959e-04 1.449414e-02 2.454698e-03 1.228555e-03 1.280850e-03 1.318393e-05 3.685187e-04 1.147815e-03 
373 11191 3.015026e-02 0 0 1.952678e-04 4.015225e-04 1.533207e-02 2.615156e-03 1.306449e-03 1.368359e-03 1.437193e-05 4.105616e-04 1.220854e-03 
374 11221 3.253662e-02 0 0 2.069319e-04 4.183350e-04 1.660066e-02 2.883434e-03 1.379866e-03 1.533425e-03 1.576096e-05 4.510400e-04 1.399090e-03 
375 11251 3.393727e-02 0 0 2.239698e-04 4.498854e-04 1.724777e-02 3.032597e-03 1.447290e-03 1.605695e-03 1.644274e-05 4.876137e-04 1.455000e-03 
376 11281 3.373727e-02 0 0 2.131364e-04 4.540841e-04 1.679612e-02 3.012286e-03 1.435930e-03 1.579411e-03 1.559491e-05 4.708694e-04 1.396894e-03 
377 11311 3.730520e-02 0 0 2.281662e-04 4.935131e-04 1.803969e-02 3.224887e-03 1.621363e-03 1.685697e-03 1.832431e-05 5.007885e-04 1.579740e-03 
378 11341 3.654395e-02 0 0 2.184539e-04 4.716345e-04 1.797360e-02 3.213319e-03 1.571642e-03 1.681702e-03 1.809855e-05 4.875407e-04 1.596141e-03 
379 11371 3.350056e-02 0 0 2.020693e-04 4.204467e-04 1.607830e-02 2.883388e-03 1.398647e-03 1.538606e-03 1.654090e-05 4.477496e-04 1.458876e-03 
380 11401 3.608699e-02 0 0 2.100195e-04 4.616532e-04 1.761721e-02 3.103856e-03 1.490572e-03 1.661401e-03 1.848175e-05 4.727780e-04 1.603772e-03 
381 11431 3.514722e-02 0 0 2.028405e-04 4.329295e-04 1.691510e-02 3.009082e-03 1.448829e-03 1.608861e-03 1.828127e-05 4.527709e-04 1.568003e-03 
382 11461 3.275750e-02 0 0 2.040098e-04 3.944909e-04 1.551187e-02 2.920956e-03 1.419351e-03 1.531189e-03 1.695616e-05 4.390680e-04 1.427128e-03 
383 11491 3.656457e-02 0 0 2.359721e-04 4.668498e-04 1.855829e-02 3.221437e-03 1.536829e-03 1.693067e-03 2.060103e-05 4.908833e-04 1.668111e-03 
384 11521 3.727934e-02 0 0 2.344728e-04 4.798401e-04 1.963774e-02 3.463574e-03 1.589766e-03 1.816026e-03 2.068554e-05 5.111278e-04 1.765700e-03 
385 11551 3.605838e-02 0 0 2.177567e-04 4.580216e-04 1.884984e-02 3.407128e-03 1.563992e-03 1.764998e-03 1.964669e-05 4.861695e-04 1.689351e-03 
386 11581 3.959145e-02 0 0 2.316619e-04 4.913760e-04 2.073862e-02 3.697236e-03 1.678801e-03 1.914277e-03 2.150646e-05 5.214608e-04 1.844913e-03 
387 11611 3.916938e-02 0 0 2.241522e-04 4.748200e-04 2.014772e-02 3.557285e-03 1.601632e-03 1.852760e-03 2.131060e-05 5.036496e-04 1.821483e-03 
388 11641 3.632298e-02 0 0 2.077739e-04 4.398600e-04 1.849516e-02 3.198560e-03 1.508936e-03 1.642754e-03 2.003537e-05 4.467626e-04 1.661160e-03 
389 11671 3.588530e-02 0 0 2.047331e-04 4.395084e-04 1.844512e-02 3.117287e-03 1.437200e-03 1.621220e-03 1.968434e-05 4.447238e-04 1.664870e-03 
390 11701 4.013417e-02 0 0 2.230355e-04 4.849181e-04 2.018281e-02 3.472136e-03 1.569684e-03 1.812392e-03 2.167567e-05 4.827352e-04 1.832023e-03 
391 11731 4.330038e-02 0 0 2.460516e-04 5.117035e-04 2.095176e-02 3.658939e-03 1.664413e-03 1.909120e-03 2.296399e-05 5.121787e-04 1.900109e-03 
392 11761 3.761004e-02 0 0 2.081113e-04 4.322931e-04 1.781609e-02 3.095923e-03 1.422885e-03 1.616612e-03 1.963964e-05 4.348425e-04 1.618507e-03 
393 11791 3.826404e-02 0 0 2.181997e-04 4.213391e-04 1.733395e-02 3.058045e-03 1.451379e-03 1.596783e-03 2.030694e-05 4.420142e-04 1.609400e-03 
394 11821 3.673505e-02 0 0 2.043867e-04 3.924381e-04 1.609771e-02 2.804320e-03 1.359138e-03 1.473133e-03 1.924998e-05 4.090900e-04 1.521081e-03 
395 11851 3.824710e-02 0 0 2.115213e-04 4.089883e-04 1.656381e-02 3.010200e-03 1.387928e-03 1.602515e-03 1.963913e-05 4.413548e-04 1.596030e-03 
396 11881 4.223205e-02 0 0 2.344696e-04 4.763038e-04 1.913933e-02 3.489900e-03 1.540821e-03 1.843972e-03 2.171383e-05 4.991618e-04 1.782167e-03 
397 11911 5.241288e-02 0 0 3.090908e-04 5.868984e-04 2.347653e-02 4.206210e-03 1.916239e-03 2.206731e-03 2.781296e-05 6.224911e-04 2.183072e-03 
398 11941 5.751141e-02 0 0 3.283183e-04 6.404632e-04 2.617266e-02 4.698266e-03 2.090346e-03 2.461038e-03 2.997162e-05 6.641405e-04 2.396614e-03 
399 11971 5.033541e-02 0 0 2.935081e-04 5.492015e-04 2.274379e-02 4.113574e-03 1.841201e-03 2.159365e-03 2.612337e-05 5.931997e-04 2.084174e-03 
400 12001 4.616998e-02 0 0 2.631185e-04 5.008515e-04 2.056073e-02 3.636465e-03 1.635310e-03 1.932928e-03 2.462550e-05 5.332429e-04 1.928048e-03 
401 12031 4.496425e-02 0 0 2.692171e-04 4.795209e-04 1.979532e-02 3.553823e-03 1.692159e-03 1.875057e-03 2.534030e-05 5.304570e-04 1.894738e-03 
402 12061 4.255535e-02 0 0 2.522314e-04 4.356055e-04 1.847260e-02 3.247811e-03 1.593263e-03 1.705317e-03 2.430633e-05 4.874889e-04 1.774210e-03 
403 12091 3.573248e-02 0 0 2.081834e-04 3.553741e-04 1.530418e-02 2.627388e-03 1.300165e-03 1.388189e-03 2.048257e-05 3.954137e-04 1.495881e-03 
404 12121 3.417174e-02 0 0 1.931718e-04 3.424418e-04 1.477793e-02 2.471117e-03 1.217800e-03 1.298886e-03 1.986989e-05 3.630214e-04 1.446663e-03 
405 12151 3.488890e-02 0 0 2.116677e-04 3.382546e-04 1.474749e-02 2.622407e-03 1.257511e-03 1.384521e-03 1.991761e-05 4.042145e-04 1.464758e-03 
406 12181 3.362937e-02 0 0 2.104242e-04 3.299122e-04 1.451954e-02 2.498969e-03 1.179257e-03 1.317641e-03 1.949453e-05 3.922583e-04 1.410583e-03 
407 12211 3.187735e-02 0 0 2.002234e-04 3.003167e-04 1.348927e-02 2.323859e-03 1.101963e-03 1.233793e-03 1.833525e-05 3.732244e-04 1.335615e-03 
408 12241 2.900664e-02 0 0 1.755550e-04 2.875260e-04 1.304914e-02 2.185748e-03 9.725857e-04 1.185279e-03 1.676556e-05 3.419972e-04 1.297218e-03 
409 12271 2.864067e-02 0 0 1.845405e-04 2.845926e-04 1.294090e-02 2.185447e-03 9.799277e-04 1.188193e-03 1.627491e-05 3.552170e-04 1.263244e-03 
410 12301 3.325249e-02 0 0 2.270499e-04 3.334688e-04 1.497430e-02 2.474445e-03 1.126712e-03 1.351904e-03 1.924290e-05 4.234965e-04 1.469720e-03 
411 12331 3.079979e-02 0 0 2.115351e-04 3.016850e-04 1.380025e-02 2.256106e-03 1.081638e-03 1.230575e-03 1.837713e-05 3.889844e-04 1.373389e-03 
412 12361 3.259210e-02 0 0 2.219121e-04 3.322873e-04 1.496881e-02 2.455105e-03 1.127057e-03 1.355292e-03 1.960233e-05 4.099031e-04 1.493721e-03 
413 12391 3.291087e-02 0 0 2.240172e-04 3.252029e-04 1.471431e-02 2.462547e-03 1.116792e-03 1.354134e-03 1.918239e-05 4.147290e-04 1.455198e-03 
414 12421 3.334130e-02 0 0 2.285305e-04 3.167578e-04 1.438640e-02 2.475386e-03 1.113143e-03 1.355696e-03 1.878981e-05 4.271655e-04 1.420301e-03 
415 12451 3.049133e-02 0 0 2.090034e-04 2.825683e-04 1.288276e-02 2.205766e-03 1.048972e-03 1.201665e-03 1.781520e-05 3.849369e-04 1.296837e-03 
416 12481 2.607575e-02 0 0 1.848580e-04 2.373119e-04 1.086105e-02 1.939102e-03 9.523775e-04 1.043072e-03 1.555167e-05 3.388049e-04 1.108658e-03 
417 12511 3.140096e-02 0 0 2.460219e-04 2.915815e-04 1.361179e-02 2.246052e-03 1.158540e-03 1.211348e-03 1.999399e-05 4.326918e-04 1.375508e-03 
418 12541 3.019255e-02 0 0 2.381481e-04 2.820334e-04 1.319703e-02 2.081994e-03 1.084545e-03 1.131784e-03 1.959408e-05 4.134668e-04 1.338190e-03 
419 12571 2.921648e-02 0 0 2.362137e-04 2.751522e-04 1.247866e-02 2.051109e-03 1.066288e-03 1.107209e-03 1.853831e-05 4.091711e-04 1.251245e-03 
420 12601 2.737242e-02 0 0 2.194019e-04 2.538685e-04 1.137965e-02 1.871491e-03 9.907968e-04 1.015909e-03 1.713126e-05 3.783646e-04 1.156975e-03 
421 12631 2.628694e-02 0 0 2.043886e-04 2.418166e-04 1.092335e-02 1.808630e-03 9.154061e-04 9.985504e-04 1.613455e-05 3.598625e-04 1.118824e-03 
422 12661 2.401064e-02 0 0 1.819354e-04 2.136820e-04 9.524912e-03 1.615524e-03 8.048539e-04 8.925578e-04 1.405822e-05 3.218521e-04 9.765518e-04 
423 12691 2.312844e-02 0 0 1.721244e-04 2.060736e-04 8.960080e-03 1.493854e-03 7.598520e-04 8.252821e-04 1.343741e-05 2.999304e-04 9.250825e-04 
424 12721 2.259251e-02 0 0 1.733523e-04 1.983774e-04 8.483560e-03 1.471462e-03 7.576504e-04 8.052251e-04 1.297564e-05 3.009411e-04 8.765831e-04 
425 12751 2.076777e-02 0 0 1.575282e-04 1.799396e-04 7.821668e-03 1.326044e-03 6.787872e-04 7.287422e-04 1.191345e-05 2.716995e-04 8.093190e-04 
426 12781 1.865689e-02 0 0 1.392636e-04 1.652662e-04 6.883801e-03 1.154286e-03 5.892053e-04 6.369969e-04 1.046440e-05 2.368349e-04 7.098845e-04 
427 12811 2.022698e-02 0 0 1.507116e-04 1.736599e-04 7.322854e-03 1.252061e-03 6.338927e-04 6.967407e-04 1.124237e-05 2.605986e-04 7.610971e-04 
428 12841 2.023603e-02 0 0 1.498444e-04 1.700504e-04 7.047083e-03 1.270748e-03 6.363399e-04 7.002561e-04 1.088797e-05 2.623304e-04 7.345587e-04 
429 12871 2.027707e-02 0 0 1.783954e-04 1.790487e-04 7.168094e-03 1.348113e-03 7.008756e-04 7.367424e-04 1.179743e-05 3.075923e-04 7.426280e-04 
430 12901 2.381601e-02 0 0 2.414030e-04 2.302309e-04 8.830677e-03 1.709190e-03 9.165630e-04 9.192326e-04 1.509387e-05 4.102184e-04 8.878680e-04 
431 12931 2.137849e-02 0 0 2.141073e-04 2.044969e-04 7.724124e-03 1.514256e-03 8.110706e-04 8.149356e-04 1.322434e-05 3.634843e-04 7.755062e-04 
432 12961 2.096142e-02 0 0 2.062142e-04 2.042736e-04 7.552230e-03 1.436844e-03 7.902237e-04 7.699244e-04 1.284215e-05 3.462569e-04 7.571451e-04 
433 12991 2.278339e-02 0 0 2.286932e-04 2.218286e-04 8.481416e-03 1.548104e-03 8.959947e-04 8.182313e-04 1.448005e-05 3.757571e-04 8.474550e-04 
434 13021 2.558303e-02 0 0 2.592759e-04 2.432163e-04 9.205189e-03 1.721594e-03 1.004979e-03 9.082824e-04 1.616533e-05 4.279013e-04 9.221985e-04 
435 13051 3.271566e-02 0 0 3.636568e-04 3.189106e-04 1.208542e-02 2.291779e-03 1.377043e-03 1.188671e-03 2.204556e-05 6.000380e-04 1.205194e-03 
436 13081 3.714584e-02 0 0 3.977903e-04 3.483311e-04 1.310485e-02 2.565176e-03 1.511958e-03 1.337119e-03 2.386092e-05 6.599911e-04 1.320505e-03 
437 13111 4.024644e-02 0 0 4.273725e-04 3.812176e-04 1.385172e-02 2.773364e-03 1.618565e-03 1.455977e-03 2.531863e-05 7.056388e-04 1.399885e-03 
438 13141 4.556634e-02 0 0 5.068762e-04 4.488657e-04 1.590073e-02 3.202725e-03 1.836672e-03 1.704535e-03 2.886309e-05 8.404351e-04 1.575820e-03 
439 13171 4.677015e-02 0 0 5.419070e-04 4.681104e-04 1.638968e-02 3.362322e-03 1.910349e-03 1.790576e-03 2.990620e-05 9.025353e-04 1.580173e-03 
440 13201 4.887909e-02 0 0 5.747608e-04 5.110968e-04 1.818096e-02 3.525057e-03 2.022422e-03 1.890935e-03 3.264801e-05 9.577252e-04 1.770303e-03 
441 13231 4.602893e-02 0 0 5.337179e-04 4.767925e-04 1.668237e-02 3.292148e-03 1.908819e-03 1.760617e-03 3.042048e-05 8.872058e-04 1.640102e-03 
442 13261 4.199206e-02 0 0 4.702480e-04 4.255542e-04 1.469165e-02 2.959405e-03 1.723397e-03 1.583812e-03 2.707865e-05 7.808801e-04 1.475428e-03 
443 13291 3.856746e-02 0 0 4.154706e-04 3.857445e-04 1.345994e-02 2.631863e-03 1.535650e-03 1.408702e-03 2.451230e-05 6.900665e-04 1.349204e-03 
444 13321 3.972800e-02 0 0 4.124807e-04 3.835842e-04 1.344052e-02 2.614662e-03 1.517505e-03 1.409947e-03 2.431296e-05 6.863083e-04 1.358119e-03 
445 13351 4.323323e-02 0 0 4.571683e-04 4.366608e-04 1.633194e-02 2.752327e-03 1.719219e-03 1.483671e-03 2.946082e-05 7.393439e-04 1.692214e-03 
446 13381 4.946370e-02 0 0 5.109762e-04 4.873842e-04 1.820578e-02 3.072382e-03 1.899658e-03 1.670488e-03 3.317942e-05 8.329674e-04 1.903190e-03 
447 13411 5.343804e-02 0 0 5.450853e-04 5.188166e-04 1.911374e-02 3.319948e-03 2.030716e-03 1.794293e-03 3.519071e-05 8.908065e-04 2.004772e-03 
448 13441 5.141917e-02 0 0 5.134783e-04 4.884510e-04 1.858280e-02 3.112273e-03 1.929219e-03 1.702674e-03 3.410044e-05 8.400813e-04 1.991806e-03 
449 13471 5.520265e-02 0 0 5.418087e-04 5.037626e-04 1.921365e-02 3.417839e-03 2.027563e-03 1.874587e-03 3.549857e-05 8.944933e-04 2.092547e-03 
450 13501 6.793801e-02 0 0 7.653585e-04 6.625043e-04 2.461944e-02 4.740441e-03 2.757726e-03 2.577579e-03 4.749884e-05 1.281457e-03 2.648096e-03 
451 13531 7.625908e-02 0 0 8.345319e-04 7.182130e-04 2.672898e-02 5.191522e-03 3.061365e-03 2.814952e-03 5.185408e-05 1.400460e-03 2.894935e-03 
452 13561 8.759589e-02 0 0 9.210638e-04 7.948918e-04 2.957729e-02 5.723105e-03 3.379722e-03 3.111190e-03 5.720567e-05 1.552701e-03 3.218728e-03 
453 13591 9.154153e-02 0 0 9.388205e-04 8.282685e-04 3.122194e-02 5.954644e-03 3.473298e-03 3.257420e-03 5.908898e-05 1.580872e-03 3.400230e-03 
454 13621 9.878711e-02 0 0 9.949487e-04 8.690456e-04 3.327380e-02 6.621641e-03 3.677635e-03 3.652726e-03 6.305131e-05 1.689755e-03 3.676381e-03 
455 13651 9.703163e-02 0 0 9.582808e-04 8.481250e-04 3.273170e-02 6.292797e-03 3.579657e-03 3.462687e-03 6.171215e-05 1.604342e-03 3.616481e-03 
456 13681 1.107591e-01 0 0 1.065375e-03 9.349730e-04 3.675694e-02 7.039273e-03 3.929326e-03 3.909700e-03 6.890073e-05 1.794151e-03 4.074332e-03 
457 13711 1.021793e-01 0 0 9.404112e-04 8.284713e-04 3.284129e-02 6.246002e-03 3.519646e-03 3.476663e-03 6.171067e-05 1.587580e-03 3.683129e-03 
458 13741 9.623102e-02 0 0 8.759510e-04 7.589459e-04 3.015673e-02 5.707316e-03 3.247914e-03 3.168139e-03 5.735550e-05 1.480015e-03 3.392074e-03 
459 13771 9.440677e-02 0 0 8.284667e-04 7.297482e-04 2.944012e-02 5.459094e-03 3.099507e-03 3.020781e-03 5.468595e-05 1.391765e-03 3.278626e-03 
460 13801 1.017902e-01 0 0 8.679458e-04 7.583156e-04 3.037966e-02 5.881431e-03 3.215255e-03 3.273630e-03 5.659079e-05 1.471067e-03 3.405959e-03 
461 13831 8.786741e-02 0 0 7.202202e-04 6.338734e-04 2.556246e-02 4.908815e-03 2.651255e-03 2.750568e-03 4.702435e-05 1.223773e-03 2.859219e-03 
462 13861 8.058011e-02 0 0 6.338573e-04 5.667451e-04 2.275642e-02 4.444070e-03 2.404107e-03 2.466724e-03 4.166774e-05 1.076718e-03 2.545887e-03 
463 13891 7.296881e-02 0 0 5.595480e-04 5.252210e-04 2.100188e-02 3.907875e-03 2.071145e-03 2.185777e-03 3.738513e-05 9.472530e-04 2.303034e-03 
464 13921 7.044665e-02 0 0 5.217086e-04 5.070616e-04 2.014701e-02 3.751502e-03 1.961694e-03 2.110723e-03 3.590304e-05 8.927547e-04 2.242227e-03 
465 13951 7.073175e-02 0 0 5.204777e-04 5.251376e-04 2.057013e-02 3.750669e-03 1.953035e-03 2.091811e-03 3.580635e-05 8.835196e-04 2.222037e-03 
466 13981 6.981629e-02 0 0 4.919949e-04 5.050736e-04 1.959387e-02 3.575833e-03 1.867347e-03 1.994660e-03 3.418957e-05 8.343293e-04 2.130341e-03 
467 14011 6.710213e-02 0 0 4.698994e-04 4.907590e-04 1.855540e-02 3.385830e-03 1.791778e-03 1.888357e-03 3.289036e-05 7.905926e-04 2.034197e-03 
468 14041 6.679446e-02 0 0 4.677875e-04 4.742346e-04 1.844580e-02 3.539622e-03 1.767717e-03 1.987574e-03 3.213990e-05 8.058552e-04 2.042870e-03 
469 14071 7.208216e-02 0 0 5.186744e-04 5.155130e-04 1.979427e-02 3.973503e-03 1.968803e-03 2.213259e-03 3.470707e-05 8.957148e-04 2.185271e-03 
470 14101 7.205521e-02 0 0 5.224127e-04 5.105338e-04 1.903901e-02 4.008620e-03 1.902886e-03 2.255171e-03 3.329262e-05 9.145581e-04 2.107863e-03 
471 14131 7.181190e-02 0 0 5.363719e-04 5.191411e-04 1.954782e-02 4.022731e-03 1.888850e-03 2.273355e-03 3.380972e-05 9.512405e-04 2.150000e-03 
472 14161 6.516850e-02 0 0 4.776324e-04 4.897918e-04 1.851491e-02 3.503888e-03 1.673411e-03 1.982867e-03 3.138040e-05 8.337872e-04 1.993483e-03 
473 14191 6.174746e-02 0 0 4.326150e-04 4.790405e-04 1.814641e-02 3.278089e-03 1.524155e-03 1.871495e-03 2.924937e-05 7.598499e-04 1.921113e-03 
474 14221 6.403548e-02 0 0 4.320111e-04 4.900907e-04 1.863119e-02 3.415097e-03 1.538568e-03 1.951000e-03 2.935032e-05 7.721132e-04 1.976014e-03 
475 14251 6.359596e-02 0 0 4.299161e-04 4.720521e-04 1.800241e-02 3.469997e-03 1.544452e-03 1.970764e-03 2.836310e-05 7.764406e-04 1.914453e-03 
476 14281 6.475223e-02 0 0 4.439375e-04 4.674482e-04 1.822988e-02 3.665625e-03 1.632665e-03 2.066843e-03 2.887666e-05 8.063465e-04 1.958882e-03 
477 14311 7.023745e-02 0 0 4.666804e-04 5.000498e-04 1.908884e-02 3.922262e-03 1.739827e-03 2.217490e-03 3.036301e-05 8.535148e-04 2.068803e-03 
478 14341 7.487909e-02 0 0 4.921474e-04 5.506280e-04 2.006417e-02 4.103308e-03 1.825678e-03 2.324422e-03 3.125540e-05 9.015474e-04 2.129052e-03 
479 14371 6.679803e-02 0 0 4.554307e-04 5.090089e-04 1.810969e-02 3.706140e-03 1.700452e-03 2.072598e-03 2.838648e-05 8.234747e-04 1.887323e-03 
480 14401 6.073631e-02 0 0 4.022757e-04 4.686822e-04 1.628534e-02 3.277859e-03 1.473769e-03 1.850063e-03 2.500917e-05 7.307490e-04 1.683782e-03 
481 14431 6.057761e-02 0 0 4.074944e-04 4.626045e-04 1.582566e-02 3.234428e-03 1.479026e-03 1.829356e-03 2.472441e-05 7.355105e-04 1.642748e-03 
482 14461 5.782697e-02 0 0 3.909683e-04 4.421356e-04 1.481426e-02 3.062917e-03 1.418241e-03 1.716270e-03 2.341078e-05 7.054187e-04 1.517542e-03 
483 14491 5.699467e-02 0 0 3.831251e-04 4.342057e-04 1.446908e-02 2.928485e-03 1.374395e-03 1.631997e-03 2.265066e-05 6.876678e-04 1.432214e-03 
484 14521 6.565926e-02 0 0 4.212116e-04 4.941681e-04 1.618746e-02 3.247161e-03 1.551918e-03 1.799524e-03 2.505382e-05 7.554665e-04 1.583522e-03 
485 14551 6.859947e-02 0 0 4.450003e-04 5.116493e-04 1.641861e-02 3.466277e-03 1.631861e-03 1.913790e-03 2.553838e-05 8.031415e-04 1.602331e-03 
486 14581 7.405767e-02 0 0 4.652255e-04 5.708538e-04 1.862504e-02 3.741423e-03 1.718842e-03 2.066032e-03 2.699583e-05 8.491261e-04 1.760988e-03 
487 14611 6.497750e-02 0 0 3.968657e-04 5.056782e-04 1.602788e-02 3.194010e-03 1.499543e-03 1.749445e-03 2.314613e-05 7.235152e-04 1.495333e-03 
488 14641 6.184303e-02 0 0 3.947508e-04 4.938025e-04 1.577036e-02 3.015490e-03 1.441030e-03 1.646224e-03 2.265708e-05 7.023737e-04 1.422790e-03 
489 14671 6.083873e-02 0 0 3.776932e-04 4.892641e-04 1.552104e-02 2.852319e-03 1.398395e-03 1.555911e-03 2.226088e-05 6.654914e-04 1.402893e-03 
490 14701 6.111008e-02 0 0 3.740116e-04 4.819588e-04 1.509173e-02 2.770486e-03 1.377899e-03 1.516418e-03 2.185199e-05 6.613821e-04 1.366840e-03 
491 14731 7.038391e-02 0 0 4.760197e-04 5.375644e-04 1.653304e-02 3.723744e-03 1.705405e-03 2.052851e-03 2.459010e-05 8.689062e-04 1.530888e-03 
492 14761 5.991331e-02 0 0 4.108036e-04 4.460417e-04 1.448844e-02 3.224493e-03 1.451029e-03 1.795321e-03 2.146814e-05 7.535300e-04 1.368293e-03 
493 14791 5.438567e-02 0 0 3.746365e-04 3.880134e-04 1.294252e-02 3.066441e-03 1.314178e-03 1.719349e-03 1.875491e-05 7.014991e-04 1.248242e-03 
494 14821 5.488226e-02 0 0 3.778299e-04 4.100238e-04 1.340349e-02 3.071393e-03 1.293987e-03 1.731090e-03 1.918358e-05 7.040934e-04 1.277105e-03 
495 14851 5.291001e-02 0 0 3.551448e-04 3.810940e-04 1.249822e-02 2.910722e-03 1.236936e-03 1.629124e-03 1.787487e-05 6.649340e-04 1.186622e-03 
496 14881 5.426586e-02 0 0 3.754116e-04 3.962279e-04 1.311474e-02 3.159550e-03 1.352102e-03 1.751255e-03 1.862616e-05 7.114763e-04 1.239301e-03 
497 14911 6.533562e-02 0 0 4.647021e-04 4.816573e-04 1.647356e-02 3.799493e-03 1.782721e-03 2.067012e-03 2.496443e-05 8.625382e-04 1.584660e-03 
498 14941 7.431961e-02 0 0 5.593192e-04 5.502020e-04 1.817191e-02 4.506438e-03 2.153991e-03 2.410863e-03 2.868779e-05 1.035930e-03 1.726192e-03 
499 14971 7.817751e-02 0 0 5.815509e-04 5.632805e-04 1.859664e-02 4.775430e-03 2.284413e-03 2.537338e-03 2.931235e-05 1.079727e-03 1.757671e-03 
500 15001 7.991415e-02 0 0 5.973457e-04 5.622518e-04 1.832763e-02 4.859842e-03 2.317711e-03 2.574971e-03 2.902343e-05 1.106041e-03 1.714388e-03 
501 15031 7.104004e-02 0 0 5.341252e-04 4.853604e-04 1.576369e-02 4.350947e-03 2.066704e-03 2.303909e-03 2.539910e-05 9.990856e-04 1.488568e-03 
502 15061 6.714269e-02 0 0 4.962431e-04 4.581120e-04 1.503740e-02 3.991063e-03 1.949817e-03 2.102287e-03 2.420424e-05 9.168165e-04 1.429600e-03 
503 15091 5.590841e-02 0 0 3.953386e-04 3.769956e-04 1.254993e-02 3.250803e-03 1.561631e-03 1.715239e-03 1.932223e-05 7.324653e-04 1.176494e-03 
504 15121 5.408976e-02 0 0 3.856565e-04 3.687500e-04 1.252944e-02 3.140372e-03 1.513284e-03 1.651445e-03 1.912290e-05 7.052964e-04 1.154522e-03 
505 15151 5.446725e-02 0 0 3.880569e-04 3.765020e-04 1.299441e-02 3.083772e-03 1.529580e-03 1.611312e-03 1.987367e-05 7.014758e-04 1.194382e-03 
506 15181 5.990936e-02 0 0 4.296122e-04 4.108479e-04 1.433479e-02 3.279477e-03 1.692202e-03 1.699051e-03 2.271725e-05 7.680385e-04 1.326268e-03 
507 15211 6.618423e-02 0 0 4.577261e-04 4.352287e-04 1.521292e-02 3.497529e-03 1.792687e-03 1.814885e-03 2.416330e-05 8.232326e-04 1.415863e-03 
508 15241 6.741198e-02 0 0 4.537639e-04 4.334821e-04 1.517280e-02 3.598812e-03 1.795258e-03 1.874169e-03 2.369176e-05 8.257566e-04 1.409037e-03 
509 15271 6.279171e-02 0 0 4.368387e-04 4.032495e-04 1.422078e-02 3.471660e-03 1.765645e-03 1.788432e-03 2.270623e-05 7.935886e-04 1.313015e-03 
510 15301 5.995494e-02 0 0 4.212513e-04 3.967109e-04 1.364973e-02 3.259786e-03 1.661229e-03 1.674240e-03 2.176089e-05 7.613933e-04 1.228559e-03 
511 15331 5.992880e-02 0 0 4.259950e-04 3.891403e-04 1.364501e-02 3.239826e-03 1.698528e-03 1.648522e-03 2.215426e-05 7.610071e-04 1.240995e-03 
512 15361 6.038707e-02 0 0 4.174434e-04 3.830983e-04 1.340422e-02 3.181512e-03 1.654309e-03 1.628906e-03 2.183578e-05 7.476834e-04 1.222524e-03 
513 15391 5.492806e-02 0 0 3.752382e-04 3.487879e-04 1.212319e-02 2.839176e-03 1.483416e-03 1.459123e-03 1.968077e-05 6.687943e-04 1.113295e-03 
514 15421 5.220349e-02 0 0 3.452228e-04 3.309380e-04 1.188185e-02 2.610509e-03 1.354482e-03 1.353479e-03 1.878682e-05 6.164622e-04 1.094995e-03 
515 15451 5.086753e-02 0 0 3.236480e-04 3.184507e-04 1.122429e-02 2.535882e-03 1.300789e-03 1.308409e-03 1.746245e-05 5.785594e-04 1.027830e-03 
516 15481 4.900507e-02 0 0 3.053727e-04 3.010731e-04 1.051742e-02 2.411521e-03 1.221466e-03 1.248993e-03 1.635138e-05 5.492420e-04 9.657251e-04 
517 15511 4.806737e-02 0 0 2.956905e-04 2.914168e-04 1.053120e-02 2.470742e-03 1.186028e-03 1.299357e-03 1.548293e-05 5.449585e-04 9.712149e-04 
518 15541 4.662079e-02 0 0 2.832459e-04 2.756157e-04 9.843055e-03 2.360163e-03 1.132610e-03 1.251913e-03 1.456278e-05 5.284112e-04 9.269430e-04 
519 15571 4.778320e-02 0 0 2.798659e-04 2.843992e-04 1.054126e-02 2.422087e-03 1.136446e-03 1.301040e-03 1.474102e-05 5.295905e-04 1.000944e-03 
520 15601 4.696807e-02 0 0 2.731303e-04 2.746575e-04 1.027111e-02 2.346274e-03 1.105277e-03 1.260240e-03 1.455527e-05 5.107372e-04 9.743423e-04 
521 15631 5.516206e-02 0 0 3.227741e-04 3.289455e-04 1.286157e-02 2.767685e-03 1.280782e-03 1.493418e-03 1.786659e-05 5.982052e-04 1.208862e-03 
522 15661 5.547829e-02 0 0 3.422388e-04 3.234400e-04 1.268349e-02 2.955132e-03 1.394912e-03 1.574412e-03 1.833997e-05 6.422611e-04 1.198995e-03 
523 15691 5.145646e-02 0 0 3.038968e-04 2.850509e-04 1.118620e-02 2.645447e-03 1.243716e-03 1.409421e-03 1.611810e-05 5.717386e-04 1.056887e-03 
524 15721 5.602966e-02 0 0 3.285823e-04 3.009384e-04 1.180787e-02 2.902508e-03 1.337473e-03 1.549157e-03 1.682343e-05 6.291786e-04 1.122384e-03 
525 15751 5.559494e-02 0 0 3.343551e-04 2.964202e-04 1.154517e-02 2.977032e-03 1.348653e-03 1.584723e-03 1.641738e-05 6.441308e-04 1.093536e-03 
526 15781 5.230486e-02 0 0 3.125714e-04 2.695649e-04 1.058454e-02 2.765125e-03 1.247941e-03 1.472731e-03 1.521488e-05 6.016639e-04 1.006146e-03 
527 15811 5.137640e-02 0 0 3.154229e-04 2.600347e-04 1.036611e-02 2.757259e-03 1.241406e-03 1.468028e-03 1.495687e-05 6.074035e-04 9.914586e-04 
528 15841 5.202568e-02 0 0 3.130621e-04 2.699558e-04 1.070439e-02 2.706239e-03 1.219949e-03 1.442190e-03 1.515927e-05 6.004190e-04 1.013593e-03 
529 15871 4.562226e-02 0 0 2.743235e-04 2.334811e-04 9.537456e-03 2.357416e-03 1.062061e-03 1.260992e-03 1.338195e-05 5.270542e-04 9.154791e-04 
530 15901 4.237398e-02 0 0 2.502668e-04 2.108514e-04 8.793505e-03 2.197866e-03 9.732689e-04 1.180011e-03 1.218483e-05 4.834887e-04 8.465416e-04 
531 15931 3.770780e-02 0 0 2.291394e-04 1.875227e-04 7.974197e-03 1.976671e-03 8.817971e-04 1.062125e-03 1.122631e-05 4.473507e-04 7.749761e-04 
532 15961 3.949150e-02 0 0 2.378409e-04 2.068347e-04 8.421958e-03 2.029546e-03 9.198474e-04 1.086616e-03 1.169851e-05 4.639432e-04 8.030159e-04 
533 15991 3.534654e-02 0 0 2.112102e-04 1.899354e-04 7.511991e-03 1.803199e-03 8.130332e-04 9.627128e-04 1.029766e-05 4.134806e-04 7.049743e-04 
534 16021 3.413992e-02 0 0 1.976474e-04 1.806404e-04 7.107629e-03 1.717126e-03 7.749239e-04 9.130721e-04 9.652610e-06 3.884631e-04 6.614855e-04 
535 16051 3.354517e-02 0 0 2.009533e-04 1.800923e-04 7.099084e-03 1.649590e-03 7.874370e-04 8.688214e-04 1.016794e-05 3.851384e-04 6.668822e-04 
536 16081 3.229827e-02 0 0 1.946077e-04 1.704165e-04 6.868925e-03 1.556814e-03 7.579959e-04 8.178735e-04 9.941250e-06 3.707388e-04 6.505836e-04 
537 16111 2.938131e-02 0 0 1.798885e-04 1.535696e-04 6.180393e-03 1.413551e-03 7.070027e-04 7.352382e-04 9.201534e-06 3.388010e-04 5.892241e-04 
538 16141 2.754509e-02 0 0 1.629794e-04 1.504988e-04 6.025269e-03 1.305450e-03 6.400770e-04 6.870835e-04 8.477095e-06 3.084676e-04 5.710583e-04 
539 16171 2.835074e-02 0 0 1.683727e-04 1.525650e-04 6.122459e-03 1.409184e-03 6.638168e-04 7.437929e-04 8.475849e-06 3.254647e-04 5.823435e-04 
540 16201 3.307470e-02 0 0 1.965780e-04 1.722812e-04 7.163160e-03 1.657353e-03 7.890844e-04 8.781393e-04 1.011945e-05 3.806860e-04 7.004165e-04 
541 16231 3.400115e-02 0 0 1.983456e-04 1.841448e-04 7.602677e-03 1.744345e-03 8.087754e-04 9.298274e-04 1.013438e-05 3.920224e-04 7.340737e-04 
542 16261 3.734444e-02 0 0 2.108614e-04 2.076478e-04 8.540654e-03 1.894033e-03 8.599762e-04 1.015645e-03 1.079086e-05 4.192375e-04 8.065655e-04 
543 16291 3.589634e-02 0 0 2.024998e-04 2.012525e-04 8.598419e-03 1.807296e-03 8.357051e-04 9.725432e-04 1.100907e-05 3.985787e-04 8.223664e-04 
544 16321 3.500093e-02 0 0 2.041064e-04 1.912975e-04 8.503351e-03 1.798847e-03 8.329284e-04 9.744907e-04 1.122382e-05 4.021136e-04 8.290114e-04 
545 16351 3.246892e-02 0 0 1.864270e-04 1.820359e-04 7.944892e-03 1.693262e-03 7.876666e-04 9.089509e-04 1.031297e-05 3.694919e-04 7.621250e-04 
546 16381 2.906424e-02 0 0 1.622099e-04 1.605040e-04 7.130844e-03 1.480577e-03 6.898815e-04 7.963617e-04 9.257063e-06 3.201224e-04 6.871622e-04 
547 16411 2.760185e-02 0 0 1.494067e-04 1.472744e-04 6.667456e-03 1.386588e-03 6.361761e-04 7.530709e-04 8.604086e-06 2.981959e-04 6.530635e-04 
548 16441 2.954352e-02 0 0 1.632999e-04 1.640716e-04 7.106755e-03 1.558220e-03 7.039590e-04 8.389894e-04 8.956639e-06 3.348328e-04 6.838228e-04 
549 16471 3.237858e-02 0 0 1.913963e-04 1.810741e-04 7.656588e-03 1.802410e-03 8.401782e-04 9.543502e-04 9.980759e-06 3.914631e-04 7.304066e-04 
550 16501 3.180059e-02 0 0 1.880388e-04 1.755380e-04 7.375752e-03 1.800372e-03 8.270723e-04 9.522848e-04 9.462609e-06 3.889234e-04 7.019003e-04 
551 16531 3.638472e-02 0 0 2.525422e-04 2.049919e-04 8.596247e-03 2.425525e-03 1.086706e-03 1.274775e-03 1.106754e-05 5.293424e-04 8.126149e-04 
552 16561 3.712939e-02 0 0 2.560908e-04 2.111244e-04 8.889504e-03 2.426186e-03 1.090624e-03 1.277207e-03 1.146837e-05 5.330813e-04 8.328148e-04 
553 16591 4.005888e-02 0 0 2.790691e-04 2.308240e-04 9.796069e-03 2.653664e-03 1.188445e-03 1.399994e-03 1.253780e-05 5.845497e-04 9.285379e-04 
554 16621 3.607233e-02 0 0 2.499864e-04 1.998176e-04 8.416551e-03 2.363418e-03 1.063174e-03 1.243963e-03 1.099638e-05 5.202892e-04 7.994308e-04 
555 16651 4.445848e-02 0 0 3.035521e-04 2.580415e-04 1.092552e-02 2.955345e-03 1.300084e-03 1.563709e-03 1.360676e-05 6.341672e-04 1.032225e-03 
556 16681 4.727255e-02 0 0 3.154227e-04 2.746071e-04 1.138618e-02 3.072802e-03 1.355624e-03 1.624546e-03 1.406309e-05 6.573170e-04 1.071031e-03 
557 16711 5.045494e-02 0 0 3.333299e-04 2.879977e-04 1.193589e-02 3.220803e-03 1.442708e-03 1.700752e-03 1.507856e-05 6.947636e-04 1.131240e-03 
558 16741 5.686156e-02 0 0 3.815769e-04 3.135323e-04 1.290875e-02 3.660179e-03 1.690143e-03 1.913256e-03 1.727155e-05 7.887570e-04 1.242758e-03 
559 16771 5.480234e-02 0 0 3.690523e-04 3.019286e-04 1.221440e-02 3.490708e-03 1.622542e-03 1.818642e-03 1.665447e-05 7.610048e-04 1.173705e-03 
560 16801 5.472172e-02 0 0 3.669388e-04 3.087472e-04 1.245269e-02 3.531664e-03 1.614144e-03 1.844183e-03 1.625509e-05 7.637842e-04 1.175695e-03 
561 16831 4.997660e-02 0 0 3.317753e-04 3.158906e-04 1.236936e-02 3.316890e-03 1.486167e-03 1.736723e-03 1.460053e-05 7.026300e-04 1.115033e-03 
562 16861 4.804431e-02 0 0 3.296055e-04 3.015121e-04 1.185828e-02 3.178281e-03 1.460345e-03 1.654371e-03 1.477563e-05 6.843218e-04 1.071574e-03 
563 16891 4.678726e-02 0 0 3.125736e-04 3.061356e-04 1.196155e-02 3.063328e-03 1.411967e-03 1.595038e-03 1.444668e-05 6.517036e-04 1.074973e-03 
