%  columns=["iteration, evaluation, sigma, void, void, stds==sigma*sqrt(diag(C))" (startseed=206340, 2015/09/2 19:7:11.40)
1 31 2.689270e+00 0 0 4.547404e-01 5.678042e-01 1.032343e+00 4.056153e-01 6.269855e-01 2.576882e+00 8.698930e-01 8.217260e-01 5.996430e-01 
2 61 2.921494e+00 0 0 4.918757e-01 6.041705e-01 1.082515e+00 4.527242e-01 6.869997e-01 2.775242e+00 9.362559e-01 8.842063e-01 6.555806e-01 
3 91 3.093032e+00 0 0 5.237097e-01 6.304704e-01 1.127207e+00 4.763408e-01 7.567918e-01 2.925048e+00 9.744426e-01 8.905495e-01 6.837097e-01 
4 121 3.266203e+00 0 0 5.391439e-01 6.473709e-01 1.224956e+00 4.983389e-01 8.515542e-01 3.042831e+00 1.063563e+00 9.123435e-01 7.310240e-01 
5 151 3.174174e+00 0 0 5.087860e-01 6.264939e-01 1.145615e+00 4.680393e-01 8.291442e-01 2.834059e+00 1.048039e+00 9.278740e-01 6.819091e-01 
6 181 3.151352e+00 0 0 5.029032e-01 6.150220e-01 1.095813e+00 4.475453e-01 7.885678e-01 2.746572e+00 1.009756e+00 9.020263e-01 6.648175e-01 
7 211 2.960392e+00 0 0 4.529565e-01 5.521917e-01 1.013540e+00 4.073113e-01 7.043191e-01 2.648139e+00 9.127825e-01 8.077499e-01 6.131589e-01 
8 241 2.555731e+00 0 0 3.769628e-01 4.593957e-01 8.785271e-01 3.586737e-01 5.859641e-01 2.201191e+00 7.602428e-01 6.863228e-01 5.234350e-01 
9 271 2.460739e+00 0 0 3.489447e-01 4.413798e-01 8.146614e-01 3.441036e-01 5.447170e-01 2.132644e+00 7.192045e-01 6.417552e-01 5.014586e-01 
10 301 2.504202e+00 0 0 3.502050e-01 4.346139e-01 8.181099e-01 3.672662e-01 5.312393e-01 2.187100e+00 7.024503e-01 6.243604e-01 4.981483e-01 
11 331 2.169307e+00 0 0 2.973337e-01 3.609655e-01 6.766327e-01 3.183346e-01 4.431108e-01 1.888069e+00 5.876405e-01 5.224491e-01 4.192687e-01 
12 361 2.004364e+00 0 0 2.709155e-01 3.354713e-01 6.275429e-01 2.861789e-01 4.033301e-01 1.739911e+00 5.304383e-01 4.581687e-01 3.711283e-01 
13 391 2.010121e+00 0 0 2.607045e-01 3.308538e-01 6.169924e-01 2.916175e-01 3.895227e-01 1.693628e+00 5.205951e-01 4.714764e-01 3.729987e-01 
14 421 1.776184e+00 0 0 2.238980e-01 2.828789e-01 5.296416e-01 2.472372e-01 3.281780e-01 1.471683e+00 4.517885e-01 4.165422e-01 3.157317e-01 
15 451 1.579317e+00 0 0 1.919465e-01 2.496369e-01 4.633549e-01 2.118906e-01 2.846283e-01 1.281391e+00 3.941976e-01 3.598211e-01 2.791031e-01 
16 481 1.523060e+00 0 0 1.892368e-01 2.451615e-01 4.364698e-01 2.019811e-01 2.682589e-01 1.190828e+00 3.766511e-01 3.395373e-01 2.725081e-01 
17 511 1.694605e+00 0 0 2.206018e-01 2.669184e-01 4.781671e-01 2.356488e-01 2.941415e-01 1.367201e+00 4.328933e-01 3.732576e-01 3.070799e-01 
18 541 1.573282e+00 0 0 2.013039e-01 2.354406e-01 4.380130e-01 2.233127e-01 2.647999e-01 1.234665e+00 4.026621e-01 3.417280e-01 3.036453e-01 
19 571 1.586814e+00 0 0 1.991650e-01 2.320489e-01 4.839288e-01 2.167249e-01 2.646937e-01 1.251856e+00 4.017388e-01 3.514833e-01 3.055706e-01 
20 601 1.598920e+00 0 0 1.904247e-01 2.379270e-01 4.739050e-01 2.107829e-01 2.617198e-01 1.234604e+00 4.006302e-01 3.589144e-01 3.117131e-01 
21 631 1.664449e+00 0 0 1.919077e-01 2.408881e-01 4.863887e-01 2.262250e-01 2.858120e-01 1.249453e+00 4.083827e-01 3.631438e-01 3.297629e-01 
22 661 1.611245e+00 0 0 1.823556e-01 2.335729e-01 4.591049e-01 2.133446e-01 2.751479e-01 1.267635e+00 3.864352e-01 3.454253e-01 3.270231e-01 
23 691 1.601459e+00 0 0 1.812882e-01 2.252787e-01 4.741849e-01 2.076926e-01 2.667932e-01 1.207171e+00 3.931876e-01 3.446418e-01 3.331682e-01 
24 721 1.505020e+00 0 0 1.620604e-01 2.079687e-01 4.418006e-01 1.901349e-01 2.460467e-01 1.092200e+00 3.523856e-01 3.294557e-01 3.103721e-01 
25 751 1.477543e+00 0 0 1.528881e-01 2.043499e-01 4.253220e-01 1.849169e-01 2.504953e-01 1.026678e+00 3.343635e-01 3.433963e-01 2.999887e-01 
26 781 1.498001e+00 0 0 1.493384e-01 2.042445e-01 4.180312e-01 1.897539e-01 2.613049e-01 9.965525e-01 3.258603e-01 3.366965e-01 3.040548e-01 
27 811 1.430055e+00 0 0 1.375937e-01 1.924964e-01 3.946673e-01 1.805847e-01 2.598977e-01 9.344019e-01 3.084872e-01 3.209616e-01 2.870403e-01 
28 841 1.507652e+00 0 0 1.408691e-01 2.020335e-01 4.236247e-01 1.884006e-01 2.736521e-01 9.906670e-01 3.174647e-01 3.410953e-01 3.000092e-01 
29 871 1.587091e+00 0 0 1.452512e-01 2.131315e-01 4.648173e-01 1.905720e-01 2.878244e-01 1.043151e+00 3.412772e-01 3.867432e-01 3.112187e-01 
30 901 1.639540e+00 0 0 1.433390e-01 2.125953e-01 5.027522e-01 2.007990e-01 2.941371e-01 1.065206e+00 3.421136e-01 4.011551e-01 3.207385e-01 
31 931 1.569192e+00 0 0 1.347628e-01 1.996842e-01 4.764165e-01 1.953714e-01 2.727272e-01 1.070449e+00 3.227012e-01 3.863398e-01 3.028022e-01 
32 961 1.430747e+00 0 0 1.202825e-01 1.834403e-01 4.245294e-01 1.789407e-01 2.406620e-01 9.991296e-01 2.920780e-01 3.433250e-01 2.675745e-01 
33 991 1.352867e+00 0 0 1.121362e-01 1.678881e-01 3.985637e-01 1.680789e-01 2.293548e-01 9.459350e-01 2.931853e-01 3.218830e-01 2.499600e-01 
34 1021 1.422439e+00 0 0 1.136729e-01 1.938392e-01 4.213399e-01 1.740420e-01 2.347106e-01 9.858679e-01 3.180878e-01 3.386123e-01 2.595988e-01 
35 1051 1.523693e+00 0 0 1.189166e-01 2.061761e-01 4.496958e-01 1.856668e-01 2.486609e-01 1.070788e+00 3.283341e-01 3.601465e-01 2.701358e-01 
36 1081 1.482707e+00 0 0 1.120221e-01 2.002957e-01 4.513523e-01 1.753190e-01 2.388243e-01 1.010170e+00 3.103810e-01 3.417997e-01 2.502791e-01 
37 1111 1.470006e+00 0 0 1.062565e-01 1.983642e-01 4.460158e-01 1.830806e-01 2.392142e-01 1.008885e+00 3.122112e-01 3.320256e-01 2.520625e-01 
38 1141 1.339891e+00 0 0 9.307913e-02 1.825764e-01 3.900572e-01 1.628387e-01 2.213352e-01 9.095467e-01 2.813512e-01 3.034488e-01 2.344126e-01 
39 1171 1.422110e+00 0 0 9.936863e-02 1.850730e-01 3.973048e-01 1.670892e-01 2.361756e-01 9.698335e-01 2.914831e-01 3.165519e-01 2.455066e-01 
40 1201 1.547723e+00 0 0 1.087699e-01 2.010086e-01 4.301574e-01 1.779779e-01 2.659544e-01 1.170238e+00 3.653829e-01 3.683191e-01 2.579752e-01 
41 1231 1.510313e+00 0 0 1.032901e-01 1.943293e-01 4.221815e-01 1.742969e-01 2.498353e-01 1.137104e+00 3.495103e-01 3.506281e-01 2.445908e-01 
42 1261 1.722739e+00 0 0 1.231155e-01 2.225049e-01 4.787994e-01 2.026463e-01 2.757262e-01 1.306735e+00 4.249708e-01 3.973218e-01 2.796482e-01 
43 1291 1.568058e+00 0 0 1.118011e-01 2.010775e-01 4.288708e-01 1.855726e-01 2.566859e-01 1.163578e+00 3.807614e-01 3.523765e-01 2.449474e-01 
44 1321 1.484744e+00 0 0 1.045901e-01 1.883594e-01 4.175800e-01 1.708199e-01 2.331983e-01 1.077702e+00 3.590042e-01 3.332299e-01 2.294335e-01 
45 1351 1.347541e+00 0 0 9.428310e-02 1.728047e-01 3.861295e-01 1.544920e-01 2.053003e-01 9.386819e-01 3.158707e-01 2.917134e-01 2.043078e-01 
46 1381 1.307672e+00 0 0 9.202182e-02 1.614903e-01 3.629743e-01 1.458778e-01 2.102006e-01 8.966907e-01 3.019843e-01 2.831353e-01 1.924580e-01 
47 1411 1.447679e+00 0 0 9.799747e-02 1.833011e-01 3.927908e-01 1.548443e-01 2.264071e-01 9.593256e-01 3.258408e-01 2.983588e-01 2.218255e-01 
48 1441 1.478773e+00 0 0 9.688563e-02 1.889384e-01 4.107341e-01 1.571934e-01 2.291923e-01 9.551301e-01 3.188366e-01 3.027006e-01 2.379002e-01 
49 1471 1.422667e+00 0 0 9.200072e-02 1.796207e-01 4.016696e-01 1.471464e-01 2.103552e-01 9.314679e-01 3.128168e-01 2.971097e-01 2.256579e-01 
50 1501 1.291315e+00 0 0 8.041413e-02 1.631930e-01 3.562095e-01 1.300276e-01 1.870539e-01 8.687378e-01 2.898186e-01 2.731076e-01 2.055035e-01 
51 1531 1.259753e+00 0 0 8.326265e-02 1.597440e-01 3.456358e-01 1.262558e-01 1.824621e-01 8.363762e-01 2.906407e-01 2.580238e-01 1.980711e-01 
52 1561 1.160896e+00 0 0 7.464958e-02 1.458882e-01 3.132375e-01 1.176908e-01 1.647153e-01 7.441536e-01 2.590464e-01 2.339086e-01 1.811111e-01 
53 1591 1.296000e+00 0 0 8.531478e-02 1.643513e-01 3.434419e-01 1.368890e-01 1.827324e-01 8.031646e-01 2.924546e-01 2.574596e-01 2.108909e-01 
54 1621 1.435314e+00 0 0 9.163476e-02 1.797942e-01 3.776762e-01 1.565790e-01 1.963515e-01 8.580223e-01 3.210027e-01 2.745026e-01 2.465518e-01 
55 1651 1.438914e+00 0 0 9.088450e-02 1.757400e-01 3.732313e-01 1.563202e-01 1.984102e-01 8.790377e-01 3.163646e-01 2.755234e-01 2.418638e-01 
56 1681 1.467698e+00 0 0 9.343227e-02 1.762319e-01 3.956357e-01 1.559033e-01 2.102641e-01 8.742077e-01 3.165948e-01 2.800590e-01 2.448412e-01 
57 1711 1.496016e+00 0 0 9.601674e-02 1.763064e-01 4.103494e-01 1.567240e-01 2.132166e-01 8.624298e-01 3.146522e-01 2.875573e-01 2.476973e-01 
58 1741 1.450262e+00 0 0 9.811469e-02 1.625196e-01 3.910399e-01 1.456225e-01 2.116968e-01 7.956940e-01 2.940572e-01 2.833260e-01 2.323654e-01 
59 1771 1.212102e+00 0 0 8.038296e-02 1.383203e-01 3.165018e-01 1.194058e-01 1.758423e-01 6.669490e-01 2.388075e-01 2.386741e-01 1.946398e-01 
60 1801 1.184020e+00 0 0 8.238974e-02 1.311410e-01 3.045968e-01 1.187985e-01 1.694135e-01 6.258276e-01 2.438094e-01 2.303503e-01 1.851016e-01 
61 1831 1.272438e+00 0 0 8.748348e-02 1.374632e-01 3.290988e-01 1.265366e-01 1.830523e-01 6.524790e-01 2.557135e-01 2.452286e-01 1.959470e-01 
62 1861 1.334814e+00 0 0 9.749077e-02 1.423759e-01 3.353980e-01 1.285607e-01 1.904301e-01 6.879268e-01 2.738715e-01 2.684198e-01 2.022512e-01 
63 1891 1.204706e+00 0 0 8.519419e-02 1.255583e-01 2.967430e-01 1.130031e-01 1.666964e-01 6.011191e-01 2.398881e-01 2.358563e-01 1.841404e-01 
64 1921 1.267949e+00 0 0 8.813492e-02 1.304850e-01 2.976026e-01 1.149063e-01 1.852770e-01 6.333906e-01 2.501262e-01 2.680879e-01 1.869977e-01 
65 1951 1.255887e+00 0 0 8.687900e-02 1.262707e-01 2.865553e-01 1.113564e-01 1.795569e-01 6.014363e-01 2.489008e-01 2.643465e-01 1.809702e-01 
66 1981 1.166393e+00 0 0 7.863897e-02 1.187359e-01 2.626926e-01 9.921709e-02 1.696425e-01 5.401401e-01 2.236645e-01 2.437088e-01 1.621432e-01 
67 2011 1.117624e+00 0 0 7.301415e-02 1.133288e-01 2.521847e-01 9.180056e-02 1.594681e-01 4.977101e-01 2.059051e-01 2.298336e-01 1.519719e-01 
68 2041 1.179552e+00 0 0 7.338190e-02 1.161119e-01 2.581009e-01 9.895362e-02 1.626165e-01 5.286840e-01 2.056101e-01 2.393885e-01 1.610397e-01 
69 2071 1.098810e+00 0 0 6.578883e-02 1.040672e-01 2.314159e-01 9.076839e-02 1.454943e-01 5.108001e-01 1.815216e-01 2.182519e-01 1.495449e-01 
70 2101 1.008199e+00 0 0 5.806675e-02 9.396857e-02 2.088788e-01 8.054719e-02 1.311601e-01 4.572698e-01 1.606913e-01 1.968609e-01 1.336828e-01 
71 2131 1.115242e+00 0 0 6.457463e-02 1.002360e-01 2.389573e-01 8.542202e-02 1.481953e-01 5.029988e-01 1.710504e-01 2.240697e-01 1.528231e-01 
72 2161 1.190321e+00 0 0 7.346890e-02 1.034147e-01 2.536187e-01 9.051131e-02 1.517837e-01 5.287433e-01 1.980819e-01 2.386858e-01 1.639237e-01 
73 2191 1.216542e+00 0 0 7.323609e-02 1.039484e-01 2.533971e-01 9.233373e-02 1.504673e-01 5.234839e-01 2.030315e-01 2.396733e-01 1.603845e-01 
74 2221 1.215778e+00 0 0 7.190167e-02 1.007341e-01 2.433693e-01 8.986563e-02 1.498726e-01 5.161883e-01 2.029036e-01 2.477709e-01 1.576373e-01 
75 2251 1.066071e+00 0 0 6.056643e-02 8.684764e-02 2.099651e-01 7.667884e-02 1.295918e-01 4.478022e-01 1.708239e-01 2.090835e-01 1.344013e-01 
76 2281 1.032018e+00 0 0 5.573209e-02 8.217995e-02 1.956217e-01 7.124446e-02 1.252082e-01 4.181079e-01 1.602474e-01 2.016113e-01 1.295660e-01 
77 2311 8.504261e-01 0 0 4.381593e-02 6.872177e-02 1.549533e-01 5.675870e-02 9.818161e-02 3.324921e-01 1.267899e-01 1.604812e-01 1.034806e-01 
78 2341 8.083167e-01 0 0 4.078809e-02 6.429563e-02 1.477978e-01 5.174789e-02 9.101701e-02 3.108376e-01 1.160783e-01 1.487999e-01 9.580855e-02 
79 2371 7.827316e-01 0 0 3.800536e-02 6.050339e-02 1.394335e-01 4.971955e-02 8.832019e-02 2.943853e-01 1.086909e-01 1.383872e-01 8.901029e-02 
80 2401 8.237172e-01 0 0 3.903010e-02 6.267762e-02 1.434496e-01 5.140912e-02 9.297887e-02 3.133713e-01 1.102891e-01 1.399187e-01 9.449765e-02 
81 2431 8.370889e-01 0 0 3.873150e-02 6.363611e-02 1.417265e-01 5.514510e-02 9.168558e-02 3.075961e-01 1.103266e-01 1.364379e-01 9.326917e-02 
82 2461 8.547746e-01 0 0 3.896280e-02 6.467868e-02 1.491328e-01 5.730884e-02 9.310102e-02 3.046228e-01 1.155124e-01 1.385223e-01 9.445507e-02 
83 2491 8.423363e-01 0 0 3.824122e-02 6.342778e-02 1.483878e-01 5.650990e-02 9.535900e-02 3.051995e-01 1.093609e-01 1.321059e-01 9.561675e-02 
84 2521 8.326977e-01 0 0 3.699603e-02 6.585569e-02 1.486196e-01 5.686298e-02 9.153515e-02 2.972932e-01 1.055424e-01 1.307093e-01 9.681812e-02 
85 2551 7.357975e-01 0 0 3.104354e-02 5.653110e-02 1.290748e-01 4.903522e-02 8.272746e-02 2.700519e-01 8.893862e-02 1.122881e-01 8.315321e-02 
86 2581 6.884248e-01 0 0 2.838150e-02 5.355322e-02 1.143954e-01 4.532586e-02 7.411497e-02 2.474552e-01 7.929855e-02 1.030178e-01 7.381032e-02 
87 2611 6.778593e-01 0 0 2.862675e-02 5.069897e-02 1.135010e-01 4.428530e-02 7.178808e-02 2.420911e-01 7.486189e-02 9.810774e-02 7.151824e-02 
88 2641 6.569723e-01 0 0 2.813994e-02 4.753398e-02 1.049576e-01 4.198022e-02 7.086594e-02 2.372202e-01 7.050735e-02 9.128638e-02 7.024276e-02 
89 2671 6.643746e-01 0 0 2.797170e-02 4.866804e-02 1.067146e-01 4.320541e-02 7.004781e-02 2.450515e-01 6.950908e-02 9.118866e-02 7.021277e-02 
90 2701 6.575045e-01 0 0 2.690980e-02 4.803320e-02 1.061211e-01 4.129742e-02 6.774814e-02 2.405086e-01 6.535568e-02 9.040769e-02 6.789505e-02 
91 2731 7.304229e-01 0 0 2.987170e-02 5.323325e-02 1.132973e-01 4.798194e-02 7.258238e-02 2.872336e-01 7.118015e-02 1.009272e-01 7.300397e-02 
92 2761 8.528521e-01 0 0 3.347170e-02 6.134593e-02 1.366785e-01 5.430736e-02 8.313835e-02 3.742430e-01 7.907179e-02 1.164740e-01 8.381469e-02 
93 2791 8.214946e-01 0 0 3.237759e-02 5.770705e-02 1.330284e-01 5.038225e-02 7.969603e-02 3.503211e-01 7.344976e-02 1.084342e-01 8.226091e-02 
94 2821 7.098349e-01 0 0 2.746001e-02 5.021424e-02 1.132092e-01 4.233519e-02 6.822540e-02 2.973799e-01 6.112459e-02 9.117136e-02 7.079819e-02 
95 2851 6.714845e-01 0 0 2.531450e-02 4.840684e-02 1.049041e-01 3.938646e-02 6.375934e-02 2.821294e-01 5.755432e-02 8.948184e-02 6.707709e-02 
96 2881 6.788039e-01 0 0 2.513759e-02 4.996927e-02 1.041219e-01 3.899314e-02 6.227937e-02 2.935677e-01 5.601700e-02 8.880949e-02 6.435882e-02 
97 2911 6.747479e-01 0 0 2.439075e-02 4.783563e-02 1.060020e-01 3.762673e-02 6.106294e-02 2.866633e-01 5.307913e-02 9.095467e-02 6.541751e-02 
98 2941 6.748899e-01 0 0 2.362033e-02 4.907724e-02 1.019030e-01 3.659953e-02 6.043525e-02 2.796197e-01 5.048174e-02 8.724059e-02 6.546200e-02 
99 2971 6.025364e-01 0 0 2.020824e-02 4.320917e-02 9.188526e-02 3.151834e-02 5.467097e-02 2.515459e-01 4.327030e-02 7.656834e-02 5.848546e-02 
100 3001 6.214661e-01 0 0 1.995450e-02 4.403614e-02 9.358272e-02 3.252065e-02 5.678814e-02 2.500748e-01 4.277908e-02 7.587500e-02 5.892000e-02 
101 3031 5.578638e-01 0 0 1.724444e-02 3.865727e-02 8.347524e-02 2.830940e-02 5.003779e-02 2.188768e-01 3.659087e-02 6.733308e-02 5.288393e-02 
102 3061 5.409140e-01 0 0 1.588333e-02 3.659167e-02 7.841240e-02 2.626210e-02 5.008256e-02 2.141060e-01 3.356003e-02 6.521719e-02 5.060408e-02 
103 3091 5.039499e-01 0 0 1.462271e-02 3.486084e-02 7.286215e-02 2.432949e-02 4.505123e-02 1.960702e-01 3.005309e-02 6.003265e-02 4.585603e-02 
104 3121 5.015443e-01 0 0 1.388315e-02 3.497934e-02 7.154783e-02 2.385568e-02 4.807485e-02 2.053507e-01 2.866212e-02 5.964650e-02 4.857399e-02 
105 3151 5.015206e-01 0 0 1.367600e-02 3.505651e-02 7.083641e-02 2.311215e-02 4.694550e-02 2.001853e-01 2.733552e-02 5.804658e-02 4.878090e-02 
106 3181 4.629104e-01 0 0 1.255391e-02 3.276704e-02 6.584816e-02 2.117098e-02 4.145918e-02 1.786175e-01 2.394925e-02 5.116466e-02 4.596965e-02 
107 3211 4.372345e-01 0 0 1.152051e-02 3.051938e-02 6.056206e-02 1.977824e-02 3.906459e-02 1.724909e-01 2.158414e-02 4.756624e-02 4.312973e-02 
108 3241 3.841377e-01 0 0 1.000357e-02 2.638920e-02 5.208972e-02 1.771678e-02 3.331650e-02 1.501672e-01 1.836629e-02 4.154141e-02 3.697950e-02 
109 3271 3.565560e-01 0 0 9.215046e-03 2.479974e-02 4.759827e-02 1.583466e-02 3.121685e-02 1.374420e-01 1.623478e-02 3.819554e-02 3.490427e-02 
110 3301 3.833888e-01 0 0 9.515920e-03 2.751464e-02 5.043857e-02 1.671817e-02 3.277502e-02 1.456057e-01 1.661302e-02 4.040922e-02 3.684049e-02 
111 3331 4.173663e-01 0 0 9.978796e-03 3.008278e-02 5.781658e-02 1.757801e-02 3.519067e-02 1.570670e-01 1.728194e-02 4.165029e-02 3.987083e-02 
112 3361 4.381109e-01 0 0 1.008943e-02 3.188665e-02 6.029092e-02 1.841211e-02 3.588694e-02 1.574005e-01 1.723479e-02 4.191347e-02 4.251790e-02 
113 3391 4.064042e-01 0 0 9.075380e-03 2.994434e-02 5.413698e-02 1.637333e-02 3.194825e-02 1.419449e-01 1.524208e-02 3.719223e-02 4.031790e-02 
114 3421 3.607708e-01 0 0 7.699609e-03 2.824562e-02 4.859049e-02 1.386356e-02 2.809610e-02 1.251256e-01 1.282456e-02 3.246497e-02 3.826159e-02 
115 3451 3.319546e-01 0 0 6.935802e-03 2.652704e-02 4.289580e-02 1.263000e-02 2.489681e-02 1.129158e-01 1.133417e-02 2.916117e-02 3.549804e-02 
116 3481 3.030723e-01 0 0 6.114433e-03 2.487726e-02 3.891518e-02 1.140877e-02 2.233556e-02 1.049603e-01 9.790538e-03 2.574811e-02 3.220003e-02 
117 3511 2.637169e-01 0 0 5.094501e-03 2.130253e-02 3.300606e-02 9.819291e-03 1.909290e-02 8.942333e-02 8.083507e-03 2.271155e-02 2.720580e-02 
118 3541 2.541897e-01 0 0 4.792165e-03 2.015135e-02 3.191483e-02 9.230906e-03 1.748550e-02 8.426195e-02 7.460784e-03 2.188065e-02 2.569608e-02 
119 3571 2.388391e-01 0 0 4.399567e-03 1.907675e-02 2.997707e-02 8.355613e-03 1.638253e-02 8.150626e-02 6.671449e-03 2.051351e-02 2.348532e-02 
120 3601 2.663510e-01 0 0 5.162069e-03 2.055532e-02 3.217214e-02 1.016285e-02 1.775728e-02 9.287010e-02 7.180460e-03 2.276281e-02 2.537300e-02 
121 3631 2.676971e-01 0 0 5.025185e-03 2.101511e-02 3.506468e-02 9.969728e-03 1.708507e-02 9.324085e-02 6.879383e-03 2.252045e-02 2.561610e-02 
122 3661 2.842537e-01 0 0 5.204016e-03 2.210652e-02 3.832636e-02 1.026075e-02 1.870826e-02 1.012721e-01 6.953112e-03 2.382992e-02 2.699234e-02 
123 3691 2.823040e-01 0 0 5.072996e-03 2.135650e-02 3.810522e-02 1.005257e-02 1.818323e-02 9.929937e-02 6.606665e-03 2.371965e-02 2.629692e-02 
124 3721 2.964921e-01 0 0 5.412714e-03 2.149991e-02 4.007639e-02 1.068901e-02 1.887449e-02 1.003870e-01 6.556191e-03 2.384745e-02 2.684052e-02 
125 3751 2.665121e-01 0 0 4.898370e-03 2.044347e-02 3.553355e-02 9.797053e-03 1.711178e-02 9.065062e-02 5.665735e-03 2.147164e-02 2.382741e-02 
126 3781 2.769079e-01 0 0 4.945174e-03 2.133295e-02 3.577241e-02 9.977638e-03 1.787257e-02 9.531305e-02 5.612323e-03 2.170530e-02 2.468653e-02 
127 3811 2.555802e-01 0 0 4.589406e-03 1.895539e-02 3.224131e-02 8.937186e-03 1.596092e-02 8.974255e-02 4.936227e-03 1.983392e-02 2.238778e-02 
128 3841 2.234788e-01 0 0 3.920691e-03 1.716068e-02 2.885753e-02 7.765151e-03 1.397365e-02 7.930466e-02 4.139486e-03 1.819803e-02 1.936691e-02 
129 3871 2.274592e-01 0 0 3.884676e-03 1.699201e-02 2.987954e-02 7.637535e-03 1.421814e-02 8.016516e-02 3.997874e-03 1.777905e-02 1.969401e-02 
130 3901 2.502023e-01 0 0 4.151221e-03 1.966112e-02 3.441270e-02 8.409939e-03 1.532324e-02 8.499514e-02 4.257087e-03 1.949516e-02 2.190149e-02 
131 3931 2.464095e-01 0 0 3.941321e-03 1.883327e-02 3.375632e-02 8.186713e-03 1.479432e-02 8.302627e-02 3.966094e-03 2.003333e-02 2.116661e-02 
132 3961 2.526283e-01 0 0 4.199296e-03 1.968736e-02 3.405432e-02 8.069707e-03 1.512338e-02 8.743652e-02 3.881526e-03 2.160252e-02 2.146256e-02 
133 3991 2.276310e-01 0 0 3.688084e-03 1.797023e-02 2.937987e-02 6.970119e-03 1.350018e-02 8.392673e-02 3.340716e-03 2.038183e-02 1.930346e-02 
134 4021 2.134089e-01 0 0 3.342155e-03 1.652730e-02 2.786062e-02 6.383606e-03 1.233399e-02 7.783377e-02 2.994394e-03 1.844881e-02 1.805731e-02 
135 4051 1.966683e-01 0 0 3.060367e-03 1.516162e-02 2.447368e-02 5.806986e-03 1.101608e-02 7.182586e-02 2.642930e-03 1.706419e-02 1.599916e-02 
136 4081 1.739271e-01 0 0 2.683427e-03 1.316997e-02 2.133067e-02 5.206994e-03 9.397728e-03 6.201354e-02 2.226588e-03 1.451404e-02 1.389963e-02 
137 4111 1.509230e-01 0 0 2.265586e-03 1.120463e-02 1.819294e-02 4.453307e-03 8.197470e-03 5.342782e-02 1.837195e-03 1.256452e-02 1.196580e-02 
138 4141 1.333774e-01 0 0 1.914858e-03 9.689810e-03 1.579544e-02 3.836686e-03 7.354478e-03 4.724030e-02 1.552761e-03 1.105619e-02 1.035728e-02 
139 4171 1.369703e-01 0 0 1.926461e-03 9.564916e-03 1.679938e-02 3.805614e-03 7.576737e-03 4.987579e-02 1.506776e-03 1.174481e-02 1.041333e-02 
140 4201 1.407698e-01 0 0 1.916275e-03 9.946248e-03 1.736584e-02 3.773537e-03 7.561555e-03 5.159986e-02 1.489313e-03 1.183381e-02 1.026089e-02 
141 4231 1.377818e-01 0 0 1.817745e-03 9.876895e-03 1.765716e-02 3.605611e-03 7.275801e-03 4.858251e-02 1.378144e-03 1.142668e-02 9.939321e-03 
142 4261 1.457908e-01 0 0 1.954467e-03 1.099250e-02 1.856567e-02 3.788363e-03 7.601332e-03 5.072040e-02 1.386536e-03 1.202467e-02 1.048462e-02 
143 4291 1.379050e-01 0 0 1.818050e-03 1.064477e-02 1.776897e-02 3.489842e-03 7.531934e-03 4.623481e-02 1.247323e-03 1.111601e-02 9.691455e-03 
144 4321 1.387098e-01 0 0 1.870864e-03 1.077081e-02 1.861727e-02 3.544505e-03 7.693401e-03 4.622483e-02 1.187607e-03 1.104445e-02 9.476266e-03 
145 4351 1.244028e-01 0 0 1.707032e-03 9.743444e-03 1.615358e-02 3.115789e-03 6.876502e-03 4.192907e-02 1.012454e-03 1.001734e-02 8.403947e-03 
146 4381 1.147615e-01 0 0 1.599045e-03 9.358145e-03 1.528970e-02 2.911517e-03 6.270221e-03 4.053962e-02 9.030530e-04 9.438855e-03 7.513071e-03 
147 4411 1.032365e-01 0 0 1.387961e-03 8.196287e-03 1.371438e-02 2.503872e-03 5.674000e-03 3.613959e-02 7.819511e-04 8.475396e-03 6.537550e-03 
148 4441 9.467795e-02 0 0 1.217236e-03 7.499024e-03 1.241692e-02 2.208477e-03 5.175649e-03 3.339141e-02 6.866146e-04 7.642628e-03 5.848518e-03 
149 4471 8.686233e-02 0 0 1.105100e-03 6.906011e-03 1.147091e-02 1.995101e-03 4.593497e-03 2.948050e-02 6.037004e-04 6.897094e-03 5.374714e-03 
150 4501 8.378222e-02 0 0 1.052364e-03 6.848238e-03 1.198255e-02 1.890481e-03 4.383202e-03 2.846051e-02 5.540755e-04 6.743348e-03 5.142354e-03 
151 4531 8.522961e-02 0 0 1.027868e-03 6.752168e-03 1.248330e-02 1.892244e-03 4.296444e-03 2.798309e-02 5.496226e-04 7.209320e-03 5.038225e-03 
152 4561 9.344885e-02 0 0 1.109010e-03 7.299557e-03 1.366695e-02 2.137861e-03 4.507615e-03 3.126613e-02 5.818318e-04 7.920034e-03 5.759846e-03 
153 4591 7.967728e-02 0 0 9.153554e-04 6.153334e-03 1.200038e-02 1.742232e-03 3.758791e-03 2.612008e-02 4.718175e-04 6.521208e-03 4.750218e-03 
154 4621 7.419827e-02 0 0 8.178813e-04 5.820137e-03 1.129463e-02 1.594672e-03 3.412833e-03 2.370627e-02 4.318159e-04 5.885880e-03 4.294284e-03 
155 4651 6.661826e-02 0 0 7.309003e-04 5.189262e-03 9.834478e-03 1.398292e-03 3.148535e-03 2.112360e-02 3.661324e-04 5.158970e-03 3.895694e-03 
156 4681 6.380127e-02 0 0 7.003465e-04 5.323335e-03 9.847603e-03 1.311823e-03 3.016117e-03 2.035966e-02 3.453611e-04 5.034921e-03 3.829227e-03 
157 4711 5.868000e-02 0 0 6.310490e-04 4.853857e-03 8.794414e-03 1.173741e-03 2.694853e-03 1.830898e-02 3.106583e-04 4.525369e-03 3.494116e-03 
158 4741 5.570193e-02 0 0 5.940953e-04 4.546589e-03 8.166985e-03 1.110803e-03 2.508205e-03 1.762352e-02 2.838944e-04 4.406190e-03 3.239094e-03 
159 4771 5.755699e-02 0 0 6.073956e-04 4.591254e-03 8.366136e-03 1.152282e-03 2.634837e-03 1.792402e-02 2.846216e-04 4.552061e-03 3.275697e-03 
160 4801 6.130350e-02 0 0 6.207506e-04 4.759800e-03 8.966036e-03 1.224180e-03 2.897977e-03 1.874029e-02 2.885089e-04 4.805564e-03 3.708486e-03 
161 4831 5.760556e-02 0 0 5.568475e-04 4.348412e-03 8.103266e-03 1.138794e-03 2.655767e-03 1.770201e-02 2.680883e-04 4.437602e-03 3.456294e-03 
162 4861 6.167084e-02 0 0 5.721706e-04 4.853427e-03 8.647144e-03 1.204906e-03 2.831865e-03 1.951183e-02 2.787087e-04 4.782281e-03 4.149729e-03 
163 4891 6.924845e-02 0 0 6.150589e-04 5.353623e-03 9.430459e-03 1.346194e-03 3.335041e-03 2.352383e-02 3.003933e-04 5.485262e-03 4.817179e-03 
164 4921 7.241704e-02 0 0 6.206413e-04 5.685097e-03 9.907281e-03 1.374140e-03 3.546465e-03 2.489391e-02 3.050897e-04 5.570993e-03 5.310909e-03 
165 4951 7.443205e-02 0 0 6.211897e-04 5.845761e-03 1.028913e-02 1.351372e-03 3.879707e-03 2.638708e-02 3.089038e-04 5.574325e-03 5.755525e-03 
166 4981 7.128752e-02 0 0 6.105721e-04 5.869206e-03 9.900782e-03 1.285366e-03 3.719115e-03 2.569012e-02 2.852122e-04 5.591420e-03 5.785969e-03 
167 5011 7.619372e-02 0 0 6.513912e-04 6.127850e-03 1.044852e-02 1.446673e-03 4.195927e-03 2.885478e-02 3.062129e-04 6.093417e-03 6.174012e-03 
168 5041 8.978817e-02 0 0 7.901811e-04 6.997331e-03 1.212957e-02 1.783785e-03 5.234878e-03 3.446726e-02 3.546479e-04 6.978692e-03 7.452351e-03 
169 5071 8.518826e-02 0 0 7.340365e-04 6.720166e-03 1.184324e-02 1.662846e-03 4.961839e-03 3.282499e-02 3.303393e-04 6.683394e-03 7.257472e-03 
170 5101 8.900761e-02 0 0 7.592889e-04 7.307265e-03 1.365450e-02 1.712423e-03 5.185964e-03 3.432128e-02 3.374651e-04 6.827467e-03 7.621997e-03 
171 5131 8.914264e-02 0 0 7.813376e-04 7.738994e-03 1.371329e-02 1.718808e-03 5.374595e-03 3.469442e-02 3.297718e-04 6.742253e-03 7.968779e-03 
172 5161 9.927219e-02 0 0 8.617659e-04 9.586019e-03 1.524122e-02 1.873324e-03 6.218998e-03 4.185849e-02 3.571950e-04 7.467012e-03 9.520369e-03 
173 5191 9.977050e-02 0 0 8.373259e-04 9.957844e-03 1.521023e-02 1.818027e-03 6.135623e-03 4.086892e-02 3.461395e-04 7.165148e-03 9.633451e-03 
174 5221 1.002865e-01 0 0 8.161733e-04 1.025398e-02 1.486164e-02 1.748385e-03 6.368452e-03 4.093638e-02 3.326126e-04 7.095589e-03 1.030596e-02 
175 5251 9.239593e-02 0 0 7.328890e-04 9.532846e-03 1.360587e-02 1.589432e-03 6.060985e-03 3.862179e-02 2.943210e-04 6.487304e-03 9.596133e-03 
176 5281 1.063900e-01 0 0 8.219015e-04 1.134865e-02 1.556518e-02 1.804337e-03 7.080879e-03 4.429942e-02 3.258490e-04 7.327568e-03 1.196478e-02 
177 5311 1.162148e-01 0 0 9.185872e-04 1.225892e-02 1.660002e-02 1.948159e-03 8.011040e-03 4.834612e-02 3.491804e-04 7.629186e-03 1.332131e-02 
178 5341 1.264075e-01 0 0 9.846598e-04 1.347665e-02 1.810007e-02 2.039426e-03 9.263225e-03 5.594154e-02 3.653055e-04 8.065979e-03 1.549792e-02 
179 5371 1.336100e-01 0 0 1.069013e-03 1.586560e-02 1.898595e-02 2.099867e-03 1.071961e-02 6.196298e-02 3.705268e-04 8.125816e-03 1.886260e-02 
180 5401 1.438174e-01 0 0 1.120417e-03 1.791339e-02 1.986299e-02 2.148991e-03 1.186749e-02 6.832275e-02 3.953320e-04 8.539872e-03 2.176164e-02 
181 5431 1.621297e-01 0 0 1.218226e-03 2.165502e-02 2.303845e-02 2.358330e-03 1.370265e-02 7.699898e-02 4.425770e-04 9.426109e-03 2.590599e-02 
182 5461 1.839546e-01 0 0 1.430575e-03 2.699617e-02 2.598677e-02 2.650620e-03 1.765384e-02 9.675919e-02 4.949918e-04 1.043877e-02 3.374722e-02 
183 5491 1.974679e-01 0 0 1.530754e-03 2.860300e-02 2.745296e-02 2.730465e-03 1.881401e-02 1.014962e-01 5.294030e-04 1.136521e-02 3.641072e-02 
184 5521 2.024053e-01 0 0 1.515310e-03 3.039694e-02 2.774093e-02 2.699423e-03 1.952219e-02 1.040109e-01 5.348601e-04 1.130007e-02 3.848781e-02 
185 5551 2.405710e-01 0 0 1.769425e-03 4.240784e-02 3.364978e-02 3.083745e-03 2.540783e-02 1.335254e-01 6.751218e-04 1.294206e-02 5.314103e-02 
186 5581 2.808583e-01 0 0 1.971879e-03 5.342115e-02 3.813757e-02 3.519793e-03 3.263100e-02 1.691570e-01 7.721405e-04 1.489593e-02 6.856199e-02 
187 5611 3.537180e-01 0 0 2.403468e-03 7.006660e-02 4.873107e-02 4.309239e-03 4.288525e-02 2.235186e-01 9.524008e-04 1.891118e-02 9.022573e-02 
188 5641 4.725990e-01 0 0 3.115948e-03 1.008614e-01 6.519135e-02 5.527072e-03 6.118826e-02 3.220899e-01 1.267382e-03 2.469316e-02 1.308475e-01 
189 5671 5.282943e-01 0 0 3.316369e-03 1.093801e-01 7.061607e-02 5.854682e-03 6.767669e-02 3.562923e-01 1.359910e-03 2.760841e-02 1.423007e-01 
190 5701 6.002243e-01 0 0 3.658284e-03 1.253344e-01 7.886146e-02 6.536243e-03 7.622100e-02 4.082534e-01 1.514084e-03 3.068125e-02 1.624924e-01 
191 5731 5.379665e-01 0 0 3.253616e-03 1.092482e-01 6.751449e-02 5.602912e-03 6.665198e-02 3.571842e-01 1.303868e-03 2.645962e-02 1.415564e-01 
192 5761 5.466541e-01 0 0 3.169537e-03 1.076079e-01 6.942360e-02 5.553661e-03 6.651976e-02 3.552496e-01 1.267403e-03 2.651736e-02 1.413900e-01 
193 5791 5.184931e-01 0 0 2.903087e-03 9.790988e-02 6.567249e-02 5.193286e-03 6.065825e-02 3.217791e-01 1.139905e-03 2.444607e-02 1.277970e-01 
194 5821 4.900210e-01 0 0 2.630549e-03 8.984069e-02 6.205136e-02 4.764675e-03 5.717837e-02 2.987632e-01 1.043205e-03 2.322936e-02 1.187930e-01 
195 5851 4.743575e-01 0 0 2.471884e-03 8.560196e-02 6.022774e-02 4.707796e-03 5.532723e-02 2.825576e-01 1.021779e-03 2.217005e-02 1.132514e-01 
196 5881 4.292356e-01 0 0 2.142856e-03 7.719606e-02 5.381360e-02 4.238974e-03 4.946181e-02 2.556485e-01 8.871907e-04 2.005343e-02 1.003364e-01 
197 5911 3.695588e-01 0 0 1.808893e-03 6.553359e-02 4.540121e-02 3.661769e-03 4.223667e-02 2.168992e-01 7.410452e-04 1.703429e-02 8.514343e-02 
198 5941 3.639960e-01 0 0 1.794088e-03 6.386796e-02 4.437229e-02 3.497702e-03 4.142083e-02 2.134823e-01 7.062131e-04 1.678919e-02 8.425446e-02 
199 5971 3.599016e-01 0 0 1.757585e-03 6.234864e-02 4.702798e-02 3.379100e-03 3.986496e-02 2.055968e-01 6.681954e-04 1.654743e-02 8.118614e-02 
200 6001 3.649401e-01 0 0 1.734603e-03 6.455645e-02 4.973356e-02 3.426504e-03 4.001109e-02 2.060282e-01 6.943721e-04 1.658074e-02 8.285477e-02 
201 6031 3.581641e-01 0 0 1.665031e-03 6.180625e-02 4.903694e-02 3.284896e-03 3.844011e-02 1.981027e-01 6.531170e-04 1.575749e-02 7.978584e-02 
202 6061 3.213438e-01 0 0 1.461270e-03 5.255880e-02 4.400402e-02 2.865976e-03 3.324388e-02 1.701642e-01 5.656284e-04 1.352703e-02 6.899316e-02 
203 6091 3.437376e-01 0 0 1.574852e-03 6.153160e-02 4.714419e-02 3.183640e-03 3.719804e-02 1.947102e-01 6.047128e-04 1.512330e-02 7.839096e-02 
204 6121 2.984901e-01 0 0 1.360921e-03 5.253026e-02 3.944792e-02 2.704004e-03 3.216815e-02 1.700990e-01 5.109475e-04 1.329857e-02 6.723643e-02 
205 6151 2.931928e-01 0 0 1.297400e-03 5.368736e-02 3.948939e-02 2.638385e-03 3.370970e-02 1.727465e-01 5.243617e-04 1.329081e-02 6.847375e-02 
206 6181 2.878998e-01 0 0 1.239017e-03 5.044333e-02 3.887626e-02 2.467169e-03 3.222688e-02 1.652764e-01 5.005463e-04 1.307238e-02 6.470810e-02 
207 6211 2.746479e-01 0 0 1.169954e-03 4.692675e-02 3.811006e-02 2.336830e-03 2.980750e-02 1.513674e-01 4.682690e-04 1.213619e-02 5.949239e-02 
208 6241 2.628619e-01 0 0 1.087122e-03 4.429562e-02 3.547890e-02 2.243314e-03 2.824452e-02 1.424530e-01 4.425304e-04 1.147711e-02 5.643922e-02 
209 6271 2.717679e-01 0 0 1.101307e-03 4.455434e-02 3.928291e-02 2.282512e-03 2.807555e-02 1.413828e-01 4.388422e-04 1.122582e-02 5.630221e-02 
210 6301 2.812320e-01 0 0 1.152260e-03 4.810875e-02 4.110781e-02 2.284274e-03 3.012110e-02 1.565809e-01 4.600305e-04 1.138713e-02 6.071644e-02 
211 6331 2.528627e-01 0 0 1.002585e-03 4.122208e-02 3.548272e-02 2.052599e-03 2.654739e-02 1.381766e-01 3.946655e-04 1.005978e-02 5.262428e-02 
212 6361 2.140571e-01 0 0 8.259582e-04 3.334164e-02 3.003704e-02 1.660437e-03 2.157783e-02 1.124290e-01 3.215922e-04 8.552597e-03 4.273685e-02 
213 6391 1.880582e-01 0 0 7.143197e-04 2.880134e-02 2.643446e-02 1.423558e-03 1.852157e-02 9.657810e-02 2.784569e-04 7.306985e-03 3.682036e-02 
214 6421 1.807435e-01 0 0 6.645147e-04 2.789322e-02 2.471080e-02 1.360707e-03 1.740374e-02 9.124604e-02 2.695297e-04 6.842541e-03 3.550753e-02 
215 6451 1.667991e-01 0 0 5.983654e-04 2.508632e-02 2.546897e-02 1.246661e-03 1.613913e-02 8.401723e-02 2.451549e-04 6.463183e-03 3.224561e-02 
216 6481 1.478113e-01 0 0 5.391497e-04 2.303600e-02 2.214275e-02 1.188105e-03 1.423937e-02 7.569645e-02 2.287550e-04 5.756278e-03 2.896266e-02 
217 6511 1.436698e-01 0 0 4.995129e-04 2.301587e-02 2.218910e-02 1.126944e-03 1.379351e-02 7.407322e-02 2.186519e-04 5.434691e-03 2.813698e-02 
218 6541 1.443975e-01 0 0 4.985911e-04 2.295475e-02 2.245350e-02 1.081579e-03 1.375737e-02 7.393286e-02 2.250229e-04 5.333907e-03 2.808615e-02 
219 6571 1.422450e-01 0 0 4.815681e-04 2.212430e-02 2.222029e-02 1.060481e-03 1.300179e-02 7.048170e-02 2.117095e-04 5.254109e-03 2.665247e-02 
220 6601 1.525384e-01 0 0 5.060963e-04 2.443106e-02 2.608925e-02 1.163489e-03 1.406654e-02 7.467334e-02 2.254138e-04 5.477429e-03 2.893196e-02 
221 6631 1.590085e-01 0 0 5.395979e-04 2.532892e-02 2.703483e-02 1.213419e-03 1.423354e-02 7.559530e-02 2.264706e-04 5.696806e-03 2.936927e-02 
222 6661 1.518234e-01 0 0 4.998777e-04 2.379359e-02 2.577008e-02 1.130639e-03 1.316061e-02 7.081709e-02 2.191093e-04 5.353788e-03 2.733037e-02 
223 6691 1.530567e-01 0 0 5.146480e-04 2.346903e-02 2.574445e-02 1.148820e-03 1.288375e-02 6.874121e-02 2.157340e-04 5.334731e-03 2.658272e-02 
224 6721 1.338832e-01 0 0 4.565525e-04 1.989432e-02 2.197677e-02 9.817021e-04 1.080841e-02 5.751846e-02 1.852715e-04 4.432276e-03 2.239860e-02 
225 6751 1.236828e-01 0 0 4.287592e-04 1.836053e-02 2.085478e-02 8.986884e-04 9.789198e-03 5.220302e-02 1.713432e-04 3.934938e-03 2.030763e-02 
226 6781 1.192362e-01 0 0 4.155630e-04 1.725683e-02 1.998009e-02 8.581860e-04 9.385482e-03 4.973633e-02 1.618790e-04 3.856241e-03 1.935028e-02 
227 6811 1.134421e-01 0 0 3.781679e-04 1.615487e-02 1.892787e-02 7.879675e-04 8.624083e-03 4.613163e-02 1.554533e-04 3.629019e-03 1.792327e-02 
228 6841 9.965938e-02 0 0 3.316623e-04 1.419603e-02 1.636335e-02 6.975993e-04 7.476086e-03 4.020646e-02 1.345147e-04 3.114958e-03 1.582458e-02 
229 6871 9.417001e-02 0 0 3.043887e-04 1.291856e-02 1.543183e-02 6.543215e-04 6.891013e-03 3.735441e-02 1.209283e-04 2.942642e-03 1.432585e-02 
230 6901 1.008004e-01 0 0 3.338090e-04 1.352918e-02 1.590805e-02 7.193192e-04 7.816416e-03 4.265449e-02 1.284191e-04 3.427704e-03 1.558566e-02 
231 6931 1.120411e-01 0 0 3.837354e-04 1.498644e-02 1.791839e-02 8.233474e-04 9.273159e-03 4.949095e-02 1.490855e-04 4.009998e-03 1.764146e-02 
232 6961 1.130355e-01 0 0 3.880805e-04 1.519956e-02 1.799618e-02 8.357330e-04 9.350423e-03 5.015184e-02 1.449323e-04 3.956117e-03 1.787376e-02 
233 6991 1.097592e-01 0 0 3.741505e-04 1.449964e-02 1.686210e-02 8.007018e-04 8.896545e-03 4.754685e-02 1.418993e-04 3.742231e-03 1.705883e-02 
234 7021 9.417329e-02 0 0 3.200315e-04 1.208699e-02 1.392249e-02 7.009693e-04 7.732166e-03 4.096392e-02 1.246070e-04 3.307789e-03 1.459700e-02 
235 7051 8.861168e-02 0 0 2.902486e-04 1.113640e-02 1.278318e-02 6.830046e-04 7.078037e-03 3.764601e-02 1.145176e-04 3.162625e-03 1.346113e-02 
236 7081 7.799239e-02 0 0 2.461227e-04 9.528183e-03 1.124945e-02 5.921701e-04 6.068023e-03 3.214350e-02 9.908616e-05 2.801019e-03 1.140107e-02 
237 7111 7.130634e-02 0 0 2.193368e-04 8.570525e-03 1.028100e-02 5.355902e-04 5.484437e-03 2.823554e-02 8.688221e-05 2.606802e-03 1.020727e-02 
238 7141 6.608852e-02 0 0 2.041515e-04 7.921795e-03 9.707682e-03 4.903703e-04 4.845888e-03 2.570895e-02 7.839291e-05 2.351414e-03 9.230256e-03 
239 7171 7.042130e-02 0 0 2.290991e-04 8.407604e-03 1.041899e-02 5.206035e-04 5.210474e-03 2.711305e-02 8.405122e-05 2.509578e-03 9.931411e-03 
240 7201 7.048949e-02 0 0 2.235772e-04 8.562521e-03 1.015823e-02 5.156831e-04 5.183134e-03 2.778648e-02 8.482392e-05 2.540248e-03 9.966312e-03 
241 7231 6.930918e-02 0 0 2.217033e-04 8.344862e-03 9.617498e-03 4.931365e-04 5.151330e-03 2.703682e-02 8.412336e-05 2.606126e-03 9.760045e-03 
242 7261 6.244930e-02 0 0 1.971206e-04 7.402924e-03 8.525023e-03 4.471993e-04 4.535754e-03 2.350143e-02 7.766845e-05 2.303637e-03 8.708830e-03 
243 7291 5.468819e-02 0 0 1.696798e-04 6.196597e-03 7.586141e-03 3.928851e-04 3.974103e-03 2.057972e-02 6.523932e-05 2.088024e-03 7.453026e-03 
244 7321 5.240544e-02 0 0 1.634239e-04 5.716464e-03 7.208458e-03 3.801272e-04 3.655763e-03 1.909416e-02 6.098211e-05 1.966731e-03 6.858180e-03 
245 7351 5.654638e-02 0 0 1.706704e-04 6.243195e-03 7.464549e-03 4.117893e-04 3.932560e-03 2.104064e-02 6.472841e-05 2.116046e-03 7.433549e-03 
246 7381 5.784466e-02 0 0 1.692469e-04 6.438385e-03 7.490037e-03 4.241236e-04 3.934040e-03 2.116663e-02 6.502300e-05 2.121375e-03 7.645029e-03 
247 7411 5.550023e-02 0 0 1.629528e-04 6.216971e-03 7.098508e-03 3.939580e-04 3.924373e-03 2.059137e-02 6.148032e-05 2.037488e-03 7.459333e-03 
248 7441 6.593093e-02 0 0 1.882498e-04 7.256167e-03 8.281969e-03 4.541766e-04 4.558446e-03 2.394024e-02 7.065338e-05 2.393925e-03 8.636556e-03 
249 7471 7.077613e-02 0 0 2.039094e-04 7.688747e-03 8.775406e-03 5.001315e-04 5.061221e-03 2.694443e-02 7.455626e-05 2.674839e-03 9.376480e-03 
250 7501 7.035750e-02 0 0 2.029074e-04 7.696917e-03 8.911920e-03 5.056121e-04 4.977768e-03 2.627347e-02 7.292820e-05 2.653489e-03 9.130412e-03 
251 7531 7.358924e-02 0 0 2.246818e-04 8.101362e-03 9.509894e-03 5.407087e-04 4.968192e-03 2.640996e-02 7.392313e-05 2.686547e-03 9.322636e-03 
252 7561 7.846771e-02 0 0 2.484894e-04 8.594189e-03 1.031093e-02 6.268339e-04 5.168181e-03 2.836300e-02 7.689126e-05 2.861808e-03 9.900559e-03 
253 7591 6.711074e-02 0 0 2.094117e-04 7.307982e-03 9.101084e-03 5.478242e-04 4.310577e-03 2.415484e-02 6.387836e-05 2.424714e-03 8.308664e-03 
254 7621 7.103183e-02 0 0 2.224467e-04 7.503404e-03 9.643683e-03 5.590662e-04 4.390991e-03 2.475039e-02 6.699973e-05 2.516464e-03 8.573214e-03 
255 7651 7.294008e-02 0 0 2.287621e-04 7.480047e-03 9.628036e-03 5.559882e-04 4.324833e-03 2.464384e-02 6.827838e-05 2.519851e-03 8.531156e-03 
256 7681 8.493137e-02 0 0 2.703598e-04 8.909327e-03 1.104463e-02 6.571361e-04 5.159606e-03 3.030361e-02 7.938431e-05 2.932241e-03 1.040156e-02 
257 7711 8.136666e-02 0 0 2.537814e-04 8.252383e-03 1.017940e-02 6.089592e-04 4.793525e-03 2.794224e-02 7.596462e-05 2.686085e-03 9.750723e-03 
258 7741 7.718510e-02 0 0 2.341207e-04 8.173500e-03 9.608717e-03 5.850188e-04 4.788779e-03 2.699681e-02 7.531963e-05 2.596455e-03 9.844044e-03 
259 7771 7.358007e-02 0 0 2.346269e-04 7.702311e-03 9.194822e-03 5.528848e-04 4.619957e-03 2.574231e-02 7.175742e-05 2.424661e-03 9.446972e-03 
260 7801 6.364997e-02 0 0 2.012334e-04 6.456850e-03 7.768337e-03 4.613072e-04 4.039068e-03 2.180626e-02 6.083978e-05 2.135275e-03 7.965129e-03 
261 7831 6.506880e-02 0 0 2.029046e-04 6.593168e-03 8.103298e-03 4.800044e-04 3.974269e-03 2.195340e-02 6.179258e-05 2.145930e-03 8.051178e-03 
262 7861 6.402624e-02 0 0 2.020711e-04 6.599081e-03 8.240569e-03 4.807531e-04 4.012387e-03 2.161038e-02 6.158305e-05 2.112612e-03 8.059050e-03 
263 7891 5.991062e-02 0 0 1.871412e-04 5.990099e-03 7.431780e-03 4.393324e-04 3.679146e-03 1.959751e-02 5.944617e-05 1.929299e-03 7.484805e-03 
264 7921 5.890592e-02 0 0 1.795913e-04 5.645778e-03 6.950663e-03 4.153699e-04 3.551652e-03 1.862550e-02 5.673159e-05 1.879466e-03 7.136374e-03 
265 7951 7.046789e-02 0 0 2.117357e-04 6.631055e-03 8.094068e-03 4.963697e-04 4.176212e-03 2.213608e-02 6.657724e-05 2.292108e-03 8.374026e-03 
266 7981 7.681763e-02 0 0 2.376254e-04 7.031443e-03 8.560959e-03 5.228035e-04 4.527596e-03 2.346961e-02 7.081636e-05 2.540303e-03 9.067710e-03 
267 8011 7.118613e-02 0 0 2.265422e-04 6.446691e-03 7.884936e-03 4.771394e-04 4.180123e-03 2.137786e-02 6.493492e-05 2.407062e-03 8.288382e-03 
268 8041 6.846023e-02 0 0 2.180487e-04 6.187040e-03 7.386917e-03 4.397991e-04 3.866884e-03 1.973004e-02 6.171567e-05 2.321883e-03 7.751715e-03 
269 8071 6.679572e-02 0 0 2.210042e-04 6.117998e-03 7.198447e-03 4.291732e-04 3.836065e-03 2.031702e-02 6.086589e-05 2.233621e-03 7.692389e-03 
270 8101 7.201033e-02 0 0 2.285308e-04 6.497234e-03 7.873578e-03 4.661019e-04 4.016834e-03 2.170202e-02 6.457627e-05 2.343315e-03 8.122990e-03 
271 8131 8.107422e-02 0 0 2.593307e-04 7.572803e-03 9.209984e-03 5.535678e-04 4.591335e-03 2.579749e-02 7.535996e-05 2.681057e-03 9.302932e-03 
272 8161 7.904783e-02 0 0 2.665383e-04 7.316988e-03 9.055218e-03 5.626407e-04 4.493947e-03 2.557712e-02 7.547923e-05 2.637150e-03 9.087679e-03 
273 8191 7.151584e-02 0 0 2.379465e-04 6.350748e-03 8.249098e-03 4.987927e-04 3.870439e-03 2.252900e-02 6.500491e-05 2.296022e-03 7.761386e-03 
274 8221 6.896896e-02 0 0 2.300194e-04 6.140207e-03 7.930303e-03 4.735735e-04 3.686682e-03 2.097409e-02 6.154370e-05 2.185664e-03 7.379511e-03 
275 8251 6.755029e-02 0 0 2.356235e-04 5.935275e-03 7.864556e-03 4.745984e-04 3.649821e-03 2.015244e-02 6.116571e-05 2.248105e-03 7.143635e-03 
276 8281 6.115237e-02 0 0 2.140016e-04 5.534485e-03 7.132074e-03 4.256887e-04 3.304073e-03 1.802463e-02 5.660545e-05 2.025357e-03 6.578967e-03 
277 8311 6.289477e-02 0 0 2.163251e-04 5.573308e-03 7.282806e-03 4.331136e-04 3.423231e-03 1.805543e-02 5.744462e-05 2.175043e-03 6.592438e-03 
278 8341 7.068975e-02 0 0 2.379166e-04 6.215615e-03 7.908227e-03 4.776405e-04 3.783269e-03 2.101911e-02 6.215896e-05 2.379138e-03 7.262884e-03 
279 8371 7.144220e-02 0 0 2.547319e-04 6.324471e-03 8.339327e-03 5.016346e-04 3.825478e-03 2.118417e-02 6.432107e-05 2.432488e-03 7.343700e-03 
280 8401 7.828765e-02 0 0 2.837185e-04 6.938946e-03 8.920347e-03 5.769805e-04 4.222607e-03 2.302033e-02 7.270882e-05 2.775468e-03 8.161089e-03 
281 8431 8.626698e-02 0 0 3.143436e-04 7.872854e-03 9.678678e-03 6.602586e-04 4.752023e-03 2.533070e-02 8.220405e-05 3.087779e-03 9.350280e-03 
282 8461 1.007260e-01 0 0 3.701706e-04 9.493568e-03 1.123883e-02 7.712073e-04 5.467848e-03 3.155503e-02 9.798511e-05 3.543425e-03 1.091089e-02 
283 8491 1.068274e-01 0 0 3.804466e-04 9.816709e-03 1.186595e-02 8.230912e-04 5.742251e-03 3.412869e-02 1.022021e-04 3.756570e-03 1.126407e-02 
284 8521 1.254087e-01 0 0 4.389144e-04 1.134249e-02 1.337337e-02 9.567544e-04 6.725060e-03 4.130935e-02 1.172810e-04 4.375483e-03 1.292796e-02 
285 8551 1.207368e-01 0 0 4.075281e-04 1.074656e-02 1.264952e-02 8.900698e-04 6.334612e-03 3.927353e-02 1.112942e-04 4.189553e-03 1.218932e-02 
286 8581 1.193110e-01 0 0 4.037004e-04 1.044201e-02 1.246337e-02 8.625091e-04 6.111719e-03 3.915188e-02 1.109576e-04 4.023424e-03 1.175847e-02 
287 8611 1.260125e-01 0 0 4.278520e-04 1.058544e-02 1.290704e-02 8.911188e-04 6.185570e-03 3.978968e-02 1.173547e-04 4.106565e-03 1.207267e-02 
288 8641 1.335677e-01 0 0 4.567569e-04 1.106359e-02 1.387253e-02 9.851144e-04 6.347746e-03 4.092283e-02 1.251130e-04 4.345614e-03 1.250875e-02 
289 8671 1.155464e-01 0 0 3.941503e-04 9.255107e-03 1.169118e-02 8.674585e-04 5.409911e-03 3.389827e-02 1.088735e-04 3.771124e-03 1.061919e-02 
290 8701 1.168757e-01 0 0 4.091875e-04 9.208325e-03 1.179533e-02 8.642871e-04 5.428567e-03 3.464167e-02 1.091791e-04 3.836203e-03 1.068792e-02 
291 8731 1.234418e-01 0 0 4.368999e-04 9.554579e-03 1.242929e-02 8.869038e-04 5.819474e-03 3.614663e-02 1.134649e-04 4.003940e-03 1.124996e-02 
292 8761 1.311611e-01 0 0 4.483423e-04 1.066728e-02 1.276204e-02 9.180117e-04 6.451236e-03 4.106997e-02 1.184976e-04 4.367493e-03 1.244304e-02 
293 8791 1.233512e-01 0 0 4.140417e-04 9.759586e-03 1.181858e-02 8.632844e-04 6.014134e-03 3.761571e-02 1.089726e-04 4.329279e-03 1.130536e-02 
294 8821 1.145382e-01 0 0 3.750794e-04 8.751667e-03 1.081132e-02 7.736266e-04 5.357047e-03 3.338486e-02 1.004635e-04 3.880893e-03 1.015067e-02 
295 8851 1.229474e-01 0 0 4.021181e-04 9.179543e-03 1.175215e-02 8.349609e-04 5.803608e-03 3.590555e-02 1.081817e-04 4.178470e-03 1.078994e-02 
296 8881 1.078853e-01 0 0 3.418584e-04 7.807288e-03 1.010797e-02 7.350150e-04 4.991070e-03 3.072655e-02 9.327889e-05 3.631254e-03 9.196148e-03 
297 8911 1.067041e-01 0 0 3.357680e-04 7.658449e-03 9.790788e-03 7.058028e-04 4.954474e-03 3.051325e-02 9.026945e-05 3.669863e-03 9.168782e-03 
298 8941 9.972695e-02 0 0 3.175162e-04 6.878130e-03 9.118364e-03 6.504713e-04 4.529155e-03 2.789231e-02 8.287667e-05 3.375929e-03 8.211604e-03 
299 8971 1.051242e-01 0 0 3.484190e-04 7.508070e-03 9.665257e-03 6.638641e-04 4.747012e-03 2.983356e-02 8.844861e-05 3.517244e-03 8.849626e-03 
300 9001 1.036629e-01 0 0 3.326262e-04 7.255954e-03 9.278522e-03 6.401761e-04 4.776980e-03 2.912591e-02 8.894704e-05 3.486943e-03 8.719575e-03 
301 9031 9.416469e-02 0 0 2.944202e-04 6.607528e-03 8.444843e-03 6.056673e-04 4.227382e-03 2.618034e-02 8.203250e-05 3.087177e-03 8.075518e-03 
302 9061 8.268182e-02 0 0 2.530864e-04 5.692598e-03 7.229044e-03 5.156574e-04 3.686577e-03 2.243402e-02 7.291005e-05 2.612851e-03 7.091607e-03 
303 9091 7.569787e-02 0 0 2.330721e-04 5.086477e-03 6.537124e-03 4.628158e-04 3.329329e-03 2.070188e-02 6.516514e-05 2.274720e-03 6.487457e-03 
304 9121 7.066118e-02 0 0 2.196626e-04 4.831071e-03 6.141026e-03 4.348203e-04 3.053963e-03 1.894892e-02 6.170077e-05 2.090355e-03 6.238688e-03 
305 9151 7.574747e-02 0 0 2.493067e-04 5.254541e-03 6.643892e-03 4.666386e-04 3.191918e-03 2.026049e-02 6.719945e-05 2.238174e-03 6.728735e-03 
306 9181 8.229310e-02 0 0 2.799063e-04 5.896971e-03 7.260199e-03 5.116738e-04 3.422335e-03 2.240331e-02 7.534936e-05 2.345493e-03 7.438858e-03 
307 9211 9.634818e-02 0 0 3.470651e-04 6.637418e-03 8.923638e-03 6.355963e-04 3.894665e-03 2.682481e-02 8.496624e-05 2.844157e-03 8.302759e-03 
308 9241 8.872623e-02 0 0 3.168725e-04 5.836022e-03 8.095829e-03 5.718021e-04 3.436035e-03 2.366662e-02 7.508334e-05 2.634664e-03 7.246385e-03 
309 9271 8.112133e-02 0 0 2.807248e-04 5.146962e-03 7.318514e-03 5.157634e-04 3.055080e-03 2.096612e-02 6.633555e-05 2.314130e-03 6.542860e-03 
310 9301 7.778870e-02 0 0 2.674181e-04 4.767911e-03 7.043472e-03 4.842145e-04 2.893429e-03 1.982441e-02 6.167487e-05 2.231073e-03 6.119772e-03 
311 9331 7.549494e-02 0 0 2.528204e-04 4.526685e-03 6.591411e-03 4.720750e-04 2.872810e-03 1.912728e-02 5.912656e-05 2.229120e-03 5.915800e-03 
312 9361 7.044540e-02 0 0 2.335245e-04 4.054401e-03 5.991505e-03 4.189975e-04 2.573706e-03 1.723628e-02 5.370249e-05 2.029610e-03 5.298613e-03 
313 9391 6.999780e-02 0 0 2.437325e-04 3.997422e-03 5.992766e-03 4.269246e-04 2.699359e-03 1.794591e-02 5.276169e-05 2.031267e-03 5.357758e-03 
314 9421 6.391040e-02 0 0 2.217955e-04 3.522515e-03 5.323025e-03 3.754914e-04 2.432581e-03 1.608778e-02 4.631622e-05 1.909399e-03 4.700899e-03 
315 9451 5.836595e-02 0 0 2.013506e-04 3.142903e-03 4.773981e-03 3.344817e-04 2.147801e-03 1.443122e-02 4.064610e-05 1.692877e-03 4.116611e-03 
316 9481 5.594774e-02 0 0 1.887243e-04 2.997986e-03 4.432584e-03 3.104328e-04 2.029998e-03 1.360266e-02 3.767028e-05 1.604863e-03 3.872396e-03 
317 9511 5.335836e-02 0 0 1.819412e-04 2.844889e-03 4.085807e-03 2.973503e-04 1.975139e-03 1.325047e-02 3.616324e-05 1.569890e-03 3.707890e-03 
318 9541 5.549031e-02 0 0 1.833784e-04 2.913906e-03 4.290148e-03 2.989402e-04 2.013214e-03 1.332373e-02 3.629587e-05 1.620926e-03 3.721118e-03 
319 9571 5.168983e-02 0 0 1.743990e-04 2.618156e-03 3.877325e-03 2.856841e-04 1.833875e-03 1.220275e-02 3.298117e-05 1.498032e-03 3.349321e-03 
320 9601 4.330785e-02 0 0 1.449190e-04 2.145226e-03 3.208574e-03 2.305260e-04 1.501741e-03 9.793868e-03 2.795998e-05 1.220173e-03 2.733194e-03 
321 9631 4.241855e-02 0 0 1.438627e-04 2.103460e-03 3.144894e-03 2.314060e-04 1.455024e-03 9.460750e-03 2.747517e-05 1.164513e-03 2.657734e-03 
322 9661 3.953724e-02 0 0 1.371755e-04 1.901177e-03 3.080869e-03 2.180636e-04 1.322106e-03 8.914702e-03 2.465377e-05 1.074101e-03 2.368108e-03 
323 9691 3.616833e-02 0 0 1.238692e-04 1.677452e-03 2.765172e-03 1.910132e-04 1.177060e-03 7.865804e-03 2.205380e-05 9.580887e-04 2.088826e-03 
324 9721 3.828456e-02 0 0 1.282986e-04 1.792405e-03 2.876320e-03 1.946327e-04 1.327802e-03 8.183073e-03 2.326826e-05 1.026249e-03 2.329380e-03 
325 9751 3.405840e-02 0 0 1.116945e-04 1.551022e-03 2.443364e-03 1.696742e-04 1.175692e-03 6.975042e-03 2.098962e-05 8.801162e-04 2.054642e-03 
326 9781 3.216998e-02 0 0 1.174541e-04 1.412407e-03 2.424687e-03 1.616228e-04 1.085711e-03 6.629762e-03 1.994661e-05 8.522561e-04 1.876232e-03 
327 9811 3.233998e-02 0 0 1.196527e-04 1.408882e-03 2.362289e-03 1.655487e-04 1.107898e-03 6.688634e-03 2.020103e-05 8.432557e-04 1.892008e-03 
328 9841 2.855609e-02 0 0 1.036028e-04 1.248197e-03 2.062181e-03 1.404325e-04 9.445949e-04 5.808358e-03 1.803239e-05 7.281073e-04 1.640958e-03 
329 9871 2.774441e-02 0 0 9.649111e-05 1.266328e-03 1.961468e-03 1.299813e-04 9.217694e-04 5.671858e-03 1.720990e-05 6.870033e-04 1.610818e-03 
330 9901 2.924603e-02 0 0 1.007272e-04 1.373508e-03 2.060022e-03 1.341612e-04 1.011482e-03 5.906827e-03 1.900125e-05 7.467013e-04 1.760281e-03 
331 9931 2.943724e-02 0 0 9.885744e-05 1.345297e-03 1.988581e-03 1.330487e-04 9.850461e-04 5.793134e-03 1.899376e-05 7.336303e-04 1.729997e-03 
332 9961 2.873989e-02 0 0 9.523580e-05 1.273854e-03 2.013999e-03 1.275025e-04 9.507347e-04 5.540011e-03 1.801435e-05 6.856342e-04 1.632143e-03 
333 9991 2.806411e-02 0 0 9.086230e-05 1.212432e-03 1.945581e-03 1.225617e-04 8.822525e-04 5.157819e-03 1.705003e-05 6.439393e-04 1.521388e-03 
334 10021 2.779209e-02 0 0 8.749306e-05 1.167143e-03 1.863612e-03 1.239455e-04 8.460370e-04 4.954778e-03 1.675942e-05 6.111617e-04 1.452450e-03 
335 10051 2.818281e-02 0 0 9.013369e-05 1.135997e-03 1.888199e-03 1.220790e-04 8.454155e-04 5.017979e-03 1.643126e-05 6.098485e-04 1.434766e-03 
336 10081 2.522271e-02 0 0 7.795625e-05 1.030782e-03 1.684976e-03 1.079119e-04 7.685782e-04 4.413924e-03 1.486506e-05 5.492834e-04 1.275710e-03 
337 10111 2.572964e-02 0 0 7.838474e-05 1.061048e-03 1.723193e-03 1.093055e-04 7.708303e-04 4.625774e-03 1.473221e-05 5.429141e-04 1.272664e-03 
338 10141 2.447250e-02 0 0 7.237926e-05 1.034026e-03 1.651300e-03 1.009568e-04 7.404862e-04 4.291529e-03 1.403657e-05 5.100207e-04 1.217544e-03 
339 10171 2.303167e-02 0 0 6.720531e-05 9.801918e-04 1.531411e-03 9.414983e-05 6.775425e-04 4.024892e-03 1.298658e-05 4.635587e-04 1.131566e-03 
340 10201 2.521707e-02 0 0 7.152972e-05 1.087150e-03 1.627126e-03 1.013327e-04 7.591993e-04 4.554040e-03 1.394346e-05 4.985010e-04 1.271798e-03 
341 10231 2.421100e-02 0 0 6.800473e-05 1.020025e-03 1.556585e-03 9.718842e-05 7.004220e-04 4.210915e-03 1.309909e-05 4.728512e-04 1.163771e-03 
342 10261 2.337384e-02 0 0 6.525367e-05 9.946444e-04 1.482500e-03 9.796785e-05 7.851420e-04 4.221024e-03 1.252629e-05 4.987984e-04 1.184641e-03 
343 10291 2.281737e-02 0 0 6.611793e-05 9.434922e-04 1.485824e-03 9.399132e-05 7.357854e-04 3.983073e-03 1.226970e-05 4.718064e-04 1.118787e-03 
344 10321 2.159473e-02 0 0 6.271938e-05 8.719880e-04 1.403223e-03 9.495738e-05 6.687248e-04 3.718961e-03 1.130742e-05 4.349376e-04 1.017303e-03 
345 10351 2.258788e-02 0 0 6.315662e-05 9.034995e-04 1.426628e-03 9.867731e-05 7.552010e-04 3.893673e-03 1.148128e-05 4.568020e-04 1.119238e-03 
346 10381 2.168375e-02 0 0 6.151901e-05 8.287389e-04 1.380944e-03 9.823911e-05 7.215384e-04 3.667571e-03 1.069197e-05 4.385812e-04 1.039858e-03 
347 10411 2.000869e-02 0 0 5.589179e-05 7.692969e-04 1.243542e-03 8.916722e-05 6.682525e-04 3.384863e-03 9.818873e-06 4.029979e-04 9.693469e-04 
348 10441 1.944908e-02 0 0 5.240558e-05 7.546806e-04 1.175293e-03 8.547699e-05 6.541280e-04 3.231243e-03 9.804652e-06 3.882677e-04 9.524906e-04 
349 10471 1.862801e-02 0 0 5.238703e-05 7.047738e-04 1.124444e-03 8.065469e-05 5.978738e-04 3.058932e-03 9.544415e-06 3.613176e-04 8.890667e-04 
350 10501 1.955014e-02 0 0 5.348905e-05 7.213910e-04 1.173294e-03 8.443518e-05 6.198231e-04 3.162433e-03 9.781343e-06 3.835043e-04 9.317597e-04 
351 10531 1.832452e-02 0 0 5.393409e-05 7.040278e-04 1.155189e-03 8.140548e-05 5.996084e-04 3.265962e-03 9.336521e-06 3.643556e-04 9.068784e-04 
352 10561 1.709848e-02 0 0 5.103250e-05 6.652362e-04 1.111075e-03 7.471186e-05 5.648600e-04 2.937920e-03 8.895426e-06 3.510342e-04 8.570479e-04 
353 10591 1.590944e-02 0 0 5.119013e-05 5.971385e-04 1.087485e-03 7.159617e-05 5.111897e-04 2.778048e-03 8.433725e-06 3.145799e-04 7.697792e-04 
354 10621 1.495032e-02 0 0 4.742812e-05 5.619367e-04 9.982663e-04 6.543116e-05 4.829194e-04 2.599557e-03 8.002037e-06 2.916544e-04 7.356133e-04 
355 10651 1.508465e-02 0 0 4.908111e-05 5.932029e-04 1.018096e-03 6.611299e-05 4.973534e-04 2.642534e-03 8.362270e-06 2.939524e-04 7.757180e-04 
356 10681 1.857207e-02 0 0 5.833657e-05 7.379708e-04 1.228100e-03 7.886252e-05 6.316951e-04 3.201006e-03 1.005249e-05 3.589377e-04 9.680137e-04 
357 10711 2.145540e-02 0 0 6.427056e-05 8.786240e-04 1.390816e-03 8.965579e-05 7.092951e-04 3.764924e-03 1.145601e-05 4.152850e-04 1.111835e-03 
358 10741 2.273589e-02 0 0 6.654077e-05 9.408608e-04 1.453987e-03 9.419930e-05 7.936791e-04 4.035564e-03 1.244205e-05 4.450153e-04 1.233264e-03 
359 10771 2.085058e-02 0 0 6.287425e-05 8.373100e-04 1.376521e-03 8.903000e-05 7.123182e-04 3.660055e-03 1.123726e-05 4.045105e-04 1.095487e-03 
360 10801 1.907219e-02 0 0 5.733103e-05 7.350520e-04 1.202675e-03 8.151864e-05 6.294484e-04 3.310898e-03 1.029776e-05 3.662789e-04 9.758967e-04 
361 10831 1.964735e-02 0 0 5.831380e-05 7.497432e-04 1.248640e-03 8.271009e-05 6.381352e-04 3.360150e-03 1.065034e-05 3.708363e-04 9.902536e-04 
362 10861 2.028796e-02 0 0 6.092870e-05 7.711952e-04 1.292123e-03 8.385053e-05 6.397461e-04 3.436564e-03 1.091649e-05 3.739610e-04 9.960675e-04 
363 10891 1.800068e-02 0 0 5.502337e-05 6.954019e-04 1.167561e-03 7.592258e-05 5.744374e-04 2.998493e-03 9.798387e-06 3.333754e-04 9.059844e-04 
364 10921 1.637027e-02 0 0 4.790686e-05 6.249264e-04 1.038925e-03 6.663209e-05 5.194382e-04 2.634641e-03 8.861328e-06 2.923952e-04 8.171649e-04 
365 10951 1.402731e-02 0 0 3.981517e-05 5.276075e-04 8.664523e-04 5.582470e-05 4.414104e-04 2.201092e-03 7.585217e-06 2.493106e-04 6.827673e-04 
366 10981 1.417427e-02 0 0 4.274930e-05 5.357129e-04 9.284691e-04 5.901490e-05 4.500820e-04 2.280570e-03 7.876183e-06 2.437939e-04 7.089918e-04 
367 11011 1.442696e-02 0 0 4.382541e-05 5.582241e-04 9.511808e-04 5.953297e-05 4.457037e-04 2.397221e-03 8.013022e-06 2.497909e-04 7.107636e-04 
368 11041 1.458353e-02 0 0 4.582843e-05 5.639952e-04 9.741476e-04 5.824264e-05 4.611917e-04 2.477466e-03 8.137959e-06 2.540200e-04 7.280038e-04 
369 11071 1.308621e-02 0 0 4.140835e-05 5.094581e-04 8.891747e-04 5.132581e-05 4.023833e-04 2.189432e-03 7.433853e-06 2.252560e-04 6.412462e-04 
370 11101 1.214372e-02 0 0 3.849542e-05 4.615151e-04 8.093174e-04 4.719958e-05 3.594710e-04 2.009980e-03 6.842375e-06 2.114061e-04 5.758566e-04 
371 11131 1.102921e-02 0 0 3.356753e-05 4.254635e-04 7.203809e-04 4.118608e-05 3.505359e-04 1.795218e-03 6.239683e-06 1.945193e-04 5.553160e-04 
372 11161 1.017946e-02 0 0 3.073126e-05 4.038564e-04 6.598552e-04 3.768757e-05 3.176642e-04 1.697308e-03 5.795554e-06 1.767372e-04 5.084099e-04 
373 11191 1.072464e-02 0 0 3.374018e-05 4.222432e-04 7.116358e-04 4.389092e-05 3.232271e-04 1.821926e-03 6.251103e-06 1.825544e-04 5.278237e-04 
374 11221 1.155098e-02 0 0 3.711999e-05 4.433887e-04 7.911251e-04 4.761628e-05 3.464268e-04 1.908355e-03 6.728904e-06 1.911542e-04 5.602704e-04 
375 11251 1.348974e-02 0 0 4.449797e-05 5.168136e-04 9.634600e-04 5.496604e-05 4.379301e-04 2.347684e-03 7.862355e-06 2.145817e-04 6.874986e-04 
376 11281 1.358245e-02 0 0 4.478823e-05 5.083753e-04 9.802580e-04 5.573340e-05 4.297016e-04 2.313987e-03 7.804310e-06 2.071948e-04 6.657749e-04 
377 11311 1.399199e-02 0 0 4.814178e-05 5.182057e-04 1.016000e-03 5.999719e-05 4.401656e-04 2.463458e-03 7.944069e-06 2.265558e-04 6.755147e-04 
378 11341 1.301827e-02 0 0 4.562239e-05 4.747574e-04 9.607084e-04 5.403958e-05 3.926324e-04 2.273030e-03 7.247457e-06 2.121937e-04 6.057411e-04 
379 11371 1.385440e-02 0 0 4.648664e-05 5.043085e-04 1.014291e-03 5.543539e-05 4.005065e-04 2.372512e-03 7.387149e-06 2.174310e-04 6.196599e-04 
380 11401 1.315561e-02 0 0 4.256623e-05 5.048971e-04 9.444011e-04 5.079553e-05 3.709372e-04 2.239730e-03 7.226854e-06 2.020071e-04 5.885243e-04 
381 11431 1.183755e-02 0 0 3.803984e-05 4.585345e-04 8.591081e-04 4.601953e-05 3.272077e-04 1.990010e-03 6.479504e-06 1.778860e-04 5.250457e-04 
382 11461 1.271136e-02 0 0 3.895420e-05 4.839737e-04 9.082888e-04 4.717052e-05 3.513719e-04 2.085722e-03 6.644265e-06 1.836230e-04 5.484859e-04 
383 11491 1.207912e-02 0 0 3.575194e-05 4.542359e-04 8.381034e-04 4.374440e-05 3.227957e-04 1.936991e-03 6.115042e-06 1.683142e-04 5.060345e-04 
384 11521 1.147422e-02 0 0 3.488632e-05 4.266694e-04 8.096041e-04 4.410658e-05 2.923937e-04 1.854835e-03 5.885113e-06 1.602744e-04 4.613031e-04 
385 11551 1.205262e-02 0 0 3.701840e-05 4.459630e-04 8.241459e-04 4.477639e-05 3.133669e-04 1.936751e-03 6.021294e-06 1.692909e-04 4.926059e-04 
386 11581 1.249241e-02 0 0 3.825990e-05 4.825946e-04 8.401077e-04 4.573229e-05 3.408649e-04 2.096103e-03 6.171855e-06 1.741602e-04 5.295220e-04 
387 11611 1.336548e-02 0 0 4.258446e-05 5.165195e-04 8.987741e-04 4.879803e-05 3.625893e-04 2.198363e-03 7.093279e-06 1.942557e-04 5.727632e-04 
388 11641 1.331341e-02 0 0 4.159408e-05 5.062168e-04 8.931169e-04 4.711885e-05 3.483819e-04 2.111113e-03 6.923598e-06 1.940953e-04 5.548744e-04 
389 11671 1.274277e-02 0 0 4.040940e-05 5.018010e-04 8.954250e-04 4.571255e-05 3.288777e-04 2.063868e-03 6.822048e-06 1.856286e-04 5.219496e-04 
390 11701 1.397282e-02 0 0 4.282637e-05 5.331681e-04 9.658527e-04 4.865587e-05 3.469372e-04 2.167437e-03 7.428797e-06 1.972648e-04 5.516039e-04 
391 11731 1.433519e-02 0 0 4.409608e-05 5.357078e-04 9.664382e-04 4.907788e-05 3.623279e-04 2.178035e-03 7.670540e-06 2.193436e-04 5.747510e-04 
392 11761 1.340901e-02 0 0 4.136107e-05 4.989783e-04 8.954043e-04 4.684865e-05 3.365710e-04 2.039266e-03 7.242038e-06 2.084163e-04 5.395117e-04 
393 11791 1.469557e-02 0 0 4.524155e-05 5.524004e-04 1.009839e-03 5.094211e-05 3.880033e-04 2.266034e-03 7.916022e-06 2.278854e-04 5.982407e-04 
394 11821 1.502218e-02 0 0 4.564522e-05 5.685026e-04 1.048029e-03 5.048552e-05 4.151127e-04 2.303451e-03 8.037274e-06 2.282035e-04 6.339580e-04 
395 11851 1.450100e-02 0 0 4.582703e-05 5.711198e-04 1.082539e-03 5.070837e-05 3.885880e-04 2.239894e-03 8.353064e-06 2.110500e-04 6.028205e-04 
396 11881 1.532331e-02 0 0 4.761875e-05 5.935548e-04 1.106825e-03 5.454300e-05 4.137498e-04 2.353044e-03 8.648644e-06 2.418045e-04 6.228595e-04 
