%  columns="iteration, evaluation, void, void, void, xmean" (startseed=206289, 2015/09/2 11:7:18.90)
0 1 0 0 0 1.000000e+00 1.000000e+00 1.000000e+00 1.000000e+00 1.000000e+00 1.000000e+00 1.000000e+00 1.000000e+00 1.000000e+00 
1 31 0 0 0 1.010776e+00 2.405413e+00 7.274175e-01 2.434329e+00 7.372920e-01 6.613332e-01 9.662887e-01 2.012590e+00 9.076641e-01 
2 61 0 0 0 8.528499e-01 2.078820e+00 6.922423e-01 3.288362e+00 7.881138e-01 8.744357e-01 8.982659e-01 2.828832e+00 7.938807e-01 
3 91 0 0 0 1.267180e+00 6.246003e+00 5.149323e-01 4.384468e+00 8.490295e-01 1.107018e+00 1.252813e+00 2.876578e+00 7.048512e-01 
4 121 0 0 0 9.753003e-01 9.140563e+00 7.199789e-01 5.389483e+00 1.019226e+00 1.504189e+00 9.767016e-01 3.498879e+00 8.528331e-01 
5 151 0 0 0 1.804193e+00 7.809575e+00 7.607349e-01 3.887601e+00 1.229265e+00 1.517135e+00 1.036074e+00 3.859622e+00 6.991358e-01 
6 181 0 0 0 1.940877e+00 6.368768e+00 6.567537e-01 3.224556e+00 1.328602e+00 9.959368e-01 8.644962e-01 4.321504e+00 7.067733e-01 
7 211 0 0 0 2.282863e+00 6.538396e+00 6.183611e-01 3.522519e+00 1.605363e+00 1.046883e+00 1.028450e+00 4.964739e+00 7.230547e-01 
8 241 0 0 0 2.269044e+00 8.285976e+00 6.394581e-01 3.303293e+00 1.448181e+00 1.713143e+00 8.843119e-01 4.010485e+00 7.078512e-01 
9 271 0 0 0 2.831242e+00 7.443378e+00 7.519633e-01 4.030844e+00 1.338629e+00 1.926016e+00 9.511305e-01 4.240359e+00 9.199744e-01 
10 301 0 0 0 2.673850e+00 7.975811e+00 9.114434e-01 3.802997e+00 1.335642e+00 1.832072e+00 7.752028e-01 4.195720e+00 9.817514e-01 
11 331 0 0 0 2.935068e+00 1.112260e+01 9.823794e-01 3.744031e+00 1.473580e+00 1.997105e+00 7.702415e-01 4.231899e+00 9.461043e-01 
12 361 0 0 0 2.777029e+00 1.126990e+01 8.353332e-01 4.140828e+00 1.505470e+00 1.665073e+00 9.338020e-01 5.014588e+00 8.290844e-01 
13 391 0 0 0 3.335047e+00 1.215906e+01 1.041521e+00 3.639584e+00 1.509931e+00 2.215703e+00 9.497336e-01 5.705269e+00 8.889209e-01 
14 421 0 0 0 3.322296e+00 1.298922e+01 1.164977e+00 3.648311e+00 1.530884e+00 2.672206e+00 9.476269e-01 7.152587e+00 8.369015e-01 
15 451 0 0 0 3.402992e+00 1.264171e+01 1.143990e+00 3.863423e+00 1.415796e+00 2.590000e+00 1.111466e+00 7.307695e+00 9.264320e-01 
16 481 0 0 0 3.763006e+00 1.218193e+01 1.116130e+00 4.370063e+00 1.484250e+00 2.817832e+00 1.043380e+00 7.850526e+00 9.856784e-01 
17 511 0 0 0 3.378560e+00 1.465821e+01 1.131683e+00 4.258140e+00 1.487641e+00 2.467018e+00 9.642696e-01 6.741136e+00 1.065213e+00 
18 541 0 0 0 3.436958e+00 1.567824e+01 1.170599e+00 4.857507e+00 1.551203e+00 2.878403e+00 1.027878e+00 7.821381e+00 1.111825e+00 
19 571 0 0 0 3.144825e+00 1.392047e+01 1.161763e+00 4.127969e+00 1.627405e+00 2.752002e+00 9.676863e-01 8.551688e+00 1.076078e+00 
20 601 0 0 0 3.482507e+00 1.367302e+01 1.201998e+00 3.795124e+00 1.505174e+00 2.777865e+00 9.894566e-01 8.501457e+00 1.059386e+00 
21 631 0 0 0 3.480954e+00 1.364805e+01 1.184342e+00 4.558106e+00 1.493137e+00 2.929821e+00 9.974578e-01 8.129814e+00 1.098954e+00 
22 661 0 0 0 3.391852e+00 1.546554e+01 1.193750e+00 5.148106e+00 1.557358e+00 3.114032e+00 1.007177e+00 8.158870e+00 1.112567e+00 
23 691 0 0 0 3.340577e+00 1.481427e+01 1.144962e+00 5.265666e+00 1.469746e+00 3.349751e+00 9.913424e-01 7.178150e+00 1.088796e+00 
24 721 0 0 0 3.123326e+00 1.352492e+01 1.125412e+00 5.335266e+00 1.434340e+00 3.054761e+00 9.971214e-01 7.176543e+00 1.068447e+00 
25 751 0 0 0 2.930552e+00 1.416438e+01 1.097030e+00 5.317624e+00 1.442825e+00 3.113919e+00 9.427658e-01 6.779256e+00 1.115537e+00 
26 781 0 0 0 2.927214e+00 1.395393e+01 1.160531e+00 5.117266e+00 1.438087e+00 2.955242e+00 9.387888e-01 6.904879e+00 1.096636e+00 
27 811 0 0 0 2.640718e+00 1.381399e+01 1.135635e+00 5.703551e+00 1.419008e+00 2.997718e+00 8.561043e-01 6.165012e+00 1.133946e+00 
28 841 0 0 0 2.346323e+00 1.455532e+01 1.107007e+00 5.623369e+00 1.448814e+00 2.873522e+00 8.384582e-01 6.016690e+00 1.057531e+00 
29 871 0 0 0 2.272242e+00 1.518193e+01 1.120163e+00 5.064856e+00 1.488199e+00 2.626023e+00 8.250833e-01 6.367519e+00 1.033064e+00 
30 901 0 0 0 2.088298e+00 1.516028e+01 1.170435e+00 5.262254e+00 1.466459e+00 2.658952e+00 7.326580e-01 5.802330e+00 1.118240e+00 
31 931 0 0 0 2.025968e+00 1.564490e+01 1.158355e+00 5.724618e+00 1.420137e+00 2.844996e+00 6.787433e-01 5.346659e+00 1.182242e+00 
32 961 0 0 0 1.614520e+00 1.573982e+01 1.072824e+00 5.942047e+00 1.444924e+00 2.865990e+00 5.613498e-01 4.374643e+00 1.248453e+00 
33 991 0 0 0 1.829354e+00 1.570798e+01 1.190272e+00 5.783726e+00 1.528384e+00 2.626460e+00 6.353357e-01 5.782559e+00 1.271887e+00 
34 1021 0 0 0 1.676336e+00 1.346143e+01 1.087559e+00 5.366565e+00 1.424642e+00 2.434818e+00 6.192428e-01 5.344386e+00 1.231367e+00 
35 1051 0 0 0 1.843989e+00 1.457017e+01 1.088915e+00 4.848939e+00 1.488081e+00 2.193866e+00 6.667143e-01 5.921417e+00 1.217718e+00 
36 1081 0 0 0 1.635279e+00 1.418362e+01 1.106753e+00 5.156444e+00 1.548860e+00 2.183411e+00 6.074822e-01 6.161483e+00 1.259117e+00 
37 1111 0 0 0 1.587506e+00 1.273900e+01 1.038301e+00 4.922841e+00 1.482534e+00 2.150411e+00 5.839170e-01 5.605524e+00 1.275171e+00 
38 1141 0 0 0 1.262134e+00 1.339847e+01 1.019619e+00 4.447410e+00 1.461818e+00 1.815607e+00 5.318435e-01 5.142283e+00 1.223918e+00 
39 1171 0 0 0 1.341207e+00 1.271366e+01 1.078028e+00 4.307429e+00 1.465958e+00 1.721658e+00 5.564588e-01 5.708860e+00 1.211130e+00 
40 1201 0 0 0 1.259971e+00 1.234532e+01 1.092014e+00 4.694386e+00 1.528058e+00 1.789561e+00 4.993126e-01 5.358436e+00 1.279626e+00 
41 1231 0 0 0 1.164629e+00 1.314014e+01 1.100985e+00 4.656357e+00 1.558174e+00 1.988784e+00 4.187127e-01 4.660521e+00 1.268422e+00 
42 1261 0 0 0 1.644197e+00 1.333176e+01 1.161531e+00 4.714236e+00 1.556603e+00 2.194812e+00 5.087717e-01 4.719653e+00 1.255026e+00 
43 1291 0 0 0 1.419183e+00 1.267596e+01 1.148289e+00 4.489872e+00 1.574283e+00 2.299540e+00 4.558606e-01 5.089740e+00 1.275809e+00 
44 1321 0 0 0 1.144426e+00 1.301534e+01 1.095626e+00 4.630964e+00 1.603102e+00 2.370467e+00 4.004228e-01 4.815168e+00 1.260557e+00 
45 1351 0 0 0 1.120792e+00 1.238018e+01 1.047057e+00 4.545628e+00 1.490904e+00 2.178950e+00 3.896477e-01 4.163963e+00 1.256029e+00 
46 1381 0 0 0 1.157400e+00 1.192637e+01 1.094083e+00 4.647155e+00 1.491003e+00 2.134826e+00 3.978533e-01 4.257207e+00 1.244690e+00 
47 1411 0 0 0 9.828724e-01 1.165427e+01 1.004451e+00 4.688172e+00 1.461394e+00 2.067345e+00 3.718428e-01 3.734732e+00 1.244910e+00 
48 1441 0 0 0 8.753816e-01 1.231155e+01 1.014241e+00 4.564694e+00 1.428459e+00 2.170574e+00 3.233745e-01 3.390388e+00 1.298437e+00 
49 1471 0 0 0 6.084240e-01 1.284871e+01 1.016980e+00 4.178560e+00 1.419601e+00 2.206349e+00 2.413069e-01 3.087031e+00 1.307423e+00 
50 1501 0 0 0 6.758578e-01 1.209745e+01 1.010940e+00 3.704557e+00 1.384979e+00 2.161515e+00 2.529543e-01 3.235418e+00 1.300071e+00 
51 1531 0 0 0 9.774390e-01 1.189541e+01 1.060646e+00 3.251832e+00 1.368770e+00 2.118854e+00 3.070405e-01 3.396322e+00 1.254112e+00 
52 1561 0 0 0 7.429049e-01 1.287587e+01 1.065718e+00 3.558905e+00 1.400073e+00 2.320778e+00 2.428883e-01 3.041545e+00 1.276484e+00 
53 1591 0 0 0 6.030705e-01 1.315512e+01 1.068700e+00 3.571421e+00 1.436636e+00 2.268983e+00 2.153341e-01 3.097312e+00 1.287081e+00 
54 1621 0 0 0 6.299498e-01 1.309963e+01 1.061259e+00 3.352395e+00 1.451772e+00 2.179823e+00 2.215850e-01 3.238318e+00 1.296415e+00 
55 1651 0 0 0 4.888212e-01 1.277786e+01 1.064701e+00 2.917949e+00 1.416468e+00 2.077763e+00 1.694634e-01 2.833722e+00 1.295553e+00 
56 1681 0 0 0 3.132390e-01 1.294969e+01 9.996077e-01 3.112473e+00 1.427698e+00 2.141715e+00 1.210281e-01 2.525726e+00 1.298796e+00 
57 1711 0 0 0 3.757753e-01 1.294493e+01 9.940467e-01 3.403815e+00 1.422745e+00 2.088910e+00 1.552761e-01 2.671649e+00 1.312308e+00 
58 1741 0 0 0 2.870330e-01 1.317950e+01 1.000016e+00 3.489780e+00 1.402904e+00 2.276087e+00 1.259737e-01 2.382126e+00 1.332010e+00 
59 1771 0 0 0 3.046846e-01 1.304702e+01 1.000938e+00 3.113776e+00 1.369677e+00 2.178936e+00 1.150021e-01 2.260206e+00 1.331279e+00 
60 1801 0 0 0 1.909753e-01 1.344360e+01 1.046714e+00 2.965456e+00 1.393713e+00 2.263762e+00 8.448216e-02 2.251267e+00 1.305919e+00 
61 1831 0 0 0 2.862032e-01 1.298010e+01 1.041960e+00 2.695112e+00 1.383621e+00 2.177419e+00 1.020943e-01 2.198043e+00 1.277736e+00 
62 1861 0 0 0 2.594212e-01 1.364435e+01 1.000668e+00 3.029805e+00 1.418419e+00 2.216941e+00 9.795049e-02 2.020112e+00 1.280912e+00 
63 1891 0 0 0 2.067353e-01 1.361934e+01 9.899609e-01 2.721226e+00 1.405465e+00 2.170799e+00 7.806040e-02 1.809930e+00 1.280603e+00 
64 1921 0 0 0 2.070386e-01 1.395447e+01 1.035907e+00 2.918271e+00 1.407975e+00 2.306626e+00 7.781110e-02 1.915426e+00 1.285506e+00 
65 1951 0 0 0 1.411113e-01 1.433741e+01 1.044891e+00 2.896580e+00 1.419555e+00 2.342833e+00 6.194349e-02 1.907920e+00 1.289490e+00 
66 1981 0 0 0 1.535757e-01 1.490823e+01 1.085017e+00 3.048659e+00 1.445076e+00 2.426516e+00 6.396826e-02 1.961428e+00 1.279091e+00 
67 2011 0 0 0 1.662755e-01 1.505394e+01 1.106597e+00 2.791667e+00 1.446112e+00 2.373653e+00 5.983864e-02 1.750930e+00 1.242226e+00 
68 2041 0 0 0 1.486121e-01 1.531410e+01 1.100088e+00 2.767145e+00 1.445126e+00 2.409741e+00 5.439435e-02 1.653745e+00 1.241251e+00 
69 2071 0 0 0 1.059792e-01 1.529745e+01 1.138172e+00 2.534161e+00 1.438531e+00 2.393355e+00 4.299242e-02 1.859626e+00 1.252011e+00 
70 2101 0 0 0 1.172830e-01 1.536295e+01 1.171193e+00 2.398677e+00 1.433377e+00 2.344447e+00 4.480414e-02 1.812172e+00 1.246456e+00 
71 2131 0 0 0 1.177067e-01 1.543876e+01 1.191289e+00 2.119148e+00 1.455063e+00 2.240732e+00 3.985735e-02 1.812061e+00 1.228741e+00 
72 2161 0 0 0 1.587654e-01 1.536992e+01 1.228651e+00 1.896210e+00 1.458623e+00 2.195695e+00 4.429352e-02 1.704818e+00 1.190590e+00 
73 2191 0 0 0 1.532246e-01 1.591770e+01 1.258899e+00 1.885838e+00 1.467062e+00 2.253103e+00 4.319822e-02 1.633390e+00 1.181059e+00 
74 2221 0 0 0 1.771673e-01 1.566452e+01 1.253454e+00 1.820305e+00 1.443427e+00 2.164973e+00 5.058301e-02 1.631165e+00 1.210299e+00 
75 2251 0 0 0 1.977899e-01 1.538220e+01 1.246639e+00 1.937563e+00 1.410762e+00 2.154497e+00 4.573640e-02 1.330659e+00 1.238012e+00 
76 2281 0 0 0 2.686702e-01 1.435354e+01 1.165748e+00 2.490841e+00 1.371307e+00 2.205319e+00 6.596563e-02 1.285799e+00 1.279339e+00 
77 2311 0 0 0 1.925869e-01 1.382467e+01 1.141716e+00 2.715514e+00 1.410227e+00 2.280391e+00 6.048639e-02 1.516040e+00 1.243841e+00 
78 2341 0 0 0 1.588912e-01 1.380417e+01 1.180140e+00 2.492222e+00 1.426781e+00 2.238156e+00 4.173705e-02 1.372496e+00 1.227341e+00 
79 2371 0 0 0 1.652716e-01 1.429268e+01 1.179016e+00 2.423965e+00 1.434144e+00 2.292327e+00 4.376376e-02 1.229339e+00 1.185662e+00 
80 2401 0 0 0 1.717507e-01 1.296263e+01 1.139310e+00 2.129351e+00 1.398472e+00 2.039980e+00 4.676597e-02 1.208303e+00 1.192168e+00 
81 2431 0 0 0 1.947192e-01 1.214673e+01 1.087855e+00 2.465624e+00 1.381940e+00 1.960689e+00 5.540358e-02 1.323429e+00 1.248673e+00 
82 2461 0 0 0 2.050542e-01 1.188498e+01 1.088285e+00 2.416612e+00 1.358326e+00 1.876745e+00 5.712730e-02 1.351013e+00 1.268656e+00 
83 2491 0 0 0 1.401267e-01 1.229311e+01 1.128023e+00 1.918414e+00 1.381350e+00 1.838577e+00 3.823935e-02 1.433818e+00 1.253598e+00 
84 2521 0 0 0 1.071061e-01 1.205257e+01 1.079732e+00 1.776754e+00 1.363995e+00 1.868956e+00 2.692444e-02 1.311706e+00 1.258798e+00 
85 2551 0 0 0 1.447066e-01 1.255189e+01 1.120150e+00 1.725320e+00 1.338704e+00 1.923804e+00 3.215591e-02 1.255932e+00 1.278573e+00 
86 2581 0 0 0 1.191455e-01 1.276446e+01 1.112671e+00 1.908448e+00 1.344617e+00 2.037813e+00 2.923523e-02 1.163631e+00 1.265215e+00 
87 2611 0 0 0 1.110924e-01 1.283996e+01 1.130090e+00 1.956765e+00 1.342337e+00 2.157457e+00 3.034951e-02 1.337481e+00 1.259534e+00 
88 2641 0 0 0 1.255384e-01 1.242406e+01 1.132582e+00 1.609055e+00 1.317288e+00 2.130747e+00 3.009419e-02 1.275094e+00 1.234684e+00 
89 2671 0 0 0 1.333021e-01 1.238722e+01 1.164587e+00 1.560156e+00 1.348675e+00 2.194996e+00 2.921296e-02 1.425453e+00 1.221724e+00 
90 2701 0 0 0 1.462570e-01 1.292482e+01 1.160262e+00 1.253245e+00 1.322770e+00 2.121905e+00 2.751346e-02 1.312281e+00 1.242296e+00 
91 2731 0 0 0 1.456459e-01 1.309889e+01 1.148099e+00 1.613051e+00 1.341103e+00 2.226361e+00 3.140271e-02 1.362323e+00 1.256266e+00 
92 2761 0 0 0 1.293815e-01 1.344257e+01 1.100096e+00 1.643327e+00 1.333681e+00 2.231268e+00 2.826426e-02 1.278822e+00 1.281016e+00 
93 2791 0 0 0 1.297872e-01 1.303144e+01 1.035290e+00 1.660377e+00 1.310542e+00 2.194211e+00 2.727426e-02 1.137352e+00 1.298361e+00 
94 2821 0 0 0 1.208977e-01 1.343314e+01 1.042551e+00 1.569503e+00 1.319525e+00 2.160296e+00 2.371803e-02 1.150292e+00 1.304439e+00 
95 2851 0 0 0 1.072846e-01 1.392562e+01 1.064869e+00 1.280674e+00 1.321803e+00 2.136089e+00 1.918165e-02 1.206192e+00 1.296881e+00 
96 2881 0 0 0 1.181133e-01 1.482291e+01 1.054578e+00 1.165980e+00 1.318791e+00 2.095113e+00 1.804541e-02 1.092232e+00 1.329287e+00 
97 2911 0 0 0 1.280996e-01 1.479712e+01 1.040030e+00 1.178109e+00 1.312559e+00 2.068424e+00 2.157761e-02 1.097634e+00 1.343150e+00 
98 2941 0 0 0 1.272177e-01 1.397971e+01 1.001557e+00 1.194750e+00 1.291448e+00 2.031442e+00 1.923951e-02 9.889554e-01 1.342478e+00 
99 2971 0 0 0 1.432241e-01 1.367279e+01 1.012223e+00 1.315733e+00 1.277958e+00 2.085314e+00 2.075635e-02 8.483611e-01 1.333696e+00 
100 3001 0 0 0 1.108578e-01 1.319156e+01 1.020649e+00 1.468615e+00 1.271604e+00 2.046045e+00 1.636428e-02 8.469851e-01 1.335229e+00 
101 3031 0 0 0 1.161850e-01 1.297327e+01 1.031798e+00 1.646256e+00 1.297867e+00 2.032583e+00 1.814311e-02 8.554821e-01 1.334765e+00 
102 3061 0 0 0 1.097346e-01 1.291018e+01 1.039862e+00 1.691856e+00 1.314353e+00 2.076161e+00 1.591523e-02 7.995059e-01 1.310462e+00 
103 3091 0 0 0 1.231788e-01 1.293433e+01 1.028548e+00 1.639484e+00 1.318555e+00 1.982297e+00 1.856134e-02 7.855638e-01 1.321537e+00 
104 3121 0 0 0 1.056124e-01 1.293008e+01 1.015107e+00 1.606780e+00 1.307165e+00 1.945405e+00 1.343434e-02 7.080112e-01 1.319698e+00 
105 3151 0 0 0 1.154423e-01 1.275239e+01 1.033216e+00 1.477852e+00 1.287968e+00 1.866473e+00 1.344967e-02 6.136423e-01 1.305191e+00 
106 3181 0 0 0 1.082253e-01 1.267953e+01 1.027257e+00 1.729299e+00 1.281628e+00 1.930828e+00 1.405969e-02 6.263123e-01 1.319881e+00 
107 3211 0 0 0 1.111365e-01 1.278390e+01 1.047314e+00 1.778151e+00 1.298913e+00 1.983934e+00 1.473241e-02 6.423914e-01 1.312178e+00 
108 3241 0 0 0 1.040313e-01 1.285678e+01 1.049177e+00 1.940264e+00 1.298680e+00 1.998540e+00 1.446044e-02 6.092740e-01 1.319108e+00 
109 3271 0 0 0 1.023948e-01 1.292344e+01 1.064223e+00 1.810978e+00 1.311963e+00 1.988842e+00 1.458087e-02 6.742702e-01 1.296326e+00 
110 3301 0 0 0 1.038792e-01 1.344480e+01 1.065771e+00 1.631991e+00 1.319935e+00 2.008841e+00 1.315303e-02 6.638119e-01 1.290480e+00 
111 3331 0 0 0 1.025380e-01 1.347645e+01 1.065719e+00 1.759155e+00 1.329133e+00 2.099566e+00 1.341086e-02 6.457198e-01 1.278995e+00 
112 3361 0 0 0 1.059680e-01 1.420180e+01 1.078963e+00 1.718299e+00 1.339431e+00 2.164900e+00 1.410629e-02 6.741254e-01 1.271583e+00 
113 3391 0 0 0 1.009529e-01 1.430094e+01 1.075227e+00 1.826305e+00 1.355589e+00 2.196518e+00 1.251740e-02 6.362053e-01 1.271871e+00 
114 3421 0 0 0 9.803902e-02 1.412239e+01 1.056671e+00 1.782743e+00 1.342861e+00 2.175118e+00 1.342786e-02 6.967170e-01 1.288035e+00 
115 3451 0 0 0 9.695032e-02 1.387118e+01 1.030512e+00 1.743718e+00 1.333106e+00 2.113701e+00 1.327711e-02 6.937208e-01 1.301018e+00 
116 3481 0 0 0 9.678291e-02 1.395638e+01 1.026804e+00 1.665972e+00 1.333747e+00 2.091681e+00 1.303061e-02 7.003831e-01 1.292616e+00 
117 3511 0 0 0 9.699710e-02 1.377932e+01 1.011485e+00 1.619563e+00 1.319078e+00 2.035535e+00 1.211319e-02 6.456600e-01 1.300134e+00 
118 3541 0 0 0 9.299153e-02 1.414796e+01 1.022780e+00 1.641283e+00 1.328413e+00 2.057878e+00 1.217440e-02 6.848681e-01 1.298277e+00 
119 3571 0 0 0 9.686470e-02 1.434208e+01 1.038161e+00 1.586022e+00 1.339405e+00 2.059727e+00 1.214506e-02 6.821541e-01 1.292499e+00 
120 3601 0 0 0 9.296218e-02 1.430133e+01 1.035563e+00 1.532798e+00 1.340609e+00 2.014321e+00 1.221204e-02 7.217887e-01 1.296793e+00 
121 3631 0 0 0 9.706930e-02 1.440331e+01 1.049883e+00 1.504139e+00 1.358381e+00 2.005601e+00 1.244413e-02 7.341271e-01 1.288291e+00 
122 3661 0 0 0 9.409259e-02 1.454451e+01 1.057227e+00 1.552181e+00 1.355919e+00 2.038040e+00 1.204230e-02 7.295869e-01 1.287675e+00 
123 3691 0 0 0 1.004658e-01 1.448450e+01 1.072934e+00 1.433350e+00 1.349380e+00 2.001428e+00 1.228567e-02 7.344038e-01 1.287458e+00 
124 3721 0 0 0 9.556812e-02 1.454998e+01 1.064849e+00 1.427825e+00 1.361191e+00 2.015233e+00 1.219003e-02 7.894204e-01 1.286077e+00 
125 3751 0 0 0 9.640178e-02 1.442116e+01 1.071845e+00 1.503325e+00 1.351147e+00 2.023229e+00 1.220791e-02 7.355899e-01 1.284579e+00 
126 3781 0 0 0 9.099314e-02 1.421411e+01 1.056774e+00 1.599173e+00 1.353238e+00 2.047975e+00 1.228853e-02 7.441840e-01 1.285611e+00 
127 3811 0 0 0 9.099736e-02 1.434423e+01 1.058487e+00 1.603684e+00 1.350716e+00 2.060243e+00 1.241251e-02 7.442157e-01 1.290290e+00 
128 3841 0 0 0 9.146006e-02 1.420480e+01 1.059550e+00 1.648712e+00 1.349369e+00 2.074970e+00 1.219768e-02 7.107027e-01 1.282560e+00 
129 3871 0 0 0 9.221083e-02 1.431376e+01 1.057287e+00 1.650885e+00 1.347707e+00 2.095615e+00 1.215274e-02 7.041920e-01 1.283271e+00 
130 3901 0 0 0 8.972997e-02 1.436077e+01 1.051726e+00 1.607175e+00 1.347403e+00 2.088665e+00 1.199962e-02 7.311358e-01 1.284300e+00 
131 3931 0 0 0 9.042826e-02 1.444687e+01 1.054531e+00 1.592430e+00 1.349118e+00 2.094085e+00 1.199852e-02 7.327830e-01 1.281849e+00 
132 3961 0 0 0 8.866486e-02 1.441700e+01 1.053512e+00 1.624619e+00 1.353316e+00 2.103742e+00 1.212285e-02 7.435939e-01 1.282180e+00 
133 3991 0 0 0 8.874279e-02 1.440306e+01 1.047057e+00 1.637814e+00 1.354567e+00 2.093208e+00 1.218556e-02 7.393296e-01 1.286435e+00 
134 4021 0 0 0 8.873122e-02 1.426902e+01 1.049497e+00 1.660620e+00 1.354337e+00 2.086217e+00 1.223656e-02 7.335703e-01 1.285422e+00 
135 4051 0 0 0 8.963525e-02 1.414791e+01 1.052225e+00 1.660791e+00 1.356268e+00 2.073178e+00 1.227739e-02 7.293111e-01 1.283561e+00 
136 4081 0 0 0 9.026036e-02 1.425538e+01 1.052096e+00 1.654767e+00 1.354953e+00 2.087670e+00 1.208957e-02 7.196726e-01 1.283775e+00 
137 4111 0 0 0 8.946779e-02 1.417521e+01 1.052153e+00 1.695403e+00 1.353882e+00 2.104673e+00 1.203884e-02 7.124008e-01 1.281888e+00 
138 4141 0 0 0 8.955841e-02 1.419546e+01 1.050524e+00 1.704619e+00 1.356034e+00 2.112690e+00 1.225261e-02 7.175765e-01 1.282658e+00 
139 4171 0 0 0 8.873270e-02 1.429218e+01 1.058116e+00 1.650844e+00 1.355192e+00 2.093988e+00 1.210534e-02 7.362120e-01 1.283222e+00 
140 4201 0 0 0 8.765310e-02 1.436512e+01 1.059091e+00 1.664207e+00 1.354504e+00 2.114026e+00 1.211488e-02 7.394812e-01 1.282415e+00 
141 4231 0 0 0 8.731155e-02 1.447768e+01 1.067399e+00 1.623185e+00 1.358089e+00 2.106893e+00 1.202432e-02 7.561137e-01 1.278972e+00 
142 4261 0 0 0 8.764259e-02 1.440509e+01 1.061126e+00 1.641147e+00 1.354349e+00 2.109470e+00 1.203425e-02 7.441355e-01 1.280921e+00 
143 4291 0 0 0 8.839528e-02 1.447983e+01 1.059597e+00 1.603279e+00 1.351680e+00 2.105842e+00 1.195440e-02 7.445105e-01 1.282805e+00 
144 4321 0 0 0 8.859757e-02 1.452167e+01 1.064950e+00 1.600693e+00 1.351495e+00 2.119066e+00 1.194241e-02 7.448510e-01 1.279935e+00 
145 4351 0 0 0 8.800863e-02 1.456860e+01 1.067034e+00 1.595764e+00 1.349348e+00 2.118140e+00 1.200891e-02 7.517400e-01 1.280923e+00 
146 4381 0 0 0 8.801233e-02 1.440815e+01 1.060892e+00 1.632199e+00 1.350463e+00 2.110509e+00 1.207649e-02 7.419965e-01 1.280450e+00 
147 4411 0 0 0 8.652447e-02 1.447806e+01 1.059336e+00 1.633051e+00 1.351314e+00 2.116575e+00 1.205275e-02 7.538800e-01 1.281484e+00 
148 4441 0 0 0 8.667924e-02 1.451335e+01 1.061354e+00 1.603188e+00 1.351917e+00 2.106820e+00 1.198464e-02 7.596633e-01 1.281424e+00 
149 4471 0 0 0 8.753290e-02 1.446960e+01 1.060978e+00 1.596369e+00 1.349568e+00 2.102413e+00 1.196919e-02 7.529117e-01 1.281181e+00 
150 4501 0 0 0 8.824817e-02 1.443174e+01 1.058775e+00 1.598831e+00 1.349314e+00 2.100469e+00 1.204135e-02 7.485899e-01 1.281825e+00 
151 4531 0 0 0 8.766885e-02 1.442311e+01 1.051687e+00 1.616573e+00 1.347156e+00 2.111574e+00 1.199840e-02 7.423333e-01 1.282885e+00 
152 4561 0 0 0 8.681627e-02 1.438836e+01 1.047087e+00 1.620279e+00 1.344953e+00 2.104500e+00 1.204508e-02 7.463499e-01 1.284617e+00 
153 4591 0 0 0 8.755853e-02 1.434314e+01 1.045800e+00 1.635513e+00 1.343406e+00 2.108495e+00 1.201463e-02 7.315501e-01 1.283683e+00 
154 4621 0 0 0 8.760282e-02 1.433799e+01 1.046860e+00 1.624520e+00 1.341184e+00 2.096705e+00 1.196583e-02 7.291196e-01 1.285307e+00 
155 4651 0 0 0 8.792085e-02 1.433213e+01 1.051488e+00 1.634331e+00 1.343333e+00 2.096085e+00 1.202843e-02 7.292176e-01 1.283628e+00 
156 4681 0 0 0 8.899641e-02 1.440177e+01 1.054263e+00 1.609501e+00 1.343461e+00 2.091781e+00 1.207857e-02 7.312541e-01 1.284235e+00 
157 4711 0 0 0 8.841647e-02 1.439913e+01 1.056666e+00 1.618760e+00 1.342533e+00 2.101903e+00 1.204075e-02 7.325553e-01 1.281951e+00 
158 4741 0 0 0 8.960744e-02 1.427417e+01 1.056321e+00 1.624528e+00 1.340347e+00 2.087282e+00 1.211196e-02 7.218044e-01 1.283076e+00 
159 4771 0 0 0 8.945435e-02 1.437017e+01 1.058674e+00 1.627531e+00 1.342912e+00 2.105166e+00 1.208040e-02 7.244478e-01 1.280590e+00 
160 4801 0 0 0 9.075581e-02 1.434688e+01 1.059743e+00 1.603597e+00 1.343353e+00 2.083924e+00 1.218210e-02 7.262110e-01 1.282946e+00 
161 4831 0 0 0 8.990890e-02 1.439980e+01 1.060261e+00 1.596629e+00 1.342782e+00 2.091391e+00 1.214284e-02 7.330649e-01 1.282516e+00 
162 4861 0 0 0 8.967477e-02 1.436317e+01 1.061611e+00 1.603375e+00 1.340880e+00 2.093584e+00 1.211545e-02 7.309024e-01 1.281440e+00 
163 4891 0 0 0 8.935272e-02 1.436496e+01 1.061307e+00 1.592723e+00 1.340295e+00 2.096141e+00 1.207436e-02 7.351343e-01 1.280024e+00 
164 4921 0 0 0 8.905038e-02 1.442310e+01 1.058703e+00 1.598896e+00 1.339044e+00 2.110463e+00 1.209765e-02 7.339034e-01 1.280296e+00 
165 4951 0 0 0 8.894640e-02 1.438793e+01 1.057265e+00 1.597046e+00 1.339798e+00 2.104895e+00 1.207748e-02 7.353504e-01 1.280527e+00 
166 4981 0 0 0 8.890496e-02 1.438917e+01 1.054035e+00 1.594315e+00 1.338929e+00 2.109379e+00 1.202792e-02 7.326670e-01 1.279617e+00 
167 5011 0 0 0 8.881708e-02 1.435519e+01 1.050088e+00 1.603310e+00 1.340865e+00 2.108428e+00 1.204202e-02 7.319862e-01 1.280024e+00 
168 5041 0 0 0 8.806699e-02 1.433691e+01 1.051541e+00 1.599396e+00 1.339328e+00 2.113978e+00 1.196939e-02 7.362418e-01 1.278196e+00 
169 5071 0 0 0 8.875421e-02 1.431247e+01 1.054416e+00 1.591629e+00 1.338387e+00 2.104833e+00 1.198685e-02 7.337545e-01 1.279169e+00 
170 5101 0 0 0 8.854674e-02 1.428225e+01 1.049030e+00 1.601280e+00 1.337223e+00 2.103211e+00 1.202232e-02 7.305732e-01 1.279863e+00 
171 5131 0 0 0 8.793639e-02 1.428566e+01 1.052966e+00 1.606956e+00 1.337499e+00 2.111720e+00 1.203017e-02 7.363598e-01 1.277847e+00 
172 5161 0 0 0 8.859392e-02 1.432045e+01 1.056295e+00 1.594991e+00 1.338814e+00 2.111853e+00 1.199291e-02 7.350998e-01 1.276444e+00 
173 5191 0 0 0 8.900058e-02 1.431765e+01 1.057512e+00 1.588748e+00 1.338837e+00 2.108617e+00 1.200710e-02 7.346008e-01 1.276158e+00 
174 5221 0 0 0 8.941605e-02 1.433541e+01 1.056292e+00 1.584264e+00 1.337266e+00 2.112509e+00 1.198720e-02 7.300676e-01 1.276167e+00 
175 5251 0 0 0 8.966062e-02 1.430393e+01 1.057506e+00 1.598001e+00 1.337504e+00 2.107441e+00 1.205871e-02 7.266774e-01 1.276832e+00 
176 5281 0 0 0 8.987597e-02 1.432345e+01 1.059454e+00 1.598289e+00 1.338424e+00 2.104828e+00 1.209412e-02 7.273835e-01 1.276975e+00 
177 5311 0 0 0 8.968329e-02 1.427415e+01 1.061565e+00 1.598995e+00 1.338961e+00 2.098044e+00 1.207153e-02 7.290098e-01 1.276839e+00 
178 5341 0 0 0 9.007827e-02 1.425611e+01 1.060310e+00 1.597202e+00 1.339149e+00 2.099106e+00 1.206314e-02 7.264974e-01 1.276342e+00 
179 5371 0 0 0 9.048727e-02 1.425597e+01 1.060530e+00 1.596327e+00 1.338008e+00 2.098578e+00 1.206376e-02 7.226985e-01 1.277500e+00 
180 5401 0 0 0 9.029583e-02 1.426616e+01 1.059203e+00 1.596059e+00 1.338122e+00 2.098074e+00 1.208710e-02 7.250998e-01 1.277859e+00 
181 5431 0 0 0 9.009849e-02 1.424116e+01 1.057249e+00 1.604183e+00 1.339264e+00 2.096906e+00 1.206534e-02 7.240443e-01 1.277842e+00 
182 5461 0 0 0 8.994318e-02 1.421235e+01 1.055512e+00 1.608983e+00 1.337512e+00 2.093398e+00 1.210660e-02 7.233324e-01 1.279215e+00 
183 5491 0 0 0 9.031245e-02 1.423692e+01 1.055210e+00 1.601938e+00 1.336751e+00 2.098655e+00 1.207235e-02 7.208095e-01 1.278961e+00 
184 5521 0 0 0 9.097594e-02 1.422604e+01 1.056444e+00 1.594566e+00 1.336094e+00 2.092364e+00 1.210374e-02 7.182623e-01 1.279448e+00 
185 5551 0 0 0 9.089043e-02 1.422975e+01 1.054804e+00 1.598999e+00 1.337292e+00 2.094203e+00 1.209015e-02 7.175019e-01 1.279655e+00 
186 5581 0 0 0 9.128710e-02 1.422222e+01 1.054861e+00 1.596271e+00 1.337849e+00 2.089387e+00 1.212832e-02 7.169662e-01 1.279737e+00 
187 5611 0 0 0 9.120646e-02 1.421676e+01 1.054969e+00 1.593755e+00 1.338989e+00 2.088987e+00 1.210788e-02 7.190464e-01 1.278577e+00 
188 5641 0 0 0 9.071092e-02 1.422264e+01 1.056216e+00 1.596731e+00 1.338711e+00 2.094338e+00 1.208338e-02 7.218372e-01 1.278039e+00 
189 5671 0 0 0 9.054091e-02 1.424080e+01 1.057676e+00 1.593151e+00 1.338888e+00 2.093804e+00 1.209534e-02 7.252045e-01 1.277997e+00 
190 5701 0 0 0 9.022024e-02 1.422379e+01 1.055561e+00 1.593428e+00 1.338740e+00 2.091833e+00 1.209039e-02 7.268740e-01 1.278554e+00 
191 5731 0 0 0 8.988023e-02 1.421116e+01 1.055161e+00 1.592118e+00 1.338417e+00 2.090606e+00 1.207181e-02 7.289349e-01 1.278578e+00 
192 5761 0 0 0 9.031681e-02 1.421499e+01 1.054867e+00 1.589333e+00 1.338909e+00 2.088941e+00 1.209240e-02 7.274615e-01 1.278577e+00 
193 5791 0 0 0 9.014722e-02 1.421746e+01 1.053453e+00 1.587881e+00 1.338814e+00 2.088966e+00 1.207361e-02 7.282737e-01 1.279276e+00 
194 5821 0 0 0 8.996198e-02 1.422636e+01 1.051911e+00 1.584875e+00 1.338867e+00 2.090705e+00 1.204775e-02 7.294733e-01 1.279460e+00 
195 5851 0 0 0 9.014492e-02 1.423794e+01 1.052796e+00 1.583655e+00 1.339060e+00 2.089932e+00 1.206550e-02 7.294641e-01 1.279326e+00 
196 5881 0 0 0 8.992701e-02 1.423672e+01 1.053843e+00 1.581486e+00 1.338862e+00 2.089537e+00 1.205850e-02 7.318196e-01 1.279216e+00 
197 5911 0 0 0 9.016404e-02 1.425438e+01 1.055515e+00 1.577312e+00 1.338874e+00 2.089757e+00 1.206141e-02 7.316758e-01 1.278642e+00 
198 5941 0 0 0 9.005057e-02 1.426230e+01 1.055732e+00 1.576792e+00 1.338431e+00 2.089165e+00 1.206842e-02 7.324300e-01 1.279168e+00 
199 5971 0 0 0 8.997824e-02 1.423940e+01 1.054290e+00 1.583188e+00 1.338613e+00 2.088088e+00 1.207581e-02 7.309537e-01 1.279325e+00 
200 6001 0 0 0 8.983108e-02 1.423785e+01 1.054371e+00 1.584694e+00 1.338480e+00 2.088068e+00 1.206474e-02 7.310138e-01 1.279399e+00 
201 6031 0 0 0 8.986405e-02 1.422675e+01 1.053968e+00 1.587294e+00 1.338727e+00 2.087141e+00 1.206013e-02 7.299196e-01 1.279455e+00 
202 6061 0 0 0 9.011014e-02 1.422670e+01 1.055015e+00 1.585523e+00 1.338405e+00 2.086400e+00 1.207507e-02 7.291729e-01 1.279476e+00 
203 6091 0 0 0 9.006106e-02 1.423762e+01 1.053005e+00 1.586261e+00 1.338251e+00 2.087912e+00 1.208359e-02 7.288303e-01 1.280181e+00 
204 6121 0 0 0 8.973016e-02 1.422857e+01 1.052005e+00 1.589673e+00 1.338520e+00 2.088595e+00 1.206771e-02 7.299135e-01 1.280361e+00 
205 6151 0 0 0 8.986870e-02 1.423111e+01 1.052388e+00 1.586999e+00 1.339162e+00 2.086314e+00 1.207495e-02 7.306935e-01 1.280203e+00 
206 6181 0 0 0 9.001717e-02 1.424476e+01 1.051875e+00 1.584431e+00 1.339239e+00 2.089487e+00 1.207172e-02 7.303886e-01 1.280058e+00 
207 6211 0 0 0 9.015612e-02 1.425642e+01 1.049975e+00 1.583910e+00 1.339991e+00 2.091079e+00 1.206921e-02 7.296802e-01 1.280208e+00 
208 6241 0 0 0 9.026540e-02 1.424053e+01 1.052640e+00 1.581329e+00 1.339535e+00 2.085631e+00 1.209111e-02 7.303736e-01 1.280096e+00 
209 6271 0 0 0 8.995598e-02 1.422794e+01 1.052661e+00 1.582674e+00 1.338738e+00 2.083375e+00 1.208675e-02 7.314270e-01 1.280813e+00 
210 6301 0 0 0 8.983517e-02 1.422903e+01 1.051538e+00 1.583910e+00 1.338821e+00 2.083833e+00 1.207388e-02 7.313678e-01 1.281222e+00 
211 6331 0 0 0 8.941867e-02 1.424125e+01 1.050365e+00 1.585627e+00 1.338665e+00 2.086540e+00 1.206606e-02 7.333693e-01 1.281653e+00 
212 6361 0 0 0 8.962655e-02 1.423847e+01 1.052687e+00 1.584747e+00 1.338422e+00 2.084664e+00 1.208081e-02 7.327815e-01 1.281311e+00 
213 6391 0 0 0 8.962661e-02 1.424332e+01 1.053713e+00 1.581906e+00 1.338149e+00 2.083655e+00 1.208020e-02 7.336176e-01 1.281453e+00 
214 6421 0 0 0 8.931709e-02 1.425390e+01 1.053896e+00 1.581992e+00 1.337523e+00 2.086430e+00 1.206201e-02 7.348806e-01 1.281587e+00 
215 6451 0 0 0 8.928730e-02 1.426197e+01 1.052953e+00 1.580861e+00 1.337828e+00 2.088152e+00 1.204646e-02 7.350115e-01 1.281638e+00 
216 6481 0 0 0 8.938359e-02 1.424589e+01 1.050758e+00 1.585784e+00 1.337878e+00 2.089599e+00 1.204917e-02 7.323152e-01 1.281813e+00 
217 6511 0 0 0 8.930784e-02 1.424395e+01 1.050371e+00 1.587831e+00 1.337839e+00 2.089869e+00 1.203940e-02 7.317940e-01 1.281988e+00 
218 6541 0 0 0 8.960646e-02 1.424908e+01 1.051575e+00 1.586340e+00 1.338189e+00 2.088663e+00 1.203868e-02 7.302814e-01 1.281744e+00 
219 6571 0 0 0 8.943313e-02 1.426343e+01 1.052644e+00 1.586006e+00 1.337635e+00 2.090319e+00 1.204404e-02 7.315991e-01 1.281944e+00 
220 6601 0 0 0 8.943766e-02 1.425596e+01 1.052315e+00 1.585838e+00 1.337541e+00 2.090261e+00 1.205468e-02 7.319306e-01 1.281830e+00 
221 6631 0 0 0 8.956178e-02 1.426161e+01 1.053295e+00 1.585353e+00 1.337585e+00 2.090249e+00 1.206304e-02 7.315301e-01 1.281712e+00 
222 6661 0 0 0 8.940140e-02 1.427215e+01 1.052448e+00 1.582908e+00 1.337773e+00 2.092280e+00 1.204000e-02 7.329407e-01 1.281641e+00 
223 6691 0 0 0 8.967006e-02 1.426303e+01 1.052534e+00 1.584905e+00 1.338086e+00 2.092303e+00 1.204707e-02 7.307934e-01 1.281444e+00 
224 6721 0 0 0 8.968209e-02 1.426932e+01 1.052152e+00 1.583675e+00 1.338674e+00 2.093195e+00 1.203544e-02 7.311790e-01 1.281081e+00 
225 6751 0 0 0 8.979713e-02 1.428460e+01 1.053925e+00 1.579322e+00 1.338816e+00 2.093383e+00 1.203081e-02 7.321269e-01 1.280719e+00 
226 6781 0 0 0 8.980675e-02 1.426624e+01 1.052691e+00 1.580017e+00 1.339023e+00 2.091142e+00 1.202628e-02 7.315729e-01 1.280929e+00 
227 6811 0 0 0 8.991797e-02 1.425529e+01 1.053182e+00 1.583391e+00 1.339199e+00 2.090474e+00 1.203972e-02 7.304035e-01 1.280725e+00 
228 6841 0 0 0 8.971296e-02 1.426338e+01 1.052053e+00 1.584372e+00 1.339172e+00 2.092274e+00 1.202666e-02 7.309555e-01 1.280871e+00 
229 6871 0 0 0 8.962411e-02 1.425414e+01 1.052324e+00 1.587679e+00 1.339005e+00 2.091585e+00 1.204056e-02 7.310097e-01 1.280926e+00 
230 6901 0 0 0 8.973182e-02 1.426676e+01 1.052985e+00 1.584225e+00 1.339149e+00 2.092153e+00 1.204775e-02 7.318768e-01 1.280596e+00 
231 6931 0 0 0 8.970739e-02 1.427380e+01 1.052866e+00 1.582148e+00 1.339358e+00 2.091966e+00 1.203519e-02 7.324336e-01 1.280713e+00 
232 6961 0 0 0 8.971793e-02 1.427481e+01 1.052253e+00 1.580638e+00 1.339276e+00 2.091789e+00 1.203126e-02 7.323981e-01 1.281010e+00 
233 6991 0 0 0 8.967831e-02 1.428281e+01 1.053300e+00 1.579678e+00 1.338915e+00 2.092933e+00 1.203560e-02 7.330559e-01 1.280795e+00 
234 7021 0 0 0 8.962984e-02 1.427429e+01 1.053002e+00 1.580101e+00 1.338908e+00 2.091213e+00 1.203890e-02 7.333209e-01 1.281128e+00 
235 7051 0 0 0 8.962695e-02 1.426168e+01 1.052791e+00 1.580311e+00 1.339040e+00 2.089474e+00 1.203571e-02 7.332606e-01 1.281246e+00 
236 7081 0 0 0 8.977015e-02 1.424754e+01 1.053045e+00 1.584368e+00 1.339070e+00 2.088682e+00 1.205895e-02 7.318202e-01 1.281170e+00 
237 7111 0 0 0 8.975341e-02 1.425336e+01 1.052306e+00 1.582821e+00 1.339105e+00 2.089269e+00 1.204125e-02 7.316648e-01 1.281372e+00 
238 7141 0 0 0 8.962682e-02 1.425387e+01 1.052402e+00 1.580956e+00 1.339100e+00 2.087371e+00 1.203901e-02 7.332239e-01 1.281666e+00 
239 7171 0 0 0 8.959000e-02 1.425828e+01 1.052143e+00 1.578882e+00 1.339134e+00 2.086743e+00 1.204013e-02 7.341626e-01 1.281836e+00 
240 7201 0 0 0 8.941960e-02 1.426263e+01 1.052113e+00 1.579134e+00 1.339036e+00 2.087341e+00 1.203280e-02 7.351115e-01 1.281921e+00 
241 7231 0 0 0 8.956934e-02 1.425879e+01 1.052211e+00 1.578655e+00 1.339492e+00 2.086281e+00 1.203210e-02 7.344696e-01 1.281915e+00 
242 7261 0 0 0 8.972794e-02 1.425374e+01 1.053035e+00 1.579061e+00 1.339641e+00 2.085872e+00 1.204349e-02 7.338851e-01 1.281664e+00 
243 7291 0 0 0 8.983021e-02 1.424904e+01 1.052742e+00 1.580108e+00 1.339463e+00 2.086634e+00 1.204888e-02 7.327147e-01 1.281682e+00 
244 7321 0 0 0 8.984220e-02 1.425320e+01 1.052072e+00 1.580703e+00 1.339324e+00 2.087952e+00 1.204188e-02 7.318568e-01 1.281886e+00 
245 7351 0 0 0 8.984897e-02 1.425916e+01 1.051929e+00 1.580831e+00 1.339581e+00 2.088715e+00 1.204231e-02 7.321143e-01 1.281808e+00 
246 7381 0 0 0 8.991989e-02 1.425412e+01 1.052353e+00 1.580077e+00 1.339412e+00 2.087612e+00 1.204409e-02 7.318038e-01 1.281920e+00 
247 7411 0 0 0 9.002809e-02 1.424752e+01 1.051622e+00 1.580100e+00 1.339556e+00 2.086714e+00 1.204236e-02 7.308636e-01 1.282088e+00 
248 7441 0 0 0 8.978897e-02 1.423465e+01 1.052242e+00 1.583298e+00 1.338971e+00 2.085975e+00 1.204474e-02 7.312865e-01 1.282169e+00 
249 7471 0 0 0 8.983411e-02 1.424230e+01 1.052608e+00 1.584251e+00 1.338849e+00 2.087891e+00 1.205256e-02 7.308908e-01 1.281829e+00 
250 7501 0 0 0 8.989229e-02 1.423854e+01 1.052769e+00 1.586302e+00 1.338354e+00 2.089198e+00 1.205464e-02 7.293384e-01 1.281752e+00 
251 7531 0 0 0 8.987495e-02 1.423586e+01 1.052639e+00 1.584845e+00 1.338211e+00 2.087675e+00 1.205428e-02 7.297729e-01 1.281996e+00 
252 7561 0 0 0 8.966194e-02 1.421714e+01 1.052841e+00 1.587130e+00 1.337810e+00 2.085156e+00 1.205563e-02 7.303677e-01 1.282342e+00 
253 7591 0 0 0 8.977531e-02 1.422159e+01 1.053153e+00 1.587381e+00 1.337425e+00 2.086735e+00 1.206159e-02 7.292258e-01 1.282018e+00 
254 7621 0 0 0 8.945546e-02 1.421701e+01 1.052985e+00 1.584456e+00 1.337122e+00 2.083770e+00 1.204903e-02 7.318144e-01 1.282625e+00 
255 7651 0 0 0 8.918412e-02 1.422626e+01 1.052986e+00 1.580309e+00 1.336859e+00 2.083289e+00 1.203049e-02 7.343905e-01 1.282859e+00 
256 7681 0 0 0 8.894418e-02 1.420991e+01 1.052991e+00 1.581215e+00 1.336994e+00 2.081131e+00 1.202071e-02 7.357075e-01 1.282803e+00 
257 7711 0 0 0 8.890704e-02 1.421500e+01 1.052186e+00 1.582915e+00 1.336487e+00 2.083797e+00 1.202498e-02 7.350238e-01 1.282896e+00 
258 7741 0 0 0 8.900366e-02 1.421655e+01 1.051659e+00 1.582502e+00 1.336089e+00 2.083918e+00 1.202301e-02 7.337266e-01 1.283249e+00 
259 7771 0 0 0 8.902607e-02 1.421498e+01 1.052008e+00 1.580598e+00 1.336063e+00 2.082066e+00 1.200944e-02 7.335635e-01 1.283660e+00 
260 7801 0 0 0 8.912366e-02 1.419842e+01 1.051792e+00 1.582355e+00 1.335580e+00 2.081084e+00 1.203116e-02 7.326535e-01 1.284003e+00 
261 7831 0 0 0 8.917870e-02 1.418296e+01 1.050729e+00 1.582980e+00 1.334895e+00 2.079099e+00 1.202742e-02 7.308373e-01 1.284955e+00 
262 7861 0 0 0 8.875773e-02 1.417609e+01 1.050696e+00 1.581980e+00 1.334542e+00 2.077112e+00 1.200984e-02 7.333945e-01 1.285439e+00 
263 7891 0 0 0 8.860911e-02 1.418515e+01 1.051253e+00 1.580834e+00 1.335420e+00 2.078419e+00 1.199764e-02 7.356360e-01 1.284745e+00 
264 7921 0 0 0 8.911247e-02 1.417760e+01 1.051803e+00 1.583157e+00 1.336155e+00 2.078598e+00 1.201784e-02 7.325719e-01 1.284244e+00 
265 7951 0 0 0 8.965873e-02 1.419163e+01 1.050863e+00 1.584818e+00 1.337718e+00 2.082180e+00 1.201798e-02 7.291436e-01 1.283557e+00 
266 7981 0 0 0 9.011583e-02 1.420706e+01 1.049455e+00 1.582880e+00 1.339381e+00 2.084336e+00 1.201822e-02 7.276688e-01 1.283182e+00 
267 8011 0 0 0 8.996787e-02 1.421848e+01 1.050972e+00 1.582505e+00 1.338297e+00 2.085416e+00 1.202671e-02 7.283271e-01 1.282888e+00 
268 8041 0 0 0 9.027647e-02 1.422631e+01 1.051576e+00 1.586239e+00 1.338471e+00 2.088574e+00 1.202801e-02 7.248736e-01 1.282454e+00 
269 8071 0 0 0 8.988611e-02 1.421482e+01 1.050524e+00 1.585030e+00 1.337870e+00 2.085662e+00 1.202638e-02 7.275323e-01 1.283176e+00 
270 8101 0 0 0 8.988732e-02 1.421473e+01 1.050518e+00 1.584762e+00 1.337542e+00 2.085785e+00 1.203096e-02 7.274105e-01 1.283108e+00 
271 8131 0 0 0 9.025445e-02 1.423168e+01 1.051814e+00 1.585354e+00 1.337619e+00 2.089209e+00 1.204759e-02 7.252430e-01 1.282186e+00 
272 8161 0 0 0 9.041023e-02 1.424116e+01 1.050801e+00 1.585806e+00 1.338842e+00 2.090619e+00 1.204229e-02 7.247163e-01 1.281922e+00 
273 8191 0 0 0 9.021525e-02 1.423860e+01 1.050402e+00 1.585207e+00 1.339269e+00 2.088823e+00 1.204220e-02 7.267934e-01 1.282057e+00 
274 8221 0 0 0 9.038229e-02 1.423337e+01 1.050174e+00 1.582871e+00 1.340479e+00 2.087106e+00 1.203724e-02 7.274256e-01 1.281923e+00 
275 8251 0 0 0 9.037711e-02 1.424342e+01 1.049003e+00 1.581769e+00 1.340547e+00 2.087960e+00 1.203245e-02 7.273434e-01 1.282120e+00 
276 8281 0 0 0 9.053731e-02 1.425023e+01 1.050543e+00 1.579002e+00 1.341174e+00 2.087100e+00 1.203503e-02 7.280173e-01 1.281643e+00 
277 8311 0 0 0 9.084807e-02 1.425734e+01 1.050156e+00 1.577142e+00 1.342534e+00 2.088047e+00 1.202901e-02 7.273699e-01 1.281243e+00 
278 8341 0 0 0 9.137582e-02 1.429291e+01 1.051011e+00 1.574332e+00 1.343767e+00 2.091927e+00 1.204254e-02 7.259891e-01 1.280044e+00 
279 8371 0 0 0 9.190675e-02 1.431397e+01 1.050781e+00 1.575161e+00 1.346431e+00 2.095941e+00 1.203721e-02 7.240618e-01 1.278600e+00 
280 8401 0 0 0 9.240884e-02 1.431216e+01 1.048385e+00 1.575055e+00 1.348074e+00 2.096616e+00 1.204120e-02 7.216398e-01 1.278432e+00 
281 8431 0 0 0 9.278676e-02 1.432141e+01 1.051532e+00 1.581631e+00 1.346271e+00 2.102819e+00 1.205791e-02 7.157322e-01 1.277668e+00 
282 8461 0 0 0 9.283503e-02 1.433570e+01 1.054518e+00 1.584659e+00 1.345584e+00 2.106765e+00 1.207124e-02 7.147798e-01 1.276645e+00 
283 8491 0 0 0 9.238287e-02 1.431786e+01 1.054280e+00 1.585691e+00 1.346170e+00 2.103336e+00 1.204510e-02 7.176323e-01 1.276962e+00 
284 8521 0 0 0 9.204580e-02 1.431386e+01 1.054695e+00 1.582770e+00 1.346605e+00 2.099548e+00 1.204222e-02 7.215540e-01 1.276645e+00 
285 8551 0 0 0 9.323837e-02 1.433696e+01 1.056468e+00 1.581606e+00 1.349690e+00 2.103371e+00 1.207203e-02 7.173457e-01 1.274501e+00 
286 8581 0 0 0 9.336366e-02 1.433272e+01 1.057689e+00 1.579451e+00 1.350238e+00 2.099909e+00 1.210732e-02 7.192295e-01 1.274225e+00 
287 8611 0 0 0 9.272375e-02 1.429358e+01 1.058502e+00 1.592797e+00 1.347263e+00 2.102755e+00 1.207657e-02 7.157404e-01 1.274904e+00 
288 8641 0 0 0 9.181485e-02 1.424384e+01 1.055695e+00 1.601098e+00 1.343460e+00 2.097153e+00 1.207810e-02 7.156858e-01 1.278096e+00 
289 8671 0 0 0 9.256973e-02 1.425164e+01 1.054766e+00 1.599972e+00 1.344722e+00 2.098979e+00 1.208521e-02 7.114366e-01 1.277329e+00 
290 8701 0 0 0 9.301683e-02 1.426899e+01 1.054177e+00 1.594472e+00 1.348031e+00 2.097915e+00 1.208367e-02 7.129989e-01 1.276268e+00 
291 8731 0 0 0 9.288121e-02 1.429118e+01 1.054427e+00 1.593213e+00 1.346533e+00 2.099566e+00 1.209521e-02 7.131465e-01 1.277018e+00 
292 8761 0 0 0 9.247942e-02 1.423580e+01 1.051601e+00 1.601584e+00 1.346270e+00 2.095417e+00 1.208571e-02 7.124810e-01 1.277950e+00 
293 8791 0 0 0 9.220461e-02 1.421814e+01 1.049690e+00 1.603169e+00 1.345580e+00 2.094297e+00 1.206462e-02 7.121984e-01 1.279100e+00 
294 8821 0 0 0 9.160830e-02 1.423777e+01 1.047321e+00 1.601950e+00 1.344639e+00 2.094286e+00 1.204971e-02 7.150620e-01 1.280505e+00 
295 8851 0 0 0 9.198929e-02 1.425422e+01 1.049262e+00 1.595092e+00 1.345375e+00 2.095817e+00 1.202080e-02 7.143156e-01 1.279391e+00 
296 8881 0 0 0 9.208026e-02 1.429500e+01 1.051759e+00 1.595106e+00 1.345104e+00 2.101612e+00 1.203945e-02 7.145298e-01 1.278442e+00 
297 8911 0 0 0 9.209973e-02 1.429894e+01 1.053021e+00 1.598585e+00 1.344047e+00 2.104148e+00 1.202788e-02 7.117010e-01 1.278337e+00 
298 8941 0 0 0 9.168849e-02 1.433863e+01 1.053330e+00 1.600526e+00 1.343074e+00 2.110035e+00 1.200646e-02 7.122530e-01 1.278180e+00 
299 8971 0 0 0 9.069210e-02 1.432497e+01 1.048880e+00 1.605454e+00 1.341930e+00 2.107531e+00 1.197684e-02 7.151647e-01 1.280523e+00 
300 9001 0 0 0 9.038148e-02 1.430428e+01 1.045853e+00 1.602590e+00 1.340253e+00 2.102951e+00 1.195763e-02 7.155811e-01 1.282978e+00 
301 9031 0 0 0 9.028476e-02 1.430201e+01 1.044436e+00 1.597624e+00 1.340965e+00 2.102266e+00 1.194244e-02 7.180917e-01 1.282827e+00 
302 9061 0 0 0 9.133848e-02 1.431761e+01 1.045023e+00 1.595378e+00 1.344056e+00 2.105203e+00 1.191617e-02 7.127619e-01 1.281495e+00 
303 9091 0 0 0 9.285002e-02 1.431634e+01 1.045066e+00 1.591713e+00 1.346648e+00 2.106596e+00 1.195910e-02 7.066166e-01 1.279708e+00 
304 9121 0 0 0 9.357802e-02 1.432469e+01 1.048501e+00 1.593213e+00 1.347589e+00 2.110025e+00 1.199886e-02 7.035482e-01 1.277803e+00 
305 9151 0 0 0 9.236494e-02 1.425171e+01 1.047447e+00 1.598681e+00 1.344831e+00 2.098961e+00 1.203295e-02 7.097095e-01 1.279861e+00 
306 9181 0 0 0 9.262851e-02 1.424612e+01 1.046800e+00 1.593208e+00 1.346191e+00 2.094004e+00 1.203868e-02 7.111496e-01 1.279969e+00 
307 9211 0 0 0 9.307289e-02 1.427927e+01 1.046296e+00 1.590705e+00 1.347691e+00 2.099517e+00 1.201828e-02 7.091138e-01 1.279382e+00 
308 9241 0 0 0 9.296245e-02 1.425847e+01 1.046787e+00 1.600417e+00 1.347043e+00 2.101704e+00 1.200063e-02 7.054439e-01 1.279376e+00 
309 9271 0 0 0 9.136766e-02 1.423654e+01 1.043932e+00 1.601417e+00 1.343801e+00 2.097615e+00 1.195577e-02 7.122133e-01 1.282288e+00 
310 9301 0 0 0 9.165603e-02 1.422892e+01 1.045790e+00 1.599279e+00 1.343760e+00 2.096133e+00 1.196209e-02 7.112115e-01 1.281850e+00 
311 9331 0 0 0 9.279101e-02 1.423987e+01 1.047751e+00 1.601885e+00 1.345778e+00 2.100531e+00 1.199146e-02 7.048109e-01 1.279678e+00 
312 9361 0 0 0 9.213955e-02 1.422909e+01 1.048879e+00 1.601905e+00 1.343896e+00 2.096663e+00 1.200920e-02 7.085517e-01 1.280220e+00 
313 9391 0 0 0 9.208762e-02 1.421947e+01 1.050424e+00 1.598941e+00 1.343507e+00 2.092720e+00 1.202658e-02 7.105134e-01 1.280428e+00 
314 9421 0 0 0 9.343435e-02 1.422129e+01 1.050321e+00 1.597674e+00 1.346733e+00 2.094690e+00 1.206152e-02 7.053343e-01 1.278707e+00 
315 9451 0 0 0 9.238233e-02 1.420964e+01 1.048932e+00 1.603041e+00 1.343913e+00 2.093278e+00 1.204355e-02 7.078049e-01 1.280673e+00 
316 9481 0 0 0 9.161679e-02 1.419256e+01 1.046591e+00 1.604789e+00 1.343144e+00 2.089551e+00 1.203223e-02 7.115003e-01 1.282082e+00 
317 9511 0 0 0 9.222453e-02 1.420502e+01 1.047032e+00 1.601465e+00 1.344609e+00 2.091411e+00 1.204784e-02 7.103231e-01 1.281106e+00 
318 9541 0 0 0 9.184598e-02 1.418594e+01 1.047652e+00 1.602187e+00 1.344146e+00 2.087382e+00 1.202625e-02 7.117998e-01 1.281543e+00 
319 9571 0 0 0 9.226487e-02 1.417164e+01 1.047895e+00 1.599690e+00 1.346648e+00 2.084221e+00 1.202092e-02 7.120467e-01 1.281058e+00 
320 9601 0 0 0 9.263157e-02 1.416977e+01 1.047633e+00 1.601025e+00 1.347614e+00 2.085738e+00 1.200574e-02 7.089197e-01 1.280475e+00 
321 9631 0 0 0 9.259288e-02 1.417738e+01 1.047434e+00 1.599725e+00 1.347916e+00 2.085102e+00 1.202211e-02 7.106458e-01 1.280246e+00 
322 9661 0 0 0 9.275334e-02 1.416534e+01 1.046830e+00 1.603184e+00 1.347394e+00 2.086564e+00 1.203673e-02 7.081883e-01 1.280221e+00 
323 9691 0 0 0 9.276647e-02 1.417994e+01 1.047978e+00 1.603369e+00 1.346831e+00 2.088508e+00 1.205275e-02 7.082380e-01 1.279822e+00 
