%  columns="iteration, evaluation, sigma, axis ratio, bestever, best, median, worst fitness function value, further objective values of best" (startseed=206397, 2015/09/2 11:7:19.98)
1 31 3.381704e+00 1.070852e+01  3.055344891702285892e+01  3.055344891702285892e+01  8.542075393300528674e+01  1.521730943658753662e+11
2 61 3.507497e+00 1.015176e+01  3.055344891702285892e+01  3.393215829366726410e+01  8.532903753421641113e+01  4.850342653230069336e+12
3 91 2.984584e+00 9.860974e+00  3.055344891702285892e+01  4.671031225741759840e+01  8.536589852415818314e+01  7.987747394510994852e+07
4 121 3.112286e+00 9.306439e+00  3.055344891702285892e+01  3.469959092831818026e+01  8.537577850490501419e+01  1.366226335883670092e+09
5 151 3.246649e+00 9.109486e+00  3.055344891702285892e+01  3.083344257247733111e+01  8.536482976511234710e+01  2.450988757212487109e+13
6 181 3.564778e+00 9.118552e+00  3.055344891702285892e+01  6.691916942731594986e+01  8.545824640997238930e+01  3.620863299850903749e+08
7 211 3.392012e+00 9.125664e+00  3.055344891702285892e+01  3.222752458395893171e+01  8.545315446518759472e+01  2.401750767619921875e+10
8 241 3.299789e+00 8.989879e+00  3.055344891702285892e+01  3.153049398931660718e+01  8.525064869510026710e+01  4.137516349674564822e+02
9 271 3.259295e+00 8.746651e+00  3.055344891702285892e+01  3.161464486630995552e+01  8.542230224338979383e+01  3.873608261874101299e+04
10 301 3.006800e+00 8.491096e+00  3.055344891702285892e+01  3.345126323000423696e+01  8.476481120353415122e+01  1.484393470494653931e+11
11 331 2.747168e+00 8.186866e+00  3.055344891702285892e+01  3.281728380431464132e+01  6.575951861963015688e+01  1.216031749682553527e+04
12 361 2.406872e+00 8.335395e+00  3.055344891702285892e+01  3.113506844736786405e+01  6.769599285195809557e+01  3.495082915756935108e+03
13 391 2.232616e+00 7.771926e+00  3.055344891702285892e+01  3.161174494729492324e+01  6.891565794250803378e+01  1.859435879548491130e+03
14 421 2.516783e+00 7.434623e+00  3.055344891702285892e+01  3.159645497471430886e+01  4.803366259698974972e+01  9.311578768742120928e+02
15 451 2.663630e+00 7.052984e+00  3.055344891702285892e+01  3.151954167281842345e+01  6.024262323637796612e+01  1.518497253930380566e+03
16 481 2.458217e+00 6.937586e+00  3.055344891702285892e+01  3.157664988502853376e+01  5.808335073525569214e+01  1.306208840732799899e+03
17 511 2.443002e+00 6.774744e+00  3.055344891702285892e+01  3.211145097356867240e+01  4.344369725907823465e+01  1.792354905436759225e+02
18 541 2.238182e+00 6.850440e+00  3.055344891702285892e+01  3.204835141575766499e+01  4.186704703438704911e+01  4.246019456605653772e+02
19 571 2.102249e+00 6.830300e+00  3.055344891702285892e+01  3.185199805978484733e+01  4.135379863316583737e+01  3.616437438275896739e+02
20 601 2.224679e+00 6.886988e+00  3.055344891702285892e+01  3.198411281076967683e+01  4.791633932051023947e+01  6.371272943199024894e+02
21 631 2.293364e+00 7.531073e+00  3.055344891702285892e+01  3.151157751817901698e+01  4.235269717934716027e+01  1.765349249112136079e+02
22 661 2.073189e+00 7.555106e+00  3.055344891702285892e+01  3.174122772943747606e+01  3.611976406372049553e+01  5.256622861992561866e+02
23 691 2.088711e+00 8.150454e+00  3.055344891702285892e+01  3.186401452252456323e+01  3.635235386931768176e+01  1.353519086758687706e+02
24 721 1.820038e+00 8.290249e+00  3.055344891702285892e+01  3.183143500205903464e+01  3.362374765784996100e+01  1.817338575969213537e+02
25 751 1.752931e+00 8.486833e+00  3.055344891702285892e+01  3.173651715633499393e+01  3.418351837914379132e+01  6.908216831550888060e+01
26 781 1.547489e+00 8.892770e+00  3.055344891702285892e+01  3.179749916182386116e+01  3.306717415452305886e+01  8.244959247122430668e+01
27 811 1.444784e+00 8.966369e+00  3.055344891702285892e+01  3.162743342853393003e+01  3.492877533536493218e+01  5.152555158224803478e+01
28 841 1.509369e+00 8.555569e+00  3.055344891702285892e+01  3.145129372789975974e+01  3.350096614586749411e+01  4.554661094612195171e+01
29 871 1.398077e+00 9.022741e+00  3.055344891702285892e+01  3.172539675138901671e+01  3.291550275611419352e+01  3.983579599415847383e+01
30 901 1.400643e+00 9.052973e+00  3.055344891702285892e+01  3.152269421902620294e+01  3.273535906920817951e+01  4.940325469599276431e+01
31 931 1.419488e+00 9.133507e+00  3.055344891702285892e+01  3.149529570199033301e+01  3.255463355719969343e+01  4.189761678486537022e+01
32 961 1.554719e+00 9.384298e+00  3.055344891702285892e+01  3.123551953873276332e+01  3.294831973471849551e+01  4.597554365810817956e+01
33 991 1.532587e+00 1.031986e+01  3.055344891702285892e+01  3.130560181403082964e+01  3.206846095544914022e+01  3.879295897417096484e+01
34 1021 1.547559e+00 1.101195e+01  3.055344891702285892e+01  3.111210250001116151e+01  3.235466392657392021e+01  4.478510036874788369e+01
35 1051 1.275282e+00 1.114136e+01  3.055344891702285892e+01  3.112699303504278348e+01  3.308506827530746364e+01  4.622093775962155604e+01
36 1081 1.301460e+00 1.134170e+01  3.055344891702285892e+01  3.093602182900881559e+01  3.221246859842445787e+01  4.656214581727555668e+01
37 1111 1.511255e+00 1.212083e+01  3.055344891702285892e+01  3.082939675369074450e+01  3.198287611771578298e+01  5.954894638166984322e+01
38 1141 1.689784e+00 1.261581e+01  2.977155885254774859e+01  2.977155885254774859e+01  3.166693276264548373e+01  3.560798947786958735e+01
39 1171 1.918834e+00 1.382607e+01  2.977155885254774859e+01  3.035915359718524442e+01  3.551172581044425414e+01  9.750701926344558501e+01
40 1201 2.137802e+00 1.445815e+01  2.977155885254774859e+01  3.043452478559301255e+01  3.264487966103843775e+01  8.546272948171365158e+01
41 1231 2.390380e+00 1.568929e+01  2.977155885254774859e+01  3.036416476613905502e+01  3.313370591760328665e+01  8.541303651432092181e+01
42 1261 2.286258e+00 1.624682e+01  2.969823204661379634e+01  2.969823204661379634e+01  3.265079854037824703e+01  8.543811984423460615e+01
43 1291 2.178542e+00 1.592811e+01  2.969823204661379634e+01  3.013837871658107304e+01  3.896993354974034673e+01  1.549492799736316613e+02
44 1321 2.115088e+00 1.656201e+01  2.957023777114612884e+01  2.957023777114612884e+01  3.619004179511055952e+01  1.651614697735139430e+02
45 1351 2.220199e+00 1.751895e+01  2.814558361712554557e+01  2.814558361712554557e+01  3.282603943826985216e+01  5.751252545082350309e+01
46 1381 2.364585e+00 1.854504e+01  2.814558361712554557e+01  2.845024673612211430e+01  3.351706690914097919e+01  1.845011372740644049e+02
47 1411 2.091547e+00 1.906505e+01  2.721818351318138696e+01  2.721818351318138696e+01  3.308918141285430181e+01  3.131244581787343577e+02
48 1441 2.191163e+00 1.946230e+01  2.684079992782683632e+01  2.684079992782683632e+01  3.229104341655023802e+01  2.603141333830114945e+03
49 1471 2.147059e+00 2.062964e+01  2.684079992782683632e+01  2.731576953710161959e+01  3.838450905747068020e+01  1.234983687829953169e+03
50 1501 2.003213e+00 2.188326e+01  2.550466806739012071e+01  2.550466806739012071e+01  3.599838781590939618e+01  7.945638163770644269e+02
51 1531 2.019350e+00 2.243184e+01  2.550466806739012071e+01  2.868310686393816766e+01  3.192569241232515864e+01  7.800810166680679458e+01
52 1561 1.914504e+00 2.188864e+01  2.550466806739012071e+01  2.631504180608885335e+01  3.325182238022893699e+01  6.851579695854637464e+01
53 1591 1.726210e+00 2.204036e+01  2.550384498688562473e+01  2.550384498688562473e+01  3.249239738812804035e+01  1.145553986943499609e+02
54 1621 1.677321e+00 2.196908e+01  2.550384498688562473e+01  2.683679579919066072e+01  3.300680615408995067e+01  2.682039468824609116e+02
55 1651 1.684270e+00 2.199153e+01  2.550384498688562473e+01  2.843181253478090653e+01  3.815563081905261811e+01  2.464743148780987099e+02
56 1681 1.623723e+00 2.242883e+01  2.550384498688562473e+01  2.701699291233865452e+01  3.160788354831862179e+01  1.419924829143883926e+03
57 1711 1.911997e+00 2.316479e+01  2.550384498688562473e+01  2.656095145538311186e+01  3.210840345549861041e+01  8.546305493972444367e+01
58 1741 2.072754e+00 2.402797e+01  2.550384498688562473e+01  2.635655564876193324e+01  3.322622796703068104e+01  2.290714435581162149e+02
59 1771 1.966644e+00 2.477354e+01  2.489425142329593754e+01  2.489425142329593754e+01  3.291845161541762366e+01  1.013496437559131155e+05
60 1801 1.989404e+00 2.499953e+01  1.102812245196135343e+01  1.102812245196135343e+01  3.227165171070438987e+01  8.541178178665914800e+01
61 1831 1.932389e+00 2.516363e+01  1.102812245196135343e+01  1.906608389602859077e+01  3.055970891943147194e+01  9.557455102237280187e+01
62 1861 1.878403e+00 2.621809e+01  1.102812245196135343e+01  2.190985572960188676e+01  3.154533565797544270e+01  1.804407091521482216e+05
63 1891 1.785039e+00 2.754508e+01  1.102812245196135343e+01  1.462512789323944240e+01  3.101018164947801736e+01  5.637101240017502278e+04
64 1921 1.747285e+00 2.785377e+01  1.102812245196135343e+01  2.385007280417076814e+01  3.702336915823022423e+01  1.039740590327595697e+02
65 1951 1.862747e+00 2.869231e+01  1.102812245196135343e+01  1.398162312198038926e+01  3.368475714817577682e+01  4.141390846424796036e+05
66 1981 1.900758e+00 2.924262e+01  1.102812245196135343e+01  2.062907365764932166e+01  5.758370814233152402e+01  7.070143556610136102e+02
67 2011 1.873200e+00 2.971452e+01  1.102812245196135343e+01  2.056534339577515880e+01  3.568276228439226827e+01  2.702230560681988951e+06
68 2041 1.726834e+00 3.001408e+01  1.102812245196135343e+01  1.728862029180524473e+01  3.111366307427650213e+01  4.862964722291049839e+04
69 2071 1.561268e+00 3.014229e+01  1.102812245196135343e+01  2.125102346220519678e+01  2.868696057318545201e+01  8.535341265904460784e+01
70 2101 1.694112e+00 3.053565e+01  1.094328883892639936e+01  1.094328883892639936e+01  2.796387403066259481e+01  8.190995288982389866e+02
71 2131 1.877039e+00 2.994602e+01  8.645236458004749380e+00  8.645236458004749380e+00  4.506096593257002780e+01  3.695831265833659472e+03
72 2161 2.123051e+00 2.930300e+01  8.645236458004749380e+00  1.663022003221045964e+01  5.560022883255883386e+01  1.648084278304800100e+05
73 2191 2.427303e+00 2.925325e+01  8.645236458004749380e+00  2.243690881186682162e+01  3.337799823036149149e+01  4.612018087990442154e+02
74 2221 2.192180e+00 2.907933e+01  8.645236458004749380e+00  1.740631316320692790e+01  3.549527609699288178e+01  1.734259477286844913e+02
75 2251 1.902997e+00 2.882185e+01  8.645236458004749380e+00  2.283848787982224948e+01  3.367937199915155588e+01  1.449136186072418297e+02
76 2281 1.906847e+00 2.844628e+01  8.645236458004749380e+00  1.934072473262759573e+01  2.948101404064869868e+01  2.033446754831876717e+02
77 2311 2.280459e+00 2.795304e+01  8.645236458004749380e+00  9.071334294148472921e+00  2.739282319211029559e+01  4.039213749665611886e+01
78 2341 2.369842e+00 2.798112e+01  8.645236458004749380e+00  1.120012926342635851e+01  3.518950267921660213e+01  9.068079620028851423e+03
79 2371 1.914747e+00 2.759920e+01  8.645236458004749380e+00  2.096521527438874699e+01  3.358698003150095701e+01  9.768153788832548889e+04
80 2401 1.746125e+00 2.799280e+01  8.645236458004749380e+00  9.453205775838881664e+00  2.882429260599139909e+01  7.392272934270060603e+01
81 2431 1.565598e+00 2.822923e+01  8.172333238091139762e+00  8.172333238091139762e+00  2.820489345572892859e+01  2.450450286104429397e+05
82 2461 1.634127e+00 3.013018e+01  8.172333238091139762e+00  9.260370801296289756e+00  2.706138455935234788e+01  1.725361231184960343e+04
83 2491 1.717954e+00 3.158636e+01  8.158442373158262484e+00  8.158442373158262484e+00  2.728955786692804253e+01  5.359182319907704368e+02
84 2521 1.791422e+00 3.141392e+01  4.327086232230585416e+00  4.327086232230585416e+00  3.167475611908037081e+01  5.887408885182182985e+02
85 2551 2.027865e+00 3.282612e+01  4.327086232230585416e+00  1.149633147490183305e+01  3.107258837601062851e+01  2.892205510911464080e+04
86 2581 2.128517e+00 3.556628e+01  4.327086232230585416e+00  1.376324325676603522e+01  2.691662844782772268e+01  9.103889831774995400e+01
87 2611 1.856928e+00 3.721235e+01  4.327086232230585416e+00  6.660940267521949565e+00  2.787315583624215520e+01  1.257839619601947589e+02
88 2641 1.687304e+00 3.632815e+01  4.327086232230585416e+00  9.747836129704529284e+00  2.536621967383198495e+01  6.894737517181572912e+03
89 2671 1.818116e+00 3.608509e+01  4.327086232230585416e+00  5.516111752875194618e+00  2.263371117305075586e+01  1.564594348959686272e+02
90 2701 1.906995e+00 3.761116e+01  4.327086232230585416e+00  5.678562929045905427e+00  3.955172105607073973e+01  3.244213387272060345e+02
91 2731 1.822039e+00 3.952865e+01  4.327086232230585416e+00  1.066855089917381783e+01  5.296112477385044315e+01  3.368874583557314054e+03
92 2761 1.810409e+00 4.154433e+01  2.996778313489622647e+00  2.996778313489622647e+00  4.127557669227847725e+01  7.448655639990947748e+03
93 2791 1.899115e+00 4.039699e+01  2.996778313489622647e+00  6.101617556970106548e+00  2.106785191502162746e+01  4.513433736855618918e+04
94 2821 1.679919e+00 4.088180e+01  2.996778313489622647e+00  8.567279502352921128e+00  2.454639554437875404e+01  5.474135651454226945e+02
95 2851 1.699427e+00 4.362805e+01  2.996778313489622647e+00  1.029851783066129478e+01  2.071992160104007397e+01  1.273269771908961411e+04
96 2881 1.632568e+00 4.578892e+01  2.996778313489622647e+00  5.961072098167055522e+00  2.340532632434024407e+01  1.747030010837759164e+03
97 2911 1.539146e+00 4.477207e+01  2.996778313489622647e+00  8.202666487996051359e+00  2.540138801080107100e+01  1.238176674466823670e+03
98 2941 1.312588e+00 4.575874e+01  2.996778313489622647e+00  7.055273766236862976e+00  1.943556467838687496e+01  1.435556927348623731e+03
99 2971 1.206276e+00 4.605443e+01  2.996778313489622647e+00  5.579781872589067326e+00  1.713377516289346403e+01  1.314911847577840854e+04
100 3001 1.210628e+00 4.831610e+01  2.996778313489622647e+00  4.021821803417481966e+00  1.818453328103944955e+01  5.827294233235433012e+02
101 3031 1.103254e+00 4.514198e+01  2.996778313489622647e+00  4.243509404592378687e+00  2.216922061828774559e+01  2.718018245425068926e+02
102 3061 1.035125e+00 4.638560e+01  2.996778313489622647e+00  3.320145513920795821e+00  1.433044837642900049e+01  7.524897002562351190e+03
103 3091 1.072654e+00 4.881061e+01  2.996778313489622647e+00  3.105374702722620395e+00  1.148918710910199081e+01  4.094426258881682770e+03
104 3121 1.018978e+00 4.833384e+01  2.887036910988188154e+00  2.887036910988188154e+00  1.378796365985632733e+01  2.768594561222655557e+02
105 3151 9.812475e-01 4.908312e+01  2.887036910988188154e+00  3.405879971490161751e+00  1.375846096901091897e+01  2.110326338234195646e+03
106 3181 8.584344e-01 5.195117e+01  2.887036910988188154e+00  3.946918091270130713e+00  1.054008037264583209e+01  1.985526558981836388e+03
107 3211 7.373292e-01 5.319207e+01  2.817334348078190498e+00  2.817334348078190498e+00  8.120143366329868329e+00  1.872558296010440415e+02
108 3241 7.346734e-01 5.347736e+01  2.713905014805571003e+00  2.713905014805571003e+00  1.054538356910091679e+01  2.531130930589055197e+02
109 3271 7.400601e-01 5.589618e+01  2.713905014805571003e+00  3.101170584124349983e+00  7.322949395848770138e+00  6.317674017288682364e+01
110 3301 7.003467e-01 5.770514e+01  2.713905014805571003e+00  3.109151219881675310e+00  6.606564002025269389e+00  5.731805911598542025e+02
111 3331 6.416577e-01 6.349333e+01  2.713905014805571003e+00  2.862080922359723445e+00  7.014585619704709174e+00  1.022288276095612076e+02
112 3361 6.363075e-01 6.414942e+01  2.635104039485022920e+00  2.635104039485022920e+00  5.350428635584325576e+00  6.136709263745184728e+01
113 3391 7.198541e-01 6.669971e+01  2.635104039485022920e+00  3.094308013720759920e+00  7.136174658835826357e+00  7.851807563975901871e+01
114 3421 7.325533e-01 6.887376e+01  2.635104039485022920e+00  2.824236336903921174e+00  5.827674849352653119e+00  1.966244908271850136e+02
115 3451 6.390017e-01 7.384550e+01  2.635104039485022920e+00  2.737157049792091623e+00  9.135184768559787116e+00  1.710349499520904146e+02
116 3481 7.362930e-01 8.139715e+01  2.635104039485022920e+00  2.710744416414153868e+00  5.034671937342949377e+00  2.308711064489848752e+01
117 3511 6.660434e-01 8.073180e+01  2.635104039485022920e+00  2.845209665454719872e+00  5.626955089355996087e+00  6.212347240405345161e+01
118 3541 6.413557e-01 8.111863e+01  2.635104039485022920e+00  2.694296382887331198e+00  5.662537317049644692e+00  4.460532057011714357e+01
119 3571 6.524381e-01 8.078056e+01  2.635104039485022920e+00  2.647873230243079856e+00  5.048471266543200997e+00  1.284007083144893500e+02
120 3601 6.444824e-01 7.632094e+01  2.587077417197781948e+00  2.587077417197781948e+00  4.865573546846302833e+00  2.406369414414388430e+01
121 3631 6.799790e-01 7.769549e+01  2.587077417197781948e+00  2.624107465963975372e+00  4.626818130273436580e+00  2.093855128070257976e+01
122 3661 5.883532e-01 8.015232e+01  2.587077417197781948e+00  2.768078404434782591e+00  4.468998315811981925e+00  5.540881778916023137e+01
123 3691 5.447206e-01 8.130960e+01  2.587077417197781948e+00  2.615513753045061396e+00  3.601030566187244375e+00  1.175063150919036481e+01
124 3721 5.220827e-01 8.146583e+01  2.587077417197781948e+00  2.694896503898192464e+00  3.147001744087082109e+00  1.118048424243334438e+01
125 3751 5.504215e-01 8.335350e+01  2.582664562875589542e+00  2.582664562875589542e+00  3.140398438471058373e+00  1.321486265875648591e+01
126 3781 5.561251e-01 8.258985e+01  2.582664562875589542e+00  2.658603318888494105e+00  3.254590588654514782e+00  8.681502947537742543e+00
127 3811 5.699409e-01 8.263896e+01  2.582664562875589542e+00  2.625065418558454322e+00  3.622054168596067214e+00  7.258073572193478817e+00
128 3841 6.173159e-01 8.553281e+01  2.582664562875589542e+00  2.615613174362519278e+00  3.017988652036938113e+00  1.147073396962794867e+01
129 3871 5.848165e-01 8.695619e+01  2.579771162968899301e+00  2.579771162968899301e+00  3.314444670874146848e+00  8.993525786317738024e+00
130 3901 5.607244e-01 9.078055e+01  2.579771162968899301e+00  2.596945105456841318e+00  3.085626272924283597e+00  8.404560435428418685e+00
131 3931 4.858175e-01 9.546816e+01  2.579771162968899301e+00  2.594617548944513796e+00  3.413673076958275487e+00  7.840845310846763283e+00
132 3961 4.548744e-01 9.717453e+01  2.576740219550378796e+00  2.576740219550378796e+00  2.944610193302848788e+00  4.138111656777271996e+00
133 3991 3.880606e-01 1.014746e+02  2.576740219550378796e+00  2.582635872928943588e+00  2.832552239261440619e+00  4.076948361926801212e+00
134 4021 4.532329e-01 1.041640e+02  2.576740219550378796e+00  2.581719599529712639e+00  2.792897323658193542e+00  3.638468629625332351e+00
135 4051 4.765472e-01 1.075991e+02  2.560641291185129287e+00  2.560641291185129287e+00  2.797417209405800076e+00  4.638039265438158587e+00
136 4081 4.870833e-01 1.145974e+02  2.548462266426091638e+00  2.548462266426091638e+00  2.779596707234405883e+00  3.880782201753222083e+00
137 4111 4.826134e-01 1.205433e+02  2.544349353373981160e+00  2.544349353373981160e+00  2.759095942123718004e+00  7.285320178613024389e+00
138 4141 5.149554e-01 1.341613e+02  2.517188717489756922e+00  2.517188717489756922e+00  2.861060983456153117e+00  5.784269743940059882e+00
139 4171 4.630183e-01 1.379424e+02  2.517188717489756922e+00  2.527272123571936202e+00  2.789022099891421913e+00  5.443962734818809324e+00
140 4201 4.393053e-01 1.448013e+02  2.517188717489756922e+00  2.532942701221636117e+00  2.622658986655846736e+00  3.850841163316582438e+00
141 4231 4.686051e-01 1.482999e+02  2.517188717489756922e+00  2.523879009293857667e+00  2.673488636570962917e+00  4.483679434801938868e+00
142 4261 4.299315e-01 1.469030e+02  2.515572180855715434e+00  2.515572180855715434e+00  2.655124003971780056e+00  5.462677181381263125e+00
143 4291 4.222550e-01 1.459574e+02  2.515572180855715434e+00  2.527956787682091644e+00  2.645694862220277610e+00  2.989053768237646569e+00
144 4321 3.714306e-01 1.544206e+02  2.515572180855715434e+00  2.526396857489724201e+00  2.634972682386430787e+00  3.417690272670494078e+00
145 4351 3.436736e-01 1.620409e+02  2.511108635725271210e+00  2.511108635725271210e+00  2.577988162020842466e+00  2.925670181757028310e+00
146 4381 3.882700e-01 1.857971e+02  2.497724286550411232e+00  2.497724286550411232e+00  2.599456964753958488e+00  2.982540015896468333e+00
147 4411 3.767369e-01 1.965093e+02  2.482466795666338211e+00  2.482466795666338211e+00  2.608424686300328865e+00  3.604421470218087453e+00
148 4441 3.898780e-01 2.097023e+02  2.482466795666338211e+00  2.487717498940790861e+00  2.563505602582728748e+00  3.271416992879545571e+00
149 4471 3.903873e-01 2.293258e+02  2.461494548385243064e+00  2.461494548385243064e+00  2.640622838850686271e+00  5.453323788185605814e+00
150 4501 3.681878e-01 2.380266e+02  2.461494548385243064e+00  2.477863631518621990e+00  2.571486890248619872e+00  3.364855855121361206e+00
151 4531 3.417839e-01 2.373319e+02  2.461494548385243064e+00  2.477536149320071601e+00  2.562555119342013299e+00  3.872829860357845266e+00
152 4561 3.290467e-01 2.538522e+02  2.461494548385243064e+00  2.483427809565178279e+00  2.526536380243012303e+00  2.710628820480183165e+00
153 4591 3.226082e-01 2.485249e+02  2.461494548385243064e+00  2.484279160142579990e+00  2.528643180941926971e+00  2.919184243233358789e+00
154 4621 3.348309e-01 2.715887e+02  2.461494548385243064e+00  2.476941898638554296e+00  2.542815744943192513e+00  2.776796187409191763e+00
155 4651 3.542272e-01 2.820081e+02  2.461494548385243064e+00  2.470711562682961659e+00  2.512980623415434600e+00  2.626188577269737756e+00
156 4681 3.585156e-01 3.021849e+02  2.459523218957019974e+00  2.459523218957019974e+00  2.507518122462274679e+00  2.682083691670400949e+00
157 4711 3.643799e-01 3.321043e+02  2.459523218957019974e+00  2.460751397218163383e+00  2.513170472798269550e+00  3.308085571774809441e+00
158 4741 3.405178e-01 3.519911e+02  2.459523218957019974e+00  2.460430554253866475e+00  2.526831140250717311e+00  3.676408934339055801e+00
159 4771 3.563682e-01 3.550633e+02  2.456184022349799267e+00  2.456184022349799267e+00  2.528255464675957409e+00  2.810407221567199354e+00
160 4801 3.389448e-01 3.458684e+02  2.456184022349799267e+00  2.456453212600163027e+00  2.503592208011280906e+00  2.815605241736523823e+00
161 4831 3.248478e-01 3.447806e+02  2.456184022349799267e+00  2.460734581454712355e+00  2.504523351954036414e+00  2.674995100532568060e+00
162 4861 3.096764e-01 3.580993e+02  2.456184022349799267e+00  2.465267290987980253e+00  2.494561209060634166e+00  2.872423393839140360e+00
163 4891 3.242697e-01 3.850342e+02  2.456097706179980911e+00  2.456097706179980911e+00  2.488566333874733694e+00  2.632061457589005116e+00
164 4921 3.432095e-01 3.791261e+02  2.456097706179980911e+00  2.464407303246157976e+00  2.514044207847755175e+00  2.666686996771526985e+00
165 4951 3.422646e-01 3.871773e+02  2.456097706179980911e+00  2.468112129231350149e+00  2.520799583895366069e+00  2.792785378848243294e+00
166 4981 3.232743e-01 3.860457e+02  2.452030333349052960e+00  2.452030333349052960e+00  2.487190636449490455e+00  2.689210838924383395e+00
167 5011 3.117062e-01 3.796306e+02  2.452030333349052960e+00  2.455785105864980888e+00  2.486482795073916119e+00  2.634964568763564774e+00
168 5041 3.077864e-01 3.940803e+02  2.452030333349052960e+00  2.453183664334636305e+00  2.479299390926383850e+00  2.680851458655766795e+00
169 5071 2.844667e-01 3.963414e+02  2.452030333349052960e+00  2.457039038589672320e+00  2.476222492726236624e+00  2.739857251232020730e+00
170 5101 2.726999e-01 3.932589e+02  2.452030333349052960e+00  2.455349715339326444e+00  2.470468113109867581e+00  2.538823971020591319e+00
171 5131 2.754893e-01 4.191685e+02  2.452030333349052960e+00  2.454831624310293225e+00  2.477484325890534134e+00  2.622250592087355781e+00
172 5161 2.511273e-01 4.255500e+02  2.452030333349052960e+00  2.452312126377594659e+00  2.469743511620053233e+00  2.548089877024378058e+00
173 5191 2.414070e-01 4.240427e+02  2.445156512698292595e+00  2.445156512698292595e+00  2.468013837165907276e+00  2.519140053022434600e+00
174 5221 2.700219e-01 4.057085e+02  2.445156512698292595e+00  2.454350183156720266e+00  2.468476110915576616e+00  2.493959128620940380e+00
175 5251 2.890117e-01 4.487834e+02  2.445156512698292595e+00  2.457182498202933552e+00  2.464112715717043933e+00  2.613717088266529931e+00
176 5281 3.304689e-01 4.595214e+02  2.445156512698292595e+00  2.448959158581697437e+00  2.464663994902551725e+00  2.568677667106024298e+00
177 5311 3.171507e-01 4.788192e+02  2.445156512698292595e+00  2.454726418291505396e+00  2.470367659350350742e+00  2.565175475968625829e+00
178 5341 2.893468e-01 4.918130e+02  2.445156512698292595e+00  2.450822005405880688e+00  2.471132616632055967e+00  2.546301377540031829e+00
179 5371 3.222883e-01 5.547188e+02  2.440659853171687654e+00  2.440659853171687654e+00  2.464576888579932845e+00  2.500088674907156694e+00
180 5401 3.419137e-01 5.461219e+02  2.440659853171687654e+00  2.447215940352323038e+00  2.468891971489700410e+00  2.797613819927652123e+00
181 5431 3.079898e-01 5.513748e+02  2.440659853171687654e+00  2.442542788527078734e+00  2.463817028087538219e+00  2.509387016404716952e+00
182 5461 3.226141e-01 5.484301e+02  2.440659853171687654e+00  2.451151141887466522e+00  2.469818005413587425e+00  2.530726056716469774e+00
183 5491 3.076739e-01 5.488031e+02  2.436864157792590468e+00  2.436864157792590468e+00  2.465134859355210484e+00  2.784710778666392716e+00
184 5521 2.839667e-01 5.552232e+02  2.436864157792590468e+00  2.437743304790974008e+00  2.460931304522469443e+00  2.518925421048566982e+00
185 5551 2.725865e-01 5.622307e+02  2.436864157792590468e+00  2.446141958265427352e+00  2.457674380543726222e+00  2.521508653925605525e+00
186 5581 2.763547e-01 5.721111e+02  2.436864157792590468e+00  2.445060991056805300e+00  2.466543684138581050e+00  2.488363662727244741e+00
187 5611 2.592318e-01 6.006803e+02  2.436864157792590468e+00  2.445700060226424277e+00  2.457811875815922420e+00  2.494852958395879394e+00
188 5641 2.192476e-01 6.245019e+02  2.436864157792590468e+00  2.438137526625185458e+00  2.465161364059421434e+00  2.552816858202679562e+00
189 5671 2.275228e-01 6.063926e+02  2.436864157792590468e+00  2.437788383546386495e+00  2.459848610428752025e+00  2.494139901490991740e+00
190 5701 2.344636e-01 6.223724e+02  2.436864157792590468e+00  2.449149441374921299e+00  2.457603011189043674e+00  2.489555709998702238e+00
191 5731 2.246436e-01 6.335936e+02  2.436864157792590468e+00  2.444566142446448875e+00  2.459649315847147744e+00  2.503883178420735600e+00
192 5761 2.240142e-01 6.968055e+02  2.436864157792590468e+00  2.446874523737131657e+00  2.461912817825074651e+00  2.505243180576945061e+00
193 5791 2.217252e-01 7.554986e+02  2.436864157792590468e+00  2.442534763436907674e+00  2.458359386025716020e+00  2.483348908392998489e+00
194 5821 2.168086e-01 7.667375e+02  2.436864157792590468e+00  2.446785250413022528e+00  2.460717965157090070e+00  2.485693027565279323e+00
195 5851 2.024871e-01 7.685230e+02  2.436864157792590468e+00  2.443958896741627029e+00  2.459701821835095004e+00  2.511192197442890794e+00
196 5881 1.827584e-01 7.643097e+02  2.436864157792590468e+00  2.443206448322855273e+00  2.458461599199636360e+00  2.478978309555104786e+00
197 5911 1.663097e-01 7.592700e+02  2.436864157792590468e+00  2.441383080231966485e+00  2.454960055684059839e+00  2.472054387335855807e+00
198 5941 1.675522e-01 7.349247e+02  2.436864157792590468e+00  2.441134168211724020e+00  2.460351279262243729e+00  2.470159974391787472e+00
199 5971 1.748527e-01 7.004531e+02  2.434808541165315088e+00  2.434808541165315088e+00  2.455735245823693624e+00  2.468451639793520780e+00
200 6001 1.569274e-01 6.989213e+02  2.434808541165315088e+00  2.436865794146363839e+00  2.457435014468773549e+00  2.469226374677269575e+00
201 6031 1.485392e-01 6.784699e+02  2.432502644722515761e+00  2.432502644722515761e+00  2.455112166658349970e+00  2.475171477354135341e+00
202 6061 1.572041e-01 6.582442e+02  2.432502644722515761e+00  2.442900457362565447e+00  2.453569776518679912e+00  2.467392155109651153e+00
203 6091 1.668499e-01 6.493794e+02  2.432502644722515761e+00  2.443540925017363197e+00  2.456100000053614174e+00  2.466107742722444041e+00
204 6121 1.567540e-01 6.455161e+02  2.432502644722515761e+00  2.443384796753544919e+00  2.455743360601268854e+00  2.469716221033854797e+00
205 6151 1.643963e-01 6.925288e+02  2.432502644722515761e+00  2.443892689932526174e+00  2.454080545132572233e+00  2.468201501259947417e+00
206 6181 1.723606e-01 7.353436e+02  2.432502644722515761e+00  2.437209685254043467e+00  2.459255482893358380e+00  2.469540941314165128e+00
207 6211 2.227044e-01 7.541110e+02  2.432502644722515761e+00  2.437239265309370406e+00  2.454475994514279336e+00  2.475769962358168375e+00
208 6241 2.457509e-01 7.598283e+02  2.432502644722515761e+00  2.435252454201378036e+00  2.454472223561653177e+00  2.480441810743447384e+00
209 6271 2.941086e-01 7.208432e+02  2.432502644722515761e+00  2.438764216248329841e+00  2.454835990260713530e+00  2.471522102694443834e+00
210 6301 2.920738e-01 7.183653e+02  2.432502644722515761e+00  2.443865698130337716e+00  2.456608384419453728e+00  2.492726800543670240e+00
211 6331 2.455582e-01 7.203346e+02  2.432502644722515761e+00  2.439970347335389089e+00  2.457244452774073551e+00  2.483912880644830512e+00
212 6361 2.357468e-01 7.416403e+02  2.432502644722515761e+00  2.441193577056372188e+00  2.456219261171343149e+00  2.475287404973729899e+00
213 6391 2.376284e-01 7.472203e+02  2.432502644722515761e+00  2.445326511464909203e+00  2.457252740322220852e+00  2.477144250787738144e+00
214 6421 2.295476e-01 7.027523e+02  2.432502644722515761e+00  2.442563821701110527e+00  2.453334469689806063e+00  2.468359176273866584e+00
215 6451 1.901511e-01 6.817915e+02  2.432502644722515761e+00  2.439881689851603142e+00  2.456629502758411743e+00  2.469392442437988500e+00
216 6481 1.902731e-01 6.736142e+02  2.432502644722515761e+00  2.445494900841543640e+00  2.456436545849606912e+00  2.470816206199960341e+00
217 6511 1.667626e-01 6.720077e+02  2.432502644722515761e+00  2.441058381677550848e+00  2.452699678440167119e+00  2.476608353151468211e+00
218 6541 1.517510e-01 6.804851e+02  2.432502644722515761e+00  2.435159749409454566e+00  2.454411829522705979e+00  2.468409795530071449e+00
219 6571 1.462364e-01 7.098641e+02  2.432502644722515761e+00  2.437515950707725754e+00  2.455271804611316888e+00  2.468698430915010178e+00
220 6601 1.387285e-01 6.957458e+02  2.432502644722515761e+00  2.441906958951746809e+00  2.453785596771651534e+00  2.467845689718177749e+00
221 6631 1.265621e-01 6.770337e+02  2.432502644722515761e+00  2.434693858298454305e+00  2.456165764690330100e+00  2.472568943275029518e+00
222 6661 1.252190e-01 6.917848e+02  2.432502644722515761e+00  2.436635862361503868e+00  2.452441254932622883e+00  2.464603891487626708e+00
223 6691 1.256981e-01 6.817605e+02  2.432502644722515761e+00  2.434789579034339901e+00  2.451642733184930201e+00  2.464996184514544719e+00
224 6721 1.247993e-01 7.083089e+02  2.432502644722515761e+00  2.433523861555541679e+00  2.451850040431631683e+00  2.468088115328870735e+00
225 6751 1.111255e-01 7.457042e+02  2.432502644722515761e+00  2.437865077419806514e+00  2.454592686722266492e+00  2.469580961024361088e+00
226 6781 1.116645e-01 7.502926e+02  2.432502644722515761e+00  2.441635910387384811e+00  2.451684300091972801e+00  2.471295568437601897e+00
227 6811 1.115978e-01 7.184122e+02  2.432502644722515761e+00  2.438890871813952366e+00  2.452937383056982057e+00  2.463555146698694465e+00
228 6841 1.147713e-01 7.142980e+02  2.431966609606598606e+00  2.431966609606598606e+00  2.452392134164099957e+00  2.466466284626801286e+00
229 6871 1.088619e-01 6.940442e+02  2.431966609606598606e+00  2.439067319579967030e+00  2.450566185305548483e+00  2.472220522285335953e+00
230 6901 1.088663e-01 6.865657e+02  2.431966609606598606e+00  2.438227693544113173e+00  2.454484432069818922e+00  2.469530149387491935e+00
231 6931 1.075397e-01 6.711083e+02  2.431966609606598606e+00  2.432702286754606202e+00  2.454068188928115291e+00  2.464584583587643873e+00
232 6961 1.013295e-01 6.695330e+02  2.431966609606598606e+00  2.437084046929802295e+00  2.452452770179076591e+00  2.464235208144290201e+00
233 6991 9.599085e-02 6.621453e+02  2.431966609606598606e+00  2.435606669457294426e+00  2.454448513082403416e+00  2.466972282865545818e+00
234 7021 8.666146e-02 6.583958e+02  2.431966609606598606e+00  2.439716565774262325e+00  2.451015936755998048e+00  2.463801220799508140e+00
235 7051 7.219429e-02 6.303997e+02  2.431966609606598606e+00  2.434896641877110302e+00  2.454654952433930504e+00  2.468402533561516954e+00
236 7081 6.399800e-02 6.292248e+02  2.431966609606598606e+00  2.437126619228741742e+00  2.451229596424704837e+00  2.465469106534768695e+00
237 7111 6.296104e-02 6.783892e+02  2.431966609606598606e+00  2.440129448719675853e+00  2.450861121946274146e+00  2.461437367030453682e+00
238 7141 6.202458e-02 7.498754e+02  2.431966609606598606e+00  2.436962431765063997e+00  2.451433141679416394e+00  2.467623634809187116e+00
239 7171 7.867728e-02 7.421273e+02  2.431966609606598606e+00  2.439482506497940406e+00  2.453835440132063006e+00  2.466526309456945398e+00
240 7201 8.245291e-02 7.451945e+02  2.431966609606598606e+00  2.438012262208598013e+00  2.451041651710396341e+00  2.470187720576230817e+00
241 7231 8.359598e-02 7.162015e+02  2.431966609606598606e+00  2.437912177629858679e+00  2.450228886232463932e+00  2.465488106129684276e+00
242 7261 7.765440e-02 7.242337e+02  2.431966609606598606e+00  2.437184371238235947e+00  2.452089338882283531e+00  2.463046195413479911e+00
243 7291 8.555341e-02 7.240643e+02  2.431966609606598606e+00  2.436781881162696450e+00  2.451630802578940393e+00  2.466890847345775128e+00
244 7321 7.799551e-02 6.830815e+02  2.431966609606598606e+00  2.437828830106431699e+00  2.453476639784649915e+00  2.468424091965865763e+00
245 7351 6.916605e-02 7.000527e+02  2.431966609606598606e+00  2.432991102226538693e+00  2.450539608702148708e+00  2.469439129434288560e+00
246 7381 7.016794e-02 6.712476e+02  2.431966609606598606e+00  2.438593116252177229e+00  2.450665442128016736e+00  2.468373284544884694e+00
247 7411 7.153542e-02 6.233011e+02  2.431966609606598606e+00  2.436868245817181311e+00  2.451649929858625399e+00  2.471348790898157954e+00
248 7441 7.551167e-02 6.375441e+02  2.431966609606598606e+00  2.433165529124093229e+00  2.454613216014722710e+00  2.466841358947169383e+00
249 7471 8.061432e-02 6.405167e+02  2.431209003462250440e+00  2.431209003462250440e+00  2.448774209504581911e+00  2.469254574945193070e+00
250 7501 8.392762e-02 6.242858e+02  2.431209003462250440e+00  2.432153497893989602e+00  2.451540568953566979e+00  2.465287256570603880e+00
251 7531 9.149508e-02 6.291608e+02  2.431209003462250440e+00  2.438182513244620431e+00  2.451435435675687557e+00  2.466747025188537279e+00
252 7561 9.079060e-02 6.574987e+02  2.431209003462250440e+00  2.437596622103487043e+00  2.451538232933774708e+00  2.466284539308322366e+00
253 7591 9.382276e-02 6.383113e+02  2.431209003462250440e+00  2.433376673846201044e+00  2.450163656666343392e+00  2.464804153160777833e+00
254 7621 9.333977e-02 6.108031e+02  2.431209003462250440e+00  2.433488067311860181e+00  2.454543420859926606e+00  2.469957034132988838e+00
255 7651 9.987820e-02 6.074317e+02  2.431209003462250440e+00  2.437472221991057619e+00  2.451533220800214963e+00  2.467441889133565436e+00
256 7681 1.066080e-01 5.798886e+02  2.431209003462250440e+00  2.433822971309841598e+00  2.453236435213717925e+00  2.471260757659373475e+00
257 7711 1.102569e-01 5.468709e+02  2.431209003462250440e+00  2.440028311567487673e+00  2.453279772938004921e+00  2.461672637978339573e+00
258 7741 9.743836e-02 5.335309e+02  2.431209003462250440e+00  2.438311387012420894e+00  2.456069772563449938e+00  2.470796016417433627e+00
259 7771 8.952699e-02 5.388034e+02  2.431209003462250440e+00  2.435433815501990562e+00  2.451939556197400449e+00  2.470529516559499150e+00
260 7801 9.154315e-02 5.534633e+02  2.431209003462250440e+00  2.439597245336018183e+00  2.451428519065374623e+00  2.464159613856284459e+00
261 7831 1.089967e-01 5.713314e+02  2.431209003462250440e+00  2.442200805425997601e+00  2.453784060420680646e+00  2.467844748232512764e+00
262 7861 1.106180e-01 5.822586e+02  2.431209003462250440e+00  2.432630729754817089e+00  2.451521391302713848e+00  2.468419492965133077e+00
263 7891 1.173469e-01 5.375607e+02  2.431209003462250440e+00  2.433104509715619201e+00  2.451845294537048581e+00  2.470053813706586165e+00
264 7921 1.296255e-01 5.436935e+02  2.431209003462250440e+00  2.441787233477246577e+00  2.453966125617281335e+00  2.470239294022797516e+00
265 7951 1.285960e-01 5.686192e+02  2.430685544853205204e+00  2.430685544853205204e+00  2.455305575631379078e+00  2.468848070048251575e+00
266 7981 1.260438e-01 5.911175e+02  2.430685544853205204e+00  2.437653241699111462e+00  2.453055256179868415e+00  2.468374219640798284e+00
267 8011 1.276567e-01 5.860692e+02  2.430685544853205204e+00  2.439072957657876906e+00  2.449360613734663072e+00  2.464077076866380445e+00
268 8041 1.276763e-01 5.875064e+02  2.430685544853205204e+00  2.439264150559800282e+00  2.453596456872244147e+00  2.471984113934841076e+00
269 8071 1.288071e-01 6.259079e+02  2.430685544853205204e+00  2.438867320087126700e+00  2.449812297821635454e+00  2.467021104530899400e+00
270 8101 1.281136e-01 6.660091e+02  2.430685544853205204e+00  2.439121076989140047e+00  2.452885432754741579e+00  2.470493303303789023e+00
271 8131 1.255760e-01 7.037937e+02  2.430685544853205204e+00  2.439190957200386478e+00  2.449388848580178468e+00  2.467059642173466294e+00
272 8161 1.240086e-01 7.141819e+02  2.428573417114528787e+00  2.428573417114528787e+00  2.451530963674420249e+00  2.463946617744952494e+00
273 8191 1.221873e-01 7.329203e+02  2.428573417114528787e+00  2.439478127122711282e+00  2.454353793223176261e+00  2.463920831133817657e+00
274 8221 1.162440e-01 7.482861e+02  2.428573417114528787e+00  2.441970783279728607e+00  2.451785486192941121e+00  2.469390000177688727e+00
275 8251 1.142499e-01 7.329265e+02  2.428573417114528787e+00  2.435808838880836991e+00  2.450160787405668117e+00  2.465670788621532328e+00
276 8281 1.088104e-01 7.406362e+02  2.428573417114528787e+00  2.435089959896625356e+00  2.452596709311205991e+00  2.466231614939829342e+00
277 8311 9.749268e-02 7.488211e+02  2.428573417114528787e+00  2.434757261421492736e+00  2.453396294468723315e+00  2.464809408885768605e+00
278 8341 8.871464e-02 7.764636e+02  2.428573417114528787e+00  2.437458105642492434e+00  2.452844509308362397e+00  2.467726990349365934e+00
279 8371 7.450510e-02 7.821451e+02  2.428573417114528787e+00  2.435917928378709352e+00  2.452403322587868750e+00  2.469566832648342647e+00
280 8401 8.627539e-02 7.291846e+02  2.428573417114528787e+00  2.439572636657148408e+00  2.450663245385918287e+00  2.466293052480970083e+00
281 8431 7.978668e-02 7.317631e+02  2.428573417114528787e+00  2.436628447702621436e+00  2.451499182095346452e+00  2.466078798427714602e+00
282 8461 8.623724e-02 7.781932e+02  2.428573417114528787e+00  2.437822973794499415e+00  2.453815253173904143e+00  2.465040519055281099e+00
283 8491 7.386490e-02 8.071019e+02  2.428573417114528787e+00  2.438138502877908120e+00  2.450821302796470924e+00  2.466248422375956206e+00
284 8521 8.297468e-02 8.955940e+02  2.428573417114528787e+00  2.429639553530694052e+00  2.453455847956105274e+00  2.467071366424648193e+00
285 8551 8.177729e-02 9.005783e+02  2.428573417114528787e+00  2.434931613919270266e+00  2.452063009841068286e+00  2.465345518887668064e+00
286 8581 8.428607e-02 9.179244e+02  2.428573417114528787e+00  2.437614015351850405e+00  2.450818233187882722e+00  2.460926364149375267e+00
287 8611 1.044722e-01 9.353975e+02  2.428573417114528787e+00  2.438192653294469991e+00  2.449077256828489091e+00  2.461827486555369315e+00
288 8641 1.048754e-01 9.438323e+02  2.428573417114528787e+00  2.434292658757996719e+00  2.454803636131958733e+00  2.469758438400533329e+00
289 8671 1.081381e-01 9.474079e+02  2.428573417114528787e+00  2.436216580334933823e+00  2.451826862549611796e+00  2.467888717868885529e+00
290 8701 1.057934e-01 8.794913e+02  2.428573417114528787e+00  2.430699970151381173e+00  2.452596707425389599e+00  2.468434961972409525e+00
291 8731 9.206857e-02 9.174555e+02  2.428573417114528787e+00  2.437287028157042901e+00  2.454866502712354848e+00  2.465691979836675429e+00
292 8761 1.019923e-01 7.942128e+02  2.428573417114528787e+00  2.434586591673714828e+00  2.449755749742709376e+00  2.465038145232883338e+00
293 8791 1.011426e-01 8.159920e+02  2.428573417114528787e+00  2.433814788973341692e+00  2.447985673376709137e+00  2.465799081193158937e+00
294 8821 9.298734e-02 8.403128e+02  2.428573417114528787e+00  2.433960951550927287e+00  2.452456374601656108e+00  2.464867276585872347e+00
295 8851 8.535246e-02 8.868007e+02  2.428573417114528787e+00  2.435043550656212474e+00  2.453034793242633960e+00  2.464115186732681373e+00
296 8881 7.453613e-02 9.401930e+02  2.428573417114528787e+00  2.441594833882931859e+00  2.452232408893803672e+00  2.465171607472082638e+00
297 8911 7.781481e-02 9.460665e+02  2.428573417114528787e+00  2.428932543141027356e+00  2.453778861051569393e+00  2.468181620649334995e+00
298 8941 8.583224e-02 9.507473e+02  2.428573417114528787e+00  2.438043520991167945e+00  2.450924543383086629e+00  2.465895542076738778e+00
299 8971 8.722289e-02 9.530070e+02  2.428573417114528787e+00  2.435915896853498186e+00  2.452248762371890933e+00  2.469893998242222555e+00
300 9001 8.333222e-02 9.673258e+02  2.428573417114528787e+00  2.437021782922137447e+00  2.450056722131285891e+00  2.467244207682761648e+00
301 9031 8.291083e-02 9.471419e+02  2.428573417114528787e+00  2.437472365387149953e+00  2.451101697107660904e+00  2.467587160870157170e+00
302 9061 8.207153e-02 1.001276e+03  2.428573417114528787e+00  2.434494851969537077e+00  2.451306664507610922e+00  2.463152279250440557e+00
303 9091 7.973087e-02 1.017951e+03  2.428573417114528787e+00  2.433621620605802338e+00  2.451857297209854458e+00  2.469319754267914835e+00
304 9121 7.409716e-02 1.006296e+03  2.428573417114528787e+00  2.434661949733164299e+00  2.453503449339829334e+00  2.466749196590146020e+00
305 9151 6.871915e-02 1.003258e+03  2.428573417114528787e+00  2.434881470925911451e+00  2.455987553543895974e+00  2.469431079932239648e+00
306 9181 6.159288e-02 1.029671e+03  2.428573417114528787e+00  2.435449630994749981e+00  2.448300289241062355e+00  2.466371230870872733e+00
307 9211 6.020720e-02 1.049758e+03  2.428573417114528787e+00  2.446026693040627809e+00  2.452937769105807853e+00  2.468666011862810983e+00
308 9241 5.618842e-02 1.112186e+03  2.428573417114528787e+00  2.431604819475665646e+00  2.453541929422329737e+00  2.465930842203205575e+00
309 9271 5.883327e-02 1.114682e+03  2.428573417114528787e+00  2.437003078472300910e+00  2.453137585704955548e+00  2.466247609308886979e+00
310 9301 6.027919e-02 1.160155e+03  2.428573417114528787e+00  2.440003140567188922e+00  2.452820858850623509e+00  2.467376311232322372e+00
311 9331 5.860435e-02 1.132510e+03  2.428573417114528787e+00  2.437501118247959120e+00  2.452976955191477071e+00  2.461945393329408649e+00
312 9361 5.796643e-02 1.191917e+03  2.428573417114528787e+00  2.439779892361538582e+00  2.452617108560398052e+00  2.470607874459541886e+00
313 9391 6.116811e-02 1.189448e+03  2.428573417114528787e+00  2.430901910703778146e+00  2.450552281092336138e+00  2.465356475093430699e+00
314 9421 5.736575e-02 1.173492e+03  2.428573417114528787e+00  2.440428342725551758e+00  2.452047175424787007e+00  2.458482068887303473e+00
315 9451 6.654873e-02 1.233184e+03  2.428573417114528787e+00  2.437186238843603192e+00  2.452601727526019904e+00  2.467219645558039520e+00
316 9481 7.005351e-02 1.258127e+03  2.428573417114528787e+00  2.435483202864702434e+00  2.450975830208097506e+00  2.472838550530449098e+00
317 9511 6.282363e-02 1.247114e+03  2.428573417114528787e+00  2.434766552551407059e+00  2.451930193758338206e+00  2.463911776201723747e+00
318 9541 6.035553e-02 1.299703e+03  2.428573417114528787e+00  2.440514515304427423e+00  2.453140084421798761e+00  2.465318118056788244e+00
319 9571 6.224333e-02 1.303669e+03  2.428573417114528787e+00  2.436142866260476936e+00  2.452044228729125308e+00  2.465085573897653592e+00
320 9601 7.312276e-02 1.312080e+03  2.428573417114528787e+00  2.436851140577212416e+00  2.449095936417454933e+00  2.467694072434535091e+00
321 9631 8.688134e-02 1.375736e+03  2.428573417114528787e+00  2.437495632045111993e+00  2.448552457457030318e+00  2.466660293914099356e+00
322 9661 9.116105e-02 1.370263e+03  2.428573417114528787e+00  2.436460306178361179e+00  2.449445170940229843e+00  2.464029930110763544e+00
323 9691 1.003018e-01 1.380790e+03  2.428573417114528787e+00  2.435308674998981626e+00  2.453824817131426084e+00  2.469645777276836096e+00
324 9721 1.094061e-01 1.422016e+03  2.428573417114528787e+00  2.434854565257424497e+00  2.451867723171095914e+00  2.464824761016602750e+00
325 9751 1.062306e-01 1.476286e+03  2.428573417114528787e+00  2.437527231691283713e+00  2.448787096831965826e+00  2.467620136087133265e+00
326 9781 9.570567e-02 1.496252e+03  2.428573417114528787e+00  2.439248609701219817e+00  2.450823687219227498e+00  2.471522837787766047e+00
327 9811 9.855008e-02 1.447999e+03  2.428573417114528787e+00  2.438567903879636400e+00  2.452015516816987706e+00  2.468155846532895659e+00
328 9841 9.440566e-02 1.477381e+03  2.428573417114528787e+00  2.439792658283105542e+00  2.453620270846198270e+00  2.469769230738808830e+00
329 9871 1.016389e-01 1.646631e+03  2.428573417114528787e+00  2.438846061441021007e+00  2.451767918454241357e+00  2.470269750048349255e+00
330 9901 1.119234e-01 1.783391e+03  2.428573417114528787e+00  2.430393125288699885e+00  2.452084693239291902e+00  2.460839587653795402e+00
331 9931 1.071838e-01 1.784295e+03  2.428573417114528787e+00  2.436072850528480327e+00  2.455211474983476361e+00  2.464107478361504455e+00
332 9961 1.075115e-01 1.679756e+03  2.428573417114528787e+00  2.437725871033554981e+00  2.452070853951282103e+00  2.470027509726969051e+00
333 9991 1.114383e-01 1.757753e+03  2.428573417114528787e+00  2.437059269324952204e+00  2.453300240379171271e+00  2.469584348666806761e+00
334 10021 1.068421e-01 1.766328e+03  2.428573417114528787e+00  2.431497830676319083e+00  2.451664987384259753e+00  2.465311472962722572e+00
335 10051 9.910681e-02 1.787896e+03  2.428573417114528787e+00  2.434553277712818709e+00  2.448791806958618977e+00  2.465588122457133213e+00
336 10081 9.475598e-02 1.805719e+03  2.428573417114528787e+00  2.441691765992972663e+00  2.455154388526774145e+00  2.465485601870281762e+00
337 10111 9.333142e-02 1.708662e+03  2.428573417114528787e+00  2.436129184197844300e+00  2.451864860505779120e+00  2.465092396706663358e+00
338 10141 9.435809e-02 1.597376e+03  2.428573417114528787e+00  2.436716364041521032e+00  2.451554224173926322e+00  2.465138759963465986e+00
339 10171 8.656023e-02 1.642345e+03  2.428573417114528787e+00  2.434945353986902372e+00  2.449354089067127482e+00  2.467673817375161782e+00
340 10201 8.133700e-02 1.626810e+03  2.428573417114528787e+00  2.435894896223468997e+00  2.454126423396215451e+00  2.468689059283724951e+00
341 10231 8.041877e-02 1.648978e+03  2.428573417114528787e+00  2.442274868638361962e+00  2.453068867453804813e+00  2.470671582264486688e+00
342 10261 8.538331e-02 1.669105e+03  2.428573417114528787e+00  2.432051571961225012e+00  2.453652869466699027e+00  2.467968619783264206e+00
343 10291 8.104086e-02 1.640344e+03  2.428573417114528787e+00  2.439921840265929731e+00  2.455867101989241963e+00  2.465807554886643160e+00
344 10321 7.954033e-02 1.655189e+03  2.428573417114528787e+00  2.433726450667611285e+00  2.452896713094376402e+00  2.469272644599338484e+00
345 10351 7.151987e-02 1.703611e+03  2.428573417114528787e+00  2.441646852216432961e+00  2.450758772997993162e+00  2.465871573021856999e+00
346 10381 7.017085e-02 1.642474e+03  2.428573417114528787e+00  2.432095858188511261e+00  2.451475240784197318e+00  2.463591719428611881e+00
347 10411 6.864009e-02 1.661168e+03  2.428573417114528787e+00  2.431961114939120705e+00  2.453220532299546619e+00  2.465225478605371556e+00
348 10441 5.814976e-02 1.669623e+03  2.428573417114528787e+00  2.429961325186487553e+00  2.452061859313271697e+00  2.472889906207197619e+00
349 10471 5.605368e-02 1.736177e+03  2.428573417114528787e+00  2.436675271175702040e+00  2.453540375216412883e+00  2.465833023482293829e+00
350 10501 6.394006e-02 1.808236e+03  2.428573417114528787e+00  2.434471084559160836e+00  2.448195111784256639e+00  2.467882601350934291e+00
351 10531 6.256118e-02 1.813470e+03  2.428573417114528787e+00  2.436426514403284393e+00  2.451414735367237085e+00  2.465259081172845868e+00
352 10561 6.172899e-02 1.793842e+03  2.428573417114528787e+00  2.433029172316813593e+00  2.453632036197852528e+00  2.465075663330524414e+00
353 10591 6.877311e-02 1.747669e+03  2.428573417114528787e+00  2.442270555534015841e+00  2.451154735352387704e+00  2.468233063804666561e+00
354 10621 5.975799e-02 1.739642e+03  2.428573417114528787e+00  2.438086474648548219e+00  2.449899368518085652e+00  2.462001677311302483e+00
355 10651 6.193890e-02 1.678481e+03  2.428573417114528787e+00  2.435785736427118930e+00  2.453006671904700120e+00  2.469246738582771883e+00
356 10681 5.711393e-02 1.723103e+03  2.428573417114528787e+00  2.438458103217193695e+00  2.455830892143062272e+00  2.470270779753241275e+00
357 10711 5.503059e-02 1.753287e+03  2.428573417114528787e+00  2.436540721657893371e+00  2.456524011273367059e+00  2.466684625482879145e+00
358 10741 5.410728e-02 1.783551e+03  2.428573417114528787e+00  2.433893000119960348e+00  2.452491898128080550e+00  2.468686927920515473e+00
359 10771 6.284561e-02 1.781652e+03  2.428573417114528787e+00  2.440257278534789354e+00  2.453636441139862345e+00  2.472306634401637115e+00
360 10801 6.299747e-02 1.791558e+03  2.428573417114528787e+00  2.437670655661031915e+00  2.453443530298331510e+00  2.462887611547591948e+00
361 10831 6.223003e-02 1.729857e+03  2.428573417114528787e+00  2.433250055005455881e+00  2.450551798285076632e+00  2.464569985590808088e+00
362 10861 6.171405e-02 1.738595e+03  2.428573417114528787e+00  2.437738644283898193e+00  2.452570428429378779e+00  2.465029501268742429e+00
363 10891 5.710250e-02 1.726060e+03  2.428573417114528787e+00  2.433683541515781812e+00  2.449104998120977150e+00  2.464229113147947015e+00
364 10921 5.590854e-02 1.657031e+03  2.428573417114528787e+00  2.440671425863344624e+00  2.454123420062203742e+00  2.468320371424588711e+00
365 10951 4.897412e-02 1.670555e+03  2.428573417114528787e+00  2.434614946115904566e+00  2.452878755693403523e+00  2.466146755739079488e+00
366 10981 4.609762e-02 1.746028e+03  2.428573417114528787e+00  2.435352641267252594e+00  2.451213965764829084e+00  2.463134766376802620e+00
367 11011 4.170578e-02 1.779403e+03  2.428573417114528787e+00  2.436834477058094528e+00  2.450763319457020639e+00  2.463920690073999609e+00
368 11041 3.832383e-02 1.807905e+03  2.428573417114528787e+00  2.436850881628044085e+00  2.451545426788285909e+00  2.466559500100163671e+00
369 11071 3.559229e-02 1.751231e+03  2.428573417114528787e+00  2.436965569788812846e+00  2.451436853347181533e+00  2.466369151431786477e+00
370 11101 3.386715e-02 1.624749e+03  2.428573417114528787e+00  2.440154493667472835e+00  2.452533752243767573e+00  2.465585690131409269e+00
371 11131 3.245752e-02 1.812734e+03  2.428573417114528787e+00  2.438799733981243723e+00  2.453250943523139327e+00  2.465388672410589344e+00
372 11161 3.164645e-02 1.826578e+03  2.428573417114528787e+00  2.437248937041711638e+00  2.450440376320881519e+00  2.464824294291943385e+00
373 11191 3.233765e-02 1.902016e+03  2.428573417114528787e+00  2.436382383415800934e+00  2.451691629330558619e+00  2.471426560865863209e+00
374 11221 3.142960e-02 1.885851e+03  2.428573417114528787e+00  2.434822539354174697e+00  2.452724763139900066e+00  2.472812395844611100e+00
375 11251 3.798744e-02 1.879516e+03  2.428573417114528787e+00  2.430718311172924029e+00  2.448488481333091826e+00  2.462645141731673259e+00
376 11281 3.767327e-02 1.771882e+03  2.428573417114528787e+00  2.438397363488986169e+00  2.451826039280238234e+00  2.463364568294473145e+00
377 11311 3.461464e-02 1.828619e+03  2.428573417114528787e+00  2.434246496919037828e+00  2.446996527580759029e+00  2.471680868856266144e+00
378 11341 3.489170e-02 1.879366e+03  2.428573417114528787e+00  2.435989626635089333e+00  2.451472869423234613e+00  2.465610395676200106e+00
379 11371 3.174397e-02 1.954956e+03  2.428573417114528787e+00  2.434356342022232056e+00  2.450628368193731532e+00  2.463150757085306175e+00
380 11401 3.048257e-02 1.975792e+03  2.428573417114528787e+00  2.434009991154383545e+00  2.451205581816356727e+00  2.460333515899081114e+00
381 11431 3.186363e-02 1.900213e+03  2.428573417114528787e+00  2.436606858125500708e+00  2.452656850094919516e+00  2.467492751055484046e+00
382 11461 2.939295e-02 2.070080e+03  2.428573417114528787e+00  2.435626510281446500e+00  2.453127683842002860e+00  2.464715813864566840e+00
383 11491 2.877437e-02 2.070452e+03  2.428573417114528787e+00  2.435202411193467142e+00  2.450984144107873242e+00  2.459807682897691805e+00
384 11521 2.484781e-02 2.061193e+03  2.428573417114528787e+00  2.432157674984880114e+00  2.451981433435959534e+00  2.466931372781983711e+00
385 11551 2.541880e-02 2.135363e+03  2.428573417114528787e+00  2.438464864743944194e+00  2.452935375328345380e+00  2.471245575967946362e+00
386 11581 2.757705e-02 2.046931e+03  2.428573417114528787e+00  2.434430217129469387e+00  2.451316678412553074e+00  2.468547726197548808e+00
387 11611 3.311283e-02 2.202386e+03  2.428573417114528787e+00  2.431159050658611154e+00  2.452936337724557880e+00  2.467902336207439262e+00
388 11641 3.707906e-02 2.383221e+03  2.428573417114528787e+00  2.435802616290168920e+00  2.454528447446279849e+00  2.466249821733751180e+00
389 11671 3.866220e-02 2.199362e+03  2.428573417114528787e+00  2.434726989442723699e+00  2.454326206412689615e+00  2.464869395955517906e+00
390 11701 3.580250e-02 2.315597e+03  2.428573417114528787e+00  2.436897829542952199e+00  2.449611728812932654e+00  2.468685561560661768e+00
391 11731 3.630188e-02 2.627592e+03  2.428573417114528787e+00  2.436069927449700412e+00  2.451498216393197538e+00  2.466424353856131457e+00
392 11761 3.484041e-02 2.679974e+03  2.428573417114528787e+00  2.442862161481058614e+00  2.452035950751687565e+00  2.464008383283394998e+00
393 11791 3.772932e-02 2.672345e+03  2.428573417114528787e+00  2.434962449939011453e+00  2.450003818712078729e+00  2.460889557932522731e+00
394 11821 3.546191e-02 2.791413e+03  2.428573417114528787e+00  2.436955301743648494e+00  2.452958268904419370e+00  2.464509311647938183e+00
395 11851 3.569899e-02 2.850273e+03  2.428573417114528787e+00  2.434403474592908179e+00  2.450808011736576031e+00  2.464729700152060055e+00
396 11881 3.998413e-02 2.886874e+03  2.428573417114528787e+00  2.432076876074261484e+00  2.449178172926933073e+00  2.464655396236270501e+00
397 11911 3.904960e-02 2.943982e+03  2.428573417114528787e+00  2.435196231879565243e+00  2.450655337008284640e+00  2.472181490206135646e+00
398 11941 4.062825e-02 3.004484e+03  2.428573417114528787e+00  2.430726932279799524e+00  2.450875868282510694e+00  2.466744763479521207e+00
399 11971 3.919997e-02 2.950310e+03  2.428573417114528787e+00  2.432914879358578641e+00  2.453269513862494478e+00  2.470831608682183766e+00
400 12001 4.220664e-02 2.978100e+03  2.428573417114528787e+00  2.434978651883150658e+00  2.447943552985438309e+00  2.463284057425267903e+00
401 12031 4.124990e-02 3.097645e+03  2.428573417114528787e+00  2.434142553667844044e+00  2.451586055714582990e+00  2.466547966781155399e+00
402 12061 4.998063e-02 3.019227e+03  2.428573417114528787e+00  2.432343946740771923e+00  2.452094837020907470e+00  2.466987381760769704e+00
403 12091 4.593375e-02 3.107755e+03  2.428573417114528787e+00  2.435899630461231702e+00  2.452075916271486022e+00  2.462120395415436036e+00
404 12121 4.387039e-02 3.172483e+03  2.428573417114528787e+00  2.435982026097899045e+00  2.454345356645481147e+00  2.470789670999686383e+00
405 12151 4.325947e-02 3.114169e+03  2.428573417114528787e+00  2.440027114055244528e+00  2.455762884221648790e+00  2.469291895877352427e+00
406 12181 3.899722e-02 3.316207e+03  2.428573417114528787e+00  2.437074393724968147e+00  2.453547484801536172e+00  2.466305463815516408e+00
407 12211 3.791029e-02 3.564581e+03  2.428573417114528787e+00  2.440481565125333319e+00  2.449917599151073766e+00  2.463673215755463719e+00
408 12241 3.723097e-02 3.449543e+03  2.428573417114528787e+00  2.434075357510258719e+00  2.448040679099884542e+00  2.465146869521885886e+00
409 12271 3.410667e-02 3.540428e+03  2.428573417114528787e+00  2.438152578781521029e+00  2.448055172904762156e+00  2.461808109388866850e+00
410 12301 3.162915e-02 3.479339e+03  2.428573417114528787e+00  2.430071890972070658e+00  2.451857956510169245e+00  2.466559872266016029e+00
411 12331 3.865742e-02 3.043967e+03  2.428573417114528787e+00  2.433054882980217215e+00  2.449919127873671165e+00  2.465420717696466202e+00
412 12361 4.057130e-02 3.203626e+03  2.428573417114528787e+00  2.437009684565305534e+00  2.452836900767387363e+00  2.465328168856119273e+00
413 12391 4.317847e-02 3.397692e+03  2.428573417114528787e+00  2.440912277910239681e+00  2.451788101946160925e+00  2.466050814854780615e+00
414 12421 4.658245e-02 3.601323e+03  2.428573417114528787e+00  2.438381060360025554e+00  2.452845125292961725e+00  2.465138066665454097e+00
415 12451 4.296619e-02 3.616323e+03  2.428573417114528787e+00  2.436768346614782033e+00  2.451817365837877460e+00  2.470489213634424086e+00
416 12481 4.216391e-02 3.534896e+03  2.428573417114528787e+00  2.436579448192413899e+00  2.450065343895202918e+00  2.461899086495294320e+00
417 12511 3.747345e-02 3.566056e+03  2.428573417114528787e+00  2.435053836528306537e+00  2.449506551986222025e+00  2.471712370791689484e+00
418 12541 3.213934e-02 3.707305e+03  2.428573417114528787e+00  2.432418293323215241e+00  2.451400677696429664e+00  2.468197961708602506e+00
419 12571 3.059580e-02 3.487172e+03  2.428573417114528787e+00  2.440720043686980034e+00  2.451692560902392515e+00  2.470736141587662971e+00
420 12601 3.084891e-02 3.448556e+03  2.428573417114528787e+00  2.437816467600486536e+00  2.450080483732041792e+00  2.467228461198839984e+00
421 12631 2.895223e-02 3.464162e+03  2.428573417114528787e+00  2.436885086041771231e+00  2.453288021596567781e+00  2.463660046087817523e+00
422 12661 2.771458e-02 3.462874e+03  2.428573417114528787e+00  2.438635910109434146e+00  2.454981740381848354e+00  2.468189617399953573e+00
423 12691 2.739778e-02 3.500866e+03  2.428573417114528787e+00  2.429833968666428756e+00  2.452496469304355831e+00  2.463392395647138855e+00
424 12721 2.530751e-02 3.522973e+03  2.428573417114528787e+00  2.432895863727274399e+00  2.452266295982892252e+00  2.466013628037558636e+00
425 12751 2.494187e-02 3.400707e+03  2.428573417114528787e+00  2.436437875283048449e+00  2.449948093821209483e+00  2.462211925124958345e+00
426 12781 2.378228e-02 3.333847e+03  2.428573417114528787e+00  2.441692622702660742e+00  2.453163963585177854e+00  2.471025659691390430e+00
427 12811 2.239456e-02 3.388271e+03  2.428573417114528787e+00  2.436743282127598054e+00  2.452198874698557685e+00  2.470166536944191193e+00
428 12841 2.344986e-02 3.428668e+03  2.428573417114528787e+00  2.436718425757773421e+00  2.454406335213357604e+00  2.465300717383033025e+00
429 12871 2.310176e-02 3.454195e+03  2.428573417114528787e+00  2.438143017381591005e+00  2.456107645222435742e+00  2.466327910666882506e+00
430 12901 2.240097e-02 3.770490e+03  2.428573417114528787e+00  2.430677961260395037e+00  2.449275673745889836e+00  2.464090679237658676e+00
431 12931 2.063167e-02 3.731153e+03  2.428573417114528787e+00  2.441340585629763194e+00  2.453806267026008570e+00  2.469728868289371437e+00
432 12961 2.063413e-02 3.792367e+03  2.428573417114528787e+00  2.435438216750730245e+00  2.452629495596301723e+00  2.468930326886339177e+00
433 12991 2.116999e-02 3.614716e+03  2.428573417114528787e+00  2.437079280709433693e+00  2.452063252565435558e+00  2.463977515846062616e+00
434 13021 1.992556e-02 3.573285e+03  2.428573417114528787e+00  2.438654245221945516e+00  2.452697944551811116e+00  2.467355951370577394e+00
435 13051 2.151236e-02 3.616620e+03  2.428573417114528787e+00  2.437924197390130221e+00  2.452794324926581560e+00  2.469594880396448033e+00
436 13081 1.732355e-02 3.609198e+03  2.428573417114528787e+00  2.431166776047958944e+00  2.449737093329091397e+00  2.463304575348444825e+00
437 13111 1.544249e-02 3.800025e+03  2.428573417114528787e+00  2.433243957239036970e+00  2.454075170246521331e+00  2.464018540008050095e+00
438 13141 1.279232e-02 3.751903e+03  2.428573417114528787e+00  2.437375472805440868e+00  2.452336084730002419e+00  2.467715511207221546e+00
439 13171 1.220400e-02 3.528278e+03  2.428573417114528787e+00  2.440744936031734369e+00  2.450284998730908548e+00  2.463693249631253135e+00
440 13201 1.228592e-02 3.377886e+03  2.428573417114528787e+00  2.435560187320641834e+00  2.451690622205931369e+00  2.464950979947666987e+00
441 13231 1.216159e-02 3.432418e+03  2.428573417114528787e+00  2.437470194563280401e+00  2.452344393305314618e+00  2.469029708960926772e+00
442 13261 1.238556e-02 3.392687e+03  2.428573417114528787e+00  2.436978706488084789e+00  2.452432000040528415e+00  2.464875294417816942e+00
443 13291 1.166241e-02 3.432441e+03  2.428573417114528787e+00  2.432960782042356218e+00  2.452259451953776370e+00  2.466609536767118804e+00
444 13321 1.124781e-02 3.472435e+03  2.428573417114528787e+00  2.435507759230974845e+00  2.451866137186524242e+00  2.466752239609915520e+00
445 13351 1.142797e-02 3.547142e+03  2.428573417114528787e+00  2.437870208172423947e+00  2.450776019535663153e+00  2.471386110117636647e+00
446 13381 1.125980e-02 3.371433e+03  2.428573417114528787e+00  2.437556752289480766e+00  2.451734754459130805e+00  2.464699933853169878e+00
447 13411 1.120035e-02 3.140908e+03  2.428573417114528787e+00  2.443777830734935375e+00  2.452965371918143234e+00  2.462535354637179985e+00
448 13441 1.097417e-02 3.107515e+03  2.428573417114528787e+00  2.434488219165041656e+00  2.451040380726259293e+00  2.470917760871463198e+00
449 13471 1.028388e-02 2.936993e+03  2.428573417114528787e+00  2.433895003801116896e+00  2.450697449576217046e+00  2.463411417287343586e+00
450 13501 1.205521e-02 2.898889e+03  2.428573417114528787e+00  2.431481028912105824e+00  2.453268227776915111e+00  2.469749353122566049e+00
451 13531 1.278600e-02 3.014159e+03  2.428573417114528787e+00  2.441120135017710968e+00  2.450161321179120222e+00  2.466660445743534602e+00
452 13561 1.385194e-02 3.179164e+03  2.428573417114528787e+00  2.431201669934347720e+00  2.453909119146696405e+00  2.460671139633411997e+00
453 13591 1.373923e-02 3.114842e+03  2.428573417114528787e+00  2.437410018950921575e+00  2.448350399301387093e+00  2.467416021576778640e+00
454 13621 1.267024e-02 3.005873e+03  2.428573417114528787e+00  2.436588537712753411e+00  2.452281156527182926e+00  2.464638338072369095e+00
455 13651 1.159039e-02 2.906490e+03  2.428573417114528787e+00  2.429921600408617710e+00  2.448938479141617108e+00  2.467380839120311364e+00
456 13681 1.012320e-02 2.955485e+03  2.428573417114528787e+00  2.438743040746975232e+00  2.450970764905664456e+00  2.466417337177372993e+00
457 13711 9.636311e-03 2.977733e+03  2.428573417114528787e+00  2.431022211273001776e+00  2.450769683058490855e+00  2.466156359935958164e+00
458 13741 9.328078e-03 3.224194e+03  2.428573417114528787e+00  2.433800653237100153e+00  2.452309237001181863e+00  2.465686810734034839e+00
459 13771 9.314023e-03 3.234551e+03  2.428573417114528787e+00  2.437949660992672296e+00  2.452178147803439678e+00  2.471274614888332888e+00
460 13801 8.917694e-03 3.298204e+03  2.428573417114528787e+00  2.438347112552757157e+00  2.452846648043094824e+00  2.470904752450568065e+00
461 13831 8.540196e-03 3.333079e+03  2.428573417114528787e+00  2.431306548518962440e+00  2.449700658446987145e+00  2.470478298633419278e+00
462 13861 9.277317e-03 3.324605e+03  2.428573417114528787e+00  2.436447857628598168e+00  2.449699996383354783e+00  2.463825027399950685e+00
463 13891 9.085390e-03 3.428172e+03  2.428573417114528787e+00  2.436515659686730118e+00  2.450122965476942749e+00  2.460082591613782288e+00
464 13921 8.843489e-03 3.365785e+03  2.428573417114528787e+00  2.436263099380316266e+00  2.453661470020329638e+00  2.467932817517952238e+00
465 13951 8.169901e-03 3.354792e+03  2.428573417114528787e+00  2.434990546382537868e+00  2.455145200780878501e+00  2.470146435640977245e+00
466 13981 9.755970e-03 3.534045e+03  2.428573417114528787e+00  2.431161679732833925e+00  2.448527374159817249e+00  2.461939773542341836e+00
