%  columns="iteration, evaluation, sigma, axis ratio, bestever, best, median, worst fitness function value, further objective values of best" (startseed=205275, 2015/09/2 11:6:9.76)
1 31 2.681448e+00 7.492060e+00  3.451550728103400445e+01  3.451550728103400445e+01  1.089052592145226299e+02                       Inf
2 61 2.514595e+00 7.835431e+00  3.363307353729489790e+01  3.363307353729489790e+01  8.544859213912226892e+01  3.182696520353832841e+08
3 91 2.961623e+00 8.249332e+00  3.330700856638911489e+01  3.330700856638911489e+01  8.544275215343776608e+01  1.209305371609557867e+09
4 121 3.695709e+00 8.925375e+00  3.302015367401352819e+01  3.302015367401352819e+01  8.465020844926320365e+01  3.003232802280148026e+05
5 151 3.663358e+00 9.256394e+00  3.173928490770604682e+01  3.173928490770604682e+01  7.844198087253971607e+01  1.520118381303983333e+05
6 181 3.471411e+00 9.422773e+00  3.173928490770604682e+01  3.234198872563976579e+01  7.155368272532435014e+01  1.551106351221627301e+04
7 211 3.156621e+00 9.598594e+00  3.173928490770604682e+01  3.416273724744151963e+01  8.544606709825961843e+01  7.784413380129596680e+12
8 241 2.700059e+00 9.649042e+00  3.173928490770604682e+01  3.395645498743748902e+01  8.370266562221078743e+01  7.606375993235438727e+03
9 271 2.519689e+00 9.915649e+00  3.173928490770604682e+01  3.415836031221768110e+01  6.653965172276681983e+01  1.179657063860889821e+03
10 301 2.363187e+00 1.017937e+01  3.173928490770604682e+01  3.349915859680098862e+01  5.646405624812369695e+01  2.040037117966856385e+04
11 331 2.181718e+00 1.043765e+01  3.173928490770604682e+01  3.213897635997981439e+01  5.301744243042996629e+01  1.649571193360525854e+02
12 361 2.110143e+00 1.018664e+01  3.085509271151901700e+01  3.085509271151901700e+01  4.884906296521978675e+01  2.510188031647144089e+04
13 391 1.959577e+00 1.026881e+01  3.085509271151901700e+01  3.140694009027075140e+01  6.125769690667762291e+01  1.727946348166862208e+03
14 421 1.796851e+00 1.050699e+01  3.085509271151901700e+01  3.212982129842637136e+01  5.311080853905367150e+01  7.923276868194456256e+03
15 451 1.671327e+00 1.104156e+01  3.085509271151901700e+01  3.198990314507942756e+01  3.845430259093273406e+01  1.422315707523546735e+03
16 481 1.883793e+00 1.162951e+01  2.984871174886821876e+01  2.984871174886821876e+01  4.178256769357635392e+01  4.339792240465853297e+02
17 511 1.733965e+00 1.205999e+01  2.984871174886821876e+01  3.217985168076866387e+01  6.253290230997635746e+01  5.633701546249112653e+03
18 541 1.528029e+00 1.221100e+01  2.984871174886821876e+01  3.156196033247877608e+01  3.724477614984306229e+01  6.667313130683830877e+02
19 571 1.388715e+00 1.291681e+01  2.983078795971681529e+01  2.983078795971681529e+01  3.733772981529534718e+01  3.888879920961644984e+03
20 601 1.279741e+00 1.390220e+01  2.983078795971681529e+01  3.157602448861084454e+01  3.519653640447528176e+01  8.568470951421603559e+02
21 631 1.196806e+00 1.419674e+01  2.983078795971681529e+01  3.133170090959959353e+01  3.385795742904953443e+01  2.840599598863764754e+02
22 661 1.302783e+00 1.438770e+01  2.983078795971681529e+01  3.165851534676081869e+01  3.416885141954149674e+01  9.959714288911584390e+01
23 691 1.416497e+00 1.501418e+01  2.983078795971681529e+01  3.150376485569245233e+01  3.431718054682402652e+01  1.951151037388919463e+02
24 721 1.336785e+00 1.537076e+01  2.983078795971681529e+01  3.119209681754925256e+01  3.756951244202602425e+01  2.383688980784747002e+02
25 751 1.386349e+00 1.596784e+01  2.983078795971681529e+01  3.067663295290243042e+01  3.701770330285397392e+01  8.545393615461432546e+01
26 781 1.265935e+00 1.603411e+01  2.983078795971681529e+01  3.078558938119645561e+01  3.438138288596609016e+01  9.485022610429343786e+02
27 811 1.272574e+00 1.593318e+01  2.983078795971681529e+01  3.097066906043480827e+01  3.404208787614442144e+01  8.375125967175878827e+01
28 841 1.321137e+00 1.660426e+01  2.983078795971681529e+01  3.035174251524303557e+01  3.605908549735518420e+01  3.900175540098977081e+02
29 871 1.171828e+00 1.763749e+01  2.973135415111641677e+01  2.973135415111641677e+01  3.290706334410690204e+01  5.694708362289076149e+02
30 901 1.231964e+00 1.897492e+01  2.973135415111641677e+01  3.115578908451368534e+01  3.275948207186812766e+01  1.023568290833825358e+03
31 931 1.121862e+00 1.974772e+01  2.973135415111641677e+01  3.070976607732750097e+01  3.628658672842817623e+01  3.992339923167647271e+02
32 961 1.311315e+00 2.156398e+01  2.973135415111641677e+01  3.085215164060211990e+01  3.530190064615031531e+01  5.087647879807386886e+01
33 991 1.482332e+00 2.210890e+01  2.906685431115389662e+01  2.906685431115389662e+01  3.362593783212678744e+01  1.114920118542592036e+02
34 1021 1.450511e+00 2.284153e+01  2.906685431115389662e+01  3.025271630232690612e+01  3.675281235630789922e+01  2.962832104833262861e+02
35 1051 1.338749e+00 2.324860e+01  2.840722463737783698e+01  2.840722463737783698e+01  3.344016007573825533e+01  1.812873489467291392e+02
36 1081 1.319429e+00 2.284838e+01  2.840722463737783698e+01  3.000896728086056342e+01  3.383677754684148908e+01  8.511195886589018755e+01
37 1111 1.400973e+00 2.283945e+01  2.840722463737783698e+01  3.005619165086569211e+01  3.334859474148238689e+01  5.613022268382285802e+03
38 1141 1.528898e+00 2.296375e+01  2.840722463737783698e+01  3.060055660617008755e+01  3.649051915340506014e+01  2.677694228055681833e+02
39 1171 1.351050e+00 2.390679e+01  2.840722463737783698e+01  3.030832135133793415e+01  4.176252424545286601e+01  9.559132611402757220e+02
40 1201 1.289562e+00 2.475230e+01  2.840722463737783698e+01  2.852128355427261397e+01  3.342029877421649076e+01  3.038695289172355274e+02
41 1231 1.186757e+00 2.465351e+01  2.840722463737783698e+01  3.028298944180594887e+01  3.495374517308991358e+01  3.778312238003216862e+03
42 1261 1.154588e+00 2.516459e+01  2.824110664705730045e+01  2.824110664705730045e+01  3.193788982895045336e+01  4.634497841222549397e+01
43 1291 1.163518e+00 2.545607e+01  2.824110664705730045e+01  3.018910050298624270e+01  3.268080816952722500e+01  1.022883219781347748e+02
44 1321 1.070430e+00 2.713304e+01  2.824110664705730045e+01  2.989224640415790546e+01  3.353459780009740143e+01  6.138134337312932587e+01
45 1351 1.095128e+00 2.934092e+01  2.824110664705730045e+01  2.970796205782742305e+01  3.215523453656709307e+01  5.252742515849791261e+01
46 1381 1.032572e+00 2.919755e+01  2.824110664705730045e+01  2.907653799597873245e+01  3.157036352759440945e+01  8.746499168468596963e+01
47 1411 1.074024e+00 2.982245e+01  2.824110664705730045e+01  2.953937296515352173e+01  3.132503712906639493e+01  4.412108804898536505e+02
48 1441 1.182466e+00 3.153721e+01  2.753076679029659246e+01  2.753076679029659246e+01  3.119150708163013519e+01  3.860591506113655669e+01
49 1471 1.208128e+00 3.292659e+01  2.372800666337066033e+01  2.372800666337066033e+01  3.141998412220072012e+01  4.223714871049575663e+02
50 1501 1.134239e+00 3.421156e+01  2.372800666337066033e+01  2.773320504808123843e+01  3.273912247020763289e+01  1.680009772960419301e+06
51 1531 1.102347e+00 3.706906e+01  1.715506561468028579e+01  1.715506561468028579e+01  3.436689442005907580e+01  1.611810731270718975e+02
52 1561 1.030069e+00 3.850639e+01  1.715506561468028579e+01  2.543922902957411836e+01  3.356955959464170292e+01  8.684609736127322321e+03
53 1591 9.461962e-01 3.793845e+01  1.715506561468028579e+01  1.819001354749227772e+01  3.192139346664637500e+01  8.546290433171355971e+01
54 1621 9.588573e-01 3.739315e+01  1.715506561468028579e+01  2.267458109094405216e+01  3.286602551713546916e+01  1.051458761858440084e+03
55 1651 9.769744e-01 3.772867e+01  1.715506561468028579e+01  2.003929583169888673e+01  3.187611974128507342e+01  8.545068278933605654e+01
56 1681 9.181073e-01 3.713471e+01  1.674604446178100048e+01  1.674604446178100048e+01  3.154152944271326930e+01  7.019383689344651066e+05
57 1711 8.775273e-01 3.709531e+01  1.674604446178100048e+01  2.329052262347213542e+01  3.259242345364826576e+01  9.398933117305114138e+01
58 1741 9.312283e-01 3.747701e+01  6.332293570300670638e+00  6.332293570300670638e+00  2.896638027419393779e+01  2.305817510180066747e+05
59 1771 8.903645e-01 3.845399e+01  6.332293570300670638e+00  1.621231484582278526e+01  3.164049107288777662e+01  7.322289130264759933e+02
60 1801 8.680143e-01 3.774522e+01  6.332293570300670638e+00  1.910847022960810548e+01  3.171286147775762032e+01  8.545044216126431991e+01
61 1831 9.555245e-01 3.644597e+01  6.332293570300670638e+00  1.720300585929436110e+01  2.919110253703404112e+01  8.546305520482388829e+01
62 1861 9.266429e-01 3.665741e+01  6.332293570300670638e+00  2.192841727809993202e+01  3.221154966839731770e+01  1.219535588755888399e+06
63 1891 9.220097e-01 3.874563e+01  6.332293570300670638e+00  1.383532377230865507e+01  3.825643242440789038e+01  7.981165697093118797e+04
64 1921 9.317943e-01 4.015358e+01  6.332293570300670638e+00  1.323553597196094422e+01  3.186818217736271208e+01  5.738297846341741206e+03
65 1951 8.805071e-01 4.198343e+01  6.332293570300670638e+00  1.600975248628290615e+01  2.807146431432722267e+01  1.311644718311257236e+02
66 1981 8.614391e-01 4.267671e+01  6.332293570300670638e+00  1.592704655842276829e+01  2.900108493950685329e+01  9.091457629021599018e+01
67 2011 7.509679e-01 4.522665e+01  6.332293570300670638e+00  1.436379089100648443e+01  3.299106551240279117e+01  9.322294595688663321e+02
68 2041 7.625072e-01 4.628267e+01  6.332293570300670638e+00  1.128218868527880581e+01  2.795724564324963524e+01  4.148640858821286820e+05
69 2071 7.589303e-01 4.817105e+01  5.700717012342636281e+00  5.700717012342636281e+00  2.894190212279052687e+01  8.546297008085782920e+01
70 2101 7.628430e-01 4.959826e+01  5.700717012342636281e+00  8.643959708912015927e+00  2.360885655654582038e+01  3.379985665224062927e+02
71 2131 7.196257e-01 4.965006e+01  5.700717012342636281e+00  1.471340247773626864e+01  2.393207060642495065e+01  1.513586786966060060e+02
72 2161 6.394961e-01 4.999586e+01  5.196598169452275151e+00  5.196598169452275151e+00  2.284484272401064686e+01  8.546297190327115345e+01
73 2191 7.040124e-01 4.935581e+01  3.781573866521979799e+00  3.781573866521979799e+00  2.128106323340004735e+01  1.676773523819550246e+04
74 2221 7.279252e-01 4.786789e+01  3.781573866521979799e+00  9.218618713065421133e+00  2.509356253895478872e+01  1.150022030363310478e+03
75 2251 7.037944e-01 4.939185e+01  3.629113384514054630e+00  3.629113384514054630e+00  2.810207966853548101e+01  8.546303900343420423e+01
76 2281 6.556419e-01 5.354355e+01  3.629113384514054630e+00  5.384952810843802951e+00  2.890636185974973671e+01  2.567893863249644824e+02
77 2311 5.339405e-01 5.552137e+01  3.629113384514054630e+00  7.515643133559374078e+00  2.096838250731776299e+01  7.219196494657328003e+04
78 2341 4.479454e-01 5.655403e+01  3.629113384514054630e+00  4.167801345963255244e+00  1.697264330599699633e+01  1.086727809331929677e+02
79 2371 4.089995e-01 5.989169e+01  3.222692102251370816e+00  3.222692102251370816e+00  1.324462461091266974e+01  5.721376158554467395e+01
80 2401 3.570593e-01 6.030163e+01  3.222692102251370816e+00  3.512342503582922770e+00  1.200400168164286008e+01  1.325808961404243576e+02
81 2431 3.288611e-01 6.141365e+01  2.976831275860577719e+00  2.976831275860577719e+00  9.867089423986215024e+00  3.755150773842446142e+03
82 2461 2.950421e-01 6.258123e+01  2.976831275860577719e+00  4.160575177434545857e+00  9.900929003057271416e+00  1.264947727876865287e+02
83 2491 2.919661e-01 6.492805e+01  2.809695921866251389e+00  2.809695921866251389e+00  9.950847544022295210e+00  2.396410164985518918e+02
84 2521 3.123048e-01 6.922079e+01  2.664744423827465347e+00  2.664744423827465347e+00  8.785996878233344631e+00  8.542201955644948441e+01
85 2551 3.328987e-01 7.023386e+01  2.664744423827465347e+00  2.884377322933695531e+00  9.585074607600265750e+00  1.107008029834706093e+02
86 2581 3.511178e-01 7.036163e+01  2.664744423827465347e+00  2.690309365198511049e+00  1.195593395498390343e+01  1.667497237227643154e+02
87 2611 3.371784e-01 7.156774e+01  2.664744423827465347e+00  3.702376859654642249e+00  9.255094845163373662e+00  8.545851869669365897e+01
88 2641 3.342513e-01 7.601812e+01  2.664744423827465347e+00  3.535116205928406252e+00  7.629028326323717302e+00  1.622256260154115921e+02
89 2671 3.079368e-01 7.940236e+01  2.506047049873486809e+00  2.506047049873486809e+00  9.131756317788340738e+00  2.975377953020733912e+02
90 2701 3.245245e-01 7.859756e+01  2.506047049873486809e+00  2.534182883992878832e+00  6.831919490371314296e+00  8.305680203197616152e+01
91 2731 3.405982e-01 8.133554e+01  2.506047049873486809e+00  2.600707702664379450e+00  9.463459932536633090e+00  1.549556471890729483e+02
92 2761 4.153765e-01 8.076553e+01  2.498994157825685125e+00  2.498994157825685125e+00  6.752171375430556566e+00  8.171068846479228398e+01
93 2791 3.673164e-01 8.234974e+01  2.498994157825685125e+00  3.082143870245744655e+00  1.036757912147358596e+01  8.546297774821867677e+01
94 2821 3.721005e-01 8.433377e+01  2.498994157825685125e+00  2.905517564898868699e+00  7.125284449904111028e+00  6.907146009445644097e+01
95 2851 3.715997e-01 8.592455e+01  2.498994157825685125e+00  2.748936500347518574e+00  6.404764046902861274e+00  6.128682425200457118e+01
96 2881 3.072174e-01 8.812538e+01  2.454582241267718068e+00  2.454582241267718068e+00  6.406644329635463819e+00  3.681220074918999074e+01
97 2911 2.941093e-01 8.851525e+01  2.454582241267718068e+00  2.700058357394498731e+00  5.963149625551482202e+00  2.364504121056627639e+01
98 2941 3.009402e-01 9.851091e+01  2.454582241267718068e+00  2.458514832946545159e+00  5.332252986920274829e+00  4.241190275436832025e+01
99 2971 2.772831e-01 1.012566e+02  2.454582241267718068e+00  2.463586583318250867e+00  4.321060288471191058e+00  5.449357101227410283e+01
100 3001 2.273977e-01 1.028035e+02  2.453998679243497349e+00  2.453998679243497349e+00  3.523409139520812694e+00  2.359493028302501472e+01
101 3031 2.095787e-01 1.034472e+02  2.453998679243497349e+00  2.550230385272207911e+00  3.577300807549834261e+00  2.344194811380527099e+01
102 3061 1.912761e-01 1.086120e+02  2.453998679243497349e+00  2.509056047585416227e+00  3.100605640994712253e+00  7.229535998311360068e+00
103 3091 1.716934e-01 1.121136e+02  2.451353067817181319e+00  2.451353067817181319e+00  2.966777592463918367e+00  7.443802529474220719e+00
104 3121 1.716133e-01 1.240962e+02  2.451353067817181319e+00  2.478120094018021469e+00  2.774569797113657366e+00  1.371059477280751793e+01
105 3151 1.568121e-01 1.363575e+02  2.451353067817181319e+00  2.476334656483504482e+00  2.882078675936265988e+00  5.857690285640106076e+00
106 3181 1.774245e-01 1.391780e+02  2.451353067817181319e+00  2.469012902420219646e+00  2.757663102890906437e+00  4.984833686275806919e+00
107 3211 1.746945e-01 1.412281e+02  2.451353067817181319e+00  2.458343871144954118e+00  2.803350742259270056e+00  7.878274326937198424e+00
108 3241 1.609300e-01 1.384770e+02  2.451353067817181319e+00  2.454223678594898317e+00  2.878082969017944137e+00  5.212963565559359580e+00
109 3271 1.418656e-01 1.482333e+02  2.451353067817181319e+00  2.457150509365133129e+00  2.777278350700722154e+00  1.792992885644197543e+01
110 3301 1.282154e-01 1.495582e+02  2.451353067817181319e+00  2.461836156885798044e+00  2.607410959658055027e+00  4.031448985979335653e+00
111 3331 1.144150e-01 1.542134e+02  2.445806364394530696e+00  2.445806364394530696e+00  2.631940229906742701e+00  6.625190868533712418e+00
112 3361 1.050240e-01 1.569792e+02  2.445806364394530696e+00  2.454767619264445422e+00  2.511544945999296452e+00  3.206771474562787994e+00
113 3391 1.092888e-01 1.605952e+02  2.445806364394530696e+00  2.457730132845283411e+00  2.509927423791320944e+00  3.110874395558642203e+00
114 3421 1.187114e-01 1.654613e+02  2.445806364394530696e+00  2.461053306213635938e+00  2.509958602576879194e+00  2.797550625142405156e+00
115 3451 1.068516e-01 1.725480e+02  2.445806364394530696e+00  2.452635693867124100e+00  2.504054945415760791e+00  2.823590834302237340e+00
116 3481 1.128611e-01 1.751217e+02  2.445806364394530696e+00  2.457451095521268503e+00  2.482665479302774258e+00  2.805168848953778049e+00
117 3511 1.208058e-01 1.889672e+02  2.445806364394530696e+00  2.453117949220452232e+00  2.503145455895511073e+00  2.729995544244205874e+00
118 3541 1.346430e-01 2.160845e+02  2.445806364394530696e+00  2.457030093436532336e+00  2.524773340059963900e+00  2.864959581045960046e+00
119 3571 1.455191e-01 2.242285e+02  2.445806364394530696e+00  2.455520437402577638e+00  2.510461519940306641e+00  2.914115446086328109e+00
120 3601 1.426320e-01 2.302509e+02  2.445806364394530696e+00  2.465629920924317098e+00  2.543928935269803571e+00  3.343824061880307674e+00
121 3631 1.436681e-01 2.426725e+02  2.445806364394530696e+00  2.463852832371256074e+00  2.533048280170503652e+00  2.747044829177663239e+00
122 3661 1.319231e-01 2.505174e+02  2.445806364394530696e+00  2.465508880519343471e+00  2.519178459727497099e+00  3.541359438747515576e+00
123 3691 1.324503e-01 2.517168e+02  2.445806364394530696e+00  2.454414795931821214e+00  2.502120447573135564e+00  2.692915234536172431e+00
124 3721 1.269260e-01 2.702404e+02  2.445806364394530696e+00  2.460549324994212306e+00  2.519168667323602229e+00  2.825759380942971077e+00
125 3751 1.318254e-01 2.821255e+02  2.445806364394530696e+00  2.451381710510012191e+00  2.479545466565883149e+00  2.585143914342684646e+00
126 3781 1.315642e-01 2.835081e+02  2.445806364394530696e+00  2.456025792588193202e+00  2.488364210294236045e+00  2.692658296409819574e+00
127 3811 1.324087e-01 2.963423e+02  2.445806364394530696e+00  2.450782171114149754e+00  2.476552072626233780e+00  2.614021786047416640e+00
128 3841 1.328213e-01 3.079628e+02  2.445806364394530696e+00  2.448803037472932598e+00  2.493523862399329438e+00  3.106684015517314101e+00
129 3871 1.128316e-01 3.232355e+02  2.445806364394530696e+00  2.449120495218410909e+00  2.481277926192530625e+00  2.788010374445628603e+00
130 3901 1.205851e-01 3.303090e+02  2.445806364394530696e+00  2.453518942284416138e+00  2.482553815602682512e+00  2.526297650037252041e+00
131 3931 1.175390e-01 3.412733e+02  2.445806364394530696e+00  2.451693855069683181e+00  2.476404002304007701e+00  2.533152239139159434e+00
132 3961 1.375341e-01 3.688775e+02  2.445806364394530696e+00  2.451387951149961442e+00  2.470586195621627290e+00  2.517478159045146935e+00
133 3991 1.160881e-01 3.945697e+02  2.445806364394530696e+00  2.455447690586914256e+00  2.491510708119740070e+00  2.777100916739712932e+00
134 4021 9.943839e-02 3.981848e+02  2.445806364394530696e+00  2.452970987924234958e+00  2.466214986472234472e+00  2.598066933701028702e+00
135 4051 9.365154e-02 4.060532e+02  2.445806364394530696e+00  2.448297127853335198e+00  2.463665414725667357e+00  2.499533553085846904e+00
136 4081 9.088736e-02 4.076786e+02  2.445806364394530696e+00  2.451450919900979741e+00  2.461159556199616905e+00  2.499406055681314687e+00
137 4111 9.683650e-02 4.389872e+02  2.445806364394530696e+00  2.446732156329507912e+00  2.465567884725196279e+00  2.489137558526389515e+00
138 4141 9.106512e-02 4.456772e+02  2.445806364394530696e+00  2.450656307819746527e+00  2.461875764020306168e+00  2.504301173807292891e+00
139 4171 8.837581e-02 4.498237e+02  2.445806364394530696e+00  2.447030499711554175e+00  2.462422813777553010e+00  2.475935526587959234e+00
140 4201 8.499160e-02 4.903768e+02  2.445806364394530696e+00  2.446639773380181460e+00  2.460612254015503986e+00  2.514022113576740658e+00
141 4231 7.444461e-02 5.076857e+02  2.445806364394530696e+00  2.447833638306926574e+00  2.457975188436534175e+00  2.477725692514810341e+00
142 4261 7.284570e-02 5.134187e+02  2.443341940820946245e+00  2.443341940820946245e+00  2.462482672372016346e+00  2.480808586687399675e+00
143 4291 7.170458e-02 5.351246e+02  2.439379248529671695e+00  2.439379248529671695e+00  2.457960219684201864e+00  2.481467557269343871e+00
144 4321 6.835335e-02 5.715254e+02  2.439379248529671695e+00  2.443102125299115190e+00  2.458361384206178446e+00  2.471252349856731367e+00
145 4351 6.286348e-02 5.759761e+02  2.439379248529671695e+00  2.445125901562611670e+00  2.458630182102346851e+00  2.476036740496276867e+00
146 4381 6.405370e-02 6.128030e+02  2.439379248529671695e+00  2.441433298779728478e+00  2.459782801890312509e+00  2.474734419488770598e+00
147 4411 7.009848e-02 6.192834e+02  2.439379248529671695e+00  2.445749005095460227e+00  2.457111393201746985e+00  2.477254695767105108e+00
148 4441 6.857412e-02 6.216313e+02  2.438896360171144195e+00  2.438896360171144195e+00  2.458287651264372986e+00  2.481952414183469902e+00
149 4471 7.624581e-02 6.530539e+02  2.438108803059138463e+00  2.438108803059138463e+00  2.458893952393791604e+00  2.478001934947250184e+00
150 4501 7.571325e-02 6.668192e+02  2.438108803059138463e+00  2.447029901473082081e+00  2.457662817052809423e+00  2.477061628647614810e+00
151 4531 6.815393e-02 6.811883e+02  2.438108803059138463e+00  2.448923071423373177e+00  2.457429751510517235e+00  2.478897801668284551e+00
152 4561 5.687560e-02 7.163811e+02  2.438108803059138463e+00  2.442702984018116918e+00  2.456715831545061235e+00  2.471266139367624071e+00
153 4591 5.223147e-02 7.210151e+02  2.438108803059138463e+00  2.443719447376500931e+00  2.457301816944981177e+00  2.473000166241311248e+00
154 4621 4.369669e-02 7.393719e+02  2.438108803059138463e+00  2.440349071784178481e+00  2.457432059041035899e+00  2.470796382348167786e+00
155 4651 3.871573e-02 7.252940e+02  2.438108803059138463e+00  2.447243027161018158e+00  2.457031391293913458e+00  2.470307493293101508e+00
156 4681 3.522683e-02 7.224099e+02  2.436590139030050395e+00  2.436590139030050395e+00  2.456420029140724992e+00  2.473628461549164825e+00
157 4711 3.566159e-02 7.125184e+02  2.436590139030050395e+00  2.438521086016496753e+00  2.455901533698757966e+00  2.471891301433399413e+00
158 4741 3.532606e-02 7.877751e+02  2.435474098507923735e+00  2.435474098507923735e+00  2.456476484713737474e+00  2.469854743206258973e+00
159 4771 3.933835e-02 7.538402e+02  2.435474098507923735e+00  2.441997466227255664e+00  2.456039142917255003e+00  2.471816373992139937e+00
160 4801 4.066765e-02 7.957581e+02  2.435474098507923735e+00  2.442422385115230465e+00  2.457865223769772456e+00  2.471374703561406427e+00
161 4831 4.602865e-02 8.125067e+02  2.435474098507923735e+00  2.436799590115243497e+00  2.455127039582695403e+00  2.468818713588952107e+00
162 4861 5.652806e-02 8.093817e+02  2.435474098507923735e+00  2.439644444816011060e+00  2.454821459368053738e+00  2.468384807806105918e+00
163 4891 6.800113e-02 8.119974e+02  2.435474098507923735e+00  2.439097456711861067e+00  2.455730311973650437e+00  2.465235521563057475e+00
164 4921 8.385373e-02 8.437508e+02  2.435474098507923735e+00  2.437465949451715019e+00  2.456992496134021486e+00  2.467611202638860135e+00
165 4951 8.759370e-02 8.721803e+02  2.435474098507923735e+00  2.440980470007977576e+00  2.455864741074808677e+00  2.485431996305380142e+00
166 4981 9.504652e-02 8.614935e+02  2.435474098507923735e+00  2.445041242930354741e+00  2.459128876453514856e+00  2.477077945352370136e+00
167 5011 1.044268e-01 8.634334e+02  2.435474098507923735e+00  2.440074427244285360e+00  2.460862767279586194e+00  2.472157803000966325e+00
168 5041 1.144357e-01 8.502961e+02  2.435474098507923735e+00  2.449066008842274211e+00  2.457225983922400658e+00  2.479284582093314704e+00
169 5071 1.148644e-01 8.526141e+02  2.435474098507923735e+00  2.443842018250789394e+00  2.457888422648027760e+00  2.476228029539231823e+00
170 5101 1.232746e-01 8.533050e+02  2.435474098507923735e+00  2.444383096876195705e+00  2.457525730980780310e+00  2.477810100529572068e+00
171 5131 1.370665e-01 8.907505e+02  2.435474098507923735e+00  2.447570952798707733e+00  2.459591755096261156e+00  2.489278325623972776e+00
172 5161 1.378116e-01 9.265091e+02  2.435474098507923735e+00  2.435770847510569936e+00  2.461609820118597192e+00  2.491449959898438316e+00
173 5191 1.228230e-01 1.015105e+03  2.435474098507923735e+00  2.449155334973962095e+00  2.459767211735610637e+00  2.478211610878286120e+00
174 5221 1.285157e-01 1.030822e+03  2.435474098507923735e+00  2.446063817342434277e+00  2.460168666358446998e+00  2.484248649143883991e+00
175 5251 1.307134e-01 1.037335e+03  2.435474098507923735e+00  2.448661265316505187e+00  2.458261358025940702e+00  2.472656406928407158e+00
176 5281 1.240037e-01 1.006485e+03  2.435474098507923735e+00  2.450905217665130920e+00  2.459844820682093758e+00  2.478868849492464221e+00
177 5311 1.215774e-01 9.815940e+02  2.435474098507923735e+00  2.440673890126476842e+00  2.458165882901662158e+00  2.480106345369087251e+00
178 5341 1.063356e-01 1.029520e+03  2.435474098507923735e+00  2.448754471085778039e+00  2.458989451840076335e+00  2.469188016995958801e+00
179 5371 1.118896e-01 1.084237e+03  2.435474098507923735e+00  2.435923707266351546e+00  2.456994984865062293e+00  2.473610925427460305e+00
180 5401 1.169599e-01 1.068207e+03  2.435474098507923735e+00  2.442679261548316383e+00  2.458981560306242820e+00  2.473332264976000339e+00
181 5431 1.257264e-01 1.186078e+03  2.435474098507923735e+00  2.435886635433680780e+00  2.456047181865868012e+00  2.476166174163202616e+00
182 5461 1.412957e-01 1.200481e+03  2.435474098507923735e+00  2.443291741257020977e+00  2.457196502955953932e+00  2.492857329307908376e+00
183 5491 1.333456e-01 1.180485e+03  2.435474098507923735e+00  2.445562078664234473e+00  2.459462978878877770e+00  2.522753063984205735e+00
184 5521 1.304264e-01 1.173251e+03  2.435474098507923735e+00  2.444665410316459564e+00  2.457105837055371556e+00  2.471031261766000409e+00
185 5551 1.255883e-01 1.182242e+03  2.435474098507923735e+00  2.446834785531840417e+00  2.457218569644986417e+00  2.483827254558282238e+00
186 5581 1.286300e-01 1.085483e+03  2.435474098507923735e+00  2.446386790621574825e+00  2.458868338006604759e+00  2.471512226064693341e+00
187 5611 1.214001e-01 1.147244e+03  2.434579348137051902e+00  2.434579348137051902e+00  2.457040116490244230e+00  2.481717726341498675e+00
188 5641 1.112727e-01 1.157141e+03  2.434579348137051902e+00  2.438964769268704202e+00  2.456528372534601878e+00  2.467382061818233829e+00
189 5671 1.054756e-01 1.145810e+03  2.434579348137051902e+00  2.437466588313154769e+00  2.456557265884939945e+00  2.467576758627716860e+00
190 5701 1.038396e-01 1.159103e+03  2.434579348137051902e+00  2.443470039572185559e+00  2.454926412499619737e+00  2.472989978347303719e+00
191 5731 9.166329e-02 1.140343e+03  2.434579348137051902e+00  2.441892887240600718e+00  2.454597953566809210e+00  2.471468959062319559e+00
192 5761 9.452190e-02 1.148647e+03  2.434579348137051902e+00  2.444170335452546805e+00  2.457475266042039586e+00  2.467305787440329023e+00
193 5791 9.735426e-02 1.153940e+03  2.434579348137051902e+00  2.435929629706399702e+00  2.456717527675364998e+00  2.470563037183890476e+00
194 5821 9.763983e-02 1.152046e+03  2.434579348137051902e+00  2.441788922010489582e+00  2.457680969500678714e+00  2.473423679418771837e+00
195 5851 9.007004e-02 1.112838e+03  2.434579348137051902e+00  2.436653835542180069e+00  2.455521544615009155e+00  2.475121223601790987e+00
196 5881 8.717461e-02 1.083561e+03  2.434579348137051902e+00  2.443507051722598078e+00  2.456415649329694695e+00  2.467298002961818337e+00
197 5911 8.170164e-02 1.081573e+03  2.434579348137051902e+00  2.437747065803907098e+00  2.457172705818765124e+00  2.470987385120535507e+00
198 5941 9.229135e-02 1.061903e+03  2.426654588524983058e+00  2.426654588524983058e+00  2.456185969220866738e+00  2.474802735435964518e+00
199 5971 1.063844e-01 1.102674e+03  2.426654588524983058e+00  2.438522929484500334e+00  2.453392240060579432e+00  2.474320928960612065e+00
200 6001 9.796715e-02 1.112009e+03  2.426654588524983058e+00  2.437511951337480998e+00  2.457854193739306581e+00  2.472600911248667988e+00
201 6031 9.542287e-02 1.152463e+03  2.426654588524983058e+00  2.439085354872360334e+00  2.457979418054210718e+00  2.473395139844639434e+00
202 6061 9.170091e-02 1.140249e+03  2.426654588524983058e+00  2.440917105579064383e+00  2.457320426928734314e+00  2.466551599566944031e+00
203 6091 8.665791e-02 1.162269e+03  2.426654588524983058e+00  2.446049550816354667e+00  2.457735228677649708e+00  2.467320735678856458e+00
204 6121 7.444934e-02 1.196092e+03  2.426654588524983058e+00  2.447994774542083807e+00  2.456933764394929831e+00  2.469635094095864236e+00
205 6151 6.847108e-02 1.222571e+03  2.426654588524983058e+00  2.446746385185385009e+00  2.455680400111014183e+00  2.465033619417426269e+00
206 6181 6.576704e-02 1.311081e+03  2.426654588524983058e+00  2.441772498260696533e+00  2.455780234629555636e+00  2.470760763278776917e+00
207 6211 7.512500e-02 1.355900e+03  2.426654588524983058e+00  2.445008774236430593e+00  2.457415956960558034e+00  2.467667503080723357e+00
208 6241 8.112733e-02 1.385137e+03  2.426654588524983058e+00  2.443291680994013948e+00  2.455454667327936491e+00  2.473250701714496458e+00
209 6271 8.208408e-02 1.439593e+03  2.426654588524983058e+00  2.438254811133804267e+00  2.454584761819853078e+00  2.465987434127411504e+00
210 6301 7.751633e-02 1.394955e+03  2.426654588524983058e+00  2.446695957383833608e+00  2.457540726368253381e+00  2.474531975574729259e+00
211 6331 6.785605e-02 1.452537e+03  2.426654588524983058e+00  2.441698008361941952e+00  2.456615675755170258e+00  2.468321492888886581e+00
212 6361 6.867740e-02 1.410669e+03  2.426654588524983058e+00  2.442185663099002202e+00  2.454989773812893183e+00  2.473831414572981391e+00
213 6391 6.787151e-02 1.480660e+03  2.426654588524983058e+00  2.436772088247341372e+00  2.455667045685961281e+00  2.471062847786052785e+00
214 6421 6.702226e-02 1.557681e+03  2.426654588524983058e+00  2.435565661704492069e+00  2.456498832676797583e+00  2.471421959278365499e+00
215 6451 6.628103e-02 1.600526e+03  2.426654588524983058e+00  2.439240296780137651e+00  2.456350182708511909e+00  2.479959589256700792e+00
216 6481 6.677398e-02 1.674249e+03  2.426654588524983058e+00  2.437382949824402623e+00  2.457245108826399793e+00  2.475379250591223101e+00
217 6511 6.565648e-02 1.632412e+03  2.426654588524983058e+00  2.441746487669648857e+00  2.455037440550809968e+00  2.470365833441561687e+00
218 6541 7.803447e-02 1.598095e+03  2.426654588524983058e+00  2.441215698615622820e+00  2.456820727886976030e+00  2.473875666151837294e+00
219 6571 8.408792e-02 1.665763e+03  2.426654588524983058e+00  2.428578697368102279e+00  2.455963485234927024e+00  2.472223247881725428e+00
220 6601 8.450848e-02 1.757385e+03  2.426654588524983058e+00  2.444920322632396559e+00  2.457071757218275199e+00  2.476393738342195672e+00
221 6631 7.367846e-02 1.800825e+03  2.426654588524983058e+00  2.439207247865541106e+00  2.456425682382668896e+00  2.471365315197662227e+00
222 6661 6.441460e-02 1.797685e+03  2.426654588524983058e+00  2.443535888159010572e+00  2.457948549665832871e+00  2.475460319795337316e+00
223 6691 5.802641e-02 1.781633e+03  2.426654588524983058e+00  2.446166471740950143e+00  2.456622731358923950e+00  2.466653958602561758e+00
224 6721 6.177403e-02 1.735943e+03  2.426654588524983058e+00  2.441309740142725282e+00  2.456410124099959624e+00  2.474728167840269499e+00
225 6751 5.281866e-02 1.860068e+03  2.426654588524983058e+00  2.438352568884621263e+00  2.456353892480564127e+00  2.470478159312209154e+00
226 6781 5.135366e-02 1.932988e+03  2.426654588524983058e+00  2.436384604900149853e+00  2.449963214436151837e+00  2.465132933493928924e+00
227 6811 4.757522e-02 1.991280e+03  2.425415023399484227e+00  2.425415023399484227e+00  2.455272146533860500e+00  2.465039329301305315e+00
228 6841 4.479732e-02 2.053749e+03  2.425415023399484227e+00  2.442749852134440403e+00  2.457070027943653479e+00  2.470247337273225874e+00
229 6871 4.512179e-02 2.163963e+03  2.425415023399484227e+00  2.437564714330621829e+00  2.455323200374277093e+00  2.471291483305983583e+00
230 6901 4.920727e-02 2.133483e+03  2.425415023399484227e+00  2.434007953863831730e+00  2.452777223540774543e+00  2.471256445436411209e+00
231 6931 5.735200e-02 2.099738e+03  2.425415023399484227e+00  2.441878877779390500e+00  2.456718435250972554e+00  2.469499733710095235e+00
232 6961 6.448331e-02 2.083462e+03  2.425415023399484227e+00  2.437097289769691866e+00  2.456235289462987748e+00  2.474525790442159590e+00
233 6991 6.555247e-02 2.081827e+03  2.425415023399484227e+00  2.440646073776931324e+00  2.455492824090750759e+00  2.474968108287328494e+00
234 7021 6.581649e-02 2.049909e+03  2.425415023399484227e+00  2.436957122589259672e+00  2.457836211676176941e+00  2.474190613348356660e+00
235 7051 5.993395e-02 2.042657e+03  2.425415023399484227e+00  2.437930686201594810e+00  2.453023888593081292e+00  2.467402064543126716e+00
236 7081 5.788625e-02 2.077894e+03  2.425415023399484227e+00  2.439541403754089899e+00  2.454107977851249789e+00  2.480743549357967037e+00
237 7111 6.199416e-02 2.128453e+03  2.425415023399484227e+00  2.432066022234430580e+00  2.456232117013121385e+00  2.470437302225981124e+00
238 7141 6.756806e-02 2.066349e+03  2.425415023399484227e+00  2.439009646487310778e+00  2.456008575772851366e+00  2.470467536477990222e+00
239 7171 6.895318e-02 2.197023e+03  2.425415023399484227e+00  2.438778174676825117e+00  2.457812758813850085e+00  2.466622354154020869e+00
240 7201 6.690761e-02 2.215121e+03  2.425415023399484227e+00  2.436762421728329464e+00  2.455636858354228291e+00  2.470820458181808732e+00
241 7231 7.093106e-02 2.075779e+03  2.425415023399484227e+00  2.441015774485700618e+00  2.457422272269238039e+00  2.471641189017366624e+00
242 7261 6.572215e-02 2.146131e+03  2.425415023399484227e+00  2.434792703293044980e+00  2.456880593664178658e+00  2.470315898784787745e+00
243 7291 6.126754e-02 2.170906e+03  2.425415023399484227e+00  2.436932960355168820e+00  2.456963994097663306e+00  2.470873373599778766e+00
244 7321 5.329072e-02 2.163434e+03  2.425415023399484227e+00  2.434158164762327381e+00  2.456554926231397040e+00  2.478872851661475085e+00
245 7351 4.996016e-02 2.228493e+03  2.425415023399484227e+00  2.441039691099449183e+00  2.458248876663007287e+00  2.471338201038204563e+00
246 7381 4.608768e-02 2.115867e+03  2.425415023399484227e+00  2.432778891923152109e+00  2.455490027926110486e+00  2.475547339521204204e+00
247 7411 4.179546e-02 2.087884e+03  2.425415023399484227e+00  2.430108475983967509e+00  2.454942898603312607e+00  2.476371181060456728e+00
248 7441 4.071224e-02 2.028151e+03  2.425415023399484227e+00  2.425513002971845022e+00  2.456830723566210573e+00  2.477252213558617910e+00
249 7471 3.526038e-02 2.031099e+03  2.425415023399484227e+00  2.434887040891008603e+00  2.454811412582388996e+00  2.467759245920541300e+00
250 7501 3.380805e-02 2.207882e+03  2.425415023399484227e+00  2.434461035524009720e+00  2.456326746933486405e+00  2.471431994933015464e+00
251 7531 3.914106e-02 2.376227e+03  2.425415023399484227e+00  2.434910902365657659e+00  2.454047530898546547e+00  2.473372594303485439e+00
252 7561 3.598128e-02 2.341087e+03  2.425415023399484227e+00  2.436492849251399750e+00  2.455294245686698851e+00  2.477748168243731008e+00
253 7591 3.217031e-02 2.360334e+03  2.425415023399484227e+00  2.436635570399983131e+00  2.453769804717143010e+00  2.474181524356942052e+00
254 7621 2.690041e-02 2.422448e+03  2.425415023399484227e+00  2.437833401371626518e+00  2.457350901493639661e+00  2.471614985599436043e+00
255 7651 2.507096e-02 2.306241e+03  2.425415023399484227e+00  2.436311260913234911e+00  2.456010478418769072e+00  2.466416596805066419e+00
256 7681 2.665290e-02 2.344555e+03  2.425415023399484227e+00  2.425560124534305473e+00  2.455538268033919724e+00  2.468981422322680253e+00
257 7711 3.140101e-02 2.388389e+03  2.425415023399484227e+00  2.429255579741587567e+00  2.454598314836835549e+00  2.472571417958609352e+00
258 7741 3.033275e-02 2.369840e+03  2.425415023399484227e+00  2.439799920828266799e+00  2.455809456786274492e+00  2.470935769793206394e+00
259 7771 2.738407e-02 2.468947e+03  2.425415023399484227e+00  2.437472003592870085e+00  2.454672140338778341e+00  2.472628351502090371e+00
260 7801 2.438765e-02 2.440375e+03  2.425415023399484227e+00  2.432741567681244277e+00  2.456925732618551628e+00  2.472522910898678372e+00
261 7831 2.316770e-02 2.539903e+03  2.425415023399484227e+00  2.437158510709202641e+00  2.454703121906019803e+00  2.473321119935606660e+00
262 7861 2.255189e-02 2.587245e+03  2.425415023399484227e+00  2.433718128070855968e+00  2.454669864005947666e+00  2.470457348231649863e+00
263 7891 2.279330e-02 2.594700e+03  2.425415023399484227e+00  2.434235946833752884e+00  2.455995341386154607e+00  2.473677426662209911e+00
264 7921 2.381366e-02 2.654018e+03  2.425415023399484227e+00  2.433535431043541308e+00  2.458186987146264268e+00  2.470938831699128091e+00
265 7951 2.334089e-02 2.790836e+03  2.425415023399484227e+00  2.432719249005741435e+00  2.457762395478218842e+00  2.471950630031963581e+00
266 7981 2.204381e-02 2.792166e+03  2.425415023399484227e+00  2.438693055994825443e+00  2.456681606015164387e+00  2.469972471496344468e+00
267 8011 2.563024e-02 2.542940e+03  2.425415023399484227e+00  2.442499879671210739e+00  2.456286854926731600e+00  2.476278467712075493e+00
268 8041 2.833947e-02 2.358525e+03  2.425415023399484227e+00  2.435437344670726478e+00  2.455131636754178448e+00  2.473471763144445390e+00
269 8071 3.174987e-02 2.303111e+03  2.425415023399484227e+00  2.434936982174459530e+00  2.457672405657937542e+00  2.474950264116273946e+00
270 8101 2.990065e-02 2.416405e+03  2.425415023399484227e+00  2.437309444684518045e+00  2.455593518141605536e+00  2.471051180413649462e+00
271 8131 2.905788e-02 2.348977e+03  2.425415023399484227e+00  2.442121147348948362e+00  2.455694057595905200e+00  2.473358966479977550e+00
272 8161 2.666349e-02 2.371815e+03  2.425415023399484227e+00  2.439376761053173581e+00  2.457261488915055025e+00  2.472500708569708827e+00
273 8191 2.582648e-02 2.478219e+03  2.425415023399484227e+00  2.443918507580796096e+00  2.455967896796499961e+00  2.471493496853545135e+00
274 8221 2.351282e-02 2.511889e+03  2.425415023399484227e+00  2.439940921600562085e+00  2.454754501770807451e+00  2.470697615515824896e+00
275 8251 2.119682e-02 2.503564e+03  2.425415023399484227e+00  2.434285910033712419e+00  2.458409765157369087e+00  2.473065873126736758e+00
276 8281 2.287438e-02 2.383754e+03  2.425415023399484227e+00  2.435756882392123401e+00  2.454955182595592422e+00  2.468108198092692884e+00
277 8311 2.278274e-02 2.405532e+03  2.425415023399484227e+00  2.436489087933491948e+00  2.456459640406869482e+00  2.481088825328050973e+00
278 8341 2.214746e-02 2.475255e+03  2.425415023399484227e+00  2.437167820415889530e+00  2.455317073415880458e+00  2.465636456047018754e+00
279 8371 2.437547e-02 2.538945e+03  2.425415023399484227e+00  2.445293937680386165e+00  2.457761991866570739e+00  2.478876559450678307e+00
280 8401 2.159228e-02 2.453155e+03  2.425415023399484227e+00  2.438576136120609750e+00  2.456773361922442334e+00  2.477242340569446810e+00
281 8431 2.176789e-02 2.431011e+03  2.425415023399484227e+00  2.429351783483968852e+00  2.457770217498821630e+00  2.472262489033367316e+00
282 8461 1.924504e-02 2.429945e+03  2.425415023399484227e+00  2.427197680500440491e+00  2.455086762640189768e+00  2.475131098879135738e+00
283 8491 2.058841e-02 2.431223e+03  2.425415023399484227e+00  2.435468077465266834e+00  2.455287561448211697e+00  2.471081022986821640e+00
284 8521 2.072408e-02 2.551818e+03  2.425415023399484227e+00  2.440010642390414652e+00  2.456378162765093798e+00  2.480490781992286120e+00
285 8551 2.102643e-02 2.593824e+03  2.425415023399484227e+00  2.430012591720336790e+00  2.455416911627112508e+00  2.469958548023874823e+00
286 8581 1.997237e-02 2.667954e+03  2.425415023399484227e+00  2.441901087535907511e+00  2.457783849067384452e+00  2.474808139461945888e+00
287 8611 2.473668e-02 2.864436e+03  2.425415023399484227e+00  2.429460802005027897e+00  2.457571772011837297e+00  2.475156030870582669e+00
288 8641 2.572573e-02 2.839617e+03  2.425415023399484227e+00  2.434560749129238477e+00  2.455972952864473591e+00  2.475056885729034928e+00
289 8671 2.542695e-02 3.001541e+03  2.425415023399484227e+00  2.437578345917857714e+00  2.455195516590626958e+00  2.473693067819517921e+00
290 8701 2.290453e-02 3.103091e+03  2.425415023399484227e+00  2.433755008534988828e+00  2.452570675203887607e+00  2.467769975663716142e+00
291 8731 2.352547e-02 3.314131e+03  2.425415023399484227e+00  2.442157586844127870e+00  2.454939161559000382e+00  2.481541466887301262e+00
292 8761 2.421003e-02 3.451189e+03  2.425415023399484227e+00  2.434666866552784636e+00  2.453825249438624123e+00  2.471133528899046361e+00
293 8791 2.250130e-02 3.661838e+03  2.425415023399484227e+00  2.437681614818384634e+00  2.455126933696052394e+00  2.465246803000296083e+00
294 8821 2.086464e-02 3.545216e+03  2.425415023399484227e+00  2.442625549079050273e+00  2.455988663586844645e+00  2.466204683791711982e+00
295 8851 2.027584e-02 3.525698e+03  2.425415023399484227e+00  2.433435926358194834e+00  2.454745293173066667e+00  2.473000634520153618e+00
296 8881 2.054474e-02 3.513372e+03  2.425415023399484227e+00  2.439275649496230880e+00  2.454751726093922226e+00  2.471566537051848922e+00
297 8911 2.319550e-02 3.635692e+03  2.425415023399484227e+00  2.440055970558710374e+00  2.454564098674786088e+00  2.476538061310752159e+00
298 8941 2.269334e-02 3.748733e+03  2.425415023399484227e+00  2.441415348430267862e+00  2.455055440740224526e+00  2.467487782034255783e+00
299 8971 2.291062e-02 3.727248e+03  2.425415023399484227e+00  2.444174258762460639e+00  2.457501004671375888e+00  2.471779428284907709e+00
300 9001 2.318389e-02 3.781272e+03  2.425415023399484227e+00  2.429984479905828998e+00  2.455733632097590213e+00  2.471581320660213965e+00
301 9031 2.508737e-02 3.833053e+03  2.425415023399484227e+00  2.436780315904799377e+00  2.457913685327069775e+00  2.467256928716524467e+00
302 9061 2.968667e-02 3.726564e+03  2.425415023399484227e+00  2.437114562101208026e+00  2.454491422695229907e+00  2.478008805851377616e+00
303 9091 3.270387e-02 4.196631e+03  2.425415023399484227e+00  2.435171976564528773e+00  2.454700400183043474e+00  2.480451470535838254e+00
304 9121 3.344402e-02 4.429120e+03  2.425415023399484227e+00  2.431910929252846909e+00  2.457470090400943885e+00  2.471759082186743228e+00
305 9151 3.119953e-02 4.586791e+03  2.425415023399484227e+00  2.439209211636792496e+00  2.454132739683873687e+00  2.473268675992158716e+00
306 9181 2.852858e-02 4.855545e+03  2.425415023399484227e+00  2.435421326963341571e+00  2.456698764076040931e+00  2.467695775191862229e+00
307 9211 2.941360e-02 4.792940e+03  2.425415023399484227e+00  2.428969882154933924e+00  2.456484117694350822e+00  2.471652265750245991e+00
308 9241 3.346450e-02 4.688846e+03  2.425415023399484227e+00  2.437879293690314864e+00  2.455479653131546147e+00  2.471109931049336073e+00
309 9271 3.385126e-02 4.820725e+03  2.425415023399484227e+00  2.438062699238634945e+00  2.456519670460902027e+00  2.480996447590711362e+00
310 9301 3.381875e-02 5.051414e+03  2.425415023399484227e+00  2.435408279211211724e+00  2.454205527481327476e+00  2.474579983582488651e+00
311 9331 3.293113e-02 5.053101e+03  2.425415023399484227e+00  2.435431022138087709e+00  2.456396033301244231e+00  2.467537333455330995e+00
312 9361 3.175499e-02 5.454668e+03  2.425415023399484227e+00  2.439391795872646540e+00  2.457069127802808062e+00  2.480496883451709156e+00
313 9391 3.314167e-02 5.775625e+03  2.425415023399484227e+00  2.431285092984177165e+00  2.457017248178654079e+00  2.468560701403000657e+00
314 9421 3.347022e-02 6.202316e+03  2.425415023399484227e+00  2.437280390573304256e+00  2.454651957134471374e+00  2.470857476951701326e+00
315 9451 3.213417e-02 5.960043e+03  2.425415023399484227e+00  2.444404147855740117e+00  2.457346466084752379e+00  2.472092929305196751e+00
316 9481 3.083746e-02 5.946848e+03  2.425415023399484227e+00  2.438721954509907253e+00  2.454624944919279628e+00  2.465854306483697300e+00
317 9511 3.279786e-02 5.595839e+03  2.425415023399484227e+00  2.442832758611453325e+00  2.456591904385659220e+00  2.477652549421498041e+00
318 9541 3.276301e-02 5.770396e+03  2.425415023399484227e+00  2.434603668704266699e+00  2.453933097204016534e+00  2.474710372739164388e+00
319 9571 3.516290e-02 5.687342e+03  2.425415023399484227e+00  2.441129186434932929e+00  2.455379338064223926e+00  2.480898228437823150e+00
320 9601 3.575303e-02 5.553265e+03  2.425415023399484227e+00  2.433690122685786772e+00  2.455957914479132143e+00  2.472524414236765722e+00
321 9631 3.389325e-02 6.026653e+03  2.425415023399484227e+00  2.435961375192877476e+00  2.453664342935845788e+00  2.475121668357362914e+00
322 9661 3.142850e-02 6.326229e+03  2.425415023399484227e+00  2.437574347954301057e+00  2.456189843929347916e+00  2.477993196666292253e+00
323 9691 2.913382e-02 6.342747e+03  2.425415023399484227e+00  2.441282445060215966e+00  2.455608276948945345e+00  2.472407595021955728e+00
324 9721 2.516734e-02 6.085449e+03  2.425415023399484227e+00  2.439069092411195072e+00  2.453168373248951983e+00  2.472067939250377044e+00
325 9751 2.289028e-02 6.367614e+03  2.425415023399484227e+00  2.435817559127339660e+00  2.457015352994892154e+00  2.468682679754381493e+00
326 9781 2.393001e-02 6.529988e+03  2.425415023399484227e+00  2.438828722601992016e+00  2.455688639867877665e+00  2.468187583756354275e+00
327 9811 2.448321e-02 6.765575e+03  2.425415023399484227e+00  2.437030932422818097e+00  2.456779716591841911e+00  2.474939974903766604e+00
328 9841 2.788612e-02 6.537768e+03  2.425415023399484227e+00  2.442015090418569123e+00  2.456003716886927535e+00  2.472794524160636609e+00
329 9871 2.756354e-02 6.318834e+03  2.425415023399484227e+00  2.436909283206339261e+00  2.454686812874032675e+00  2.470450062367217647e+00
330 9901 2.710448e-02 6.358535e+03  2.425415023399484227e+00  2.434340368501016538e+00  2.456138530492242289e+00  2.472740948305661046e+00
331 9931 2.696996e-02 6.066253e+03  2.425415023399484227e+00  2.436490386107933670e+00  2.455080995310921388e+00  2.469430592919893197e+00
332 9961 2.350756e-02 6.094525e+03  2.425415023399484227e+00  2.443170219592516901e+00  2.455718032951643259e+00  2.475694819294454341e+00
333 9991 2.409107e-02 6.137344e+03  2.425415023399484227e+00  2.438114671139631984e+00  2.455316979036979319e+00  2.474935688231929998e+00
334 10021 2.667644e-02 6.274096e+03  2.425415023399484227e+00  2.435941385417493610e+00  2.456110766395811495e+00  2.473731720030134085e+00
335 10051 2.688671e-02 6.538204e+03  2.425415023399484227e+00  2.428759773187248339e+00  2.453636567927603984e+00  2.473210066430666654e+00
336 10081 2.531401e-02 6.482590e+03  2.425415023399484227e+00  2.435096086624930045e+00  2.455459932752829921e+00  2.467890547586120142e+00
337 10111 2.923599e-02 6.559443e+03  2.425415023399484227e+00  2.436664976467706634e+00  2.456900031378834726e+00  2.470443589228675574e+00
338 10141 3.413106e-02 6.781279e+03  2.425415023399484227e+00  2.445492552699123134e+00  2.458681876877090389e+00  2.479134443585434777e+00
339 10171 3.543640e-02 7.137805e+03  2.425415023399484227e+00  2.442416868173382216e+00  2.451649633959779528e+00  2.473020124055495650e+00
340 10201 3.628462e-02 7.271359e+03  2.425415023399484227e+00  2.442233087785994350e+00  2.455006333010501418e+00  2.470129489678459578e+00
341 10231 3.890249e-02 7.799102e+03  2.425415023399484227e+00  2.437218416597177306e+00  2.453692274379833727e+00  2.470113228978094266e+00
342 10261 3.798173e-02 7.793306e+03  2.425415023399484227e+00  2.431872870557498345e+00  2.456898624579982648e+00  2.469753192027462685e+00
343 10291 3.583106e-02 7.318939e+03  2.425415023399484227e+00  2.441806575638712395e+00  2.455676298694053017e+00  2.465794542698675595e+00
344 10321 3.688308e-02 7.239413e+03  2.425415023399484227e+00  2.438190035890865470e+00  2.454525647504872232e+00  2.467601371788104458e+00
345 10351 3.461408e-02 7.678052e+03  2.425415023399484227e+00  2.435236182882640321e+00  2.454657893290506099e+00  2.466444275465440317e+00
346 10381 3.412078e-02 7.399044e+03  2.425415023399484227e+00  2.443376157722632058e+00  2.454405783763533133e+00  2.466676575801582949e+00
347 10411 3.108405e-02 7.237076e+03  2.425415023399484227e+00  2.440190617646958771e+00  2.455431482695046963e+00  2.470401209325728598e+00
348 10441 2.985073e-02 7.462176e+03  2.425415023399484227e+00  2.426093485213508760e+00  2.455743493642283948e+00  2.473545508160076789e+00
349 10471 3.153096e-02 7.600517e+03  2.425415023399484227e+00  2.436221402606802755e+00  2.454985017328922936e+00  2.470389524363994393e+00
350 10501 3.258847e-02 7.314787e+03  2.425415023399484227e+00  2.438067938714969518e+00  2.455903801099638351e+00  2.478057950766992867e+00
351 10531 3.116318e-02 7.476514e+03  2.425415023399484227e+00  2.439099190655234839e+00  2.454204664038715400e+00  2.473413435296742069e+00
352 10561 2.959391e-02 7.593709e+03  2.425415023399484227e+00  2.442361947744989603e+00  2.457775963240303341e+00  2.467969442289969173e+00
353 10591 2.915083e-02 7.322947e+03  2.425415023399484227e+00  2.434585003595183483e+00  2.455172580618944167e+00  2.480915829753983726e+00
354 10621 2.865894e-02 6.833655e+03  2.425415023399484227e+00  2.433339329608979362e+00  2.455336303971497269e+00  2.467015548992563367e+00
355 10651 2.819404e-02 7.148146e+03  2.425415023399484227e+00  2.428500951697366350e+00  2.453710870234511177e+00  2.476216137857254029e+00
356 10681 3.321121e-02 6.822643e+03  2.425415023399484227e+00  2.437551571522361904e+00  2.457415645867839338e+00  2.478340548555349354e+00
357 10711 3.446645e-02 7.042425e+03  2.425415023399484227e+00  2.444036792226341959e+00  2.454086634204685424e+00  2.466102999668429607e+00
358 10741 3.609197e-02 7.331379e+03  2.425415023399484227e+00  2.435518037065125263e+00  2.456731374018763958e+00  2.471384379884017601e+00
359 10771 3.892088e-02 7.253097e+03  2.425415023399484227e+00  2.438660193607220528e+00  2.456484548075629881e+00  2.477694394639794684e+00
360 10801 4.621427e-02 7.210795e+03  2.425415023399484227e+00  2.443040560422497620e+00  2.456146914456189378e+00  2.472081620732390572e+00
361 10831 4.885920e-02 7.274994e+03  2.425415023399484227e+00  2.439530427497796250e+00  2.454911088278327380e+00  2.467135403901092872e+00
362 10861 4.785514e-02 7.124941e+03  2.425415023399484227e+00  2.434013670783627070e+00  2.455173542805686893e+00  2.471001892033784397e+00
363 10891 4.826782e-02 7.093807e+03  2.425415023399484227e+00  2.441762428415019670e+00  2.456371612114932823e+00  2.466957778987975747e+00
364 10921 4.075101e-02 6.855823e+03  2.425415023399484227e+00  2.442139393002848546e+00  2.455782198741610856e+00  2.471460831766362443e+00
