%  columns="iteration, evaluation, sigma, axis ratio, bestever, best, median, worst fitness function value, further objective values of best" (startseed=206532, 2015/09/3 9:18:11.33)
1 31 1.698191e+00 4.608961e+00  4.487099357007590328e+01  4.487099357007590328e+01  8.546303891015037379e+01  7.009114443601548000e+15
2 61 1.796251e+00 4.567143e+00  3.249234510224918182e+01  3.249234510224918182e+01  8.533922166034886914e+01  2.385497364625471680e+12
3 91 1.843305e+00 4.670276e+00  3.149388527770728885e+01  3.149388527770728885e+01  8.544634785201461114e+01  2.167982176491140747e+11
4 121 1.674620e+00 5.070391e+00  3.149388527770728885e+01  3.191673346350862772e+01  8.545500207974046702e+01  2.328433578405826569e+09
5 151 1.686600e+00 5.455980e+00  3.149388527770728885e+01  3.605007245917662573e+01  8.453654755420218692e+01  8.601918600137252808e+08
6 181 1.683145e+00 5.573077e+00  3.139351049346196731e+01  3.139351049346196731e+01  7.617171771509302403e+01  1.860624250587114147e+04
7 211 1.666722e+00 5.810934e+00  3.139351049346196731e+01  3.173215512194979127e+01  8.142236006860949260e+01  9.065622474639359280e+04
8 241 1.910303e+00 5.711551e+00  3.139351049346196731e+01  3.227393490375897755e+01  7.819162065781561921e+01  2.907243454121173636e+04
9 271 1.862570e+00 5.733167e+00  3.139351049346196731e+01  4.073629940834402419e+01  6.880983925972591919e+01  7.214230435530373573e+09
10 301 1.628556e+00 5.848103e+00  3.139351049346196731e+01  3.318170876205046227e+01  8.543319180529232426e+01  3.726163547201157598e+03
11 331 1.622250e+00 5.895994e+00  3.139351049346196731e+01  3.198413643698122044e+01  7.299535365358445915e+01  1.374722312429595149e+03
12 361 1.468960e+00 5.602455e+00  3.139351049346196731e+01  3.290900384019001024e+01  8.543450432438075381e+01  2.736947250273198006e+04
13 391 1.355762e+00 5.460507e+00  3.139351049346196731e+01  3.265528927051241226e+01  6.635566085376298417e+01  2.642927250864132930e+03
14 421 1.324163e+00 5.242984e+00  3.139351049346196731e+01  3.160500796990429251e+01  5.841424867661211806e+01  8.989937550220620324e+02
15 451 1.301605e+00 5.372355e+00  3.139351049346196731e+01  3.228981437946320199e+01  4.582033562984676678e+01  1.697710344585380255e+02
16 481 1.322657e+00 5.606376e+00  3.139351049346196731e+01  3.312793302025274755e+01  5.337064280703539509e+01  2.632095459337676857e+02
17 511 1.113139e+00 5.688492e+00  3.139351049346196731e+01  3.210727188087472683e+01  4.739631131381510443e+01  2.160017842099521204e+02
18 541 9.208575e-01 5.562343e+00  3.139351049346196731e+01  3.198950036753676684e+01  3.537469162499194653e+01  7.895142122851048043e+02
19 571 8.692248e-01 5.855575e+00  3.139351049346196731e+01  3.216746801412857337e+01  3.555985555153799282e+01  1.273109876682069483e+02
20 601 8.672323e-01 6.182659e+00  3.139351049346196731e+01  3.216707890844138262e+01  3.388979891096346364e+01  1.104599728923373902e+02
21 631 8.211820e-01 6.250743e+00  3.139351049346196731e+01  3.202326838549500110e+01  3.377987033814066820e+01  6.308423106413128778e+01
22 661 7.112149e-01 6.383648e+00  3.139351049346196731e+01  3.194900261002779018e+01  3.473905374930127721e+01  1.475821975386383542e+02
23 691 6.128800e-01 6.540225e+00  3.139351049346196731e+01  3.192476511117805416e+01  3.341466283156197647e+01  6.698996524808630681e+01
24 721 6.128412e-01 6.644561e+00  3.139351049346196731e+01  3.189323393665900852e+01  3.324659006588842658e+01  4.432484723785859160e+01
25 751 6.418126e-01 6.751800e+00  3.139351049346196731e+01  3.202947098455842934e+01  3.264295565769580776e+01  4.626951428667316435e+01
26 781 6.850513e-01 7.181282e+00  3.139351049346196731e+01  3.206568612536559471e+01  3.270133181891139884e+01  4.504614172421071316e+01
27 811 6.422952e-01 7.667915e+00  3.139351049346196731e+01  3.196319613913935243e+01  3.284539318177888845e+01  4.837321799646628051e+01
28 841 6.237614e-01 8.071362e+00  3.139351049346196731e+01  3.183319683513389364e+01  3.273132072565265105e+01  3.844423625373893572e+01
29 871 7.281784e-01 8.551464e+00  3.139351049346196731e+01  3.176364852596259425e+01  3.242702783104333264e+01  3.814433576436919537e+01
30 901 6.994615e-01 8.642676e+00  3.139351049346196731e+01  3.173835147345003094e+01  3.382154680312868322e+01  5.364792900547828935e+01
31 931 7.256898e-01 8.473557e+00  3.139351049346196731e+01  3.163791378108996000e+01  3.277611475288443188e+01  3.525076225652245654e+01
32 961 8.279004e-01 8.636186e+00  3.139351049346196731e+01  3.150954901850163736e+01  3.263452675614391296e+01  5.432996175916758830e+01
33 991 7.743612e-01 9.097911e+00  3.139351049346196731e+01  3.146247534642332155e+01  3.439088339666437832e+01  5.153055175152647394e+01
34 1021 8.197399e-01 9.104803e+00  3.139351049346196731e+01  3.174994976084169451e+01  3.288442699511954004e+01  5.107359850444983351e+01
35 1051 9.652106e-01 9.530342e+00  3.080969829255663583e+01  3.080969829255663583e+01  3.276414269610491914e+01  5.514347362364477334e+01
36 1081 9.931993e-01 1.049518e+01  3.080969829255663583e+01  3.112971684402164385e+01  3.304459879436655001e+01  5.982596073959457073e+01
37 1111 9.477158e-01 1.094618e+01  3.080969829255663583e+01  3.118032929573205791e+01  3.615410320172976810e+01  1.799194871080920564e+02
38 1141 8.628461e-01 1.118338e+01  3.080969829255663583e+01  3.113896041515140567e+01  3.300353133755483981e+01  1.235658000206572922e+02
39 1171 8.709364e-01 1.106304e+01  3.080969829255663583e+01  3.088499558801306577e+01  3.264459650412329950e+01  1.022114106726083520e+02
40 1201 8.209704e-01 1.140220e+01  3.080969829255663583e+01  3.099856223605014804e+01  3.487757928126050189e+01  6.823419271675666664e+01
41 1231 7.859675e-01 1.120891e+01  3.080969829255663583e+01  3.124621881099564646e+01  3.320433185775451790e+01  5.598100491458672678e+01
42 1261 8.627393e-01 1.161176e+01  3.049501350083607676e+01  3.049501350083607676e+01  3.213677047142080312e+01  8.026641423378370632e+01
43 1291 9.578752e-01 1.185238e+01  3.038085154978900704e+01  3.038085154978900704e+01  3.222260589072772063e+01  7.730386253624870108e+01
44 1321 1.039081e+00 1.359565e+01  3.038085154978900704e+01  3.088798052946899375e+01  3.306188673787274013e+01  8.546273612142095999e+01
45 1351 9.918770e-01 1.415482e+01  2.884100442281686227e+01  2.884100442281686227e+01  3.295162713775236085e+01  2.238435515525437438e+02
46 1381 9.098152e-01 1.432108e+01  2.884100442281686227e+01  2.977837103848424860e+01  3.272323870758718556e+01  5.213816959927759598e+01
47 1411 9.128398e-01 1.417643e+01  2.884100442281686227e+01  2.931989113493487409e+01  3.172298893263441499e+01  3.259749364905940183e+03
48 1441 8.591513e-01 1.427313e+01  2.809879276348623733e+01  2.809879276348623733e+01  3.242420726052846192e+01  8.546262411498921097e+01
49 1471 7.531670e-01 1.479936e+01  2.809879276348623733e+01  2.855198814697107323e+01  3.413971373955428845e+01  2.624082605099973762e+02
50 1501 7.099858e-01 1.521676e+01  2.809879276348623733e+01  2.813277478052900449e+01  3.198610246945776936e+01  4.259611276916709244e+01
51 1531 7.605337e-01 1.581007e+01  2.715410340882965201e+01  2.715410340882965201e+01  3.142008352486553946e+01  8.546269791365867263e+01
52 1561 8.519301e-01 1.619586e+01  1.914665169711983239e+01  1.914665169711983239e+01  3.400270879650817335e+01  9.056405202156130940e+01
53 1591 8.145531e-01 1.638275e+01  1.914665169711983239e+01  2.867188246335860313e+01  3.572321295515050110e+01  1.147681502454595233e+02
54 1621 7.330758e-01 1.677688e+01  1.914665169711983239e+01  2.903932440066999376e+01  3.194776418125375983e+01  1.869593646359028298e+02
55 1651 6.899699e-01 1.696720e+01  1.914665169711983239e+01  2.732303578317514337e+01  3.137126777040295877e+01  6.015085173615336345e+01
56 1681 7.658345e-01 1.664605e+01  1.914665169711983239e+01  2.817574177720853612e+01  3.184153703416470194e+01  8.263994216048020292e+01
57 1711 7.824443e-01 1.723117e+01  1.914665169711983239e+01  2.333616476142444540e+01  3.032755462088624299e+01  8.546273062488081962e+01
58 1741 7.372036e-01 1.803690e+01  1.914665169711983239e+01  1.937944352820510474e+01  3.065574635816197713e+01  8.546271391584791388e+01
59 1771 6.952317e-01 1.867934e+01  1.683493807218832572e+01  1.683493807218832572e+01  3.797962326680627143e+01  9.314884465706900228e+05
60 1801 6.883226e-01 1.943019e+01  1.164596974799031948e+01  1.164596974799031948e+01  3.496026984565983042e+01  1.570551839929397886e+02
61 1831 6.839444e-01 2.076211e+01  1.164596974799031948e+01  1.674359612989118062e+01  3.347744785193384587e+01  5.639281594077245927e+02
62 1861 6.143195e-01 2.132326e+01  1.164596974799031948e+01  2.148107956352766479e+01  3.074398657928626832e+01  8.546279051581427666e+01
63 1891 6.399473e-01 2.032896e+01  1.164596974799031948e+01  2.314215615972117845e+01  3.037526609221437468e+01  3.473967045464460389e+05
64 1921 5.923547e-01 2.100904e+01  1.164596974799031948e+01  2.368935392464859646e+01  3.116161006536815847e+01  1.093358512581082323e+04
65 1951 5.488492e-01 2.108776e+01  1.164596974799031948e+01  1.973954337888941524e+01  2.982140049169704099e+01  1.195558755661573400e+02
66 1981 4.989222e-01 2.100896e+01  1.164596974799031948e+01  1.564480270162624542e+01  2.998319776834335215e+01  2.048169748687753042e+02
67 2011 4.702224e-01 2.198759e+01  9.533428457952718205e+00  9.533428457952718205e+00  2.882123645739451234e+01  8.546286658238138045e+01
68 2041 4.847298e-01 2.366467e+01  9.533428457952718205e+00  1.118879616020626422e+01  2.836895665659169552e+01  1.934252780093152353e+02
69 2071 5.217428e-01 2.539503e+01  7.064695679109368243e+00  7.064695679109368243e+00  2.676808673511422398e+01  2.097950137617548990e+03
70 2101 5.304270e-01 2.434931e+01  7.064695679109368243e+00  1.698690152752189420e+01  4.073109508735447548e+01  3.753659528327675616e+02
71 2131 5.822932e-01 2.618141e+01  5.515810354667979531e+00  5.515810354667979531e+00  2.995116706957578856e+01  1.284681792993705603e+05
72 2161 5.922757e-01 2.674727e+01  5.515810354667979531e+00  2.115265317435538250e+01  3.859170317394546146e+01  2.078324704935302634e+03
73 2191 5.649213e-01 2.747848e+01  5.515810354667979531e+00  1.838241733144194257e+01  3.139409951414999966e+01  3.562792408813159454e+03
74 2221 5.419753e-01 2.836819e+01  5.185227196472034450e+00  5.185227196472034450e+00  2.609331082307179628e+01  1.332631165523185928e+02
75 2251 5.168085e-01 2.908219e+01  5.185227196472034450e+00  1.355411234795683306e+01  2.793072817822462639e+01  3.762903848976342488e+03
76 2281 5.068999e-01 2.962717e+01  5.185227196472034450e+00  1.338275514796213272e+01  2.701383327027135550e+01  1.373850683253146708e+05
77 2311 4.477229e-01 3.077580e+01  5.185227196472034450e+00  6.689447633855765574e+00  2.682162958851233014e+01  7.012619239232206382e+03
78 2341 5.460407e-01 3.238710e+01  3.823735529602588556e+00  3.823735529602588556e+00  2.587349376980042592e+01  3.238681651812145719e+05
79 2371 6.200427e-01 3.262757e+01  3.823735529602588556e+00  7.040025217959788861e+00  3.190634196600203865e+01  1.054234599003547482e+05
80 2401 6.132961e-01 3.333504e+01  3.823735529602588556e+00  4.428961227846683890e+00  3.459284716097861434e+01  1.169564977027111127e+03
81 2431 5.956716e-01 3.402403e+01  3.823735529602588556e+00  1.403879234872380977e+01  2.712996556837072859e+01  1.879983288918134122e+03
82 2461 5.119867e-01 3.498148e+01  3.823735529602588556e+00  4.027755392284332991e+00  3.181707930257257644e+01  3.024833694564451798e+04
83 2491 4.808449e-01 3.651796e+01  3.823735529602588556e+00  6.610072582952812859e+00  2.706198157532043069e+01  6.252603360489896295e+04
84 2521 4.496919e-01 3.558470e+01  3.823735529602588556e+00  1.041829507701525515e+01  3.865225876792660387e+01  7.612352285892512009e+04
85 2551 4.141479e-01 3.597091e+01  3.823735529602588556e+00  6.275566272485078478e+00  2.119234502761109695e+01  4.965808743071862636e+02
86 2581 3.916906e-01 3.542170e+01  3.823735529602588556e+00  8.035941183704675694e+00  1.871173240839771523e+01  2.463348447039027815e+04
87 2611 3.902522e-01 3.162277e+01  3.823735529602588556e+00  9.847108409627567838e+00  2.122425084808096329e+01  1.389159531088527956e+03
88 2641 3.980455e-01 3.169347e+01  3.823735529602588556e+00  7.479084665031757950e+00  1.849565605337920715e+01  1.652180018126821597e+04
89 2671 4.004009e-01 3.304414e+01  3.823735529602588556e+00  5.340660778219514349e+00  2.334627868468099265e+01  1.380311884257267047e+04
90 2701 4.005094e-01 3.355724e+01  3.162684759769484266e+00  3.162684759769484266e+00  1.772405847174515969e+01  1.477775688078221947e+03
91 2731 3.993146e-01 3.315867e+01  3.162684759769484266e+00  4.528708095268815015e+00  2.766205822303974671e+01  3.373572259290884176e+03
92 2761 3.543861e-01 3.403086e+01  3.162684759769484266e+00  4.502663521525795964e+00  3.618379675064248602e+01  4.660436925941998197e+03
93 2791 3.485696e-01 3.211897e+01  3.162684759769484266e+00  8.211468254347868978e+00  1.546334827038368864e+01  6.042139191230311553e+03
94 2821 3.173785e-01 3.339286e+01  3.162684759769484266e+00  3.283440267158651338e+00  1.666197857815236105e+01  8.538121727165648167e+01
95 2851 3.056186e-01 3.445055e+01  3.162684759769484266e+00  5.999173354053393581e+00  1.319401601989786599e+01  8.545570978416137109e+01
96 2881 2.858283e-01 3.365039e+01  2.793965584801191060e+00  2.793965584801191060e+00  1.164870642833631109e+01  1.168597111056686117e+03
97 2911 2.915401e-01 3.442316e+01  2.793965584801191060e+00  2.831071997083737468e+00  1.214461428440710833e+01  8.433322048240542301e+01
98 2941 2.321662e-01 3.587506e+01  2.793965584801191060e+00  4.799612508535211930e+00  1.907914839110199523e+01  2.601368779724195974e+02
99 2971 2.310310e-01 3.576674e+01  2.685268382510031859e+00  2.685268382510031859e+00  1.511425713322872610e+01  8.228128469273988799e+01
100 3001 2.558340e-01 3.960565e+01  2.499760786194595408e+00  2.499760786194595408e+00  6.975271326547144213e+00  8.350431630314798781e+01
101 3031 2.484426e-01 4.035902e+01  2.499760786194595408e+00  2.517575972016565800e+00  6.824332278661451312e+00  6.523532450877273732e+02
102 3061 2.629068e-01 4.153065e+01  2.499760786194595408e+00  2.672089984726177647e+00  7.700182144556237063e+00  1.646003229411985558e+02
103 3091 2.593936e-01 4.271503e+01  2.499760786194595408e+00  2.514012594252914123e+00  8.399774361370081266e+00  8.571805065465237305e+01
104 3121 2.799004e-01 4.359243e+01  2.499760786194595408e+00  2.923915862422225675e+00  8.632997804163512257e+00  4.739821101208672616e+01
105 3151 2.963708e-01 4.426087e+01  2.499760786194595408e+00  2.989726201362917557e+00  9.773130726527897494e+00  5.367280553174864508e+02
106 3181 3.245888e-01 4.543761e+01  2.499760786194595408e+00  3.092652478126417748e+00  8.078023983304216671e+00  1.193364988317325697e+02
107 3211 3.078361e-01 4.652641e+01  2.499760786194595408e+00  2.625474256685447649e+00  5.687119539355482090e+00  8.466823535336921225e+01
108 3241 3.493047e-01 4.774097e+01  2.499760786194595408e+00  2.515759023378691950e+00  7.442012654651644965e+00  8.474283783945706716e+01
109 3271 3.501504e-01 4.906103e+01  2.486605722159768384e+00  2.486605722159768384e+00  1.211356377364533188e+01  3.605871918185197273e+02
110 3301 3.809644e-01 5.012523e+01  2.486605722159768384e+00  2.815172496569663174e+00  1.313522939159105363e+01  1.656442653714033895e+03
111 3331 3.922860e-01 5.050692e+01  2.486605722159768384e+00  2.686554953332993989e+00  9.244442758784636283e+00  8.546301121672591705e+01
112 3361 3.579659e-01 5.178293e+01  2.486605722159768384e+00  2.575919744755958973e+00  8.049505281724870898e+00  5.367932398937714567e+01
113 3391 3.324375e-01 5.320318e+01  2.486605722159768384e+00  2.567689116956772377e+00  6.742698610342619858e+00  1.097770630271852355e+02
114 3421 3.090535e-01 5.342665e+01  2.486605722159768384e+00  2.580378528269023697e+00  6.829933653433420737e+00  2.762543853576983821e+01
115 3451 2.744425e-01 5.331652e+01  2.486605722159768384e+00  2.650956791240393073e+00  7.262448712296727393e+00  3.152452468805865351e+02
116 3481 2.659047e-01 5.554096e+01  2.486605722159768384e+00  2.535592426370449903e+00  4.616721147301534600e+00  1.774193914732483535e+01
117 3511 2.507438e-01 5.788939e+01  2.486605722159768384e+00  2.545744235172878511e+00  4.593197042809375574e+00  4.553680079130950276e+01
118 3541 2.401215e-01 5.740239e+01  2.486605722159768384e+00  2.619419660860088150e+00  3.881348758800695631e+00  1.591953691802928716e+01
119 3571 2.098505e-01 5.934627e+01  2.468929143420073746e+00  2.468929143420073746e+00  4.220735222788469798e+00  2.163483551354787693e+01
120 3601 1.883125e-01 6.232084e+01  2.468929143420073746e+00  2.622572611455968872e+00  3.554749198236569097e+00  8.015398016720334695e+00
121 3631 1.723863e-01 6.163631e+01  2.468929143420073746e+00  2.500424700365742492e+00  3.849047990265841435e+00  9.222665085883027913e+00
122 3661 1.703693e-01 6.616000e+01  2.464075304965185342e+00  2.464075304965185342e+00  3.061408465295143877e+00  6.189945226158341640e+00
123 3691 1.765908e-01 7.008612e+01  2.463368311638392427e+00  2.463368311638392427e+00  3.130456120098731532e+00  5.159312159482752236e+00
124 3721 1.846976e-01 7.320016e+01  2.463368311638392427e+00  2.505983933749469372e+00  2.983048739934143878e+00  6.809316362922968935e+00
125 3751 1.881815e-01 7.491466e+01  2.453319663479803570e+00  2.453319663479803570e+00  3.335527810559068662e+00  9.850316555760944226e+00
126 3781 1.641194e-01 7.592267e+01  2.453319663479803570e+00  2.474468889052674481e+00  3.102527262666408436e+00  7.996271586777025320e+00
127 3811 1.775606e-01 7.610164e+01  2.453319663479803570e+00  2.462311612597650079e+00  2.872121731326677363e+00  5.960564771901844416e+00
128 3841 1.745628e-01 7.660492e+01  2.453319663479803570e+00  2.519431863791921966e+00  2.980574095079902897e+00  6.803505976765433338e+00
129 3871 1.729281e-01 7.615539e+01  2.453319663479803570e+00  2.477561624219354108e+00  3.021797623012394851e+00  7.048391606025054656e+00
130 3901 1.797669e-01 7.679776e+01  2.453319663479803570e+00  2.461632551232600274e+00  2.785374696870107414e+00  5.364490096660753160e+00
131 3931 1.765030e-01 8.013506e+01  2.453319663479803570e+00  2.470251247381983095e+00  2.697336218342594627e+00  5.333118989757767991e+00
132 3961 1.859525e-01 7.876092e+01  2.453319663479803570e+00  2.476001302427773165e+00  2.842754315723104774e+00  7.414756335198956272e+00
133 3991 1.878602e-01 8.125776e+01  2.453319663479803570e+00  2.467720669012592349e+00  3.066337088673707356e+00  5.920205869059016912e+00
134 4021 1.800064e-01 8.369287e+01  2.453319663479803570e+00  2.530310775428757264e+00  2.892361640849422155e+00  5.204450367611008765e+00
135 4051 1.755889e-01 8.721810e+01  2.453319663479803570e+00  2.464036675149733124e+00  2.641424259066371683e+00  4.033257891713491361e+00
136 4081 1.529963e-01 8.932706e+01  2.453319663479803570e+00  2.461176854365101807e+00  2.707459099183941120e+00  4.234161169431084559e+00
137 4111 1.401337e-01 9.616352e+01  2.453319663479803570e+00  2.474440831648190287e+00  2.585858560102568759e+00  4.253956323150210217e+00
138 4141 1.267348e-01 1.022899e+02  2.453319663479803570e+00  2.463230592614128689e+00  2.553077995265785827e+00  2.904282049862690673e+00
139 4171 1.130546e-01 1.050861e+02  2.453319663479803570e+00  2.459438424367593967e+00  2.551285347950517313e+00  3.276325365094538533e+00
140 4201 1.025652e-01 1.067363e+02  2.453319663479803570e+00  2.467820550098413168e+00  2.505121701476472396e+00  2.760094030701146561e+00
141 4231 1.155823e-01 1.145059e+02  2.453319663479803570e+00  2.461819284380189821e+00  2.525546373995849692e+00  2.767181318342154750e+00
142 4261 1.270753e-01 1.179048e+02  2.453319663479803570e+00  2.459194000016734272e+00  2.509972577127448812e+00  2.906636962739642449e+00
143 4291 1.183790e-01 1.185555e+02  2.453319663479803570e+00  2.462025993808350410e+00  2.506255179180382875e+00  2.842492756560198508e+00
144 4321 1.183063e-01 1.245095e+02  2.453319663479803570e+00  2.463002632082727406e+00  2.506411809702764337e+00  2.755219236573767549e+00
145 4351 1.102591e-01 1.286706e+02  2.453319663479803570e+00  2.458428269619691964e+00  2.497077764870328398e+00  2.925372955996342839e+00
146 4381 1.043996e-01 1.348606e+02  2.453319663479803570e+00  2.462256793042899350e+00  2.489581683993169925e+00  2.729677973871291741e+00
147 4411 1.008555e-01 1.376774e+02  2.453319663479803570e+00  2.460251827034243277e+00  2.488796321336533168e+00  2.935389358029103946e+00
148 4441 9.855147e-02 1.397642e+02  2.453319663479803570e+00  2.463231516727395043e+00  2.487837164198239748e+00  2.595539529433086301e+00
149 4471 8.799904e-02 1.493507e+02  2.453319663479803570e+00  2.455937760600325870e+00  2.483110368081150376e+00  2.581543246888143628e+00
150 4501 8.886092e-02 1.541457e+02  2.453319663479803570e+00  2.458035400536922488e+00  2.469043470864428436e+00  2.545171030578805116e+00
151 4531 9.420259e-02 1.529322e+02  2.453319663479803570e+00  2.459909818981479646e+00  2.476301289552344187e+00  2.532279828487151718e+00
152 4561 9.683204e-02 1.545513e+02  2.453319663479803570e+00  2.455736716175255907e+00  2.473875775183041359e+00  2.653392591108918008e+00
153 4591 1.014267e-01 1.620656e+02  2.453319663479803570e+00  2.456725504810348681e+00  2.472904741071372925e+00  2.642283738721197039e+00
154 4621 1.104262e-01 1.718662e+02  2.452815926479380071e+00  2.452815926479380071e+00  2.473851921582177926e+00  2.560136955483555798e+00
155 4651 9.847745e-02 1.791965e+02  2.452815926479380071e+00  2.456697604473620178e+00  2.477926486511043969e+00  2.726993911241179180e+00
156 4681 9.326767e-02 1.886146e+02  2.452815926479380071e+00  2.456094726330555034e+00  2.473545199741725042e+00  2.511879301752468319e+00
157 4711 8.942818e-02 1.974111e+02  2.452815926479380071e+00  2.459438922472228395e+00  2.471564011364346225e+00  2.528488561131651657e+00
158 4741 9.006650e-02 2.184232e+02  2.452815926479380071e+00  2.453603383760168732e+00  2.464947370631186629e+00  2.574530187130995351e+00
159 4771 8.421952e-02 2.359178e+02  2.449290909469608479e+00  2.449290909469608479e+00  2.463757807845081693e+00  2.503310643174554873e+00
160 4801 8.571902e-02 2.473181e+02  2.449290909469608479e+00  2.458451203673491570e+00  2.465290119600031638e+00  2.501656522717428999e+00
161 4831 8.175490e-02 2.458291e+02  2.449290909469608479e+00  2.454515545331966031e+00  2.465045993409734848e+00  2.487421741613462078e+00
162 4861 7.072791e-02 2.572408e+02  2.449290909469608479e+00  2.450693960968024498e+00  2.464627278320675963e+00  2.484340918857305347e+00
163 4891 6.556070e-02 2.652872e+02  2.449290909469608479e+00  2.455406720781481589e+00  2.464266651964967636e+00  2.480394446202527359e+00
164 4921 6.138213e-02 2.733660e+02  2.449290909469608479e+00  2.450847314296499047e+00  2.462594944474555625e+00  2.475522029162406934e+00
165 4951 5.679978e-02 2.779106e+02  2.449290909469608479e+00  2.455174746862148982e+00  2.462915078621338960e+00  2.477713937220066054e+00
166 4981 5.682098e-02 2.694630e+02  2.449290909469608479e+00  2.450756034525475968e+00  2.461474681178416279e+00  2.475540689428039176e+00
167 5011 6.001927e-02 2.865216e+02  2.449290909469608479e+00  2.452332494404905194e+00  2.461553849467857713e+00  2.465873956055060656e+00
168 5041 5.406267e-02 2.968384e+02  2.449290909469608479e+00  2.449958090751381601e+00  2.461543133639882086e+00  2.468343909051112561e+00
169 5071 5.778758e-02 3.105435e+02  2.449290909469608479e+00  2.451553474005194300e+00  2.459933821549359578e+00  2.468137008167738067e+00
170 5101 6.799300e-02 3.660715e+02  2.449290909469608479e+00  2.455409087376961175e+00  2.460599463250968011e+00  2.473371087613847052e+00
171 5131 6.403257e-02 3.672394e+02  2.443262607199824021e+00  2.443262607199824021e+00  2.460437644867796259e+00  2.472001409033832697e+00
172 5161 6.262201e-02 3.817537e+02  2.443262607199824021e+00  2.450514610055462228e+00  2.459792338467274408e+00  2.474310495956968836e+00
173 5191 6.771296e-02 4.141188e+02  2.443262607199824021e+00  2.450915628189926032e+00  2.461061570821645006e+00  2.471150343420682294e+00
174 5221 6.162663e-02 4.366054e+02  2.443262607199824021e+00  2.452720279023548944e+00  2.462826603159487426e+00  2.472992626517356740e+00
175 5251 6.232089e-02 4.808404e+02  2.443262607199824021e+00  2.451476327158683244e+00  2.460404898425668563e+00  2.469721793940063748e+00
176 5281 6.431616e-02 5.072282e+02  2.443262607199824021e+00  2.450516788458009465e+00  2.460403799474105924e+00  2.473940501908286294e+00
177 5311 7.177518e-02 5.086345e+02  2.443262607199824021e+00  2.446639238761283419e+00  2.457833726346431824e+00  2.483757004117764566e+00
178 5341 7.215717e-02 5.311095e+02  2.443262607199824021e+00  2.449242551775165033e+00  2.461445221919586590e+00  2.487441446170103099e+00
179 5371 6.462293e-02 5.096620e+02  2.443262607199824021e+00  2.452924611634591745e+00  2.459101440186706622e+00  2.466564032763387537e+00
180 5401 8.342881e-02 5.104300e+02  2.443262607199824021e+00  2.446563961925829922e+00  2.458252517403912929e+00  2.465991991975172049e+00
181 5431 8.067023e-02 5.335495e+02  2.443262607199824021e+00  2.448246398795643319e+00  2.462536148414615766e+00  2.484711827808068207e+00
182 5461 7.527802e-02 5.613139e+02  2.443262607199824021e+00  2.444519576033533426e+00  2.459694182345094404e+00  2.481084809780196299e+00
183 5491 7.499700e-02 5.821772e+02  2.443262607199824021e+00  2.445667699896453495e+00  2.460277945965883006e+00  2.481934003455052107e+00
184 5521 6.965713e-02 5.743256e+02  2.443262607199824021e+00  2.446417536568530782e+00  2.458911351903384279e+00  2.489055276621538138e+00
185 5551 8.253022e-02 6.047353e+02  2.443101066120670239e+00  2.443101066120670239e+00  2.458850976473193839e+00  2.474020568847890900e+00
186 5581 8.101710e-02 6.226413e+02  2.443101066120670239e+00  2.446789725093863055e+00  2.458822482124245923e+00  2.470207334610888594e+00
187 5611 8.151816e-02 6.168850e+02  2.441541919543084749e+00  2.441541919543084749e+00  2.459802992938937116e+00  2.471466465056315620e+00
188 5641 9.193019e-02 6.328829e+02  2.441541919543084749e+00  2.443461546274117602e+00  2.457913787979869813e+00  2.478062276752142079e+00
189 5671 8.624838e-02 6.376153e+02  2.441541919543084749e+00  2.444998872105883070e+00  2.459323078821253006e+00  2.528022094858889179e+00
190 5701 8.111944e-02 6.621555e+02  2.441541919543084749e+00  2.446081024242034552e+00  2.460506278416830561e+00  2.472180608772363453e+00
191 5731 7.218347e-02 6.625186e+02  2.441541919543084749e+00  2.443082244164354933e+00  2.457317470597798703e+00  2.470383931221507900e+00
192 5761 6.545075e-02 6.843375e+02  2.441541919543084749e+00  2.444920779408610745e+00  2.457467442827014903e+00  2.487654463517334769e+00
193 5791 6.272927e-02 6.543477e+02  2.441541919543084749e+00  2.441833732075576968e+00  2.457142401963367639e+00  2.472265183043355741e+00
194 5821 7.170163e-02 6.240497e+02  2.441541919543084749e+00  2.445800044221844161e+00  2.458254137908625125e+00  2.471620028272908609e+00
195 5851 7.537169e-02 6.254476e+02  2.441541919543084749e+00  2.444047967081959705e+00  2.455692172034496412e+00  2.469099911581420503e+00
196 5881 7.954962e-02 6.360035e+02  2.441541919543084749e+00  2.446913980507711361e+00  2.457723327415420655e+00  2.473345825430949496e+00
197 5911 6.827715e-02 6.490418e+02  2.441541919543084749e+00  2.442495428880875785e+00  2.457365801773828462e+00  2.476646775401579070e+00
198 5941 5.743635e-02 6.483264e+02  2.441541919543084749e+00  2.441813300037173562e+00  2.461257241203263391e+00  2.476432550848236769e+00
199 5971 4.815193e-02 6.409722e+02  2.441541919543084749e+00  2.449063914785116314e+00  2.458468365364454122e+00  2.475423156357728249e+00
200 6001 4.360488e-02 6.590282e+02  2.441541919543084749e+00  2.447955477993540629e+00  2.458901264537300513e+00  2.474179022714731779e+00
201 6031 4.899633e-02 6.650385e+02  2.441541919543084749e+00  2.448921394003289898e+00  2.457320519859006680e+00  2.469705656108981184e+00
202 6061 5.909804e-02 7.312788e+02  2.441541919543084749e+00  2.442509229647294333e+00  2.456447552155824443e+00  2.472285344040533239e+00
203 6091 5.992004e-02 7.323872e+02  2.441541919543084749e+00  2.446953694886837116e+00  2.460390145534173900e+00  2.473380057925618658e+00
204 6121 5.808938e-02 7.922510e+02  2.441541919543084749e+00  2.442214522182936332e+00  2.460990911803033754e+00  2.466511946552958356e+00
205 6151 5.539478e-02 8.064753e+02  2.441541919543084749e+00  2.445591053657025782e+00  2.455899346967749253e+00  2.469428818820404992e+00
206 6181 5.294552e-02 7.783662e+02  2.441541919543084749e+00  2.442755619271677503e+00  2.457010127113598230e+00  2.477730518816285699e+00
207 6211 5.165171e-02 7.260421e+02  2.441541919543084749e+00  2.446406812522552432e+00  2.459059227056674679e+00  2.470264255563300093e+00
208 6241 4.814321e-02 7.339389e+02  2.441541919543084749e+00  2.446414328389208581e+00  2.458058141894608362e+00  2.466246816150618137e+00
209 6271 4.750822e-02 7.452682e+02  2.440292336538889106e+00  2.440292336538889106e+00  2.459610542114559983e+00  2.471092584781426016e+00
210 6301 5.653297e-02 7.279323e+02  2.440292336538889106e+00  2.441931231821891757e+00  2.457853363422127124e+00  2.470793705581424859e+00
211 6331 5.973972e-02 7.085066e+02  2.440292336538889106e+00  2.440324727948871342e+00  2.456750363737934428e+00  2.473115149165756588e+00
212 6361 6.772673e-02 7.140673e+02  2.440292336538889106e+00  2.447961325225954887e+00  2.459223795439116511e+00  2.475876612174378710e+00
213 6391 7.399982e-02 7.330114e+02  2.440292336538889106e+00  2.443075629919801095e+00  2.456819595165031345e+00  2.474468605667194510e+00
214 6421 9.823800e-02 7.459523e+02  2.440292336538889106e+00  2.442848238609499845e+00  2.459469185284640869e+00  2.479204565440463970e+00
215 6451 1.082358e-01 7.441921e+02  2.438258272852355191e+00  2.438258272852355191e+00  2.460562275872015370e+00  2.474884686693757718e+00
216 6481 1.321695e-01 7.432680e+02  2.438258272852355191e+00  2.446575803648765035e+00  2.459051459258470018e+00  2.525939496915334370e+00
217 6511 1.305834e-01 7.593521e+02  2.438258272852355191e+00  2.447258348737981315e+00  2.461520681530347865e+00  2.502120465722581066e+00
218 6541 1.317712e-01 7.562913e+02  2.438258272852355191e+00  2.448084145872047479e+00  2.460277446851433236e+00  2.504281140212094581e+00
219 6571 1.393642e-01 7.509883e+02  2.437910523983243483e+00  2.437910523983243483e+00  2.465088173247270920e+00  2.490947255065797616e+00
220 6601 1.278379e-01 7.581830e+02  2.437910523983243483e+00  2.450406708078589624e+00  2.463098322800354012e+00  2.494128003306537611e+00
221 6631 1.211583e-01 7.696404e+02  2.437910523983243483e+00  2.449292736013858995e+00  2.462021413000987202e+00  2.494774879631291853e+00
222 6661 1.041795e-01 7.401217e+02  2.437910523983243483e+00  2.440409079674364268e+00  2.457500348826632042e+00  2.480903684439028645e+00
223 6691 9.404380e-02 7.427896e+02  2.437910523983243483e+00  2.444855523694206223e+00  2.459309632020359793e+00  2.475866187776453398e+00
224 6721 9.256362e-02 7.596394e+02  2.437910523983243483e+00  2.446049412581291271e+00  2.457595283060043378e+00  2.470946759151825489e+00
225 6751 9.196367e-02 7.797070e+02  2.437910523983243483e+00  2.441241084198415123e+00  2.457893297727689941e+00  2.479347744914306428e+00
226 6781 9.182327e-02 7.940375e+02  2.437910523983243483e+00  2.442965912472844003e+00  2.458810074381360788e+00  2.465714044628057433e+00
227 6811 9.083260e-02 7.796973e+02  2.437910523983243483e+00  2.446371107269098566e+00  2.456465074335236309e+00  2.471163191468114917e+00
228 6841 9.706595e-02 7.608669e+02  2.437910523983243483e+00  2.441657799028170484e+00  2.456316433467655713e+00  2.471100192675205864e+00
229 6871 1.018820e-01 7.632744e+02  2.437910523983243483e+00  2.441501805187386243e+00  2.457691116085270799e+00  2.469675671681297757e+00
230 6901 1.062570e-01 7.629060e+02  2.437910523983243483e+00  2.440399181106408744e+00  2.458397828231030147e+00  2.479710759777902229e+00
231 6931 1.014603e-01 7.711924e+02  2.437910523983243483e+00  2.448566649286717301e+00  2.458330023208434412e+00  2.473294342692966996e+00
232 6961 8.950525e-02 8.304482e+02  2.437910523983243483e+00  2.447797719815262063e+00  2.459487529331835010e+00  2.472197479090798566e+00
233 6991 9.630260e-02 9.895131e+02  2.437910523983243483e+00  2.445191364993962502e+00  2.458534459191574761e+00  2.474038656553346094e+00
234 7021 9.331731e-02 9.508425e+02  2.437910523983243483e+00  2.440652587838659127e+00  2.455413836929449367e+00  2.466603794277181905e+00
235 7051 8.738093e-02 1.018282e+03  2.437235460174523638e+00  2.437235460174523638e+00  2.457602333665406480e+00  2.479056960262838949e+00
236 7081 7.642935e-02 1.048611e+03  2.437235460174523638e+00  2.445493071345188785e+00  2.454553396272938670e+00  2.474035630964494192e+00
237 7111 7.241395e-02 1.085698e+03  2.437235460174523638e+00  2.442625763313735376e+00  2.458520316438642439e+00  2.470837154317804707e+00
238 7141 6.340632e-02 1.071894e+03  2.437235460174523638e+00  2.440475675396209798e+00  2.458600658854534160e+00  2.473462900018480681e+00
239 7171 6.456547e-02 1.123027e+03  2.437235460174523638e+00  2.441048145793526913e+00  2.455473870935399816e+00  2.469559398441828701e+00
240 7201 6.966778e-02 1.218360e+03  2.437235460174523638e+00  2.441969783975526109e+00  2.456042283999130937e+00  2.469670680077660219e+00
241 7231 7.444725e-02 1.239953e+03  2.437235460174523638e+00  2.440379417751325164e+00  2.458353057599184321e+00  2.474214463012492260e+00
242 7261 7.159859e-02 1.260130e+03  2.437235460174523638e+00  2.437347892972723251e+00  2.457013440497203050e+00  2.469066770761611629e+00
243 7291 6.792052e-02 1.263156e+03  2.437235460174523638e+00  2.438631942704117872e+00  2.458691395335703689e+00  2.473116569829792333e+00
244 7321 6.038190e-02 1.225310e+03  2.437235460174523638e+00  2.446138927145944830e+00  2.458789259226262125e+00  2.469789548693742454e+00
245 7351 5.731198e-02 1.243203e+03  2.437235460174523638e+00  2.439268952444229921e+00  2.458322646396192468e+00  2.468634406789285585e+00
246 7381 5.180739e-02 1.273205e+03  2.437235460174523638e+00  2.441830277020502482e+00  2.455918573139635352e+00  2.476851781297710886e+00
247 7411 5.132944e-02 1.318886e+03  2.437235460174523638e+00  2.438797967882429418e+00  2.455860473702955460e+00  2.478539577723271492e+00
248 7441 5.134498e-02 1.389794e+03  2.437235460174523638e+00  2.437939362754087735e+00  2.453662353288250664e+00  2.468779415743296290e+00
249 7471 5.128377e-02 1.409331e+03  2.437235460174523638e+00  2.438484388004592329e+00  2.457301608541970772e+00  2.470130231740223170e+00
250 7501 5.608353e-02 1.362267e+03  2.437235460174523638e+00  2.446303195681708065e+00  2.457809506035735225e+00  2.478240475982725677e+00
251 7531 5.539275e-02 1.308954e+03  2.437235460174523638e+00  2.440050426117998938e+00  2.454376541604284423e+00  2.472192809729602647e+00
252 7561 5.927620e-02 1.317081e+03  2.437235460174523638e+00  2.437991315336294651e+00  2.458949777189475494e+00  2.476346023959154596e+00
253 7591 5.536274e-02 1.341112e+03  2.437185106627734577e+00  2.437185106627734577e+00  2.455400521653525736e+00  2.470134936664803771e+00
254 7621 5.093971e-02 1.462236e+03  2.437185106627734577e+00  2.438118437625403256e+00  2.455193276694608517e+00  2.472806991523807785e+00
255 7651 5.199231e-02 1.460037e+03  2.437014553408521245e+00  2.437014553408521245e+00  2.455002052040239136e+00  2.472865772360882008e+00
256 7681 5.495768e-02 1.517419e+03  2.437014553408521245e+00  2.439762808848024989e+00  2.454463799292688542e+00  2.474689362194925302e+00
257 7711 5.514243e-02 1.524187e+03  2.437014553408521245e+00  2.445336311654965566e+00  2.456718082598148278e+00  2.475370163387574873e+00
258 7741 5.443272e-02 1.457341e+03  2.437014553408521245e+00  2.445522472783647761e+00  2.457162860780345515e+00  2.466278953633099125e+00
259 7771 5.847476e-02 1.471976e+03  2.437014553408521245e+00  2.442176305396959624e+00  2.453963830370407884e+00  2.467357190520236276e+00
260 7801 6.522066e-02 1.493252e+03  2.437014553408521245e+00  2.443027521288026804e+00  2.459691948545528195e+00  2.470635408136402145e+00
261 7831 6.549084e-02 1.443203e+03  2.437014553408521245e+00  2.447863894146306674e+00  2.457747755258574696e+00  2.471961014419171487e+00
262 7861 6.611957e-02 1.480138e+03  2.437014553408521245e+00  2.438591738285653676e+00  2.456893072262979594e+00  2.473523825722582448e+00
263 7891 6.770311e-02 1.491265e+03  2.437014553408521245e+00  2.444394058139646830e+00  2.458297650865751471e+00  2.471649813657758266e+00
264 7921 7.264622e-02 1.511299e+03  2.437014553408521245e+00  2.438616130828964668e+00  2.455303679604527112e+00  2.472365504849622919e+00
265 7951 6.322898e-02 1.509039e+03  2.437014553408521245e+00  2.442012999483588409e+00  2.458110628788367169e+00  2.471438216691294265e+00
266 7981 6.805797e-02 1.537299e+03  2.437014553408521245e+00  2.437702186050378916e+00  2.456042445861388757e+00  2.478987518414737412e+00
267 8011 6.958580e-02 1.585306e+03  2.437014553408521245e+00  2.437965880932678076e+00  2.458080635970051553e+00  2.466637401223397585e+00
268 8041 6.515440e-02 1.573360e+03  2.437014553408521245e+00  2.441837786787838915e+00  2.458206789706469664e+00  2.470284479558852109e+00
269 8071 5.763032e-02 1.539570e+03  2.437014553408521245e+00  2.442797679093876795e+00  2.456764481278848500e+00  2.471503286441807834e+00
270 8101 5.507701e-02 1.511961e+03  2.437014553408521245e+00  2.441984096046031727e+00  2.453977899205976421e+00  2.471191760714678054e+00
271 8131 5.699459e-02 1.624976e+03  2.437014553408521245e+00  2.443570648360247954e+00  2.457481414783383222e+00  2.468668510094612856e+00
272 8161 6.202826e-02 1.595485e+03  2.437014553408521245e+00  2.445221861563781740e+00  2.457481664730986282e+00  2.472010843276505110e+00
273 8191 5.778748e-02 1.652126e+03  2.437014553408521245e+00  2.441601669273287367e+00  2.456894209770734694e+00  2.472668139501716045e+00
274 8221 5.998459e-02 1.701538e+03  2.437014553408521245e+00  2.443676252368822688e+00  2.456398863958447532e+00  2.466999199408623333e+00
275 8251 5.606281e-02 1.686347e+03  2.437014553408521245e+00  2.441237410406797981e+00  2.454739655402792931e+00  2.477473246121391082e+00
276 8281 5.095880e-02 1.683452e+03  2.437014553408521245e+00  2.438466631284475383e+00  2.458201537545702031e+00  2.466896976931093999e+00
277 8311 4.447627e-02 1.714631e+03  2.437014553408521245e+00  2.442065524350923944e+00  2.458104288919734870e+00  2.468966687867370169e+00
278 8341 4.514176e-02 1.777075e+03  2.437014553408521245e+00  2.439862700509144222e+00  2.455367220308058318e+00  2.473020213122307798e+00
279 8371 4.153543e-02 1.758768e+03  2.437014553408521245e+00  2.442132791380400736e+00  2.459814146365184584e+00  2.468482331299615584e+00
280 8401 3.907703e-02 1.718511e+03  2.437014553408521245e+00  2.443230541203804673e+00  2.455668105563102444e+00  2.470931076970454665e+00
281 8431 3.727183e-02 1.590224e+03  2.437014553408521245e+00  2.438014440541803829e+00  2.454377579225334394e+00  2.471947581682397921e+00
282 8461 3.625805e-02 1.568352e+03  2.437014553408521245e+00  2.439275173629673166e+00  2.456097237716769577e+00  2.462932034106431800e+00
283 8491 3.455519e-02 1.546849e+03  2.437014553408521245e+00  2.438232848722419188e+00  2.453480445901788265e+00  2.468605779548238122e+00
284 8521 3.192644e-02 1.499866e+03  2.437014553408521245e+00  2.442954958056423820e+00  2.456074870377278341e+00  2.468088017717580129e+00
285 8551 2.873307e-02 1.469290e+03  2.437014553408521245e+00  2.438912445872696289e+00  2.460281229952391069e+00  2.471332346480243469e+00
286 8581 2.704992e-02 1.447704e+03  2.436203437994254095e+00  2.436203437994254095e+00  2.454876671777316055e+00  2.463709170218240097e+00
287 8611 2.180140e-02 1.459633e+03  2.436203437994254095e+00  2.443362071390021040e+00  2.455297457102578740e+00  2.471706832040497570e+00
288 8641 2.138131e-02 1.339127e+03  2.436203437994254095e+00  2.438942310696020410e+00  2.456207827287090861e+00  2.469380288728061590e+00
289 8671 2.306704e-02 1.416927e+03  2.436203437994254095e+00  2.440357270521938293e+00  2.453810978216961480e+00  2.467222657125132113e+00
290 8701 2.020818e-02 1.412837e+03  2.436203437994254095e+00  2.440223683894549023e+00  2.453599546067891879e+00  2.461743467351700243e+00
291 8731 1.901060e-02 1.494750e+03  2.436203437994254095e+00  2.436990801794194805e+00  2.454438013744115299e+00  2.467193795188376004e+00
292 8761 1.792092e-02 1.501611e+03  2.436203437994254095e+00  2.440498283344270991e+00  2.453850772112504686e+00  2.471267834749368841e+00
293 8791 1.759720e-02 1.441680e+03  2.433705218880443777e+00  2.433705218880443777e+00  2.456685482364130646e+00  2.471711253818683396e+00
294 8821 1.867709e-02 1.474701e+03  2.433705218880443777e+00  2.437926146749090694e+00  2.456298392922506846e+00  2.466310742783941468e+00
295 8851 1.906097e-02 1.523269e+03  2.433705218880443777e+00  2.439778194161899894e+00  2.452791568438021486e+00  2.470305330383014919e+00
296 8881 2.244376e-02 1.517268e+03  2.433705218880443777e+00  2.443585220083715814e+00  2.455005999501975289e+00  2.470343998241253392e+00
297 8911 2.337110e-02 1.531606e+03  2.433705218880443777e+00  2.440827445252315986e+00  2.455381430972565227e+00  2.468381486874396291e+00
298 8941 2.337488e-02 1.610455e+03  2.433705218880443777e+00  2.442131123258119541e+00  2.452070078788990415e+00  2.465209804296311535e+00
299 8971 2.422759e-02 1.645763e+03  2.433705218880443777e+00  2.437747145029042439e+00  2.453730355009279940e+00  2.471280142217644915e+00
300 9001 2.437991e-02 1.715238e+03  2.433705218880443777e+00  2.439597449190994638e+00  2.452276161380756214e+00  2.466927724513641618e+00
301 9031 2.578498e-02 1.677582e+03  2.433705218880443777e+00  2.442623975547279613e+00  2.453926371082200575e+00  2.466010325993277963e+00
302 9061 2.352695e-02 1.731371e+03  2.433705218880443777e+00  2.443179711028172996e+00  2.454476650260861703e+00  2.465473017923506038e+00
303 9091 2.497800e-02 1.870862e+03  2.433705218880443777e+00  2.439562239709247127e+00  2.453675901333055798e+00  2.469390997644406394e+00
304 9121 2.342887e-02 1.933123e+03  2.433705218880443777e+00  2.436976526037950119e+00  2.454107206749004177e+00  2.464447416063471952e+00
305 9151 2.274342e-02 1.855223e+03  2.433705218880443777e+00  2.443576690628093573e+00  2.453006729780230266e+00  2.471224862045724446e+00
306 9181 2.584450e-02 1.921714e+03  2.433705218880443777e+00  2.444371438426556686e+00  2.456822242331405004e+00  2.470959050206062546e+00
307 9211 3.068805e-02 1.962553e+03  2.433705218880443777e+00  2.437425959667208986e+00  2.460271714966009604e+00  2.469190289043528441e+00
308 9241 3.063350e-02 1.921177e+03  2.433705218880443777e+00  2.440354923651031349e+00  2.454172189587413122e+00  2.472097370079711087e+00
309 9271 3.316162e-02 1.903391e+03  2.433705218880443777e+00  2.442540527542409468e+00  2.459492312905631195e+00  2.469276535326764055e+00
310 9301 3.283039e-02 1.938579e+03  2.433705218880443777e+00  2.444426479024188748e+00  2.451835108753526171e+00  2.466747420927512646e+00
311 9331 3.852081e-02 1.947228e+03  2.433705218880443777e+00  2.441031073962871112e+00  2.457513367406567895e+00  2.473703738950074005e+00
312 9361 3.528022e-02 1.842675e+03  2.433705218880443777e+00  2.443576015334482321e+00  2.452645154188885179e+00  2.471775832498764647e+00
313 9391 3.626134e-02 1.705465e+03  2.433705218880443777e+00  2.440844663002051274e+00  2.453803560929308958e+00  2.466651117168279672e+00
314 9421 3.752872e-02 1.664716e+03  2.433705218880443777e+00  2.434056801409344661e+00  2.454999389658413023e+00  2.465176220251378059e+00
315 9451 3.524692e-02 1.639279e+03  2.433705218880443777e+00  2.438473024149802715e+00  2.454159295253619089e+00  2.467814433056357615e+00
316 9481 3.408329e-02 1.623324e+03  2.433705218880443777e+00  2.440384891073379858e+00  2.453362876733043763e+00  2.468079985729717318e+00
317 9511 3.532267e-02 1.619302e+03  2.433705218880443777e+00  2.444986577339159695e+00  2.456415596722826500e+00  2.467538366073489087e+00
318 9541 3.276555e-02 1.541905e+03  2.433705218880443777e+00  2.443091958023178467e+00  2.455936516486715959e+00  2.470351503217766087e+00
319 9571 2.996519e-02 1.630286e+03  2.433705218880443777e+00  2.437014526164323680e+00  2.455908672626824440e+00  2.475497169007855547e+00
320 9601 2.960657e-02 1.615986e+03  2.433705218880443777e+00  2.442613148845130588e+00  2.455394519496989059e+00  2.468383383496258521e+00
321 9631 3.068021e-02 1.606329e+03  2.433705218880443777e+00  2.438576157720472981e+00  2.453465975801156773e+00  2.466912878396713360e+00
322 9661 3.663958e-02 1.601407e+03  2.433705218880443777e+00  2.438274779710239759e+00  2.453719138780087405e+00  2.471958536238263004e+00
323 9691 3.546204e-02 1.651331e+03  2.433705218880443777e+00  2.434821396592790066e+00  2.455531781939228608e+00  2.474254580810172577e+00
324 9721 3.532852e-02 1.636889e+03  2.433705218880443777e+00  2.447062222216984662e+00  2.457973724068773791e+00  2.470221107388258286e+00
325 9751 3.716534e-02 1.649851e+03  2.433705218880443777e+00  2.435592379295022702e+00  2.453190451822258922e+00  2.460986624918673371e+00
326 9781 3.680800e-02 1.690612e+03  2.433705218880443777e+00  2.440238737150075554e+00  2.455939185168818817e+00  2.467572586559174219e+00
327 9811 3.187991e-02 1.639757e+03  2.433705218880443777e+00  2.442003701104928926e+00  2.455626296622128280e+00  2.466880712389977415e+00
328 9841 2.720165e-02 1.680294e+03  2.433705218880443777e+00  2.437316777895879749e+00  2.456466295797727462e+00  2.466114047740543658e+00
329 9871 2.544022e-02 1.651312e+03  2.433705218880443777e+00  2.438293619778580279e+00  2.453759749171172899e+00  2.466299295820300941e+00
330 9901 2.588094e-02 1.652853e+03  2.433705218880443777e+00  2.441137216972355084e+00  2.451720307915392638e+00  2.470282840680409375e+00
331 9931 2.812888e-02 1.642040e+03  2.433705218880443777e+00  2.440183125558165855e+00  2.455386164068900534e+00  2.468281208079544431e+00
332 9961 2.806912e-02 1.646547e+03  2.433705218880443777e+00  2.437483389988492899e+00  2.453126175714604784e+00  2.470075733935012341e+00
333 9991 2.919598e-02 1.640946e+03  2.433705218880443777e+00  2.441182289754123769e+00  2.454881211241598749e+00  2.466152666052614073e+00
334 10021 2.841976e-02 1.589341e+03  2.433705218880443777e+00  2.441617616263310975e+00  2.455797756582613456e+00  2.469680489331655515e+00
335 10051 2.491107e-02 1.585734e+03  2.433705218880443777e+00  2.441619449859650182e+00  2.456307726968198324e+00  2.470557170303501859e+00
336 10081 2.337325e-02 1.609486e+03  2.433705218880443777e+00  2.442856371771935819e+00  2.456299875364794882e+00  2.466144749718042206e+00
337 10111 2.137091e-02 1.592724e+03  2.433705218880443777e+00  2.436394087196831926e+00  2.456613143206800132e+00  2.471765015792950049e+00
338 10141 1.960196e-02 1.516712e+03  2.433705218880443777e+00  2.443802671526268178e+00  2.453406732936302515e+00  2.465048188328749834e+00
339 10171 1.715870e-02 1.525295e+03  2.433705218880443777e+00  2.439918227082945368e+00  2.456151123212818810e+00  2.465461321859543808e+00
340 10201 1.516317e-02 1.527837e+03  2.433705218880443777e+00  2.438509905881386608e+00  2.455556601051984700e+00  2.468579421762801651e+00
341 10231 1.483091e-02 1.514710e+03  2.433705218880443777e+00  2.436894750968260137e+00  2.457722737689341130e+00  2.468375961066375801e+00
342 10261 1.396960e-02 1.355657e+03  2.433705218880443777e+00  2.442591039626133220e+00  2.453662578153946505e+00  2.467090954602322306e+00
343 10291 1.414028e-02 1.415126e+03  2.433705218880443777e+00  2.438416763633644457e+00  2.455037792342008807e+00  2.473282053214686638e+00
344 10321 1.326743e-02 1.457885e+03  2.433705218880443777e+00  2.440218410081770539e+00  2.454179740313320313e+00  2.467358829885748062e+00
345 10351 1.143686e-02 1.533722e+03  2.433705218880443777e+00  2.440026141899805712e+00  2.452524653008602229e+00  2.465346685235780377e+00
346 10381 1.125762e-02 1.525607e+03  2.433705218880443777e+00  2.440214000570747999e+00  2.455793092190381888e+00  2.469045842751088404e+00
347 10411 1.197290e-02 1.468090e+03  2.433705218880443777e+00  2.439195385397376015e+00  2.451860383177469682e+00  2.468510825894622229e+00
348 10441 1.067023e-02 1.462243e+03  2.433705218880443777e+00  2.440818333405752938e+00  2.454392303622256577e+00  2.468649611729743842e+00
349 10471 9.971061e-03 1.435666e+03  2.433705218880443777e+00  2.435528665077955068e+00  2.451206843964512938e+00  2.465120209020863040e+00
350 10501 9.173147e-03 1.543150e+03  2.433705218880443777e+00  2.444060619947168167e+00  2.454489386785312810e+00  2.470201013090457920e+00
351 10531 1.044312e-02 1.554209e+03  2.433705218880443777e+00  2.441479232002829569e+00  2.452499769616602876e+00  2.475063083301748623e+00
352 10561 1.037752e-02 1.584229e+03  2.433705218880443777e+00  2.443549397806987322e+00  2.458889182219146541e+00  2.469939252572584731e+00
353 10591 1.095980e-02 1.555872e+03  2.433705218880443777e+00  2.443674301999017473e+00  2.452262814150610204e+00  2.471995956690226315e+00
354 10621 1.093981e-02 1.623928e+03  2.433705218880443777e+00  2.434846567582613197e+00  2.452366952721079407e+00  2.474250927262078292e+00
355 10651 1.144286e-02 1.657047e+03  2.433705218880443777e+00  2.440823189291414952e+00  2.455046967783752088e+00  2.464458681301016529e+00
356 10681 1.126002e-02 1.599159e+03  2.433705218880443777e+00  2.439416174071546983e+00  2.455086058774621272e+00  2.468033141796345920e+00
357 10711 1.044826e-02 1.611595e+03  2.433705218880443777e+00  2.439756014832572539e+00  2.451676566875164998e+00  2.469210317874343641e+00
358 10741 8.935451e-03 1.743385e+03  2.433705218880443777e+00  2.439990416334077317e+00  2.452890786083606223e+00  2.473554547798479497e+00
359 10771 8.396059e-03 1.889558e+03  2.433705218880443777e+00  2.438628107372081910e+00  2.451219747760941647e+00  2.465005877875180218e+00
360 10801 7.773620e-03 1.921594e+03  2.433705218880443777e+00  2.444683054828847180e+00  2.456513321461494481e+00  2.468526618197044886e+00
361 10831 8.141672e-03 1.763184e+03  2.433705218880443777e+00  2.443429244391349009e+00  2.457502697410438586e+00  2.471321565141710863e+00
362 10861 8.121602e-03 1.706383e+03  2.433705218880443777e+00  2.440564484405118417e+00  2.453630084989220528e+00  2.461046856357688828e+00
363 10891 6.670875e-03 1.676850e+03  2.433705218880443777e+00  2.441071947541420428e+00  2.455706910218952821e+00  2.467011503223665247e+00
364 10921 6.234965e-03 1.576811e+03  2.433705218880443777e+00  2.442012621956884288e+00  2.454792721544547529e+00  2.465859446962243240e+00
365 10951 6.161703e-03 1.578155e+03  2.433705218880443777e+00  2.438481418284503377e+00  2.452845812189551999e+00  2.467148671208954092e+00
366 10981 5.783948e-03 1.523139e+03  2.433705218880443777e+00  2.435429165904751336e+00  2.453116518652094236e+00  2.471096493958548912e+00
367 11011 5.173941e-03 1.495010e+03  2.433705218880443777e+00  2.441443669662584970e+00  2.453548889486756313e+00  2.472365174651712572e+00
368 11041 4.744402e-03 1.512780e+03  2.433705218880443777e+00  2.441922936943226929e+00  2.456597495821312371e+00  2.467598533986227860e+00
369 11071 4.327803e-03 1.566896e+03  2.433705218880443777e+00  2.439356595582980347e+00  2.454162143444891697e+00  2.472634640400590111e+00
370 11101 4.004725e-03 1.547896e+03  2.433705218880443777e+00  2.442315538058913660e+00  2.457679920111167871e+00  2.468356703380417017e+00
371 11131 3.594326e-03 1.498681e+03  2.433705218880443777e+00  2.437942092668893057e+00  2.454852683336602226e+00  2.467694162209134845e+00
372 11161 3.720954e-03 1.602307e+03  2.433705218880443777e+00  2.438438405724736580e+00  2.454233484448901770e+00  2.471608502717833389e+00
373 11191 3.768885e-03 1.676959e+03  2.433705218880443777e+00  2.439691130692416277e+00  2.455353483351506050e+00  2.470441961266842679e+00
374 11221 3.633768e-03 1.711762e+03  2.433705218880443777e+00  2.441864392972335818e+00  2.454942672127209846e+00  2.473074557116802907e+00
375 11251 3.100739e-03 1.674436e+03  2.433705218880443777e+00  2.445680805567128413e+00  2.453714831659915774e+00  2.467737807905765468e+00
376 11281 3.311365e-03 1.666022e+03  2.433705218880443777e+00  2.448376977124934850e+00  2.457791447501750604e+00  2.470007268664863531e+00
377 11311 3.094532e-03 1.659853e+03  2.433705218880443777e+00  2.441207010015311596e+00  2.458803078200033188e+00  2.471671711138117900e+00
378 11341 3.136076e-03 1.589336e+03  2.433705218880443777e+00  2.443770417019757613e+00  2.452564429949274150e+00  2.460996524108162387e+00
379 11371 3.103977e-03 1.603006e+03  2.433705218880443777e+00  2.439999576597600139e+00  2.455363719784893206e+00  2.468406737484212243e+00
380 11401 3.502952e-03 1.904434e+03  2.433705218880443777e+00  2.436909727638893131e+00  2.452638400560132936e+00  2.460372245711528461e+00
381 11431 3.918440e-03 1.983521e+03  2.433705218880443777e+00  2.442341542687486378e+00  2.454048057990364740e+00  2.466454030610270909e+00
382 11461 3.648325e-03 2.026461e+03  2.433705218880443777e+00  2.434530321065997871e+00  2.453607134039613058e+00  2.468611143162933619e+00
383 11491 3.615802e-03 1.971406e+03  2.433705218880443777e+00  2.440343076397641919e+00  2.458272721648776304e+00  2.465776803001637596e+00
384 11521 3.570163e-03 1.965227e+03  2.433705218880443777e+00  2.440315927240291671e+00  2.455836390256720847e+00  2.473294396699636799e+00
385 11551 3.391849e-03 2.020663e+03  2.433705218880443777e+00  2.444703464454409669e+00  2.455735404052975746e+00  2.465553932606984855e+00
386 11581 3.432646e-03 1.894294e+03  2.433705218880443777e+00  2.442905673783393627e+00  2.450815703472168927e+00  2.461696830357840593e+00
387 11611 3.226334e-03 1.953341e+03  2.433705218880443777e+00  2.442333179452897962e+00  2.458972363318479015e+00  2.471121182290150653e+00
388 11641 3.196664e-03 1.992360e+03  2.433705218880443777e+00  2.439860205342142319e+00  2.455100926299721209e+00  2.467472297271348314e+00
389 11671 3.432394e-03 2.044850e+03  2.433705218880443777e+00  2.439890477600505037e+00  2.453966172875419627e+00  2.464321331444601526e+00
390 11701 3.420263e-03 2.054041e+03  2.433705218880443777e+00  2.438645602522846012e+00  2.456028846242958696e+00  2.472627201270514163e+00
391 11731 3.883765e-03 1.970065e+03  2.433705218880443777e+00  2.439469065843991924e+00  2.456067995014263872e+00  2.469727698288475715e+00
392 11761 4.070976e-03 2.018325e+03  2.433705218880443777e+00  2.438235612427468002e+00  2.452602971531821829e+00  2.468634834188808469e+00
393 11791 4.658478e-03 1.947585e+03  2.433705218880443777e+00  2.442990242956133873e+00  2.457151179328240342e+00  2.473396723476554371e+00
394 11821 4.904984e-03 2.017226e+03  2.433705218880443777e+00  2.440845997594729422e+00  2.457159411768754076e+00  2.470315865954523460e+00
395 11851 5.041022e-03 1.971267e+03  2.433705218880443777e+00  2.437128518278649292e+00  2.454746932975872653e+00  2.466445212624707839e+00
396 11881 4.711809e-03 1.939819e+03  2.433705218880443777e+00  2.434862499867589403e+00  2.453690354812678720e+00  2.467915513056329058e+00
397 11911 4.800677e-03 1.793968e+03  2.433705218880443777e+00  2.439295203537627188e+00  2.453204815273018369e+00  2.465671076239610571e+00
398 11941 5.399602e-03 1.656594e+03  2.433705218880443777e+00  2.442779259446872686e+00  2.455517846291688677e+00  2.466545742784173267e+00
399 11971 5.207715e-03 1.670495e+03  2.433705218880443777e+00  2.441797659814373578e+00  2.453559786258529662e+00  2.466272718983256951e+00
400 12001 4.776951e-03 1.697566e+03  2.433705218880443777e+00  2.438481078794767942e+00  2.452778156923730357e+00  2.467862487896499868e+00
401 12031 4.006341e-03 1.673506e+03  2.433705218880443777e+00  2.434398614302368813e+00  2.458244021957113556e+00  2.469224612637832994e+00
402 12061 3.572292e-03 1.661747e+03  2.433705218880443777e+00  2.439486241507087261e+00  2.454544690033781507e+00  2.473455595572639165e+00
403 12091 3.590789e-03 1.687859e+03  2.433705218880443777e+00  2.438655118724553095e+00  2.454463991770569731e+00  2.467875753406112871e+00
404 12121 3.210509e-03 1.649498e+03  2.433705218880443777e+00  2.441292334670116304e+00  2.452000270244028002e+00  2.469081657175443034e+00
405 12151 2.984727e-03 1.671738e+03  2.433705218880443777e+00  2.439145959271419084e+00  2.452917997038664311e+00  2.470907130774329552e+00
406 12181 2.715906e-03 1.640455e+03  2.433705218880443777e+00  2.437184222885353080e+00  2.453857729861998571e+00  2.469652057069592122e+00
407 12211 2.500624e-03 1.710969e+03  2.433705218880443777e+00  2.445056553639606722e+00  2.455085474123265943e+00  2.469851559832184407e+00
408 12241 2.282461e-03 1.730432e+03  2.433705218880443777e+00  2.439265894932278744e+00  2.451883201579408755e+00  2.469575236753917657e+00
409 12271 1.902397e-03 1.767288e+03  2.433705218880443777e+00  2.441872211304775497e+00  2.454420053560501636e+00  2.462842460822792123e+00
410 12301 1.796518e-03 1.738025e+03  2.433705218880443777e+00  2.437983581788060850e+00  2.453139228279320960e+00  2.468207224030337432e+00
411 12331 1.878940e-03 1.778915e+03  2.433705218880443777e+00  2.443400402792605508e+00  2.457161383798329268e+00  2.465781589688308184e+00
412 12361 2.157994e-03 1.557100e+03  2.433705218880443777e+00  2.439157920344897867e+00  2.454133344836086472e+00  2.470549350477356576e+00
413 12391 2.368024e-03 1.570397e+03  2.433705218880443777e+00  2.440357204454066231e+00  2.456295075288412733e+00  2.467954416110328619e+00
414 12421 2.450176e-03 1.718985e+03  2.433705218880443777e+00  2.444012924681999266e+00  2.454310787955809037e+00  2.474539878000393767e+00
415 12451 2.799461e-03 1.778292e+03  2.433705218880443777e+00  2.439962497413820319e+00  2.454030358807586687e+00  2.463357195955927725e+00
416 12481 2.651993e-03 1.773838e+03  2.433705218880443777e+00  2.442129710579961532e+00  2.453688573551374930e+00  2.471334382637034643e+00
417 12511 2.621821e-03 1.826752e+03  2.433705218880443777e+00  2.438125624096132871e+00  2.457000750032467096e+00  2.466131647573130081e+00
418 12541 2.451564e-03 1.778015e+03  2.433705218880443777e+00  2.441836450143453519e+00  2.453731062122286755e+00  2.466630967957505582e+00
419 12571 2.891696e-03 1.880133e+03  2.433705218880443777e+00  2.436645545639189336e+00  2.452734987286597335e+00  2.474395377911050797e+00
420 12601 3.189612e-03 1.884614e+03  2.433705218880443777e+00  2.441674990733998296e+00  2.454156434837096334e+00  2.467054048255683529e+00
421 12631 3.579087e-03 1.874994e+03  2.433705218880443777e+00  2.445755635381780202e+00  2.455942651547617928e+00  2.476161400263979129e+00
