%  columns="iteration, evaluation, void, void, void, xmean" (startseed=204996, 2015/09/3 3:8:11.97)
0 1 0 0 0 1.000000e+00 1.000000e+00 1.000000e+00 1.000000e+00 1.000000e+00 1.000000e+00 1.000000e+00 1.000000e+00 1.000000e+00 
1 31 0 0 0 9.094963e-01 1.062619e+00 8.005952e-01 7.954174e-01 9.621499e-01 1.258902e+00 1.333276e+00 7.474700e-01 1.138980e+00 
2 61 0 0 0 7.627464e-01 1.002146e+00 8.250773e-01 6.633644e-01 9.028667e-01 1.110160e+00 1.698459e+00 1.014722e+00 1.175201e+00 
3 91 0 0 0 7.368096e-01 9.892154e-01 6.803967e-01 6.068970e-01 8.959620e-01 9.559076e-01 1.725557e+00 8.837067e-01 7.377932e-01 
4 121 0 0 0 6.081221e-01 9.325352e-01 4.725190e-01 3.384229e-01 7.972852e-01 8.580028e-01 1.708135e+00 7.613448e-01 6.659729e-01 
5 151 0 0 0 8.566405e-01 7.268692e-01 5.005803e-01 4.603815e-01 8.975355e-01 6.924077e-01 1.818842e+00 5.960704e-01 6.350274e-01 
6 181 0 0 0 7.180043e-01 5.662353e-01 7.362110e-01 3.504333e-01 8.520723e-01 4.947427e-01 1.650982e+00 6.901724e-01 9.321254e-01 
7 211 0 0 0 6.255160e-01 6.312374e-01 7.927411e-01 2.167371e-01 7.352002e-01 3.522668e-01 1.345979e+00 1.007327e+00 8.294903e-01 
8 241 0 0 0 9.088749e-01 8.367158e-01 8.585324e-01 2.420256e-01 6.287879e-01 1.399422e-01 1.244274e+00 9.077265e-01 9.503860e-01 
9 271 0 0 0 5.837552e-01 7.848091e-01 6.716127e-01 2.785757e-01 8.455912e-01 1.177560e-01 9.898290e-01 6.879536e-01 1.047711e+00 
10 301 0 0 0 5.905905e-01 8.881280e-01 6.714191e-01 2.002602e-01 9.817976e-01 2.046170e-01 1.303552e+00 2.184990e-01 1.088794e+00 
11 331 0 0 0 5.690323e-01 8.141478e-01 7.086761e-01 2.871400e-01 8.713147e-01 4.250771e-01 1.231530e+00 2.174428e-01 1.139655e+00 
12 361 0 0 0 5.933446e-01 5.818137e-01 7.432085e-01 2.472341e-01 9.235116e-01 4.558524e-01 1.299420e+00 3.821691e-01 1.104215e+00 
13 391 0 0 0 5.688463e-01 5.852082e-01 7.152491e-01 3.415134e-01 9.524640e-01 3.190718e-01 1.641906e+00 5.806542e-01 1.058841e+00 
14 421 0 0 0 5.624032e-01 6.017088e-01 5.568504e-01 4.280531e-01 8.795760e-01 4.049518e-01 1.521105e+00 8.908528e-01 1.080780e+00 
15 451 0 0 0 5.663884e-01 5.333227e-01 5.268522e-01 4.525821e-01 8.227094e-01 6.267286e-01 1.434022e+00 9.698024e-01 1.154099e+00 
16 481 0 0 0 5.910267e-01 5.720954e-01 4.032422e-01 4.770153e-01 8.294226e-01 4.894470e-01 1.477045e+00 9.954037e-01 1.115897e+00 
17 511 0 0 0 6.813891e-01 5.897597e-01 4.443550e-01 4.513374e-01 7.667756e-01 3.929656e-01 1.628822e+00 8.864271e-01 1.234121e+00 
18 541 0 0 0 6.454751e-01 6.047946e-01 4.733122e-01 3.298332e-01 7.905981e-01 2.969616e-01 1.636259e+00 8.963953e-01 1.122789e+00 
19 571 0 0 0 6.908626e-01 6.445573e-01 3.319483e-01 2.841595e-01 7.751025e-01 2.148228e-01 1.646013e+00 8.975885e-01 1.106577e+00 
20 601 0 0 0 7.256961e-01 6.699636e-01 2.759488e-01 3.642099e-01 6.824507e-01 2.857507e-01 1.812064e+00 8.676066e-01 1.248399e+00 
21 631 0 0 0 6.594701e-01 7.328088e-01 3.395716e-01 3.629506e-01 7.304595e-01 3.201811e-01 1.772425e+00 8.860624e-01 1.242205e+00 
22 661 0 0 0 6.643495e-01 7.746740e-01 3.087588e-01 4.147319e-01 7.303556e-01 3.045783e-01 1.793621e+00 8.528927e-01 1.268601e+00 
23 691 0 0 0 7.359334e-01 8.135447e-01 3.574935e-01 4.446536e-01 8.078002e-01 2.898459e-01 1.756476e+00 9.022436e-01 1.259353e+00 
24 721 0 0 0 6.751019e-01 7.931578e-01 3.589939e-01 4.188149e-01 8.070584e-01 2.383453e-01 1.676852e+00 8.748051e-01 1.163447e+00 
25 751 0 0 0 6.686029e-01 7.429501e-01 3.373351e-01 3.827228e-01 8.519292e-01 1.706597e-01 1.547087e+00 8.618307e-01 1.192498e+00 
26 781 0 0 0 6.912373e-01 7.405888e-01 3.515053e-01 3.802365e-01 8.820647e-01 1.902398e-01 1.487655e+00 8.761329e-01 1.149398e+00 
27 811 0 0 0 7.464767e-01 7.446529e-01 4.049144e-01 3.848987e-01 8.958339e-01 2.118446e-01 1.489188e+00 7.996814e-01 1.172630e+00 
28 841 0 0 0 7.633792e-01 7.500392e-01 3.985797e-01 3.056858e-01 9.338530e-01 1.934439e-01 1.357662e+00 8.511079e-01 1.147245e+00 
29 871 0 0 0 7.384017e-01 7.172271e-01 3.732988e-01 3.221087e-01 9.059144e-01 2.147682e-01 1.417181e+00 8.446588e-01 1.184509e+00 
30 901 0 0 0 6.888973e-01 7.013404e-01 3.758796e-01 3.658019e-01 8.609497e-01 1.998931e-01 1.403645e+00 8.459313e-01 1.285131e+00 
31 931 0 0 0 6.376407e-01 7.125781e-01 4.090556e-01 3.639172e-01 8.523224e-01 2.296590e-01 1.319268e+00 8.009681e-01 1.251239e+00 
32 961 0 0 0 7.114109e-01 7.677643e-01 4.029410e-01 3.587456e-01 9.597028e-01 2.552678e-01 1.286932e+00 8.497410e-01 1.227356e+00 
33 991 0 0 0 6.845178e-01 7.025869e-01 3.896732e-01 3.349146e-01 9.658509e-01 2.412799e-01 1.204236e+00 8.438046e-01 1.230699e+00 
34 1021 0 0 0 6.354596e-01 7.628781e-01 3.687338e-01 3.288672e-01 9.518580e-01 2.266358e-01 1.134377e+00 7.871880e-01 1.282621e+00 
35 1051 0 0 0 6.829237e-01 7.668008e-01 3.191839e-01 2.938160e-01 9.476660e-01 2.471042e-01 1.078127e+00 7.057358e-01 1.282198e+00 
36 1081 0 0 0 6.817873e-01 7.777303e-01 3.909696e-01 3.415126e-01 9.261993e-01 2.752089e-01 1.111782e+00 6.709108e-01 1.271193e+00 
37 1111 0 0 0 6.749732e-01 7.445044e-01 3.723993e-01 3.268714e-01 9.101015e-01 3.382937e-01 1.086342e+00 6.855102e-01 1.253054e+00 
38 1141 0 0 0 7.186837e-01 7.376322e-01 3.976049e-01 3.298215e-01 9.210861e-01 4.226185e-01 1.113610e+00 7.317088e-01 1.188869e+00 
39 1171 0 0 0 7.330045e-01 7.365806e-01 4.644859e-01 2.939229e-01 9.264817e-01 3.948353e-01 1.080971e+00 7.557105e-01 1.226410e+00 
40 1201 0 0 0 7.003235e-01 7.676112e-01 4.384336e-01 2.672754e-01 8.949965e-01 4.248261e-01 1.036126e+00 8.040638e-01 1.277277e+00 
41 1231 0 0 0 7.140225e-01 7.524949e-01 4.220739e-01 2.980241e-01 9.019628e-01 4.463509e-01 1.059444e+00 7.623713e-01 1.298234e+00 
42 1261 0 0 0 6.750584e-01 7.378865e-01 4.308057e-01 2.600894e-01 9.065469e-01 4.246829e-01 9.894639e-01 7.779156e-01 1.301561e+00 
43 1291 0 0 0 6.397345e-01 7.651368e-01 4.160995e-01 2.612396e-01 8.765705e-01 4.251125e-01 9.582327e-01 6.962316e-01 1.281430e+00 
44 1321 0 0 0 6.181929e-01 7.735914e-01 4.250197e-01 2.540492e-01 8.756404e-01 4.259172e-01 9.052637e-01 6.724252e-01 1.280210e+00 
45 1351 0 0 0 5.943378e-01 7.939015e-01 4.172808e-01 2.395144e-01 9.005088e-01 4.083884e-01 8.563010e-01 6.541768e-01 1.227949e+00 
46 1381 0 0 0 5.730927e-01 8.002020e-01 4.766678e-01 2.198988e-01 9.149835e-01 4.212264e-01 7.443403e-01 6.105160e-01 1.225571e+00 
47 1411 0 0 0 5.008442e-01 7.783376e-01 4.297679e-01 1.787172e-01 8.599471e-01 3.859380e-01 6.024499e-01 4.958984e-01 1.233825e+00 
48 1441 0 0 0 5.231061e-01 7.679103e-01 3.938538e-01 2.218113e-01 8.674771e-01 3.620400e-01 7.237192e-01 5.329326e-01 1.229633e+00 
49 1471 0 0 0 4.821867e-01 7.701644e-01 4.570095e-01 1.972251e-01 8.468941e-01 3.520354e-01 6.232737e-01 4.998861e-01 1.217341e+00 
50 1501 0 0 0 5.074331e-01 7.437386e-01 4.877656e-01 1.585921e-01 8.172919e-01 4.005321e-01 6.881459e-01 6.215230e-01 1.188701e+00 
51 1531 0 0 0 4.201908e-01 7.384359e-01 4.620595e-01 1.805948e-01 7.644140e-01 3.803832e-01 5.786106e-01 4.726294e-01 1.224419e+00 
52 1561 0 0 0 4.014053e-01 7.170570e-01 4.909242e-01 1.772562e-01 7.302387e-01 3.939371e-01 5.498599e-01 4.417138e-01 1.220986e+00 
53 1591 0 0 0 3.796970e-01 7.494836e-01 5.260257e-01 1.436363e-01 7.010370e-01 3.864664e-01 4.558074e-01 3.789911e-01 1.208499e+00 
54 1621 0 0 0 3.516351e-01 7.510039e-01 5.602199e-01 1.265598e-01 6.772480e-01 3.764503e-01 4.679188e-01 3.980402e-01 1.233955e+00 
55 1651 0 0 0 2.936863e-01 7.328429e-01 5.196495e-01 1.693065e-01 6.740680e-01 3.325159e-01 4.616151e-01 4.161877e-01 1.334895e+00 
56 1681 0 0 0 3.394037e-01 7.387258e-01 5.730907e-01 1.329080e-01 7.035226e-01 3.848124e-01 4.078250e-01 4.044311e-01 1.224882e+00 
57 1711 0 0 0 3.542868e-01 7.216029e-01 5.171955e-01 1.516980e-01 7.286860e-01 3.778415e-01 4.338902e-01 3.764044e-01 1.180610e+00 
58 1741 0 0 0 3.532972e-01 7.076335e-01 4.565931e-01 1.529845e-01 7.383060e-01 3.781543e-01 5.002244e-01 4.371995e-01 1.177295e+00 
59 1771 0 0 0 3.157842e-01 6.928100e-01 4.703587e-01 1.481797e-01 7.843739e-01 3.661666e-01 4.563618e-01 4.757465e-01 1.177669e+00 
60 1801 0 0 0 3.400172e-01 7.171102e-01 4.721781e-01 1.484884e-01 7.876590e-01 3.409266e-01 4.483930e-01 4.198306e-01 1.160672e+00 
61 1831 0 0 0 2.261675e-01 6.919686e-01 4.904352e-01 1.215386e-01 7.237374e-01 3.329255e-01 2.948501e-01 2.973795e-01 1.129863e+00 
62 1861 0 0 0 1.707387e-01 6.790688e-01 5.632476e-01 1.161003e-01 7.028135e-01 3.326260e-01 2.363874e-01 3.085473e-01 1.132575e+00 
63 1891 0 0 0 2.088035e-01 6.931668e-01 4.947179e-01 1.357329e-01 7.125763e-01 3.283646e-01 2.931058e-01 2.907753e-01 1.173497e+00 
64 1921 0 0 0 1.748905e-01 7.013717e-01 4.207943e-01 1.181027e-01 7.027864e-01 3.061209e-01 2.525189e-01 2.739310e-01 1.201236e+00 
65 1951 0 0 0 1.535235e-01 7.326738e-01 4.351473e-01 1.036954e-01 7.135701e-01 3.238700e-01 2.171488e-01 2.820225e-01 1.183367e+00 
66 1981 0 0 0 1.858379e-01 7.375491e-01 3.985403e-01 1.143170e-01 7.330917e-01 2.814620e-01 2.536119e-01 2.794378e-01 1.181110e+00 
67 2011 0 0 0 1.617294e-01 7.680448e-01 3.834015e-01 1.058241e-01 7.104167e-01 3.015772e-01 2.321788e-01 2.739330e-01 1.197336e+00 
68 2041 0 0 0 1.262565e-01 7.731711e-01 3.757969e-01 7.101938e-02 6.956571e-01 2.988323e-01 1.497025e-01 2.383207e-01 1.160713e+00 
69 2071 0 0 0 7.805577e-02 7.565280e-01 3.680778e-01 6.241286e-02 6.822763e-01 3.019083e-01 1.021892e-01 2.326835e-01 1.157026e+00 
70 2101 0 0 0 8.849292e-02 7.401789e-01 3.685245e-01 5.818719e-02 6.903515e-01 2.982294e-01 9.427566e-02 2.135448e-01 1.127722e+00 
71 2131 0 0 0 1.181879e-01 7.388492e-01 3.762205e-01 8.082641e-02 7.023906e-01 3.070061e-01 1.572382e-01 2.122488e-01 1.120536e+00 
72 2161 0 0 0 1.014432e-01 7.616848e-01 3.910073e-01 7.674763e-02 6.644196e-01 3.208527e-01 1.208785e-01 1.741695e-01 1.145065e+00 
73 2191 0 0 0 1.058347e-01 7.420594e-01 3.995295e-01 6.568138e-02 6.796547e-01 3.362893e-01 9.161477e-02 1.600140e-01 1.128344e+00 
74 2221 0 0 0 9.045305e-02 7.631907e-01 3.834789e-01 6.914394e-02 6.742148e-01 3.206874e-01 8.716842e-02 1.641018e-01 1.182481e+00 
75 2251 0 0 0 1.094849e-01 7.633843e-01 4.042693e-01 7.317676e-02 6.950530e-01 3.091832e-01 1.232193e-01 2.068343e-01 1.158001e+00 
76 2281 0 0 0 8.102320e-02 7.444058e-01 4.085183e-01 6.836332e-02 6.684467e-01 3.258199e-01 7.196631e-02 1.657449e-01 1.190776e+00 
77 2311 0 0 0 7.112695e-02 7.468930e-01 4.123746e-01 4.903875e-02 6.510011e-01 3.212078e-01 6.624140e-02 1.777607e-01 1.173771e+00 
78 2341 0 0 0 7.294894e-02 7.438566e-01 3.895059e-01 5.876161e-02 6.602267e-01 3.201174e-01 8.825689e-02 1.986870e-01 1.176370e+00 
79 2371 0 0 0 5.627031e-02 7.674245e-01 3.741498e-01 5.148049e-02 6.488715e-01 3.127812e-01 5.918939e-02 1.840007e-01 1.212664e+00 
80 2401 0 0 0 5.234970e-02 7.711241e-01 3.667730e-01 4.613382e-02 6.561226e-01 3.045639e-01 4.659221e-02 1.959952e-01 1.238799e+00 
81 2431 0 0 0 6.299997e-02 7.672475e-01 3.467229e-01 4.741012e-02 6.605521e-01 3.145577e-01 6.887184e-02 2.151461e-01 1.242358e+00 
82 2461 0 0 0 3.963248e-02 7.607099e-01 3.537768e-01 4.151166e-02 6.630283e-01 3.027950e-01 3.251230e-02 1.969122e-01 1.241513e+00 
83 2491 0 0 0 4.875262e-02 7.501224e-01 3.597503e-01 4.168649e-02 6.678669e-01 2.941737e-01 4.252258e-02 1.986569e-01 1.210933e+00 
84 2521 0 0 0 5.153583e-02 7.561036e-01 3.809176e-01 3.832437e-02 6.717006e-01 2.837006e-01 3.484961e-02 1.799708e-01 1.178288e+00 
85 2551 0 0 0 5.663360e-02 7.560853e-01 3.718434e-01 4.365418e-02 6.664866e-01 2.750361e-01 4.847423e-02 1.775185e-01 1.174323e+00 
86 2581 0 0 0 6.405271e-02 7.511429e-01 3.591240e-01 4.808357e-02 6.602279e-01 2.873622e-01 5.989246e-02 1.697131e-01 1.172332e+00 
87 2611 0 0 0 5.108742e-02 7.461434e-01 3.653276e-01 4.333521e-02 6.681297e-01 2.809899e-01 4.842354e-02 1.828245e-01 1.151970e+00 
88 2641 0 0 0 5.153611e-02 7.449864e-01 3.527316e-01 4.370843e-02 6.608853e-01 2.672412e-01 4.464833e-02 1.688779e-01 1.173247e+00 
89 2671 0 0 0 4.180736e-02 7.323864e-01 3.633896e-01 4.119906e-02 6.545429e-01 2.646723e-01 3.338054e-02 1.701872e-01 1.186763e+00 
90 2701 0 0 0 4.411604e-02 7.324814e-01 3.551444e-01 3.443593e-02 6.616417e-01 2.562555e-01 3.070964e-02 1.719518e-01 1.182833e+00 
91 2731 0 0 0 4.069357e-02 7.380695e-01 3.418385e-01 3.490980e-02 6.532273e-01 2.644077e-01 2.795979e-02 1.708992e-01 1.211322e+00 
92 2761 0 0 0 4.610533e-02 7.390508e-01 3.592064e-01 3.175541e-02 6.496229e-01 2.595693e-01 3.071457e-02 1.691941e-01 1.183315e+00 
93 2791 0 0 0 5.052605e-02 7.378090e-01 3.554915e-01 3.487120e-02 6.557897e-01 2.531837e-01 3.579649e-02 1.720370e-01 1.195107e+00 
94 2821 0 0 0 5.085847e-02 7.343495e-01 3.583010e-01 3.354165e-02 6.547480e-01 2.423923e-01 3.418977e-02 1.621782e-01 1.177138e+00 
95 2851 0 0 0 4.438660e-02 7.279987e-01 3.576754e-01 3.421923e-02 6.487467e-01 2.417876e-01 3.056604e-02 1.651780e-01 1.181218e+00 
96 2881 0 0 0 3.819793e-02 7.328001e-01 3.652990e-01 3.246809e-02 6.537115e-01 2.430660e-01 2.250952e-02 1.625109e-01 1.179804e+00 
97 2911 0 0 0 4.221165e-02 7.331668e-01 3.579038e-01 3.126665e-02 6.530897e-01 2.344941e-01 2.282384e-02 1.545394e-01 1.163820e+00 
98 2941 0 0 0 4.298873e-02 7.282815e-01 3.691567e-01 2.833889e-02 6.504150e-01 2.343760e-01 2.154498e-02 1.612932e-01 1.166899e+00 
99 2971 0 0 0 4.056249e-02 7.193031e-01 3.729292e-01 2.742133e-02 6.496129e-01 2.358330e-01 2.117772e-02 1.689393e-01 1.165716e+00 
100 3001 0 0 0 3.949665e-02 7.291604e-01 3.591132e-01 2.940926e-02 6.468217e-01 2.437889e-01 2.083509e-02 1.604565e-01 1.167754e+00 
101 3031 0 0 0 3.664673e-02 7.245876e-01 3.648519e-01 3.190854e-02 6.412896e-01 2.471283e-01 2.014859e-02 1.516309e-01 1.160920e+00 
102 3061 0 0 0 3.763967e-02 7.236897e-01 3.698083e-01 3.237931e-02 6.419503e-01 2.385334e-01 2.041637e-02 1.435657e-01 1.138207e+00 
103 3091 0 0 0 4.279996e-02 7.252942e-01 3.650780e-01 2.925443e-02 6.508731e-01 2.310563e-01 1.863522e-02 1.386245e-01 1.131820e+00 
104 3121 0 0 0 4.650728e-02 7.209618e-01 3.574841e-01 2.909474e-02 6.524289e-01 2.264057e-01 2.203201e-02 1.384627e-01 1.134412e+00 
105 3151 0 0 0 4.648916e-02 7.241085e-01 3.599257e-01 3.021801e-02 6.494437e-01 2.338306e-01 2.260200e-02 1.339003e-01 1.127756e+00 
106 3181 0 0 0 4.263169e-02 7.186528e-01 3.597788e-01 2.976554e-02 6.479971e-01 2.353216e-01 1.985845e-02 1.366245e-01 1.125876e+00 
107 3211 0 0 0 4.149393e-02 7.145343e-01 3.499515e-01 2.998480e-02 6.491526e-01 2.375297e-01 1.902013e-02 1.348616e-01 1.123180e+00 
108 3241 0 0 0 4.066243e-02 7.122600e-01 3.522861e-01 3.047347e-02 6.504254e-01 2.405174e-01 1.916736e-02 1.362632e-01 1.122521e+00 
109 3271 0 0 0 3.972766e-02 7.161890e-01 3.529991e-01 2.972513e-02 6.466880e-01 2.469859e-01 1.812343e-02 1.387961e-01 1.133537e+00 
110 3301 0 0 0 4.180221e-02 7.208877e-01 3.540685e-01 2.863500e-02 6.528874e-01 2.412246e-01 1.916466e-02 1.438511e-01 1.137928e+00 
111 3331 0 0 0 3.896015e-02 7.186739e-01 3.529363e-01 2.857002e-02 6.518439e-01 2.411626e-01 1.844408e-02 1.501471e-01 1.147965e+00 
112 3361 0 0 0 4.129165e-02 7.219070e-01 3.579725e-01 2.710943e-02 6.531696e-01 2.380354e-01 1.898043e-02 1.521548e-01 1.148675e+00 
113 3391 0 0 0 4.223433e-02 7.177342e-01 3.650583e-01 2.628004e-02 6.549639e-01 2.341266e-01 1.866597e-02 1.532134e-01 1.146291e+00 
114 3421 0 0 0 4.367904e-02 7.206721e-01 3.648631e-01 2.580941e-02 6.564546e-01 2.326533e-01 1.924756e-02 1.529750e-01 1.151014e+00 
115 3451 0 0 0 4.257071e-02 7.176956e-01 3.613618e-01 2.659777e-02 6.571829e-01 2.301665e-01 1.901486e-02 1.510888e-01 1.142542e+00 
116 3481 0 0 0 4.070178e-02 7.115325e-01 3.637387e-01 2.745210e-02 6.556004e-01 2.272939e-01 1.848304e-02 1.481710e-01 1.134108e+00 
117 3511 0 0 0 4.183112e-02 7.136064e-01 3.617879e-01 2.686233e-02 6.582183e-01 2.275385e-01 1.885416e-02 1.511842e-01 1.142148e+00 
118 3541 0 0 0 3.930682e-02 7.124753e-01 3.528827e-01 2.833087e-02 6.531834e-01 2.355159e-01 1.869557e-02 1.514181e-01 1.151486e+00 
119 3571 0 0 0 3.830429e-02 7.116551e-01 3.454044e-01 2.890855e-02 6.514425e-01 2.370312e-01 1.814775e-02 1.478457e-01 1.152300e+00 
120 3601 0 0 0 3.878990e-02 7.149086e-01 3.407128e-01 2.944731e-02 6.550076e-01 2.382139e-01 1.834010e-02 1.460083e-01 1.148792e+00 
121 3631 0 0 0 3.903161e-02 7.225341e-01 3.351282e-01 2.900662e-02 6.570848e-01 2.362111e-01 1.838326e-02 1.467929e-01 1.156232e+00 
122 3661 0 0 0 4.248134e-02 7.186729e-01 3.425398e-01 2.744542e-02 6.606855e-01 2.319485e-01 1.843126e-02 1.439752e-01 1.144483e+00 
123 3691 0 0 0 4.153995e-02 7.194255e-01 3.455337e-01 2.780384e-02 6.598853e-01 2.290350e-01 1.841242e-02 1.447790e-01 1.143947e+00 
124 3721 0 0 0 4.332505e-02 7.239771e-01 3.486429e-01 2.716209e-02 6.594628e-01 2.281795e-01 1.900996e-02 1.445839e-01 1.147607e+00 
125 3751 0 0 0 4.413014e-02 7.233971e-01 3.470850e-01 2.657209e-02 6.591175e-01 2.313300e-01 1.873519e-02 1.433811e-01 1.145729e+00 
126 3781 0 0 0 4.450176e-02 7.297444e-01 3.476010e-01 2.608554e-02 6.621478e-01 2.277151e-01 1.887278e-02 1.459427e-01 1.146514e+00 
127 3811 0 0 0 4.412673e-02 7.291483e-01 3.480893e-01 2.620218e-02 6.619175e-01 2.279235e-01 1.898837e-02 1.477611e-01 1.152344e+00 
128 3841 0 0 0 4.280252e-02 7.289531e-01 3.462128e-01 2.663324e-02 6.633832e-01 2.285250e-01 1.887322e-02 1.497482e-01 1.151761e+00 
129 3871 0 0 0 4.374104e-02 7.299156e-01 3.534064e-01 2.592379e-02 6.646279e-01 2.289214e-01 1.880537e-02 1.507161e-01 1.148517e+00 
130 3901 0 0 0 4.273288e-02 7.278995e-01 3.541743e-01 2.560917e-02 6.638836e-01 2.320790e-01 1.869309e-02 1.566285e-01 1.156580e+00 
131 3931 0 0 0 4.275663e-02 7.289357e-01 3.500780e-01 2.555303e-02 6.613259e-01 2.360421e-01 1.882501e-02 1.562526e-01 1.159384e+00 
132 3961 0 0 0 4.026475e-02 7.284798e-01 3.473282e-01 2.669801e-02 6.618694e-01 2.356025e-01 1.868490e-02 1.593034e-01 1.163406e+00 
133 3991 0 0 0 4.116147e-02 7.287291e-01 3.518251e-01 2.628039e-02 6.603407e-01 2.363602e-01 1.868415e-02 1.584615e-01 1.165939e+00 
134 4021 0 0 0 3.913262e-02 7.281938e-01 3.525714e-01 2.725095e-02 6.572605e-01 2.373452e-01 1.876201e-02 1.591501e-01 1.164227e+00 
135 4051 0 0 0 4.011238e-02 7.294456e-01 3.503843e-01 2.685855e-02 6.580746e-01 2.367733e-01 1.911811e-02 1.592476e-01 1.159738e+00 
136 4081 0 0 0 4.000155e-02 7.283763e-01 3.455270e-01 2.696633e-02 6.597114e-01 2.371774e-01 1.923364e-02 1.600197e-01 1.157531e+00 
137 4111 0 0 0 3.896305e-02 7.319770e-01 3.415938e-01 2.723846e-02 6.592912e-01 2.392827e-01 1.898738e-02 1.614771e-01 1.164902e+00 
138 4141 0 0 0 3.776236e-02 7.326700e-01 3.457151e-01 2.800268e-02 6.604013e-01 2.380089e-01 1.882789e-02 1.620125e-01 1.164095e+00 
139 4171 0 0 0 3.917690e-02 7.318897e-01 3.495228e-01 2.681436e-02 6.631950e-01 2.355173e-01 1.866948e-02 1.641360e-01 1.167118e+00 
140 4201 0 0 0 3.915510e-02 7.296683e-01 3.512618e-01 2.699795e-02 6.620196e-01 2.380831e-01 1.867122e-02 1.625434e-01 1.164232e+00 
141 4231 0 0 0 3.905992e-02 7.296737e-01 3.530197e-01 2.661066e-02 6.616543e-01 2.402730e-01 1.864073e-02 1.657858e-01 1.170730e+00 
142 4261 0 0 0 3.919328e-02 7.300940e-01 3.567373e-01 2.678507e-02 6.607782e-01 2.425305e-01 1.886885e-02 1.659134e-01 1.169642e+00 
143 4291 0 0 0 3.942399e-02 7.311448e-01 3.531925e-01 2.620791e-02 6.617334e-01 2.444100e-01 1.886764e-02 1.692968e-01 1.177352e+00 
144 4321 0 0 0 3.913787e-02 7.317870e-01 3.538424e-01 2.608069e-02 6.626848e-01 2.443702e-01 1.883593e-02 1.720619e-01 1.181882e+00 
145 4351 0 0 0 3.878610e-02 7.332118e-01 3.536952e-01 2.637266e-02 6.613216e-01 2.481257e-01 1.891093e-02 1.723747e-01 1.185398e+00 
146 4381 0 0 0 3.766690e-02 7.304084e-01 3.467760e-01 2.728837e-02 6.620053e-01 2.482165e-01 1.893105e-02 1.714404e-01 1.185586e+00 
147 4411 0 0 0 3.726548e-02 7.305397e-01 3.417311e-01 2.738817e-02 6.617021e-01 2.505198e-01 1.899480e-02 1.734747e-01 1.195981e+00 
148 4441 0 0 0 3.809984e-02 7.341151e-01 3.420816e-01 2.718329e-02 6.615269e-01 2.496883e-01 1.907958e-02 1.714840e-01 1.198550e+00 
149 4471 0 0 0 3.851287e-02 7.292616e-01 3.475424e-01 2.663338e-02 6.609213e-01 2.494660e-01 1.908993e-02 1.736333e-01 1.199242e+00 
150 4501 0 0 0 3.924110e-02 7.328346e-01 3.434052e-01 2.629150e-02 6.620368e-01 2.497819e-01 1.898027e-02 1.719222e-01 1.199489e+00 
151 4531 0 0 0 3.794917e-02 7.357481e-01 3.350398e-01 2.707748e-02 6.609441e-01 2.557541e-01 1.917331e-02 1.743648e-01 1.212542e+00 
152 4561 0 0 0 3.800267e-02 7.368445e-01 3.297675e-01 2.703451e-02 6.608666e-01 2.592236e-01 1.948542e-02 1.763220e-01 1.219127e+00 
153 4591 0 0 0 3.849501e-02 7.383186e-01 3.251566e-01 2.649522e-02 6.613415e-01 2.627518e-01 1.935138e-02 1.770824e-01 1.226355e+00 
154 4621 0 0 0 3.897018e-02 7.358733e-01 3.246353e-01 2.642563e-02 6.650453e-01 2.590723e-01 1.918697e-02 1.754683e-01 1.215855e+00 
155 4651 0 0 0 3.787960e-02 7.407272e-01 3.151760e-01 2.708094e-02 6.658232e-01 2.633687e-01 1.916097e-02 1.768642e-01 1.230850e+00 
156 4681 0 0 0 3.789472e-02 7.369430e-01 3.155260e-01 2.749933e-02 6.646373e-01 2.606593e-01 1.932203e-02 1.740122e-01 1.224998e+00 
157 4711 0 0 0 3.778260e-02 7.402356e-01 3.016361e-01 2.742543e-02 6.646112e-01 2.669217e-01 1.958977e-02 1.775304e-01 1.248870e+00 
158 4741 0 0 0 3.790280e-02 7.373285e-01 3.024536e-01 2.726184e-02 6.653088e-01 2.638025e-01 1.966030e-02 1.784720e-01 1.247241e+00 
159 4771 0 0 0 3.777108e-02 7.378257e-01 2.915118e-01 2.733126e-02 6.658195e-01 2.687706e-01 1.969259e-02 1.800621e-01 1.265707e+00 
160 4801 0 0 0 3.766322e-02 7.380477e-01 2.900789e-01 2.748389e-02 6.672943e-01 2.690350e-01 1.978059e-02 1.808207e-01 1.270032e+00 
161 4831 0 0 0 3.719284e-02 7.417469e-01 2.832018e-01 2.773184e-02 6.679771e-01 2.692314e-01 1.971930e-02 1.807702e-01 1.278807e+00 
162 4861 0 0 0 3.677897e-02 7.448733e-01 2.753701e-01 2.792335e-02 6.643642e-01 2.762798e-01 1.991863e-02 1.822230e-01 1.294382e+00 
163 4891 0 0 0 3.675307e-02 7.453450e-01 2.780781e-01 2.799471e-02 6.646393e-01 2.760226e-01 1.967273e-02 1.800202e-01 1.285499e+00 
164 4921 0 0 0 3.686646e-02 7.474031e-01 2.717023e-01 2.773548e-02 6.633537e-01 2.796332e-01 1.972886e-02 1.815498e-01 1.301348e+00 
165 4951 0 0 0 3.675010e-02 7.431524e-01 2.578525e-01 2.830656e-02 6.637201e-01 2.841758e-01 2.007001e-02 1.814700e-01 1.319586e+00 
166 4981 0 0 0 3.598498e-02 7.459957e-01 2.497862e-01 2.853459e-02 6.632445e-01 2.868631e-01 2.021657e-02 1.841070e-01 1.334465e+00 
167 5011 0 0 0 3.617501e-02 7.450609e-01 2.548978e-01 2.837320e-02 6.652239e-01 2.794239e-01 2.017822e-02 1.842557e-01 1.327429e+00 
168 5041 0 0 0 3.587529e-02 7.480732e-01 2.489654e-01 2.823149e-02 6.648308e-01 2.852324e-01 2.002282e-02 1.860635e-01 1.339412e+00 
169 5071 0 0 0 3.650266e-02 7.521368e-01 2.535594e-01 2.761392e-02 6.646003e-01 2.884193e-01 2.004605e-02 1.877432e-01 1.338449e+00 
170 5101 0 0 0 3.600204e-02 7.554114e-01 2.442222e-01 2.787895e-02 6.633199e-01 2.923279e-01 2.028242e-02 1.894829e-01 1.355741e+00 
171 5131 0 0 0 3.567098e-02 7.572411e-01 2.331267e-01 2.798393e-02 6.603875e-01 2.990558e-01 2.043282e-02 1.908865e-01 1.374621e+00 
172 5161 0 0 0 3.592100e-02 7.543159e-01 2.312961e-01 2.793398e-02 6.599165e-01 2.964288e-01 2.046219e-02 1.893066e-01 1.371845e+00 
173 5191 0 0 0 3.658844e-02 7.555029e-01 2.325363e-01 2.761437e-02 6.613610e-01 2.952248e-01 2.036668e-02 1.880924e-01 1.370794e+00 
174 5221 0 0 0 3.640548e-02 7.578429e-01 2.288886e-01 2.769648e-02 6.610269e-01 2.966959e-01 2.043049e-02 1.889974e-01 1.380509e+00 
175 5251 0 0 0 3.701871e-02 7.576280e-01 2.360885e-01 2.739662e-02 6.623212e-01 2.909832e-01 2.035965e-02 1.871268e-01 1.367094e+00 
176 5281 0 0 0 3.660061e-02 7.636055e-01 2.280427e-01 2.766951e-02 6.627295e-01 2.943032e-01 2.042242e-02 1.872783e-01 1.374779e+00 
177 5311 0 0 0 3.651254e-02 7.628999e-01 2.218248e-01 2.780577e-02 6.642920e-01 2.926989e-01 2.031367e-02 1.861468e-01 1.375446e+00 
178 5341 0 0 0 3.680740e-02 7.608601e-01 2.305446e-01 2.759123e-02 6.644344e-01 2.898887e-01 2.025735e-02 1.864489e-01 1.369867e+00 
179 5371 0 0 0 3.732139e-02 7.601819e-01 2.356616e-01 2.707674e-02 6.636920e-01 2.889488e-01 2.012910e-02 1.863217e-01 1.364027e+00 
180 5401 0 0 0 3.706211e-02 7.601371e-01 2.291774e-01 2.734176e-02 6.652543e-01 2.896426e-01 2.031174e-02 1.869770e-01 1.367216e+00 
181 5431 0 0 0 3.688358e-02 7.624363e-01 2.252502e-01 2.720562e-02 6.652825e-01 2.907699e-01 2.035443e-02 1.890172e-01 1.375904e+00 
182 5461 0 0 0 3.720231e-02 7.623898e-01 2.288152e-01 2.702594e-02 6.659846e-01 2.888337e-01 2.021508e-02 1.876518e-01 1.368026e+00 
183 5491 0 0 0 3.773698e-02 7.638784e-01 2.251531e-01 2.666923e-02 6.659377e-01 2.892145e-01 2.030867e-02 1.875233e-01 1.372986e+00 
184 5521 0 0 0 3.811606e-02 7.631009e-01 2.332298e-01 2.683988e-02 6.659711e-01 2.865349e-01 2.031774e-02 1.850299e-01 1.361833e+00 
185 5551 0 0 0 3.787093e-02 7.602754e-01 2.351028e-01 2.682547e-02 6.649822e-01 2.883945e-01 2.033205e-02 1.873189e-01 1.366720e+00 
186 5581 0 0 0 3.773081e-02 7.596880e-01 2.321320e-01 2.695711e-02 6.642068e-01 2.884625e-01 2.043778e-02 1.875560e-01 1.374462e+00 
187 5611 0 0 0 3.673223e-02 7.590011e-01 2.267389e-01 2.731251e-02 6.638858e-01 2.893447e-01 2.031203e-02 1.885100e-01 1.376767e+00 
188 5641 0 0 0 3.706483e-02 7.582358e-01 2.309143e-01 2.713361e-02 6.650837e-01 2.867609e-01 2.029982e-02 1.883155e-01 1.369035e+00 
189 5671 0 0 0 3.725951e-02 7.579805e-01 2.328998e-01 2.691218e-02 6.655215e-01 2.861721e-01 2.028930e-02 1.896744e-01 1.373244e+00 
190 5701 0 0 0 3.677437e-02 7.583205e-01 2.304198e-01 2.719841e-02 6.650773e-01 2.869738e-01 2.025741e-02 1.896621e-01 1.375099e+00 
191 5731 0 0 0 3.649542e-02 7.593398e-01 2.321687e-01 2.733780e-02 6.659103e-01 2.875942e-01 2.023309e-02 1.906156e-01 1.373602e+00 
192 5761 0 0 0 3.566480e-02 7.578939e-01 2.252909e-01 2.791242e-02 6.654438e-01 2.882939e-01 2.027337e-02 1.900518e-01 1.373412e+00 
193 5791 0 0 0 3.644382e-02 7.588267e-01 2.237698e-01 2.743035e-02 6.660444e-01 2.855463e-01 2.024573e-02 1.883782e-01 1.370871e+00 
194 5821 0 0 0 3.627663e-02 7.574050e-01 2.206340e-01 2.754894e-02 6.672803e-01 2.842081e-01 2.025486e-02 1.884533e-01 1.370745e+00 
195 5851 0 0 0 3.683877e-02 7.552295e-01 2.279090e-01 2.712848e-02 6.677325e-01 2.811935e-01 2.020501e-02 1.882309e-01 1.360220e+00 
196 5881 0 0 0 3.666148e-02 7.525128e-01 2.302044e-01 2.729895e-02 6.672666e-01 2.796184e-01 2.023808e-02 1.881927e-01 1.357161e+00 
197 5911 0 0 0 3.681291e-02 7.533459e-01 2.310289e-01 2.715463e-02 6.670533e-01 2.815405e-01 2.024680e-02 1.888482e-01 1.360424e+00 
198 5941 0 0 0 3.650917e-02 7.530358e-01 2.276409e-01 2.729030e-02 6.672853e-01 2.813416e-01 2.023369e-02 1.890750e-01 1.362559e+00 
199 5971 0 0 0 3.679616e-02 7.532063e-01 2.300466e-01 2.711809e-02 6.669460e-01 2.795357e-01 2.019051e-02 1.881581e-01 1.359043e+00 
200 6001 0 0 0 3.699298e-02 7.527585e-01 2.295683e-01 2.705099e-02 6.674410e-01 2.799939e-01 2.023923e-02 1.883755e-01 1.360959e+00 
201 6031 0 0 0 3.681174e-02 7.538024e-01 2.263823e-01 2.721388e-02 6.672464e-01 2.810703e-01 2.023630e-02 1.877156e-01 1.363282e+00 
202 6061 0 0 0 3.696764e-02 7.529031e-01 2.292387e-01 2.709015e-02 6.672588e-01 2.791305e-01 2.023761e-02 1.875464e-01 1.357399e+00 
203 6091 0 0 0 3.671879e-02 7.512246e-01 2.314093e-01 2.740296e-02 6.677892e-01 2.778869e-01 2.024220e-02 1.872233e-01 1.354256e+00 
204 6121 0 0 0 3.659365e-02 7.528591e-01 2.287759e-01 2.755682e-02 6.672168e-01 2.789212e-01 2.028425e-02 1.866273e-01 1.357380e+00 
205 6151 0 0 0 3.681219e-02 7.539047e-01 2.275769e-01 2.724767e-02 6.674320e-01 2.792955e-01 2.028866e-02 1.877232e-01 1.360206e+00 
206 6181 0 0 0 3.664571e-02 7.528566e-01 2.289785e-01 2.734362e-02 6.677418e-01 2.789729e-01 2.026668e-02 1.878969e-01 1.357157e+00 
207 6211 0 0 0 3.643154e-02 7.530213e-01 2.269535e-01 2.748517e-02 6.671253e-01 2.807428e-01 2.029352e-02 1.881604e-01 1.361724e+00 
208 6241 0 0 0 3.646265e-02 7.526706e-01 2.267857e-01 2.742497e-02 6.673308e-01 2.800149e-01 2.029574e-02 1.882682e-01 1.360697e+00 
209 6271 0 0 0 3.650190e-02 7.525746e-01 2.292227e-01 2.744559e-02 6.672681e-01 2.788910e-01 2.028940e-02 1.878258e-01 1.357161e+00 
210 6301 0 0 0 3.644667e-02 7.522840e-01 2.293367e-01 2.745538e-02 6.665893e-01 2.791642e-01 2.028252e-02 1.877860e-01 1.357823e+00 
211 6331 0 0 0 3.642470e-02 7.518680e-01 2.284130e-01 2.751390e-02 6.663244e-01 2.794136e-01 2.030044e-02 1.875739e-01 1.359115e+00 
212 6361 0 0 0 3.634233e-02 7.514785e-01 2.278677e-01 2.750108e-02 6.663196e-01 2.792411e-01 2.026583e-02 1.877063e-01 1.358674e+00 
213 6391 0 0 0 3.630420e-02 7.510651e-01 2.261359e-01 2.757186e-02 6.661275e-01 2.799984e-01 2.029513e-02 1.875752e-01 1.360222e+00 
214 6421 0 0 0 3.636617e-02 7.507447e-01 2.265688e-01 2.753235e-02 6.653908e-01 2.800701e-01 2.029021e-02 1.871896e-01 1.360201e+00 
215 6451 0 0 0 3.653964e-02 7.514316e-01 2.281727e-01 2.742984e-02 6.657149e-01 2.798477e-01 2.027602e-02 1.872167e-01 1.359227e+00 
216 6481 0 0 0 3.658345e-02 7.528174e-01 2.267711e-01 2.738949e-02 6.654957e-01 2.816131e-01 2.025790e-02 1.873354e-01 1.363256e+00 
217 6511 0 0 0 3.645438e-02 7.538537e-01 2.236035e-01 2.739544e-02 6.651427e-01 2.834026e-01 2.027419e-02 1.879833e-01 1.367870e+00 
218 6541 0 0 0 3.628626e-02 7.532535e-01 2.228087e-01 2.757331e-02 6.643655e-01 2.831358e-01 2.028220e-02 1.871583e-01 1.368071e+00 
219 6571 0 0 0 3.603119e-02 7.515110e-01 2.248656e-01 2.780319e-02 6.642011e-01 2.815141e-01 2.024582e-02 1.865468e-01 1.364237e+00 
220 6601 0 0 0 3.576289e-02 7.506420e-01 2.246165e-01 2.800744e-02 6.646833e-01 2.802636e-01 2.023816e-02 1.862449e-01 1.360980e+00 
221 6631 0 0 0 3.593431e-02 7.512300e-01 2.243520e-01 2.784925e-02 6.643765e-01 2.810327e-01 2.027512e-02 1.865950e-01 1.362589e+00 
222 6661 0 0 0 3.611443e-02 7.513809e-01 2.267036e-01 2.768789e-02 6.649021e-01 2.804553e-01 2.025299e-02 1.870248e-01 1.360292e+00 
223 6691 0 0 0 3.600290e-02 7.508096e-01 2.264031e-01 2.783790e-02 6.647912e-01 2.799955e-01 2.026557e-02 1.864477e-01 1.358553e+00 
224 6721 0 0 0 3.607879e-02 7.512497e-01 2.259800e-01 2.780851e-02 6.639370e-01 2.812118e-01 2.029969e-02 1.862837e-01 1.361066e+00 
225 6751 0 0 0 3.594526e-02 7.509026e-01 2.249637e-01 2.788691e-02 6.635400e-01 2.813975e-01 2.030206e-02 1.861407e-01 1.361900e+00 
226 6781 0 0 0 3.603878e-02 7.511393e-01 2.250773e-01 2.776987e-02 6.636266e-01 2.811830e-01 2.030000e-02 1.865077e-01 1.362366e+00 
227 6811 0 0 0 3.614464e-02 7.513714e-01 2.261116e-01 2.764875e-02 6.639625e-01 2.812091e-01 2.027905e-02 1.870494e-01 1.362509e+00 
228 6841 0 0 0 3.609973e-02 7.509787e-01 2.251277e-01 2.769716e-02 6.638093e-01 2.810771e-01 2.030771e-02 1.868000e-01 1.362241e+00 
229 6871 0 0 0 3.599023e-02 7.504101e-01 2.246952e-01 2.778556e-02 6.636786e-01 2.814652e-01 2.032697e-02 1.869411e-01 1.362806e+00 
230 6901 0 0 0 3.604177e-02 7.502233e-01 2.240274e-01 2.776658e-02 6.633074e-01 2.815736e-01 2.035984e-02 1.867001e-01 1.363147e+00 
231 6931 0 0 0 3.613589e-02 7.509137e-01 2.235564e-01 2.769203e-02 6.633798e-01 2.819864e-01 2.036615e-02 1.867366e-01 1.363969e+00 
232 6961 0 0 0 3.617227e-02 7.512208e-01 2.237152e-01 2.766664e-02 6.638770e-01 2.820635e-01 2.035469e-02 1.870193e-01 1.364591e+00 
233 6991 0 0 0 3.611918e-02 7.507745e-01 2.239098e-01 2.769310e-02 6.637672e-01 2.815207e-01 2.036355e-02 1.869758e-01 1.363656e+00 
234 7021 0 0 0 3.618527e-02 7.508865e-01 2.244237e-01 2.767536e-02 6.637752e-01 2.816048e-01 2.036845e-02 1.868762e-01 1.363454e+00 
235 7051 0 0 0 3.623344e-02 7.512455e-01 2.240126e-01 2.762060e-02 6.640393e-01 2.816196e-01 2.037076e-02 1.870830e-01 1.364138e+00 
236 7081 0 0 0 3.621296e-02 7.511702e-01 2.236140e-01 2.759812e-02 6.636891e-01 2.819409e-01 2.038414e-02 1.872550e-01 1.364822e+00 
237 7111 0 0 0 3.615818e-02 7.507438e-01 2.235728e-01 2.762620e-02 6.635558e-01 2.817248e-01 2.038792e-02 1.872523e-01 1.364822e+00 
238 7141 0 0 0 3.617893e-02 7.507962e-01 2.242960e-01 2.756617e-02 6.637161e-01 2.816146e-01 2.037748e-02 1.876414e-01 1.364570e+00 
239 7171 0 0 0 3.609229e-02 7.504051e-01 2.252378e-01 2.760544e-02 6.636741e-01 2.809538e-01 2.036287e-02 1.876972e-01 1.363231e+00 
240 7201 0 0 0 3.607898e-02 7.504835e-01 2.254869e-01 2.756795e-02 6.636064e-01 2.812243e-01 2.034287e-02 1.879451e-01 1.363332e+00 
241 7231 0 0 0 3.608502e-02 7.502901e-01 2.247366e-01 2.757672e-02 6.634268e-01 2.814409e-01 2.035070e-02 1.878188e-01 1.364117e+00 
242 7261 0 0 0 3.612097e-02 7.501813e-01 2.242190e-01 2.759861e-02 6.634563e-01 2.814169e-01 2.036416e-02 1.875289e-01 1.364024e+00 
243 7291 0 0 0 3.617572e-02 7.501238e-01 2.252337e-01 2.760070e-02 6.636938e-01 2.809752e-01 2.036494e-02 1.873177e-01 1.362158e+00 
244 7321 0 0 0 3.617933e-02 7.499953e-01 2.261583e-01 2.761768e-02 6.635006e-01 2.807211e-01 2.035154e-02 1.870672e-01 1.361471e+00 
245 7351 0 0 0 3.626552e-02 7.500320e-01 2.262841e-01 2.759659e-02 6.637890e-01 2.805820e-01 2.035207e-02 1.869425e-01 1.361335e+00 
246 7381 0 0 0 3.640475e-02 7.505192e-01 2.264270e-01 2.752133e-02 6.639502e-01 2.803428e-01 2.035662e-02 1.867004e-01 1.360535e+00 
247 7411 0 0 0 3.648820e-02 7.507368e-01 2.271055e-01 2.749100e-02 6.643372e-01 2.800970e-01 2.035949e-02 1.867431e-01 1.359896e+00 
248 7441 0 0 0 3.658016e-02 7.507593e-01 2.275391e-01 2.745604e-02 6.641849e-01 2.800514e-01 2.036228e-02 1.865086e-01 1.359742e+00 
249 7471 0 0 0 3.659080e-02 7.508014e-01 2.288214e-01 2.740980e-02 6.647268e-01 2.795707e-01 2.032436e-02 1.868984e-01 1.358659e+00 
250 7501 0 0 0 3.654527e-02 7.505451e-01 2.288243e-01 2.740705e-02 6.648356e-01 2.791910e-01 2.029962e-02 1.869990e-01 1.358004e+00 
251 7531 0 0 0 3.660957e-02 7.505303e-01 2.290507e-01 2.737413e-02 6.652526e-01 2.791457e-01 2.031442e-02 1.871947e-01 1.357365e+00 
252 7561 0 0 0 3.669791e-02 7.510529e-01 2.289612e-01 2.733023e-02 6.658364e-01 2.789121e-01 2.029246e-02 1.871123e-01 1.357351e+00 
253 7591 0 0 0 3.669514e-02 7.513467e-01 2.287093e-01 2.735574e-02 6.656242e-01 2.791802e-01 2.030232e-02 1.868450e-01 1.357600e+00 
254 7621 0 0 0 3.655155e-02 7.510197e-01 2.280108e-01 2.742373e-02 6.656800e-01 2.791921e-01 2.031851e-02 1.871972e-01 1.357800e+00 
255 7651 0 0 0 3.643111e-02 7.510087e-01 2.284056e-01 2.751198e-02 6.658528e-01 2.791771e-01 2.029536e-02 1.871716e-01 1.357376e+00 
256 7681 0 0 0 3.646159e-02 7.510258e-01 2.279973e-01 2.749087e-02 6.656020e-01 2.793734e-01 2.029678e-02 1.871091e-01 1.358199e+00 
257 7711 0 0 0 3.645646e-02 7.506409e-01 2.285175e-01 2.746254e-02 6.653515e-01 2.791718e-01 2.028721e-02 1.872453e-01 1.358193e+00 
258 7741 0 0 0 3.650187e-02 7.508653e-01 2.286938e-01 2.746125e-02 6.651145e-01 2.791656e-01 2.029758e-02 1.869388e-01 1.358255e+00 
259 7771 0 0 0 3.652285e-02 7.505347e-01 2.295433e-01 2.743902e-02 6.652299e-01 2.787105e-01 2.027536e-02 1.868835e-01 1.356839e+00 
260 7801 0 0 0 3.654752e-02 7.506631e-01 2.294280e-01 2.742568e-02 6.652269e-01 2.788824e-01 2.028527e-02 1.868866e-01 1.356983e+00 
261 7831 0 0 0 3.656819e-02 7.505292e-01 2.297343e-01 2.741792e-02 6.651105e-01 2.786171e-01 2.028627e-02 1.867296e-01 1.356218e+00 
262 7861 0 0 0 3.653022e-02 7.506731e-01 2.289329e-01 2.746166e-02 6.648146e-01 2.790133e-01 2.029968e-02 1.865812e-01 1.357372e+00 
263 7891 0 0 0 3.659424e-02 7.507249e-01 2.291638e-01 2.743685e-02 6.647334e-01 2.789625e-01 2.030112e-02 1.864098e-01 1.357405e+00 
264 7921 0 0 0 3.664504e-02 7.508083e-01 2.295390e-01 2.742547e-02 6.648535e-01 2.786938e-01 2.029279e-02 1.862106e-01 1.356802e+00 
265 7951 0 0 0 3.667761e-02 7.506996e-01 2.294689e-01 2.741787e-02 6.647390e-01 2.784738e-01 2.029969e-02 1.860167e-01 1.356474e+00 
266 7981 0 0 0 3.663828e-02 7.506926e-01 2.294346e-01 2.744905e-02 6.650392e-01 2.782372e-01 2.029444e-02 1.859913e-01 1.355547e+00 
267 8011 0 0 0 3.657987e-02 7.505448e-01 2.295735e-01 2.744249e-02 6.651055e-01 2.781978e-01 2.028549e-02 1.863464e-01 1.355706e+00 
268 8041 0 0 0 3.652510e-02 7.504847e-01 2.290735e-01 2.745331e-02 6.650539e-01 2.782548e-01 2.029050e-02 1.865106e-01 1.356234e+00 
269 8071 0 0 0 3.655709e-02 7.504840e-01 2.298081e-01 2.745794e-02 6.651043e-01 2.779557e-01 2.027372e-02 1.862547e-01 1.355300e+00 
270 8101 0 0 0 3.659984e-02 7.504577e-01 2.300682e-01 2.743488e-02 6.649370e-01 2.779825e-01 2.026890e-02 1.861633e-01 1.355404e+00 
271 8131 0 0 0 3.660257e-02 7.504588e-01 2.301691e-01 2.742688e-02 6.649815e-01 2.779787e-01 2.026916e-02 1.862440e-01 1.355420e+00 
272 8161 0 0 0 3.658042e-02 7.503697e-01 2.307277e-01 2.744476e-02 6.650456e-01 2.777930e-01 2.025746e-02 1.862112e-01 1.354627e+00 
273 8191 0 0 0 3.658764e-02 7.502862e-01 2.310227e-01 2.743515e-02 6.651859e-01 2.774751e-01 2.024715e-02 1.862291e-01 1.354084e+00 
274 8221 0 0 0 3.656074e-02 7.502403e-01 2.311428e-01 2.745832e-02 6.653194e-01 2.773514e-01 2.024543e-02 1.862434e-01 1.353788e+00 
275 8251 0 0 0 3.652304e-02 7.503065e-01 2.312674e-01 2.746949e-02 6.656410e-01 2.773027e-01 2.023832e-02 1.864779e-01 1.353491e+00 
276 8281 0 0 0 3.652789e-02 7.502473e-01 2.312593e-01 2.749069e-02 6.655755e-01 2.772536e-01 2.024328e-02 1.862852e-01 1.353302e+00 
277 8311 0 0 0 3.655545e-02 7.502855e-01 2.312613e-01 2.748613e-02 6.655156e-01 2.772847e-01 2.024134e-02 1.861342e-01 1.353324e+00 
278 8341 0 0 0 3.652038e-02 7.501980e-01 2.309262e-01 2.748799e-02 6.654227e-01 2.773825e-01 2.024355e-02 1.862326e-01 1.353578e+00 
279 8371 0 0 0 3.656268e-02 7.502283e-01 2.312459e-01 2.747831e-02 6.652856e-01 2.773281e-01 2.023768e-02 1.860148e-01 1.353432e+00 
280 8401 0 0 0 3.654499e-02 7.501106e-01 2.312952e-01 2.748866e-02 6.652387e-01 2.772646e-01 2.023697e-02 1.859964e-01 1.353261e+00 
281 8431 0 0 0 3.653987e-02 7.501480e-01 2.313265e-01 2.748134e-02 6.653627e-01 2.772058e-01 2.023454e-02 1.861364e-01 1.353452e+00 
282 8461 0 0 0 3.652348e-02 7.500604e-01 2.312884e-01 2.747530e-02 6.653446e-01 2.772487e-01 2.023613e-02 1.862792e-01 1.353593e+00 
283 8491 0 0 0 3.652619e-02 7.501832e-01 2.310980e-01 2.746588e-02 6.653603e-01 2.773879e-01 2.024405e-02 1.863855e-01 1.354033e+00 
284 8521 0 0 0 3.649834e-02 7.501023e-01 2.310597e-01 2.747617e-02 6.653982e-01 2.774177e-01 2.024401e-02 1.865028e-01 1.354150e+00 
285 8551 0 0 0 3.649457e-02 7.501535e-01 2.311292e-01 2.748290e-02 6.655916e-01 2.773234e-01 2.023857e-02 1.865076e-01 1.353757e+00 
286 8581 0 0 0 3.649929e-02 7.499867e-01 2.312850e-01 2.748412e-02 6.654134e-01 2.771891e-01 2.023673e-02 1.863966e-01 1.353651e+00 
287 8611 0 0 0 3.652035e-02 7.500837e-01 2.311387e-01 2.747557e-02 6.654625e-01 2.772065e-01 2.023639e-02 1.863607e-01 1.353730e+00 
288 8641 0 0 0 3.652735e-02 7.500203e-01 2.312929e-01 2.746732e-02 6.654333e-01 2.771321e-01 2.023709e-02 1.863786e-01 1.353594e+00 
289 8671 0 0 0 3.651677e-02 7.500954e-01 2.314038e-01 2.746751e-02 6.656212e-01 2.771517e-01 2.023207e-02 1.865127e-01 1.353532e+00 
290 8701 0 0 0 3.654360e-02 7.501601e-01 2.314809e-01 2.746315e-02 6.656614e-01 2.771706e-01 2.023300e-02 1.864404e-01 1.353493e+00 
291 8731 0 0 0 3.657232e-02 7.502377e-01 2.312673e-01 2.744922e-02 6.656282e-01 2.771358e-01 2.023768e-02 1.863515e-01 1.353632e+00 
292 8761 0 0 0 3.654655e-02 7.501267e-01 2.313876e-01 2.746489e-02 6.656624e-01 2.769760e-01 2.023478e-02 1.863422e-01 1.353252e+00 
293 8791 0 0 0 3.651572e-02 7.499992e-01 2.314809e-01 2.747137e-02 6.657882e-01 2.767749e-01 2.022904e-02 1.864588e-01 1.352951e+00 
294 8821 0 0 0 3.649475e-02 7.500205e-01 2.315953e-01 2.748137e-02 6.659675e-01 2.767580e-01 2.022573e-02 1.865681e-01 1.352680e+00 
295 8851 0 0 0 3.650323e-02 7.500560e-01 2.314739e-01 2.748866e-02 6.658854e-01 2.767865e-01 2.022955e-02 1.864264e-01 1.352640e+00 
296 8881 0 0 0 3.653810e-02 7.500685e-01 2.316025e-01 2.747354e-02 6.658925e-01 2.767836e-01 2.023433e-02 1.863983e-01 1.352561e+00 
297 8911 0 0 0 3.655472e-02 7.500611e-01 2.315037e-01 2.746356e-02 6.657819e-01 2.767914e-01 2.023932e-02 1.863592e-01 1.352799e+00 
298 8941 0 0 0 3.656642e-02 7.500358e-01 2.317140e-01 2.746237e-02 6.657658e-01 2.766950e-01 2.023394e-02 1.862695e-01 1.352496e+00 
299 8971 0 0 0 3.658752e-02 7.500813e-01 2.317679e-01 2.745678e-02 6.657437e-01 2.766704e-01 2.023211e-02 1.861846e-01 1.352474e+00 
300 9001 0 0 0 3.657892e-02 7.500616e-01 2.318248e-01 2.745759e-02 6.657751e-01 2.766603e-01 2.022854e-02 1.862282e-01 1.352454e+00 
301 9031 0 0 0 3.658320e-02 7.500366e-01 2.319020e-01 2.745456e-02 6.657433e-01 2.765964e-01 2.022901e-02 1.862027e-01 1.352385e+00 
302 9061 0 0 0 3.656576e-02 7.500277e-01 2.317757e-01 2.746370e-02 6.657535e-01 2.766253e-01 2.023107e-02 1.862410e-01 1.352509e+00 
303 9091 0 0 0 3.656618e-02 7.499948e-01 2.318928e-01 2.746815e-02 6.657436e-01 2.765804e-01 2.022902e-02 1.862075e-01 1.352462e+00 
304 9121 0 0 0 3.655301e-02 7.499570e-01 2.318888e-01 2.747323e-02 6.656896e-01 2.765907e-01 2.022603e-02 1.861990e-01 1.352432e+00 
305 9151 0 0 0 3.652922e-02 7.499078e-01 2.318311e-01 2.748407e-02 6.656706e-01 2.766441e-01 2.022659e-02 1.862577e-01 1.352540e+00 
306 9181 0 0 0 3.652393e-02 7.498779e-01 2.318781e-01 2.748321e-02 6.656732e-01 2.766320e-01 2.022542e-02 1.862971e-01 1.352587e+00 
307 9211 0 0 0 3.653820e-02 7.499143e-01 2.318034e-01 2.747810e-02 6.656564e-01 2.766767e-01 2.022914e-02 1.862565e-01 1.352604e+00 
308 9241 0 0 0 3.655491e-02 7.500026e-01 2.317776e-01 2.746777e-02 6.657981e-01 2.766431e-01 2.023041e-02 1.862855e-01 1.352482e+00 
309 9271 0 0 0 3.654828e-02 7.499898e-01 2.318255e-01 2.747086e-02 6.658190e-01 2.766191e-01 2.022821e-02 1.863062e-01 1.352501e+00 
310 9301 0 0 0 3.654503e-02 7.499827e-01 2.318227e-01 2.747657e-02 6.658336e-01 2.765622e-01 2.022906e-02 1.862735e-01 1.352410e+00 
311 9331 0 0 0 3.653674e-02 7.500222e-01 2.318892e-01 2.747897e-02 6.659830e-01 2.765336e-01 2.022689e-02 1.863535e-01 1.352275e+00 
312 9361 0 0 0 3.652511e-02 7.500171e-01 2.318596e-01 2.748183e-02 6.660478e-01 2.764667e-01 2.022545e-02 1.863964e-01 1.352239e+00 
313 9391 0 0 0 3.654820e-02 7.500639e-01 2.318792e-01 2.747281e-02 6.660370e-01 2.765117e-01 2.022674e-02 1.863699e-01 1.352373e+00 
314 9421 0 0 0 3.655742e-02 7.501079e-01 2.319499e-01 2.746929e-02 6.661336e-01 2.764701e-01 2.022567e-02 1.863804e-01 1.352248e+00 
315 9451 0 0 0 3.657997e-02 7.501374e-01 2.319608e-01 2.745812e-02 6.660345e-01 2.765477e-01 2.022733e-02 1.863358e-01 1.352492e+00 
316 9481 0 0 0 3.656441e-02 7.500902e-01 2.318725e-01 2.746507e-02 6.659831e-01 2.765933e-01 2.022815e-02 1.863489e-01 1.352577e+00 
317 9511 0 0 0 3.657547e-02 7.501297e-01 2.319185e-01 2.746310e-02 6.659799e-01 2.766153e-01 2.022637e-02 1.863158e-01 1.352605e+00 
318 9541 0 0 0 3.657835e-02 7.501558e-01 2.318381e-01 2.746787e-02 6.659696e-01 2.766148e-01 2.022487e-02 1.862322e-01 1.352459e+00 
319 9571 0 0 0 3.657962e-02 7.500631e-01 2.319478e-01 2.747433e-02 6.659537e-01 2.764740e-01 2.022104e-02 1.861294e-01 1.352034e+00 
320 9601 0 0 0 3.658919e-02 7.501344e-01 2.319103e-01 2.746756e-02 6.659500e-01 2.766115e-01 2.022504e-02 1.861770e-01 1.352298e+00 
321 9631 0 0 0 3.660651e-02 7.501193e-01 2.318397e-01 2.746718e-02 6.657870e-01 2.766296e-01 2.022803e-02 1.860195e-01 1.352321e+00 
322 9661 0 0 0 3.658992e-02 7.500736e-01 2.317949e-01 2.747755e-02 6.658322e-01 2.765237e-01 2.022482e-02 1.859861e-01 1.352005e+00 
323 9691 0 0 0 3.659029e-02 7.500265e-01 2.318402e-01 2.747780e-02 6.657837e-01 2.764653e-01 2.022340e-02 1.859454e-01 1.352008e+00 
324 9721 0 0 0 3.657825e-02 7.499759e-01 2.320909e-01 2.748738e-02 6.659040e-01 2.763050e-01 2.021931e-02 1.859700e-01 1.351631e+00 
325 9751 0 0 0 3.657628e-02 7.499699e-01 2.318948e-01 2.749562e-02 6.657867e-01 2.763993e-01 2.022706e-02 1.858975e-01 1.351755e+00 
326 9781 0 0 0 3.657430e-02 7.499275e-01 2.320000e-01 2.750031e-02 6.657138e-01 2.763524e-01 2.022458e-02 1.858433e-01 1.351763e+00 
327 9811 0 0 0 3.652930e-02 7.498002e-01 2.320264e-01 2.752346e-02 6.656942e-01 2.762401e-01 2.022098e-02 1.858690e-01 1.351557e+00 
328 9841 0 0 0 3.652273e-02 7.497732e-01 2.320996e-01 2.753503e-02 6.657346e-01 2.761892e-01 2.022089e-02 1.858117e-01 1.351275e+00 
329 9871 0 0 0 3.654595e-02 7.498525e-01 2.319013e-01 2.752920e-02 6.655968e-01 2.764446e-01 2.023166e-02 1.857839e-01 1.351973e+00 
330 9901 0 0 0 3.653242e-02 7.497817e-01 2.318096e-01 2.754645e-02 6.654554e-01 2.764751e-01 2.023059e-02 1.856683e-01 1.352003e+00 
331 9931 0 0 0 3.653277e-02 7.497806e-01 2.318013e-01 2.754120e-02 6.655905e-01 2.763770e-01 2.022938e-02 1.857249e-01 1.351802e+00 
332 9961 0 0 0 3.652168e-02 7.496976e-01 2.318259e-01 2.755858e-02 6.654283e-01 2.764447e-01 2.023164e-02 1.856132e-01 1.351773e+00 
333 9991 0 0 0 3.649875e-02 7.496284e-01 2.318035e-01 2.757214e-02 6.654166e-01 2.764660e-01 2.023232e-02 1.856337e-01 1.351772e+00 
334 10021 0 0 0 3.650846e-02 7.497373e-01 2.317575e-01 2.756780e-02 6.655056e-01 2.765089e-01 2.023177e-02 1.856432e-01 1.351759e+00 
335 10051 0 0 0 3.653203e-02 7.499162e-01 2.316866e-01 2.755805e-02 6.657297e-01 2.764877e-01 2.022987e-02 1.856522e-01 1.351593e+00 
336 10081 0 0 0 3.657025e-02 7.500487e-01 2.318194e-01 2.754073e-02 6.658016e-01 2.765337e-01 2.022822e-02 1.856324e-01 1.351701e+00 
337 10111 0 0 0 3.654594e-02 7.499268e-01 2.318602e-01 2.755077e-02 6.656834e-01 2.765532e-01 2.022969e-02 1.856607e-01 1.351803e+00 
338 10141 0 0 0 3.655729e-02 7.499504e-01 2.319461e-01 2.754355e-02 6.658026e-01 2.764650e-01 2.022808e-02 1.856881e-01 1.351551e+00 
339 10171 0 0 0 3.658090e-02 7.500819e-01 2.320372e-01 2.752438e-02 6.659292e-01 2.765222e-01 2.022572e-02 1.857573e-01 1.351528e+00 
340 10201 0 0 0 3.660438e-02 7.502100e-01 2.321893e-01 2.751281e-02 6.661164e-01 2.765053e-01 2.022120e-02 1.857907e-01 1.351356e+00 
341 10231 0 0 0 3.659498e-02 7.502346e-01 2.322194e-01 2.752570e-02 6.661973e-01 2.765206e-01 2.022153e-02 1.857802e-01 1.351154e+00 
342 10261 0 0 0 3.663103e-02 7.502522e-01 2.322605e-01 2.750033e-02 6.661589e-01 2.765196e-01 2.022198e-02 1.857557e-01 1.351148e+00 
343 10291 0 0 0 3.665460e-02 7.501806e-01 2.322566e-01 2.747882e-02 6.660139e-01 2.764829e-01 2.022306e-02 1.857174e-01 1.351245e+00 
344 10321 0 0 0 3.668129e-02 7.502054e-01 2.323435e-01 2.747375e-02 6.659573e-01 2.764492e-01 2.022155e-02 1.855947e-01 1.351280e+00 
345 10351 0 0 0 3.666991e-02 7.501083e-01 2.321995e-01 2.748316e-02 6.657760e-01 2.763995e-01 2.022299e-02 1.854643e-01 1.351305e+00 
346 10381 0 0 0 3.665812e-02 7.501173e-01 2.322606e-01 2.750290e-02 6.657767e-01 2.764113e-01 2.022058e-02 1.853897e-01 1.351172e+00 
347 10411 0 0 0 3.666548e-02 7.501386e-01 2.323517e-01 2.749314e-02 6.658260e-01 2.764214e-01 2.021806e-02 1.854412e-01 1.351127e+00 
348 10441 0 0 0 3.663658e-02 7.500215e-01 2.323755e-01 2.749663e-02 6.658887e-01 2.762481e-01 2.021298e-02 1.855227e-01 1.350880e+00 
349 10471 0 0 0 3.665065e-02 7.500975e-01 2.323949e-01 2.748837e-02 6.659567e-01 2.762960e-01 2.021298e-02 1.855599e-01 1.350996e+00 
350 10501 0 0 0 3.663617e-02 7.500402e-01 2.324744e-01 2.750070e-02 6.659356e-01 2.762229e-01 2.021081e-02 1.855334e-01 1.350952e+00 
351 10531 0 0 0 3.666299e-02 7.500642e-01 2.324354e-01 2.749278e-02 6.658771e-01 2.761807e-01 2.021323e-02 1.854194e-01 1.350965e+00 
352 10561 0 0 0 3.665130e-02 7.500571e-01 2.323439e-01 2.749539e-02 6.658529e-01 2.762429e-01 2.021494e-02 1.854546e-01 1.351052e+00 
353 10591 0 0 0 3.666131e-02 7.501388e-01 2.321957e-01 2.749269e-02 6.658321e-01 2.763813e-01 2.021991e-02 1.854584e-01 1.351341e+00 
354 10621 0 0 0 3.668185e-02 7.501809e-01 2.321842e-01 2.748236e-02 6.657858e-01 2.764562e-01 2.022137e-02 1.854280e-01 1.351468e+00 
355 10651 0 0 0 3.666591e-02 7.501033e-01 2.321552e-01 2.748947e-02 6.657685e-01 2.764083e-01 2.022186e-02 1.854390e-01 1.351373e+00 
356 10681 0 0 0 3.665080e-02 7.500493e-01 2.321251e-01 2.750150e-02 6.657027e-01 2.764271e-01 2.022366e-02 1.854193e-01 1.351450e+00 
357 10711 0 0 0 3.661846e-02 7.499885e-01 2.320290e-01 2.751726e-02 6.657327e-01 2.763981e-01 2.022302e-02 1.854628e-01 1.351359e+00 
358 10741 0 0 0 3.660419e-02 7.499594e-01 2.320113e-01 2.752186e-02 6.656921e-01 2.764241e-01 2.022464e-02 1.854999e-01 1.351451e+00 
359 10771 0 0 0 3.659419e-02 7.499488e-01 2.319937e-01 2.752256e-02 6.657155e-01 2.763907e-01 2.022459e-02 1.855474e-01 1.351466e+00 
360 10801 0 0 0 3.660828e-02 7.500339e-01 2.319416e-01 2.752037e-02 6.657707e-01 2.764544e-01 2.022516e-02 1.855258e-01 1.351495e+00 
361 10831 0 0 0 3.661378e-02 7.500179e-01 2.319631e-01 2.752080e-02 6.657198e-01 2.764405e-01 2.022619e-02 1.854807e-01 1.351516e+00 
