%  columns="iteration, evaluation, sigma, max axis length, min axis length, all principal axes lengths (sorted square roots of eigenvalues of C)" (startseed=205032, 2015/09/3 3:9:11.32)
1 31 3.430015e+00 1.005375e+00 1.152705e-01 1.152705e-01 1.271040e-01 1.385680e-01 1.462524e-01 1.614138e-01 1.777931e-01 5.116317e-01 5.910600e-01 1.005375e+00 
2 61 3.598017e+00 9.600446e-01 1.098078e-01 1.098078e-01 1.218534e-01 1.386029e-01 1.495303e-01 1.572654e-01 1.760876e-01 5.023879e-01 6.233327e-01 9.600446e-01 
3 91 3.326943e+00 9.448776e-01 1.111972e-01 1.111972e-01 1.223003e-01 1.374095e-01 1.506597e-01 1.523960e-01 1.756039e-01 4.917604e-01 6.133868e-01 9.448776e-01 
4 121 3.601870e+00 9.415033e-01 1.101796e-01 1.101796e-01 1.185326e-01 1.328624e-01 1.475512e-01 1.507266e-01 1.716572e-01 4.911670e-01 6.245239e-01 9.415033e-01 
5 151 3.407442e+00 9.155155e-01 1.070478e-01 1.070478e-01 1.145912e-01 1.342884e-01 1.459936e-01 1.530426e-01 1.679980e-01 4.858977e-01 6.097408e-01 9.155155e-01 
6 181 3.516553e+00 8.838450e-01 1.078630e-01 1.078630e-01 1.120843e-01 1.310709e-01 1.454894e-01 1.591825e-01 1.674705e-01 4.681642e-01 6.000176e-01 8.838450e-01 
7 211 3.680702e+00 8.762590e-01 1.074099e-01 1.074099e-01 1.202249e-01 1.270561e-01 1.442153e-01 1.573894e-01 1.707275e-01 4.508453e-01 5.802014e-01 8.762590e-01 
8 241 3.945648e+00 8.594078e-01 1.052163e-01 1.052163e-01 1.160780e-01 1.241792e-01 1.417232e-01 1.645430e-01 1.777185e-01 4.453041e-01 5.752357e-01 8.594078e-01 
9 271 4.196860e+00 8.560944e-01 1.008455e-01 1.008455e-01 1.178917e-01 1.223634e-01 1.368534e-01 1.681316e-01 1.835835e-01 4.304459e-01 6.003444e-01 8.560944e-01 
10 301 4.112598e+00 8.857116e-01 9.912588e-02 9.912588e-02 1.138165e-01 1.196629e-01 1.426028e-01 1.677054e-01 1.890840e-01 4.207503e-01 5.919931e-01 8.857116e-01 
11 331 3.980118e+00 8.936827e-01 9.660171e-02 9.660171e-02 1.120840e-01 1.188596e-01 1.428567e-01 1.700362e-01 1.826489e-01 4.089493e-01 5.804670e-01 8.936827e-01 
12 361 3.774376e+00 8.706487e-01 1.000056e-01 1.000056e-01 1.110274e-01 1.141231e-01 1.422508e-01 1.651216e-01 1.785171e-01 4.001255e-01 5.675439e-01 8.706487e-01 
13 391 3.346818e+00 8.550511e-01 9.654688e-02 9.654688e-02 1.055986e-01 1.117416e-01 1.376749e-01 1.583954e-01 1.773007e-01 3.827971e-01 5.550556e-01 8.550511e-01 
14 421 2.833992e+00 8.546712e-01 9.333020e-02 9.333020e-02 1.022960e-01 1.165036e-01 1.397254e-01 1.552205e-01 1.724925e-01 3.806871e-01 5.376479e-01 8.546712e-01 
15 451 2.527052e+00 8.217571e-01 9.382320e-02 9.382320e-02 9.969442e-02 1.135478e-01 1.365909e-01 1.497035e-01 1.761671e-01 3.678766e-01 5.343817e-01 8.217571e-01 
16 481 2.368851e+00 7.816161e-01 9.292542e-02 9.292542e-02 9.674119e-02 1.114483e-01 1.366867e-01 1.449233e-01 1.737715e-01 3.727489e-01 5.204153e-01 7.816161e-01 
17 511 2.319391e+00 7.612284e-01 8.943693e-02 8.943693e-02 9.290537e-02 1.091902e-01 1.322376e-01 1.460069e-01 1.687864e-01 3.680918e-01 5.337379e-01 7.612284e-01 
18 541 2.276145e+00 7.435661e-01 8.571327e-02 8.571327e-02 8.972596e-02 1.040223e-01 1.317322e-01 1.478665e-01 1.625767e-01 3.565828e-01 5.195976e-01 7.435661e-01 
19 571 2.227662e+00 7.382171e-01 8.610101e-02 8.610101e-02 9.142504e-02 1.064313e-01 1.301066e-01 1.423154e-01 1.615077e-01 3.400297e-01 5.164119e-01 7.382171e-01 
20 601 1.977643e+00 7.058925e-01 8.384837e-02 8.384837e-02 9.228635e-02 1.030158e-01 1.276335e-01 1.385389e-01 1.565734e-01 3.331155e-01 5.048001e-01 7.058925e-01 
21 631 2.053112e+00 7.306574e-01 7.966597e-02 7.966597e-02 9.085126e-02 1.007480e-01 1.259043e-01 1.422275e-01 1.528911e-01 3.189714e-01 5.003003e-01 7.306574e-01 
22 661 1.975148e+00 7.097928e-01 7.729760e-02 7.729760e-02 8.853813e-02 9.745043e-02 1.205183e-01 1.428513e-01 1.545304e-01 3.073246e-01 5.039339e-01 7.097928e-01 
23 691 1.697572e+00 7.433360e-01 7.491931e-02 7.491931e-02 8.517015e-02 9.819579e-02 1.159475e-01 1.424995e-01 1.489970e-01 2.998113e-01 5.014771e-01 7.433360e-01 
24 721 1.573543e+00 7.146713e-01 7.252614e-02 7.252614e-02 8.298823e-02 9.707238e-02 1.132645e-01 1.410556e-01 1.481998e-01 2.930364e-01 4.900238e-01 7.146713e-01 
25 751 1.445099e+00 7.160186e-01 6.911931e-02 6.911931e-02 8.461015e-02 9.560984e-02 1.136480e-01 1.350139e-01 1.443691e-01 2.815753e-01 5.151300e-01 7.160186e-01 
26 781 1.276069e+00 6.950926e-01 6.721688e-02 6.721688e-02 8.393908e-02 9.398703e-02 1.110313e-01 1.343325e-01 1.408339e-01 2.759544e-01 5.054805e-01 6.950926e-01 
27 811 1.176431e+00 6.708773e-01 6.467120e-02 6.467120e-02 8.147554e-02 9.099417e-02 1.098986e-01 1.360598e-01 1.391484e-01 2.673379e-01 4.985854e-01 6.708773e-01 
28 841 1.141617e+00 6.631983e-01 6.222809e-02 6.222809e-02 7.947392e-02 8.980321e-02 1.104120e-01 1.338908e-01 1.359655e-01 2.637408e-01 5.021364e-01 6.631983e-01 
29 871 1.020216e+00 6.534460e-01 5.936779e-02 5.936779e-02 7.696485e-02 8.659387e-02 1.079267e-01 1.320396e-01 1.369321e-01 2.531740e-01 5.036030e-01 6.534460e-01 
30 901 9.494496e-01 6.521210e-01 5.678126e-02 5.678126e-02 7.357029e-02 8.663330e-02 1.054268e-01 1.308755e-01 1.347060e-01 2.548176e-01 4.997808e-01 6.521210e-01 
31 931 1.131665e+00 6.501846e-01 5.486528e-02 5.486528e-02 7.204541e-02 8.753003e-02 1.091913e-01 1.328435e-01 1.474065e-01 2.445989e-01 5.210595e-01 6.501846e-01 
32 961 1.208534e+00 6.796211e-01 5.268980e-02 5.268980e-02 6.991075e-02 8.418818e-02 1.072011e-01 1.309781e-01 1.434288e-01 2.452958e-01 5.264397e-01 6.796211e-01 
33 991 1.238670e+00 6.716709e-01 5.109095e-02 5.109095e-02 6.998130e-02 8.083120e-02 1.093250e-01 1.270385e-01 1.433792e-01 2.551341e-01 5.208691e-01 6.716709e-01 
34 1021 1.335074e+00 6.799988e-01 4.877910e-02 4.877910e-02 7.074619e-02 8.105063e-02 1.050561e-01 1.333223e-01 1.414970e-01 2.641562e-01 5.004268e-01 6.799988e-01 
35 1051 1.253253e+00 6.587080e-01 4.661615e-02 4.661615e-02 6.955516e-02 7.864999e-02 1.023489e-01 1.354905e-01 1.393124e-01 2.593216e-01 4.841223e-01 6.587080e-01 
36 1081 1.242093e+00 6.564286e-01 4.602403e-02 4.602403e-02 6.848698e-02 7.997352e-02 1.006538e-01 1.309069e-01 1.392854e-01 2.569325e-01 4.766222e-01 6.564286e-01 
37 1111 1.479623e+00 7.070398e-01 4.384527e-02 4.384527e-02 6.806769e-02 8.122935e-02 1.002311e-01 1.345370e-01 1.381020e-01 2.551987e-01 4.732046e-01 7.070398e-01 
38 1141 1.469685e+00 7.067511e-01 4.351627e-02 4.351627e-02 6.902344e-02 8.249556e-02 9.755703e-02 1.338149e-01 1.449740e-01 2.569703e-01 4.692990e-01 7.067511e-01 
39 1171 1.402436e+00 7.478037e-01 4.207201e-02 4.207201e-02 6.603582e-02 8.059018e-02 9.493151e-02 1.280151e-01 1.467128e-01 2.514220e-01 4.515413e-01 7.478037e-01 
40 1201 1.481336e+00 8.569027e-01 4.062123e-02 4.062123e-02 6.431729e-02 7.711897e-02 9.097264e-02 1.256725e-01 1.449670e-01 2.450785e-01 4.469961e-01 8.569027e-01 
41 1231 1.458952e+00 8.364857e-01 4.012303e-02 4.012303e-02 6.147346e-02 7.799420e-02 8.985261e-02 1.220274e-01 1.438591e-01 2.461761e-01 4.413012e-01 8.364857e-01 
42 1261 1.462595e+00 8.454606e-01 3.909913e-02 3.909913e-02 5.945350e-02 7.683096e-02 8.859055e-02 1.207566e-01 1.416300e-01 2.500113e-01 4.246636e-01 8.454606e-01 
43 1291 1.460864e+00 8.297130e-01 3.782141e-02 3.782141e-02 6.141508e-02 7.719875e-02 8.694041e-02 1.220581e-01 1.448512e-01 2.415451e-01 4.424527e-01 8.297130e-01 
44 1321 1.344945e+00 7.948315e-01 3.725187e-02 3.725187e-02 5.970301e-02 7.551224e-02 8.342435e-02 1.189842e-01 1.451090e-01 2.326361e-01 4.397388e-01 7.948315e-01 
45 1351 1.397352e+00 7.579715e-01 3.528347e-02 3.528347e-02 5.918353e-02 7.305107e-02 8.161144e-02 1.183364e-01 1.421082e-01 2.356830e-01 4.412085e-01 7.579715e-01 
46 1381 1.455969e+00 7.762419e-01 3.405390e-02 3.405390e-02 5.833092e-02 7.016965e-02 8.112173e-02 1.185144e-01 1.387173e-01 2.309547e-01 4.532320e-01 7.762419e-01 
47 1411 1.525905e+00 8.071622e-01 3.348149e-02 3.348149e-02 5.635445e-02 6.701995e-02 8.109498e-02 1.164684e-01 1.335150e-01 2.264941e-01 4.624577e-01 8.071622e-01 
48 1441 1.494043e+00 7.943858e-01 3.414716e-02 3.414716e-02 5.831508e-02 6.641445e-02 8.031410e-02 1.143338e-01 1.382605e-01 2.217616e-01 4.594240e-01 7.943858e-01 
49 1471 1.614456e+00 8.409297e-01 3.329019e-02 3.329019e-02 5.668882e-02 6.526675e-02 8.085658e-02 1.116928e-01 1.371345e-01 2.233126e-01 4.663548e-01 8.409297e-01 
50 1501 1.545527e+00 8.330956e-01 3.328648e-02 3.328648e-02 5.560488e-02 6.461006e-02 8.080691e-02 1.096086e-01 1.464339e-01 2.162052e-01 4.684295e-01 8.330956e-01 
51 1531 1.593121e+00 8.043603e-01 3.267677e-02 3.267677e-02 5.415436e-02 6.288323e-02 8.008820e-02 1.084687e-01 1.473640e-01 2.142409e-01 4.826417e-01 8.043603e-01 
52 1561 1.728247e+00 8.247176e-01 3.159429e-02 3.159429e-02 5.398778e-02 6.097030e-02 8.347145e-02 1.069735e-01 1.470512e-01 2.133934e-01 4.917143e-01 8.247176e-01 
53 1591 1.768843e+00 8.255562e-01 3.027194e-02 3.027194e-02 5.268232e-02 6.066017e-02 8.285480e-02 1.053909e-01 1.574657e-01 2.098988e-01 4.775240e-01 8.255562e-01 
54 1621 1.823202e+00 8.270596e-01 2.931421e-02 2.931421e-02 5.283062e-02 6.037060e-02 8.085673e-02 1.057573e-01 1.545346e-01 2.036921e-01 4.672296e-01 8.270596e-01 
55 1651 1.962270e+00 8.167629e-01 2.827184e-02 2.827184e-02 5.184145e-02 6.021284e-02 8.082228e-02 1.045998e-01 1.601958e-01 2.012675e-01 4.580548e-01 8.167629e-01 
56 1681 1.845159e+00 8.103387e-01 2.716226e-02 2.716226e-02 5.149383e-02 6.032384e-02 7.802959e-02 1.055894e-01 1.583909e-01 2.038492e-01 4.465226e-01 8.103387e-01 
57 1711 1.886321e+00 7.847805e-01 2.685454e-02 2.685454e-02 5.012470e-02 5.964273e-02 7.786426e-02 1.058584e-01 1.582585e-01 1.970604e-01 4.366982e-01 7.847805e-01 
58 1741 1.846280e+00 7.579603e-01 2.600649e-02 2.600649e-02 4.847515e-02 5.795862e-02 8.062938e-02 1.061475e-01 1.555719e-01 1.912633e-01 4.226997e-01 7.579603e-01 
59 1771 1.886471e+00 7.374730e-01 2.512935e-02 2.512935e-02 4.783432e-02 5.630471e-02 7.818917e-02 1.125697e-01 1.495295e-01 1.867697e-01 4.020964e-01 7.374730e-01 
60 1801 1.778902e+00 7.169706e-01 2.428812e-02 2.428812e-02 4.662954e-02 5.561088e-02 7.563685e-02 1.128351e-01 1.481882e-01 1.860317e-01 4.039917e-01 7.169706e-01 
61 1831 1.525113e+00 7.060323e-01 2.359650e-02 2.359650e-02 4.579955e-02 5.377631e-02 7.506422e-02 1.137948e-01 1.455377e-01 1.852449e-01 3.878231e-01 7.060323e-01 
62 1861 1.386795e+00 6.873885e-01 2.305660e-02 2.305660e-02 4.401258e-02 5.313465e-02 7.300800e-02 1.089594e-01 1.429771e-01 1.909804e-01 3.841054e-01 6.873885e-01 
63 1891 1.307339e+00 6.616041e-01 2.259615e-02 2.259615e-02 4.295928e-02 5.224887e-02 7.383687e-02 1.052738e-01 1.410326e-01 1.865253e-01 3.808690e-01 6.616041e-01 
64 1921 1.416931e+00 6.514708e-01 2.218379e-02 2.218379e-02 4.154456e-02 5.123324e-02 7.966748e-02 1.142616e-01 1.362083e-01 1.899367e-01 3.855731e-01 6.514708e-01 
65 1951 1.442019e+00 6.265719e-01 2.148961e-02 2.148961e-02 4.099303e-02 5.086323e-02 7.960835e-02 1.098038e-01 1.351103e-01 1.886542e-01 3.803427e-01 6.265719e-01 
66 1981 1.386675e+00 6.090820e-01 2.112272e-02 2.112272e-02 3.979791e-02 4.894694e-02 7.897448e-02 1.084270e-01 1.310406e-01 2.067895e-01 3.889706e-01 6.090820e-01 
67 2011 1.372485e+00 5.872874e-01 2.028244e-02 2.028244e-02 3.939806e-02 4.793163e-02 7.528607e-02 1.095252e-01 1.276284e-01 2.139638e-01 4.011795e-01 5.872874e-01 
68 2041 1.532412e+00 5.694622e-01 1.979544e-02 1.979544e-02 3.874066e-02 4.853557e-02 7.431450e-02 1.087504e-01 1.237057e-01 2.240581e-01 3.859668e-01 5.694622e-01 
69 2071 1.412558e+00 5.478936e-01 1.945075e-02 1.945075e-02 3.800881e-02 4.967740e-02 7.055386e-02 1.065742e-01 1.196764e-01 2.206688e-01 3.935456e-01 5.478936e-01 
70 2101 1.232144e+00 5.233630e-01 1.915011e-02 1.915011e-02 3.788667e-02 5.018130e-02 6.708823e-02 1.068194e-01 1.166927e-01 2.132908e-01 3.760223e-01 5.233630e-01 
71 2131 1.211254e+00 4.988488e-01 1.922465e-02 1.922465e-02 3.771698e-02 5.185549e-02 6.536257e-02 1.042287e-01 1.139278e-01 2.263171e-01 3.623697e-01 4.988488e-01 
72 2161 1.158721e+00 4.809889e-01 1.957416e-02 1.957416e-02 3.736080e-02 5.169942e-02 6.541622e-02 1.043333e-01 1.129537e-01 2.237891e-01 3.531004e-01 4.809889e-01 
73 2191 1.009565e+00 4.854114e-01 1.896305e-02 1.896305e-02 3.755242e-02 5.034989e-02 6.737572e-02 1.040184e-01 1.101469e-01 2.212490e-01 3.408153e-01 4.854114e-01 
74 2221 9.118545e-01 4.679902e-01 1.816413e-02 1.816413e-02 3.871993e-02 4.896602e-02 6.589519e-02 1.023148e-01 1.086157e-01 2.138139e-01 3.245025e-01 4.679902e-01 
75 2251 8.651660e-01 4.647556e-01 1.770761e-02 1.770761e-02 4.121209e-02 4.841144e-02 6.328799e-02 9.913651e-02 1.096129e-01 2.091529e-01 3.105966e-01 4.647556e-01 
76 2281 9.531781e-01 4.459125e-01 1.743617e-02 1.743617e-02 4.335131e-02 4.694077e-02 6.372420e-02 9.721635e-02 1.069168e-01 2.252600e-01 3.063465e-01 4.459125e-01 
77 2311 9.970658e-01 4.447955e-01 1.691652e-02 1.691652e-02 4.244382e-02 4.742038e-02 6.173758e-02 9.474950e-02 1.112076e-01 2.202064e-01 2.952089e-01 4.447955e-01 
78 2341 9.835908e-01 4.348222e-01 1.617612e-02 1.617612e-02 4.225722e-02 4.805471e-02 5.940789e-02 9.333533e-02 1.069814e-01 2.339330e-01 2.851390e-01 4.348222e-01 
79 2371 8.258628e-01 4.172669e-01 1.548587e-02 1.548587e-02 4.114892e-02 4.708714e-02 5.739938e-02 8.935857e-02 1.036434e-01 2.355480e-01 2.813302e-01 4.172669e-01 
80 2401 7.399291e-01 4.041960e-01 1.472289e-02 1.472289e-02 4.031230e-02 4.794928e-02 5.584502e-02 8.739629e-02 1.007784e-01 2.246899e-01 2.707534e-01 4.041960e-01 
81 2431 6.258116e-01 3.832261e-01 1.407389e-02 1.407389e-02 3.873319e-02 4.692852e-02 5.516285e-02 8.556229e-02 1.021680e-01 2.166052e-01 2.609311e-01 3.832261e-01 
82 2461 6.361361e-01 3.817103e-01 1.448799e-02 1.448799e-02 3.853346e-02 4.717475e-02 5.598197e-02 8.519695e-02 1.034715e-01 2.283060e-01 2.606629e-01 3.817103e-01 
83 2491 6.478026e-01 3.739982e-01 1.460933e-02 1.460933e-02 3.750932e-02 4.590515e-02 5.394212e-02 8.641169e-02 1.086812e-01 2.307960e-01 2.530608e-01 3.739982e-01 
84 2521 6.148634e-01 3.601808e-01 1.426459e-02 1.426459e-02 3.751266e-02 4.419928e-02 5.391533e-02 8.796048e-02 1.052115e-01 2.224908e-01 2.432483e-01 3.601808e-01 
85 2551 5.954141e-01 3.421847e-01 1.420320e-02 1.420320e-02 3.651771e-02 4.341318e-02 5.422440e-02 8.519615e-02 1.046187e-01 2.263583e-01 2.358347e-01 3.421847e-01 
86 2581 5.748034e-01 3.298630e-01 1.455609e-02 1.455609e-02 3.537098e-02 4.203321e-02 5.797759e-02 8.463861e-02 1.048693e-01 2.238773e-01 2.360159e-01 3.298630e-01 
87 2611 5.713914e-01 3.284680e-01 1.394065e-02 1.394065e-02 3.409307e-02 4.222152e-02 5.894751e-02 8.482908e-02 1.026773e-01 2.187417e-01 2.279832e-01 3.284680e-01 
88 2641 5.038225e-01 3.179771e-01 1.353209e-02 1.353209e-02 3.434091e-02 4.122752e-02 5.744643e-02 8.359227e-02 1.043093e-01 2.173110e-01 2.297422e-01 3.179771e-01 
89 2671 5.896128e-01 3.067589e-01 1.324931e-02 1.324931e-02 3.636197e-02 4.113053e-02 5.686183e-02 8.603928e-02 1.017062e-01 2.186218e-01 2.221289e-01 3.067589e-01 
90 2701 6.109103e-01 2.915796e-01 1.282804e-02 1.282804e-02 3.884272e-02 4.258564e-02 5.639791e-02 8.320592e-02 1.062730e-01 2.120552e-01 2.206204e-01 2.915796e-01 
91 2731 6.235173e-01 2.761466e-01 1.248793e-02 1.248793e-02 3.905121e-02 4.176526e-02 5.765559e-02 7.998949e-02 1.064618e-01 2.029071e-01 2.151663e-01 2.761466e-01 
92 2761 6.813764e-01 2.642611e-01 1.190625e-02 1.190625e-02 3.906994e-02 4.100828e-02 5.673598e-02 7.984923e-02 1.129396e-01 1.952884e-01 2.135905e-01 2.642611e-01 
93 2791 5.845654e-01 2.542076e-01 1.157715e-02 1.157715e-02 3.897917e-02 4.451879e-02 5.646887e-02 7.786202e-02 1.235214e-01 1.885262e-01 2.052739e-01 2.542076e-01 
94 2821 5.917985e-01 2.420584e-01 1.136263e-02 1.136263e-02 3.910343e-02 4.370973e-02 5.739199e-02 7.782357e-02 1.294372e-01 1.802130e-01 2.025881e-01 2.420584e-01 
95 2851 5.726029e-01 2.353497e-01 1.087688e-02 1.087688e-02 3.962710e-02 4.334127e-02 5.539810e-02 8.006710e-02 1.316013e-01 1.741582e-01 1.976192e-01 2.353497e-01 
96 2881 6.183631e-01 2.248570e-01 1.075033e-02 1.075033e-02 3.865812e-02 4.597829e-02 5.395979e-02 8.451116e-02 1.300199e-01 1.679490e-01 1.932683e-01 2.248570e-01 
97 2911 6.414718e-01 2.203242e-01 1.027812e-02 1.027812e-02 3.823414e-02 4.497358e-02 5.332936e-02 8.417050e-02 1.266847e-01 1.680690e-01 1.856089e-01 2.203242e-01 
98 2941 7.074556e-01 2.131171e-01 9.828395e-03 9.828395e-03 3.776644e-02 4.566971e-02 5.572820e-02 8.209523e-02 1.315449e-01 1.657671e-01 1.812692e-01 2.131171e-01 
99 2971 6.898746e-01 2.016006e-01 9.403473e-03 9.403473e-03 3.618980e-02 4.434416e-02 5.605614e-02 8.182138e-02 1.340779e-01 1.606082e-01 1.788356e-01 2.016006e-01 
100 3001 8.278592e-01 1.960688e-01 8.986528e-03 8.986528e-03 3.657223e-02 4.485435e-02 5.479254e-02 8.211586e-02 1.366535e-01 1.612160e-01 1.869654e-01 1.960688e-01 
101 3031 8.950516e-01 1.923976e-01 8.997843e-03 8.997843e-03 3.598246e-02 4.327075e-02 5.367050e-02 8.319598e-02 1.355157e-01 1.589661e-01 1.887156e-01 1.923976e-01 
102 3061 8.969709e-01 1.933276e-01 8.676096e-03 8.676096e-03 3.425455e-02 4.327039e-02 5.152087e-02 8.467914e-02 1.295010e-01 1.559984e-01 1.810181e-01 1.933276e-01 
103 3091 7.837933e-01 1.885322e-01 8.398598e-03 8.398598e-03 3.373727e-02 4.197568e-02 5.122144e-02 8.225935e-02 1.261161e-01 1.482242e-01 1.751216e-01 1.885322e-01 
104 3121 8.267536e-01 2.000822e-01 8.195878e-03 8.195878e-03 3.296935e-02 4.151830e-02 5.184825e-02 8.343066e-02 1.217380e-01 1.421171e-01 1.685153e-01 2.000822e-01 
105 3151 8.486836e-01 1.971646e-01 7.880388e-03 7.880388e-03 3.275445e-02 4.134536e-02 5.388159e-02 8.413186e-02 1.164071e-01 1.350628e-01 1.607576e-01 1.971646e-01 
106 3181 7.940515e-01 1.962580e-01 7.504097e-03 7.504097e-03 3.288511e-02 3.960202e-02 5.278652e-02 8.309546e-02 1.143074e-01 1.312219e-01 1.547639e-01 1.962580e-01 
107 3211 7.217206e-01 1.968010e-01 7.227943e-03 7.227943e-03 3.191107e-02 3.855221e-02 5.244820e-02 8.215390e-02 1.095228e-01 1.258420e-01 1.486069e-01 1.968010e-01 
108 3241 6.698436e-01 1.936171e-01 6.890154e-03 6.890154e-03 3.112238e-02 3.734497e-02 5.520404e-02 8.653188e-02 1.169981e-01 1.227630e-01 1.406928e-01 1.936171e-01 
109 3271 6.654107e-01 1.910079e-01 6.637867e-03 6.637867e-03 3.137515e-02 3.693826e-02 5.518854e-02 8.480601e-02 1.164524e-01 1.211768e-01 1.367088e-01 1.910079e-01 
110 3301 6.912548e-01 1.850327e-01 6.339302e-03 6.339302e-03 3.033487e-02 3.655525e-02 5.411307e-02 8.487158e-02 1.107503e-01 1.160936e-01 1.347486e-01 1.850327e-01 
111 3331 7.131820e-01 1.868783e-01 6.048130e-03 6.048130e-03 3.046814e-02 3.745529e-02 5.374256e-02 8.126231e-02 1.064808e-01 1.140184e-01 1.306542e-01 1.868783e-01 
112 3361 7.348364e-01 1.848433e-01 5.820718e-03 5.820718e-03 3.048548e-02 3.949189e-02 5.333097e-02 8.047051e-02 1.035577e-01 1.108008e-01 1.296479e-01 1.848433e-01 
113 3391 6.969993e-01 1.830201e-01 5.617252e-03 5.617252e-03 3.058961e-02 3.960841e-02 5.255965e-02 8.590433e-02 1.011128e-01 1.075843e-01 1.247533e-01 1.830201e-01 
114 3421 7.557797e-01 1.868437e-01 5.473400e-03 5.473400e-03 3.055108e-02 3.977604e-02 5.460764e-02 8.491299e-02 9.683424e-02 1.050552e-01 1.216262e-01 1.868437e-01 
115 3451 7.680547e-01 1.839521e-01 5.283471e-03 5.283471e-03 2.947696e-02 3.996454e-02 5.478727e-02 8.459426e-02 9.764570e-02 1.015022e-01 1.168756e-01 1.839521e-01 
116 3481 7.630811e-01 1.775586e-01 5.072796e-03 5.072796e-03 2.892784e-02 4.152648e-02 5.519052e-02 8.577710e-02 9.683270e-02 1.000233e-01 1.125508e-01 1.775586e-01 
117 3511 7.138467e-01 1.734860e-01 4.837424e-03 4.837424e-03 2.867238e-02 4.263181e-02 5.446687e-02 8.537668e-02 9.282111e-02 1.005607e-01 1.096702e-01 1.734860e-01 
118 3541 6.590322e-01 1.790811e-01 4.664283e-03 4.664283e-03 2.806564e-02 4.220172e-02 5.309057e-02 8.354396e-02 9.161004e-02 9.877578e-02 1.075596e-01 1.790811e-01 
119 3571 6.604971e-01 1.828793e-01 4.474828e-03 4.474828e-03 2.699078e-02 4.133864e-02 5.268557e-02 8.467897e-02 9.109367e-02 9.738800e-02 1.099299e-01 1.828793e-01 
120 3601 6.166190e-01 1.797038e-01 4.343781e-03 4.343781e-03 2.774298e-02 3.977662e-02 5.155527e-02 8.225728e-02 9.061612e-02 9.621331e-02 1.079528e-01 1.797038e-01 
121 3631 5.157046e-01 1.719579e-01 4.219192e-03 4.219192e-03 2.755375e-02 3.910889e-02 5.037608e-02 7.896789e-02 8.835851e-02 9.582041e-02 1.057715e-01 1.719579e-01 
122 3661 5.020028e-01 1.657786e-01 4.156723e-03 4.156723e-03 2.772827e-02 3.887778e-02 5.021049e-02 7.547009e-02 8.478228e-02 9.494176e-02 1.073710e-01 1.657786e-01 
123 3691 4.609760e-01 1.639801e-01 4.039952e-03 4.039952e-03 2.807336e-02 3.823307e-02 4.862417e-02 7.250705e-02 8.224499e-02 9.252306e-02 1.075447e-01 1.639801e-01 
124 3721 4.143878e-01 1.621200e-01 4.000198e-03 4.000198e-03 2.733713e-02 3.799472e-02 4.635088e-02 6.897406e-02 7.934862e-02 9.461618e-02 1.082358e-01 1.621200e-01 
125 3751 3.712079e-01 1.578691e-01 3.812100e-03 3.812100e-03 2.601640e-02 3.707564e-02 4.585455e-02 6.647134e-02 7.765063e-02 9.371734e-02 1.070877e-01 1.578691e-01 
126 3781 4.408526e-01 1.575481e-01 3.651976e-03 3.651976e-03 2.654228e-02 3.817506e-02 5.019061e-02 6.462059e-02 7.774984e-02 9.056502e-02 1.067565e-01 1.575481e-01 
127 3811 4.797294e-01 1.631564e-01 3.498449e-03 3.498449e-03 2.640437e-02 3.747051e-02 5.046028e-02 6.150887e-02 7.586529e-02 9.159934e-02 1.072100e-01 1.631564e-01 
128 3841 4.802647e-01 1.642744e-01 3.346767e-03 3.346767e-03 2.564592e-02 3.724840e-02 4.813534e-02 5.980414e-02 7.462969e-02 9.256128e-02 1.064938e-01 1.642744e-01 
129 3871 3.905941e-01 1.635842e-01 3.184322e-03 3.184322e-03 2.588073e-02 3.670080e-02 4.845888e-02 5.693079e-02 7.246139e-02 8.960722e-02 1.081589e-01 1.635842e-01 
130 3901 3.801090e-01 1.640258e-01 3.043468e-03 3.043468e-03 2.583896e-02 3.940906e-02 4.786417e-02 5.599378e-02 6.921362e-02 8.811601e-02 1.076416e-01 1.640258e-01 
131 3931 3.709473e-01 1.656244e-01 2.918608e-03 2.918608e-03 2.621968e-02 4.122352e-02 4.683530e-02 5.356787e-02 6.658231e-02 8.407805e-02 1.058439e-01 1.656244e-01 
132 3961 3.330093e-01 1.622240e-01 2.781269e-03 2.781269e-03 2.553379e-02 4.031264e-02 4.772924e-02 5.154589e-02 6.639149e-02 8.070976e-02 1.047168e-01 1.622240e-01 
133 3991 3.477350e-01 1.625981e-01 2.685036e-03 2.685036e-03 2.553996e-02 4.075267e-02 4.579246e-02 5.034552e-02 6.517406e-02 7.970711e-02 1.043277e-01 1.625981e-01 
134 4021 3.374468e-01 1.660742e-01 2.570594e-03 2.570594e-03 2.476355e-02 4.200542e-02 4.524957e-02 5.024871e-02 6.579645e-02 7.820724e-02 1.053211e-01 1.660742e-01 
135 4051 3.327942e-01 1.722532e-01 2.493047e-03 2.493047e-03 2.439896e-02 4.076441e-02 4.363073e-02 4.996280e-02 6.455257e-02 7.660457e-02 1.019352e-01 1.722532e-01 
136 4081 2.922265e-01 1.713452e-01 2.430465e-03 2.430465e-03 2.504117e-02 4.020714e-02 4.179776e-02 4.846983e-02 6.534561e-02 7.500052e-02 9.918124e-02 1.713452e-01 
137 4111 2.961909e-01 1.735822e-01 2.303084e-03 2.303084e-03 2.595603e-02 3.983475e-02 4.076655e-02 4.804019e-02 6.772328e-02 7.965584e-02 1.003873e-01 1.735822e-01 
138 4141 2.975304e-01 1.741324e-01 2.188848e-03 2.188848e-03 2.542585e-02 3.812374e-02 3.952060e-02 4.937213e-02 6.628506e-02 7.730861e-02 9.748681e-02 1.741324e-01 
139 4171 2.811912e-01 1.724517e-01 2.085694e-03 2.085694e-03 2.468611e-02 3.672153e-02 3.776257e-02 4.918956e-02 6.512118e-02 7.576036e-02 9.521381e-02 1.724517e-01 
140 4201 2.927696e-01 1.813129e-01 2.025669e-03 2.025669e-03 2.449879e-02 3.512543e-02 3.904047e-02 4.795391e-02 6.255059e-02 7.880724e-02 9.172408e-02 1.813129e-01 
141 4231 3.120188e-01 1.922603e-01 1.933866e-03 1.933866e-03 2.491239e-02 3.358411e-02 4.029438e-02 4.612377e-02 6.190384e-02 8.059455e-02 9.253674e-02 1.922603e-01 
142 4261 3.104474e-01 1.861588e-01 1.836110e-03 1.836110e-03 2.431440e-02 3.204520e-02 3.984224e-02 4.691759e-02 6.463850e-02 7.910554e-02 8.989951e-02 1.861588e-01 
143 4291 3.218588e-01 1.861182e-01 1.753389e-03 1.753389e-03 2.466741e-02 3.077008e-02 3.843905e-02 4.548896e-02 6.213878e-02 8.176783e-02 8.753585e-02 1.861182e-01 
144 4321 3.234837e-01 1.860012e-01 1.696022e-03 1.696022e-03 2.460899e-02 3.189257e-02 3.757870e-02 4.355932e-02 6.186444e-02 8.119844e-02 8.357220e-02 1.860012e-01 
145 4351 3.294982e-01 1.951695e-01 1.635210e-03 1.635210e-03 2.352464e-02 3.045609e-02 3.811380e-02 4.350689e-02 6.005973e-02 8.062072e-02 8.135468e-02 1.951695e-01 
146 4381 3.634902e-01 1.947398e-01 1.591699e-03 1.591699e-03 2.304203e-02 3.031487e-02 3.685115e-02 4.207707e-02 6.242993e-02 7.803334e-02 8.190604e-02 1.947398e-01 
147 4411 3.521028e-01 2.035642e-01 1.530758e-03 1.530758e-03 2.197607e-02 2.912417e-02 3.517341e-02 4.085313e-02 5.995960e-02 7.525361e-02 7.917110e-02 2.035642e-01 
148 4441 3.133411e-01 2.000398e-01 1.453719e-03 1.453719e-03 2.087246e-02 2.802506e-02 3.525134e-02 3.972641e-02 5.838655e-02 7.487470e-02 8.037809e-02 2.000398e-01 
149 4471 3.225753e-01 2.070969e-01 1.393969e-03 1.393969e-03 1.979944e-02 2.757950e-02 3.466901e-02 3.991718e-02 5.668343e-02 7.443299e-02 8.019898e-02 2.070969e-01 
150 4501 3.313407e-01 2.092107e-01 1.324485e-03 1.324485e-03 1.921641e-02 2.874710e-02 3.414307e-02 3.842929e-02 5.449127e-02 7.175691e-02 8.690756e-02 2.092107e-01 
151 4531 3.325064e-01 2.087650e-01 1.269145e-03 1.269145e-03 1.855590e-02 2.907992e-02 3.560758e-02 3.869357e-02 5.212218e-02 7.059163e-02 8.544443e-02 2.087650e-01 
152 4561 3.121232e-01 2.042659e-01 1.207575e-03 1.207575e-03 1.760520e-02 2.894920e-02 3.519589e-02 3.774419e-02 5.108210e-02 7.177465e-02 8.735262e-02 2.042659e-01 
153 4591 3.163043e-01 2.002975e-01 1.152020e-03 1.152020e-03 1.664722e-02 2.814186e-02 3.569576e-02 3.788649e-02 5.251183e-02 7.098336e-02 8.653836e-02 2.002975e-01 
154 4621 3.258401e-01 1.992246e-01 1.107866e-03 1.107866e-03 1.612113e-02 2.871371e-02 3.455126e-02 3.902288e-02 5.002810e-02 6.741777e-02 9.036528e-02 1.992246e-01 
155 4651 3.315739e-01 2.024834e-01 1.065400e-03 1.065400e-03 1.552985e-02 2.882999e-02 3.337111e-02 3.817165e-02 4.745940e-02 6.542341e-02 9.095136e-02 2.024834e-01 
156 4681 3.618364e-01 2.041678e-01 1.013911e-03 1.013911e-03 1.469516e-02 2.808831e-02 3.240058e-02 3.796641e-02 4.568960e-02 7.133399e-02 8.900667e-02 2.041678e-01 
157 4711 3.301313e-01 1.978188e-01 9.671527e-04 9.671527e-04 1.394058e-02 2.735665e-02 3.159976e-02 3.743537e-02 4.451709e-02 7.206896e-02 9.084155e-02 1.978188e-01 
158 4741 3.721648e-01 2.063145e-01 9.216173e-04 9.216173e-04 1.324871e-02 2.749041e-02 3.371639e-02 3.695584e-02 4.390158e-02 7.292404e-02 9.428257e-02 2.063145e-01 
159 4771 4.005018e-01 2.190129e-01 8.898491e-04 8.898491e-04 1.285755e-02 2.761024e-02 3.315187e-02 3.655394e-02 4.305014e-02 7.455771e-02 9.580627e-02 2.190129e-01 
160 4801 4.052159e-01 2.166827e-01 8.446947e-04 8.446947e-04 1.227789e-02 2.746766e-02 3.307119e-02 3.616075e-02 4.226797e-02 7.396140e-02 9.861418e-02 2.166827e-01 
161 4831 3.713154e-01 2.216910e-01 8.001977e-04 8.001977e-04 1.181395e-02 2.648220e-02 3.385188e-02 3.445239e-02 4.056415e-02 7.156051e-02 9.919235e-02 2.216910e-01 
162 4861 4.126786e-01 2.366200e-01 7.556368e-04 7.556368e-04 1.120015e-02 2.768365e-02 3.318895e-02 3.660458e-02 3.930588e-02 7.039888e-02 9.716487e-02 2.366200e-01 
163 4891 3.526423e-01 2.305042e-01 7.173242e-04 7.173242e-04 1.070851e-02 2.710062e-02 3.185026e-02 3.507100e-02 3.860964e-02 6.893109e-02 9.517427e-02 2.305042e-01 
164 4921 3.350840e-01 2.334533e-01 6.919151e-04 6.919151e-04 1.035308e-02 2.623764e-02 3.182517e-02 3.462378e-02 3.769297e-02 7.295120e-02 9.427297e-02 2.334533e-01 
165 4951 3.336866e-01 2.284893e-01 6.749946e-04 6.749946e-04 9.898728e-03 2.739591e-02 3.048805e-02 3.525964e-02 3.792008e-02 7.313969e-02 9.348045e-02 2.284893e-01 
166 4981 3.289261e-01 2.266664e-01 6.518248e-04 6.518248e-04 9.395194e-03 2.664502e-02 3.029839e-02 3.646510e-02 3.702121e-02 7.169891e-02 9.304101e-02 2.266664e-01 
167 5011 2.962105e-01 2.235762e-01 6.373859e-04 6.373859e-04 8.989488e-03 2.684293e-02 3.003006e-02 3.490302e-02 3.627321e-02 7.145875e-02 9.133097e-02 2.235762e-01 
168 5041 2.712597e-01 2.163352e-01 6.078362e-04 6.078362e-04 8.646380e-03 2.599361e-02 2.977495e-02 3.489395e-02 3.585384e-02 6.902738e-02 8.964863e-02 2.163352e-01 
169 5071 2.632019e-01 2.077422e-01 5.844531e-04 5.844531e-04 8.267542e-03 2.524242e-02 2.880902e-02 3.398041e-02 3.562111e-02 7.093169e-02 9.132342e-02 2.077422e-01 
170 5101 2.998463e-01 2.180518e-01 5.643708e-04 5.643708e-04 7.947821e-03 2.477445e-02 2.807004e-02 3.410699e-02 3.594415e-02 7.326996e-02 9.046123e-02 2.180518e-01 
171 5131 2.923486e-01 2.235128e-01 5.412817e-04 5.412817e-04 7.613328e-03 2.426130e-02 2.708432e-02 3.374514e-02 3.613439e-02 7.526231e-02 9.168737e-02 2.235128e-01 
172 5161 2.542522e-01 2.257448e-01 5.239868e-04 5.239868e-04 7.294562e-03 2.369922e-02 2.627539e-02 3.207015e-02 3.604637e-02 7.553825e-02 9.307103e-02 2.257448e-01 
173 5191 2.363979e-01 2.269277e-01 5.106092e-04 5.106092e-04 6.982655e-03 2.361837e-02 2.619261e-02 3.366684e-02 3.654569e-02 7.394368e-02 9.004883e-02 2.269277e-01 
174 5221 2.190792e-01 2.223217e-01 4.918122e-04 4.918122e-04 6.764430e-03 2.305026e-02 2.598018e-02 3.345895e-02 3.615190e-02 7.207832e-02 8.743779e-02 2.223217e-01 
175 5251 1.850298e-01 2.228114e-01 4.747482e-04 4.747482e-04 6.617737e-03 2.273537e-02 2.551571e-02 3.368336e-02 3.520495e-02 7.232085e-02 8.660953e-02 2.228114e-01 
176 5281 1.767469e-01 2.244875e-01 4.530819e-04 4.530819e-04 6.441389e-03 2.239777e-02 2.746323e-02 3.266123e-02 3.474950e-02 7.175038e-02 8.669112e-02 2.244875e-01 
177 5311 1.689271e-01 2.357064e-01 4.439142e-04 4.439142e-04 6.360864e-03 2.161033e-02 2.739440e-02 3.282340e-02 3.456036e-02 6.950732e-02 8.605063e-02 2.357064e-01 
178 5341 1.898237e-01 2.638925e-01 4.324986e-04 4.324986e-04 6.285511e-03 2.189495e-02 2.668503e-02 3.168123e-02 3.515475e-02 6.883773e-02 8.379950e-02 2.638925e-01 
179 5371 1.997724e-01 2.664775e-01 4.272899e-04 4.272899e-04 6.034528e-03 2.161361e-02 2.855405e-02 3.044675e-02 3.556811e-02 6.741335e-02 8.356678e-02 2.664775e-01 
180 5401 1.745398e-01 2.710023e-01 4.258654e-04 4.258654e-04 5.879473e-03 2.304818e-02 2.771369e-02 2.912077e-02 3.441176e-02 6.606528e-02 8.197086e-02 2.710023e-01 
181 5431 1.625852e-01 2.651574e-01 4.073426e-04 4.073426e-04 5.676015e-03 2.298632e-02 2.777144e-02 2.899632e-02 3.459723e-02 6.378567e-02 8.203425e-02 2.651574e-01 
182 5461 1.658797e-01 2.719259e-01 4.019696e-04 4.019696e-04 5.443060e-03 2.234366e-02 2.696292e-02 2.951867e-02 3.411623e-02 6.769676e-02 8.390239e-02 2.719259e-01 
183 5491 1.438624e-01 2.745852e-01 3.912653e-04 3.912653e-04 5.326250e-03 2.369567e-02 2.572089e-02 2.869773e-02 3.392522e-02 6.498348e-02 8.308349e-02 2.745852e-01 
184 5521 1.459341e-01 2.756660e-01 3.790075e-04 3.790075e-04 5.335867e-03 2.285383e-02 2.568796e-02 3.002726e-02 3.476211e-02 6.571465e-02 8.205993e-02 2.756660e-01 
185 5551 1.247024e-01 2.714136e-01 3.666263e-04 3.666263e-04 5.159451e-03 2.332681e-02 2.629598e-02 2.927216e-02 3.454262e-02 6.671319e-02 8.330093e-02 2.714136e-01 
186 5581 1.145737e-01 2.664211e-01 3.604903e-04 3.604903e-04 4.996770e-03 2.261525e-02 2.634481e-02 2.815367e-02 3.389883e-02 6.627039e-02 8.082846e-02 2.664211e-01 
187 5611 1.025354e-01 2.697749e-01 3.579736e-04 3.579736e-04 4.986487e-03 2.201138e-02 2.642513e-02 2.848369e-02 3.336779e-02 6.816753e-02 8.546463e-02 2.697749e-01 
188 5641 9.283212e-02 2.773740e-01 3.503315e-04 3.503315e-04 4.843335e-03 2.125677e-02 2.606075e-02 2.937738e-02 3.314970e-02 6.625639e-02 8.899377e-02 2.773740e-01 
189 5671 8.515431e-02 2.782642e-01 3.342622e-04 3.342622e-04 4.644472e-03 2.075459e-02 2.540235e-02 2.799425e-02 3.224386e-02 6.324513e-02 8.630499e-02 2.782642e-01 
190 5701 8.094487e-02 2.798561e-01 3.202212e-04 3.202212e-04 4.448657e-03 1.999099e-02 2.510731e-02 2.911878e-02 3.205777e-02 6.219899e-02 8.746174e-02 2.798561e-01 
191 5731 8.779757e-02 2.735562e-01 3.058432e-04 3.058432e-04 4.298926e-03 2.044254e-02 2.452257e-02 3.013076e-02 3.453176e-02 6.219579e-02 8.689514e-02 2.735562e-01 
192 5761 8.725236e-02 2.656639e-01 2.965423e-04 2.965423e-04 4.616221e-03 1.996561e-02 2.447566e-02 2.999625e-02 3.363318e-02 6.141614e-02 8.909719e-02 2.656639e-01 
193 5791 8.607601e-02 2.608925e-01 2.867277e-04 2.867277e-04 4.676339e-03 1.931012e-02 2.365387e-02 2.904640e-02 3.231173e-02 6.119147e-02 8.561754e-02 2.608925e-01 
194 5821 8.835960e-02 2.546204e-01 2.888953e-04 2.888953e-04 4.580572e-03 1.877759e-02 2.303613e-02 2.882747e-02 3.346575e-02 6.093010e-02 8.280564e-02 2.546204e-01 
195 5851 8.249371e-02 2.578385e-01 2.800910e-04 2.800910e-04 4.449948e-03 1.834254e-02 2.339693e-02 2.805703e-02 3.286583e-02 6.141658e-02 8.351292e-02 2.578385e-01 
196 5881 7.851736e-02 2.482282e-01 2.843347e-04 2.843347e-04 4.326842e-03 1.830253e-02 2.298265e-02 2.794036e-02 3.200681e-02 6.057918e-02 8.268148e-02 2.482282e-01 
197 5911 8.564516e-02 2.435231e-01 2.741630e-04 2.741630e-04 4.320425e-03 1.795397e-02 2.275510e-02 2.767801e-02 3.188199e-02 6.008400e-02 8.768025e-02 2.435231e-01 
198 5941 9.106633e-02 2.392690e-01 2.627412e-04 2.627412e-04 4.362210e-03 1.750690e-02 2.242026e-02 2.710056e-02 3.257416e-02 5.861360e-02 1.015124e-01 2.392690e-01 
199 5971 8.953315e-02 2.337532e-01 2.752521e-04 2.752521e-04 4.401020e-03 1.697348e-02 2.203240e-02 2.673366e-02 3.180107e-02 5.872543e-02 1.021412e-01 2.337532e-01 
200 6001 9.103283e-02 2.318277e-01 2.710147e-04 2.710147e-04 4.472852e-03 1.644655e-02 2.138053e-02 2.877904e-02 3.089075e-02 5.943089e-02 1.006029e-01 2.318277e-01 
201 6031 9.131145e-02 2.355224e-01 2.638401e-04 2.638401e-04 4.502100e-03 1.632352e-02 2.211457e-02 2.753837e-02 3.092865e-02 5.845507e-02 9.978025e-02 2.355224e-01 
202 6061 8.105806e-02 2.335929e-01 2.569605e-04 2.569605e-04 4.344149e-03 1.616340e-02 2.137563e-02 2.695282e-02 2.938030e-02 6.012156e-02 9.750344e-02 2.335929e-01 
203 6091 8.857710e-02 2.326059e-01 2.530907e-04 2.530907e-04 4.320144e-03 1.626765e-02 2.110668e-02 2.751618e-02 2.918335e-02 5.900737e-02 1.030067e-01 2.326059e-01 
204 6121 8.576914e-02 2.352768e-01 2.464571e-04 2.464571e-04 4.288133e-03 1.602522e-02 2.040519e-02 2.673827e-02 2.860742e-02 6.050607e-02 1.004936e-01 2.352768e-01 
205 6151 7.531422e-02 2.292067e-01 2.349664e-04 2.349664e-04 4.309992e-03 1.537274e-02 2.081869e-02 2.600882e-02 2.787309e-02 6.046367e-02 9.616005e-02 2.292067e-01 
206 6181 7.336540e-02 2.330718e-01 2.273553e-04 2.273553e-04 4.319665e-03 1.524545e-02 2.118248e-02 2.533914e-02 2.705040e-02 6.059745e-02 9.461338e-02 2.330718e-01 
207 6211 7.171830e-02 2.346793e-01 2.272771e-04 2.272771e-04 4.338496e-03 1.524238e-02 2.067633e-02 2.534237e-02 2.779753e-02 6.147466e-02 9.077827e-02 2.346793e-01 
208 6241 6.942649e-02 2.309737e-01 2.285530e-04 2.285530e-04 4.378955e-03 1.509304e-02 2.012816e-02 2.546112e-02 2.737682e-02 6.123731e-02 8.790242e-02 2.309737e-01 
209 6271 6.002400e-02 2.340652e-01 2.289827e-04 2.289827e-04 4.307712e-03 1.506903e-02 1.932263e-02 2.604228e-02 2.655495e-02 5.950744e-02 8.703420e-02 2.340652e-01 
210 6301 5.521541e-02 2.313054e-01 2.243628e-04 2.243628e-04 4.314337e-03 1.618569e-02 1.868635e-02 2.531210e-02 2.594005e-02 5.750159e-02 8.759760e-02 2.313054e-01 
211 6331 5.950519e-02 2.330447e-01 2.267557e-04 2.267557e-04 4.369257e-03 1.657177e-02 1.915313e-02 2.463121e-02 2.632070e-02 5.521021e-02 8.710899e-02 2.330447e-01 
212 6361 7.093881e-02 2.352273e-01 2.193007e-04 2.193007e-04 4.475768e-03 1.605083e-02 1.864980e-02 2.534496e-02 2.700718e-02 5.549128e-02 8.872027e-02 2.352273e-01 
213 6391 6.513051e-02 2.300489e-01 2.188701e-04 2.188701e-04 4.381457e-03 1.625939e-02 1.816932e-02 2.514713e-02 2.662121e-02 5.281897e-02 8.922012e-02 2.300489e-01 
214 6421 6.722356e-02 2.308853e-01 2.084149e-04 2.084149e-04 4.216443e-03 1.570364e-02 1.813798e-02 2.479391e-02 2.943471e-02 5.165320e-02 8.976392e-02 2.308853e-01 
215 6451 6.176767e-02 2.300653e-01 2.118842e-04 2.118842e-04 4.103127e-03 1.591928e-02 1.759498e-02 2.508861e-02 2.994150e-02 4.972521e-02 8.751118e-02 2.300653e-01 
216 6481 6.140411e-02 2.189695e-01 2.109493e-04 2.109493e-04 4.030746e-03 1.642050e-02 1.777409e-02 2.453608e-02 2.910117e-02 5.054511e-02 9.002444e-02 2.189695e-01 
217 6511 5.438761e-02 2.147970e-01 2.050427e-04 2.050427e-04 4.068039e-03 1.665380e-02 1.792506e-02 2.376405e-02 2.858235e-02 5.252171e-02 9.050348e-02 2.147970e-01 
218 6541 4.812488e-02 2.094341e-01 2.011815e-04 2.011815e-04 4.078195e-03 1.613333e-02 1.783938e-02 2.304435e-02 2.862284e-02 5.186899e-02 8.918671e-02 2.094341e-01 
219 6571 4.510494e-02 2.081049e-01 2.010729e-04 2.010729e-04 3.972523e-03 1.630606e-02 1.764397e-02 2.213990e-02 2.912237e-02 5.191816e-02 9.037847e-02 2.081049e-01 
220 6601 4.437849e-02 2.045012e-01 1.949075e-04 1.949075e-04 3.885738e-03 1.590508e-02 1.728060e-02 2.345862e-02 2.887176e-02 5.258022e-02 8.926275e-02 2.045012e-01 
221 6631 4.269933e-02 2.009480e-01 1.932929e-04 1.932929e-04 3.815013e-03 1.526396e-02 1.721749e-02 2.308261e-02 2.800539e-02 5.151610e-02 8.547439e-02 2.009480e-01 
222 6661 3.967929e-02 2.018715e-01 1.883280e-04 1.883280e-04 3.863443e-03 1.495967e-02 1.760144e-02 2.308732e-02 2.786434e-02 5.022051e-02 8.377151e-02 2.018715e-01 
223 6691 4.490278e-02 2.095341e-01 1.883426e-04 1.883426e-04 3.756889e-03 1.478591e-02 1.752098e-02 2.289273e-02 2.718232e-02 5.088318e-02 8.498680e-02 2.095341e-01 
224 6721 4.526778e-02 2.067299e-01 1.826898e-04 1.826898e-04 3.705168e-03 1.497963e-02 1.735031e-02 2.175419e-02 2.863398e-02 4.998271e-02 8.303331e-02 2.067299e-01 
225 6751 5.064447e-02 2.084561e-01 1.864512e-04 1.864512e-04 3.664890e-03 1.484352e-02 1.715390e-02 2.211229e-02 2.778285e-02 4.994994e-02 8.726815e-02 2.084561e-01 
226 6781 5.354729e-02 2.031791e-01 1.791396e-04 1.791396e-04 3.774277e-03 1.514425e-02 1.705432e-02 2.258971e-02 2.822122e-02 4.858225e-02 8.349367e-02 2.031791e-01 
227 6811 5.055308e-02 1.946989e-01 1.789039e-04 1.789039e-04 3.794900e-03 1.490429e-02 1.668186e-02 2.306688e-02 2.762389e-02 4.963045e-02 8.562192e-02 1.946989e-01 
228 6841 5.612007e-02 1.991482e-01 1.870483e-04 1.870483e-04 3.611112e-03 1.488816e-02 1.649618e-02 2.309818e-02 2.762381e-02 4.809592e-02 8.795096e-02 1.991482e-01 
229 6871 6.372172e-02 2.034230e-01 1.837930e-04 1.837930e-04 3.599310e-03 1.426816e-02 1.681952e-02 2.268295e-02 2.864617e-02 4.706623e-02 8.693612e-02 2.034230e-01 
230 6901 7.181213e-02 2.186901e-01 1.770439e-04 1.770439e-04 3.561193e-03 1.444580e-02 1.717531e-02 2.392452e-02 2.848028e-02 4.699948e-02 8.458961e-02 2.186901e-01 
231 6931 7.102267e-02 2.209335e-01 1.705681e-04 1.705681e-04 3.424579e-03 1.427217e-02 1.676557e-02 2.360011e-02 2.731396e-02 4.594465e-02 8.470265e-02 2.209335e-01 
232 6961 7.185933e-02 2.175045e-01 1.712465e-04 1.712465e-04 3.402873e-03 1.394175e-02 1.604906e-02 2.371446e-02 2.692330e-02 4.895744e-02 8.349432e-02 2.175045e-01 
233 6991 7.612539e-02 2.196494e-01 1.668486e-04 1.668486e-04 3.298652e-03 1.362778e-02 1.639786e-02 2.350594e-02 2.732866e-02 4.918013e-02 8.378139e-02 2.196494e-01 
234 7021 8.075153e-02 2.171593e-01 1.586681e-04 1.586681e-04 3.195646e-03 1.316375e-02 1.696799e-02 2.365492e-02 2.703273e-02 4.971181e-02 8.145818e-02 2.171593e-01 
235 7051 8.123558e-02 2.103878e-01 1.555092e-04 1.555092e-04 3.181870e-03 1.335330e-02 1.735817e-02 2.348420e-02 2.744028e-02 5.087686e-02 8.153287e-02 2.103878e-01 
236 7081 7.860507e-02 2.036031e-01 1.496340e-04 1.496340e-04 3.302331e-03 1.373058e-02 1.681137e-02 2.301931e-02 2.956863e-02 4.914521e-02 7.931963e-02 2.036031e-01 
237 7111 7.585673e-02 1.967936e-01 1.468986e-04 1.468986e-04 3.230777e-03 1.407043e-02 1.615250e-02 2.362452e-02 3.021298e-02 4.913782e-02 7.750303e-02 1.967936e-01 
238 7141 8.266301e-02 2.040533e-01 1.485458e-04 1.485458e-04 3.264435e-03 1.437073e-02 1.580767e-02 2.299994e-02 2.895762e-02 4.931356e-02 7.741993e-02 2.040533e-01 
239 7171 7.967383e-02 2.029222e-01 1.462187e-04 1.462187e-04 3.168758e-03 1.371991e-02 1.532548e-02 2.320415e-02 2.888919e-02 4.993852e-02 7.689507e-02 2.029222e-01 
240 7201 9.191986e-02 2.243412e-01 1.416282e-04 1.416282e-04 3.095197e-03 1.392193e-02 1.594847e-02 2.244564e-02 2.784189e-02 5.091211e-02 7.645296e-02 2.243412e-01 
241 7231 8.893370e-02 2.223961e-01 1.381704e-04 1.381704e-04 2.966471e-03 1.367221e-02 1.552993e-02 2.172307e-02 2.717320e-02 4.909261e-02 7.554336e-02 2.223961e-01 
242 7261 8.214998e-02 2.204526e-01 1.384252e-04 1.384252e-04 2.865714e-03 1.316481e-02 1.563092e-02 2.074466e-02 2.730712e-02 4.860284e-02 7.785788e-02 2.204526e-01 
243 7291 7.495370e-02 2.210038e-01 1.340056e-04 1.340056e-04 2.976199e-03 1.278987e-02 1.561519e-02 2.093461e-02 2.760177e-02 4.634231e-02 7.392474e-02 2.210038e-01 
244 7321 7.041729e-02 2.236451e-01 1.336282e-04 1.336282e-04 2.916631e-03 1.248371e-02 1.546238e-02 2.109472e-02 2.678347e-02 4.609674e-02 7.209392e-02 2.236451e-01 
245 7351 6.032379e-02 2.228000e-01 1.283076e-04 1.283076e-04 2.803419e-03 1.250208e-02 1.537522e-02 2.061394e-02 2.565875e-02 4.573679e-02 6.900901e-02 2.228000e-01 
246 7381 5.609671e-02 2.209761e-01 1.240119e-04 1.240119e-04 2.880984e-03 1.213755e-02 1.528708e-02 2.013118e-02 2.501599e-02 4.689680e-02 7.164231e-02 2.209761e-01 
247 7411 5.633440e-02 2.183408e-01 1.219649e-04 1.219649e-04 2.933146e-03 1.208306e-02 1.591324e-02 1.992653e-02 2.395678e-02 4.902040e-02 7.160638e-02 2.183408e-01 
248 7441 5.355134e-02 2.162309e-01 1.176302e-04 1.176302e-04 3.072813e-03 1.175915e-02 1.580395e-02 1.965784e-02 2.370904e-02 4.843241e-02 7.044880e-02 2.162309e-01 
249 7471 6.073129e-02 2.136249e-01 1.167694e-04 1.167694e-04 2.973168e-03 1.156736e-02 1.636062e-02 2.006975e-02 2.515674e-02 4.885561e-02 6.808827e-02 2.136249e-01 
250 7501 6.043129e-02 2.156543e-01 1.176130e-04 1.176130e-04 2.864790e-03 1.124107e-02 1.652181e-02 1.937695e-02 2.573720e-02 4.957679e-02 6.439499e-02 2.156543e-01 
251 7531 5.676331e-02 2.168996e-01 1.215889e-04 1.215889e-04 2.752415e-03 1.096801e-02 1.602527e-02 1.870010e-02 2.575774e-02 4.881946e-02 6.285672e-02 2.168996e-01 
252 7561 5.838677e-02 2.216697e-01 1.241813e-04 1.241813e-04 2.662158e-03 1.106246e-02 1.628419e-02 1.921934e-02 2.535319e-02 5.089856e-02 6.207060e-02 2.216697e-01 
253 7591 6.615031e-02 2.152259e-01 1.283261e-04 1.283261e-04 2.585075e-03 1.107347e-02 1.622872e-02 1.928373e-02 2.496270e-02 5.170810e-02 6.156558e-02 2.152259e-01 
254 7621 7.120386e-02 2.106398e-01 1.277048e-04 1.277048e-04 2.527429e-03 1.068258e-02 1.595648e-02 1.873125e-02 2.438970e-02 4.987013e-02 6.329518e-02 2.106398e-01 
255 7651 6.819446e-02 2.068480e-01 1.250421e-04 1.250421e-04 2.448235e-03 1.089208e-02 1.598911e-02 1.792042e-02 2.339181e-02 4.957589e-02 6.193992e-02 2.068480e-01 
256 7681 6.694721e-02 2.036424e-01 1.250422e-04 1.250422e-04 2.466274e-03 1.049090e-02 1.660231e-02 1.770052e-02 2.257590e-02 4.781792e-02 5.982045e-02 2.036424e-01 
257 7711 5.744302e-02 2.052496e-01 1.228906e-04 1.228906e-04 2.404730e-03 1.024343e-02 1.635846e-02 1.733665e-02 2.254655e-02 4.717830e-02 5.723137e-02 2.052496e-01 
258 7741 5.343773e-02 2.042355e-01 1.222449e-04 1.222449e-04 2.424802e-03 9.789359e-03 1.592843e-02 1.729827e-02 2.267208e-02 4.633817e-02 5.622548e-02 2.042355e-01 
259 7771 5.338832e-02 1.936499e-01 1.177820e-04 1.177820e-04 2.367136e-03 9.592928e-03 1.580620e-02 1.656733e-02 2.387462e-02 4.540438e-02 5.969525e-02 1.936499e-01 
260 7801 5.946181e-02 1.952305e-01 1.197384e-04 1.197384e-04 2.269811e-03 9.391887e-03 1.586776e-02 1.648426e-02 2.497008e-02 4.521748e-02 6.473311e-02 1.952305e-01 
261 7831 6.267064e-02 1.977816e-01 1.163199e-04 1.163199e-04 2.247819e-03 9.654773e-03 1.561862e-02 1.601179e-02 2.404668e-02 4.621859e-02 6.976353e-02 1.977816e-01 
262 7861 6.148717e-02 1.966635e-01 1.149201e-04 1.149201e-04 2.168372e-03 9.741740e-03 1.508210e-02 1.626924e-02 2.303698e-02 4.798410e-02 6.983990e-02 1.966635e-01 
263 7891 6.635706e-02 1.969772e-01 1.168768e-04 1.168768e-04 2.092952e-03 9.662834e-03 1.485944e-02 1.605989e-02 2.435776e-02 4.894095e-02 6.936104e-02 1.969772e-01 
264 7921 6.470447e-02 1.923158e-01 1.180312e-04 1.180312e-04 2.093322e-03 9.333179e-03 1.422183e-02 1.672314e-02 2.487366e-02 4.865250e-02 6.760803e-02 1.923158e-01 
265 7951 6.350736e-02 1.921666e-01 1.166273e-04 1.166273e-04 2.053176e-03 9.223716e-03 1.380540e-02 1.647214e-02 2.488229e-02 4.759118e-02 7.131627e-02 1.921666e-01 
266 7981 5.848952e-02 1.846411e-01 1.183376e-04 1.183376e-04 1.970762e-03 9.067234e-03 1.407132e-02 1.574668e-02 2.472820e-02 4.909602e-02 6.878249e-02 1.846411e-01 
267 8011 5.673563e-02 1.945245e-01 1.202956e-04 1.202956e-04 1.922436e-03 9.097287e-03 1.406025e-02 1.565039e-02 2.573080e-02 4.832736e-02 6.637169e-02 1.945245e-01 
268 8041 6.062901e-02 2.066767e-01 1.171822e-04 1.171822e-04 1.910651e-03 8.771844e-03 1.369836e-02 1.539696e-02 2.540980e-02 5.045894e-02 6.446897e-02 2.066767e-01 
269 8071 6.164356e-02 2.237172e-01 1.136125e-04 1.136125e-04 1.916939e-03 8.770144e-03 1.349867e-02 1.533030e-02 2.512188e-02 4.916622e-02 6.391394e-02 2.237172e-01 
270 8101 6.269022e-02 2.190966e-01 1.132145e-04 1.132145e-04 1.909811e-03 8.687610e-03 1.338623e-02 1.498270e-02 2.483077e-02 5.020692e-02 6.346891e-02 2.190966e-01 
271 8131 5.882697e-02 2.154656e-01 1.086316e-04 1.086316e-04 1.868389e-03 8.878220e-03 1.316469e-02 1.448465e-02 2.448743e-02 5.019572e-02 6.165888e-02 2.154656e-01 
272 8161 6.547836e-02 2.086257e-01 1.081752e-04 1.081752e-04 1.814048e-03 8.843386e-03 1.345385e-02 1.438509e-02 2.377281e-02 5.134883e-02 6.696425e-02 2.086257e-01 
273 8191 6.646840e-02 2.008553e-01 1.067013e-04 1.067013e-04 1.827408e-03 8.771463e-03 1.309383e-02 1.406796e-02 2.343875e-02 5.102664e-02 6.985930e-02 2.008553e-01 
274 8221 5.696313e-02 2.004342e-01 1.053047e-04 1.053047e-04 1.809299e-03 8.587114e-03 1.267878e-02 1.402852e-02 2.386349e-02 5.128813e-02 6.770193e-02 2.004342e-01 
275 8251 5.565738e-02 2.011630e-01 1.067716e-04 1.067716e-04 1.876475e-03 8.770572e-03 1.291353e-02 1.372213e-02 2.299012e-02 5.036096e-02 6.511975e-02 2.011630e-01 
276 8281 6.099125e-02 1.992197e-01 1.110678e-04 1.110678e-04 1.843499e-03 8.447601e-03 1.332251e-02 1.352664e-02 2.361103e-02 5.006281e-02 6.463004e-02 1.992197e-01 
277 8311 5.510266e-02 1.896930e-01 1.058994e-04 1.058994e-04 1.819714e-03 8.198955e-03 1.297212e-02 1.322564e-02 2.323314e-02 5.002597e-02 6.280797e-02 1.896930e-01 
278 8341 5.134656e-02 1.872843e-01 1.046224e-04 1.046224e-04 1.793551e-03 7.977037e-03 1.274501e-02 1.295888e-02 2.233886e-02 5.121604e-02 6.409773e-02 1.872843e-01 
279 8371 5.308339e-02 1.782345e-01 1.046625e-04 1.046625e-04 1.748415e-03 7.890210e-03 1.264327e-02 1.401412e-02 2.203101e-02 5.147260e-02 6.372916e-02 1.782345e-01 
280 8401 5.041341e-02 1.849637e-01 1.038107e-04 1.038107e-04 1.758319e-03 7.964866e-03 1.272761e-02 1.370731e-02 2.255874e-02 4.994849e-02 6.182457e-02 1.849637e-01 
281 8431 4.771230e-02 1.822615e-01 1.029548e-04 1.029548e-04 1.700368e-03 7.995077e-03 1.263303e-02 1.373929e-02 2.235238e-02 5.188443e-02 6.033204e-02 1.822615e-01 
282 8461 4.198592e-02 1.812205e-01 1.000248e-04 1.000248e-04 1.655871e-03 7.897204e-03 1.296383e-02 1.338343e-02 2.162508e-02 5.254825e-02 5.970184e-02 1.812205e-01 
283 8491 4.190749e-02 1.820605e-01 9.833880e-05 9.833880e-05 1.648229e-03 7.672781e-03 1.258661e-02 1.352810e-02 2.103713e-02 5.165401e-02 5.903822e-02 1.820605e-01 
284 8521 3.996489e-02 1.830490e-01 9.565528e-05 9.565528e-05 1.707402e-03 7.332242e-03 1.216820e-02 1.290762e-02 2.096648e-02 5.250623e-02 5.825469e-02 1.830490e-01 
285 8551 4.042613e-02 1.954781e-01 9.411039e-05 9.411039e-05 1.681440e-03 7.106321e-03 1.232890e-02 1.245674e-02 2.049403e-02 5.135686e-02 5.760732e-02 1.954781e-01 
286 8581 3.919340e-02 1.925968e-01 9.629864e-05 9.629864e-05 1.662449e-03 7.129118e-03 1.207797e-02 1.252616e-02 1.972838e-02 5.050630e-02 5.568117e-02 1.925968e-01 
287 8611 3.838734e-02 1.867929e-01 9.534505e-05 9.534505e-05 1.713004e-03 6.976232e-03 1.179076e-02 1.206163e-02 1.948352e-02 4.830882e-02 5.824051e-02 1.867929e-01 
288 8641 3.399538e-02 1.915379e-01 9.383730e-05 9.383730e-05 1.650672e-03 6.798842e-03 1.144383e-02 1.183421e-02 1.958960e-02 4.755453e-02 5.928587e-02 1.915379e-01 
289 8671 2.994770e-02 1.970325e-01 9.076634e-05 9.076634e-05 1.600144e-03 6.750221e-03 1.162305e-02 1.169076e-02 1.930737e-02 4.922663e-02 5.778987e-02 1.970325e-01 
290 8701 3.135159e-02 1.974015e-01 9.165868e-05 9.165868e-05 1.555972e-03 6.609304e-03 1.184618e-02 1.199309e-02 1.900209e-02 4.954452e-02 5.984351e-02 1.974015e-01 
291 8731 3.347297e-02 2.000500e-01 9.447298e-05 9.447298e-05 1.532330e-03 6.350071e-03 1.149679e-02 1.240554e-02 1.842513e-02 4.845504e-02 5.765033e-02 2.000500e-01 
292 8761 3.132499e-02 2.013542e-01 9.277081e-05 9.277081e-05 1.606705e-03 6.112903e-03 1.132695e-02 1.228059e-02 1.826791e-02 4.816094e-02 5.603659e-02 2.013542e-01 
293 8791 3.006150e-02 1.977864e-01 9.510978e-05 9.510978e-05 1.655744e-03 6.014025e-03 1.115702e-02 1.209279e-02 1.736149e-02 4.822538e-02 5.848320e-02 1.977864e-01 
294 8821 2.934079e-02 1.987780e-01 9.692665e-05 9.692665e-05 1.639251e-03 6.105788e-03 1.113166e-02 1.204455e-02 1.709031e-02 4.801579e-02 5.715818e-02 1.987780e-01 
295 8851 3.033266e-02 1.983360e-01 9.642869e-05 9.642869e-05 1.603506e-03 6.082337e-03 1.079693e-02 1.255101e-02 1.682952e-02 4.817332e-02 5.663572e-02 1.983360e-01 
296 8881 3.186293e-02 1.946028e-01 9.584905e-05 9.584905e-05 1.619313e-03 5.920374e-03 1.072400e-02 1.272596e-02 1.745876e-02 4.668518e-02 5.912978e-02 1.946028e-01 
297 8911 3.728361e-02 1.884991e-01 9.526220e-05 9.526220e-05 1.618919e-03 5.940286e-03 1.043155e-02 1.288360e-02 1.694135e-02 4.559215e-02 6.265665e-02 1.884991e-01 
298 8941 3.281092e-02 1.789389e-01 9.632690e-05 9.632690e-05 1.569017e-03 5.791727e-03 1.015053e-02 1.312532e-02 1.684492e-02 4.452934e-02 6.252609e-02 1.789389e-01 
299 8971 3.445458e-02 1.851437e-01 9.858334e-05 9.858334e-05 1.554590e-03 5.773322e-03 9.922332e-03 1.327073e-02 1.632167e-02 4.878793e-02 6.212969e-02 1.851437e-01 
300 9001 3.306778e-02 1.879350e-01 9.556038e-05 9.556038e-05 1.609688e-03 5.774737e-03 9.724425e-03 1.287187e-02 1.647346e-02 4.899108e-02 6.264218e-02 1.879350e-01 
301 9031 3.014714e-02 2.004090e-01 9.128704e-05 9.128704e-05 1.557837e-03 5.665893e-03 9.541245e-03 1.278819e-02 1.600359e-02 5.072405e-02 6.145356e-02 2.004090e-01 
302 9061 3.329388e-02 2.032890e-01 8.843320e-05 8.843320e-05 1.544534e-03 5.466480e-03 9.649366e-03 1.284710e-02 1.571013e-02 5.308414e-02 6.458089e-02 2.032890e-01 
303 9091 3.368687e-02 1.949603e-01 8.636676e-05 8.636676e-05 1.530886e-03 5.341495e-03 9.483982e-03 1.239602e-02 1.590399e-02 5.282318e-02 6.347631e-02 1.949603e-01 
304 9121 2.913305e-02 1.954957e-01 8.285908e-05 8.285908e-05 1.542633e-03 5.292215e-03 9.486835e-03 1.301382e-02 1.547321e-02 5.284583e-02 6.223693e-02 1.954957e-01 
305 9151 2.701244e-02 1.956996e-01 8.193550e-05 8.193550e-05 1.521246e-03 5.145759e-03 9.255525e-03 1.274218e-02 1.537577e-02 5.385541e-02 6.343530e-02 1.956996e-01 
306 9181 2.640461e-02 1.957095e-01 8.100295e-05 8.100295e-05 1.491305e-03 5.310383e-03 8.938345e-03 1.298770e-02 1.503517e-02 5.624561e-02 6.722473e-02 1.957095e-01 
307 9211 2.586216e-02 1.895724e-01 7.947641e-05 7.947641e-05 1.482634e-03 5.369677e-03 8.792437e-03 1.253712e-02 1.510398e-02 5.580367e-02 6.756277e-02 1.895724e-01 
308 9241 2.481657e-02 1.882672e-01 7.746304e-05 7.746304e-05 1.454305e-03 5.153092e-03 8.909576e-03 1.232648e-02 1.509463e-02 5.358474e-02 6.585493e-02 1.882672e-01 
309 9271 2.810951e-02 1.948258e-01 7.861665e-05 7.861665e-05 1.441209e-03 5.081021e-03 8.762239e-03 1.305042e-02 1.479286e-02 5.242968e-02 6.534969e-02 1.948258e-01 
310 9301 3.086029e-02 1.955707e-01 8.151053e-05 8.151053e-05 1.425657e-03 4.850919e-03 8.544402e-03 1.387681e-02 1.454075e-02 5.076818e-02 6.629843e-02 1.955707e-01 
311 9331 2.509841e-02 1.890656e-01 7.863081e-05 7.863081e-05 1.392541e-03 4.842228e-03 8.495542e-03 1.353471e-02 1.426946e-02 4.976096e-02 6.487049e-02 1.890656e-01 
312 9361 2.334613e-02 1.856261e-01 7.690354e-05 7.690354e-05 1.336520e-03 4.687158e-03 8.832758e-03 1.334313e-02 1.394727e-02 4.910359e-02 6.277497e-02 1.856261e-01 
313 9391 2.262684e-02 1.809316e-01 7.486820e-05 7.486820e-05 1.333228e-03 4.608415e-03 8.544722e-03 1.319129e-02 1.373849e-02 4.968967e-02 6.164336e-02 1.809316e-01 
314 9421 2.327270e-02 1.849821e-01 7.708772e-05 7.708772e-05 1.331977e-03 4.662358e-03 8.492565e-03 1.250768e-02 1.334123e-02 4.989371e-02 6.070773e-02 1.849821e-01 
315 9451 2.189259e-02 1.845961e-01 7.422091e-05 7.422091e-05 1.284494e-03 4.637311e-03 8.193408e-03 1.249439e-02 1.317035e-02 4.966532e-02 6.086741e-02 1.845961e-01 
316 9481 2.427995e-02 1.962328e-01 7.279130e-05 7.279130e-05 1.240155e-03 4.615437e-03 8.108324e-03 1.289619e-02 1.360752e-02 5.047457e-02 6.505450e-02 1.962328e-01 
317 9511 2.461669e-02 2.069869e-01 7.367941e-05 7.367941e-05 1.218587e-03 4.445791e-03 7.820974e-03 1.279996e-02 1.369186e-02 4.829970e-02 6.436184e-02 2.069869e-01 
318 9541 2.453041e-02 2.011385e-01 7.450432e-05 7.450432e-05 1.191312e-03 4.615650e-03 7.863180e-03 1.286698e-02 1.356706e-02 4.739740e-02 6.399704e-02 2.011385e-01 
319 9571 2.605901e-02 1.977460e-01 7.155815e-05 7.155815e-05 1.213091e-03 4.592825e-03 8.126874e-03 1.282898e-02 1.354840e-02 4.567388e-02 6.284807e-02 1.977460e-01 
320 9601 2.550345e-02 2.012795e-01 7.082553e-05 7.082553e-05 1.184392e-03 4.463599e-03 7.896772e-03 1.240450e-02 1.395898e-02 4.495768e-02 6.142116e-02 2.012795e-01 
321 9631 2.457864e-02 1.999718e-01 6.947964e-05 6.947964e-05 1.218188e-03 4.422118e-03 7.673146e-03 1.245512e-02 1.353369e-02 4.540182e-02 6.318819e-02 1.999718e-01 
322 9661 2.359853e-02 2.024078e-01 6.874399e-05 6.874399e-05 1.205579e-03 4.271901e-03 7.695664e-03 1.227003e-02 1.314613e-02 4.335172e-02 6.207016e-02 2.024078e-01 
323 9691 2.177543e-02 2.029253e-01 6.933935e-05 6.933935e-05 1.199154e-03 4.234924e-03 7.768081e-03 1.228971e-02 1.265860e-02 4.237023e-02 5.962339e-02 2.029253e-01 
324 9721 2.357788e-02 1.965672e-01 7.075235e-05 7.075235e-05 1.183376e-03 4.503430e-03 8.336867e-03 1.185474e-02 1.261132e-02 4.487633e-02 5.934032e-02 1.965672e-01 
325 9751 2.354085e-02 2.003098e-01 7.224686e-05 7.224686e-05 1.150016e-03 4.472688e-03 8.383950e-03 1.166586e-02 1.290073e-02 4.644318e-02 5.904358e-02 2.003098e-01 
326 9781 2.515050e-02 2.042980e-01 7.339010e-05 7.339010e-05 1.104166e-03 4.446448e-03 8.460209e-03 1.151648e-02 1.269176e-02 4.547839e-02 6.437572e-02 2.042980e-01 
327 9811 2.231666e-02 2.030699e-01 7.434464e-05 7.434464e-05 1.103493e-03 4.320369e-03 8.317742e-03 1.136749e-02 1.290846e-02 4.398253e-02 6.194017e-02 2.030699e-01 
328 9841 2.133577e-02 2.039872e-01 7.273885e-05 7.273885e-05 1.069874e-03 4.213666e-03 8.371637e-03 1.094870e-02 1.253967e-02 4.491320e-02 6.097482e-02 2.039872e-01 
329 9871 2.218177e-02 2.025906e-01 7.148064e-05 7.148064e-05 1.034824e-03 4.129401e-03 8.237111e-03 1.154746e-02 1.221037e-02 4.394004e-02 6.075394e-02 2.025906e-01 
330 9901 2.275290e-02 1.954874e-01 7.051348e-05 7.051348e-05 1.007704e-03 4.318089e-03 7.952231e-03 1.142656e-02 1.234968e-02 4.360089e-02 5.806073e-02 1.954874e-01 
331 9931 2.086690e-02 1.894936e-01 7.012092e-05 7.012092e-05 1.065767e-03 4.343076e-03 7.878581e-03 1.123852e-02 1.275903e-02 4.383957e-02 5.602300e-02 1.894936e-01 
332 9961 1.883340e-02 1.910284e-01 6.988215e-05 6.988215e-05 1.038369e-03 4.328161e-03 7.857688e-03 1.117033e-02 1.258948e-02 4.271572e-02 5.485102e-02 1.910284e-01 
333 9991 1.946583e-02 1.931320e-01 6.749305e-05 6.749305e-05 1.017525e-03 4.380846e-03 7.680208e-03 1.080713e-02 1.274538e-02 4.364524e-02 5.238185e-02 1.931320e-01 
334 10021 2.009251e-02 1.903635e-01 6.733679e-05 6.733679e-05 1.031366e-03 4.228698e-03 7.549213e-03 1.044701e-02 1.263473e-02 4.316562e-02 5.211689e-02 1.903635e-01 
335 10051 1.839216e-02 1.885779e-01 6.562127e-05 6.562127e-05 1.019094e-03 4.190398e-03 7.350275e-03 1.039768e-02 1.220377e-02 4.257225e-02 5.174123e-02 1.885779e-01 
336 10081 1.863165e-02 1.951890e-01 6.305544e-05 6.305544e-05 9.773121e-04 4.096467e-03 7.139804e-03 1.031793e-02 1.249175e-02 4.166028e-02 5.218877e-02 1.951890e-01 
337 10111 1.919115e-02 1.963619e-01 6.097655e-05 6.097655e-05 9.528600e-04 4.235597e-03 7.499692e-03 1.002544e-02 1.271190e-02 4.243661e-02 5.304530e-02 1.963619e-01 
338 10141 1.911704e-02 1.986631e-01 6.164804e-05 6.164804e-05 9.196942e-04 4.066010e-03 7.707716e-03 9.766385e-03 1.261422e-02 4.114319e-02 5.247873e-02 1.986631e-01 
339 10171 1.923025e-02 2.019917e-01 6.249628e-05 6.249628e-05 9.104593e-04 3.981509e-03 7.869685e-03 9.760094e-03 1.279753e-02 4.183831e-02 5.098708e-02 2.019917e-01 
340 10201 2.013153e-02 1.962488e-01 6.512168e-05 6.512168e-05 8.954105e-04 4.186563e-03 7.676694e-03 1.004934e-02 1.271881e-02 4.099348e-02 4.912282e-02 1.962488e-01 
341 10231 2.016087e-02 1.910288e-01 6.720935e-05 6.720935e-05 8.926191e-04 4.060724e-03 7.832551e-03 9.986514e-03 1.243170e-02 4.071768e-02 5.039262e-02 1.910288e-01 
342 10261 1.998183e-02 1.983379e-01 6.502832e-05 6.502832e-05 8.635275e-04 3.892762e-03 7.623041e-03 9.625131e-03 1.273169e-02 4.157603e-02 5.043828e-02 1.983379e-01 
343 10291 2.074913e-02 1.905370e-01 7.079012e-05 7.079012e-05 8.726074e-04 3.749250e-03 7.580484e-03 9.264725e-03 1.250446e-02 4.034447e-02 4.875078e-02 1.905370e-01 
344 10321 2.090164e-02 1.985380e-01 7.101312e-05 7.101312e-05 8.408955e-04 3.658005e-03 7.735242e-03 9.069701e-03 1.281773e-02 4.000719e-02 4.827652e-02 1.985380e-01 
345 10351 2.078942e-02 1.965001e-01 7.254341e-05 7.254341e-05 8.567780e-04 3.554047e-03 7.739646e-03 9.008382e-03 1.254863e-02 3.858146e-02 4.782004e-02 1.965001e-01 
346 10381 2.224078e-02 2.006596e-01 7.272649e-05 7.272649e-05 8.512040e-04 3.834503e-03 7.744085e-03 8.547573e-03 1.269927e-02 3.923202e-02 4.791271e-02 2.006596e-01 
347 10411 2.139132e-02 2.002234e-01 7.108926e-05 7.108926e-05 8.177496e-04 3.874240e-03 7.607117e-03 9.259775e-03 1.217892e-02 3.782108e-02 4.677217e-02 2.002234e-01 
348 10441 2.346054e-02 1.999342e-01 6.910570e-05 6.910570e-05 8.671466e-04 3.818258e-03 7.397529e-03 9.074089e-03 1.226395e-02 3.922049e-02 5.103031e-02 1.999342e-01 
349 10471 2.325920e-02 1.964182e-01 6.678057e-05 6.678057e-05 8.759309e-04 3.845807e-03 7.432681e-03 8.716500e-03 1.169185e-02 3.852244e-02 5.183674e-02 1.964182e-01 
350 10501 2.086636e-02 1.876357e-01 6.683809e-05 6.683809e-05 9.112534e-04 3.692857e-03 7.267638e-03 8.474067e-03 1.165918e-02 3.762459e-02 5.081721e-02 1.876357e-01 
351 10531 2.165758e-02 1.825582e-01 6.772162e-05 6.772162e-05 9.369453e-04 3.608336e-03 7.091110e-03 8.189015e-03 1.169577e-02 3.721653e-02 5.105594e-02 1.825582e-01 
352 10561 2.084336e-02 1.766340e-01 7.090411e-05 7.090411e-05 9.150031e-04 3.519946e-03 7.091183e-03 8.201143e-03 1.197175e-02 3.612548e-02 5.013399e-02 1.766340e-01 
353 10591 2.328162e-02 1.733787e-01 7.054483e-05 7.054483e-05 9.048407e-04 3.385111e-03 6.769417e-03 8.049100e-03 1.162749e-02 3.534759e-02 5.492765e-02 1.733787e-01 
354 10621 2.295628e-02 1.756768e-01 7.273248e-05 7.273248e-05 8.688472e-04 3.403149e-03 6.654456e-03 7.939843e-03 1.225635e-02 3.460575e-02 5.448479e-02 1.756768e-01 
355 10651 2.378829e-02 1.679973e-01 7.346822e-05 7.346822e-05 8.583851e-04 3.387792e-03 6.716585e-03 7.726140e-03 1.220053e-02 3.478866e-02 5.256845e-02 1.679973e-01 
356 10681 2.684633e-02 1.682088e-01 7.235586e-05 7.235586e-05 8.380125e-04 3.342028e-03 6.607128e-03 7.590512e-03 1.289038e-02 3.421745e-02 5.288072e-02 1.682088e-01 
357 10711 3.040710e-02 1.663402e-01 7.368509e-05 7.368509e-05 8.416199e-04 3.447060e-03 6.670302e-03 7.351147e-03 1.265142e-02 3.419285e-02 5.466833e-02 1.663402e-01 
358 10741 2.975130e-02 1.611685e-01 7.588948e-05 7.588948e-05 8.312438e-04 3.397469e-03 6.603679e-03 7.485512e-03 1.284842e-02 3.437540e-02 5.860405e-02 1.611685e-01 
359 10771 2.955398e-02 1.615641e-01 7.768372e-05 7.768372e-05 8.628781e-04 3.361075e-03 6.415647e-03 7.351321e-03 1.259699e-02 3.501392e-02 5.933248e-02 1.615641e-01 
360 10801 2.926842e-02 1.650644e-01 7.794490e-05 7.794490e-05 8.622103e-04 3.309406e-03 6.424013e-03 7.758858e-03 1.236638e-02 3.450402e-02 5.836435e-02 1.650644e-01 
361 10831 2.613122e-02 1.643250e-01 7.512161e-05 7.512161e-05 8.487238e-04 3.274484e-03 6.291893e-03 7.963122e-03 1.197971e-02 3.505296e-02 5.655307e-02 1.643250e-01 
362 10861 2.613693e-02 1.624109e-01 7.738682e-05 7.738682e-05 8.716141e-04 3.204868e-03 6.311633e-03 7.864366e-03 1.180082e-02 3.447329e-02 5.640654e-02 1.624109e-01 
363 10891 2.456926e-02 1.571854e-01 7.579776e-05 7.579776e-05 8.473436e-04 3.211996e-03 6.087268e-03 7.602229e-03 1.183732e-02 3.368279e-02 5.550955e-02 1.571854e-01 
364 10921 3.000144e-02 1.614335e-01 7.611793e-05 7.611793e-05 8.321461e-04 3.177711e-03 6.056048e-03 7.371383e-03 1.157959e-02 3.873149e-02 5.919028e-02 1.614335e-01 
365 10951 2.974553e-02 1.654648e-01 7.617362e-05 7.617362e-05 8.428432e-04 3.185036e-03 5.797470e-03 7.166636e-03 1.160847e-02 3.816836e-02 5.885370e-02 1.654648e-01 
366 10981 2.922268e-02 1.645499e-01 7.506984e-05 7.506984e-05 8.091682e-04 3.127767e-03 5.657405e-03 7.324897e-03 1.147815e-02 3.799277e-02 5.996913e-02 1.645499e-01 
367 11011 2.886567e-02 1.622716e-01 7.495191e-05 7.495191e-05 7.871501e-04 3.176152e-03 5.474476e-03 7.414770e-03 1.199143e-02 3.922598e-02 5.977955e-02 1.622716e-01 
368 11041 2.832461e-02 1.567420e-01 7.635888e-05 7.635888e-05 7.649563e-04 3.235398e-03 5.572478e-03 7.531185e-03 1.161959e-02 3.808594e-02 5.755793e-02 1.567420e-01 
369 11071 2.974564e-02 1.541129e-01 8.107947e-05 8.107947e-05 7.861279e-04 3.304848e-03 5.830386e-03 7.426034e-03 1.149821e-02 3.903302e-02 5.905358e-02 1.541129e-01 
370 11101 2.776032e-02 1.492421e-01 7.999817e-05 7.999817e-05 7.632735e-04 3.247482e-03 5.750278e-03 7.150129e-03 1.131760e-02 3.951697e-02 5.988308e-02 1.492421e-01 
371 11131 2.550912e-02 1.486949e-01 7.737924e-05 7.737924e-05 7.552158e-04 3.167365e-03 5.789850e-03 7.145185e-03 1.087744e-02 3.874837e-02 5.922412e-02 1.486949e-01 
372 11161 2.543923e-02 1.522103e-01 7.593681e-05 7.593681e-05 7.455033e-04 3.079768e-03 5.810553e-03 7.123158e-03 1.100329e-02 3.815710e-02 5.821394e-02 1.522103e-01 
373 11191 2.540329e-02 1.519367e-01 7.454760e-05 7.454760e-05 7.479759e-04 3.043175e-03 5.677867e-03 7.004706e-03 1.085652e-02 3.764362e-02 5.989649e-02 1.519367e-01 
374 11221 2.400396e-02 1.560145e-01 7.393620e-05 7.393620e-05 7.508769e-04 3.039434e-03 5.550712e-03 6.922520e-03 1.099046e-02 3.696046e-02 5.984380e-02 1.560145e-01 
375 11251 2.695656e-02 1.509062e-01 7.108361e-05 7.108361e-05 7.219005e-04 3.116676e-03 5.319072e-03 7.242332e-03 1.118195e-02 3.764196e-02 6.362725e-02 1.509062e-01 
376 11281 2.736180e-02 1.561585e-01 6.960612e-05 6.960612e-05 7.166930e-04 3.032706e-03 5.566738e-03 7.039939e-03 1.177902e-02 3.742369e-02 6.306397e-02 1.561585e-01 
377 11311 2.534991e-02 1.530679e-01 6.807577e-05 6.807577e-05 7.185684e-04 2.921797e-03 5.495375e-03 7.116576e-03 1.140949e-02 3.768935e-02 6.132460e-02 1.530679e-01 
378 11341 2.342186e-02 1.484793e-01 6.642118e-05 6.642118e-05 6.961883e-04 2.788202e-03 5.669826e-03 7.109496e-03 1.172196e-02 3.722014e-02 6.114648e-02 1.484793e-01 
379 11371 2.471982e-02 1.465335e-01 6.602222e-05 6.602222e-05 6.596508e-04 2.835007e-03 5.607182e-03 7.275916e-03 1.157019e-02 3.793022e-02 6.177393e-02 1.465335e-01 
380 11401 2.510159e-02 1.439170e-01 6.784659e-05 6.784659e-05 6.669860e-04 2.756836e-03 5.474757e-03 7.305533e-03 1.105646e-02 3.693707e-02 6.395391e-02 1.439170e-01 
381 11431 2.231537e-02 1.418098e-01 6.561615e-05 6.561615e-05 6.473446e-04 2.658977e-03 5.278183e-03 7.198371e-03 1.085212e-02 3.582445e-02 6.231002e-02 1.418098e-01 
382 11461 1.974695e-02 1.485045e-01 6.390920e-05 6.390920e-05 6.386750e-04 2.605879e-03 5.207692e-03 7.195010e-03 1.096036e-02 3.498284e-02 5.971476e-02 1.485045e-01 
383 11491 1.966818e-02 1.545663e-01 6.705231e-05 6.705231e-05 6.213039e-04 2.533208e-03 5.355077e-03 7.062267e-03 1.048877e-02 3.386106e-02 6.188644e-02 1.545663e-01 
384 11521 2.173935e-02 1.600225e-01 7.107502e-05 7.107502e-05 6.326641e-04 2.431057e-03 5.267755e-03 7.180536e-03 1.028631e-02 3.339341e-02 6.184679e-02 1.600225e-01 
385 11551 2.409353e-02 1.649236e-01 7.265341e-05 7.265341e-05 6.892168e-04 2.371870e-03 5.242644e-03 6.983514e-03 1.006403e-02 3.251834e-02 6.070719e-02 1.649236e-01 
386 11581 2.558490e-02 1.594966e-01 7.179051e-05 7.179051e-05 6.928427e-04 2.298655e-03 5.105216e-03 6.769814e-03 9.975884e-03 3.203745e-02 6.185627e-02 1.594966e-01 
387 11611 2.768149e-02 1.568907e-01 7.299555e-05 7.299555e-05 6.998545e-04 2.259400e-03 5.212825e-03 6.706610e-03 1.058817e-02 3.233221e-02 6.139646e-02 1.568907e-01 
388 11641 2.798695e-02 1.571728e-01 7.258943e-05 7.258943e-05 6.759619e-04 2.368640e-03 5.460443e-03 6.534035e-03 1.034454e-02 3.154161e-02 6.263576e-02 1.571728e-01 
389 11671 2.958270e-02 1.604390e-01 7.301930e-05 7.301930e-05 6.964404e-04 2.279538e-03 5.426790e-03 6.421539e-03 1.022194e-02 3.279929e-02 6.132312e-02 1.604390e-01 
390 11701 3.070435e-02 1.595474e-01 7.271748e-05 7.271748e-05 6.829442e-04 2.190318e-03 5.449014e-03 6.380949e-03 1.054965e-02 3.313707e-02 6.227834e-02 1.595474e-01 
391 11731 3.174923e-02 1.655376e-01 7.107772e-05 7.107772e-05 6.675419e-04 2.124474e-03 5.603221e-03 6.367581e-03 1.102413e-02 3.259638e-02 6.120113e-02 1.655376e-01 
392 11761 3.448641e-02 1.817729e-01 7.116603e-05 7.116603e-05 6.623041e-04 2.098078e-03 5.711269e-03 6.676173e-03 1.091612e-02 3.271875e-02 5.913864e-02 1.817729e-01 
393 11791 3.633820e-02 1.853560e-01 7.021215e-05 7.021215e-05 6.631813e-04 2.021422e-03 5.608415e-03 7.042306e-03 1.149818e-02 3.286058e-02 5.734446e-02 1.853560e-01 
394 11821 3.622531e-02 1.974936e-01 6.842053e-05 6.842053e-05 6.623317e-04 2.020212e-03 5.505237e-03 7.371416e-03 1.144707e-02 3.229093e-02 5.568577e-02 1.974936e-01 
395 11851 3.146107e-02 1.903565e-01 6.841702e-05 6.841702e-05 6.462905e-04 2.011603e-03 5.289559e-03 7.309035e-03 1.155488e-02 3.230955e-02 5.629886e-02 1.903565e-01 
396 11881 2.905743e-02 1.858934e-01 6.725876e-05 6.725876e-05 6.808314e-04 1.958327e-03 5.295763e-03 7.459768e-03 1.118061e-02 3.298501e-02 5.550750e-02 1.858934e-01 
397 11911 2.578732e-02 1.871927e-01 6.762193e-05 6.762193e-05 6.602532e-04 1.977886e-03 5.222218e-03 7.547002e-03 1.064125e-02 3.331127e-02 5.497300e-02 1.871927e-01 
398 11941 2.454405e-02 1.939972e-01 6.724423e-05 6.724423e-05 6.651619e-04 1.994009e-03 5.186570e-03 7.646268e-03 1.027692e-02 3.246778e-02 5.350896e-02 1.939972e-01 
399 11971 2.550643e-02 1.898707e-01 6.585250e-05 6.585250e-05 7.041161e-04 2.010400e-03 5.221814e-03 7.446339e-03 9.796318e-03 3.177785e-02 5.410561e-02 1.898707e-01 
400 12001 2.381186e-02 1.829038e-01 6.431200e-05 6.431200e-05 7.014995e-04 2.087668e-03 5.159695e-03 7.694342e-03 9.608867e-03 3.162430e-02 5.323331e-02 1.829038e-01 
401 12031 2.567079e-02 2.134256e-01 6.367200e-05 6.367200e-05 6.861367e-04 2.128193e-03 5.197668e-03 7.679445e-03 9.381188e-03 3.116687e-02 5.239575e-02 2.134256e-01 
402 12061 2.729345e-02 2.108529e-01 6.203599e-05 6.203599e-05 6.760847e-04 2.115569e-03 5.361442e-03 7.494042e-03 9.429160e-03 3.031052e-02 5.086873e-02 2.108529e-01 
403 12091 2.705111e-02 2.077424e-01 6.419256e-05 6.419256e-05 6.616935e-04 2.131921e-03 5.262992e-03 7.353762e-03 9.601058e-03 3.030746e-02 4.971054e-02 2.077424e-01 
404 12121 2.441894e-02 2.017536e-01 6.236330e-05 6.236330e-05 6.358393e-04 2.096443e-03 5.222377e-03 7.359160e-03 9.561386e-03 3.006802e-02 5.360469e-02 2.017536e-01 
405 12151 2.455995e-02 1.977454e-01 6.260481e-05 6.260481e-05 6.162124e-04 2.139326e-03 5.332483e-03 7.165296e-03 1.027577e-02 2.967114e-02 5.245781e-02 1.977454e-01 
406 12181 2.278158e-02 1.961741e-01 6.202213e-05 6.202213e-05 6.125132e-04 2.061188e-03 5.161131e-03 7.076916e-03 1.026291e-02 2.906998e-02 5.357026e-02 1.961741e-01 
407 12211 2.163883e-02 1.911779e-01 5.931283e-05 5.931283e-05 6.158850e-04 2.071873e-03 5.156570e-03 7.103474e-03 9.942186e-03 2.829261e-02 5.263222e-02 1.911779e-01 
408 12241 1.998296e-02 1.960767e-01 5.839362e-05 5.839362e-05 6.023848e-04 2.026122e-03 5.033023e-03 7.111108e-03 9.884911e-03 2.762139e-02 5.174124e-02 1.960767e-01 
409 12271 1.799010e-02 1.924507e-01 5.584628e-05 5.584628e-05 5.981028e-04 2.024261e-03 4.980750e-03 7.022541e-03 9.697455e-03 2.729460e-02 5.038986e-02 1.924507e-01 
410 12301 1.832511e-02 1.955485e-01 5.459067e-05 5.459067e-05 5.900254e-04 2.005063e-03 5.040015e-03 7.171532e-03 9.806692e-03 2.695322e-02 5.062237e-02 1.955485e-01 
411 12331 1.884887e-02 1.919595e-01 5.391522e-05 5.391522e-05 5.884840e-04 2.082527e-03 5.227526e-03 7.205352e-03 1.053303e-02 2.634928e-02 5.293954e-02 1.919595e-01 
412 12361 2.127535e-02 1.846321e-01 5.573775e-05 5.573775e-05 5.740679e-04 2.065440e-03 5.144537e-03 7.188608e-03 1.095158e-02 2.516496e-02 5.448200e-02 1.846321e-01 
413 12391 2.103880e-02 1.874557e-01 5.368727e-05 5.368727e-05 5.539620e-04 2.139136e-03 5.126227e-03 7.039068e-03 1.106882e-02 2.472474e-02 5.610884e-02 1.874557e-01 
414 12421 2.079463e-02 1.868700e-01 5.227316e-05 5.227316e-05 5.401727e-04 2.173210e-03 5.186525e-03 6.977825e-03 1.133290e-02 2.477486e-02 5.864240e-02 1.868700e-01 
415 12451 2.182910e-02 1.839214e-01 5.146887e-05 5.146887e-05 5.521692e-04 2.151136e-03 5.483132e-03 7.038878e-03 1.109203e-02 2.428243e-02 6.134881e-02 1.839214e-01 
416 12481 2.752906e-02 1.818254e-01 5.041441e-05 5.041441e-05 5.522179e-04 2.102779e-03 5.727706e-03 6.879957e-03 1.081365e-02 2.397409e-02 6.076675e-02 1.818254e-01 
417 12511 2.824578e-02 1.744633e-01 4.959985e-05 4.959985e-05 5.427053e-04 2.070684e-03 5.653165e-03 6.941277e-03 1.088606e-02 2.325381e-02 6.013136e-02 1.744633e-01 
418 12541 2.971235e-02 1.786649e-01 4.921924e-05 4.921924e-05 5.375021e-04 1.989364e-03 5.477454e-03 6.835760e-03 1.035844e-02 2.233981e-02 5.977374e-02 1.786649e-01 
419 12571 3.268533e-02 1.774762e-01 4.998516e-05 4.998516e-05 5.204065e-04 2.032540e-03 5.428515e-03 6.685597e-03 9.956585e-03 2.256661e-02 5.919793e-02 1.774762e-01 
420 12601 3.675181e-02 1.786110e-01 4.798853e-05 4.798853e-05 5.176743e-04 2.053121e-03 5.601220e-03 6.859098e-03 9.976863e-03 2.223431e-02 5.959942e-02 1.786110e-01 
421 12631 3.758879e-02 1.747328e-01 4.627067e-05 4.627067e-05 5.107846e-04 2.101391e-03 5.401560e-03 6.995209e-03 1.007261e-02 2.244396e-02 6.069687e-02 1.747328e-01 
422 12661 4.237754e-02 1.763380e-01 4.483708e-05 4.483708e-05 4.912137e-04 2.058996e-03 5.337765e-03 7.173644e-03 1.000912e-02 2.200535e-02 6.020748e-02 1.763380e-01 
423 12691 4.469033e-02 1.692366e-01 4.569541e-05 4.569541e-05 4.870680e-04 2.037956e-03 5.111033e-03 7.445616e-03 1.038712e-02 2.149126e-02 5.900574e-02 1.692366e-01 
424 12721 4.797646e-02 1.792934e-01 4.418693e-05 4.418693e-05 4.862797e-04 2.091824e-03 4.990800e-03 7.420916e-03 1.077979e-02 2.130274e-02 5.828234e-02 1.792934e-01 
425 12751 5.531873e-02 1.777512e-01 4.337972e-05 4.337972e-05 4.954668e-04 2.117977e-03 5.134128e-03 7.461925e-03 1.097201e-02 2.193225e-02 5.671748e-02 1.777512e-01 
426 12781 4.871515e-02 1.749584e-01 4.405985e-05 4.405985e-05 4.996908e-04 2.071761e-03 5.016353e-03 7.400627e-03 1.057963e-02 2.214564e-02 5.751426e-02 1.749584e-01 
427 12811 4.251051e-02 1.729009e-01 4.469276e-05 4.469276e-05 5.096109e-04 2.096415e-03 4.898206e-03 7.552230e-03 1.032856e-02 2.223460e-02 5.993083e-02 1.729009e-01 
428 12841 4.152075e-02 1.720937e-01 4.401102e-05 4.401102e-05 4.877738e-04 1.996229e-03 4.830701e-03 7.760564e-03 1.019752e-02 2.259287e-02 5.988558e-02 1.720937e-01 
429 12871 4.174866e-02 1.710656e-01 4.550791e-05 4.550791e-05 4.632631e-04 1.968424e-03 4.770608e-03 7.632718e-03 1.009499e-02 2.205725e-02 5.980426e-02 1.710656e-01 
430 12901 4.284428e-02 1.665663e-01 4.480771e-05 4.480771e-05 4.662714e-04 1.939112e-03 4.628719e-03 7.728710e-03 9.986959e-03 2.103413e-02 6.279781e-02 1.665663e-01 
431 12931 4.194749e-02 1.627542e-01 4.528588e-05 4.528588e-05 4.605683e-04 1.874113e-03 4.721590e-03 7.956828e-03 1.050953e-02 2.022153e-02 6.374743e-02 1.627542e-01 
432 12961 3.797624e-02 1.598339e-01 4.472305e-05 4.472305e-05 4.727703e-04 1.832166e-03 4.738759e-03 7.712857e-03 1.026464e-02 1.959480e-02 6.572338e-02 1.598339e-01 
433 12991 3.667691e-02 1.608063e-01 4.476652e-05 4.476652e-05 4.864241e-04 1.814234e-03 4.694734e-03 7.803028e-03 1.037615e-02 1.982174e-02 6.401763e-02 1.608063e-01 
434 13021 3.222241e-02 1.583486e-01 4.317031e-05 4.317031e-05 4.645257e-04 1.828664e-03 4.643251e-03 7.895277e-03 1.013269e-02 1.989976e-02 6.450155e-02 1.583486e-01 
435 13051 3.391654e-02 1.568818e-01 4.168834e-05 4.168834e-05 4.470496e-04 1.777078e-03 4.409747e-03 7.941120e-03 1.044799e-02 1.949049e-02 6.350935e-02 1.568818e-01 
436 13081 2.807540e-02 1.569232e-01 4.080504e-05 4.080504e-05 4.365295e-04 1.773740e-03 4.258133e-03 7.821347e-03 1.056057e-02 1.894629e-02 6.206999e-02 1.569232e-01 
437 13111 2.457253e-02 1.590943e-01 4.010533e-05 4.010533e-05 4.306752e-04 1.754413e-03 4.255284e-03 7.568571e-03 1.055582e-02 1.875495e-02 6.073791e-02 1.590943e-01 
438 13141 2.276374e-02 1.540394e-01 3.843062e-05 3.843062e-05 4.417240e-04 1.714031e-03 4.655981e-03 7.574169e-03 1.016502e-02 1.904418e-02 5.802762e-02 1.540394e-01 
439 13171 2.210828e-02 1.475877e-01 3.875026e-05 3.875026e-05 4.393507e-04 1.669066e-03 4.668677e-03 7.453634e-03 1.023446e-02 1.890561e-02 5.690679e-02 1.475877e-01 
440 13201 2.343635e-02 1.469564e-01 4.124855e-05 4.124855e-05 4.183121e-04 1.592101e-03 4.564636e-03 7.454961e-03 1.040333e-02 1.918928e-02 5.585770e-02 1.469564e-01 
441 13231 2.700014e-02 1.527701e-01 4.107714e-05 4.107714e-05 3.997107e-04 1.609899e-03 4.453157e-03 7.581518e-03 1.108176e-02 1.862445e-02 5.425712e-02 1.527701e-01 
442 13261 2.645550e-02 1.460709e-01 3.983604e-05 3.983604e-05 3.844403e-04 1.539822e-03 4.569096e-03 7.370282e-03 1.176042e-02 1.932947e-02 5.221443e-02 1.460709e-01 
443 13291 2.656166e-02 1.399878e-01 3.971583e-05 3.971583e-05 3.862880e-04 1.588527e-03 4.413291e-03 7.314198e-03 1.196350e-02 1.888671e-02 5.195522e-02 1.399878e-01 
444 13321 2.990594e-02 1.395703e-01 3.848848e-05 3.848848e-05 3.799559e-04 1.585524e-03 4.503871e-03 7.120906e-03 1.173560e-02 1.821687e-02 5.419274e-02 1.395703e-01 
445 13351 2.536487e-02 1.411112e-01 3.827805e-05 3.827805e-05 3.733860e-04 1.577255e-03 4.330735e-03 7.033581e-03 1.161027e-02 1.856265e-02 5.512214e-02 1.411112e-01 
446 13381 2.566237e-02 1.437288e-01 3.827695e-05 3.827695e-05 3.641007e-04 1.585428e-03 4.253227e-03 7.186648e-03 1.100441e-02 1.805608e-02 5.414594e-02 1.437288e-01 
447 13411 2.591936e-02 1.401565e-01 3.956562e-05 3.956562e-05 3.846452e-04 1.558999e-03 4.322723e-03 7.250955e-03 1.066315e-02 1.759359e-02 5.474650e-02 1.401565e-01 
448 13441 2.951195e-02 1.380974e-01 3.934956e-05 3.934956e-05 3.731403e-04 1.591229e-03 4.485239e-03 7.031937e-03 1.053881e-02 1.718872e-02 5.534532e-02 1.380974e-01 
449 13471 3.345333e-02 1.380900e-01 4.023379e-05 4.023379e-05 3.649670e-04 1.560073e-03 4.551843e-03 7.411510e-03 1.142021e-02 1.647710e-02 5.548178e-02 1.380900e-01 
450 13501 3.437660e-02 1.344692e-01 3.904766e-05 3.904766e-05 3.535431e-04 1.494390e-03 4.879030e-03 7.118133e-03 1.123830e-02 1.634994e-02 5.583259e-02 1.344692e-01 
451 13531 3.582226e-02 1.440732e-01 3.832998e-05 3.832998e-05 3.425228e-04 1.452159e-03 4.919913e-03 7.057005e-03 1.122430e-02 1.578645e-02 5.511769e-02 1.440732e-01 
452 13561 3.662674e-02 1.413338e-01 3.717598e-05 3.717598e-05 3.384291e-04 1.430267e-03 4.802656e-03 7.091567e-03 1.094912e-02 1.630954e-02 5.261841e-02 1.413338e-01 
453 13591 3.696656e-02 1.384559e-01 3.591445e-05 3.591445e-05 3.247004e-04 1.410478e-03 4.603458e-03 7.156571e-03 1.107664e-02 1.782936e-02 5.415448e-02 1.384559e-01 
454 13621 3.763833e-02 1.406889e-01 3.547937e-05 3.547937e-05 3.209154e-04 1.360357e-03 4.578165e-03 6.894346e-03 1.080333e-02 1.778121e-02 5.308654e-02 1.406889e-01 
455 13651 3.876207e-02 1.438755e-01 3.515658e-05 3.515658e-05 3.183401e-04 1.318282e-03 4.408217e-03 6.857352e-03 1.059295e-02 1.828154e-02 5.095104e-02 1.438755e-01 
456 13681 4.277246e-02 1.425384e-01 3.608985e-05 3.608985e-05 3.092261e-04 1.350998e-03 4.391425e-03 6.889316e-03 1.070210e-02 1.821544e-02 5.168506e-02 1.425384e-01 
457 13711 4.340704e-02 1.417967e-01 3.554701e-05 3.554701e-05 3.276462e-04 1.301466e-03 4.341089e-03 7.276447e-03 1.098496e-02 1.830709e-02 5.031419e-02 1.417967e-01 
458 13741 4.695667e-02 1.492835e-01 3.430688e-05 3.430688e-05 3.122097e-04 1.295655e-03 4.245857e-03 7.063472e-03 1.060096e-02 2.048066e-02 4.934345e-02 1.492835e-01 
459 13771 5.620919e-02 1.488645e-01 3.303025e-05 3.303025e-05 3.043703e-04 1.449081e-03 4.085070e-03 7.186961e-03 1.044670e-02 2.104430e-02 4.929434e-02 1.488645e-01 
460 13801 5.486913e-02 1.485955e-01 3.207684e-05 3.207684e-05 2.980722e-04 1.421289e-03 3.927815e-03 6.944218e-03 1.019031e-02 2.117052e-02 5.047436e-02 1.485955e-01 
461 13831 5.690585e-02 1.503088e-01 3.258779e-05 3.258779e-05 2.880550e-04 1.422386e-03 3.955549e-03 7.197433e-03 1.012679e-02 2.041629e-02 5.477877e-02 1.503088e-01 
462 13861 6.011645e-02 1.537891e-01 3.108266e-05 3.108266e-05 2.847958e-04 1.460152e-03 4.152162e-03 7.209246e-03 1.048034e-02 1.973818e-02 5.430706e-02 1.537891e-01 
463 13891 6.056239e-02 1.644923e-01 3.255973e-05 3.255973e-05 2.945577e-04 1.432155e-03 3.989408e-03 7.185781e-03 1.069363e-02 1.992265e-02 5.420858e-02 1.644923e-01 
