%  columns=["iteration, evaluation, sigma, void, void, stds==sigma*sqrt(diag(C))" (startseed=205048, 2015/09/3 3:8:12.49)
1 31 5.541781e-01 0 0 5.446677e-01 4.391104e-01 4.111704e-01 2.780868e-01 3.192574e-01 3.503417e-01 4.086884e-01 4.576479e-01 2.797791e-01 
2 61 5.577793e-01 0 0 5.278665e-01 4.411874e-01 4.313677e-01 2.753598e-01 3.310116e-01 3.502340e-01 4.032188e-01 4.487433e-01 2.954731e-01 
3 91 4.956126e-01 0 0 4.531983e-01 3.845789e-01 3.750606e-01 2.327520e-01 2.949119e-01 2.978500e-01 3.478588e-01 3.922820e-01 2.524833e-01 
4 121 4.331501e-01 0 0 3.776161e-01 3.268027e-01 3.223201e-01 1.947997e-01 2.446272e-01 2.483096e-01 2.992522e-01 3.351319e-01 2.112980e-01 
5 151 4.063690e-01 0 0 3.507383e-01 2.939748e-01 2.933916e-01 1.801150e-01 2.230026e-01 2.263714e-01 2.766840e-01 3.191570e-01 1.879906e-01 
6 181 3.986703e-01 0 0 3.441247e-01 2.951228e-01 2.848017e-01 1.799724e-01 2.111307e-01 2.133117e-01 2.663728e-01 3.153398e-01 1.797462e-01 
7 211 3.900473e-01 0 0 3.384523e-01 2.899887e-01 2.739027e-01 1.839735e-01 2.018446e-01 2.025847e-01 2.536966e-01 3.039139e-01 1.758238e-01 
8 241 3.973885e-01 0 0 3.459798e-01 2.884622e-01 2.724041e-01 2.078995e-01 1.998286e-01 2.037359e-01 2.484052e-01 3.057074e-01 1.758575e-01 
9 271 3.568823e-01 0 0 3.039943e-01 2.571975e-01 2.377632e-01 1.832452e-01 1.773245e-01 1.785951e-01 2.138534e-01 2.673010e-01 1.531500e-01 
10 301 3.253416e-01 0 0 2.658025e-01 2.331166e-01 2.125657e-01 1.605208e-01 1.548806e-01 1.657020e-01 1.866450e-01 2.373763e-01 1.349489e-01 
11 331 3.157144e-01 0 0 2.575281e-01 2.203293e-01 2.096229e-01 1.514717e-01 1.481559e-01 1.611945e-01 1.783447e-01 2.355860e-01 1.299238e-01 
12 361 3.005511e-01 0 0 2.376431e-01 2.005831e-01 2.046486e-01 1.489078e-01 1.374109e-01 1.496939e-01 1.717969e-01 2.332972e-01 1.193794e-01 
13 391 2.862984e-01 0 0 2.251186e-01 2.020443e-01 1.887988e-01 1.382642e-01 1.270889e-01 1.455284e-01 1.640418e-01 2.179907e-01 1.171490e-01 
14 421 2.622472e-01 0 0 2.009170e-01 1.898586e-01 1.704033e-01 1.285646e-01 1.124507e-01 1.342941e-01 1.520073e-01 2.032528e-01 1.062446e-01 
15 451 2.604050e-01 0 0 1.973452e-01 1.823607e-01 1.729027e-01 1.224291e-01 1.133075e-01 1.378913e-01 1.465594e-01 2.001257e-01 1.032480e-01 
16 481 2.737579e-01 0 0 1.993789e-01 1.918782e-01 1.891989e-01 1.310463e-01 1.182990e-01 1.442584e-01 1.544913e-01 2.150721e-01 1.071485e-01 
17 511 2.765444e-01 0 0 2.092138e-01 1.921268e-01 1.937388e-01 1.310056e-01 1.146970e-01 1.454205e-01 1.569612e-01 2.107077e-01 1.104999e-01 
18 541 2.419010e-01 0 0 1.798583e-01 1.619098e-01 1.657884e-01 1.126569e-01 9.831164e-02 1.271325e-01 1.346365e-01 1.797717e-01 9.383071e-02 
19 571 2.237332e-01 0 0 1.645382e-01 1.466242e-01 1.520115e-01 1.014757e-01 9.039975e-02 1.140028e-01 1.226591e-01 1.706946e-01 8.745051e-02 
20 601 2.014090e-01 0 0 1.461900e-01 1.306053e-01 1.345282e-01 8.655882e-02 8.413438e-02 1.001384e-01 1.101628e-01 1.550988e-01 7.907581e-02 
21 631 1.958245e-01 0 0 1.402106e-01 1.273393e-01 1.329810e-01 9.124726e-02 8.183374e-02 9.410914e-02 1.048283e-01 1.507782e-01 7.577889e-02 
22 661 1.998605e-01 0 0 1.422693e-01 1.278558e-01 1.424431e-01 9.649366e-02 8.446647e-02 9.434315e-02 1.075644e-01 1.496090e-01 7.666347e-02 
23 691 2.355310e-01 0 0 1.644567e-01 1.519146e-01 1.685162e-01 1.148398e-01 9.704324e-02 1.179027e-01 1.323833e-01 1.833311e-01 9.121486e-02 
24 721 2.694300e-01 0 0 1.990327e-01 1.741451e-01 2.036450e-01 1.347480e-01 1.067531e-01 1.385145e-01 1.544191e-01 2.042827e-01 1.036999e-01 
25 751 3.097386e-01 0 0 2.243356e-01 2.106203e-01 2.523481e-01 1.678107e-01 1.202988e-01 1.560484e-01 1.857054e-01 2.307700e-01 1.239349e-01 
26 781 3.426161e-01 0 0 2.466619e-01 2.402210e-01 2.816027e-01 1.825996e-01 1.304069e-01 1.694465e-01 2.023255e-01 2.543725e-01 1.346676e-01 
27 811 3.127373e-01 0 0 2.272766e-01 2.186914e-01 2.552983e-01 1.602068e-01 1.179724e-01 1.572016e-01 1.786655e-01 2.256160e-01 1.199608e-01 
28 841 2.792939e-01 0 0 1.955117e-01 1.938272e-01 2.244473e-01 1.360091e-01 1.033427e-01 1.366005e-01 1.535721e-01 1.982041e-01 1.072738e-01 
29 871 2.485108e-01 0 0 1.700716e-01 1.718141e-01 1.968093e-01 1.215701e-01 8.862861e-02 1.208691e-01 1.393153e-01 1.753319e-01 9.226879e-02 
30 901 2.567528e-01 0 0 1.757777e-01 1.803624e-01 2.015380e-01 1.283316e-01 8.902297e-02 1.301345e-01 1.383231e-01 1.752773e-01 9.492449e-02 
31 931 2.699169e-01 0 0 1.813783e-01 1.883165e-01 2.162573e-01 1.370666e-01 9.032912e-02 1.332047e-01 1.556069e-01 2.096833e-01 9.946467e-02 
32 961 2.463925e-01 0 0 1.608401e-01 1.657439e-01 1.912130e-01 1.230518e-01 8.022559e-02 1.209757e-01 1.390432e-01 1.896996e-01 8.918163e-02 
33 991 2.235925e-01 0 0 1.457172e-01 1.538961e-01 1.694306e-01 1.079280e-01 7.266466e-02 1.108239e-01 1.255667e-01 1.770412e-01 7.901389e-02 
34 1021 2.268615e-01 0 0 1.441595e-01 1.581132e-01 1.653862e-01 1.053398e-01 7.305462e-02 1.110396e-01 1.223964e-01 1.777114e-01 8.009487e-02 
35 1051 2.029108e-01 0 0 1.244495e-01 1.363019e-01 1.456461e-01 9.252131e-02 6.375604e-02 9.761384e-02 1.088393e-01 1.559672e-01 7.248044e-02 
36 1081 2.025572e-01 0 0 1.207867e-01 1.400135e-01 1.404911e-01 9.109074e-02 6.220214e-02 1.018263e-01 1.071783e-01 1.549635e-01 7.212608e-02 
37 1111 2.144159e-01 0 0 1.331290e-01 1.522971e-01 1.476450e-01 9.730106e-02 6.782255e-02 1.048234e-01 1.114137e-01 1.616415e-01 7.449263e-02 
38 1141 2.102188e-01 0 0 1.293905e-01 1.570397e-01 1.455277e-01 9.262348e-02 6.628176e-02 1.009261e-01 1.123911e-01 1.612213e-01 7.170811e-02 
39 1171 1.968208e-01 0 0 1.190797e-01 1.477076e-01 1.322935e-01 8.674438e-02 6.078799e-02 9.431529e-02 1.032388e-01 1.483717e-01 6.644860e-02 
40 1201 1.706542e-01 0 0 1.016553e-01 1.238559e-01 1.114085e-01 7.515672e-02 5.086662e-02 8.039620e-02 8.580353e-02 1.229907e-01 5.608288e-02 
41 1231 1.574149e-01 0 0 9.159620e-02 1.115462e-01 1.047711e-01 6.976352e-02 4.638140e-02 7.775360e-02 8.005067e-02 1.128664e-01 5.007763e-02 
42 1261 1.476136e-01 0 0 8.350803e-02 1.078461e-01 9.566591e-02 6.640102e-02 4.239262e-02 7.178766e-02 7.383420e-02 1.024453e-01 4.502433e-02 
43 1291 1.722493e-01 0 0 9.702120e-02 1.232861e-01 1.163898e-01 8.236437e-02 4.837520e-02 8.052301e-02 9.228002e-02 1.226715e-01 5.347418e-02 
44 1321 1.880197e-01 0 0 1.041766e-01 1.311203e-01 1.268860e-01 9.253206e-02 5.378031e-02 8.640360e-02 1.020117e-01 1.312683e-01 5.766327e-02 
45 1351 2.270202e-01 0 0 1.238360e-01 1.631267e-01 1.486216e-01 1.129195e-01 6.368134e-02 1.088749e-01 1.213396e-01 1.527519e-01 6.855617e-02 
46 1381 2.536271e-01 0 0 1.361533e-01 1.869101e-01 1.631089e-01 1.267711e-01 7.266955e-02 1.223580e-01 1.406916e-01 1.708428e-01 7.433804e-02 
47 1411 2.402289e-01 0 0 1.227563e-01 1.841792e-01 1.551885e-01 1.171081e-01 6.759021e-02 1.132577e-01 1.322886e-01 1.587125e-01 7.239036e-02 
48 1441 2.328500e-01 0 0 1.180823e-01 1.746847e-01 1.475149e-01 1.087283e-01 6.378765e-02 1.060333e-01 1.228061e-01 1.454638e-01 6.974213e-02 
49 1471 2.334839e-01 0 0 1.202566e-01 1.791211e-01 1.502897e-01 1.049644e-01 6.122034e-02 1.031573e-01 1.206671e-01 1.451996e-01 6.782327e-02 
50 1501 2.477546e-01 0 0 1.269117e-01 1.951907e-01 1.565330e-01 1.073266e-01 6.424848e-02 1.091333e-01 1.220303e-01 1.469124e-01 7.126281e-02 
51 1531 2.528989e-01 0 0 1.353396e-01 1.957228e-01 1.547050e-01 1.103512e-01 6.623681e-02 1.084662e-01 1.224601e-01 1.458768e-01 7.354702e-02 
52 1561 2.609904e-01 0 0 1.427996e-01 1.944662e-01 1.538764e-01 1.098161e-01 6.884213e-02 1.124216e-01 1.200660e-01 1.451531e-01 7.552350e-02 
53 1591 2.562278e-01 0 0 1.384929e-01 1.866620e-01 1.504721e-01 1.088582e-01 6.697760e-02 1.073354e-01 1.194777e-01 1.437599e-01 7.284079e-02 
54 1621 2.508181e-01 0 0 1.349708e-01 1.787551e-01 1.477669e-01 1.035960e-01 6.314055e-02 1.024736e-01 1.137783e-01 1.369450e-01 7.265692e-02 
55 1651 2.401935e-01 0 0 1.318251e-01 1.765602e-01 1.378671e-01 9.559890e-02 5.921642e-02 9.657316e-02 1.054577e-01 1.274793e-01 7.123071e-02 
56 1681 2.624169e-01 0 0 1.410293e-01 1.922501e-01 1.467212e-01 1.015115e-01 6.150339e-02 1.081534e-01 1.095758e-01 1.331250e-01 7.473780e-02 
57 1711 2.532086e-01 0 0 1.319506e-01 1.790080e-01 1.427444e-01 9.454376e-02 5.833607e-02 1.066235e-01 1.018035e-01 1.233992e-01 6.980611e-02 
58 1741 2.484687e-01 0 0 1.277243e-01 1.712231e-01 1.381724e-01 9.459828e-02 5.660973e-02 1.037595e-01 9.812881e-02 1.171598e-01 6.509381e-02 
59 1771 2.293902e-01 0 0 1.194686e-01 1.550260e-01 1.265152e-01 8.460478e-02 5.324396e-02 9.126710e-02 8.690685e-02 1.029296e-01 5.763762e-02 
60 1801 2.146061e-01 0 0 1.103694e-01 1.402415e-01 1.137366e-01 7.726436e-02 4.761922e-02 8.105246e-02 7.835749e-02 9.200580e-02 5.281464e-02 
61 1831 2.250334e-01 0 0 1.261148e-01 1.478494e-01 1.156268e-01 7.690290e-02 5.107942e-02 8.295413e-02 7.887011e-02 9.403122e-02 5.765572e-02 
62 1861 2.136955e-01 0 0 1.171730e-01 1.461563e-01 1.066852e-01 7.240166e-02 4.977685e-02 7.822995e-02 7.200346e-02 8.513636e-02 5.480725e-02 
63 1891 2.473426e-01 0 0 1.409603e-01 1.750803e-01 1.190231e-01 7.981940e-02 5.709736e-02 9.766352e-02 7.956263e-02 9.437603e-02 6.463763e-02 
64 1921 2.897689e-01 0 0 1.613934e-01 2.115564e-01 1.374133e-01 8.959639e-02 6.607374e-02 1.177682e-01 8.953839e-02 1.062120e-01 7.362226e-02 
65 1951 3.141002e-01 0 0 1.723519e-01 2.415657e-01 1.449600e-01 9.315938e-02 7.170004e-02 1.253580e-01 9.384129e-02 1.118405e-01 7.833074e-02 
66 1981 2.908621e-01 0 0 1.542611e-01 2.243084e-01 1.289615e-01 8.345246e-02 6.664823e-02 1.180986e-01 8.337952e-02 1.006409e-01 7.136702e-02 
67 2011 2.753470e-01 0 0 1.461133e-01 2.137859e-01 1.181444e-01 7.683669e-02 6.414987e-02 1.090182e-01 7.591388e-02 9.132738e-02 6.586162e-02 
68 2041 2.308578e-01 0 0 1.215666e-01 1.759462e-01 9.523135e-02 6.250576e-02 5.209054e-02 9.001819e-02 6.043545e-02 7.333696e-02 5.446646e-02 
69 2071 2.240862e-01 0 0 1.183052e-01 1.704875e-01 9.013262e-02 5.861318e-02 4.925697e-02 8.426238e-02 5.661436e-02 6.969096e-02 5.303748e-02 
70 2101 2.189931e-01 0 0 1.124591e-01 1.652028e-01 8.603618e-02 5.581247e-02 4.919991e-02 8.092638e-02 5.210592e-02 6.481774e-02 5.161253e-02 
71 2131 2.090481e-01 0 0 1.046573e-01 1.583511e-01 8.059244e-02 5.232162e-02 4.728928e-02 8.108332e-02 4.738010e-02 5.918781e-02 4.856463e-02 
72 2161 1.931100e-01 0 0 9.614933e-02 1.433982e-01 7.224498e-02 4.646184e-02 4.184339e-02 7.456629e-02 4.269154e-02 5.403318e-02 4.468502e-02 
73 2191 2.052323e-01 0 0 1.020183e-01 1.494146e-01 7.639876e-02 5.393003e-02 4.469978e-02 7.763514e-02 4.454254e-02 5.553978e-02 4.838080e-02 
74 2221 1.998313e-01 0 0 1.002162e-01 1.455869e-01 7.346847e-02 5.151372e-02 4.186622e-02 7.449211e-02 4.157356e-02 5.175003e-02 4.647263e-02 
75 2251 1.738381e-01 0 0 8.967776e-02 1.239707e-01 6.223132e-02 4.326105e-02 3.711177e-02 6.545569e-02 3.426191e-02 4.293315e-02 3.998349e-02 
76 2281 1.484938e-01 0 0 7.375309e-02 1.035042e-01 5.153148e-02 3.611214e-02 3.050144e-02 5.325755e-02 2.779530e-02 3.470274e-02 3.267048e-02 
77 2311 1.631289e-01 0 0 9.500611e-02 1.125905e-01 5.638453e-02 3.807406e-02 3.295853e-02 5.886580e-02 2.963772e-02 3.687659e-02 3.679325e-02 
78 2341 1.537327e-01 0 0 8.939911e-02 1.024667e-01 5.354724e-02 3.457394e-02 3.014776e-02 5.337192e-02 2.690150e-02 3.359375e-02 3.429490e-02 
79 2371 1.551304e-01 0 0 9.810598e-02 1.030492e-01 5.273168e-02 3.332886e-02 3.080120e-02 5.294402e-02 2.623071e-02 3.236641e-02 3.466797e-02 
80 2401 1.487190e-01 0 0 9.805333e-02 1.013948e-01 5.158418e-02 3.082622e-02 2.850105e-02 5.057574e-02 2.436107e-02 2.977163e-02 3.369208e-02 
81 2431 1.436930e-01 0 0 9.683865e-02 1.028045e-01 4.931955e-02 2.876121e-02 2.728899e-02 4.833224e-02 2.287007e-02 2.884702e-02 3.462700e-02 
82 2461 1.582581e-01 0 0 1.059378e-01 1.232436e-01 5.486736e-02 3.055917e-02 2.927770e-02 5.158775e-02 2.389451e-02 3.134328e-02 3.676283e-02 
83 2491 1.610882e-01 0 0 1.041028e-01 1.252902e-01 5.684898e-02 2.997853e-02 3.170650e-02 5.122570e-02 2.327662e-02 3.072809e-02 3.638983e-02 
84 2521 1.582257e-01 0 0 1.013436e-01 1.259734e-01 5.661661e-02 3.049778e-02 3.019766e-02 4.979410e-02 2.207380e-02 2.945336e-02 3.551016e-02 
85 2551 1.476931e-01 0 0 1.007147e-01 1.207648e-01 5.452075e-02 2.771206e-02 2.780094e-02 4.611997e-02 1.969986e-02 2.693314e-02 3.289938e-02 
86 2581 1.400613e-01 0 0 9.648175e-02 1.150233e-01 5.048781e-02 2.602240e-02 2.552957e-02 4.243417e-02 1.783954e-02 2.508684e-02 3.078722e-02 
87 2611 1.414060e-01 0 0 1.001383e-01 1.131156e-01 5.053321e-02 2.658701e-02 2.547128e-02 4.308256e-02 1.708826e-02 2.410284e-02 3.068069e-02 
88 2641 1.489857e-01 0 0 1.035677e-01 1.175285e-01 5.158238e-02 2.746385e-02 2.660922e-02 4.410530e-02 1.716654e-02 2.455543e-02 3.556912e-02 
89 2671 1.520214e-01 0 0 1.034971e-01 1.314529e-01 5.261557e-02 2.746856e-02 2.613176e-02 4.474200e-02 1.698054e-02 2.516178e-02 3.517486e-02 
90 2701 1.390249e-01 0 0 9.299724e-02 1.204299e-01 5.121171e-02 2.487030e-02 2.360761e-02 4.003048e-02 1.495337e-02 2.209370e-02 3.160734e-02 
91 2731 1.178590e-01 0 0 7.772876e-02 9.754766e-02 4.221228e-02 2.006592e-02 1.961320e-02 3.238483e-02 1.206269e-02 1.781006e-02 2.816104e-02 
92 2761 1.191022e-01 0 0 7.892531e-02 1.005236e-01 4.254130e-02 1.950218e-02 1.933557e-02 3.242806e-02 1.184856e-02 1.763051e-02 2.830100e-02 
93 2791 1.191442e-01 0 0 7.798022e-02 1.003105e-01 4.060588e-02 1.894795e-02 1.943648e-02 3.170461e-02 1.141597e-02 1.716598e-02 2.894981e-02 
94 2821 1.167238e-01 0 0 7.338818e-02 9.373836e-02 3.950648e-02 1.872711e-02 1.853095e-02 3.056413e-02 1.072524e-02 1.638583e-02 2.845266e-02 
95 2851 1.160149e-01 0 0 7.031928e-02 9.734205e-02 3.822335e-02 1.831924e-02 1.870080e-02 3.025986e-02 1.013756e-02 1.570070e-02 2.972585e-02 
96 2881 1.189295e-01 0 0 7.204955e-02 9.950439e-02 3.889899e-02 1.833525e-02 1.832910e-02 2.980036e-02 1.002695e-02 1.592350e-02 3.382607e-02 
97 2911 1.177846e-01 0 0 6.811765e-02 9.385768e-02 3.809928e-02 1.779768e-02 1.793441e-02 2.859235e-02 9.349850e-03 1.526451e-02 3.334099e-02 
98 2941 1.267085e-01 0 0 7.216364e-02 9.989803e-02 4.011341e-02 1.872424e-02 1.940793e-02 3.034470e-02 9.636331e-03 1.623096e-02 3.617397e-02 
99 2971 1.213535e-01 0 0 6.658326e-02 9.356108e-02 3.811097e-02 1.744252e-02 1.811678e-02 2.899177e-02 8.780611e-03 1.509336e-02 3.463007e-02 
100 3001 1.177796e-01 0 0 6.522301e-02 9.400149e-02 3.593249e-02 1.655094e-02 1.759945e-02 2.935282e-02 8.097998e-03 1.412470e-02 3.265474e-02 
101 3031 1.077559e-01 0 0 5.850533e-02 8.504781e-02 3.179821e-02 1.565803e-02 1.609231e-02 2.726680e-02 7.096856e-03 1.254423e-02 3.023429e-02 
102 3061 9.783368e-02 0 0 5.235222e-02 7.579588e-02 2.816354e-02 1.403364e-02 1.443529e-02 2.407130e-02 6.124625e-03 1.089255e-02 2.788681e-02 
103 3091 9.237711e-02 0 0 4.905418e-02 6.976253e-02 2.599284e-02 1.301928e-02 1.373919e-02 2.254393e-02 5.463533e-03 9.866131e-03 2.640275e-02 
104 3121 8.563348e-02 0 0 4.411421e-02 6.325657e-02 2.353238e-02 1.250080e-02 1.225603e-02 2.061159e-02 4.843572e-03 8.798842e-03 2.390443e-02 
105 3151 7.712883e-02 0 0 3.899608e-02 5.553387e-02 2.083557e-02 1.102859e-02 1.083240e-02 1.821399e-02 4.143454e-03 7.717136e-03 2.095223e-02 
106 3181 7.362540e-02 0 0 3.716983e-02 5.340518e-02 1.994609e-02 1.042465e-02 9.882304e-03 1.684687e-02 3.770835e-03 7.163520e-03 1.995605e-02 
107 3211 7.744823e-02 0 0 3.780838e-02 5.545306e-02 2.108737e-02 1.070925e-02 1.013109e-02 1.808897e-02 3.773554e-03 7.246667e-03 2.017957e-02 
108 3241 6.591330e-02 0 0 3.131393e-02 4.648652e-02 1.738627e-02 8.863666e-03 9.195910e-03 1.518251e-02 3.053283e-03 5.910822e-03 1.719469e-02 
109 3271 6.302179e-02 0 0 2.961839e-02 4.346120e-02 1.642816e-02 8.505405e-03 8.982767e-03 1.461088e-02 2.808030e-03 5.421192e-03 1.643271e-02 
110 3301 6.492789e-02 0 0 3.014057e-02 4.491092e-02 1.687552e-02 9.538054e-03 9.423703e-03 1.552752e-02 2.753337e-03 5.361104e-03 1.700586e-02 
111 3331 6.001598e-02 0 0 2.668215e-02 4.075580e-02 1.545862e-02 8.637320e-03 8.616311e-03 1.439402e-02 2.405072e-03 4.789373e-03 1.590322e-02 
112 3361 5.604964e-02 0 0 2.423006e-02 3.658823e-02 1.554168e-02 8.117113e-03 8.103549e-03 1.329129e-02 2.154070e-03 4.356998e-03 1.463879e-02 
113 3391 5.927013e-02 0 0 2.453592e-02 3.887070e-02 1.664655e-02 8.934216e-03 8.584829e-03 1.451726e-02 2.162423e-03 4.565084e-03 1.516833e-02 
114 3421 6.657287e-02 0 0 2.894747e-02 4.369140e-02 1.920100e-02 9.874219e-03 9.461989e-03 1.686722e-02 2.327042e-03 4.955487e-03 1.907695e-02 
115 3451 6.585689e-02 0 0 2.784903e-02 4.251556e-02 1.884573e-02 9.745130e-03 9.012343e-03 1.730428e-02 2.209990e-03 4.699697e-03 1.928160e-02 
116 3481 6.494576e-02 0 0 2.746063e-02 4.293512e-02 1.785894e-02 9.648221e-03 9.440461e-03 1.726851e-02 2.087112e-03 4.750580e-03 1.866927e-02 
117 3511 5.662351e-02 0 0 2.352466e-02 3.794742e-02 1.561368e-02 8.253093e-03 7.876502e-03 1.515314e-02 1.738051e-03 4.064614e-03 1.630086e-02 
118 3541 5.342184e-02 0 0 2.179605e-02 3.706472e-02 1.484875e-02 7.952058e-03 7.208205e-03 1.423883e-02 1.550928e-03 3.781538e-03 1.563178e-02 
119 3571 5.013946e-02 0 0 1.985511e-02 3.316899e-02 1.378932e-02 7.494126e-03 6.555452e-03 1.298265e-02 1.376497e-03 3.457948e-03 1.405320e-02 
120 3601 4.558318e-02 0 0 1.840234e-02 2.901503e-02 1.265292e-02 6.669503e-03 6.279643e-03 1.135037e-02 1.189160e-03 3.100686e-03 1.297581e-02 
121 3631 4.040977e-02 0 0 1.656843e-02 2.493035e-02 1.128982e-02 5.848587e-03 5.920250e-03 9.774933e-03 9.957002e-04 2.640717e-03 1.109533e-02 
122 3661 4.071636e-02 0 0 1.710931e-02 2.521856e-02 1.156455e-02 5.793572e-03 6.017803e-03 1.002173e-02 9.691886e-04 2.591889e-03 1.090846e-02 
123 3691 3.850170e-02 0 0 1.581834e-02 2.354297e-02 1.118731e-02 5.466680e-03 5.728134e-03 9.659055e-03 8.859564e-04 2.342439e-03 9.918148e-03 
124 3721 3.760359e-02 0 0 1.495207e-02 2.374729e-02 1.103799e-02 5.304079e-03 5.380523e-03 8.981360e-03 8.331792e-04 2.254083e-03 1.002545e-02 
125 3751 3.746897e-02 0 0 1.433918e-02 2.381477e-02 1.105181e-02 5.246595e-03 5.260150e-03 8.683325e-03 7.942429e-04 2.233722e-03 9.758131e-03 
126 3781 3.719847e-02 0 0 1.467338e-02 2.436193e-02 1.093983e-02 5.197004e-03 5.188285e-03 8.512209e-03 7.510604e-04 2.206358e-03 9.496290e-03 
127 3811 3.522076e-02 0 0 1.372995e-02 2.380212e-02 1.029615e-02 5.074750e-03 4.745013e-03 8.458699e-03 6.875393e-04 2.087756e-03 9.143893e-03 
128 3841 2.994311e-02 0 0 1.203282e-02 2.056824e-02 8.722758e-03 4.170936e-03 3.893582e-03 7.662491e-03 5.590553e-04 1.768559e-03 7.624756e-03 
129 3871 2.815495e-02 0 0 1.094970e-02 1.949532e-02 8.076956e-03 3.908330e-03 3.762812e-03 6.975918e-03 5.009972e-04 1.632341e-03 7.153446e-03 
130 3901 2.616283e-02 0 0 9.773464e-03 1.820958e-02 7.272080e-03 3.492264e-03 3.443478e-03 6.454787e-03 4.414671e-04 1.480016e-03 6.468257e-03 
131 3931 2.777814e-02 0 0 1.015347e-02 2.028028e-02 7.659925e-03 3.673730e-03 3.471864e-03 7.481724e-03 4.500693e-04 1.538612e-03 6.676710e-03 
132 3961 3.300703e-02 0 0 1.162139e-02 2.355918e-02 9.253405e-03 4.216431e-03 4.016995e-03 9.610832e-03 5.159631e-04 1.743035e-03 7.984456e-03 
133 3991 3.041334e-02 0 0 1.060733e-02 2.212454e-02 8.206041e-03 3.784540e-03 3.668148e-03 8.966898e-03 4.524418e-04 1.602956e-03 7.569649e-03 
134 4021 3.100944e-02 0 0 1.046167e-02 2.162321e-02 8.792084e-03 3.911320e-03 3.730571e-03 9.085805e-03 4.360329e-04 1.586508e-03 7.613604e-03 
135 4051 2.659671e-02 0 0 8.731126e-03 1.798568e-02 7.659060e-03 3.392043e-03 3.126592e-03 7.625541e-03 3.598048e-04 1.292569e-03 6.269429e-03 
136 4081 2.516879e-02 0 0 8.087521e-03 1.667792e-02 7.271116e-03 3.116275e-03 2.887117e-03 7.147290e-03 3.289395e-04 1.233656e-03 5.845431e-03 
137 4111 2.299479e-02 0 0 7.435538e-03 1.537777e-02 7.093288e-03 2.891797e-03 2.634715e-03 6.265562e-03 2.945192e-04 1.122602e-03 5.346128e-03 
138 4141 2.173439e-02 0 0 7.341014e-03 1.521373e-02 6.688576e-03 2.771184e-03 2.416904e-03 5.777502e-03 2.664233e-04 1.052851e-03 5.153136e-03 
139 4171 2.176090e-02 0 0 7.355172e-03 1.547595e-02 6.545777e-03 2.756361e-03 2.340988e-03 5.840060e-03 2.591546e-04 1.112157e-03 5.290289e-03 
140 4201 2.314367e-02 0 0 8.156557e-03 1.745221e-02 7.199492e-03 2.880833e-03 2.489417e-03 6.025858e-03 2.683762e-04 1.196338e-03 6.272664e-03 
141 4231 2.203397e-02 0 0 7.499424e-03 1.663927e-02 6.763211e-03 2.731025e-03 2.488736e-03 5.587110e-03 2.507825e-04 1.108784e-03 6.192063e-03 
142 4261 2.498664e-02 0 0 8.731021e-03 1.880990e-02 7.416198e-03 3.122088e-03 2.868512e-03 6.134938e-03 2.752684e-04 1.261777e-03 6.888934e-03 
143 4291 2.285286e-02 0 0 7.792510e-03 1.732880e-02 6.667488e-03 3.030796e-03 2.642941e-03 5.464076e-03 2.517890e-04 1.142576e-03 6.279875e-03 
144 4321 2.046280e-02 0 0 6.905265e-03 1.533451e-02 5.795215e-03 2.638886e-03 2.417103e-03 4.703047e-03 2.218448e-04 1.026418e-03 5.771356e-03 
145 4351 1.777954e-02 0 0 6.119531e-03 1.292057e-02 4.918738e-03 2.264666e-03 2.076909e-03 3.911675e-03 1.836122e-04 8.593502e-04 4.921763e-03 
146 4381 1.572522e-02 0 0 5.352126e-03 1.140781e-02 4.292308e-03 2.012194e-03 1.808404e-03 3.299499e-03 1.605651e-04 7.713663e-04 4.488557e-03 
147 4411 1.465771e-02 0 0 5.080755e-03 1.037304e-02 3.895459e-03 1.793603e-03 1.776833e-03 3.071138e-03 1.482740e-04 7.123383e-04 4.274082e-03 
148 4441 1.509514e-02 0 0 5.165578e-03 1.036134e-02 3.846725e-03 1.864133e-03 1.852082e-03 3.060364e-03 1.602818e-04 7.111864e-04 4.301330e-03 
149 4471 1.380417e-02 0 0 4.625886e-03 9.262382e-03 3.523836e-03 1.669153e-03 1.685475e-03 2.751232e-03 1.459369e-04 6.409732e-04 3.931302e-03 
150 4501 1.371915e-02 0 0 4.805808e-03 9.408259e-03 3.490851e-03 1.680066e-03 1.675585e-03 2.779220e-03 1.379955e-04 6.461381e-04 3.886112e-03 
151 4531 1.246297e-02 0 0 4.425600e-03 8.639511e-03 3.071506e-03 1.585768e-03 1.539113e-03 2.512291e-03 1.217742e-04 5.971553e-04 3.512801e-03 
152 4561 1.174026e-02 0 0 4.137879e-03 7.832694e-03 2.824608e-03 1.488176e-03 1.435662e-03 2.275693e-03 1.118984e-04 5.541770e-04 3.199866e-03 
153 4591 1.024959e-02 0 0 3.549676e-03 6.601921e-03 2.438315e-03 1.268009e-03 1.245756e-03 1.969081e-03 9.804109e-05 4.769782e-04 2.728076e-03 
154 4621 9.866050e-03 0 0 3.350362e-03 6.245689e-03 2.320104e-03 1.191809e-03 1.194705e-03 1.858962e-03 9.280387e-05 4.609044e-04 2.585668e-03 
155 4651 8.265774e-03 0 0 2.945114e-03 5.326974e-03 1.860963e-03 9.662671e-04 9.956069e-04 1.605597e-03 7.631788e-05 3.868839e-04 2.168997e-03 
156 4681 8.314568e-03 0 0 2.865471e-03 5.241304e-03 1.814758e-03 9.757672e-04 9.971995e-04 1.556264e-03 7.554493e-05 3.942013e-04 2.093590e-03 
157 4711 8.091266e-03 0 0 2.737652e-03 5.004732e-03 1.806074e-03 9.524509e-04 9.766841e-04 1.493719e-03 7.334016e-05 3.691227e-04 2.050450e-03 
158 4741 7.518369e-03 0 0 2.689668e-03 4.553102e-03 1.672847e-03 8.932046e-04 9.063486e-04 1.384744e-03 6.980006e-05 3.333588e-04 1.874624e-03 
159 4771 8.069275e-03 0 0 2.772074e-03 5.077216e-03 1.788801e-03 1.050028e-03 9.507171e-04 1.491601e-03 7.369773e-05 3.857258e-04 2.071139e-03 
160 4801 7.686923e-03 0 0 2.642384e-03 4.617591e-03 1.755395e-03 9.907529e-04 8.688125e-04 1.382880e-03 7.062025e-05 3.578817e-04 1.895463e-03 
161 4831 7.164438e-03 0 0 2.493403e-03 4.309600e-03 1.627343e-03 8.949284e-04 7.988678e-04 1.347018e-03 6.538560e-05 3.399976e-04 1.702478e-03 
162 4861 6.983616e-03 0 0 2.497761e-03 4.083922e-03 1.686304e-03 8.448014e-04 8.079283e-04 1.285356e-03 6.256141e-05 3.407353e-04 1.643509e-03 
163 4891 7.420025e-03 0 0 2.589276e-03 4.436344e-03 1.974039e-03 9.138379e-04 8.607494e-04 1.449662e-03 6.421307e-05 3.529335e-04 1.802543e-03 
164 4921 7.236219e-03 0 0 2.455998e-03 4.248561e-03 1.979592e-03 8.980431e-04 8.382601e-04 1.403767e-03 6.239958e-05 3.451975e-04 1.726140e-03 
165 4951 7.245614e-03 0 0 2.404750e-03 4.136706e-03 1.999013e-03 9.150059e-04 8.073269e-04 1.368373e-03 6.269437e-05 3.430173e-04 1.694184e-03 
166 4981 6.146953e-03 0 0 2.075647e-03 3.614556e-03 1.622596e-03 7.555473e-04 6.952490e-04 1.168626e-03 5.259251e-05 2.828613e-04 1.401605e-03 
167 5011 5.897017e-03 0 0 1.920568e-03 3.439439e-03 1.645185e-03 7.031554e-04 6.683200e-04 1.157860e-03 4.948933e-05 2.640248e-04 1.389962e-03 
168 5041 5.463754e-03 0 0 1.794533e-03 3.329494e-03 1.508335e-03 6.218338e-04 6.063099e-04 1.094290e-03 4.444206e-05 2.393400e-04 1.279465e-03 
169 5071 5.721522e-03 0 0 1.821410e-03 3.603040e-03 1.575218e-03 6.825325e-04 6.497892e-04 1.143060e-03 4.487815e-05 2.573664e-04 1.358556e-03 
170 5101 5.647696e-03 0 0 1.828581e-03 3.503835e-03 1.522536e-03 6.528507e-04 6.638161e-04 1.090419e-03 4.585304e-05 2.537138e-04 1.327505e-03 
171 5131 4.944242e-03 0 0 1.627589e-03 3.064150e-03 1.306367e-03 5.759603e-04 5.721795e-04 9.334801e-04 3.898648e-05 2.180616e-04 1.176502e-03 
172 5161 4.557792e-03 0 0 1.517551e-03 2.836182e-03 1.204492e-03 5.636621e-04 5.280418e-04 8.625458e-04 3.551954e-05 2.047481e-04 1.063889e-03 
173 5191 4.091589e-03 0 0 1.309097e-03 2.438263e-03 1.032904e-03 4.856445e-04 4.584272e-04 7.388400e-04 3.069304e-05 1.780981e-04 9.223380e-04 
174 5221 4.435711e-03 0 0 1.445923e-03 2.558283e-03 1.103832e-03 5.201224e-04 4.912443e-04 7.842932e-04 3.257368e-05 1.849295e-04 9.805736e-04 
175 5251 4.616362e-03 0 0 1.517758e-03 2.565240e-03 1.131023e-03 5.446530e-04 5.153195e-04 7.889243e-04 3.313736e-05 1.861916e-04 1.026212e-03 
176 5281 5.504189e-03 0 0 1.874206e-03 3.352881e-03 1.390859e-03 6.540424e-04 6.446828e-04 9.526051e-04 3.881279e-05 2.264523e-04 1.351884e-03 
177 5311 5.421939e-03 0 0 1.852272e-03 3.286971e-03 1.500859e-03 6.448163e-04 6.223551e-04 9.184783e-04 3.917937e-05 2.174852e-04 1.430363e-03 
178 5341 5.843169e-03 0 0 2.006876e-03 3.440080e-03 1.638747e-03 7.150344e-04 6.612920e-04 9.751564e-04 4.213859e-05 2.369401e-04 1.483291e-03 
179 5371 6.107962e-03 0 0 2.094606e-03 3.514547e-03 1.648744e-03 7.235080e-04 6.708031e-04 1.000642e-03 4.283961e-05 2.357406e-04 1.500612e-03 
180 5401 5.624369e-03 0 0 1.940151e-03 3.272051e-03 1.486522e-03 6.462317e-04 5.943450e-04 9.107159e-04 4.005894e-05 2.243535e-04 1.383919e-03 
181 5431 5.267778e-03 0 0 1.767268e-03 3.087851e-03 1.418143e-03 6.053561e-04 5.603355e-04 8.621479e-04 3.619957e-05 2.092285e-04 1.331930e-03 
182 5461 5.680818e-03 0 0 1.939154e-03 3.422750e-03 1.609119e-03 6.814535e-04 6.341839e-04 9.033079e-04 3.795484e-05 2.271272e-04 1.612971e-03 
183 5491 5.823123e-03 0 0 2.030413e-03 3.382700e-03 1.600765e-03 7.036100e-04 6.633429e-04 8.770666e-04 3.846973e-05 2.253521e-04 1.616970e-03 
184 5521 5.792694e-03 0 0 2.010448e-03 3.340322e-03 1.561889e-03 6.906721e-04 6.453346e-04 8.870594e-04 3.678981e-05 2.179386e-04 1.575450e-03 
185 5551 5.055416e-03 0 0 1.782839e-03 2.813024e-03 1.308265e-03 5.920468e-04 5.452433e-04 7.667695e-04 3.254587e-05 1.854172e-04 1.316916e-03 
186 5581 5.234428e-03 0 0 1.813034e-03 2.931607e-03 1.340750e-03 5.995067e-04 5.661153e-04 7.727004e-04 3.391277e-05 1.941387e-04 1.383630e-03 
187 5611 4.869308e-03 0 0 1.633544e-03 2.737736e-03 1.347681e-03 5.962222e-04 5.212650e-04 7.460920e-04 3.093857e-05 1.847743e-04 1.342754e-03 
188 5641 4.833728e-03 0 0 1.593560e-03 2.653096e-03 1.336710e-03 5.983239e-04 5.209993e-04 7.253021e-04 3.004809e-05 1.791745e-04 1.356304e-03 
189 5671 4.832517e-03 0 0 1.584595e-03 2.642197e-03 1.392073e-03 6.093317e-04 5.334570e-04 7.660392e-04 3.047952e-05 1.800089e-04 1.345064e-03 
190 5701 4.489300e-03 0 0 1.446142e-03 2.367303e-03 1.316913e-03 5.557332e-04 4.964034e-04 6.894941e-04 2.908545e-05 1.649001e-04 1.256595e-03 
191 5731 4.771098e-03 0 0 1.553822e-03 2.536291e-03 1.386930e-03 5.773774e-04 5.194401e-04 6.963692e-04 3.238750e-05 1.738874e-04 1.321767e-03 
192 5761 4.741479e-03 0 0 1.582544e-03 2.618628e-03 1.425660e-03 5.661302e-04 5.220442e-04 6.610236e-04 3.336887e-05 1.679794e-04 1.409384e-03 
193 5791 4.304793e-03 0 0 1.439884e-03 2.382782e-03 1.288049e-03 4.936543e-04 4.840972e-04 5.859838e-04 2.908617e-05 1.502132e-04 1.287839e-03 
194 5821 4.607081e-03 0 0 1.528832e-03 2.666727e-03 1.314933e-03 5.044941e-04 5.139428e-04 6.039784e-04 3.044638e-05 1.587873e-04 1.423725e-03 
195 5851 5.541821e-03 0 0 1.813921e-03 3.498087e-03 1.551160e-03 6.396711e-04 6.972231e-04 7.629244e-04 4.125135e-05 1.923541e-04 1.775711e-03 
196 5881 5.057993e-03 0 0 1.578450e-03 3.168930e-03 1.347028e-03 5.660959e-04 6.540185e-04 6.849658e-04 3.744448e-05 1.712293e-04 1.600286e-03 
197 5911 4.641612e-03 0 0 1.404984e-03 2.845245e-03 1.219768e-03 5.175262e-04 6.070994e-04 6.428958e-04 3.474267e-05 1.540786e-04 1.441038e-03 
198 5941 4.284384e-03 0 0 1.275366e-03 2.583715e-03 1.102048e-03 4.966820e-04 5.386148e-04 6.049244e-04 3.097653e-05 1.424464e-04 1.283579e-03 
199 5971 4.306080e-03 0 0 1.268012e-03 2.546197e-03 1.104630e-03 5.053700e-04 5.249494e-04 5.900531e-04 3.178847e-05 1.426777e-04 1.260063e-03 
200 6001 4.677561e-03 0 0 1.327175e-03 2.716052e-03 1.265154e-03 5.440815e-04 5.751059e-04 6.484670e-04 3.359181e-05 1.520667e-04 1.377239e-03 
201 6031 5.601955e-03 0 0 1.602819e-03 3.152459e-03 1.610036e-03 6.622550e-04 7.002835e-04 8.034183e-04 3.887603e-05 1.805255e-04 1.640151e-03 
202 6061 5.789897e-03 0 0 1.615235e-03 3.239363e-03 1.607644e-03 6.566244e-04 7.087205e-04 8.497960e-04 3.911189e-05 1.839164e-04 1.650040e-03 
203 6091 6.011468e-03 0 0 1.745403e-03 3.359759e-03 1.673918e-03 6.870720e-04 7.250179e-04 8.650307e-04 3.951097e-05 1.875218e-04 1.715392e-03 
204 6121 6.521071e-03 0 0 1.970614e-03 3.571569e-03 1.847718e-03 7.173277e-04 7.729198e-04 9.306311e-04 4.371066e-05 2.012796e-04 1.873624e-03 
205 6151 6.970395e-03 0 0 2.202264e-03 3.742418e-03 1.898218e-03 7.672686e-04 8.471874e-04 9.887196e-04 4.615254e-05 2.151639e-04 1.925416e-03 
206 6181 6.166418e-03 0 0 2.002840e-03 3.303829e-03 1.634686e-03 6.689879e-04 7.364714e-04 8.635783e-04 3.929411e-05 1.880284e-04 1.684666e-03 
207 6211 5.541837e-03 0 0 1.801057e-03 2.865362e-03 1.471047e-03 5.980398e-04 6.545314e-04 7.572821e-04 3.577726e-05 1.625078e-04 1.461220e-03 
208 6241 5.978531e-03 0 0 1.901636e-03 3.422299e-03 1.532603e-03 6.477044e-04 6.887385e-04 8.625341e-04 4.100573e-05 1.863547e-04 1.609288e-03 
209 6271 5.693641e-03 0 0 1.806058e-03 3.209553e-03 1.392502e-03 6.127878e-04 6.335137e-04 8.006813e-04 3.900670e-05 1.791251e-04 1.473765e-03 
210 6301 5.324811e-03 0 0 1.672126e-03 2.908621e-03 1.286626e-03 5.671116e-04 5.717598e-04 7.208199e-04 3.551201e-05 1.626098e-04 1.347529e-03 
211 6331 4.795632e-03 0 0 1.453666e-03 2.561729e-03 1.130176e-03 5.012117e-04 5.001243e-04 6.322225e-04 3.238397e-05 1.443561e-04 1.186340e-03 
212 6361 4.712652e-03 0 0 1.363974e-03 2.465925e-03 1.117113e-03 4.809232e-04 4.872972e-04 6.098527e-04 3.081527e-05 1.406330e-04 1.171425e-03 
213 6391 4.750821e-03 0 0 1.360244e-03 2.478303e-03 1.161052e-03 4.834704e-04 4.856559e-04 6.495227e-04 3.078252e-05 1.449401e-04 1.180736e-03 
214 6421 4.498048e-03 0 0 1.257043e-03 2.310111e-03 1.173732e-03 4.928997e-04 4.471723e-04 6.451895e-04 2.806423e-05 1.414079e-04 1.095347e-03 
215 6451 4.179425e-03 0 0 1.150460e-03 2.241003e-03 1.101722e-03 4.709191e-04 3.994861e-04 6.243452e-04 2.529948e-05 1.338708e-04 9.908492e-04 
216 6481 3.917388e-03 0 0 1.028652e-03 2.125639e-03 1.003529e-03 4.312619e-04 3.711498e-04 5.705436e-04 2.442062e-05 1.238233e-04 8.971485e-04 
217 6511 3.970784e-03 0 0 1.060389e-03 2.077571e-03 1.078574e-03 4.439923e-04 3.851831e-04 5.674091e-04 2.448479e-05 1.246754e-04 9.183235e-04 
218 6541 4.059148e-03 0 0 1.078774e-03 2.097669e-03 1.053848e-03 4.371279e-04 3.903015e-04 5.650933e-04 2.473408e-05 1.227525e-04 9.141381e-04 
219 6571 4.190648e-03 0 0 1.120062e-03 2.182776e-03 1.052339e-03 4.347865e-04 3.922766e-04 5.815497e-04 2.607281e-05 1.279413e-04 9.378033e-04 
220 6601 4.192775e-03 0 0 1.093802e-03 2.125485e-03 1.050396e-03 4.246951e-04 3.860798e-04 5.761859e-04 2.727343e-05 1.272032e-04 9.145846e-04 
221 6631 4.286800e-03 0 0 1.087269e-03 2.261760e-03 1.030414e-03 4.259684e-04 3.910980e-04 5.829812e-04 2.924226e-05 1.357740e-04 9.518097e-04 
222 6661 4.345972e-03 0 0 1.112562e-03 2.286007e-03 1.081417e-03 4.547687e-04 4.122468e-04 6.109783e-04 2.876189e-05 1.462704e-04 9.618516e-04 
223 6691 4.022911e-03 0 0 1.020971e-03 2.063472e-03 9.587562e-04 4.042602e-04 3.861592e-04 5.467420e-04 2.591774e-05 1.309056e-04 8.881881e-04 
224 6721 3.937259e-03 0 0 1.015116e-03 2.035451e-03 9.353469e-04 3.946693e-04 3.807083e-04 5.435119e-04 2.489546e-05 1.300987e-04 9.028459e-04 
225 6751 4.421090e-03 0 0 1.146470e-03 2.269501e-03 1.037864e-03 4.775714e-04 4.399807e-04 6.075349e-04 2.828502e-05 1.436418e-04 1.012138e-03 
226 6781 4.574253e-03 0 0 1.191854e-03 2.372386e-03 1.103089e-03 5.095918e-04 4.699248e-04 6.293898e-04 2.823883e-05 1.546986e-04 1.062618e-03 
227 6811 4.891615e-03 0 0 1.273873e-03 2.503697e-03 1.159645e-03 5.408913e-04 5.182012e-04 6.613114e-04 2.898492e-05 1.651359e-04 1.137607e-03 
228 6841 4.837969e-03 0 0 1.264910e-03 2.402653e-03 1.133572e-03 5.494897e-04 5.277820e-04 6.281271e-04 2.768641e-05 1.608676e-04 1.120584e-03 
229 6871 5.035709e-03 0 0 1.345975e-03 2.465880e-03 1.145501e-03 5.622511e-04 5.898395e-04 6.484263e-04 3.036067e-05 1.702220e-04 1.148774e-03 
230 6901 4.692497e-03 0 0 1.357298e-03 2.270314e-03 1.132685e-03 5.531325e-04 5.341666e-04 6.103364e-04 2.836956e-05 1.583363e-04 1.070342e-03 
231 6931 4.603092e-03 0 0 1.290951e-03 2.281297e-03 1.078560e-03 5.340448e-04 5.122657e-04 6.214215e-04 2.756999e-05 1.580787e-04 1.024768e-03 
232 6961 4.672810e-03 0 0 1.330683e-03 2.297488e-03 1.164850e-03 5.545050e-04 5.173256e-04 6.281484e-04 2.793687e-05 1.591702e-04 1.046239e-03 
233 6991 4.294795e-03 0 0 1.195291e-03 2.226049e-03 1.040088e-03 5.012844e-04 4.501824e-04 5.750184e-04 2.579031e-05 1.479288e-04 9.590807e-04 
234 7021 4.613418e-03 0 0 1.241939e-03 2.306694e-03 1.075509e-03 5.137944e-04 5.182602e-04 5.962665e-04 2.911215e-05 1.549888e-04 1.076068e-03 
235 7051 4.673968e-03 0 0 1.271454e-03 2.391050e-03 1.047594e-03 5.163309e-04 5.155478e-04 5.870398e-04 2.910197e-05 1.582485e-04 1.115553e-03 
236 7081 4.695459e-03 0 0 1.264669e-03 2.442257e-03 1.046442e-03 5.182651e-04 5.230028e-04 5.770177e-04 2.860326e-05 1.573479e-04 1.125227e-03 
237 7111 4.670959e-03 0 0 1.225196e-03 2.401946e-03 1.036184e-03 4.989209e-04 5.431242e-04 5.567338e-04 2.782232e-05 1.581703e-04 1.129874e-03 
238 7141 4.507828e-03 0 0 1.177256e-03 2.309138e-03 9.870869e-04 4.685768e-04 5.154471e-04 5.223700e-04 2.685375e-05 1.500550e-04 1.086534e-03 
239 7171 4.507979e-03 0 0 1.140279e-03 2.251560e-03 9.653986e-04 4.534467e-04 5.075734e-04 5.299059e-04 2.806789e-05 1.480624e-04 1.056473e-03 
240 7201 5.080206e-03 0 0 1.260267e-03 2.634381e-03 1.098882e-03 5.168673e-04 5.901234e-04 5.923781e-04 3.126436e-05 1.729758e-04 1.240474e-03 
241 7231 5.382248e-03 0 0 1.302473e-03 2.804231e-03 1.158113e-03 5.606819e-04 6.487611e-04 6.177242e-04 3.326825e-05 1.882680e-04 1.299405e-03 
242 7261 5.299841e-03 0 0 1.255125e-03 2.698820e-03 1.111209e-03 5.457029e-04 6.143807e-04 6.047228e-04 3.338572e-05 1.840712e-04 1.232518e-03 
243 7291 5.000940e-03 0 0 1.180640e-03 2.528460e-03 1.034640e-03 5.192955e-04 5.699217e-04 5.744888e-04 3.151746e-05 1.698245e-04 1.150353e-03 
244 7321 4.936174e-03 0 0 1.133044e-03 2.390550e-03 1.057088e-03 5.010707e-04 5.716245e-04 5.616756e-04 3.113351e-05 1.613354e-04 1.147964e-03 
245 7351 4.853915e-03 0 0 1.089870e-03 2.289101e-03 1.091584e-03 5.052344e-04 5.554886e-04 5.857204e-04 3.051359e-05 1.573101e-04 1.122854e-03 
246 7381 4.718344e-03 0 0 1.028110e-03 2.145323e-03 1.034528e-03 4.815095e-04 5.346956e-04 5.713404e-04 2.982008e-05 1.461783e-04 1.056608e-03 
247 7411 4.431233e-03 0 0 9.402472e-04 2.005414e-03 9.280157e-04 4.305157e-04 4.884972e-04 5.202483e-04 2.816909e-05 1.327109e-04 9.693971e-04 
248 7441 3.934246e-03 0 0 8.222032e-04 1.779122e-03 7.960390e-04 3.773228e-04 4.311895e-04 4.675352e-04 2.552727e-05 1.142261e-04 8.583104e-04 
249 7471 4.008262e-03 0 0 8.362351e-04 1.931505e-03 8.526488e-04 4.048516e-04 4.284030e-04 4.844412e-04 2.660847e-05 1.240238e-04 8.808373e-04 
250 7501 3.889078e-03 0 0 7.884081e-04 1.794337e-03 8.011119e-04 3.755479e-04 4.051838e-04 4.490613e-04 2.628359e-05 1.145302e-04 8.174117e-04 
251 7531 3.452134e-03 0 0 6.674496e-04 1.601718e-03 6.994368e-04 3.268517e-04 3.548448e-04 3.964999e-04 2.285221e-05 1.016193e-04 7.158397e-04 
252 7561 3.690223e-03 0 0 7.354157e-04 1.763764e-03 7.744562e-04 3.735218e-04 3.759408e-04 4.392633e-04 2.492320e-05 1.121572e-04 7.493684e-04 
253 7591 4.103197e-03 0 0 8.196333e-04 1.883724e-03 8.606049e-04 4.107722e-04 4.247639e-04 4.661315e-04 2.781597e-05 1.214401e-04 8.430293e-04 
254 7621 4.663620e-03 0 0 9.159407e-04 2.276057e-03 1.015009e-03 4.994721e-04 4.726050e-04 5.319611e-04 3.250182e-05 1.502876e-04 9.316298e-04 
255 7651 4.095755e-03 0 0 7.850203e-04 2.060380e-03 8.691999e-04 4.310572e-04 4.078020e-04 4.561906e-04 2.961868e-05 1.318990e-04 8.264064e-04 
256 7681 3.973391e-03 0 0 7.708580e-04 1.984649e-03 8.526244e-04 4.253121e-04 4.039380e-04 4.627442e-04 2.902752e-05 1.259175e-04 8.065182e-04 
257 7711 3.435651e-03 0 0 6.816042e-04 1.770884e-03 7.265189e-04 3.778748e-04 3.373157e-04 4.120519e-04 2.484978e-05 1.106310e-04 6.753052e-04 
258 7741 3.372877e-03 0 0 6.721464e-04 1.781633e-03 6.931224e-04 3.714415e-04 3.346994e-04 4.277974e-04 2.452418e-05 1.063303e-04 6.632720e-04 
259 7771 3.369181e-03 0 0 6.573529e-04 1.761095e-03 7.164744e-04 3.765243e-04 3.655345e-04 4.269971e-04 2.532228e-05 1.065130e-04 6.581918e-04 
260 7801 3.500084e-03 0 0 6.679534e-04 1.774864e-03 7.168337e-04 3.843041e-04 4.028537e-04 4.381994e-04 2.630132e-05 1.081451e-04 7.133282e-04 
261 7831 3.435594e-03 0 0 6.502047e-04 1.770708e-03 6.825149e-04 3.856843e-04 3.971337e-04 4.367694e-04 2.503146e-05 1.086479e-04 6.883280e-04 
262 7861 3.222078e-03 0 0 5.813416e-04 1.676129e-03 6.463906e-04 3.663937e-04 3.860774e-04 4.188766e-04 2.339820e-05 1.037910e-04 6.267854e-04 
263 7891 3.088929e-03 0 0 5.446059e-04 1.540208e-03 6.013523e-04 3.441657e-04 3.828585e-04 3.868839e-04 2.218070e-05 9.628459e-05 6.035771e-04 
264 7921 2.925164e-03 0 0 5.135066e-04 1.400146e-03 5.962066e-04 3.329302e-04 3.625849e-04 3.619511e-04 2.190798e-05 8.828159e-05 5.698359e-04 
265 7951 3.151737e-03 0 0 5.412826e-04 1.474830e-03 6.636860e-04 3.522770e-04 4.083433e-04 3.822347e-04 2.321334e-05 9.457927e-05 6.290546e-04 
266 7981 3.321747e-03 0 0 5.628967e-04 1.502603e-03 6.681732e-04 3.692827e-04 4.393945e-04 3.883064e-04 2.415478e-05 1.012988e-04 6.537796e-04 
267 8011 3.685039e-03 0 0 6.250162e-04 1.672952e-03 7.435534e-04 3.986161e-04 4.683197e-04 4.353260e-04 2.586570e-05 1.103547e-04 7.349928e-04 
268 8041 4.039619e-03 0 0 6.870180e-04 1.828507e-03 7.925171e-04 4.215388e-04 5.034142e-04 4.605004e-04 2.717682e-05 1.195502e-04 8.195810e-04 
269 8071 4.090470e-03 0 0 6.812721e-04 1.866006e-03 7.838740e-04 4.263655e-04 5.218564e-04 4.573005e-04 2.718108e-05 1.221600e-04 8.314274e-04 
270 8101 4.150315e-03 0 0 7.099140e-04 1.889595e-03 7.884958e-04 4.390207e-04 5.188423e-04 4.574044e-04 2.885363e-05 1.223035e-04 8.337581e-04 
271 8131 4.206072e-03 0 0 6.900475e-04 1.879750e-03 7.823215e-04 4.406763e-04 5.136046e-04 4.476568e-04 2.791650e-05 1.232628e-04 8.268649e-04 
272 8161 3.820448e-03 0 0 6.213935e-04 1.683330e-03 6.915473e-04 3.920851e-04 4.588546e-04 3.987981e-04 2.454524e-05 1.125376e-04 7.341608e-04 
273 8191 3.278203e-03 0 0 5.254456e-04 1.486176e-03 5.969466e-04 3.372114e-04 3.848532e-04 3.414459e-04 2.088761e-05 9.544931e-05 6.301658e-04 
274 8221 2.945516e-03 0 0 4.640631e-04 1.304103e-03 5.545445e-04 2.975030e-04 3.423166e-04 3.077497e-04 1.894469e-05 8.203353e-05 5.573298e-04 
275 8251 2.670045e-03 0 0 4.613437e-04 1.136328e-03 5.144111e-04 2.751104e-04 3.207975e-04 2.750328e-04 1.669853e-05 7.264073e-05 5.292183e-04 
276 8281 2.512414e-03 0 0 4.468259e-04 1.040183e-03 4.728388e-04 2.553489e-04 3.064447e-04 2.466547e-04 1.551844e-05 6.718391e-05 5.042547e-04 
277 8311 2.743489e-03 0 0 5.119643e-04 1.353634e-03 5.116292e-04 2.985363e-04 3.420647e-04 2.898656e-04 1.686683e-05 8.632463e-05 5.480325e-04 
278 8341 3.178333e-03 0 0 6.202413e-04 1.752343e-03 5.785135e-04 3.451161e-04 3.877633e-04 3.332961e-04 1.954219e-05 1.074390e-04 6.455915e-04 
279 8371 3.262508e-03 0 0 6.198000e-04 1.800838e-03 5.803640e-04 3.577071e-04 3.996534e-04 3.321296e-04 1.930732e-05 1.122741e-04 6.462428e-04 
280 8401 2.855877e-03 0 0 5.507734e-04 1.613391e-03 4.905097e-04 3.093469e-04 3.490832e-04 2.794280e-04 1.617222e-05 1.003474e-04 5.819050e-04 
281 8431 2.600069e-03 0 0 5.314115e-04 1.461487e-03 4.336848e-04 2.783359e-04 3.261001e-04 2.506555e-04 1.447582e-05 9.148304e-05 5.495452e-04 
282 8461 2.443931e-03 0 0 5.004576e-04 1.458006e-03 4.093784e-04 2.662966e-04 3.055801e-04 2.445369e-04 1.359599e-05 8.946474e-05 5.156835e-04 
283 8491 2.287238e-03 0 0 4.559388e-04 1.351009e-03 3.988093e-04 2.464137e-04 2.843990e-04 2.316128e-04 1.296645e-05 8.330516e-05 4.751276e-04 
284 8521 2.105065e-03 0 0 4.512446e-04 1.312597e-03 3.612536e-04 2.341357e-04 2.588175e-04 2.179062e-04 1.163358e-05 8.394291e-05 4.257673e-04 
285 8551 1.991181e-03 0 0 4.721609e-04 1.303227e-03 3.377920e-04 2.170165e-04 2.702426e-04 2.020804e-04 1.054109e-05 8.663593e-05 4.077312e-04 
286 8581 1.732134e-03 0 0 4.023422e-04 1.117722e-03 2.949593e-04 1.892234e-04 2.272608e-04 1.786173e-04 9.114544e-06 7.465870e-05 3.430411e-04 
287 8611 1.635626e-03 0 0 3.639544e-04 1.009441e-03 2.756081e-04 1.746657e-04 2.157127e-04 1.672421e-04 8.516333e-06 6.804352e-05 3.200408e-04 
288 8641 1.466283e-03 0 0 3.140791e-04 8.622890e-04 2.395875e-04 1.499759e-04 1.930306e-04 1.472169e-04 7.349201e-06 5.818220e-05 2.830781e-04 
289 8671 1.467926e-03 0 0 3.071654e-04 8.628251e-04 2.338135e-04 1.512006e-04 1.961820e-04 1.461412e-04 7.475948e-06 5.951674e-05 2.721152e-04 
290 8701 1.507217e-03 0 0 3.123374e-04 8.824087e-04 2.417025e-04 1.552206e-04 2.009393e-04 1.506130e-04 7.555629e-06 6.032811e-05 2.817908e-04 
291 8731 1.468468e-03 0 0 3.083832e-04 8.798613e-04 2.381790e-04 1.562910e-04 1.988879e-04 1.467582e-04 7.087910e-06 6.057881e-05 2.766994e-04 
292 8761 1.388668e-03 0 0 2.835725e-04 8.403025e-04 2.256549e-04 1.473950e-04 1.864943e-04 1.407349e-04 6.560976e-06 5.734185e-05 2.658447e-04 
293 8791 1.394063e-03 0 0 2.856691e-04 8.720667e-04 2.235687e-04 1.450458e-04 1.866409e-04 1.394524e-04 6.447326e-06 5.777625e-05 2.787344e-04 
294 8821 1.320146e-03 0 0 2.588725e-04 8.354042e-04 2.096917e-04 1.405084e-04 1.708935e-04 1.395483e-04 5.959924e-06 5.449346e-05 2.597123e-04 
295 8851 1.240506e-03 0 0 2.446992e-04 7.579395e-04 1.985636e-04 1.275355e-04 1.588627e-04 1.274344e-04 5.556065e-06 4.951075e-05 2.393455e-04 
296 8881 1.281189e-03 0 0 2.488637e-04 7.814571e-04 2.073128e-04 1.293170e-04 1.636989e-04 1.352076e-04 5.821369e-06 5.066937e-05 2.472128e-04 
297 8911 1.252389e-03 0 0 2.461585e-04 7.553690e-04 1.999538e-04 1.252270e-04 1.637558e-04 1.319471e-04 5.633602e-06 4.944380e-05 2.490666e-04 
298 8941 1.327569e-03 0 0 2.773758e-04 7.953803e-04 2.123203e-04 1.279457e-04 1.693081e-04 1.345232e-04 5.876143e-06 5.109258e-05 2.727537e-04 
299 8971 1.334144e-03 0 0 2.798353e-04 7.820292e-04 2.146550e-04 1.316127e-04 1.717468e-04 1.402938e-04 5.956185e-06 5.028240e-05 2.763684e-04 
300 9001 1.312236e-03 0 0 2.937974e-04 8.217488e-04 2.067718e-04 1.296116e-04 1.646826e-04 1.357364e-04 5.868042e-06 5.243085e-05 2.676297e-04 
301 9031 1.342360e-03 0 0 3.102563e-04 8.858150e-04 2.152771e-04 1.393207e-04 1.690041e-04 1.424554e-04 5.831918e-06 5.718129e-05 2.745370e-04 
302 9061 1.416934e-03 0 0 3.402877e-04 9.645162e-04 2.263400e-04 1.557542e-04 1.883506e-04 1.564586e-04 5.924460e-06 6.436547e-05 2.933557e-04 
303 9091 1.627951e-03 0 0 3.857130e-04 1.110529e-03 2.572520e-04 1.823305e-04 2.214438e-04 1.817988e-04 7.060055e-06 7.526691e-05 3.408699e-04 
304 9121 1.595573e-03 0 0 3.878407e-04 1.119097e-03 2.483994e-04 1.775199e-04 2.185268e-04 1.790732e-04 6.621096e-06 7.548599e-05 3.414265e-04 
305 9151 1.501750e-03 0 0 3.572181e-04 1.026598e-03 2.347327e-04 1.663620e-04 2.060212e-04 1.693016e-04 6.429361e-06 6.980099e-05 3.098344e-04 
306 9181 1.402316e-03 0 0 3.234364e-04 9.944901e-04 2.216304e-04 1.594789e-04 1.972039e-04 1.700689e-04 5.881181e-06 6.505528e-05 3.077372e-04 
307 9211 1.398129e-03 0 0 3.175678e-04 9.541976e-04 2.167232e-04 1.529513e-04 1.930418e-04 1.647468e-04 6.318501e-06 6.228811e-05 3.069853e-04 
308 9241 1.719133e-03 0 0 3.845251e-04 1.177197e-03 2.573094e-04 1.887979e-04 2.346978e-04 2.039063e-04 7.943114e-06 7.624740e-05 3.766600e-04 
309 9271 1.596050e-03 0 0 3.518305e-04 1.073689e-03 2.413315e-04 1.715506e-04 2.117252e-04 1.921565e-04 8.178837e-06 6.831132e-05 3.478422e-04 
310 9301 1.610998e-03 0 0 3.645271e-04 1.088319e-03 2.361894e-04 1.689631e-04 2.097670e-04 1.893689e-04 8.534946e-06 6.900300e-05 3.609116e-04 
311 9331 1.595865e-03 0 0 3.538328e-04 1.049915e-03 2.341519e-04 1.684347e-04 2.093208e-04 1.892799e-04 8.454958e-06 6.737524e-05 3.532277e-04 
312 9361 1.628002e-03 0 0 3.553987e-04 1.057593e-03 2.447093e-04 1.740022e-04 2.155770e-04 1.923139e-04 9.156232e-06 6.782399e-05 3.616284e-04 
313 9391 1.763489e-03 0 0 3.765008e-04 1.153895e-03 2.806008e-04 1.894629e-04 2.476388e-04 2.127451e-04 1.078369e-05 7.332424e-05 4.002834e-04 
314 9421 1.465912e-03 0 0 3.399878e-04 9.868176e-04 2.286359e-04 1.550825e-04 2.076203e-04 1.771883e-04 9.065821e-06 6.213701e-05 3.458394e-04 
315 9451 1.260597e-03 0 0 2.879862e-04 8.348827e-04 1.963136e-04 1.340062e-04 1.747768e-04 1.548075e-04 7.877496e-06 5.213004e-05 2.886499e-04 
316 9481 1.153638e-03 0 0 2.643610e-04 7.364505e-04 1.722338e-04 1.186334e-04 1.603761e-04 1.374272e-04 6.922328e-06 4.644867e-05 2.635500e-04 
317 9511 1.062981e-03 0 0 2.412968e-04 6.823821e-04 1.533961e-04 1.072739e-04 1.438459e-04 1.219998e-04 6.114806e-06 4.341614e-05 2.342779e-04 
318 9541 1.112118e-03 0 0 2.472956e-04 7.036184e-04 1.683897e-04 1.155280e-04 1.455975e-04 1.339729e-04 6.540169e-06 4.425208e-05 2.332009e-04 
319 9571 1.067306e-03 0 0 2.335157e-04 6.573460e-04 1.645155e-04 1.121372e-04 1.397462e-04 1.284008e-04 6.078616e-06 4.153857e-05 2.306058e-04 
320 9601 1.205895e-03 0 0 2.566780e-04 7.296479e-04 1.983178e-04 1.319530e-04 1.518678e-04 1.448157e-04 6.818697e-06 4.571397e-05 2.577561e-04 
321 9631 1.220094e-03 0 0 2.612070e-04 7.181267e-04 2.002876e-04 1.356275e-04 1.597204e-04 1.492384e-04 6.838728e-06 4.530294e-05 2.823796e-04 
322 9661 1.164550e-03 0 0 2.509230e-04 7.126816e-04 1.949468e-04 1.356692e-04 1.532292e-04 1.512058e-04 6.811078e-06 4.472067e-05 2.668435e-04 
323 9691 1.056891e-03 0 0 2.316311e-04 6.427908e-04 1.730186e-04 1.206795e-04 1.387942e-04 1.336533e-04 6.025983e-06 4.089913e-05 2.379275e-04 
324 9721 8.816822e-04 0 0 1.874016e-04 5.123922e-04 1.408732e-04 9.770917e-05 1.160906e-04 1.091790e-04 4.954021e-06 3.284313e-05 1.913134e-04 
325 9751 9.382352e-04 0 0 1.971283e-04 5.782607e-04 1.477108e-04 1.078546e-04 1.213762e-04 1.151654e-04 5.541401e-06 3.739059e-05 1.970147e-04 
326 9781 1.021889e-03 0 0 2.105811e-04 6.309890e-04 1.694062e-04 1.204628e-04 1.253907e-04 1.324244e-04 6.350157e-06 4.025391e-05 2.081160e-04 
327 9811 1.120214e-03 0 0 2.225132e-04 6.807500e-04 1.822274e-04 1.295506e-04 1.366451e-04 1.433570e-04 6.998858e-06 4.282944e-05 2.204099e-04 
328 9841 1.171772e-03 0 0 2.241275e-04 7.072593e-04 2.025490e-04 1.415034e-04 1.393683e-04 1.597003e-04 7.600925e-06 4.437752e-05 2.274586e-04 
329 9871 1.392812e-03 0 0 2.561766e-04 8.821555e-04 2.816502e-04 1.903134e-04 1.643217e-04 2.210972e-04 9.612903e-06 5.509596e-05 2.627193e-04 
330 9901 1.339482e-03 0 0 2.418962e-04 8.324521e-04 2.750646e-04 1.805176e-04 1.588410e-04 2.119640e-04 9.044839e-06 5.160359e-05 2.613913e-04 
331 9931 1.421250e-03 0 0 2.540003e-04 8.572056e-04 2.888851e-04 1.883728e-04 1.721965e-04 2.212950e-04 9.810908e-06 5.291012e-05 2.942881e-04 
332 9961 1.283154e-03 0 0 2.250882e-04 7.544839e-04 2.622747e-04 1.710714e-04 1.532650e-04 1.993106e-04 8.656025e-06 4.717574e-05 2.664442e-04 
333 9991 1.221482e-03 0 0 2.111374e-04 6.821841e-04 2.484602e-04 1.606723e-04 1.480552e-04 1.872086e-04 8.030227e-06 4.335097e-05 2.546941e-04 
334 10021 1.069862e-03 0 0 1.890466e-04 5.928155e-04 2.130636e-04 1.351071e-04 1.265643e-04 1.598899e-04 6.967888e-06 3.735087e-05 2.186200e-04 
335 10051 9.789211e-04 0 0 1.722954e-04 5.209200e-04 1.857453e-04 1.182652e-04 1.161571e-04 1.396069e-04 6.119240e-06 3.300125e-05 1.999193e-04 
336 10081 1.140631e-03 0 0 2.016566e-04 6.026408e-04 2.119059e-04 1.406607e-04 1.431781e-04 1.569814e-04 6.820007e-06 4.057576e-05 2.393964e-04 
337 10111 1.315999e-03 0 0 2.285673e-04 6.907743e-04 2.401397e-04 1.642442e-04 1.736289e-04 1.793671e-04 7.919509e-06 4.716661e-05 2.929011e-04 
338 10141 1.329426e-03 0 0 2.357414e-04 6.788819e-04 2.367805e-04 1.586661e-04 1.777473e-04 1.754470e-04 7.731682e-06 4.576836e-05 3.056969e-04 
339 10171 1.406612e-03 0 0 2.491650e-04 7.138475e-04 2.480181e-04 1.647072e-04 1.901367e-04 1.847770e-04 8.169221e-06 4.708634e-05 3.254937e-04 
340 10201 1.473610e-03 0 0 2.587018e-04 7.659702e-04 2.602950e-04 1.750427e-04 1.945660e-04 1.927661e-04 8.568718e-06 5.105052e-05 3.304584e-04 
341 10231 1.358275e-03 0 0 2.326596e-04 6.766185e-04 2.315644e-04 1.554531e-04 1.734271e-04 1.718154e-04 7.591323e-06 4.497577e-05 2.963002e-04 
342 10261 1.384484e-03 0 0 2.421399e-04 7.188948e-04 2.323747e-04 1.589498e-04 1.703823e-04 1.712754e-04 7.851582e-06 4.739722e-05 2.997305e-04 
343 10291 1.389755e-03 0 0 2.351514e-04 7.050157e-04 2.312041e-04 1.577596e-04 1.660353e-04 1.693850e-04 7.729454e-06 4.630015e-05 2.901887e-04 
344 10321 1.275726e-03 0 0 2.106692e-04 6.336893e-04 2.095519e-04 1.429437e-04 1.510143e-04 1.533726e-04 6.959220e-06 4.169150e-05 2.659246e-04 
345 10351 1.343284e-03 0 0 2.223264e-04 6.445983e-04 2.132028e-04 1.442572e-04 1.615203e-04 1.555466e-04 7.429077e-06 4.338148e-05 2.721168e-04 
346 10381 1.296897e-03 0 0 2.277979e-04 6.528250e-04 1.989251e-04 1.346696e-04 1.577436e-04 1.426836e-04 7.111762e-06 4.445793e-05 2.639006e-04 
347 10411 1.455474e-03 0 0 2.673500e-04 7.526521e-04 2.227409e-04 1.515070e-04 1.768470e-04 1.613548e-04 8.417977e-06 5.162577e-05 2.949092e-04 
348 10441 1.355765e-03 0 0 2.770846e-04 7.496961e-04 1.989272e-04 1.378811e-04 1.605208e-04 1.462557e-04 7.472673e-06 5.087938e-05 2.859790e-04 
349 10471 1.395343e-03 0 0 2.817085e-04 7.710311e-04 1.987672e-04 1.380523e-04 1.632995e-04 1.474496e-04 7.472073e-06 5.109984e-05 2.913926e-04 
350 10501 1.337726e-03 0 0 2.652273e-04 7.154178e-04 1.857025e-04 1.287108e-04 1.519993e-04 1.381349e-04 6.889650e-06 4.717236e-05 2.806373e-04 
351 10531 1.283898e-03 0 0 2.610072e-04 7.045529e-04 1.738890e-04 1.205480e-04 1.436618e-04 1.289161e-04 6.561032e-06 4.561055e-05 2.730952e-04 
352 10561 1.196983e-03 0 0 2.423193e-04 6.331572e-04 1.577841e-04 1.080158e-04 1.284204e-04 1.171750e-04 5.945675e-06 4.078243e-05 2.505785e-04 
353 10591 1.238208e-03 0 0 2.426859e-04 6.435406e-04 1.641291e-04 1.140815e-04 1.320939e-04 1.255808e-04 6.630979e-06 4.147160e-05 2.570243e-04 
354 10621 1.459989e-03 0 0 2.820553e-04 7.703198e-04 2.056104e-04 1.405367e-04 1.544800e-04 1.513098e-04 7.776703e-06 4.968117e-05 2.998093e-04 
355 10651 1.570941e-03 0 0 2.941090e-04 8.363409e-04 2.167664e-04 1.487517e-04 1.693097e-04 1.574354e-04 7.968061e-06 5.412731e-05 3.244117e-04 
356 10681 1.414623e-03 0 0 2.573282e-04 7.646935e-04 2.006613e-04 1.395456e-04 1.489833e-04 1.463273e-04 7.234183e-06 4.940814e-05 2.829759e-04 
357 10711 1.512264e-03 0 0 2.742823e-04 8.864105e-04 2.257651e-04 1.572090e-04 1.577914e-04 1.635556e-04 7.954696e-06 5.451447e-05 3.090424e-04 
358 10741 1.552054e-03 0 0 2.752238e-04 8.938165e-04 2.268333e-04 1.602664e-04 1.634681e-04 1.654850e-04 8.217621e-06 5.487473e-05 3.128963e-04 
359 10771 1.342326e-03 0 0 2.454129e-04 7.940778e-04 1.944486e-04 1.387652e-04 1.376991e-04 1.434097e-04 7.212271e-06 4.889019e-05 2.701934e-04 
360 10801 1.363096e-03 0 0 2.522464e-04 8.174320e-04 1.891747e-04 1.376324e-04 1.400993e-04 1.440326e-04 7.142083e-06 4.921021e-05 2.885659e-04 
361 10831 1.288208e-03 0 0 2.320407e-04 7.765520e-04 1.826187e-04 1.328726e-04 1.292891e-04 1.345153e-04 6.900245e-06 4.639839e-05 2.687739e-04 
362 10861 1.205582e-03 0 0 2.196878e-04 7.428138e-04 1.757754e-04 1.259898e-04 1.207099e-04 1.286107e-04 6.507775e-06 4.400131e-05 2.566762e-04 
363 10891 1.132315e-03 0 0 2.069428e-04 7.352157e-04 1.686684e-04 1.219733e-04 1.146066e-04 1.205775e-04 6.205733e-06 4.320923e-05 2.443096e-04 
364 10921 1.165490e-03 0 0 2.044788e-04 7.460277e-04 1.723318e-04 1.230034e-04 1.195474e-04 1.234420e-04 6.580715e-06 4.302396e-05 2.498881e-04 
365 10951 1.401898e-03 0 0 2.433403e-04 8.737709e-04 1.987221e-04 1.421400e-04 1.434427e-04 1.453025e-04 7.811137e-06 5.013281e-05 2.893314e-04 
366 10981 1.408496e-03 0 0 2.430519e-04 8.730245e-04 1.971543e-04 1.402114e-04 1.405183e-04 1.477292e-04 7.948675e-06 4.942829e-05 2.887625e-04 
367 11011 1.513981e-03 0 0 2.588260e-04 9.202891e-04 2.130066e-04 1.502009e-04 1.461760e-04 1.566388e-04 8.481123e-06 5.228823e-05 3.008595e-04 
368 11041 1.486841e-03 0 0 2.558945e-04 8.794538e-04 2.075316e-04 1.441878e-04 1.391999e-04 1.482935e-04 8.013577e-06 5.059740e-05 2.879613e-04 
369 11071 1.444527e-03 0 0 2.438228e-04 8.353167e-04 2.016678e-04 1.394532e-04 1.437569e-04 1.414977e-04 7.483228e-06 4.834432e-05 2.899179e-04 
370 11101 1.534878e-03 0 0 2.480265e-04 8.618808e-04 2.081652e-04 1.431538e-04 1.510436e-04 1.516094e-04 8.096872e-06 4.940548e-05 3.066883e-04 
371 11131 1.541440e-03 0 0 2.455415e-04 8.466890e-04 2.092378e-04 1.430527e-04 1.512179e-04 1.538935e-04 8.111810e-06 4.900613e-05 2.993408e-04 
372 11161 1.461599e-03 0 0 2.307407e-04 8.398422e-04 2.002912e-04 1.373386e-04 1.406187e-04 1.482765e-04 7.602915e-06 4.782373e-05 2.890470e-04 
373 11191 1.306648e-03 0 0 2.049217e-04 7.609527e-04 1.796260e-04 1.247395e-04 1.219879e-04 1.320605e-04 6.683053e-06 4.352524e-05 2.551013e-04 
374 11221 1.402794e-03 0 0 2.255625e-04 8.004243e-04 1.939142e-04 1.305302e-04 1.360074e-04 1.422696e-04 7.072754e-06 4.642508e-05 2.678864e-04 
375 11251 1.278177e-03 0 0 2.058880e-04 7.070429e-04 1.697150e-04 1.133028e-04 1.284604e-04 1.258468e-04 6.351234e-06 4.088307e-05 2.570725e-04 
376 11281 1.362550e-03 0 0 2.199847e-04 7.599700e-04 1.759388e-04 1.220734e-04 1.399818e-04 1.311948e-04 6.678999e-06 4.499951e-05 2.685946e-04 
377 11311 1.459310e-03 0 0 2.278504e-04 7.962605e-04 1.868501e-04 1.306126e-04 1.505792e-04 1.394932e-04 7.308754e-06 4.737432e-05 2.828172e-04 
378 11341 1.461823e-03 0 0 2.293049e-04 7.907058e-04 1.858739e-04 1.316420e-04 1.549850e-04 1.366755e-04 7.121942e-06 4.907633e-05 2.809333e-04 
379 11371 1.503746e-03 0 0 2.410344e-04 7.999307e-04 1.878647e-04 1.342254e-04 1.553357e-04 1.364587e-04 7.145903e-06 5.033457e-05 2.830071e-04 
380 11401 1.645189e-03 0 0 2.626523e-04 8.771586e-04 2.061328e-04 1.460059e-04 1.697126e-04 1.495404e-04 7.760326e-06 5.473988e-05 3.076787e-04 
381 11431 1.616077e-03 0 0 2.597920e-04 8.529838e-04 2.044745e-04 1.453708e-04 1.655175e-04 1.466868e-04 7.374321e-06 5.460591e-05 2.937208e-04 
382 11461 1.504455e-03 0 0 2.488972e-04 7.859630e-04 1.805696e-04 1.288549e-04 1.498671e-04 1.300239e-04 7.007867e-06 5.001565e-05 2.763109e-04 
