%  columns="iteration, evaluation, sigma, axis ratio, bestever, best, median, worst fitness function value, further objective values of best" (startseed=205286, 2015/09/2 11:6:9.87)
1 31 4.616596e+00 1.286458e+01  4.424595719163975360e+01  4.424595719163975360e+01  6.210384846080285115e+02  3.624984002748454102e+12
2 61 5.076573e+00 1.301622e+01  3.372720030213815789e+01  3.372720030213815789e+01  8.545547859743476238e+01  1.564860447483408207e+05
3 91 5.216949e+00 1.265373e+01  3.289972432373640743e+01  3.289972432373640743e+01  8.545021962594120168e+01  1.827027078157917131e+05
4 121 5.404554e+00 1.273266e+01  3.289972432373640743e+01  4.034109615972737828e+01  8.546293284004690349e+01  9.587806696170044597e+04
5 151 5.446394e+00 1.287463e+01  3.169731105251045378e+01  3.169731105251045378e+01  8.545408547714069414e+01  2.769867920213106481e+04
6 181 5.233460e+00 1.290127e+01  3.169731105251045378e+01  3.253602183567916484e+01  8.540472085908146482e+01  5.772236456825243950e+09
7 211 4.808385e+00 1.336799e+01  3.169731105251045378e+01  3.279098551119835747e+01  8.513465053757946066e+01  2.444968200980308393e+04
8 241 4.104571e+00 1.343406e+01  3.169731105251045378e+01  3.892638822815281685e+01  7.858338795202728022e+01  1.573893427950248451e+03
9 271 3.767334e+00 1.322932e+01  3.098680016000311355e+01  3.098680016000311355e+01  8.264512116090534732e+01  3.396187095872595364e+03
10 301 3.509432e+00 1.341438e+01  3.098680016000311355e+01  3.461568940185190968e+01  5.985465165012791999e+01  2.632378674561735534e+04
11 331 3.740769e+00 1.356619e+01  3.098680016000311355e+01  3.178533685045029955e+01  6.590859520493289381e+01  5.962595031017052382e+07
12 361 3.549548e+00 1.392761e+01  3.098680016000311355e+01  3.194055270871592711e+01  8.546267704349264704e+01  2.438681684258911743e+11
13 391 3.510507e+00 1.396153e+01  3.098680016000311355e+01  3.104695050736181372e+01  5.586795517169628056e+01  7.488144827644335919e+02
14 421 3.061382e+00 1.381542e+01  3.098680016000311355e+01  3.155169456132242445e+01  8.375867519893773760e+01  1.699537067747521773e+07
15 451 2.892450e+00 1.392942e+01  3.098680016000311355e+01  3.196637168438576992e+01  6.367200377470593509e+01  7.358398901817327896e+03
16 481 2.743066e+00 1.361610e+01  3.098680016000311355e+01  3.202784843760601063e+01  5.052235476993838859e+01  8.545446021369319567e+01
17 511 2.718856e+00 1.394139e+01  3.098680016000311355e+01  3.206356159613119416e+01  4.434314977725408369e+01  6.246087890881283329e+02
18 541 2.435009e+00 1.410131e+01  3.098680016000311355e+01  3.253831183136379934e+01  4.305789469105627632e+01  1.506948096549107277e+03
19 571 2.548074e+00 1.601895e+01  3.098680016000311355e+01  3.191370553151686096e+01  4.045367055624785735e+01  1.651945409551729540e+02
20 601 2.369671e+00 1.694815e+01  3.098680016000311355e+01  3.184832698249502769e+01  4.146010332881013483e+01  8.803613363299867842e+02
21 631 2.273353e+00 1.856873e+01  3.098680016000311355e+01  3.197550680373259269e+01  4.109513609842910142e+01  7.811079722173280970e+02
22 661 2.427240e+00 1.873331e+01  3.098680016000311355e+01  3.187831570465369424e+01  3.603370300233990520e+01  1.276036813923796842e+02
23 691 2.260544e+00 1.908870e+01  3.098680016000311355e+01  3.168222015368638722e+01  3.758693536405461089e+01  1.015554044738918975e+02
24 721 2.143556e+00 1.916986e+01  3.098680016000311355e+01  3.159835877932397707e+01  3.803321667449792898e+01  3.450473695261958937e+02
25 751 2.061261e+00 1.960962e+01  3.098680016000311355e+01  3.186971827123559464e+01  3.487715932071925096e+01  9.925934645490167441e+01
26 781 2.027327e+00 2.001628e+01  3.098680016000311355e+01  3.183947992120586434e+01  3.820013112623706064e+01  2.175809710035484557e+02
27 811 1.900204e+00 2.103812e+01  3.098680016000311355e+01  3.180064151105735348e+01  3.741693116078601378e+01  7.440081224617243549e+01
28 841 1.699155e+00 2.264390e+01  3.098680016000311355e+01  3.190205676039498073e+01  3.524662332878916260e+01  1.178990753648446059e+02
29 871 1.648074e+00 2.340796e+01  3.098680016000311355e+01  3.169002717810394643e+01  3.341294015400468709e+01  4.969304273790298510e+01
30 901 1.705278e+00 2.464165e+01  3.098680016000311355e+01  3.183051885971910977e+01  3.374012070030166655e+01  3.804634341295083999e+01
31 931 1.977133e+00 2.539829e+01  3.098680016000311355e+01  3.160374262295845682e+01  3.257521575373064593e+01  3.928444617759843283e+01
32 961 1.935128e+00 2.563733e+01  3.098680016000311355e+01  3.140184232911330753e+01  3.409203816593635139e+01  5.543164382360566123e+01
33 991 1.693768e+00 2.749310e+01  3.098680016000311355e+01  3.165586895744570484e+01  3.338545755704274143e+01  5.697926424827303293e+01
34 1021 1.744724e+00 2.759383e+01  3.098680016000311355e+01  3.117823011496514596e+01  3.329738998023015029e+01  4.455139621644931225e+01
35 1051 1.934386e+00 3.039457e+01  3.098680016000311355e+01  3.146436314533953293e+01  3.299242730944554580e+01  4.283657939597089381e+01
36 1081 1.925012e+00 3.137760e+01  3.098680016000311355e+01  3.121981303833339894e+01  3.319326699535679381e+01  5.753366320144152013e+01
37 1111 1.629862e+00 3.139023e+01  3.090859862320190743e+01  3.090859862320190743e+01  3.282668763623102137e+01  4.085186665069045375e+01
38 1141 1.669276e+00 2.962123e+01  3.077849327944374380e+01  3.077849327944374380e+01  3.242192425264477151e+01  4.359299050462691838e+01
39 1171 1.655016e+00 3.041422e+01  3.077849327944374380e+01  3.104338244397098734e+01  3.247297359794611538e+01  8.464010514860549961e+01
40 1201 2.065599e+00 3.281559e+01  3.077849327944374380e+01  3.086688787718247795e+01  3.280876146159081941e+01  5.869827235754730310e+01
41 1231 2.114708e+00 3.533159e+01  3.077226851769337301e+01  3.077226851769337301e+01  3.332952167386942222e+01  1.543424274686858553e+02
42 1261 2.251023e+00 3.757325e+01  2.952635339419232352e+01  2.952635339419232352e+01  3.231963722700747610e+01  8.544523542420905926e+01
43 1291 2.496807e+00 3.803295e+01  2.887434874540867469e+01  2.887434874540867469e+01  3.482682780663765953e+01  7.412868677314365414e+03
44 1321 2.362662e+00 3.894242e+01  2.887434874540867469e+01  3.030633022858313907e+01  3.457833169563873810e+01  1.343094967214763358e+02
45 1351 2.052258e+00 3.873764e+01  2.887434874540867469e+01  3.012511289851719809e+01  3.524805594975318002e+01  6.886269829747347160e+01
46 1381 1.986626e+00 3.946866e+01  2.887434874540867469e+01  3.071290893896380325e+01  3.357951736777763330e+01  8.543939439594147700e+01
47 1411 1.677107e+00 3.932302e+01  2.887434874540867469e+01  3.008405917127096885e+01  3.214541201548767901e+01  4.136639821213651658e+01
48 1441 1.703710e+00 4.269038e+01  2.887434874540867469e+01  3.051315268231854461e+01  3.155986973277608598e+01  3.943960486315641845e+01
49 1471 1.867295e+00 3.968605e+01  2.887434874540867469e+01  2.980979400904385557e+01  3.218295307624833868e+01  5.888668218942214594e+01
50 1501 1.555776e+00 4.007290e+01  2.887434874540867469e+01  3.067655830617587043e+01  3.202971331187742265e+01  4.166707547904492515e+01
51 1531 1.578160e+00 4.097817e+01  2.887434874540867469e+01  3.025745452438328087e+01  3.192122540881741344e+01  4.597453067348359212e+01
52 1561 1.694599e+00 4.177767e+01  2.887434874540867469e+01  2.960416485342167903e+01  3.157435572151806724e+01  5.697522814706986338e+01
53 1591 1.773855e+00 4.357404e+01  2.869446545380952429e+01  2.869446545380952429e+01  3.160414111260990211e+01  1.050720423203690927e+02
54 1621 2.154813e+00 4.368201e+01  2.659257757014165691e+01  2.659257757014165691e+01  3.110071440870500936e+01  8.500537720530735442e+01
55 1651 2.186607e+00 4.472372e+01  2.472927893053052273e+01  2.472927893053052273e+01  3.233331741732320808e+01  9.575845398791803746e+05
56 1681 2.204017e+00 4.771260e+01  2.396818614759978061e+01  2.396818614759978061e+01  3.227306042821977883e+01  6.297321675220449606e+02
57 1711 2.195318e+00 4.819182e+01  2.396818614759978061e+01  2.691230166282712588e+01  3.158470430676128871e+01  1.008242270328201412e+05
58 1741 1.997497e+00 4.878102e+01  1.256577751561939849e+01  1.256577751561939849e+01  3.429016647098611514e+01  1.249198548712720396e+06
59 1771 1.789207e+00 4.891861e+01  1.256577751561939849e+01  2.618461787958917597e+01  3.099826863875524197e+01  6.524271188021126436e+05
60 1801 1.687511e+00 4.954438e+01  1.256577751561939849e+01  2.225655698853091735e+01  3.047492308962811336e+01  7.416418008106414163e+03
61 1831 1.458303e+00 4.863576e+01  1.256577751561939849e+01  2.154709819417846717e+01  3.958064504354013025e+01  9.410152498615916818e+06
62 1861 1.295431e+00 4.993112e+01  1.256577751561939849e+01  1.926089016722583835e+01  3.146512844092044858e+01  1.442195970504089701e+03
63 1891 1.427754e+00 5.112418e+01  5.715455176745240173e+00  5.715455176745240173e+00  2.816787673971116135e+01  1.009861555900163381e+02
64 1921 1.600043e+00 5.505375e+01  5.715455176745240173e+00  1.361129289230000161e+01  3.145879047848578836e+01  6.217920900035156228e+04
65 1951 1.478228e+00 5.963434e+01  5.715455176745240173e+00  9.792000613197810566e+00  4.299566987684156061e+01  3.651760592232208000e+05
66 1981 1.456350e+00 6.060132e+01  5.715455176745240173e+00  2.066797567821164350e+01  3.042649336523430037e+01  8.516223066469709011e+03
67 2011 1.632322e+00 6.017075e+01  5.715455176745240173e+00  2.341405555313817644e+01  2.958369206065408719e+01  5.749049911682172024e+03
68 2041 1.455290e+00 6.034280e+01  5.715455176745240173e+00  1.620176265653799774e+01  3.025523182627807728e+01  2.513875548867441466e+04
69 2071 1.315141e+00 6.633492e+01  5.715455176745240173e+00  1.749522534112488259e+01  3.108390696550685561e+01  1.449356480170439863e+04
70 2101 1.250672e+00 6.357722e+01  5.715455176745240173e+00  2.097813697464333416e+01  2.786598791162801447e+01  1.105454488571214142e+03
71 2131 1.302908e+00 6.422560e+01  5.715455176745240173e+00  1.536750790765943542e+01  2.941630196336801362e+01  4.327771391766752931e+05
72 2161 1.264635e+00 6.293418e+01  5.715455176745240173e+00  9.622639521109473293e+00  2.673463721455456366e+01  2.445351965789711394e+05
73 2191 1.352499e+00 6.375720e+01  5.715455176745240173e+00  6.658564371148806060e+00  2.891430306831167130e+01  2.048484970674936194e+05
74 2221 1.458770e+00 6.308588e+01  5.715455176745240173e+00  9.427440453646980245e+00  2.442765884403915777e+01  1.268374612720063596e+05
75 2251 1.512068e+00 6.309782e+01  5.715455176745240173e+00  1.105428019499375658e+01  3.828174083569638242e+01  2.153040979246804000e+03
76 2281 1.597253e+00 6.427410e+01  5.715455176745240173e+00  1.000651046680484946e+01  3.119648010083097489e+01  2.132580725416333007e+04
77 2311 1.554355e+00 6.594120e+01  5.715455176745240173e+00  1.233800512787097681e+01  3.193408101822442546e+01  7.893690128637060116e+04
78 2341 1.449570e+00 6.942585e+01  5.715455176745240173e+00  1.315142293701602405e+01  3.784136770035102870e+01  1.803909904624109913e+04
79 2371 1.419605e+00 7.014552e+01  5.715455176745240173e+00  1.389111035965920316e+01  3.133606441294226386e+01  7.681784117754256295e+04
80 2401 1.305903e+00 7.326465e+01  5.715455176745240173e+00  7.497392423513637105e+00  2.394416657092224909e+01  8.028331361436200950e+02
81 2431 1.169072e+00 7.108479e+01  5.715455176745240173e+00  1.012934756859012886e+01  2.686687981301430028e+01  7.544667770589799329e+04
82 2461 1.061923e+00 7.052601e+01  5.715455176745240173e+00  6.114122284859714540e+00  2.540991847697522488e+01  1.993887593067022681e+05
83 2491 1.078100e+00 7.246629e+01  5.715455176745240173e+00  7.560849512073120948e+00  1.988543921062530018e+01  3.116244299875603610e+04
84 2521 1.021761e+00 7.112330e+01  3.359778260595678745e+00  3.359778260595678745e+00  2.391102482832218712e+01  5.696830448428317322e+04
85 2551 9.631846e-01 7.040831e+01  3.359778260595678745e+00  6.523275661536101389e+00  2.702762656361497662e+01  2.367083085031878363e+04
86 2581 9.679847e-01 7.136681e+01  3.359778260595678745e+00  5.514349031479580887e+00  1.734106792235239425e+01  8.721694972569648235e+04
87 2611 8.605545e-01 7.199526e+01  3.359778260595678745e+00  5.667858596261816650e+00  1.582621457228497164e+01  8.140537189759928151e+04
88 2641 8.582903e-01 7.223463e+01  3.359778260595678745e+00  6.082376655129251297e+00  1.712807437235170838e+01  1.699927382182057408e+04
89 2671 9.421151e-01 7.519737e+01  3.141859797572218671e+00  3.141859797572218671e+00  1.430860378046954651e+01  7.280905479972872854e+03
90 2701 8.152875e-01 7.346962e+01  3.141859797572218671e+00  3.552650412709850158e+00  1.905452275628713465e+01  7.237966260942176632e+03
91 2731 7.195950e-01 7.397047e+01  3.141859797572218671e+00  4.176219167004979305e+00  1.510971876264246205e+01  1.038494290598556472e+04
92 2761 6.558443e-01 7.683189e+01  3.141859797572218671e+00  4.689105850431180222e+00  1.429281650029596307e+01  5.289910774612343630e+03
93 2791 6.471346e-01 7.620937e+01  2.616884286795428061e+00  2.616884286795428061e+00  9.880689513453685180e+00  3.950730433996261127e+03
94 2821 6.445752e-01 8.208359e+01  2.616884286795428061e+00  3.656213939811667313e+00  1.128072907010403014e+01  1.196768848303078130e+02
95 2851 5.802407e-01 8.753488e+01  2.616884286795428061e+00  2.944202194259577965e+00  1.425972065136295086e+01  2.246826092546082691e+03
96 2881 6.068409e-01 8.970519e+01  2.616884286795428061e+00  2.789818401327416098e+00  7.946944948332760106e+00  4.588843198229025688e+01
97 2911 5.863861e-01 9.538258e+01  2.616884286795428061e+00  2.717461786927154233e+00  6.681220692923711901e+00  7.507836549525572423e+01
98 2941 5.489517e-01 9.635544e+01  2.616884286795428061e+00  2.970487396027778892e+00  6.113951004385976162e+00  4.073928883638716769e+01
99 2971 5.202177e-01 9.956782e+01  2.616884286795428061e+00  3.472828017726344196e+00  7.501104560468714766e+00  1.644290832755928307e+02
100 3001 5.052585e-01 9.966012e+01  2.513389566770889427e+00  2.513389566770889427e+00  4.952030498295771466e+00  9.723299281726096410e+01
101 3031 4.979192e-01 1.069134e+02  2.513389566770889427e+00  3.053083897298930260e+00  7.349266544490966169e+00  1.061112298454295342e+02
102 3061 4.759468e-01 1.080957e+02  2.513389566770889427e+00  2.701474937164954238e+00  5.769930570281731619e+00  2.263087302439368287e+01
103 3091 4.986558e-01 1.097737e+02  2.513389566770889427e+00  2.713590485392198826e+00  6.883811271585326352e+00  2.082591782466531782e+01
104 3121 4.798437e-01 1.124616e+02  2.513389566770889427e+00  2.713725880765024634e+00  4.391048809011647514e+00  1.788308719237937083e+01
105 3151 4.345183e-01 1.191559e+02  2.513389566770889427e+00  2.721752542222122262e+00  5.145870320778724860e+00  1.445548659267131164e+01
106 3181 4.030638e-01 1.212635e+02  2.512245074321873606e+00  2.512245074321873606e+00  4.919265798039699433e+00  8.979653782027160247e+00
107 3211 4.039160e-01 1.284537e+02  2.503092294426572550e+00  2.503092294426572550e+00  3.534029110445742639e+00  1.768848561953193510e+01
108 3241 3.610897e-01 1.284411e+02  2.503092294426572550e+00  2.556045319936975257e+00  4.186613425115225162e+00  1.227707797502875735e+02
109 3271 3.783925e-01 1.324321e+02  2.503092294426572550e+00  2.512761337220701385e+00  3.858674222887381156e+00  2.195864663039724363e+01
110 3301 3.915422e-01 1.381965e+02  2.503092294426572550e+00  2.506675875455419700e+00  3.090222649968335844e+00  1.749048363342483370e+01
111 3331 3.990008e-01 1.535979e+02  2.503092294426572550e+00  2.611866328839042684e+00  4.209871069267505206e+00  1.723057411947915440e+01
112 3361 3.508936e-01 1.569247e+02  2.503092294426572550e+00  2.569521214294494982e+00  3.767216181773831885e+00  1.010178505741245125e+01
113 3391 3.554391e-01 1.571869e+02  2.487690424003950795e+00  2.487690424003950795e+00  3.072872508124124380e+00  5.873361324784801774e+00
114 3421 3.901451e-01 1.592791e+02  2.487690424003950795e+00  2.571526051202063901e+00  3.480187750818588999e+00  7.818290029754489723e+00
115 3451 3.698092e-01 1.618870e+02  2.487690424003950795e+00  2.495182464432297742e+00  3.056334919680939066e+00  4.147359340249258963e+01
116 3481 3.182913e-01 1.737994e+02  2.487690424003950795e+00  2.577185494685358957e+00  2.933660396495374023e+00  1.370004978682155716e+01
117 3511 2.994125e-01 1.850666e+02  2.487690424003950795e+00  2.491899974222743008e+00  2.894316196879686665e+00  5.350936163587417305e+00
118 3541 2.754316e-01 1.857093e+02  2.466825956983483614e+00  2.466825956983483614e+00  2.833771147809267532e+00  5.739787465518085163e+00
119 3571 2.893834e-01 1.973369e+02  2.466825956983483614e+00  2.484145818619316604e+00  2.634550944893664592e+00  4.344192609953996254e+00
120 3601 3.323774e-01 2.067228e+02  2.466825956983483614e+00  2.493597933555370183e+00  2.687359745171455039e+00  3.132058125973841811e+00
121 3631 3.195011e-01 2.118682e+02  2.466825956983483614e+00  2.493323993400605953e+00  2.684908429702815624e+00  5.151960333970054151e+00
122 3661 3.397717e-01 2.320506e+02  2.466825956983483614e+00  2.481149716908174874e+00  2.794076116721278424e+00  3.320602478086680076e+00
123 3691 2.932319e-01 2.401667e+02  2.466825956983483614e+00  2.468396389445889572e+00  2.694250791667176514e+00  4.848472035436781624e+00
124 3721 3.423761e-01 2.408595e+02  2.466601638837571553e+00  2.466601638837571553e+00  2.631039621502535120e+00  3.276334842298556982e+00
125 3751 3.382049e-01 2.489838e+02  2.466601638837571553e+00  2.480292251350909805e+00  2.634214837924547581e+00  3.333048909437819507e+00
126 3781 3.699059e-01 2.701359e+02  2.466601638837571553e+00  2.482906104776995804e+00  2.725465345505678982e+00  3.510017501718829092e+00
127 3811 3.823754e-01 2.955699e+02  2.466601638837571553e+00  2.482131693950607065e+00  2.672568216620907489e+00  3.305118695921857697e+00
128 3841 4.293753e-01 3.153707e+02  2.466601638837571553e+00  2.467577927683326067e+00  2.605906293971503196e+00  5.999714301328987531e+00
129 3871 4.156192e-01 3.184613e+02  2.466601638837571553e+00  2.474238643970388285e+00  2.643008475052293527e+00  4.662893651930528627e+00
130 3901 3.811851e-01 3.261473e+02  2.466601638837571553e+00  2.470032626984742574e+00  2.636479531388873809e+00  4.765605138319585876e+00
131 3931 4.141995e-01 3.310162e+02  2.466601638837571553e+00  2.475336051645667723e+00  2.598839172873890213e+00  4.056168952922113213e+00
132 3961 4.309868e-01 3.390733e+02  2.466601638837571553e+00  2.485511534773128695e+00  2.672839353536191176e+00  3.766253765435936707e+00
133 3991 4.387743e-01 3.410156e+02  2.466601638837571553e+00  2.474711259420953713e+00  2.667890823201116923e+00  4.247635981857968090e+00
134 4021 4.611355e-01 3.540188e+02  2.466601638837571553e+00  2.475205554642240457e+00  2.670160904567141280e+00  4.191187232687025421e+00
135 4051 4.620954e-01 3.621952e+02  2.465015311328717651e+00  2.465015311328717651e+00  2.644888607960421467e+00  3.442308327345545038e+00
136 4081 4.472836e-01 3.708763e+02  2.465015311328717651e+00  2.465638290334063232e+00  2.554326451553057709e+00  1.116978800323007626e+01
137 4111 3.743666e-01 4.098453e+02  2.461162776643496919e+00  2.461162776643496919e+00  2.581108248893000834e+00  4.411725862872390991e+00
138 4141 3.465491e-01 4.254771e+02  2.461162776643496919e+00  2.464487625255938674e+00  2.540813435713757507e+00  2.995711163479281236e+00
139 4171 3.068699e-01 4.214351e+02  2.461162776643496919e+00  2.461665950722878193e+00  2.523308738614302715e+00  2.864466720574141423e+00
140 4201 2.649636e-01 4.254227e+02  2.460010311470512523e+00  2.460010311470512523e+00  2.517329742809565118e+00  2.694723330604227307e+00
141 4231 2.597582e-01 4.471166e+02  2.459355662357056271e+00  2.459355662357056271e+00  2.512404300905162202e+00  2.734123627539219559e+00
142 4261 2.845138e-01 4.611736e+02  2.459355662357056271e+00  2.459883581894006355e+00  2.490763049180972910e+00  3.040342308026885210e+00
143 4291 2.857798e-01 4.672464e+02  2.459355662357056271e+00  2.466048879274797212e+00  2.482274725546802507e+00  2.605653269534133010e+00
144 4321 3.014868e-01 4.782341e+02  2.459355662357056271e+00  2.461441063707078492e+00  2.475450343760346783e+00  2.614866001389024586e+00
145 4351 2.830696e-01 5.229056e+02  2.459355662357056271e+00  2.460591103817888037e+00  2.518674804138056444e+00  2.963717179909156840e+00
146 4381 2.659359e-01 5.493435e+02  2.459355662357056271e+00  2.461996092147847204e+00  2.488244371727543758e+00  2.700336891845084519e+00
147 4411 2.515252e-01 5.586919e+02  2.455122124247747895e+00  2.455122124247747895e+00  2.475614491144477292e+00  2.555125910125551680e+00
148 4441 2.312255e-01 6.046922e+02  2.455122124247747895e+00  2.457467993577226562e+00  2.480753655156690218e+00  2.528662071712546755e+00
149 4471 2.277121e-01 6.061352e+02  2.455122124247747895e+00  2.459500010674116055e+00  2.472149497709585475e+00  2.595028978327905467e+00
150 4501 2.094068e-01 6.333545e+02  2.455122124247747895e+00  2.457162376212468580e+00  2.473185858367895840e+00  2.553041992380449710e+00
151 4531 2.053838e-01 7.139198e+02  2.454136029260738372e+00  2.454136029260738372e+00  2.470378704630092237e+00  2.521550172755395725e+00
152 4561 2.004691e-01 7.975161e+02  2.454136029260738372e+00  2.458834921113503658e+00  2.466675902261341591e+00  2.505519250801203857e+00
153 4591 1.969932e-01 8.534415e+02  2.454136029260738372e+00  2.457672135107913824e+00  2.465599415036081599e+00  2.499659588691627743e+00
154 4621 1.923992e-01 8.812273e+02  2.454136029260738372e+00  2.454455456554150761e+00  2.464555040229928995e+00  2.497618584785223472e+00
155 4651 2.565329e-01 9.173701e+02  2.453708248930374314e+00  2.453708248930374314e+00  2.461947131167663283e+00  2.478005147484818149e+00
156 4681 2.792150e-01 9.280835e+02  2.453708248930374314e+00  2.454654801587261126e+00  2.465443790593520035e+00  2.699716028008567914e+00
157 4711 2.960936e-01 9.434732e+02  2.453708248930374314e+00  2.456290720302271247e+00  2.469880533337559747e+00  2.571500672126424636e+00
158 4741 2.818355e-01 9.571131e+02  2.453708248930374314e+00  2.456595234300833042e+00  2.471702179297660784e+00  2.569421278151189814e+00
159 4771 2.897037e-01 9.902270e+02  2.453708248930374314e+00  2.454237773372740516e+00  2.462674805907189679e+00  2.500633895506202631e+00
160 4801 2.624063e-01 9.976233e+02  2.453708248930374314e+00  2.454176300859079785e+00  2.465489560363441246e+00  2.630759531794264916e+00
161 4831 2.929625e-01 1.038965e+03  2.452617214082868813e+00  2.452617214082868813e+00  2.463037250110974519e+00  2.496928573583661937e+00
162 4861 3.132154e-01 1.042272e+03  2.448910993180329232e+00  2.448910993180329232e+00  2.464667358234797323e+00  2.630345690674419590e+00
163 4891 3.120666e-01 1.086346e+03  2.448910993180329232e+00  2.454434504692609931e+00  2.463947697136900317e+00  2.527377806363128698e+00
164 4921 3.074678e-01 1.165875e+03  2.448910993180329232e+00  2.456603183219869813e+00  2.468075484681291787e+00  2.650775253999896108e+00
165 4951 2.843224e-01 1.206066e+03  2.448910993180329232e+00  2.448929448047076463e+00  2.462870944594516942e+00  2.496445394378622229e+00
166 4981 2.827988e-01 1.224287e+03  2.448910993180329232e+00  2.453560370286784753e+00  2.461742713901638346e+00  2.486036846618727036e+00
167 5011 2.645663e-01 1.202019e+03  2.448910993180329232e+00  2.450658731408551283e+00  2.458980034142425719e+00  2.479156006795034894e+00
168 5041 2.353233e-01 1.208366e+03  2.448910993180329232e+00  2.451225015578698319e+00  2.460275039565125610e+00  2.478501902886012243e+00
169 5071 2.370182e-01 1.260746e+03  2.448910993180329232e+00  2.456505371049901854e+00  2.460310714318032055e+00  2.469390767954917631e+00
170 5101 2.390346e-01 1.250552e+03  2.448910993180329232e+00  2.451497038611282431e+00  2.461851371192135041e+00  2.487754744442823629e+00
171 5131 2.112254e-01 1.303233e+03  2.448910993180329232e+00  2.452340704221674716e+00  2.460229588124404287e+00  2.473707079809349452e+00
172 5161 1.996956e-01 1.417292e+03  2.448908731952572193e+00  2.448908731952572193e+00  2.457207239270527310e+00  2.467000405155174825e+00
173 5191 1.946291e-01 1.460072e+03  2.448908731952572193e+00  2.449043269419331814e+00  2.457950772418233676e+00  2.469403142380238947e+00
174 5221 1.912619e-01 1.483417e+03  2.448908731952572193e+00  2.451024355780342390e+00  2.456585138914328503e+00  2.464075219894266588e+00
175 5251 1.814924e-01 1.500918e+03  2.448908731952572193e+00  2.449385211302488319e+00  2.457448584699573502e+00  2.469222808165288274e+00
176 5281 1.723545e-01 1.474064e+03  2.448908731952572193e+00  2.449690849370574242e+00  2.457769110428632331e+00  2.472090708045619589e+00
177 5311 1.810906e-01 1.510306e+03  2.448908731952572193e+00  2.450456147982365884e+00  2.456714645642849248e+00  2.471359436377975172e+00
178 5341 1.976860e-01 1.521606e+03  2.447814484566673610e+00  2.447814484566673610e+00  2.457017024138519190e+00  2.468038611660702042e+00
179 5371 1.759953e-01 1.516955e+03  2.447814484566673610e+00  2.448555917468764331e+00  2.456632756260010986e+00  2.464115408428366738e+00
180 5401 1.654930e-01 1.540060e+03  2.447814484566673610e+00  2.450508759853032625e+00  2.455120457812621115e+00  2.461360681201210543e+00
181 5431 1.740506e-01 1.601978e+03  2.447814484566673610e+00  2.448938660382283139e+00  2.456835363809891426e+00  2.467457470254589946e+00
182 5461 1.724269e-01 1.599454e+03  2.446191091713913135e+00  2.446191091713913135e+00  2.456621093855689608e+00  2.462478921325876868e+00
183 5491 1.714290e-01 1.710057e+03  2.446191091713913135e+00  2.449294597512103433e+00  2.456478251312212091e+00  2.465038693523045055e+00
184 5521 1.509646e-01 1.705904e+03  2.446191091713913135e+00  2.450251840125462710e+00  2.456898516057145265e+00  2.466961257028447374e+00
185 5551 1.621436e-01 1.762695e+03  2.446191091713913135e+00  2.448775575295379259e+00  2.455815828066431727e+00  2.461784417486780452e+00
186 5581 1.683317e-01 1.746884e+03  2.446191091713913135e+00  2.449055866868406817e+00  2.456145132332964387e+00  2.465577118130683587e+00
187 5611 1.552756e-01 1.752823e+03  2.446191091713913135e+00  2.450938982185180137e+00  2.456155992760135742e+00  2.462247383569606374e+00
188 5641 1.403932e-01 1.812739e+03  2.446191091713913135e+00  2.450404173007108888e+00  2.455811788137633123e+00  2.462413751882112312e+00
189 5671 1.322838e-01 1.907067e+03  2.446191091713913135e+00  2.449282042337544318e+00  2.455258412014596381e+00  2.462108968742927839e+00
190 5701 1.338132e-01 1.932204e+03  2.446191091713913135e+00  2.449856086188344495e+00  2.455978764452112717e+00  2.463566873488312048e+00
191 5731 1.260392e-01 1.805852e+03  2.446191091713913135e+00  2.450891866543662534e+00  2.454970138428031134e+00  2.460456081521371186e+00
192 5761 1.391996e-01 1.840859e+03  2.446191091713913135e+00  2.451773528137429103e+00  2.456365511453663331e+00  2.462407809695136507e+00
193 5791 1.335515e-01 1.860613e+03  2.446191091713913135e+00  2.448128395540509761e+00  2.456376307596948472e+00  2.462904938758724960e+00
194 5821 1.390221e-01 1.821654e+03  2.446191091713913135e+00  2.448363266196377896e+00  2.454979205430478650e+00  2.461683760413872601e+00
195 5851 1.268359e-01 1.948953e+03  2.446191091713913135e+00  2.451965628459519930e+00  2.455816658746322823e+00  2.462250506832264652e+00
196 5881 1.093094e-01 1.954423e+03  2.446191091713913135e+00  2.449640426386784142e+00  2.455187722155142360e+00  2.463117842831072490e+00
197 5911 9.492445e-02 2.000952e+03  2.446191091713913135e+00  2.448667498876873072e+00  2.455920930653257450e+00  2.463049513191703621e+00
198 5941 9.654119e-02 1.988235e+03  2.446191091713913135e+00  2.450824801775228323e+00  2.455921143270682450e+00  2.460568718855841830e+00
199 5971 8.120202e-02 2.084688e+03  2.446191091713913135e+00  2.448232455692609832e+00  2.456923857109315712e+00  2.464073352783663573e+00
200 6001 8.927873e-02 2.168900e+03  2.446191091713913135e+00  2.446287002470851402e+00  2.455698233538741171e+00  2.458690146689871181e+00
201 6031 9.909582e-02 2.136746e+03  2.446191091713913135e+00  2.450110004397225261e+00  2.455556134251821288e+00  2.461596274273484930e+00
202 6061 1.097480e-01 1.969027e+03  2.446191091713913135e+00  2.450456266415045103e+00  2.456142535835684093e+00  2.464451101993504700e+00
203 6091 1.079545e-01 1.900804e+03  2.446191091713913135e+00  2.451361775854346892e+00  2.456657820920951085e+00  2.463250625569457952e+00
204 6121 1.108270e-01 1.993014e+03  2.446191091713913135e+00  2.449309181493298126e+00  2.456150506559528601e+00  2.462751908017786207e+00
205 6151 1.090872e-01 1.969410e+03  2.446191091713913135e+00  2.450044376535255086e+00  2.454867375266600593e+00  2.461999965431332704e+00
206 6181 1.232222e-01 2.086822e+03  2.446191091713913135e+00  2.450696991900755517e+00  2.456604571578719920e+00  2.460898412880171193e+00
207 6211 1.406958e-01 2.126251e+03  2.446191091713913135e+00  2.450460712404487040e+00  2.455277821631376867e+00  2.462801742846717712e+00
208 6241 1.476471e-01 2.272336e+03  2.446191091713913135e+00  2.448980417877718363e+00  2.456072740650163233e+00  2.462814382764801469e+00
209 6271 1.474620e-01 2.426484e+03  2.446191091713913135e+00  2.448972894984340787e+00  2.456151247819930550e+00  2.462630775991132115e+00
210 6301 1.379131e-01 2.316192e+03  2.446191091713913135e+00  2.448784081104548704e+00  2.456653169980729690e+00  2.461242261854835967e+00
211 6331 1.421849e-01 2.226850e+03  2.446191091713913135e+00  2.450489045154856882e+00  2.455390985364462431e+00  2.461188810151397455e+00
212 6361 1.830828e-01 2.281985e+03  2.446191091713913135e+00  2.449861669940196052e+00  2.457421020953180157e+00  2.463168988294079931e+00
213 6391 1.996421e-01 2.290082e+03  2.446191091713913135e+00  2.449395732750216048e+00  2.455731405209709450e+00  2.468936458261059119e+00
214 6421 2.002661e-01 2.258962e+03  2.446191091713913135e+00  2.450627048634695271e+00  2.455942150600075813e+00  2.466881006726848291e+00
215 6451 2.007789e-01 2.305136e+03  2.446191091713913135e+00  2.451223288973271686e+00  2.456647666103116023e+00  2.465972920329584817e+00
216 6481 1.971481e-01 2.376786e+03  2.446191091713913135e+00  2.451520026754108628e+00  2.456476336738243837e+00  2.473793711714151744e+00
217 6511 2.103991e-01 2.378480e+03  2.446191091713913135e+00  2.450470604542267949e+00  2.456877937679255997e+00  2.470785283160187085e+00
218 6541 2.058214e-01 2.316270e+03  2.446191091713913135e+00  2.450271382287562805e+00  2.455470229345139366e+00  2.474917308786593217e+00
219 6571 1.940516e-01 2.277197e+03  2.446191091713913135e+00  2.450187327293770867e+00  2.456479019782516815e+00  2.463772976483740162e+00
220 6601 2.078052e-01 2.257934e+03  2.446191091713913135e+00  2.449602778601227993e+00  2.456470344095000868e+00  2.462450747592006550e+00
221 6631 1.779319e-01 2.226185e+03  2.446191091713913135e+00  2.450521322889935849e+00  2.455861699216138838e+00  2.465136182328996117e+00
222 6661 1.923936e-01 2.227501e+03  2.446191091713913135e+00  2.448108079746317056e+00  2.455944829308800426e+00  2.462139779827271724e+00
223 6691 2.198119e-01 2.207760e+03  2.446191091713913135e+00  2.451629443088845672e+00  2.456603027827863883e+00  2.464365633775007502e+00
224 6721 2.148122e-01 2.176423e+03  2.446191091713913135e+00  2.448907677645586922e+00  2.455549732464771040e+00  2.461014867806380124e+00
225 6751 2.056709e-01 2.125807e+03  2.446191091713913135e+00  2.448908337569651206e+00  2.455912922016226574e+00  2.462642326213351662e+00
226 6781 2.218859e-01 2.071260e+03  2.445438885858851830e+00  2.445438885858851830e+00  2.454397229123182811e+00  2.464349009990125072e+00
227 6811 1.968409e-01 2.088539e+03  2.445438885858851830e+00  2.451410544879281339e+00  2.457040199208863296e+00  2.464239085586354516e+00
228 6841 2.190201e-01 2.025212e+03  2.445438885858851830e+00  2.449339990257877187e+00  2.456151997180118229e+00  2.464597448381730782e+00
229 6871 2.114445e-01 1.999082e+03  2.445438885858851830e+00  2.449552561894031033e+00  2.457679490865841920e+00  2.480091143562570100e+00
230 6901 2.384625e-01 1.993355e+03  2.445438885858851830e+00  2.452344954085854400e+00  2.455834515103938465e+00  2.463968384113496501e+00
231 6931 2.157614e-01 2.020120e+03  2.445438885858851830e+00  2.449606452612990815e+00  2.456492673322880016e+00  2.460290858791772450e+00
232 6961 1.941876e-01 2.094349e+03  2.445438885858851830e+00  2.445867872730621340e+00  2.455319023965834013e+00  2.462563638266606958e+00
233 6991 1.920424e-01 1.898504e+03  2.445438885858851830e+00  2.451869508025191102e+00  2.455382224648945844e+00  2.465285451518197224e+00
234 7021 1.686135e-01 1.913455e+03  2.445438885858851830e+00  2.447875657015359252e+00  2.455187199046964253e+00  2.464070460333510848e+00
235 7051 1.586306e-01 1.932116e+03  2.445438885858851830e+00  2.448952911235593000e+00  2.456307500949429290e+00  2.460415995015096335e+00
236 7081 1.676038e-01 2.012114e+03  2.445438885858851830e+00  2.450511669892602828e+00  2.455969230701129380e+00  2.461476120260219336e+00
237 7111 1.654843e-01 2.003993e+03  2.445438885858851830e+00  2.447991894918616573e+00  2.455768309451715758e+00  2.467540894870646540e+00
238 7141 1.605405e-01 1.982445e+03  2.445438885858851830e+00  2.450013507839084337e+00  2.456417244138688893e+00  2.464732914371317474e+00
239 7171 1.504677e-01 1.944048e+03  2.445438885858851830e+00  2.449774609847464646e+00  2.456266160128490750e+00  2.460361280473321699e+00
240 7201 1.378831e-01 1.927411e+03  2.445438885858851830e+00  2.449967314666609663e+00  2.456600867726597137e+00  2.463441356684557437e+00
241 7231 1.310581e-01 1.980901e+03  2.445438885858851830e+00  2.451027532458650793e+00  2.456047677033051269e+00  2.461339432244819214e+00
242 7261 1.215458e-01 1.929924e+03  2.445438885858851830e+00  2.449978882081652376e+00  2.455124845872243000e+00  2.461649343590474714e+00
243 7291 1.224512e-01 1.897386e+03  2.445438885858851830e+00  2.447756276417858423e+00  2.454845814157438078e+00  2.460381842991577361e+00
244 7321 1.118313e-01 1.931571e+03  2.445438885858851830e+00  2.451052357595969067e+00  2.454627241628011269e+00  2.461291015636875468e+00
245 7351 1.088683e-01 1.914187e+03  2.445438885858851830e+00  2.451100483854121048e+00  2.456102124461306158e+00  2.462170437394657796e+00
246 7381 1.014808e-01 2.012701e+03  2.445438885858851830e+00  2.447675682348182225e+00  2.455437710383623795e+00  2.462201512723910746e+00
247 7411 1.064430e-01 1.973178e+03  2.445438885858851830e+00  2.447258276011477385e+00  2.455943710759817655e+00  2.461386464140175701e+00
248 7441 1.195837e-01 1.990617e+03  2.445438885858851830e+00  2.450346691628959128e+00  2.455779948477268881e+00  2.460274908387453774e+00
249 7471 1.461441e-01 2.005511e+03  2.445438885858851830e+00  2.447124335466725142e+00  2.455341244436213266e+00  2.463933495048602929e+00
250 7501 1.397740e-01 2.037722e+03  2.445438885858851830e+00  2.449061406484004610e+00  2.455285588936399588e+00  2.461506817745028552e+00
251 7531 1.364141e-01 1.909690e+03  2.445438885858851830e+00  2.450090219592434337e+00  2.455211634007974375e+00  2.460577568825478956e+00
252 7561 1.329929e-01 1.922748e+03  2.445438885858851830e+00  2.445681901435889483e+00  2.455605120136648445e+00  2.461167679221838434e+00
253 7591 1.300783e-01 2.011932e+03  2.445438885858851830e+00  2.448726432872349257e+00  2.454893567709427682e+00  2.461992943673228851e+00
254 7621 1.284848e-01 1.929566e+03  2.445438885858851830e+00  2.448283417011685614e+00  2.455431957060696835e+00  2.463539328005030171e+00
255 7651 1.248461e-01 1.772844e+03  2.445438885858851830e+00  2.450700850354914806e+00  2.455077305852328085e+00  2.463352879255963579e+00
256 7681 1.186395e-01 1.822269e+03  2.445438885858851830e+00  2.447595858767839694e+00  2.455762677457372423e+00  2.464469672199249395e+00
257 7711 1.236537e-01 1.800884e+03  2.444495607807214643e+00  2.444495607807214643e+00  2.455062941072981175e+00  2.461956261545204860e+00
258 7741 1.240007e-01 1.786873e+03  2.444495607807214643e+00  2.447665318775951171e+00  2.455764963247287547e+00  2.462931488939619662e+00
259 7771 1.200523e-01 1.776679e+03  2.444495607807214643e+00  2.449904498313656198e+00  2.455500210874297373e+00  2.462492756426116980e+00
260 7801 1.243326e-01 1.762878e+03  2.444495607807214643e+00  2.446615023170739978e+00  2.455203005779326375e+00  2.458942556656534162e+00
261 7831 1.168185e-01 1.846111e+03  2.444495607807214643e+00  2.450776690482552755e+00  2.455817997324134083e+00  2.462167578300700654e+00
262 7861 1.317003e-01 1.877435e+03  2.444495607807214643e+00  2.447528617490139613e+00  2.455877461348280999e+00  2.463939606981574659e+00
263 7891 1.285007e-01 1.794286e+03  2.444495607807214643e+00  2.447514396837968231e+00  2.454380050371496313e+00  2.460489239821165963e+00
264 7921 1.264960e-01 1.814183e+03  2.444495607807214643e+00  2.448731183468157990e+00  2.454903485346725311e+00  2.459828040398507554e+00
265 7951 1.150412e-01 1.776354e+03  2.444495607807214643e+00  2.448712539918034281e+00  2.454722486807741078e+00  2.464052692961669955e+00
266 7981 1.184749e-01 1.847510e+03  2.444495607807214643e+00  2.450154119463058500e+00  2.456196759334654534e+00  2.459839546224683371e+00
267 8011 1.155125e-01 1.954125e+03  2.444495607807214643e+00  2.449209679787860861e+00  2.454891821818174336e+00  2.462326584900462745e+00
268 8041 1.358548e-01 1.857329e+03  2.444495607807214643e+00  2.448797021130828533e+00  2.456181361717343137e+00  2.461736892430951062e+00
269 8071 1.404504e-01 1.918052e+03  2.444495607807214643e+00  2.449307375095472583e+00  2.456214623137826791e+00  2.466159474223992731e+00
270 8101 1.275478e-01 1.932379e+03  2.444495607807214643e+00  2.445517328754067243e+00  2.455773529917200548e+00  2.464581847488191091e+00
271 8131 1.168331e-01 1.930234e+03  2.444495607807214643e+00  2.449876958676341143e+00  2.456563060007537658e+00  2.463775200151035794e+00
272 8161 1.109026e-01 1.991696e+03  2.444495607807214643e+00  2.448326586446076369e+00  2.454497213591090521e+00  2.461860265859407537e+00
273 8191 1.107926e-01 1.997409e+03  2.444495607807214643e+00  2.448364852505284350e+00  2.453986819762062233e+00  2.462983172693161027e+00
274 8221 1.165017e-01 2.150723e+03  2.444495607807214643e+00  2.447045406681277235e+00  2.455850819420537068e+00  2.464964565027015109e+00
275 8251 1.168258e-01 2.260929e+03  2.444495607807214643e+00  2.448052175602554836e+00  2.457368804793762962e+00  2.464712838611343049e+00
276 8281 1.167557e-01 2.243720e+03  2.444495607807214643e+00  2.448531981281245606e+00  2.454880462364141813e+00  2.462089947218139230e+00
277 8311 1.117801e-01 2.182915e+03  2.444495607807214643e+00  2.449365349120780966e+00  2.455806033007160494e+00  2.461082060736559995e+00
278 8341 1.046303e-01 2.291474e+03  2.444495607807214643e+00  2.446469708853579395e+00  2.455813998448396873e+00  2.462660618769913601e+00
279 8371 1.058324e-01 2.337777e+03  2.444495607807214643e+00  2.447054216338393040e+00  2.455486091564416995e+00  2.462059932239717863e+00
280 8401 1.158307e-01 2.468672e+03  2.444495607807214643e+00  2.447190335130356331e+00  2.454821851133658583e+00  2.464350539713142219e+00
281 8431 1.144268e-01 2.460228e+03  2.444495607807214643e+00  2.449174517955724273e+00  2.454243474849890916e+00  2.460975427828130613e+00
282 8461 1.078105e-01 2.354414e+03  2.444495607807214643e+00  2.447694539536958036e+00  2.454943525582117037e+00  2.463766724854763002e+00
283 8491 1.066342e-01 2.520794e+03  2.444495607807214643e+00  2.448913454367244391e+00  2.454097501082916466e+00  2.461005205229280346e+00
284 8521 9.543815e-02 2.529564e+03  2.444495607807214643e+00  2.446618920535882591e+00  2.454628808767487680e+00  2.461058522287037587e+00
285 8551 8.751151e-02 2.508289e+03  2.444495607807214643e+00  2.449631269158893510e+00  2.454438032162854277e+00  2.462814133159407337e+00
286 8581 9.500904e-02 2.591969e+03  2.444495607807214643e+00  2.446337150607663435e+00  2.455626274886991478e+00  2.463365131540257824e+00
287 8611 9.511463e-02 2.487764e+03  2.444495607807214643e+00  2.447096711467305230e+00  2.455796532954312106e+00  2.464721847436647906e+00
288 8641 8.693292e-02 2.478795e+03  2.444495607807214643e+00  2.449018961215980283e+00  2.455492478584301530e+00  2.459398940322866878e+00
289 8671 8.274519e-02 2.405799e+03  2.444495607807214643e+00  2.447929792409302863e+00  2.454362532200395464e+00  2.462310789497754726e+00
290 8701 8.539158e-02 2.253556e+03  2.444495607807214643e+00  2.448020299558834711e+00  2.456428758966429093e+00  2.462908064521313278e+00
291 8731 9.562042e-02 2.085324e+03  2.444495607807214643e+00  2.448712588598199069e+00  2.455237900532617701e+00  2.464584600564273753e+00
292 8761 9.998906e-02 2.011227e+03  2.444495607807214643e+00  2.449452019998205721e+00  2.455832356072602973e+00  2.464007848588524396e+00
293 8791 1.012611e-01 1.912942e+03  2.444495607807214643e+00  2.446588601471178404e+00  2.454608468628169948e+00  2.461633364463498008e+00
294 8821 9.927798e-02 1.908633e+03  2.444495607807214643e+00  2.449581651954356509e+00  2.455394275471492804e+00  2.462251896673523177e+00
295 8851 9.700963e-02 1.986366e+03  2.444495607807214643e+00  2.449005008436544006e+00  2.455325571931829209e+00  2.459399967111758123e+00
296 8881 9.292010e-02 2.016646e+03  2.444495607807214643e+00  2.448933779901819374e+00  2.455866946381629834e+00  2.461557186122325103e+00
297 8911 8.742071e-02 2.071201e+03  2.444495607807214643e+00  2.450600805982469765e+00  2.454622299553112175e+00  2.463773387201958709e+00
298 8941 8.098788e-02 2.151059e+03  2.444495607807214643e+00  2.450314091274317096e+00  2.453885486587604525e+00  2.461768259971507167e+00
299 8971 8.331297e-02 2.088076e+03  2.444495607807214643e+00  2.450239437419528432e+00  2.454186252284881853e+00  2.462688889485140642e+00
300 9001 8.906386e-02 2.089411e+03  2.444495607807214643e+00  2.447197563289562616e+00  2.456689760236629994e+00  2.461177046979057259e+00
301 9031 8.596273e-02 2.068327e+03  2.444495607807214643e+00  2.447857419009842328e+00  2.455236075883203029e+00  2.462794612104754144e+00
302 9061 9.037500e-02 2.118806e+03  2.444495607807214643e+00  2.448624263117065158e+00  2.455782733125622563e+00  2.461740597046453427e+00
303 9091 9.426597e-02 2.223394e+03  2.444495607807214643e+00  2.445178649473733312e+00  2.455202367783592798e+00  2.462145911153625910e+00
304 9121 1.006318e-01 2.177028e+03  2.444495607807214643e+00  2.448721813899911393e+00  2.454045207601711187e+00  2.462357868485958168e+00
305 9151 9.154328e-02 2.169798e+03  2.444495607807214643e+00  2.447397849500218214e+00  2.456346614894227010e+00  2.465465729621052926e+00
306 9181 8.503654e-02 2.264406e+03  2.444495607807214643e+00  2.446223528018909299e+00  2.455776075944135606e+00  2.463772483220474818e+00
307 9211 7.716068e-02 2.160085e+03  2.444495607807214643e+00  2.449009167516771335e+00  2.455701106272048406e+00  2.461831007078201683e+00
308 9241 8.303737e-02 2.204141e+03  2.444495607807214643e+00  2.448490582255001602e+00  2.455281871853973286e+00  2.463244647426038547e+00
309 9271 8.640086e-02 2.335231e+03  2.444495607807214643e+00  2.447623366658833177e+00  2.453819032021689495e+00  2.462540908125649519e+00
310 9301 8.139698e-02 2.420969e+03  2.444495607807214643e+00  2.447172693309795033e+00  2.453598117136421841e+00  2.462676357904137525e+00
311 9331 7.846048e-02 2.654963e+03  2.444495607807214643e+00  2.446455417486375072e+00  2.454427573565530984e+00  2.462658318683212499e+00
312 9361 8.165103e-02 2.728372e+03  2.444495607807214643e+00  2.449461547789872462e+00  2.454540434318463582e+00  2.464672012258920741e+00
313 9391 8.389468e-02 2.877681e+03  2.444495607807214643e+00  2.447370823267871032e+00  2.455042576327530757e+00  2.459468656046397861e+00
314 9421 8.323425e-02 2.801782e+03  2.444495607807214643e+00  2.448774749357094382e+00  2.456864353184238681e+00  2.463204442824538098e+00
315 9451 9.145472e-02 2.685082e+03  2.444495607807214643e+00  2.448793956411021711e+00  2.455862726009884867e+00  2.462863782476833574e+00
316 9481 8.629861e-02 2.717176e+03  2.444495607807214643e+00  2.449582545173831338e+00  2.455658040761973027e+00  2.463813745518205423e+00
317 9511 7.803759e-02 2.664737e+03  2.444495607807214643e+00  2.447647664128209222e+00  2.455622848380535128e+00  2.462460645629789280e+00
318 9541 7.936029e-02 2.811518e+03  2.444495607807214643e+00  2.447511990171947094e+00  2.455226063441869222e+00  2.462352148991759027e+00
319 9571 7.991779e-02 2.815315e+03  2.444495607807214643e+00  2.446219058415852743e+00  2.456070105656472435e+00  2.464141690235853943e+00
320 9601 8.367005e-02 2.938347e+03  2.444495607807214643e+00  2.444768093087232863e+00  2.455586510785771281e+00  2.463474372326269091e+00
321 9631 8.772173e-02 2.924233e+03  2.444495607807214643e+00  2.446702451657804200e+00  2.455392191100514321e+00  2.463123195309719904e+00
322 9661 9.058088e-02 2.876107e+03  2.444495607807214643e+00  2.450251319202987776e+00  2.454215399322528857e+00  2.462700300362180794e+00
323 9691 9.557862e-02 2.870575e+03  2.444495607807214643e+00  2.448908774780101272e+00  2.455403236595212313e+00  2.463043145263908773e+00
324 9721 1.025102e-01 3.078067e+03  2.444495607807214643e+00  2.450827505432770170e+00  2.454584647202276315e+00  2.460944257297470461e+00
325 9751 1.075698e-01 2.875563e+03  2.444495607807214643e+00  2.448513704913439781e+00  2.455341657408186329e+00  2.461633652714411369e+00
326 9781 1.081926e-01 2.842495e+03  2.444495607807214643e+00  2.448361147324397802e+00  2.453664992650716137e+00  2.461544571943275361e+00
327 9811 1.067984e-01 2.844587e+03  2.444495607807214643e+00  2.447186661661131524e+00  2.456281221506082968e+00  2.462352957511656282e+00
328 9841 1.108059e-01 2.897611e+03  2.444495607807214643e+00  2.446994806481917362e+00  2.454656995842224632e+00  2.461603904038746293e+00
329 9871 1.114537e-01 3.052579e+03  2.444495607807214643e+00  2.447814555414341342e+00  2.456164702853247839e+00  2.463976987483567971e+00
330 9901 1.147779e-01 3.025865e+03  2.444495607807214643e+00  2.448343536445282353e+00  2.455353265086904102e+00  2.460970331257147148e+00
331 9931 1.266710e-01 3.058154e+03  2.444495607807214643e+00  2.449940804472864997e+00  2.454909960262977808e+00  2.461476145069063204e+00
332 9961 1.259821e-01 2.966262e+03  2.444495607807214643e+00  2.448797260464715464e+00  2.455097483263516178e+00  2.460397495399832213e+00
333 9991 1.257391e-01 3.021685e+03  2.444495607807214643e+00  2.447541989658124084e+00  2.455940363359685907e+00  2.462260848086362586e+00
334 10021 1.390671e-01 3.053610e+03  2.444495607807214643e+00  2.448971616376556693e+00  2.456509591054535147e+00  2.461790489934678305e+00
335 10051 1.367414e-01 3.013466e+03  2.444495607807214643e+00  2.449453308129469153e+00  2.456487064113832997e+00  2.461141269694476996e+00
336 10081 1.366596e-01 2.999664e+03  2.444495607807214643e+00  2.448688496344506138e+00  2.456802465338006058e+00  2.468705072529944644e+00
337 10111 1.455908e-01 3.366107e+03  2.444495607807214643e+00  2.446164311237506439e+00  2.456250684354562175e+00  2.462298688940535385e+00
338 10141 1.536607e-01 3.512265e+03  2.444495607807214643e+00  2.447185213914011559e+00  2.455920021445001211e+00  2.461626321534247097e+00
339 10171 1.386234e-01 3.481421e+03  2.444495607807214643e+00  2.448612750167989294e+00  2.456105037078473607e+00  2.463173626146320405e+00
340 10201 1.249728e-01 3.385844e+03  2.444495607807214643e+00  2.450978365224862898e+00  2.456949010682329515e+00  2.463324749543379433e+00
341 10231 1.297555e-01 3.506341e+03  2.444495607807214643e+00  2.448700602811791693e+00  2.455844781963399726e+00  2.464302190609737764e+00
342 10261 1.342679e-01 3.526811e+03  2.444495607807214643e+00  2.448795055616325822e+00  2.455097880045084668e+00  2.460021986202828526e+00
343 10291 1.332003e-01 3.580926e+03  2.444495607807214643e+00  2.449872873698957232e+00  2.454121014292989678e+00  2.464055955948209142e+00
344 10321 1.216771e-01 3.641585e+03  2.444495607807214643e+00  2.447836393447199832e+00  2.454498293701325551e+00  2.460298189230339272e+00
345 10351 1.187034e-01 3.572891e+03  2.444495607807214643e+00  2.445962284630615269e+00  2.455858084570044841e+00  2.463411651069165487e+00
346 10381 1.061848e-01 3.501462e+03  2.444495607807214643e+00  2.447833458308238619e+00  2.455549112502747988e+00  2.463410848063772196e+00
347 10411 9.181465e-02 3.601192e+03  2.444495607807214643e+00  2.448769574110458702e+00  2.453821628067133886e+00  2.464984938232837042e+00
348 10441 9.143826e-02 3.476391e+03  2.444495607807214643e+00  2.449538342438017935e+00  2.455059995242797832e+00  2.462207091863735542e+00
349 10471 9.399519e-02 3.384178e+03  2.444495607807214643e+00  2.447990567689170227e+00  2.455512764496631473e+00  2.464355348480184560e+00
350 10501 8.717838e-02 3.312679e+03  2.444495607807214643e+00  2.447813556536635016e+00  2.455658575883527206e+00  2.462460668518920315e+00
351 10531 8.781570e-02 3.330993e+03  2.444495607807214643e+00  2.449301353355892719e+00  2.455862640196359692e+00  2.464518708533671720e+00
352 10561 7.566069e-02 3.417747e+03  2.444495607807214643e+00  2.447079769062979082e+00  2.455398292274875161e+00  2.464324388458375203e+00
353 10591 7.820757e-02 3.505981e+03  2.444495607807214643e+00  2.447346450709206866e+00  2.454738253194515440e+00  2.463110429822521485e+00
354 10621 8.020506e-02 3.541219e+03  2.444495607807214643e+00  2.449386045737023565e+00  2.456155980642731773e+00  2.461300596893884585e+00
355 10651 7.037987e-02 3.353668e+03  2.444495607807214643e+00  2.448775716057901342e+00  2.455300681111956429e+00  2.462292314719284558e+00
356 10681 7.098520e-02 3.492748e+03  2.444495607807214643e+00  2.449384684817512703e+00  2.455296003683086425e+00  2.462198416317395555e+00
357 10711 6.762457e-02 3.517263e+03  2.444495607807214643e+00  2.448266684331338094e+00  2.455523552464232928e+00  2.461445677907639240e+00
358 10741 5.866562e-02 3.515143e+03  2.444495607807214643e+00  2.448499248016240415e+00  2.453500398702038510e+00  2.463031655879473369e+00
359 10771 6.188636e-02 3.448399e+03  2.444495607807214643e+00  2.446729702666437412e+00  2.455999660542352636e+00  2.463623686763688259e+00
360 10801 7.796602e-02 3.488756e+03  2.444495607807214643e+00  2.447942203390739646e+00  2.455006870697352017e+00  2.464854400859895822e+00
361 10831 7.548189e-02 3.462231e+03  2.444495607807214643e+00  2.448993166889605888e+00  2.453911433333331171e+00  2.463128239099517280e+00
362 10861 7.259009e-02 3.737659e+03  2.444495607807214643e+00  2.447978981835518208e+00  2.454381785235699276e+00  2.460402770016824725e+00
363 10891 8.992710e-02 3.818747e+03  2.444495607807214643e+00  2.447622456265029722e+00  2.454381501166326807e+00  2.461809049636494606e+00
364 10921 8.385070e-02 3.816366e+03  2.444495607807214643e+00  2.447305127847660966e+00  2.455040228267129088e+00  2.461816575994448364e+00
365 10951 8.058095e-02 3.990054e+03  2.444495607807214643e+00  2.448410679896162012e+00  2.454962569562354702e+00  2.466593560187424039e+00
366 10981 7.142174e-02 4.119703e+03  2.444495607807214643e+00  2.448447856207054407e+00  2.453669242074593804e+00  2.463541509099585358e+00
367 11011 6.395671e-02 3.938669e+03  2.444495607807214643e+00  2.447926689903570985e+00  2.453679237176402239e+00  2.465199955200216397e+00
368 11041 5.709559e-02 3.870601e+03  2.444495607807214643e+00  2.447860488128571266e+00  2.455642403512932503e+00  2.461336747454470508e+00
369 11071 5.954112e-02 4.138824e+03  2.444495607807214643e+00  2.448072388202211069e+00  2.455270647459709465e+00  2.461753207674791000e+00
370 11101 6.330278e-02 3.901561e+03  2.444495607807214643e+00  2.450063130550178769e+00  2.455354422701437223e+00  2.460131210765131637e+00
371 11131 5.958738e-02 3.899771e+03  2.444495607807214643e+00  2.447898129928767652e+00  2.456398942608965186e+00  2.460975070741325599e+00
372 11161 5.602382e-02 4.241633e+03  2.444495607807214643e+00  2.445504826421329714e+00  2.455235294187120498e+00  2.459744265658890594e+00
373 11191 5.491124e-02 4.309212e+03  2.444495607807214643e+00  2.448336469910814994e+00  2.455441584650847275e+00  2.459978068469443890e+00
374 11221 5.221585e-02 4.227186e+03  2.444495607807214643e+00  2.446149571775083409e+00  2.455819749121293860e+00  2.462159839329829403e+00
375 11251 4.519171e-02 3.943836e+03  2.444495607807214643e+00  2.447192297231125746e+00  2.455814464845724299e+00  2.463090925783313345e+00
376 11281 4.379289e-02 3.901826e+03  2.444495607807214643e+00  2.447462522114008721e+00  2.454426173904073138e+00  2.462506069429510891e+00
377 11311 4.410994e-02 3.998196e+03  2.444495607807214643e+00  2.447465932846470071e+00  2.454593778037915452e+00  2.464507447190459555e+00
378 11341 4.287635e-02 4.131338e+03  2.444495607807214643e+00  2.448031366170560830e+00  2.455355174876546087e+00  2.461479254389014493e+00
379 11371 4.439106e-02 4.061690e+03  2.444495607807214643e+00  2.448674811841175636e+00  2.454627940154194388e+00  2.462573994037744018e+00
380 11401 4.733925e-02 4.109798e+03  2.444495607807214643e+00  2.448597050367220529e+00  2.454524270209393677e+00  2.465053731527325542e+00
381 11431 5.306227e-02 3.939125e+03  2.444495607807214643e+00  2.448171012321494810e+00  2.454453938902296350e+00  2.462635151641385800e+00
382 11461 5.316804e-02 3.906086e+03  2.444495607807214643e+00  2.448726872328968351e+00  2.454478356240534787e+00  2.460328680965155446e+00
383 11491 5.124874e-02 3.919387e+03  2.444495607807214643e+00  2.448459950666599383e+00  2.455185218408938219e+00  2.462468457716900261e+00
384 11521 5.038281e-02 4.069144e+03  2.444495607807214643e+00  2.449369591030109206e+00  2.453701209860954080e+00  2.462906139780442594e+00
385 11551 5.147806e-02 4.278634e+03  2.444495607807214643e+00  2.448847424261040739e+00  2.454435971760534407e+00  2.464301322385408888e+00
386 11581 5.319985e-02 3.994499e+03  2.444495607807214643e+00  2.448290848124810459e+00  2.456308467175270405e+00  2.464230957022254032e+00
387 11611 5.086683e-02 4.047794e+03  2.444495607807214643e+00  2.451035648845627080e+00  2.456616325382299237e+00  2.463875595492640791e+00
388 11641 4.989755e-02 4.127907e+03  2.444495607807214643e+00  2.445198876862288095e+00  2.454621293832500051e+00  2.460829983395843801e+00
389 11671 5.078753e-02 4.236609e+03  2.444495607807214643e+00  2.447190196566721987e+00  2.456628378602691676e+00  2.462564732712376081e+00
390 11701 4.540060e-02 4.188813e+03  2.444495607807214643e+00  2.446322823638875210e+00  2.455312960738112338e+00  2.464058200863153303e+00
391 11731 4.723877e-02 4.659293e+03  2.444495607807214643e+00  2.449266168209174754e+00  2.455299586406304968e+00  2.460864026966135043e+00
392 11761 5.677941e-02 4.745595e+03  2.444495607807214643e+00  2.448006864125787718e+00  2.455669623820272207e+00  2.459695825296898342e+00
393 11791 6.073088e-02 4.861585e+03  2.444495607807214643e+00  2.450906275119520306e+00  2.456618505805034047e+00  2.459916083793702857e+00
394 11821 6.095344e-02 4.941686e+03  2.444495607807214643e+00  2.450856092775918871e+00  2.456312949802536671e+00  2.460721951314613243e+00
395 11851 6.744288e-02 4.915652e+03  2.444495607807214643e+00  2.444603948056913278e+00  2.453905597193828392e+00  2.464968843429567347e+00
396 11881 7.549042e-02 5.008616e+03  2.444495607807214643e+00  2.449533140532727860e+00  2.454351229904652598e+00  2.464488629551161214e+00
397 11911 7.406391e-02 5.017773e+03  2.444495607807214643e+00  2.445598555238841065e+00  2.456929094759874310e+00  2.463157222618234332e+00
398 11941 6.876780e-02 5.047152e+03  2.444495607807214643e+00  2.450637855944899357e+00  2.456897990245181518e+00  2.463689258778998692e+00
399 11971 6.736984e-02 5.145308e+03  2.444495607807214643e+00  2.447951731797270991e+00  2.455381300065297978e+00  2.463520927068955313e+00
400 12001 6.994202e-02 4.884947e+03  2.444495607807214643e+00  2.449670187223120799e+00  2.456058472312465213e+00  2.463209316002791027e+00
401 12031 7.359961e-02 4.663100e+03  2.444495607807214643e+00  2.447422799261996129e+00  2.456444392315645153e+00  2.464971415269315180e+00
402 12061 7.527733e-02 4.395481e+03  2.444495607807214643e+00  2.447998719606327089e+00  2.454595880434624178e+00  2.460462533777653338e+00
403 12091 7.427383e-02 4.322098e+03  2.444495607807214643e+00  2.447179703403411288e+00  2.455161329497611788e+00  2.464941541415635484e+00
404 12121 6.966100e-02 4.111978e+03  2.444495607807214643e+00  2.448980675576056587e+00  2.454667616989056445e+00  2.459479354233916393e+00
405 12151 6.554305e-02 4.197448e+03  2.444495607807214643e+00  2.445643962365048552e+00  2.455344908044144958e+00  2.462875902433870223e+00
406 12181 6.503851e-02 4.284709e+03  2.444495607807214643e+00  2.447776689410976036e+00  2.455064054106147253e+00  2.461085737094129922e+00
407 12211 7.175502e-02 4.343544e+03  2.444495607807214643e+00  2.447887848920460296e+00  2.454677204899823550e+00  2.463226178670049116e+00
408 12241 7.168747e-02 4.280673e+03  2.444495607807214643e+00  2.448250958033933777e+00  2.455567396698326466e+00  2.461191465577957871e+00
409 12271 6.079437e-02 4.152756e+03  2.444495607807214643e+00  2.445879656927183454e+00  2.454932607233388353e+00  2.462349686727356435e+00
410 12301 5.866480e-02 4.088033e+03  2.444495607807214643e+00  2.447594168484061861e+00  2.456405329660649617e+00  2.463656480486432709e+00
411 12331 5.329207e-02 4.147416e+03  2.444495607807214643e+00  2.447917153848837568e+00  2.455439504135003226e+00  2.463075999818901352e+00
412 12361 5.083157e-02 4.165012e+03  2.444495607807214643e+00  2.445140578514036545e+00  2.455238185188258093e+00  2.461453512307744340e+00
413 12391 4.750937e-02 4.149903e+03  2.444495607807214643e+00  2.447176824515647997e+00  2.457115282251177923e+00  2.463398525593954780e+00
414 12421 4.510841e-02 4.239204e+03  2.444495607807214643e+00  2.446682531587511367e+00  2.455831147276366977e+00  2.462103981584979895e+00
415 12451 4.100770e-02 4.472987e+03  2.444495607807214643e+00  2.448732154640645753e+00  2.455278896059864380e+00  2.464650847442759307e+00
416 12481 3.683174e-02 4.308515e+03  2.444495607807214643e+00  2.447349446419296193e+00  2.456282240618480550e+00  2.463193541552773258e+00
417 12511 3.353920e-02 4.260497e+03  2.444495607807214643e+00  2.448397658946847688e+00  2.454748648084249751e+00  2.463332694303805859e+00
418 12541 2.993910e-02 4.296185e+03  2.444495607807214643e+00  2.450039139287601753e+00  2.454700980898704366e+00  2.463197932057911377e+00
419 12571 2.957633e-02 4.281129e+03  2.444495607807214643e+00  2.446660249394282616e+00  2.455214815058151423e+00  2.463962838055846039e+00
420 12601 3.077648e-02 4.142165e+03  2.444495607807214643e+00  2.449002432258278183e+00  2.455550166187715266e+00  2.461972983177342478e+00
421 12631 2.909692e-02 4.167114e+03  2.444495607807214643e+00  2.446516311441271796e+00  2.454184393526736230e+00  2.463157008059035036e+00
422 12661 3.055662e-02 4.208344e+03  2.444495607807214643e+00  2.447116002295780746e+00  2.455654333479620366e+00  2.461734545581258704e+00
423 12691 3.018092e-02 4.369137e+03  2.444495607807214643e+00  2.446179114694094991e+00  2.455821166543838530e+00  2.464969842636655084e+00
424 12721 2.703961e-02 4.318508e+03  2.444495607807214643e+00  2.446360959610891506e+00  2.454049964451721522e+00  2.464538898118259880e+00
425 12751 2.890092e-02 4.243977e+03  2.444495607807214643e+00  2.447412366367089032e+00  2.455318454774475967e+00  2.463290587454140201e+00
426 12781 3.589245e-02 4.165383e+03  2.444495607807214643e+00  2.449394428050374106e+00  2.454288661939460603e+00  2.461486259665210508e+00
427 12811 3.616585e-02 4.115208e+03  2.444495607807214643e+00  2.448450671108822529e+00  2.454597714958757670e+00  2.463756330846524900e+00
428 12841 3.611797e-02 3.999266e+03  2.444495607807214643e+00  2.450493893576434878e+00  2.456847276908007860e+00  2.461550938590892024e+00
