%  columns="iteration, evaluation, void, void, void, xmean" (startseed=205058, 2015/09/3 3:8:12.59)
0 1 0 0 0 1.000000e+00 1.000000e+00 1.000000e+00 1.000000e+00 1.000000e+00 1.000000e+00 1.000000e+00 1.000000e+00 1.000000e+00 
1 31 0 0 0 2.622381e-01 7.319177e-01 8.291733e-01 1.242043e+00 6.227438e-01 8.929384e-01 4.648526e-01 1.165425e+00 1.202429e+00 
2 61 0 0 0 7.918922e-01 5.398090e-01 8.647463e-01 8.503153e-02 6.625063e-01 7.149872e-01 -6.918026e-01 1.676833e+00 1.353632e+00 
3 91 0 0 0 -6.182063e-01 3.814267e-01 1.086473e+00 -1.277447e+00 6.352355e-01 9.145337e-01 -7.037056e-01 1.716392e+00 1.426294e+00 
4 121 0 0 0 7.845822e-03 9.724052e-02 1.202092e+00 -1.573145e+00 4.456961e-01 8.939034e-01 1.518742e-01 2.234706e+00 1.488587e+00 
5 151 0 0 0 -8.712825e-01 1.383876e-01 8.891173e-01 -7.829397e+00 2.323321e-01 9.947674e-01 1.231168e+00 1.857307e+00 1.328064e+00 
6 181 0 0 0 -2.328021e+00 -4.212965e-01 1.278798e+00 -6.500587e+00 -1.059854e-01 1.006595e+00 2.551984e+00 2.020507e+00 1.180241e+00 
7 211 0 0 0 -2.665334e+00 -5.242299e-01 1.564971e+00 -9.057570e+00 -9.252966e-01 1.124425e+00 3.579711e+00 1.868498e+00 1.275375e+00 
8 241 0 0 0 -3.761213e+00 -1.035366e+00 1.224114e+00 -9.645032e+00 -1.217779e+00 1.150129e+00 3.982829e+00 2.067551e+00 8.420587e-01 
9 271 0 0 0 -4.651824e+00 -1.301111e+00 1.286186e+00 -1.192180e+01 -1.451316e+00 1.404273e+00 3.864053e+00 2.012573e+00 8.515981e-01 
10 301 0 0 0 -4.605271e+00 -1.223736e+00 8.428074e-01 -1.360582e+01 -1.655459e+00 1.382223e+00 4.824860e+00 2.231655e+00 5.126501e-01 
11 331 0 0 0 -4.711745e+00 -1.278414e+00 8.193749e-01 -1.151518e+01 -1.775978e+00 1.305668e+00 6.266822e+00 2.274213e+00 -1.410795e-02 
12 361 0 0 0 -4.356613e+00 -1.409096e+00 1.081642e+00 -1.128107e+01 -1.999110e+00 1.336901e+00 6.487901e+00 2.033616e+00 -1.925877e-01 
13 391 0 0 0 -2.885726e+00 -1.333177e+00 1.407591e+00 -8.431642e+00 -1.614045e+00 1.400755e+00 5.852734e+00 2.387209e+00 -6.025256e-02 
14 421 0 0 0 -2.760099e+00 -1.049671e+00 1.775420e+00 -5.805297e+00 -1.423664e+00 1.402086e+00 6.050100e+00 2.424873e+00 -2.499549e-01 
15 451 0 0 0 -2.586380e+00 -8.310221e-01 1.820260e+00 -6.834564e+00 -1.389563e+00 1.606364e+00 5.676940e+00 1.988220e+00 -3.433707e-01 
16 481 0 0 0 -1.906989e+00 -5.462105e-01 1.610100e+00 -3.481245e+00 -1.122066e+00 1.470924e+00 5.034802e+00 1.923103e+00 -5.174502e-02 
17 511 0 0 0 -2.583048e+00 -6.738873e-01 1.997552e+00 9.461448e-03 -1.503728e+00 1.782854e+00 5.877792e+00 1.985554e+00 -8.280441e-02 
18 541 0 0 0 -8.522292e-01 -7.276649e-01 1.874880e+00 9.152148e-01 -8.739930e-01 1.575569e+00 5.248631e+00 2.007740e+00 -1.589486e-01 
19 571 0 0 0 -3.224249e-01 -1.011015e+00 2.271666e+00 4.260044e+00 -1.209412e+00 1.548547e+00 6.480244e+00 1.833231e+00 -4.841329e-01 
20 601 0 0 0 2.729820e-01 -6.952869e-01 2.436469e+00 6.654777e+00 -1.160003e+00 1.388918e+00 6.413356e+00 1.610143e+00 -3.639940e-01 
21 631 0 0 0 3.579228e-02 -1.154675e+00 2.558240e+00 5.229576e+00 -1.490583e+00 1.677704e+00 6.175817e+00 1.481509e+00 -2.705693e-01 
22 661 0 0 0 6.885382e-01 -1.103484e+00 2.567729e+00 5.462123e+00 -1.476786e+00 1.950232e+00 5.473395e+00 1.715324e+00 -9.828151e-02 
23 691 0 0 0 2.709303e+00 -1.233785e+00 2.983414e+00 4.564302e+00 -1.702776e+00 1.802121e+00 5.861361e+00 1.517095e+00 -4.904485e-01 
24 721 0 0 0 2.265234e+00 -1.730906e+00 3.153047e+00 5.085647e+00 -1.736599e+00 1.892198e+00 6.551759e+00 1.640981e+00 -4.914537e-01 
25 751 0 0 0 1.762069e+00 -1.422611e+00 2.734134e+00 9.827432e+00 -1.806644e+00 1.823541e+00 6.988947e+00 1.504713e+00 -2.928984e-01 
26 781 0 0 0 2.849808e+00 -1.438977e+00 2.789310e+00 1.193673e+01 -1.561428e+00 1.769853e+00 6.063449e+00 1.240420e+00 -3.226487e-01 
27 811 0 0 0 1.635338e+00 -1.074514e+00 2.714112e+00 1.135752e+01 -1.505683e+00 1.778234e+00 6.372562e+00 1.224966e+00 -5.024566e-01 
28 841 0 0 0 2.358616e+00 -1.108154e+00 2.798628e+00 1.017704e+01 -1.253610e+00 1.633658e+00 6.107629e+00 1.319903e+00 -5.760941e-01 
29 871 0 0 0 3.162855e+00 -1.053499e+00 2.574878e+00 1.069805e+01 -1.186951e+00 1.856168e+00 5.718124e+00 1.166787e+00 -3.316457e-01 
30 901 0 0 0 3.114164e+00 -9.664035e-01 2.473255e+00 1.345312e+01 -1.051708e+00 1.786728e+00 6.011644e+00 9.488541e-01 -3.262849e-01 
31 931 0 0 0 2.980742e+00 -1.099744e+00 2.473531e+00 1.539979e+01 -8.801493e-01 1.846679e+00 6.188276e+00 8.612017e-01 -3.178411e-01 
32 961 0 0 0 2.774474e+00 -1.356629e+00 2.555379e+00 1.611977e+01 -1.184394e+00 1.833418e+00 7.193819e+00 8.602840e-01 -4.812271e-01 
33 991 0 0 0 2.708837e+00 -1.151610e+00 2.454550e+00 1.588527e+01 -1.105293e+00 1.731500e+00 7.008328e+00 9.330006e-01 -2.850516e-01 
34 1021 0 0 0 2.655437e+00 -1.045926e+00 2.352271e+00 1.495509e+01 -9.034192e-01 1.602493e+00 7.162503e+00 9.695428e-01 -4.110066e-01 
35 1051 0 0 0 2.583111e+00 -9.713367e-01 2.507934e+00 1.477442e+01 -8.957024e-01 1.590898e+00 6.707117e+00 1.003174e+00 -2.050321e-01 
36 1081 0 0 0 2.700304e+00 -1.029560e+00 2.406858e+00 1.522429e+01 -8.289538e-01 1.419903e+00 6.403550e+00 8.982747e-01 -1.980657e-01 
37 1111 0 0 0 2.908387e+00 -1.036124e+00 2.544368e+00 1.728274e+01 -6.141955e-01 1.371905e+00 6.306293e+00 7.850582e-01 -3.007077e-01 
38 1141 0 0 0 2.874683e+00 -1.214720e+00 2.574934e+00 1.715615e+01 -5.747027e-01 1.515899e+00 6.117526e+00 8.300282e-01 -2.563769e-01 
39 1171 0 0 0 3.027178e+00 -1.098891e+00 2.380078e+00 1.442471e+01 -5.007817e-01 1.521782e+00 5.644682e+00 8.665579e-01 -2.198226e-01 
40 1201 0 0 0 2.985585e+00 -9.543428e-01 2.352623e+00 1.460103e+01 -4.757787e-01 1.636380e+00 5.750663e+00 8.718532e-01 -2.063736e-01 
41 1231 0 0 0 2.950390e+00 -8.695482e-01 2.292191e+00 1.519216e+01 -4.968385e-01 1.657704e+00 5.564072e+00 8.578067e-01 -1.441591e-01 
42 1261 0 0 0 2.747761e+00 -9.037880e-01 2.303246e+00 1.479448e+01 -5.572488e-01 1.593979e+00 5.581010e+00 8.963964e-01 -1.975242e-01 
43 1291 0 0 0 2.745471e+00 -8.640170e-01 2.260306e+00 1.559774e+01 -4.749513e-01 1.605711e+00 5.400790e+00 8.725456e-01 -1.757127e-01 
44 1321 0 0 0 2.546995e+00 -7.990139e-01 2.091561e+00 1.615494e+01 -3.657422e-01 1.510435e+00 4.966221e+00 8.979142e-01 6.806528e-03 
45 1351 0 0 0 2.540709e+00 -7.370595e-01 2.179256e+00 1.744573e+01 -3.658484e-01 1.525084e+00 5.070007e+00 8.972017e-01 3.713682e-02 
46 1381 0 0 0 2.378272e+00 -6.949877e-01 2.113677e+00 1.910761e+01 -3.367406e-01 1.469390e+00 5.009790e+00 8.826689e-01 1.521894e-01 
47 1411 0 0 0 2.632211e+00 -6.668806e-01 2.115192e+00 1.772950e+01 -3.912688e-01 1.528460e+00 4.885482e+00 8.328006e-01 8.285755e-02 
48 1441 0 0 0 2.605638e+00 -7.528089e-01 2.146650e+00 1.769073e+01 -3.835945e-01 1.541854e+00 4.933045e+00 8.097558e-01 -3.117024e-02 
49 1471 0 0 0 2.650446e+00 -6.549327e-01 2.089888e+00 1.705561e+01 -3.275020e-01 1.455852e+00 5.036770e+00 8.338683e-01 1.297159e-02 
50 1501 0 0 0 2.679897e+00 -6.280622e-01 1.988088e+00 1.676745e+01 -2.805102e-01 1.434041e+00 5.010779e+00 8.190450e-01 5.196840e-02 
51 1531 0 0 0 2.433441e+00 -5.965258e-01 1.979489e+00 1.623387e+01 -2.825573e-01 1.417738e+00 5.078880e+00 8.908806e-01 1.284368e-01 
52 1561 0 0 0 2.751745e+00 -6.098246e-01 1.999373e+00 1.600109e+01 -2.325709e-01 1.434103e+00 5.291176e+00 8.188832e-01 7.832269e-02 
53 1591 0 0 0 2.503277e+00 -6.241845e-01 2.022732e+00 1.650109e+01 -1.904160e-01 1.439525e+00 4.951596e+00 8.558289e-01 1.061680e-01 
54 1621 0 0 0 2.495016e+00 -6.471595e-01 2.124892e+00 1.706652e+01 -1.772899e-01 1.401633e+00 4.959546e+00 8.505467e-01 8.203559e-02 
55 1651 0 0 0 2.572660e+00 -5.594425e-01 1.995366e+00 1.681583e+01 -2.078942e-01 1.373592e+00 4.964808e+00 8.470281e-01 1.081818e-01 
56 1681 0 0 0 2.510029e+00 -4.180546e-01 2.013087e+00 1.729080e+01 -1.634635e-01 1.358207e+00 4.802900e+00 8.611677e-01 1.798546e-01 
57 1711 0 0 0 2.495207e+00 -4.333211e-01 2.064389e+00 1.752846e+01 -2.020210e-01 1.367328e+00 4.745595e+00 8.572871e-01 1.511846e-01 
58 1741 0 0 0 2.562438e+00 -3.431532e-01 2.067336e+00 1.695837e+01 -2.414267e-01 1.399441e+00 4.914029e+00 8.654635e-01 1.464603e-01 
59 1771 0 0 0 2.498753e+00 -2.694539e-01 2.047280e+00 1.652939e+01 -2.684077e-01 1.358320e+00 4.838804e+00 8.961763e-01 1.526021e-01 
60 1801 0 0 0 2.458317e+00 -3.967923e-01 2.053226e+00 1.695383e+01 -1.948215e-01 1.341399e+00 4.913717e+00 8.767231e-01 4.913591e-02 
61 1831 0 0 0 2.510670e+00 -3.851420e-01 2.048460e+00 1.724930e+01 -2.030319e-01 1.307215e+00 4.937579e+00 8.436203e-01 6.338909e-02 
62 1861 0 0 0 2.408902e+00 -2.845068e-01 2.057372e+00 1.708232e+01 -1.710798e-01 1.243515e+00 4.870464e+00 8.549300e-01 1.200252e-01 
63 1891 0 0 0 2.410339e+00 -3.381103e-01 2.028557e+00 1.763700e+01 -2.072653e-01 1.334780e+00 4.941049e+00 8.616941e-01 1.133477e-01 
64 1921 0 0 0 2.354312e+00 -3.837535e-01 1.976895e+00 1.746585e+01 -1.765139e-01 1.319696e+00 4.967439e+00 8.558662e-01 1.204775e-01 
65 1951 0 0 0 2.412888e+00 -3.414194e-01 2.012161e+00 1.783695e+01 -1.374128e-01 1.272476e+00 4.995637e+00 8.402194e-01 1.264163e-01 
66 1981 0 0 0 2.385524e+00 -2.657676e-01 1.986102e+00 1.781156e+01 -1.364262e-01 1.271997e+00 4.923293e+00 8.427458e-01 1.431773e-01 
67 2011 0 0 0 2.368438e+00 -2.603131e-01 1.951959e+00 1.766030e+01 -1.335120e-01 1.259094e+00 4.794930e+00 8.541388e-01 1.814602e-01 
68 2041 0 0 0 2.415044e+00 -2.219684e-01 1.944380e+00 1.755000e+01 -1.157440e-01 1.252277e+00 4.697393e+00 8.433267e-01 1.633398e-01 
69 2071 0 0 0 2.328964e+00 -2.097291e-01 1.932419e+00 1.758542e+01 -9.333412e-02 1.275420e+00 4.669406e+00 8.472234e-01 1.597305e-01 
70 2101 0 0 0 2.292038e+00 -1.781518e-01 1.935266e+00 1.767920e+01 -1.071628e-01 1.314882e+00 4.666168e+00 8.568292e-01 1.971153e-01 
71 2131 0 0 0 2.265728e+00 -1.316910e-01 1.906911e+00 1.749167e+01 -1.210752e-01 1.303660e+00 4.856883e+00 8.747745e-01 1.832922e-01 
72 2161 0 0 0 2.267629e+00 -1.451706e-01 1.944813e+00 1.783217e+01 -1.218824e-01 1.260087e+00 4.759167e+00 8.794044e-01 2.025085e-01 
73 2191 0 0 0 2.258470e+00 -1.308277e-01 1.932877e+00 1.834953e+01 -1.236591e-01 1.237714e+00 4.795884e+00 8.592106e-01 1.999306e-01 
74 2221 0 0 0 2.341357e+00 -1.161517e-01 1.940939e+00 1.766085e+01 -1.409109e-01 1.271032e+00 4.790382e+00 8.491315e-01 1.566711e-01 
75 2251 0 0 0 2.297995e+00 -1.065725e-01 1.956559e+00 1.789662e+01 -9.577536e-02 1.275636e+00 4.736413e+00 8.598996e-01 1.729884e-01 
76 2281 0 0 0 2.300120e+00 -1.325227e-01 1.972754e+00 1.835084e+01 -7.556322e-02 1.245025e+00 4.788683e+00 8.593810e-01 1.964960e-01 
77 2311 0 0 0 2.374382e+00 -1.333342e-01 1.997241e+00 1.837239e+01 -9.488280e-02 1.265767e+00 4.761560e+00 8.499676e-01 1.915988e-01 
78 2341 0 0 0 2.348764e+00 -1.390750e-01 2.011096e+00 1.822548e+01 -9.028292e-02 1.260557e+00 4.679227e+00 8.568519e-01 1.872325e-01 
79 2371 0 0 0 2.301282e+00 -1.581179e-01 1.968665e+00 1.797043e+01 -9.075827e-02 1.257633e+00 4.684497e+00 8.640210e-01 1.818665e-01 
80 2401 0 0 0 2.273240e+00 -1.300288e-01 1.945802e+00 1.789570e+01 -1.045261e-01 1.260801e+00 4.626585e+00 8.689959e-01 1.814780e-01 
81 2431 0 0 0 2.265531e+00 -1.209394e-01 1.946618e+00 1.806306e+01 -9.078283e-02 1.252003e+00 4.616696e+00 8.695052e-01 1.832364e-01 
82 2461 0 0 0 2.247729e+00 -1.062466e-01 1.942100e+00 1.809055e+01 -8.091590e-02 1.259372e+00 4.612272e+00 8.714566e-01 1.917773e-01 
83 2491 0 0 0 2.236496e+00 -1.057349e-01 1.966353e+00 1.837342e+01 -7.147487e-02 1.237099e+00 4.631684e+00 8.710442e-01 2.019590e-01 
84 2521 0 0 0 2.257806e+00 -8.944281e-02 1.967236e+00 1.841485e+01 -5.942190e-02 1.229532e+00 4.655017e+00 8.629992e-01 1.924065e-01 
85 2551 0 0 0 2.280151e+00 -8.433265e-02 1.988626e+00 1.846797e+01 -5.676894e-02 1.235501e+00 4.657124e+00 8.647807e-01 2.020859e-01 
86 2581 0 0 0 2.318930e+00 -1.011907e-01 1.993359e+00 1.842422e+01 -5.867766e-02 1.225050e+00 4.641348e+00 8.570749e-01 2.002440e-01 
87 2611 0 0 0 2.309416e+00 -9.360358e-02 1.975898e+00 1.837472e+01 -4.866988e-02 1.230616e+00 4.680296e+00 8.546926e-01 2.100944e-01 
88 2641 0 0 0 2.267408e+00 -8.395432e-02 1.988457e+00 1.837287e+01 -3.737980e-02 1.220505e+00 4.673725e+00 8.640734e-01 2.247397e-01 
89 2671 0 0 0 2.241770e+00 -8.562516e-02 1.962764e+00 1.814879e+01 -5.743384e-02 1.236305e+00 4.680444e+00 8.668074e-01 2.222816e-01 
90 2701 0 0 0 2.275146e+00 -7.185212e-02 1.959078e+00 1.812386e+01 -5.534627e-02 1.237942e+00 4.672099e+00 8.652316e-01 2.205626e-01 
91 2731 0 0 0 2.296558e+00 -6.162728e-02 1.973780e+00 1.825400e+01 -3.998482e-02 1.225940e+00 4.633554e+00 8.597891e-01 2.338207e-01 
92 2761 0 0 0 2.279668e+00 -6.439885e-02 1.948910e+00 1.826081e+01 -4.127424e-02 1.228683e+00 4.606840e+00 8.564021e-01 2.438413e-01 
93 2791 0 0 0 2.277905e+00 -8.885296e-02 1.939150e+00 1.819825e+01 -4.907796e-02 1.246921e+00 4.622432e+00 8.539093e-01 2.309135e-01 
94 2821 0 0 0 2.268211e+00 -7.580229e-02 1.937997e+00 1.808268e+01 -5.061869e-02 1.256072e+00 4.605074e+00 8.607092e-01 2.235374e-01 
95 2851 0 0 0 2.272010e+00 -7.711590e-02 1.946940e+00 1.795960e+01 -4.536773e-02 1.256149e+00 4.584172e+00 8.613835e-01 2.188613e-01 
96 2881 0 0 0 2.275670e+00 -5.288710e-02 1.940597e+00 1.817117e+01 -3.568896e-02 1.254193e+00 4.617232e+00 8.576601e-01 2.345101e-01 
97 2911 0 0 0 2.237104e+00 -5.067760e-02 1.932851e+00 1.830474e+01 -2.903156e-02 1.244114e+00 4.638154e+00 8.628752e-01 2.287115e-01 
98 2941 0 0 0 2.234845e+00 -4.874629e-02 1.948124e+00 1.838066e+01 -2.471465e-02 1.232273e+00 4.621082e+00 8.624431e-01 2.263237e-01 
99 2971 0 0 0 2.236413e+00 -5.195581e-02 1.956697e+00 1.833978e+01 -2.707757e-02 1.235306e+00 4.622315e+00 8.642301e-01 2.176775e-01 
100 3001 0 0 0 2.256234e+00 -3.925334e-02 1.962174e+00 1.838776e+01 -2.757773e-02 1.231649e+00 4.611045e+00 8.638760e-01 2.339393e-01 
101 3031 0 0 0 2.265627e+00 -3.421835e-02 1.963220e+00 1.836475e+01 -2.558594e-02 1.234070e+00 4.629518e+00 8.637737e-01 2.232111e-01 
102 3061 0 0 0 2.275424e+00 -5.118904e-02 1.979587e+00 1.841464e+01 -2.064693e-02 1.227083e+00 4.610535e+00 8.631320e-01 2.315079e-01 
103 3091 0 0 0 2.285369e+00 -3.434588e-02 1.975741e+00 1.842155e+01 -2.087898e-02 1.227368e+00 4.604050e+00 8.608158e-01 2.308317e-01 
104 3121 0 0 0 2.289598e+00 -2.733164e-02 1.969182e+00 1.834214e+01 -2.859490e-02 1.226575e+00 4.591448e+00 8.583199e-01 2.289771e-01 
105 3151 0 0 0 2.289340e+00 -2.445790e-02 1.972011e+00 1.824953e+01 -3.331223e-02 1.231669e+00 4.551690e+00 8.587943e-01 2.278057e-01 
106 3181 0 0 0 2.279842e+00 -2.377259e-02 1.969356e+00 1.821649e+01 -2.051824e-02 1.223509e+00 4.558901e+00 8.574071e-01 2.329012e-01 
107 3211 0 0 0 2.267059e+00 -3.286561e-02 1.965436e+00 1.835616e+01 -2.478204e-02 1.232081e+00 4.549742e+00 8.613961e-01 2.430743e-01 
108 3241 0 0 0 2.286103e+00 -3.747998e-02 1.967019e+00 1.836986e+01 -1.845418e-02 1.222165e+00 4.553058e+00 8.536629e-01 2.419014e-01 
109 3271 0 0 0 2.270496e+00 -3.620431e-02 1.960976e+00 1.827142e+01 -1.454557e-02 1.226157e+00 4.557277e+00 8.556171e-01 2.275586e-01 
110 3301 0 0 0 2.270696e+00 -3.448317e-02 1.946573e+00 1.821103e+01 -1.902973e-02 1.228659e+00 4.534950e+00 8.568620e-01 2.398745e-01 
111 3331 0 0 0 2.265939e+00 -4.406984e-02 1.948833e+00 1.812970e+01 -2.179223e-02 1.234880e+00 4.510753e+00 8.582404e-01 2.471925e-01 
112 3361 0 0 0 2.263111e+00 -4.276870e-02 1.935269e+00 1.803840e+01 -1.590668e-02 1.226709e+00 4.517698e+00 8.551027e-01 2.454853e-01 
113 3391 0 0 0 2.274696e+00 -2.765050e-02 1.932592e+00 1.799717e+01 -2.526102e-02 1.234026e+00 4.558229e+00 8.536080e-01 2.394380e-01 
114 3421 0 0 0 2.245207e+00 -3.137684e-02 1.914495e+00 1.791842e+01 -3.280141e-02 1.232839e+00 4.539820e+00 8.572716e-01 2.435259e-01 
115 3451 0 0 0 2.233438e+00 -2.726636e-02 1.930904e+00 1.798988e+01 -3.234546e-02 1.223261e+00 4.523766e+00 8.595311e-01 2.457963e-01 
116 3481 0 0 0 2.225545e+00 -2.401969e-02 1.926837e+00 1.788826e+01 -3.164361e-02 1.216273e+00 4.499364e+00 8.572945e-01 2.476837e-01 
117 3511 0 0 0 2.226133e+00 -2.496059e-02 1.928105e+00 1.781529e+01 -3.801339e-02 1.214547e+00 4.503781e+00 8.592745e-01 2.400993e-01 
118 3541 0 0 0 2.230632e+00 -4.079564e-02 1.932292e+00 1.766609e+01 -4.445368e-02 1.202933e+00 4.511849e+00 8.579751e-01 2.397151e-01 
119 3571 0 0 0 2.235559e+00 -3.582343e-02 1.935035e+00 1.749135e+01 -3.979457e-02 1.206111e+00 4.525685e+00 8.565839e-01 2.340729e-01 
120 3601 0 0 0 2.243331e+00 -3.947137e-02 1.936427e+00 1.738040e+01 -4.482525e-02 1.210212e+00 4.517275e+00 8.577385e-01 2.343307e-01 
121 3631 0 0 0 2.226718e+00 -4.359674e-02 1.927780e+00 1.738060e+01 -4.491647e-02 1.208603e+00 4.515795e+00 8.600876e-01 2.409639e-01 
122 3661 0 0 0 2.254889e+00 -5.603937e-02 1.936765e+00 1.742040e+01 -4.934095e-02 1.209093e+00 4.502133e+00 8.555367e-01 2.481791e-01 
123 3691 0 0 0 2.236711e+00 -4.365555e-02 1.928709e+00 1.751589e+01 -4.826012e-02 1.208881e+00 4.462095e+00 8.573169e-01 2.568947e-01 
124 3721 0 0 0 2.222391e+00 -4.311356e-02 1.943866e+00 1.772418e+01 -4.684377e-02 1.208717e+00 4.429312e+00 8.613276e-01 2.639601e-01 
125 3751 0 0 0 2.218055e+00 -5.234900e-02 1.950428e+00 1.777765e+01 -4.971578e-02 1.195206e+00 4.430104e+00 8.599838e-01 2.680658e-01 
126 3781 0 0 0 2.191156e+00 -4.599518e-02 1.922576e+00 1.775293e+01 -4.800736e-02 1.193273e+00 4.401045e+00 8.589070e-01 2.752019e-01 
127 3811 0 0 0 2.209888e+00 -6.131987e-02 1.950462e+00 1.779098e+01 -5.581633e-02 1.190122e+00 4.382302e+00 8.597685e-01 2.781883e-01 
128 3841 0 0 0 2.212143e+00 -6.187585e-02 1.957277e+00 1.769429e+01 -5.806506e-02 1.187977e+00 4.382918e+00 8.590205e-01 2.806285e-01 
129 3871 0 0 0 2.168426e+00 -4.699902e-02 1.951894e+00 1.773705e+01 -5.920490e-02 1.185725e+00 4.378572e+00 8.662113e-01 2.807224e-01 
130 3901 0 0 0 2.162083e+00 -5.154666e-02 1.939193e+00 1.779765e+01 -5.603528e-02 1.198487e+00 4.375909e+00 8.666898e-01 2.807157e-01 
131 3931 0 0 0 2.123954e+00 -5.114417e-02 1.933294e+00 1.810637e+01 -5.742331e-02 1.197669e+00 4.334961e+00 8.731985e-01 2.918294e-01 
132 3961 0 0 0 2.133467e+00 -5.269209e-02 1.915282e+00 1.800563e+01 -6.032179e-02 1.197610e+00 4.279895e+00 8.669812e-01 3.016890e-01 
133 3991 0 0 0 2.146572e+00 -5.961070e-02 1.923578e+00 1.816992e+01 -6.228733e-02 1.201692e+00 4.265926e+00 8.666402e-01 3.084442e-01 
134 4021 0 0 0 2.121655e+00 -5.641869e-02 1.913689e+00 1.852343e+01 -5.553140e-02 1.199875e+00 4.192798e+00 8.653160e-01 3.254991e-01 
135 4051 0 0 0 2.070943e+00 -5.224984e-02 1.871277e+00 1.846239e+01 -6.322124e-02 1.218276e+00 4.125987e+00 8.693356e-01 3.423229e-01 
136 4081 0 0 0 1.991188e+00 -4.321712e-02 1.854782e+00 1.851849e+01 -4.917241e-02 1.203357e+00 4.043587e+00 8.754638e-01 3.630932e-01 
137 4111 0 0 0 1.912551e+00 -5.831935e-02 1.841117e+00 1.883693e+01 -5.401850e-02 1.197271e+00 3.881879e+00 8.827814e-01 4.100870e-01 
138 4141 0 0 0 1.920811e+00 -5.455925e-02 1.859079e+00 1.890670e+01 -5.692300e-02 1.187792e+00 3.869505e+00 8.807852e-01 4.228072e-01 
139 4171 0 0 0 1.926550e+00 -6.984953e-02 1.863662e+00 1.881750e+01 -8.645515e-02 1.207030e+00 3.838142e+00 8.880064e-01 4.262435e-01 
140 4201 0 0 0 1.892283e+00 -6.641585e-02 1.898439e+00 1.893750e+01 -7.307921e-02 1.169052e+00 3.816584e+00 8.910812e-01 4.348306e-01 
141 4231 0 0 0 1.823654e+00 -7.020078e-02 1.893405e+00 1.903057e+01 -9.706739e-02 1.143144e+00 3.713955e+00 8.973517e-01 4.765881e-01 
142 4261 0 0 0 1.801411e+00 -9.505424e-02 1.884234e+00 1.932514e+01 -1.085826e-01 1.143289e+00 3.622909e+00 8.956648e-01 5.133132e-01 
143 4291 0 0 0 1.792182e+00 -9.952281e-02 1.929893e+00 1.999862e+01 -9.998976e-02 1.095464e+00 3.547359e+00 8.885648e-01 5.509674e-01 
144 4321 0 0 0 1.726533e+00 -1.048527e-01 1.837521e+00 1.880125e+01 -1.095000e-01 1.096427e+00 3.551327e+00 8.873742e-01 5.453005e-01 
145 4351 0 0 0 1.767379e+00 -1.247183e-01 1.822729e+00 1.911052e+01 -8.609987e-02 1.106189e+00 3.575250e+00 8.719349e-01 5.428134e-01 
146 4381 0 0 0 1.735369e+00 -1.444163e-01 1.813215e+00 1.924952e+01 -1.185896e-01 1.132463e+00 3.576486e+00 8.866328e-01 5.346353e-01 
147 4411 0 0 0 1.664502e+00 -1.440234e-01 1.791528e+00 1.934032e+01 -1.237608e-01 1.129592e+00 3.510238e+00 8.959976e-01 5.616903e-01 
148 4441 0 0 0 1.625115e+00 -1.433250e-01 1.783837e+00 1.963373e+01 -1.391453e-01 1.133106e+00 3.452704e+00 9.012249e-01 5.876129e-01 
149 4471 0 0 0 1.531719e+00 -1.572581e-01 1.786812e+00 1.993886e+01 -1.733929e-01 1.098291e+00 3.335251e+00 9.092152e-01 6.420488e-01 
150 4501 0 0 0 1.442268e+00 -1.591433e-01 1.771850e+00 2.006012e+01 -1.779622e-01 1.105412e+00 3.280506e+00 9.256915e-01 6.673881e-01 
151 4531 0 0 0 1.376174e+00 -1.335456e-01 1.779611e+00 1.985339e+01 -1.857609e-01 1.068231e+00 3.241296e+00 9.324150e-01 6.960531e-01 
152 4561 0 0 0 1.379330e+00 -1.239974e-01 1.756542e+00 1.971607e+01 -2.007179e-01 1.060747e+00 3.214099e+00 9.247502e-01 7.212587e-01 
153 4591 0 0 0 1.386426e+00 -1.308904e-01 1.679313e+00 1.896391e+01 -1.819244e-01 1.114238e+00 3.330733e+00 9.186560e-01 6.479315e-01 
154 4621 0 0 0 1.366820e+00 -1.077271e-01 1.662412e+00 1.930054e+01 -1.718106e-01 1.149179e+00 3.302896e+00 9.269029e-01 6.532424e-01 
155 4651 0 0 0 1.303625e+00 -1.155621e-01 1.622346e+00 1.924685e+01 -1.641090e-01 1.147750e+00 3.313385e+00 9.253795e-01 6.376681e-01 
156 4681 0 0 0 1.329836e+00 -7.823367e-02 1.620970e+00 1.917203e+01 -1.434538e-01 1.158283e+00 3.345792e+00 9.270944e-01 6.216547e-01 
157 4711 0 0 0 1.383472e+00 -8.982565e-02 1.647326e+00 1.931876e+01 -1.658791e-01 1.170992e+00 3.305724e+00 9.235331e-01 6.469011e-01 
158 4741 0 0 0 1.347554e+00 -8.372934e-02 1.660281e+00 1.932510e+01 -2.006738e-01 1.155219e+00 3.241968e+00 9.309369e-01 6.858795e-01 
159 4771 0 0 0 1.293639e+00 -1.089564e-01 1.657536e+00 1.983871e+01 -2.073746e-01 1.140140e+00 3.169767e+00 9.348537e-01 7.244493e-01 
160 4801 0 0 0 1.280414e+00 -9.988527e-02 1.694865e+00 1.994690e+01 -1.920695e-01 1.095673e+00 3.118509e+00 9.357984e-01 7.636668e-01 
161 4831 0 0 0 1.267756e+00 -9.023003e-02 1.677366e+00 2.028785e+01 -2.068289e-01 1.099542e+00 3.099102e+00 9.359855e-01 7.788606e-01 
162 4861 0 0 0 1.278630e+00 -6.132952e-02 1.643174e+00 2.056164e+01 -1.954791e-01 1.136002e+00 3.096985e+00 9.330365e-01 7.811249e-01 
163 4891 0 0 0 1.326968e+00 -4.451783e-02 1.634950e+00 2.045399e+01 -1.781359e-01 1.150240e+00 3.122004e+00 9.230189e-01 7.627927e-01 
164 4921 0 0 0 1.318136e+00 -4.207580e-02 1.664296e+00 2.066458e+01 -1.538373e-01 1.111950e+00 3.126592e+00 9.184668e-01 7.652366e-01 
165 4951 0 0 0 1.306601e+00 -3.390828e-02 1.679807e+00 2.101381e+01 -1.472494e-01 1.065833e+00 3.081286e+00 9.129678e-01 8.094500e-01 
166 4981 0 0 0 1.234516e+00 -4.557269e-02 1.699288e+00 2.052993e+01 -1.780489e-01 1.034490e+00 3.028782e+00 9.299243e-01 8.446627e-01 
167 5011 0 0 0 1.172425e+00 -2.912723e-02 1.671693e+00 2.035065e+01 -1.800024e-01 9.939723e-01 3.001040e+00 9.305328e-01 8.785333e-01 
168 5041 0 0 0 1.143518e+00 -4.853531e-02 1.653310e+00 2.029673e+01 -1.709340e-01 1.001308e+00 2.989771e+00 9.328872e-01 8.696771e-01 
169 5071 0 0 0 1.163991e+00 -5.236153e-02 1.629678e+00 2.055854e+01 -1.958132e-01 1.031776e+00 2.989177e+00 9.331343e-01 8.761696e-01 
170 5101 0 0 0 1.083560e+00 -4.110310e-02 1.588719e+00 2.030410e+01 -1.713418e-01 1.006955e+00 2.959259e+00 9.319886e-01 8.913194e-01 
171 5131 0 0 0 1.071543e+00 -5.741067e-02 1.581154e+00 2.035452e+01 -1.731671e-01 1.022726e+00 2.926807e+00 9.337670e-01 9.112633e-01 
172 5161 0 0 0 1.038688e+00 -6.035973e-02 1.596929e+00 2.048533e+01 -1.714908e-01 9.829298e-01 2.904426e+00 9.343331e-01 9.405690e-01 
173 5191 0 0 0 9.997280e-01 -7.931026e-02 1.592781e+00 1.986495e+01 -1.669008e-01 9.477752e-01 2.900872e+00 9.350135e-01 9.420404e-01 
174 5221 0 0 0 1.008508e+00 -8.628077e-02 1.581041e+00 1.966569e+01 -1.468231e-01 9.378993e-01 2.899002e+00 9.287469e-01 9.492417e-01 
175 5251 0 0 0 9.575529e-01 -8.198140e-02 1.590556e+00 1.943283e+01 -1.475936e-01 8.833961e-01 2.845235e+00 9.265195e-01 1.006275e+00 
176 5281 0 0 0 8.787287e-01 -8.248425e-02 1.569488e+00 1.879397e+01 -1.163516e-01 8.499960e-01 2.813389e+00 9.323354e-01 1.022375e+00 
177 5311 0 0 0 8.377956e-01 -7.937864e-02 1.589743e+00 1.911610e+01 -1.122746e-01 8.056886e-01 2.761255e+00 9.307398e-01 1.069073e+00 
178 5341 0 0 0 7.056669e-01 -1.093610e-01 1.550356e+00 1.863522e+01 -8.371417e-02 7.335279e-01 2.730318e+00 9.304191e-01 1.079216e+00 
179 5371 0 0 0 7.366679e-01 -8.363731e-02 1.607648e+00 1.836343e+01 -8.934239e-02 7.008818e-01 2.746424e+00 9.348032e-01 1.096406e+00 
180 5401 0 0 0 7.701294e-01 -8.724532e-02 1.569348e+00 1.861905e+01 -8.408231e-02 7.616801e-01 2.777822e+00 9.350772e-01 1.059297e+00 
181 5431 0 0 0 7.642273e-01 -7.015178e-02 1.552658e+00 1.928587e+01 -9.952762e-02 7.684362e-01 2.735836e+00 9.361957e-01 1.097393e+00 
182 5461 0 0 0 6.979255e-01 -7.782341e-02 1.557405e+00 1.880466e+01 -9.204133e-02 7.033443e-01 2.703483e+00 9.319081e-01 1.132940e+00 
183 5491 0 0 0 7.143963e-01 -7.085115e-02 1.562721e+00 1.892617e+01 -7.935386e-02 7.068634e-01 2.719182e+00 9.277254e-01 1.122904e+00 
184 5521 0 0 0 6.671078e-01 -6.948010e-02 1.578643e+00 1.894981e+01 -6.775106e-02 6.411463e-01 2.709564e+00 9.259852e-01 1.150740e+00 
185 5551 0 0 0 5.912933e-01 -7.377732e-02 1.548118e+00 1.880892e+01 -6.424294e-02 6.103193e-01 2.682123e+00 9.255514e-01 1.163631e+00 
186 5581 0 0 0 4.894001e-01 -7.090520e-02 1.571555e+00 1.865155e+01 -3.692172e-02 5.034190e-01 2.617231e+00 9.239636e-01 1.232378e+00 
187 5611 0 0 0 5.412893e-01 -6.866599e-02 1.549215e+00 1.840043e+01 -4.407560e-02 5.553999e-01 2.622787e+00 9.240020e-01 1.224830e+00 
188 5641 0 0 0 4.812541e-01 -6.508449e-02 1.530712e+00 1.811138e+01 -5.235621e-02 5.272185e-01 2.568410e+00 9.261910e-01 1.274931e+00 
189 5671 0 0 0 5.458887e-01 -6.358602e-02 1.513819e+00 1.817777e+01 -4.257587e-02 5.846293e-01 2.579142e+00 9.253701e-01 1.265796e+00 
190 5701 0 0 0 5.333226e-01 -6.340437e-02 1.524592e+00 1.842582e+01 -6.675755e-02 5.578229e-01 2.594411e+00 9.193932e-01 1.262502e+00 
191 5731 0 0 0 4.652423e-01 -8.239573e-02 1.549270e+00 1.841713e+01 -5.107255e-02 4.829723e-01 2.575269e+00 9.176413e-01 1.291194e+00 
192 5761 0 0 0 4.678455e-01 -1.011212e-01 1.553844e+00 1.853033e+01 -6.544968e-02 4.829870e-01 2.577337e+00 9.115695e-01 1.285725e+00 
193 5791 0 0 0 4.255594e-01 -9.614220e-02 1.562253e+00 1.893137e+01 -5.148079e-02 4.389407e-01 2.552361e+00 9.042411e-01 1.302025e+00 
194 5821 0 0 0 4.894924e-01 -1.019203e-01 1.525472e+00 1.894579e+01 -6.372892e-02 5.040303e-01 2.587277e+00 8.997744e-01 1.267896e+00 
195 5851 0 0 0 4.054124e-01 -1.014551e-01 1.517710e+00 1.925539e+01 -7.303424e-02 4.435204e-01 2.545042e+00 8.942845e-01 1.298146e+00 
196 5881 0 0 0 3.741755e-01 -1.241880e-01 1.501875e+00 1.866177e+01 -7.284941e-02 4.029577e-01 2.516778e+00 8.892279e-01 1.339827e+00 
197 5911 0 0 0 3.339149e-01 -1.215471e-01 1.479788e+00 1.904949e+01 -8.676020e-02 3.864828e-01 2.458730e+00 8.873235e-01 1.385549e+00 
198 5941 0 0 0 2.815438e-01 -1.398221e-01 1.473146e+00 1.871861e+01 -9.689293e-02 3.188469e-01 2.438090e+00 8.773296e-01 1.422410e+00 
199 5971 0 0 0 3.245395e-01 -1.386155e-01 1.441150e+00 1.878306e+01 -1.044151e-01 3.597633e-01 2.461545e+00 8.753047e-01 1.408251e+00 
200 6001 0 0 0 3.771622e-01 -1.441143e-01 1.412309e+00 1.886137e+01 -1.164913e-01 4.260630e-01 2.485209e+00 8.809813e-01 1.388738e+00 
201 6031 0 0 0 3.979940e-01 -1.252414e-01 1.387161e+00 1.857483e+01 -1.063414e-01 4.451421e-01 2.496244e+00 8.791777e-01 1.379300e+00 
202 6061 0 0 0 3.658498e-01 -1.078147e-01 1.380219e+00 1.839923e+01 -9.855221e-02 4.342591e-01 2.470835e+00 8.789947e-01 1.405513e+00 
203 6091 0 0 0 4.100319e-01 -1.008186e-01 1.371136e+00 1.860200e+01 -1.196004e-01 4.745817e-01 2.473152e+00 8.711035e-01 1.401237e+00 
