%  columns="iteration, evaluation, void, void, void, xmean" (startseed=206221, 2015/09/2 19:7:10.22)
0 1 0 0 0 1.000000e+00 1.000000e+00 1.000000e+00 1.000000e+00 1.000000e+00 1.000000e+00 1.000000e+00 1.000000e+00 1.000000e+00 
1 31 0 0 0 1.054325e+00 7.329789e-01 1.091093e+00 1.481629e+00 9.606029e-01 3.362217e-01 1.073996e+00 -1.356718e+00 1.006462e+00 
2 61 0 0 0 9.295490e-01 9.817501e-01 9.372307e-01 1.169024e+00 1.238366e+00 5.389185e-01 1.410711e+00 5.875963e-01 9.330067e-01 
3 91 0 0 0 7.289981e-01 1.091666e+00 1.144893e+00 1.040693e+00 1.475746e+00 8.577801e-01 1.352008e+00 2.427615e+00 8.239820e-01 
4 121 0 0 0 7.275372e-01 9.809219e-01 1.197229e+00 1.248505e+00 1.651420e+00 7.864763e-01 1.367203e+00 2.689181e+00 8.410078e-01 
5 151 0 0 0 7.452784e-01 1.139731e+00 1.161473e+00 1.200940e+00 1.696527e+00 1.121071e+00 1.207051e+00 3.506006e+00 7.577067e-01 
6 181 0 0 0 6.149794e-01 1.123632e+00 1.005750e+00 1.284253e+00 1.649864e+00 1.297794e+00 1.350899e+00 2.912005e+00 7.448592e-01 
7 211 0 0 0 5.548753e-01 1.214096e+00 9.386475e-01 1.206675e+00 1.472473e+00 1.330977e+00 1.317209e+00 2.801119e+00 8.083924e-01 
8 241 0 0 0 5.845649e-01 1.131573e+00 9.343404e-01 1.022230e+00 1.180852e+00 1.240991e+00 1.269821e+00 2.697451e+00 7.456220e-01 
9 271 0 0 0 6.274606e-01 1.106213e+00 7.973332e-01 8.287730e-01 1.199179e+00 1.495532e+00 1.454011e+00 3.165142e+00 6.395875e-01 
10 301 0 0 0 7.347533e-01 1.106198e+00 8.647466e-01 1.042099e+00 1.279087e+00 1.501349e+00 1.456503e+00 2.895193e+00 6.887340e-01 
11 331 0 0 0 9.022963e-01 1.013093e+00 9.554725e-01 1.124436e+00 1.406771e+00 1.219064e+00 1.410209e+00 2.541436e+00 7.079769e-01 
12 361 0 0 0 8.143718e-01 1.099160e+00 1.004159e+00 1.026166e+00 1.525478e+00 9.918624e-01 1.313110e+00 3.265597e+00 7.775396e-01 
13 391 0 0 0 8.719760e-01 1.127992e+00 9.382209e-01 1.013490e+00 1.693201e+00 1.162724e+00 1.385235e+00 3.769350e+00 7.325401e-01 
14 421 0 0 0 8.581644e-01 1.197206e+00 9.579701e-01 1.168879e+00 1.752480e+00 1.066742e+00 1.493601e+00 4.011311e+00 7.048352e-01 
15 451 0 0 0 8.729715e-01 1.170796e+00 9.364569e-01 1.006167e+00 1.772803e+00 9.852670e-01 1.507772e+00 3.976783e+00 7.132329e-01 
16 481 0 0 0 8.501137e-01 1.246620e+00 8.713929e-01 9.899174e-01 1.876521e+00 1.298995e+00 1.502303e+00 4.682966e+00 6.717727e-01 
17 511 0 0 0 7.880474e-01 1.223792e+00 9.697664e-01 1.015638e+00 1.848911e+00 9.899766e-01 1.448907e+00 4.742091e+00 7.006029e-01 
18 541 0 0 0 7.803494e-01 1.216570e+00 1.028546e+00 1.169614e+00 1.990482e+00 7.776688e-01 1.406248e+00 4.389600e+00 7.348112e-01 
19 571 0 0 0 7.076849e-01 1.187718e+00 1.123219e+00 1.171545e+00 1.764436e+00 6.395587e-01 1.366616e+00 3.508928e+00 7.112838e-01 
20 601 0 0 0 7.517561e-01 1.179671e+00 1.054487e+00 1.123333e+00 1.770625e+00 7.319726e-01 1.381636e+00 3.728373e+00 7.294322e-01 
21 631 0 0 0 8.586037e-01 1.165407e+00 1.007892e+00 1.055229e+00 1.934139e+00 8.958591e-01 1.434125e+00 4.210242e+00 6.973884e-01 
22 661 0 0 0 8.586756e-01 1.158491e+00 1.089271e+00 1.016231e+00 2.004732e+00 8.205739e-01 1.380730e+00 4.475670e+00 7.155799e-01 
23 691 0 0 0 8.288996e-01 1.132842e+00 1.053332e+00 1.010630e+00 2.051143e+00 9.224980e-01 1.432520e+00 5.238252e+00 6.889428e-01 
24 721 0 0 0 8.868436e-01 1.088454e+00 1.101446e+00 9.972923e-01 1.999086e+00 8.232491e-01 1.387556e+00 4.551368e+00 7.089863e-01 
25 751 0 0 0 8.217235e-01 1.138904e+00 1.121037e+00 9.208976e-01 1.834365e+00 7.858459e-01 1.318630e+00 4.096294e+00 7.604111e-01 
26 781 0 0 0 8.062668e-01 1.171747e+00 1.154418e+00 9.208594e-01 1.730360e+00 8.180758e-01 1.129358e+00 3.034674e+00 7.854513e-01 
27 811 0 0 0 7.131348e-01 1.227992e+00 1.119989e+00 9.623257e-01 1.678297e+00 1.112950e+00 1.159067e+00 3.425057e+00 7.542564e-01 
28 841 0 0 0 8.435723e-01 1.057592e+00 1.180352e+00 7.540366e-01 1.727013e+00 1.000651e+00 1.142896e+00 4.077009e+00 7.939963e-01 
29 871 0 0 0 8.968383e-01 1.132608e+00 1.259319e+00 8.909461e-01 1.787597e+00 1.004930e+00 1.130924e+00 3.807455e+00 8.245736e-01 
30 901 0 0 0 8.952031e-01 1.133699e+00 1.211772e+00 7.666367e-01 1.712792e+00 1.252818e+00 1.047471e+00 3.439826e+00 7.993425e-01 
31 931 0 0 0 8.968021e-01 1.057507e+00 1.177407e+00 6.933206e-01 1.737841e+00 1.344938e+00 1.086786e+00 4.065898e+00 7.328105e-01 
32 961 0 0 0 9.857614e-01 1.038107e+00 1.207407e+00 7.369233e-01 1.690019e+00 1.479009e+00 1.049341e+00 3.655164e+00 7.341749e-01 
33 991 0 0 0 9.952372e-01 9.248575e-01 1.244698e+00 7.367848e-01 1.764321e+00 1.416099e+00 1.156890e+00 4.319530e+00 7.029997e-01 
34 1021 0 0 0 9.984470e-01 9.327842e-01 1.252741e+00 7.362283e-01 1.656237e+00 1.221431e+00 1.111902e+00 3.459462e+00 7.491425e-01 
35 1051 0 0 0 1.021480e+00 9.849644e-01 1.255946e+00 6.594776e-01 1.585421e+00 1.142614e+00 9.807906e-01 2.879512e+00 8.092702e-01 
36 1081 0 0 0 1.068068e+00 1.002652e+00 1.284648e+00 7.133904e-01 1.599617e+00 1.089148e+00 1.032283e+00 2.815735e+00 8.235204e-01 
37 1111 0 0 0 1.070505e+00 1.032223e+00 1.232732e+00 6.481120e-01 1.625465e+00 9.054245e-01 9.979372e-01 2.669765e+00 8.606940e-01 
38 1141 0 0 0 1.044574e+00 1.019892e+00 1.211515e+00 6.517274e-01 1.592121e+00 8.977817e-01 9.671235e-01 2.508408e+00 8.459683e-01 
39 1171 0 0 0 1.027670e+00 9.788591e-01 1.284975e+00 6.058358e-01 1.560753e+00 7.634605e-01 8.319893e-01 2.042561e+00 8.963222e-01 
40 1201 0 0 0 9.565407e-01 1.070486e+00 1.334374e+00 6.219471e-01 1.630516e+00 7.352593e-01 8.416693e-01 2.270801e+00 9.136786e-01 
41 1231 0 0 0 9.430500e-01 1.011780e+00 1.263428e+00 5.103994e-01 1.628608e+00 8.995790e-01 8.376498e-01 2.806978e+00 8.834709e-01 
42 1261 0 0 0 9.660291e-01 1.001934e+00 1.254729e+00 5.568590e-01 1.752591e+00 9.602123e-01 8.584899e-01 3.063741e+00 8.358106e-01 
43 1291 0 0 0 9.815061e-01 1.000315e+00 1.251971e+00 5.307013e-01 1.895167e+00 9.283463e-01 7.982497e-01 3.144521e+00 8.590922e-01 
44 1321 0 0 0 1.009963e+00 9.778758e-01 1.274153e+00 4.824677e-01 1.872850e+00 1.072829e+00 7.816160e-01 3.369507e+00 8.409765e-01 
45 1351 0 0 0 9.871325e-01 9.357872e-01 1.280673e+00 5.132872e-01 1.838748e+00 1.011541e+00 7.938501e-01 3.244243e+00 8.789808e-01 
46 1381 0 0 0 9.886656e-01 9.505327e-01 1.287723e+00 4.797601e-01 1.770417e+00 1.141423e+00 7.787346e-01 3.323191e+00 8.764003e-01 
47 1411 0 0 0 9.717107e-01 9.266659e-01 1.279845e+00 4.461751e-01 1.751965e+00 9.656980e-01 7.051012e-01 2.810407e+00 8.898287e-01 
48 1441 0 0 0 9.524239e-01 9.818616e-01 1.350381e+00 4.846851e-01 1.709618e+00 9.507706e-01 6.904868e-01 2.522437e+00 9.115438e-01 
49 1471 0 0 0 9.303250e-01 9.993367e-01 1.322284e+00 4.642893e-01 1.823517e+00 1.077218e+00 6.789742e-01 2.896992e+00 8.987665e-01 
50 1501 0 0 0 9.007355e-01 1.068582e+00 1.340094e+00 4.574634e-01 1.671186e+00 1.004335e+00 5.940252e-01 2.003440e+00 9.467962e-01 
51 1531 0 0 0 8.382418e-01 1.085891e+00 1.295367e+00 3.776101e-01 1.721159e+00 1.090457e+00 5.279145e-01 2.137278e+00 9.212986e-01 
52 1561 0 0 0 8.595868e-01 1.141523e+00 1.280274e+00 3.245621e-01 1.774749e+00 1.310288e+00 4.412556e-01 2.174836e+00 8.983497e-01 
53 1591 0 0 0 8.586398e-01 1.067230e+00 1.219572e+00 2.421467e-01 1.721609e+00 1.417493e+00 4.186555e-01 2.225629e+00 8.547034e-01 
54 1621 0 0 0 8.873260e-01 1.065676e+00 1.152641e+00 3.185564e-01 1.858492e+00 1.362707e+00 4.837336e-01 2.365367e+00 7.965836e-01 
55 1651 0 0 0 1.008732e+00 9.730397e-01 1.173878e+00 3.823117e-01 1.865726e+00 1.037022e+00 5.355417e-01 1.845675e+00 8.072441e-01 
56 1681 0 0 0 9.140578e-01 1.003021e+00 1.189104e+00 4.091446e-01 1.793234e+00 1.144737e+00 6.429137e-01 2.619777e+00 7.821546e-01 
57 1711 0 0 0 8.556784e-01 1.046637e+00 1.228024e+00 2.628894e-01 1.779756e+00 1.245894e+00 4.347830e-01 2.273020e+00 8.651427e-01 
58 1741 0 0 0 8.379942e-01 1.006577e+00 1.241570e+00 3.294288e-01 1.766152e+00 1.080428e+00 5.390896e-01 2.515538e+00 8.383143e-01 
59 1771 0 0 0 8.198223e-01 9.935301e-01 1.228391e+00 2.450060e-01 1.719691e+00 1.281597e+00 4.371135e-01 2.437356e+00 8.375605e-01 
60 1801 0 0 0 8.290038e-01 1.013841e+00 1.229620e+00 2.303198e-01 1.656973e+00 1.325355e+00 4.258695e-01 2.253496e+00 8.490677e-01 
61 1831 0 0 0 7.906287e-01 1.022965e+00 1.261813e+00 2.040006e-01 1.593685e+00 1.157506e+00 3.417589e-01 1.669405e+00 8.984369e-01 
62 1861 0 0 0 8.457716e-01 9.802323e-01 1.229858e+00 1.603015e-01 1.627898e+00 1.204388e+00 2.556945e-01 1.372369e+00 9.240596e-01 
63 1891 0 0 0 9.185757e-01 9.564462e-01 1.200445e+00 2.223098e-01 1.700691e+00 1.301975e+00 3.021414e-01 1.411646e+00 9.079360e-01 
64 1921 0 0 0 8.877072e-01 1.008204e+00 1.201892e+00 2.610621e-01 1.654985e+00 1.224285e+00 3.564113e-01 1.325904e+00 9.002935e-01 
65 1951 0 0 0 8.577208e-01 9.512024e-01 1.208110e+00 2.552286e-01 1.811715e+00 1.154820e+00 3.291554e-01 1.439137e+00 8.894904e-01 
66 1981 0 0 0 9.188389e-01 8.417558e-01 1.226404e+00 2.378396e-01 1.920131e+00 1.180611e+00 3.976348e-01 2.342436e+00 8.739500e-01 
67 2011 0 0 0 9.326253e-01 8.262674e-01 1.238266e+00 2.114519e-01 1.803146e+00 1.232371e+00 3.215097e-01 1.828726e+00 8.864883e-01 
68 2041 0 0 0 9.398082e-01 7.935012e-01 1.180712e+00 2.394021e-01 1.905419e+00 1.541182e+00 3.923796e-01 2.415448e+00 8.065325e-01 
69 2071 0 0 0 9.646096e-01 7.707416e-01 1.233513e+00 2.474342e-01 1.872450e+00 1.365007e+00 2.842390e-01 1.378870e+00 8.752502e-01 
70 2101 0 0 0 9.082598e-01 6.955884e-01 1.214930e+00 2.034791e-01 1.855143e+00 1.434860e+00 2.401705e-01 1.565432e+00 8.423890e-01 
71 2131 0 0 0 8.003653e-01 6.937959e-01 1.253375e+00 1.978936e-01 1.740394e+00 1.428064e+00 2.643467e-01 1.714761e+00 8.083594e-01 
72 2161 0 0 0 7.906612e-01 7.045752e-01 1.233612e+00 2.168782e-01 1.790356e+00 1.526788e+00 2.786813e-01 1.841279e+00 7.893209e-01 
73 2191 0 0 0 7.247585e-01 7.571843e-01 1.256540e+00 2.317272e-01 1.776788e+00 1.473203e+00 1.953289e-01 1.173996e+00 8.105694e-01 
74 2221 0 0 0 6.743415e-01 8.110998e-01 1.184515e+00 2.355110e-01 1.787217e+00 1.653111e+00 2.895328e-01 1.820273e+00 7.880418e-01 
75 2251 0 0 0 7.084872e-01 8.147243e-01 1.128516e+00 2.289875e-01 1.738438e+00 1.731174e+00 2.885307e-01 1.691195e+00 7.944437e-01 
76 2281 0 0 0 7.692459e-01 7.671720e-01 1.224985e+00 2.415359e-01 1.647438e+00 1.474897e+00 2.814827e-01 1.408047e+00 8.744086e-01 
77 2311 0 0 0 7.578219e-01 7.358402e-01 1.269197e+00 2.049929e-01 1.594339e+00 1.489638e+00 2.063899e-01 1.084501e+00 9.089334e-01 
78 2341 0 0 0 7.467367e-01 7.229895e-01 1.260191e+00 1.432431e-01 1.570181e+00 1.684043e+00 1.620019e-01 1.262725e+00 9.043908e-01 
79 2371 0 0 0 7.402177e-01 6.698908e-01 1.245838e+00 1.203727e-01 1.516024e+00 1.741484e+00 1.293543e-01 1.028173e+00 9.107732e-01 
80 2401 0 0 0 6.872309e-01 6.103309e-01 1.312278e+00 1.332536e-01 1.471943e+00 1.654251e+00 1.325210e-01 1.051095e+00 9.129663e-01 
81 2431 0 0 0 7.236114e-01 6.090548e-01 1.260669e+00 1.045049e-01 1.544876e+00 1.623791e+00 1.442255e-01 1.274488e+00 8.889480e-01 
82 2461 0 0 0 7.440813e-01 6.054657e-01 1.240885e+00 1.225092e-01 1.559852e+00 1.690455e+00 1.772897e-01 1.480581e+00 8.907864e-01 
83 2491 0 0 0 7.766765e-01 5.519310e-01 1.283638e+00 1.135736e-01 1.455825e+00 1.729825e+00 1.461157e-01 1.210669e+00 9.471472e-01 
84 2521 0 0 0 7.997031e-01 5.171554e-01 1.293939e+00 1.082347e-01 1.456279e+00 1.682281e+00 1.291981e-01 1.081935e+00 9.548590e-01 
85 2551 0 0 0 8.080532e-01 4.591839e-01 1.343955e+00 9.035275e-02 1.451584e+00 1.629535e+00 9.139523e-02 9.777675e-01 9.773094e-01 
86 2581 0 0 0 7.511027e-01 5.557454e-01 1.345812e+00 1.056995e-01 1.431318e+00 1.710928e+00 1.319728e-01 1.265638e+00 9.319106e-01 
87 2611 0 0 0 7.929160e-01 5.170685e-01 1.295623e+00 9.259646e-02 1.413958e+00 1.862467e+00 1.212756e-01 1.249457e+00 9.007571e-01 
88 2641 0 0 0 8.176343e-01 4.810878e-01 1.332101e+00 8.518306e-02 1.348934e+00 1.772875e+00 8.680881e-02 8.799193e-01 9.160081e-01 
89 2671 0 0 0 8.415727e-01 5.020568e-01 1.315299e+00 8.347728e-02 1.373206e+00 1.731988e+00 8.775928e-02 8.922413e-01 9.346386e-01 
90 2701 0 0 0 9.332213e-01 4.716835e-01 1.323348e+00 7.970740e-02 1.393897e+00 1.718017e+00 9.137026e-02 8.774934e-01 9.305700e-01 
91 2731 0 0 0 8.827457e-01 4.799121e-01 1.310105e+00 7.120137e-02 1.366773e+00 1.781467e+00 7.769280e-02 7.889637e-01 9.198344e-01 
92 2761 0 0 0 9.142285e-01 4.707775e-01 1.302696e+00 8.983101e-02 1.435031e+00 1.613700e+00 8.709444e-02 6.778350e-01 9.323927e-01 
93 2791 0 0 0 9.349858e-01 4.369718e-01 1.265397e+00 7.018481e-02 1.474342e+00 1.683133e+00 7.715146e-02 8.040671e-01 9.207468e-01 
94 2821 0 0 0 9.761135e-01 3.910090e-01 1.279954e+00 6.153472e-02 1.471508e+00 1.675600e+00 5.414391e-02 6.424785e-01 9.025810e-01 
95 2851 0 0 0 9.851992e-01 3.599141e-01 1.278636e+00 6.949837e-02 1.470610e+00 1.621272e+00 6.634143e-02 6.528803e-01 8.781781e-01 
96 2881 0 0 0 9.519674e-01 3.138147e-01 1.291147e+00 7.196453e-02 1.506777e+00 1.584804e+00 7.104102e-02 8.537398e-01 8.776171e-01 
97 2911 0 0 0 9.957054e-01 3.071584e-01 1.334242e+00 8.589493e-02 1.490838e+00 1.497187e+00 9.211494e-02 9.389019e-01 8.960316e-01 
98 2941 0 0 0 9.802397e-01 3.362927e-01 1.339368e+00 8.622020e-02 1.465459e+00 1.544024e+00 9.384213e-02 9.033465e-01 9.115025e-01 
99 2971 0 0 0 9.624008e-01 2.997376e-01 1.369309e+00 6.875932e-02 1.438624e+00 1.479684e+00 7.331049e-02 9.126830e-01 9.355866e-01 
100 3001 0 0 0 9.742875e-01 2.988450e-01 1.392558e+00 6.096020e-02 1.374937e+00 1.428465e+00 5.907930e-02 7.352595e-01 9.554009e-01 
101 3031 0 0 0 9.320214e-01 3.008597e-01 1.386226e+00 4.278676e-02 1.340870e+00 1.491335e+00 4.430868e-02 7.474976e-01 9.496743e-01 
102 3061 0 0 0 9.088073e-01 3.086482e-01 1.364891e+00 4.619885e-02 1.315944e+00 1.542327e+00 4.880992e-02 7.298389e-01 9.355037e-01 
103 3091 0 0 0 9.021388e-01 2.728480e-01 1.364280e+00 5.293869e-02 1.340245e+00 1.510968e+00 4.917361e-02 7.450891e-01 9.216572e-01 
104 3121 0 0 0 9.340966e-01 2.480764e-01 1.367709e+00 4.445170e-02 1.349382e+00 1.488058e+00 3.643435e-02 6.846107e-01 9.244790e-01 
105 3151 0 0 0 9.326169e-01 2.351698e-01 1.380009e+00 5.071081e-02 1.316698e+00 1.486900e+00 4.163207e-02 6.794333e-01 9.260152e-01 
106 3181 0 0 0 9.394236e-01 2.174985e-01 1.382050e+00 4.691662e-02 1.323662e+00 1.463060e+00 3.177610e-02 5.947834e-01 9.190455e-01 
107 3211 0 0 0 9.481114e-01 2.097222e-01 1.372961e+00 4.412402e-02 1.328668e+00 1.464731e+00 2.810488e-02 5.563487e-01 9.161385e-01 
108 3241 0 0 0 9.656913e-01 2.235137e-01 1.359771e+00 3.792129e-02 1.338160e+00 1.552186e+00 2.516134e-02 5.665812e-01 9.184776e-01 
109 3271 0 0 0 9.520479e-01 2.348977e-01 1.357880e+00 4.076988e-02 1.327819e+00 1.586485e+00 2.357709e-02 5.023124e-01 9.154802e-01 
110 3301 0 0 0 9.695703e-01 2.382234e-01 1.373713e+00 4.216335e-02 1.334147e+00 1.560470e+00 2.513973e-02 4.895436e-01 9.246084e-01 
111 3331 0 0 0 9.597876e-01 2.325454e-01 1.386152e+00 4.495269e-02 1.333912e+00 1.523226e+00 3.071726e-02 5.368835e-01 9.274752e-01 
112 3361 0 0 0 9.653271e-01 2.322048e-01 1.386462e+00 4.288673e-02 1.324816e+00 1.526038e+00 2.742547e-02 5.022701e-01 9.250330e-01 
113 3391 0 0 0 9.662140e-01 2.320281e-01 1.402229e+00 4.314950e-02 1.323459e+00 1.491303e+00 2.323549e-02 4.575915e-01 9.346757e-01 
114 3421 0 0 0 9.733174e-01 2.195786e-01 1.389710e+00 4.305809e-02 1.339163e+00 1.511061e+00 2.287585e-02 4.621022e-01 9.236511e-01 
115 3451 0 0 0 9.785875e-01 2.213320e-01 1.393868e+00 4.339319e-02 1.337357e+00 1.502305e+00 2.097982e-02 4.374590e-01 9.300402e-01 
116 3481 0 0 0 9.792058e-01 2.240910e-01 1.386381e+00 4.307311e-02 1.337895e+00 1.508145e+00 2.027375e-02 4.142286e-01 9.286954e-01 
117 3511 0 0 0 9.823285e-01 2.241709e-01 1.384416e+00 4.329851e-02 1.329320e+00 1.522410e+00 1.943446e-02 3.954248e-01 9.310276e-01 
118 3541 0 0 0 9.804665e-01 2.265148e-01 1.383324e+00 4.234447e-02 1.323901e+00 1.527758e+00 1.830256e-02 3.784662e-01 9.302223e-01 
119 3571 0 0 0 9.891542e-01 2.257862e-01 1.383940e+00 4.272249e-02 1.323737e+00 1.534765e+00 1.936627e-02 3.848547e-01 9.325158e-01 
120 3601 0 0 0 9.871113e-01 2.302487e-01 1.382286e+00 4.216189e-02 1.329015e+00 1.535739e+00 1.961134e-02 3.997850e-01 9.328700e-01 
121 3631 0 0 0 9.760997e-01 2.329827e-01 1.379770e+00 4.195873e-02 1.322234e+00 1.548512e+00 1.905795e-02 3.905199e-01 9.325328e-01 
122 3661 0 0 0 9.790009e-01 2.277797e-01 1.382408e+00 4.272560e-02 1.322078e+00 1.522944e+00 1.859494e-02 3.790558e-01 9.349451e-01 
123 3691 0 0 0 9.839701e-01 2.244633e-01 1.382534e+00 4.299185e-02 1.324160e+00 1.529895e+00 1.855466e-02 3.829141e-01 9.334169e-01 
124 3721 0 0 0 9.871498e-01 2.275467e-01 1.385907e+00 4.326719e-02 1.321678e+00 1.530022e+00 1.869888e-02 3.741969e-01 9.365114e-01 
125 3751 0 0 0 9.880627e-01 2.286379e-01 1.384822e+00 4.347256e-02 1.320654e+00 1.528718e+00 1.861590e-02 3.684626e-01 9.364576e-01 
126 3781 0 0 0 9.919589e-01 2.295739e-01 1.383616e+00 4.343429e-02 1.320388e+00 1.537672e+00 1.859576e-02 3.669313e-01 9.388998e-01 
127 3811 0 0 0 9.917496e-01 2.336544e-01 1.386882e+00 4.309307e-02 1.315992e+00 1.538633e+00 1.852746e-02 3.635094e-01 9.422630e-01 
128 3841 0 0 0 9.946200e-01 2.342547e-01 1.390349e+00 4.343315e-02 1.317197e+00 1.524308e+00 1.870821e-02 3.606931e-01 9.434912e-01 
129 3871 0 0 0 9.980652e-01 2.307170e-01 1.390940e+00 4.350835e-02 1.315743e+00 1.532040e+00 1.885963e-02 3.654817e-01 9.444634e-01 
130 3901 0 0 0 1.000981e+00 2.307032e-01 1.388351e+00 4.327302e-02 1.315304e+00 1.537083e+00 1.848396e-02 3.625184e-01 9.436187e-01 
131 3931 0 0 0 1.001538e+00 2.311783e-01 1.388356e+00 4.400876e-02 1.316065e+00 1.539034e+00 1.897656e-02 3.617473e-01 9.424744e-01 
132 3961 0 0 0 9.978696e-01 2.323271e-01 1.390325e+00 4.375311e-02 1.314551e+00 1.532063e+00 1.863936e-02 3.564037e-01 9.410256e-01 
133 3991 0 0 0 9.963197e-01 2.364381e-01 1.389007e+00 4.312499e-02 1.313083e+00 1.539674e+00 1.882655e-02 3.608385e-01 9.416197e-01 
134 4021 0 0 0 9.945202e-01 2.345722e-01 1.392081e+00 4.449358e-02 1.308173e+00 1.532902e+00 1.868735e-02 3.473752e-01 9.417238e-01 
135 4051 0 0 0 9.952576e-01 2.359590e-01 1.390927e+00 4.407666e-02 1.307484e+00 1.535516e+00 1.863669e-02 3.483817e-01 9.426102e-01 
136 4081 0 0 0 9.940321e-01 2.350242e-01 1.393505e+00 4.462147e-02 1.307701e+00 1.529487e+00 1.888626e-02 3.478968e-01 9.441691e-01 
137 4111 0 0 0 9.962162e-01 2.326394e-01 1.392717e+00 4.463589e-02 1.308285e+00 1.527605e+00 1.873824e-02 3.481693e-01 9.438241e-01 
138 4141 0 0 0 9.954910e-01 2.349166e-01 1.392999e+00 4.413265e-02 1.306024e+00 1.526519e+00 1.860957e-02 3.469660e-01 9.446361e-01 
139 4171 0 0 0 9.950948e-01 2.349885e-01 1.393717e+00 4.470237e-02 1.302682e+00 1.527941e+00 1.874695e-02 3.431677e-01 9.445752e-01 
140 4201 0 0 0 9.968419e-01 2.340847e-01 1.393011e+00 4.485789e-02 1.302980e+00 1.529707e+00 1.860481e-02 3.411222e-01 9.445410e-01 
141 4231 0 0 0 9.969859e-01 2.332105e-01 1.393060e+00 4.495465e-02 1.300324e+00 1.531059e+00 1.851671e-02 3.388559e-01 9.456391e-01 
142 4261 0 0 0 9.976229e-01 2.311664e-01 1.392270e+00 4.531939e-02 1.303894e+00 1.523355e+00 1.862706e-02 3.396940e-01 9.447610e-01 
143 4291 0 0 0 9.969285e-01 2.305499e-01 1.392564e+00 4.530107e-02 1.303917e+00 1.522013e+00 1.876544e-02 3.428237e-01 9.431978e-01 
144 4321 0 0 0 9.965055e-01 2.291914e-01 1.391056e+00 4.528638e-02 1.304487e+00 1.521046e+00 1.873733e-02 3.439537e-01 9.420333e-01 
145 4351 0 0 0 9.979339e-01 2.276098e-01 1.392446e+00 4.519374e-02 1.302680e+00 1.524004e+00 1.876808e-02 3.462606e-01 9.423326e-01 
146 4381 0 0 0 9.974047e-01 2.276843e-01 1.391039e+00 4.485373e-02 1.304620e+00 1.526725e+00 1.855937e-02 3.470832e-01 9.403137e-01 
147 4411 0 0 0 9.952149e-01 2.278400e-01 1.391724e+00 4.462506e-02 1.303605e+00 1.529743e+00 1.848862e-02 3.487899e-01 9.408897e-01 
148 4441 0 0 0 9.954851e-01 2.278128e-01 1.391086e+00 4.492455e-02 1.305397e+00 1.528534e+00 1.872081e-02 3.495937e-01 9.395950e-01 
149 4471 0 0 0 9.946935e-01 2.265822e-01 1.390499e+00 4.474920e-02 1.308257e+00 1.529208e+00 1.881259e-02 3.552180e-01 9.361739e-01 
150 4501 0 0 0 9.944237e-01 2.246747e-01 1.389684e+00 4.437380e-02 1.312198e+00 1.527130e+00 1.871943e-02 3.601438e-01 9.340155e-01 
151 4531 0 0 0 9.950839e-01 2.280076e-01 1.388963e+00 4.415584e-02 1.309827e+00 1.535364e+00 1.859000e-02 3.561933e-01 9.354550e-01 
152 4561 0 0 0 9.942230e-01 2.321806e-01 1.388490e+00 4.343544e-02 1.308540e+00 1.539609e+00 1.861866e-02 3.565142e-01 9.356650e-01 
153 4591 0 0 0 9.947382e-01 2.292393e-01 1.389050e+00 4.315385e-02 1.311346e+00 1.534510e+00 1.866412e-02 3.643861e-01 9.351086e-01 
154 4621 0 0 0 9.934886e-01 2.289505e-01 1.390979e+00 4.319263e-02 1.309668e+00 1.533095e+00 1.874746e-02 3.656747e-01 9.356846e-01 
155 4651 0 0 0 9.949484e-01 2.295325e-01 1.390287e+00 4.296662e-02 1.311797e+00 1.533686e+00 1.885188e-02 3.681242e-01 9.347255e-01 
156 4681 0 0 0 9.958673e-01 2.287278e-01 1.389642e+00 4.298230e-02 1.311174e+00 1.534969e+00 1.885401e-02 3.689399e-01 9.351522e-01 
157 4711 0 0 0 9.964137e-01 2.269888e-01 1.388947e+00 4.293459e-02 1.312850e+00 1.534230e+00 1.865966e-02 3.695759e-01 9.336390e-01 
158 4741 0 0 0 9.974105e-01 2.233168e-01 1.387541e+00 4.286533e-02 1.316573e+00 1.535663e+00 1.865726e-02 3.764857e-01 9.316191e-01 
159 4771 0 0 0 9.961177e-01 2.236090e-01 1.388354e+00 4.278106e-02 1.315927e+00 1.536488e+00 1.858813e-02 3.766209e-01 9.320859e-01 
160 4801 0 0 0 9.964936e-01 2.181765e-01 1.387186e+00 4.298438e-02 1.319307e+00 1.532181e+00 1.848909e-02 3.808034e-01 9.287184e-01 
161 4831 0 0 0 9.978915e-01 2.185156e-01 1.387214e+00 4.320108e-02 1.318079e+00 1.530362e+00 1.850717e-02 3.770529e-01 9.292090e-01 
162 4861 0 0 0 1.000525e+00 2.169669e-01 1.386102e+00 4.366988e-02 1.321750e+00 1.525723e+00 1.854359e-02 3.751947e-01 9.282971e-01 
163 4891 0 0 0 1.001168e+00 2.156912e-01 1.384325e+00 4.321125e-02 1.326695e+00 1.526638e+00 1.859135e-02 3.836730e-01 9.270929e-01 
164 4921 0 0 0 1.001212e+00 2.159557e-01 1.383288e+00 4.309473e-02 1.327303e+00 1.528381e+00 1.867087e-02 3.865275e-01 9.278453e-01 
165 4951 0 0 0 1.000780e+00 2.148067e-01 1.382123e+00 4.303270e-02 1.329712e+00 1.529541e+00 1.871127e-02 3.907937e-01 9.269878e-01 
166 4981 0 0 0 1.000739e+00 2.159590e-01 1.384466e+00 4.315812e-02 1.324204e+00 1.529102e+00 1.875723e-02 3.871792e-01 9.297982e-01 
167 5011 0 0 0 1.000473e+00 2.149526e-01 1.384449e+00 4.271245e-02 1.322297e+00 1.534546e+00 1.874903e-02 3.924116e-01 9.293419e-01 
168 5041 0 0 0 9.989997e-01 2.148493e-01 1.384345e+00 4.252886e-02 1.324472e+00 1.533609e+00 1.883313e-02 3.963753e-01 9.274844e-01 
169 5071 0 0 0 1.000913e+00 2.117486e-01 1.383374e+00 4.269086e-02 1.326664e+00 1.532326e+00 1.861253e-02 3.967633e-01 9.270536e-01 
170 5101 0 0 0 1.002400e+00 2.102980e-01 1.382014e+00 4.291105e-02 1.328536e+00 1.530407e+00 1.855452e-02 3.953208e-01 9.263463e-01 
171 5131 0 0 0 1.001854e+00 2.102002e-01 1.382577e+00 4.260718e-02 1.328096e+00 1.534258e+00 1.861253e-02 3.996644e-01 9.256671e-01 
172 5161 0 0 0 9.998808e-01 2.098106e-01 1.384506e+00 4.235306e-02 1.324509e+00 1.536885e+00 1.862576e-02 4.030427e-01 9.273550e-01 
173 5191 0 0 0 9.986483e-01 2.084452e-01 1.385763e+00 4.227522e-02 1.325246e+00 1.534146e+00 1.864163e-02 4.063867e-01 9.260967e-01 
174 5221 0 0 0 1.000568e+00 2.114070e-01 1.385144e+00 4.230904e-02 1.323559e+00 1.535427e+00 1.869711e-02 4.011172e-01 9.280753e-01 
175 5251 0 0 0 1.001379e+00 2.119863e-01 1.384495e+00 4.244675e-02 1.324567e+00 1.534383e+00 1.878598e-02 4.003262e-01 9.288080e-01 
176 5281 0 0 0 1.001704e+00 2.122268e-01 1.384485e+00 4.234513e-02 1.325681e+00 1.535153e+00 1.869312e-02 4.005184e-01 9.289339e-01 
177 5311 0 0 0 1.002092e+00 2.125558e-01 1.384239e+00 4.219737e-02 1.326603e+00 1.535511e+00 1.868764e-02 4.019626e-01 9.288447e-01 
178 5341 0 0 0 1.004454e+00 2.119268e-01 1.384249e+00 4.236589e-02 1.326294e+00 1.534743e+00 1.863494e-02 3.999873e-01 9.303012e-01 
179 5371 0 0 0 1.003027e+00 2.136781e-01 1.384694e+00 4.211585e-02 1.325491e+00 1.535962e+00 1.862987e-02 3.996009e-01 9.302901e-01 
180 5401 0 0 0 1.001449e+00 2.140142e-01 1.385285e+00 4.229826e-02 1.323935e+00 1.534854e+00 1.866966e-02 3.971831e-01 9.299127e-01 
181 5431 0 0 0 1.000564e+00 2.146347e-01 1.385691e+00 4.204778e-02 1.324063e+00 1.535601e+00 1.862742e-02 3.979045e-01 9.287812e-01 
182 5461 0 0 0 1.001300e+00 2.149406e-01 1.385230e+00 4.217708e-02 1.323808e+00 1.534080e+00 1.859342e-02 3.949963e-01 9.288733e-01 
183 5491 0 0 0 1.000270e+00 2.140791e-01 1.385677e+00 4.227848e-02 1.323774e+00 1.532867e+00 1.856305e-02 3.950386e-01 9.281325e-01 
184 5521 0 0 0 1.001557e+00 2.145573e-01 1.385632e+00 4.243113e-02 1.323513e+00 1.531882e+00 1.859782e-02 3.930229e-01 9.295527e-01 
185 5551 0 0 0 1.001472e+00 2.141409e-01 1.385578e+00 4.252475e-02 1.322953e+00 1.531920e+00 1.853336e-02 3.919128e-01 9.302529e-01 
186 5581 0 0 0 9.994961e-01 2.150765e-01 1.386516e+00 4.243130e-02 1.320625e+00 1.532723e+00 1.849334e-02 3.904779e-01 9.302568e-01 
187 5611 0 0 0 9.996396e-01 2.145260e-01 1.386537e+00 4.231551e-02 1.321971e+00 1.531914e+00 1.851513e-02 3.929823e-01 9.297393e-01 
188 5641 0 0 0 9.992540e-01 2.146370e-01 1.387295e+00 4.227439e-02 1.322169e+00 1.529284e+00 1.851892e-02 3.931327e-01 9.299087e-01 
189 5671 0 0 0 1.000694e+00 2.146900e-01 1.387387e+00 4.226400e-02 1.321696e+00 1.529998e+00 1.850808e-02 3.928245e-01 9.311428e-01 
190 5701 0 0 0 1.000164e+00 2.158263e-01 1.387580e+00 4.232788e-02 1.319708e+00 1.531589e+00 1.852222e-02 3.903161e-01 9.315387e-01 
191 5731 0 0 0 9.997737e-01 2.170618e-01 1.388442e+00 4.236808e-02 1.318068e+00 1.530977e+00 1.850465e-02 3.870446e-01 9.321592e-01 
192 5761 0 0 0 9.998117e-01 2.153042e-01 1.387846e+00 4.258632e-02 1.319440e+00 1.529740e+00 1.847014e-02 3.873783e-01 9.311808e-01 
193 5791 0 0 0 9.998405e-01 2.137776e-01 1.386760e+00 4.264750e-02 1.321707e+00 1.529034e+00 1.847051e-02 3.899189e-01 9.302414e-01 
194 5821 0 0 0 1.000331e+00 2.132548e-01 1.386008e+00 4.280918e-02 1.322776e+00 1.527993e+00 1.850797e-02 3.898523e-01 9.301819e-01 
195 5851 0 0 0 9.994787e-01 2.127510e-01 1.385726e+00 4.286418e-02 1.322565e+00 1.528961e+00 1.853305e-02 3.908419e-01 9.296626e-01 
196 5881 0 0 0 9.997020e-01 2.128627e-01 1.386455e+00 4.292433e-02 1.321531e+00 1.528726e+00 1.852697e-02 3.893470e-01 9.298030e-01 
197 5911 0 0 0 1.000348e+00 2.125196e-01 1.386760e+00 4.293398e-02 1.321531e+00 1.527638e+00 1.849589e-02 3.892194e-01 9.303344e-01 
198 5941 0 0 0 1.000077e+00 2.119898e-01 1.386260e+00 4.298745e-02 1.321443e+00 1.527499e+00 1.850034e-02 3.896232e-01 9.305766e-01 
199 5971 0 0 0 9.999993e-01 2.118239e-01 1.385746e+00 4.312761e-02 1.321765e+00 1.526455e+00 1.849742e-02 3.882503e-01 9.301346e-01 
200 6001 0 0 0 1.000827e+00 2.125022e-01 1.385920e+00 4.323081e-02 1.321518e+00 1.526209e+00 1.855567e-02 3.867959e-01 9.306872e-01 
201 6031 0 0 0 1.002099e+00 2.133072e-01 1.386086e+00 4.323279e-02 1.321299e+00 1.526263e+00 1.854288e-02 3.850017e-01 9.314780e-01 
202 6061 0 0 0 1.001969e+00 2.127119e-01 1.386533e+00 4.334955e-02 1.320345e+00 1.525213e+00 1.853827e-02 3.840634e-01 9.317642e-01 
203 6091 0 0 0 1.002257e+00 2.129653e-01 1.386437e+00 4.337258e-02 1.319906e+00 1.525854e+00 1.853296e-02 3.831692e-01 9.319095e-01 
204 6121 0 0 0 1.002631e+00 2.124158e-01 1.385699e+00 4.336801e-02 1.321178e+00 1.526190e+00 1.853914e-02 3.845621e-01 9.314396e-01 
205 6151 0 0 0 1.002486e+00 2.120178e-01 1.385516e+00 4.342579e-02 1.321412e+00 1.525920e+00 1.853138e-02 3.844964e-01 9.309174e-01 
206 6181 0 0 0 1.002329e+00 2.113927e-01 1.385257e+00 4.352099e-02 1.322146e+00 1.524801e+00 1.853496e-02 3.847326e-01 9.301906e-01 
207 6211 0 0 0 1.002213e+00 2.112046e-01 1.385394e+00 4.343899e-02 1.322309e+00 1.526110e+00 1.851896e-02 3.859557e-01 9.298213e-01 
208 6241 0 0 0 1.001992e+00 2.104938e-01 1.385195e+00 4.370515e-02 1.322610e+00 1.524274e+00 1.857702e-02 3.851107e-01 9.294088e-01 
209 6271 0 0 0 1.001865e+00 2.105142e-01 1.385341e+00 4.349684e-02 1.323335e+00 1.524538e+00 1.856840e-02 3.875156e-01 9.292987e-01 
210 6301 0 0 0 1.001545e+00 2.116468e-01 1.385767e+00 4.331150e-02 1.322206e+00 1.525629e+00 1.857798e-02 3.876702e-01 9.301975e-01 
211 6331 0 0 0 1.001912e+00 2.125209e-01 1.386333e+00 4.324643e-02 1.321061e+00 1.525871e+00 1.856620e-02 3.862665e-01 9.311998e-01 
212 6361 0 0 0 1.001152e+00 2.130962e-01 1.386699e+00 4.320945e-02 1.320397e+00 1.525532e+00 1.857577e-02 3.857631e-01 9.313164e-01 
213 6391 0 0 0 1.000963e+00 2.128236e-01 1.386785e+00 4.317882e-02 1.320031e+00 1.526141e+00 1.856830e-02 3.862430e-01 9.311328e-01 
214 6421 0 0 0 1.001411e+00 2.122746e-01 1.386240e+00 4.321063e-02 1.320962e+00 1.526598e+00 1.855067e-02 3.867384e-01 9.305474e-01 
215 6451 0 0 0 1.001532e+00 2.123441e-01 1.386202e+00 4.321655e-02 1.320958e+00 1.526458e+00 1.854021e-02 3.863769e-01 9.307140e-01 
216 6481 0 0 0 1.001123e+00 2.124208e-01 1.385985e+00 4.315800e-02 1.321051e+00 1.527405e+00 1.854826e-02 3.871762e-01 9.304072e-01 
217 6511 0 0 0 1.001430e+00 2.121588e-01 1.386012e+00 4.319814e-02 1.321113e+00 1.527028e+00 1.854273e-02 3.870110e-01 9.305580e-01 
218 6541 0 0 0 1.001551e+00 2.128064e-01 1.386263e+00 4.309406e-02 1.320560e+00 1.528260e+00 1.854565e-02 3.870244e-01 9.309577e-01 
219 6571 0 0 0 1.001302e+00 2.128999e-01 1.386062e+00 4.307962e-02 1.321075e+00 1.528970e+00 1.855697e-02 3.876320e-01 9.305255e-01 
220 6601 0 0 0 1.001617e+00 2.132263e-01 1.386410e+00 4.304019e-02 1.321170e+00 1.529005e+00 1.857697e-02 3.878519e-01 9.306444e-01 
221 6631 0 0 0 1.001426e+00 2.125829e-01 1.386158e+00 4.311204e-02 1.322018e+00 1.528450e+00 1.856147e-02 3.882678e-01 9.299909e-01 
222 6661 0 0 0 1.001820e+00 2.141034e-01 1.386672e+00 4.298454e-02 1.321226e+00 1.529268e+00 1.859614e-02 3.874646e-01 9.308914e-01 
223 6691 0 0 0 1.001204e+00 2.144724e-01 1.386256e+00 4.295936e-02 1.321413e+00 1.530355e+00 1.860936e-02 3.876310e-01 9.303092e-01 
224 6721 0 0 0 1.000780e+00 2.150726e-01 1.386056e+00 4.299155e-02 1.321159e+00 1.530905e+00 1.860543e-02 3.864646e-01 9.303335e-01 
225 6751 0 0 0 1.001154e+00 2.152719e-01 1.385521e+00 4.308225e-02 1.321999e+00 1.530707e+00 1.862043e-02 3.857313e-01 9.301857e-01 
226 6781 0 0 0 1.001100e+00 2.162402e-01 1.385288e+00 4.302349e-02 1.322266e+00 1.532017e+00 1.866526e-02 3.858542e-01 9.300573e-01 
227 6811 0 0 0 1.001222e+00 2.155955e-01 1.385044e+00 4.304213e-02 1.323010e+00 1.532368e+00 1.865338e-02 3.869679e-01 9.297993e-01 
228 6841 0 0 0 1.001055e+00 2.165255e-01 1.385126e+00 4.287875e-02 1.323051e+00 1.534037e+00 1.862760e-02 3.869891e-01 9.292826e-01 
229 6871 0 0 0 1.000625e+00 2.152785e-01 1.384812e+00 4.298895e-02 1.322868e+00 1.533622e+00 1.860956e-02 3.874318e-01 9.289372e-01 
230 6901 0 0 0 1.001365e+00 2.135533e-01 1.384397e+00 4.304976e-02 1.324095e+00 1.531968e+00 1.859954e-02 3.894011e-01 9.287993e-01 
231 6931 0 0 0 1.000808e+00 2.139722e-01 1.384331e+00 4.303202e-02 1.324195e+00 1.533157e+00 1.858500e-02 3.889513e-01 9.280205e-01 
232 6961 0 0 0 1.000536e+00 2.133163e-01 1.384600e+00 4.303258e-02 1.323924e+00 1.532520e+00 1.858090e-02 3.897281e-01 9.279210e-01 
233 6991 0 0 0 1.001219e+00 2.137537e-01 1.384969e+00 4.296939e-02 1.323493e+00 1.532303e+00 1.859056e-02 3.894107e-01 9.286041e-01 
234 7021 0 0 0 1.001928e+00 2.140222e-01 1.384618e+00 4.315909e-02 1.324355e+00 1.532345e+00 1.863459e-02 3.880953e-01 9.284112e-01 
235 7051 0 0 0 1.001952e+00 2.127091e-01 1.384750e+00 4.314739e-02 1.324757e+00 1.530781e+00 1.861263e-02 3.897788e-01 9.283253e-01 
236 7081 0 0 0 1.001339e+00 2.133017e-01 1.385319e+00 4.297361e-02 1.323795e+00 1.531646e+00 1.862358e-02 3.905605e-01 9.285487e-01 
237 7111 0 0 0 1.000946e+00 2.144490e-01 1.385216e+00 4.294479e-02 1.323345e+00 1.532804e+00 1.865288e-02 3.895437e-01 9.284694e-01 
238 7141 0 0 0 1.000622e+00 2.144677e-01 1.384990e+00 4.297394e-02 1.323823e+00 1.533152e+00 1.867170e-02 3.898460e-01 9.279667e-01 
239 7171 0 0 0 1.000425e+00 2.144556e-01 1.384805e+00 4.305107e-02 1.324350e+00 1.532970e+00 1.868685e-02 3.896307e-01 9.276136e-01 
240 7201 0 0 0 1.000202e+00 2.152218e-01 1.384623e+00 4.301990e-02 1.324577e+00 1.533305e+00 1.872362e-02 3.895533e-01 9.276470e-01 
241 7231 0 0 0 1.000457e+00 2.149596e-01 1.384211e+00 4.316329e-02 1.325226e+00 1.532872e+00 1.870327e-02 3.883390e-01 9.272286e-01 
242 7261 0 0 0 1.000270e+00 2.162143e-01 1.384330e+00 4.303914e-02 1.324260e+00 1.535130e+00 1.871059e-02 3.876001e-01 9.273190e-01 
243 7291 0 0 0 1.000636e+00 2.159863e-01 1.384578e+00 4.299834e-02 1.323561e+00 1.534459e+00 1.868395e-02 3.873595e-01 9.279840e-01 
244 7321 0 0 0 1.000327e+00 2.163332e-01 1.385059e+00 4.287775e-02 1.322283e+00 1.535321e+00 1.867800e-02 3.874594e-01 9.282851e-01 
245 7351 0 0 0 9.989737e-01 2.161125e-01 1.384935e+00 4.292418e-02 1.321780e+00 1.536352e+00 1.868462e-02 3.875055e-01 9.274005e-01 
246 7381 0 0 0 9.995736e-01 2.174796e-01 1.384944e+00 4.292466e-02 1.321309e+00 1.536585e+00 1.871507e-02 3.857077e-01 9.284207e-01 
247 7411 0 0 0 9.990273e-01 2.177152e-01 1.384045e+00 4.296827e-02 1.322516e+00 1.538299e+00 1.871281e-02 3.857990e-01 9.274043e-01 
248 7441 0 0 0 9.991788e-01 2.178779e-01 1.383293e+00 4.311768e-02 1.324176e+00 1.538519e+00 1.871893e-02 3.848995e-01 9.264999e-01 
249 7471 0 0 0 9.993807e-01 2.157383e-01 1.383271e+00 4.322384e-02 1.325132e+00 1.537486e+00 1.871205e-02 3.872833e-01 9.259961e-01 
250 7501 0 0 0 1.000294e+00 2.143949e-01 1.384129e+00 4.322504e-02 1.324899e+00 1.534867e+00 1.868387e-02 3.882774e-01 9.270389e-01 
251 7531 0 0 0 1.000657e+00 2.154566e-01 1.384928e+00 4.309862e-02 1.322910e+00 1.535330e+00 1.868982e-02 3.873079e-01 9.287661e-01 
252 7561 0 0 0 1.000857e+00 2.140867e-01 1.384546e+00 4.332342e-02 1.323944e+00 1.534760e+00 1.867957e-02 3.873435e-01 9.279129e-01 
253 7591 0 0 0 1.000110e+00 2.129541e-01 1.384768e+00 4.342424e-02 1.324313e+00 1.532356e+00 1.864310e-02 3.874832e-01 9.273346e-01 
254 7621 0 0 0 9.992900e-01 2.129033e-01 1.384307e+00 4.338698e-02 1.323014e+00 1.532909e+00 1.862658e-02 3.871641e-01 9.275513e-01 
255 7651 0 0 0 1.000244e+00 2.146920e-01 1.384709e+00 4.326264e-02 1.322385e+00 1.532942e+00 1.865445e-02 3.856286e-01 9.288500e-01 
256 7681 0 0 0 1.000189e+00 2.140707e-01 1.384216e+00 4.329741e-02 1.322743e+00 1.533050e+00 1.863005e-02 3.860522e-01 9.284398e-01 
257 7711 0 0 0 1.000156e+00 2.146584e-01 1.384789e+00 4.318326e-02 1.321789e+00 1.533072e+00 1.863883e-02 3.860681e-01 9.292332e-01 
258 7741 0 0 0 9.999465e-01 2.150949e-01 1.384677e+00 4.325505e-02 1.321964e+00 1.533317e+00 1.867903e-02 3.855588e-01 9.293619e-01 
259 7771 0 0 0 9.995299e-01 2.156439e-01 1.385290e+00 4.312038e-02 1.320512e+00 1.534070e+00 1.865159e-02 3.851972e-01 9.297582e-01 
260 7801 0 0 0 9.989747e-01 2.150625e-01 1.385395e+00 4.299210e-02 1.319554e+00 1.534726e+00 1.862709e-02 3.867744e-01 9.299703e-01 
261 7831 0 0 0 9.989368e-01 2.147751e-01 1.385782e+00 4.294279e-02 1.318631e+00 1.533818e+00 1.861250e-02 3.868640e-01 9.305021e-01 
262 7861 0 0 0 9.988920e-01 2.150723e-01 1.386003e+00 4.281165e-02 1.317739e+00 1.534404e+00 1.859389e-02 3.870429e-01 9.307695e-01 
263 7891 0 0 0 9.985865e-01 2.145614e-01 1.385895e+00 4.272789e-02 1.318082e+00 1.533360e+00 1.856889e-02 3.882730e-01 9.307324e-01 
264 7921 0 0 0 9.992262e-01 2.148881e-01 1.386428e+00 4.275786e-02 1.316756e+00 1.533198e+00 1.855452e-02 3.865029e-01 9.316198e-01 
265 7951 0 0 0 9.992134e-01 2.132931e-01 1.385198e+00 4.304759e-02 1.318842e+00 1.532588e+00 1.853170e-02 3.864714e-01 9.299741e-01 
266 7981 0 0 0 9.991344e-01 2.131070e-01 1.384840e+00 4.312250e-02 1.320021e+00 1.532633e+00 1.854426e-02 3.866527e-01 9.290403e-01 
267 8011 0 0 0 9.987742e-01 2.133286e-01 1.383761e+00 4.331851e-02 1.322656e+00 1.532015e+00 1.863117e-02 3.870763e-01 9.280572e-01 
268 8041 0 0 0 9.994783e-01 2.126523e-01 1.384292e+00 4.341754e-02 1.322934e+00 1.531366e+00 1.863210e-02 3.872842e-01 9.285348e-01 
269 8071 0 0 0 1.000228e+00 2.133010e-01 1.383460e+00 4.354754e-02 1.324729e+00 1.533031e+00 1.865512e-02 3.862871e-01 9.276324e-01 
270 8101 0 0 0 9.998167e-01 2.118640e-01 1.383224e+00 4.361325e-02 1.326101e+00 1.530437e+00 1.867515e-02 3.884343e-01 9.272556e-01 
271 8131 0 0 0 9.993952e-01 2.114087e-01 1.382617e+00 4.363173e-02 1.325473e+00 1.532136e+00 1.863712e-02 3.882620e-01 9.268207e-01 
272 8161 0 0 0 9.991141e-01 2.117882e-01 1.382527e+00 4.350193e-02 1.324341e+00 1.533230e+00 1.858670e-02 3.875518e-01 9.266514e-01 
273 8191 0 0 0 9.993641e-01 2.118347e-01 1.381613e+00 4.372857e-02 1.326409e+00 1.533056e+00 1.864685e-02 3.872473e-01 9.261667e-01 
274 8221 0 0 0 9.997098e-01 2.116355e-01 1.380951e+00 4.378509e-02 1.327543e+00 1.533307e+00 1.865923e-02 3.877148e-01 9.259367e-01 
275 8251 0 0 0 9.989275e-01 2.111521e-01 1.380343e+00 4.388391e-02 1.327695e+00 1.533939e+00 1.864797e-02 3.875497e-01 9.252244e-01 
276 8281 0 0 0 9.990190e-01 2.113020e-01 1.379758e+00 4.398072e-02 1.328533e+00 1.533924e+00 1.865524e-02 3.868794e-01 9.251216e-01 
277 8311 0 0 0 1.000368e+00 2.124213e-01 1.380682e+00 4.383012e-02 1.326964e+00 1.535418e+00 1.863134e-02 3.855473e-01 9.262902e-01 
278 8341 0 0 0 9.996197e-01 2.128339e-01 1.382164e+00 4.343808e-02 1.324257e+00 1.535703e+00 1.859080e-02 3.871742e-01 9.275577e-01 
279 8371 0 0 0 9.991452e-01 2.139777e-01 1.382237e+00 4.327690e-02 1.323473e+00 1.537274e+00 1.861378e-02 3.871625e-01 9.274388e-01 
280 8401 0 0 0 9.994333e-01 2.142117e-01 1.382159e+00 4.347096e-02 1.324828e+00 1.536168e+00 1.864979e-02 3.857116e-01 9.265642e-01 
281 8431 0 0 0 9.990271e-01 2.134316e-01 1.381642e+00 4.336086e-02 1.325491e+00 1.534821e+00 1.861546e-02 3.876476e-01 9.264840e-01 
282 8461 0 0 0 9.999545e-01 2.151823e-01 1.381384e+00 4.339970e-02 1.326167e+00 1.537207e+00 1.864530e-02 3.857369e-01 9.265160e-01 
283 8491 0 0 0 9.995583e-01 2.140323e-01 1.381775e+00 4.317371e-02 1.324915e+00 1.537945e+00 1.857657e-02 3.881425e-01 9.266317e-01 
284 8521 0 0 0 9.996237e-01 2.134147e-01 1.382171e+00 4.300452e-02 1.323513e+00 1.537584e+00 1.852344e-02 3.890544e-01 9.271692e-01 
285 8551 0 0 0 9.993341e-01 2.154766e-01 1.383393e+00 4.293823e-02 1.321024e+00 1.536827e+00 1.852405e-02 3.853464e-01 9.282760e-01 
286 8581 0 0 0 9.988280e-01 2.147959e-01 1.383333e+00 4.301165e-02 1.321641e+00 1.535229e+00 1.850490e-02 3.854910e-01 9.277384e-01 
287 8611 0 0 0 9.992625e-01 2.141813e-01 1.382245e+00 4.341930e-02 1.324228e+00 1.534562e+00 1.852334e-02 3.836813e-01 9.262884e-01 
288 8641 0 0 0 9.990386e-01 2.138404e-01 1.382373e+00 4.325944e-02 1.323758e+00 1.534984e+00 1.852675e-02 3.859126e-01 9.270844e-01 
289 8671 0 0 0 9.983940e-01 2.143235e-01 1.382681e+00 4.291003e-02 1.322205e+00 1.536872e+00 1.853999e-02 3.884738e-01 9.277132e-01 
290 8701 0 0 0 9.974701e-01 2.154322e-01 1.382916e+00 4.282265e-02 1.320977e+00 1.537352e+00 1.857221e-02 3.878085e-01 9.279496e-01 
291 8731 0 0 0 9.984424e-01 2.156800e-01 1.383094e+00 4.283662e-02 1.321405e+00 1.538021e+00 1.857006e-02 3.873421e-01 9.279244e-01 
292 8761 0 0 0 9.980070e-01 2.161576e-01 1.384364e+00 4.274882e-02 1.319702e+00 1.537326e+00 1.857048e-02 3.867607e-01 9.286408e-01 
293 8791 0 0 0 9.978273e-01 2.156645e-01 1.384908e+00 4.263789e-02 1.318511e+00 1.537622e+00 1.852882e-02 3.875438e-01 9.291197e-01 
294 8821 0 0 0 9.982425e-01 2.154216e-01 1.384435e+00 4.283073e-02 1.319842e+00 1.537336e+00 1.854373e-02 3.868648e-01 9.288318e-01 
295 8851 0 0 0 9.985132e-01 2.164873e-01 1.384520e+00 4.273414e-02 1.319292e+00 1.538605e+00 1.854137e-02 3.860925e-01 9.291986e-01 
296 8881 0 0 0 9.988119e-01 2.169021e-01 1.385003e+00 4.276798e-02 1.318320e+00 1.538415e+00 1.852232e-02 3.842344e-01 9.295355e-01 
297 8911 0 0 0 9.983003e-01 2.176256e-01 1.385463e+00 4.259658e-02 1.316621e+00 1.539079e+00 1.850438e-02 3.839103e-01 9.301465e-01 
298 8941 0 0 0 9.980331e-01 2.176745e-01 1.385502e+00 4.250625e-02 1.316485e+00 1.539173e+00 1.850078e-02 3.847222e-01 9.303457e-01 
299 8971 0 0 0 9.985021e-01 2.173673e-01 1.385640e+00 4.241066e-02 1.316325e+00 1.539511e+00 1.847164e-02 3.856220e-01 9.306592e-01 
300 9001 0 0 0 9.979755e-01 2.173231e-01 1.385541e+00 4.234608e-02 1.316442e+00 1.539917e+00 1.847276e-02 3.867469e-01 9.308065e-01 
301 9031 0 0 0 9.976824e-01 2.166180e-01 1.385259e+00 4.254140e-02 1.317046e+00 1.538922e+00 1.846281e-02 3.859425e-01 9.301785e-01 
302 9061 0 0 0 9.980092e-01 2.168267e-01 1.385340e+00 4.244129e-02 1.316644e+00 1.539239e+00 1.844692e-02 3.859465e-01 9.302074e-01 
303 9091 0 0 0 9.981986e-01 2.173981e-01 1.385299e+00 4.245369e-02 1.316618e+00 1.540035e+00 1.848306e-02 3.856551e-01 9.304879e-01 
304 9121 0 0 0 9.976811e-01 2.176467e-01 1.385531e+00 4.237147e-02 1.315478e+00 1.540225e+00 1.849464e-02 3.858732e-01 9.308848e-01 
305 9151 0 0 0 9.985439e-01 2.180377e-01 1.385829e+00 4.236077e-02 1.315367e+00 1.540853e+00 1.850340e-02 3.855195e-01 9.315768e-01 
306 9181 0 0 0 9.986007e-01 2.175498e-01 1.386343e+00 4.225930e-02 1.314037e+00 1.540044e+00 1.847113e-02 3.858729e-01 9.321787e-01 
307 9211 0 0 0 9.989766e-01 2.180435e-01 1.386505e+00 4.218773e-02 1.313811e+00 1.540581e+00 1.847387e-02 3.857763e-01 9.326038e-01 
308 9241 0 0 0 9.991810e-01 2.180885e-01 1.386687e+00 4.208444e-02 1.313270e+00 1.541206e+00 1.846444e-02 3.864392e-01 9.331377e-01 
309 9271 0 0 0 9.990535e-01 2.184817e-01 1.387118e+00 4.199590e-02 1.312635e+00 1.541224e+00 1.848205e-02 3.868497e-01 9.337611e-01 
310 9301 0 0 0 9.994637e-01 2.185626e-01 1.386935e+00 4.205232e-02 1.313265e+00 1.541414e+00 1.851113e-02 3.869340e-01 9.338577e-01 
311 9331 0 0 0 9.991061e-01 2.180073e-01 1.386487e+00 4.209396e-02 1.313327e+00 1.541369e+00 1.851672e-02 3.875655e-01 9.337138e-01 
312 9361 0 0 0 9.987137e-01 2.174664e-01 1.386031e+00 4.220542e-02 1.314034e+00 1.541012e+00 1.851275e-02 3.874677e-01 9.328214e-01 
313 9391 0 0 0 9.985118e-01 2.177325e-01 1.386166e+00 4.220042e-02 1.314216e+00 1.540660e+00 1.853203e-02 3.875650e-01 9.328908e-01 
314 9421 0 0 0 9.982874e-01 2.174845e-01 1.386151e+00 4.211627e-02 1.313770e+00 1.540532e+00 1.852127e-02 3.884281e-01 9.332366e-01 
315 9451 0 0 0 9.979370e-01 2.168374e-01 1.385843e+00 4.210145e-02 1.313766e+00 1.540361e+00 1.852943e-02 3.897155e-01 9.332189e-01 
316 9481 0 0 0 9.980101e-01 2.166161e-01 1.385740e+00 4.222879e-02 1.314148e+00 1.539649e+00 1.853889e-02 3.888945e-01 9.327575e-01 
317 9511 0 0 0 9.981846e-01 2.167741e-01 1.385323e+00 4.225989e-02 1.315105e+00 1.539688e+00 1.854032e-02 3.887507e-01 9.322783e-01 
318 9541 0 0 0 9.983224e-01 2.168385e-01 1.384950e+00 4.234221e-02 1.316080e+00 1.539571e+00 1.856052e-02 3.886829e-01 9.321269e-01 
319 9571 0 0 0 9.979201e-01 2.168190e-01 1.385358e+00 4.217174e-02 1.314840e+00 1.540018e+00 1.858610e-02 3.904508e-01 9.329697e-01 
320 9601 0 0 0 9.980455e-01 2.173606e-01 1.385673e+00 4.214584e-02 1.314221e+00 1.540396e+00 1.859801e-02 3.898628e-01 9.334321e-01 
321 9631 0 0 0 9.984912e-01 2.173216e-01 1.385877e+00 4.219219e-02 1.314324e+00 1.540163e+00 1.858687e-02 3.890959e-01 9.332067e-01 
322 9661 0 0 0 9.981786e-01 2.164725e-01 1.385786e+00 4.225550e-02 1.314402e+00 1.539026e+00 1.859425e-02 3.897894e-01 9.331133e-01 
323 9691 0 0 0 9.977534e-01 2.168404e-01 1.385782e+00 4.216287e-02 1.314441e+00 1.539160e+00 1.861704e-02 3.906423e-01 9.330854e-01 
324 9721 0 0 0 9.977011e-01 2.166885e-01 1.386247e+00 4.208958e-02 1.313713e+00 1.538855e+00 1.858981e-02 3.907702e-01 9.333283e-01 
325 9751 0 0 0 9.976290e-01 2.171396e-01 1.386463e+00 4.208994e-02 1.313510e+00 1.538366e+00 1.859469e-02 3.899268e-01 9.333111e-01 
326 9781 0 0 0 9.975065e-01 2.174958e-01 1.387231e+00 4.195537e-02 1.312135e+00 1.538635e+00 1.859071e-02 3.900449e-01 9.338423e-01 
327 9811 0 0 0 9.975558e-01 2.177984e-01 1.387220e+00 4.200313e-02 1.312108e+00 1.539006e+00 1.860257e-02 3.893082e-01 9.336374e-01 
328 9841 0 0 0 9.975964e-01 2.179058e-01 1.387471e+00 4.192448e-02 1.311822e+00 1.539281e+00 1.859549e-02 3.897040e-01 9.337822e-01 
329 9871 0 0 0 9.974007e-01 2.183953e-01 1.387553e+00 4.193364e-02 1.311929e+00 1.539137e+00 1.859838e-02 3.888122e-01 9.332467e-01 
330 9901 0 0 0 9.967089e-01 2.179646e-01 1.387397e+00 4.194016e-02 1.311920e+00 1.539106e+00 1.863199e-02 3.901214e-01 9.331651e-01 
331 9931 0 0 0 9.975027e-01 2.179041e-01 1.386726e+00 4.214176e-02 1.313388e+00 1.538985e+00 1.862488e-02 3.884030e-01 9.321435e-01 
332 9961 0 0 0 9.976063e-01 2.184905e-01 1.386511e+00 4.219949e-02 1.314357e+00 1.539095e+00 1.865200e-02 3.876535e-01 9.313790e-01 
333 9991 0 0 0 9.972646e-01 2.178411e-01 1.386550e+00 4.224399e-02 1.314631e+00 1.538217e+00 1.865690e-02 3.883577e-01 9.311552e-01 
334 10021 0 0 0 9.971010e-01 2.170015e-01 1.386788e+00 4.216577e-02 1.314477e+00 1.537756e+00 1.862498e-02 3.900089e-01 9.315874e-01 
335 10051 0 0 0 9.967204e-01 2.175003e-01 1.386984e+00 4.212128e-02 1.314126e+00 1.538298e+00 1.864703e-02 3.899307e-01 9.312983e-01 
336 10081 0 0 0 9.965698e-01 2.164696e-01 1.386478e+00 4.224581e-02 1.314836e+00 1.538088e+00 1.862496e-02 3.904412e-01 9.310627e-01 
337 10111 0 0 0 9.972778e-01 2.165479e-01 1.386020e+00 4.231034e-02 1.315589e+00 1.538716e+00 1.861689e-02 3.898590e-01 9.309338e-01 
338 10141 0 0 0 9.970992e-01 2.161280e-01 1.386445e+00 4.224026e-02 1.315514e+00 1.537574e+00 1.861420e-02 3.911763e-01 9.314564e-01 
339 10171 0 0 0 9.969255e-01 2.173255e-01 1.386530e+00 4.214128e-02 1.315022e+00 1.538830e+00 1.863207e-02 3.905572e-01 9.314778e-01 
340 10201 0 0 0 9.973353e-01 2.166037e-01 1.386116e+00 4.214398e-02 1.315597e+00 1.538896e+00 1.861340e-02 3.917329e-01 9.319284e-01 
341 10231 0 0 0 9.965136e-01 2.169142e-01 1.386449e+00 4.204366e-02 1.314243e+00 1.539431e+00 1.863789e-02 3.922146e-01 9.322000e-01 
342 10261 0 0 0 9.967969e-01 2.174414e-01 1.386929e+00 4.199389e-02 1.313141e+00 1.540054e+00 1.865094e-02 3.916800e-01 9.329298e-01 
343 10291 0 0 0 9.977718e-01 2.171699e-01 1.388050e+00 4.193003e-02 1.312090e+00 1.538447e+00 1.860614e-02 3.912500e-01 9.343084e-01 
344 10321 0 0 0 9.975518e-01 2.166308e-01 1.388094e+00 4.186436e-02 1.311942e+00 1.537751e+00 1.861983e-02 3.929484e-01 9.349164e-01 
345 10351 0 0 0 9.971446e-01 2.153841e-01 1.387664e+00 4.202798e-02 1.312974e+00 1.536555e+00 1.861828e-02 3.934874e-01 9.339600e-01 
346 10381 0 0 0 9.975373e-01 2.150103e-01 1.388419e+00 4.202342e-02 1.312451e+00 1.535509e+00 1.860821e-02 3.936599e-01 9.347554e-01 
347 10411 0 0 0 9.974015e-01 2.146094e-01 1.387981e+00 4.215253e-02 1.313706e+00 1.534793e+00 1.863086e-02 3.939282e-01 9.342267e-01 
348 10441 0 0 0 9.978734e-01 2.149906e-01 1.388164e+00 4.211029e-02 1.313236e+00 1.534754e+00 1.862519e-02 3.934017e-01 9.349199e-01 
349 10471 0 0 0 9.974201e-01 2.149513e-01 1.388128e+00 4.208901e-02 1.312573e+00 1.535614e+00 1.863857e-02 3.937828e-01 9.350057e-01 
350 10501 0 0 0 9.974906e-01 2.140927e-01 1.387404e+00 4.221059e-02 1.314049e+00 1.535297e+00 1.862388e-02 3.942976e-01 9.342941e-01 
351 10531 0 0 0 9.980634e-01 2.134888e-01 1.387402e+00 4.229134e-02 1.315108e+00 1.533977e+00 1.862479e-02 3.947297e-01 9.343714e-01 
352 10561 0 0 0 9.976031e-01 2.134554e-01 1.387756e+00 4.219959e-02 1.313956e+00 1.534165e+00 1.862982e-02 3.954884e-01 9.351253e-01 
353 10591 0 0 0 9.976341e-01 2.132939e-01 1.387855e+00 4.220938e-02 1.313935e+00 1.534099e+00 1.862264e-02 3.954625e-01 9.349838e-01 
354 10621 0 0 0 9.976087e-01 2.133460e-01 1.387990e+00 4.221409e-02 1.313888e+00 1.534122e+00 1.863126e-02 3.954518e-01 9.349289e-01 
355 10651 0 0 0 9.980071e-01 2.127409e-01 1.387873e+00 4.228730e-02 1.314570e+00 1.533118e+00 1.862512e-02 3.957220e-01 9.350536e-01 
356 10681 0 0 0 9.983854e-01 2.125819e-01 1.387315e+00 4.238113e-02 1.315808e+00 1.533001e+00 1.862394e-02 3.954048e-01 9.344081e-01 
357 10711 0 0 0 9.983005e-01 2.118703e-01 1.387367e+00 4.235303e-02 1.315367e+00 1.532824e+00 1.862302e-02 3.966080e-01 9.348799e-01 
358 10741 0 0 0 9.983219e-01 2.119285e-01 1.387417e+00 4.224462e-02 1.314390e+00 1.533758e+00 1.860884e-02 3.971779e-01 9.357690e-01 
359 10771 0 0 0 9.982393e-01 2.120732e-01 1.387224e+00 4.235617e-02 1.315097e+00 1.533494e+00 1.862301e-02 3.963320e-01 9.351526e-01 
360 10801 0 0 0 9.988839e-01 2.117897e-01 1.386878e+00 4.241574e-02 1.316056e+00 1.533126e+00 1.860281e-02 3.961126e-01 9.349768e-01 
